output/max_water_depth.asc
ncols 223
nrows 158
xllcorner 0.0
yllcorner 0.0
cellsize 30.0
[rows 34 to 50 of 158, columns 111 to 147 of 223]
6.440334502981082815e-03 6.672112553946741784e-03 3.788548676362447909e-03 3.660032153635800825e-03 5.966251219484442446e-03 1.199213528940726650e-02 4.909535395125998354e-03 4.704828813862157663e-03 2.808204248154559657e-02 2.177806140401437884e-02 1.610413572064638144e-02 1.331056410775412029e-02 1.344801350790797261e-02 1.703442323162883756e-02 1.530790221752417225e-02 5.888926850847671889e-03 8.494899237151486149e-03 9.534295908755241120e-03 9.842173717637282132e-03 9.905327765894554604e-03 9.913527401962284741e-03 9.914136842447561840e-03 9.914162532671556838e-03 9.914162558228354835e-03 9.914162558410252735e-03 9.624839733108759079e-03 9.750475023505287761e-03 9.870134045953393026e-03 9.926845815052823957e-03 3.243970623387404384e-02 5.629933725626727614e-02 9.436501484577421162e-02 4.467228098926800256e-02 1.067237636667410852e-02 9.914162609523855668e-03 9.914162609523855668e-03 9.914162609569329709e-03
3.772700298810272891e-03 6.822276543511786306e-03 6.835042561301331310e-03 6.725545513376952368e-03 3.788564676284190882e-03 3.660032153635800825e-03 5.982261886179807489e-03 5.099242147218757508e-03 3.660432153680265917e-03 1.173685613321304687e-02 1.435045869718777276e-02 1.346608657161917424e-02 1.359006750535137094e-02 1.481544478504795773e-02 1.515024076123257235e-02 8.911927234779369600e-03 9.307674645363962079e-03 9.735682009371457446e-03 9.882749336278294841e-03 9.911020965485961565e-03 9.914008033077638046e-03 9.914162430262451337e-03 9.914162609569331444e-03 9.914162609569329709e-03 9.914162609523855668e-03 9.856788067403187206e-03 9.883712261929333484e-03 9.907961667416684270e-03 9.913647653396338161e-03 6.099226906210847288e-02 8.790532546145110593e-02 5.616088321396268956e-02 2.661678510124845451e-02 1.115378347882634534e-02 9.914162609523855668e-03 9.914162609523855668e-03 9.914162609523855668e-03
7.229033476536216030e-03 8.289046558760247707e-03 8.798324183711458968e-03 8.796778843164732367e-03 7.236410818885599498e-03 6.731962580028873211e-03 7.747455838701655315e-03 7.804789071936766784e-03 6.957449605609810662e-03 8.584309600913485674e-03 2.036463469206918966e-02 3.304652392676403483e-02 3.511292783247014354e-02 4.895417560339779262e-02 4.691999290765196118e-02 2.704960035792603953e-02 1.525676429644414432e-02 1.236377939402351703e-02 9.917932871243038614e-03 9.914486750479711494e-03 9.914187915759186884e-03 8.179390935742791857e-02 1.602436013758773981e-01 2.000137724678848206e-01 2.179373046631988553e-01 2.286115087236291199e-01 2.339065025320637703e-01 2.366451257693567012e-01 2.399735850507002943e-01 1.873710546229783447e-01 1.695078917893855786e-01 1.106209104317070202e-01 5.894142044738343023e-02 2.432182891802051397e-02 9.914162609523857403e-03 9.914162609523855668e-03 9.914162609523855668e-03
9.627551964216100877e-03 1.377549355064286787e-02 6.658454377777101550e-03 8.655266388480898493e-03 8.937054173596636897e-03 8.855969198915347729e-03 9.295188814515797926e-03 9.359779952531911348e-03 9.051022449087696431e-03 9.488273057771523869e-03 3.972527807248781712e-03 3.660032153635800825e-03 5.535501472367670116e-03 3.660432153680265917e-03 8.823764539729920045e-03 1.780316200068548724e-02 1.699716277819977514e-02 2.373492770970630772e-01 2.384083459403561756e-01 2.391660279632071007e-01 2.389836010865871718e-01 1.588382613765910722e-01 7.937557897177788258e-02 3.989003129613130638e-02 2.266648905275344197e-02 2.015356452484454511e-02 1.258259130462397943e-02 9.913797749853556218e-03 9.913528616865308410e-03 1.099459519776991995e-01 2.790888316844564732e-01 3.889451964452729782e-01 3.017388651058506288e-01 2.449988328901836210e-01 9.914162609614803751e-03 9.914162609523857403e-03 9.914162609523855668e-03
2.900118056419363419e-02 1.778761059752790794e-02 1.162857763987807866e-02 9.376716118125417651e-03 9.615015657103442165e-03 9.684291703100400203e-03 9.808472610378459952e-03 9.818499535079837706e-03 9.745521418275105568e-03 9.837036317033864830e-03 7.748111656959310103e-03 6.731981780098673755e-03 7.421452825959506776e-03 6.853607718216759778e-03 7.543745023698222342e-03 1.200493308294837413e-01 3.094291826375095145e-01 2.365244976730452031e-01 3.911067740420819117e-03 6.312211009748958448e-03 7.222689146040950185e-03 8.871328361040951849e-03 9.652970944792772096e-03 9.872662840219646394e-03 9.781281591889212298e-03 9.770786487828019354e-03 9.860944296254760266e-03 9.905477356354396717e-03 9.905841814528261111e-03 9.910969994992711862e-03 9.913749975415640098e-03 9.913414547494114881e-03 2.173991476332813033e-01 5.329589068836112498e-01 4.594107181473883195e-01 9.961061930137956461e-03 9.914162609523855668e-03
1.626182128867045273e-01 1.784512692416757862e-01 1.237829490997671006e-01 6.302173219733316067e-02 3.165232151263370347e-02 2.005496617620338221e-02 1.095604970997916816e-02 9.904264365953650492e-03 9.892670522579950776e-03 9.906615034773068665e-03 9.292782731366544882e-03 8.923260437162327738e-03 1.185847388355326937e-01 2.367964293381865926e-01 2.368949779239850895e-01 1.183475308223555650e-01 1.182593091984623507e-01 8.856723139191245708e-03 7.450892206937651668e-03 4.673029707255942598e-03 5.214230089569725154e-03 8.199129465022936269e-03 9.472906753429499033e-03 9.833560125738159338e-03 9.283460105219574696e-03 9.162242597024972124e-03 9.583810725265293901e-03 9.838482341850552162e-03 9.846868167991061974e-03 9.881685164813035910e-03 9.906901587586190716e-03 9.903862133372541565e-03 9.852210068114373651e-03 9.591303612599888159e-03 4.037431981743256904e-01 2.744748313535949613e-01 1.371602338163537826e-01
9.888448442446616873e-03 9.888419468128205325e-03 6.319614510910781524e-02 1.252377617793122011e-01 1.566216780969965361e-01 1.739251828847543924e-01 9.105411532474165515e-02 9.229125724182626889e-02 1.415506083334717724e-01 1.711115677419417225e-01 1.911065182878014801e-01 2.368615141684610459e-01 1.184469874434053299e-01 1.181718974322205767e-01 6.594480194402267507e-03 1.288261013431404693e-02 7.346350529618150306e-03 7.894502062693873820e-03 8.298441061409072422e-03 3.660432153680265917e-03 7.215575765379555855e-03 9.117118647130639450e-03 9.752791959939289754e-03 9.891462983826870836e-03 7.735234755849462567e-03 7.334574423324313058e-03 8.752402547937463903e-03 9.588082276180586588e-03 9.558306415541239359e-03 9.721410600680911035e-03 9.852601506584988261e-03 9.830351559988714447e-03 9.578551198895668417e-03 8.676826041058604763e-03 9.208897674610425424e-03 1.849460281427016961e-01 3.211985110773208918e-01
9.704779962188268480e-03 9.700425880085759844e-03 9.755243014873061363e-03 9.732156719595451422e-03 9.706884464534170504e-03 9.700578664554570726e-03 9.045752731178810513e-02 9.211165899219349307e-02 4.836202000689315827e-02 2.877088908147338447e-02 2.240216770390682580e-02 6.941783517133959247e-02 9.874263301784166544e-03 9.625862339665702469e-03 8.720696835765495009e-03 7.065056211553988851e-03 4.657082646161448888e-03 5.203671271879724454e-03 1.181434838701615753e-02 6.332556652039693541e-03 8.699952823675206545e-03 9.579251082626371455e-03 9.829671823384643348e-03 9.880629236643954580e-03 4.170858587151174413e-03 4.708211771430201309e-03 7.782856694969753075e-03 9.216578514527585045e-03 8.629085306923600998e-03 9.187656577190440182e-03 9.608423051152869751e-03 9.464564000639741695e-03 8.599900963675766521e-03 6.252919748612935542e-03 8.248545007275910265e-03 8.966460903533091109e-03 9.197102193532855074e-03
8.860367229984631235e-03 8.815546876424860262e-03 9.042428913411216379e-03 8.961625841705908938e-03 8.853105934334535090e-03 8.813304560165789725e-03 8.806998401572427998e-03 8.809031608628658042e-03 9.513957979046182636e-03 1.444605272898687176e-02 2.050960917143448969e-02 4.833953419763188653e-02 9.736939091302278249e-03 9.082765979868356182e-03 7.535417395805353753e-03 6.282200963773599059e-03 3.660032153635800825e-03 6.689531991919163423e-03 6.822310365436957437e-03 8.422216391439661665e-03 9.346192570350039461e-03 9.635972240024359356e-03 9.693317076047180611e-03 9.699751519959620011e-03 1.314765483150695004e-02 6.944914933597243732e-03 9.869495773030876121e-03 9.246409347709715759e-03 6.308386765407511705e-03 8.139121448615270829e-03 8.901128997134520257e-03 8.222523248226509471e-03 5.977158885200984338e-03 1.138593278434833246e-02 8.083955647202932179e-03 7.480465279908033761e-03 7.515699814606279817e-03
6.722356180120793792e-03 6.712736980075230571e-03 7.128283784818146250e-03 6.825455474877041573e-03 6.722330580118675639e-03 6.712736980075230571e-03 6.712724180119646403e-03 6.712724180119646403e-03 1.548668373541771566e-02 2.246013907655063438e-02 2.628906292314334842e-02 2.992903676707422272e-02 9.377694940516021621e-03 7.964170700264304459e-03 6.261646316847569067e-03 5.048302536807635840e-03 3.663212885781435939e-03 6.419063821062687483e-03 3.772729238931683306e-03 7.376157407755756616e-03 8.469665112200831444e-03 8.736383450862859543e-03 8.801445543607342922e-03 8.812221658930440016e-03 1.402054344488651988e-02 2.262483829889938222e-02 1.309748924886098599e-02 8.159907651716065760e-03 1.053266284736844097e-02 7.347200543117778961e-03 7.181797866037110262e-03 5.284990898753875836e-03 9.486246530310856254e-03 5.936991624116397422e-03 3.660432153771215301e-03 4.788282449179255031e-03 4.913755154340858355e-03
3.660032153635800825e-03 3.660032153635800825e-03 4.656955416856668924e-03 3.660432153680265917e-03 3.660032153635800825e-03 3.660032153635800825e-03 3.660032153635800825e-03 3.660032153635800825e-03 3.081578559686231483e-02 2.910783249356748911e-02 3.070711423031105905e-02 9.343510026004454849e-03 9.044235848917680370e-03 6.954838880085181460e-03 3.660032153635800825e-03 6.276033281660298689e-03 7.677369732035393100e-03 5.349173674510884248e-03 1.303295725623037499e-02 8.753436037397539782e-03 6.902664120293175790e-03 6.719144446828673699e-03 6.712730580142912962e-03 6.712724180119646403e-03 6.712724180119646403e-03 6.712724180119646403e-03 6.712724180119646403e-03 3.788564676284190448e-03 3.660032153726750642e-03 3.660032153726750642e-03 4.656955416785081223e-03 4.880325989113005504e-03 3.660432153771215301e-03 4.692078376770630020e-03 6.261250965230524303e-03 7.695086731361264372e-03 5.267624701240823486e-03
6.654776779573391352e-03 6.709522046726003157e-03 5.206813843204699012e-03 6.351929155966596491e-03 6.661158532546929655e-03 6.709528446749269716e-03 2.519471952121287925e-02 8.932546811806590936e-02 6.247931833345082842e-02 2.842827918434487691e-02 7.521552515694142696e-03 8.267696705782810393e-03 9.317579875126769107e-03 9.023143813624326728e-03 3.659632153591336166e-03 4.894022652363392081e-03 7.099969505648139924e-03 5.274407609130876001e-03 3.660432153680265917e-03 3.660032153635800825e-03 3.660032153635800825e-03 3.660032153635800825e-03 3.660032153635800825e-03 3.660032153635800825e-03 3.660032153635800825e-03 3.660032153635800825e-03 3.660032153635800825e-03 5.966219219459056866e-03 6.603211132318998963e-03 6.706326313355627337e-03 5.206810643103345834e-03 1.174917009623428418e-02 1.893101885376341498e-02 2.117510958487513889e-02 3.254297676899940012e-02 1.730883149814638547e-02 1.125428579408705929e-02
8.566632654704819244e-03 8.720968533756178961e-03 8.128516590235024611e-03 1.891968983832403861e-02 4.546474793749821774e-02 5.989338467438946878e-02 5.878377834629858190e-02 6.694092952448679745e-02 8.486910167479010114e-03 7.137921339831034169e-03 4.688907419470374205e-03 5.221543973085280253e-03 8.105455257676596331e-03 1.602486085821184375e-02 3.265317604921531489e-03 8.494845284184654108e-03 6.002106075682496836e-03 7.176961059607066609e-03 6.790233959686398611e-03 6.719157467791471265e-03 6.712733780109072200e-03 6.712724180119646403e-03 6.712724180119646403e-03 6.712724180119646403e-03 6.712724180119646403e-03 6.712724180119646403e-03 6.712724180119646403e-03 1.324632275158816284e-02 1.005832185545253547e-02 9.155351381271914155e-03 8.204080259641642267e-03 2.809019384207727885e-02 1.762475431810673829e-02 2.705433139195635717e-02 1.621112140919650155e-02 3.706033339915740243e-02 3.620830526001835720e-02
4.737841844349578030e-02 5.907688777454468687e-02 6.550368303744774634e-02 5.272773333313641314e-02 2.732528999871058559e-02 1.564733437865791638e-02 3.388235361392938350e-02 1.399184825633971105e-02 6.945917750393648497e-03 6.790308038211756783e-03 3.959504938762310917e-03 7.606508691545543592e-03 8.639462751155889755e-03 8.104853746620876639e-03 5.281891416826326423e-03 4.861904471033269906e-03 1.194961087799541362e-02 2.509060321709575062e-02 2.457037564341670033e-02 1.316153920806995524e-02 9.396948582556009094e-03 8.910999879056845721e-03 2.350822446935375495e-02 3.936776779611309701e-02 3.549253760265332069e-02 5.046826635841632214e-02 5.724424855458824790e-02 4.059978699035519251e-02 5.224565246238432881e-02 5.928455076634441684e-02 6.372137774705910473e-02 3.031297057638638465e-02 2.526224164200432595e-02 1.496617493239027485e-02 1.612671990578865358e-02 1.120344651081627008e-02 1.128665289541229411e-02
2.307876098347000013e-02 1.435803718171294041e-02 1.074073963039475638e-02 1.114557560961978479e-02 9.552593419478882034e-03 9.577434833803209757e-03 9.794871806965175370e-03 2.558661773177273863e-02 4.230090930288483986e-03 6.489324086118963830e-03 8.643144597257134548e-03 9.289774350994350546e-03 7.585339972987215074e-03 5.221539830613212627e-03 6.796090005840171519e-03 5.220063042387099519e-03 1.233649838378598866e-02 1.089340822275838491e-02 2.213822472637412553e-02 4.133712049849190551e-02 2.340432802849751887e-02 2.998538491298588168e-02 1.771266108827989835e-02 1.640823334019718069e-02 2.780352530330439803e-02 1.720158968826477827e-02 1.122872832138636923e-02 2.087156584867371281e-02 1.421543810127653268e-02 1.122311193415365116e-02 7.649596833630595803e-03 1.112369263247450432e-02 1.312175185660871893e-02 1.209271969135197917e-02 6.096768117408630366e-03 4.102484713486651696e-03 6.762449457125445373e-03
1.014523271754435955e-02 1.031033604579855226e-02 9.510421184071249368e-03 1.205257160748581489e-02 8.295861196560084042e-03 8.748566910738674735e-03 9.405076981177927162e-03 1.440670075440276220e-02 1.011424558801639687e-02 6.264908737684302120e-03 8.589175948903659749e-03 8.458323441967452450e-03 3.882283302109063722e-03 4.688891419457681849e-03 1.210766365906553246e-02 9.278598229169375197e-03 7.323906538440356356e-03 1.112083941349743636e-02 1.017704908393491856e-02 9.830130493568079927e-03 3.564369695966508600e-02 3.460575855995821903e-02 2.991916204507332963e-02 1.566854589537555742e-02 1.008067170162897305e-02 9.765402077604021583e-03 9.708569021889644837e-03 9.822065081546982324e-03 9.895156827936745642e-03 9.912532441452213267e-03 4.448107956831650993e-03 3.660032153726750642e-03 3.660032153726750642e-03 9.609384395758082884e-03 7.513415354506136970e-03 6.732911591729740138e-03 3.970938170859464322e-02
1.059257489226505047e-02 1.084601578771392585e-02 7.988947333827609368e-03 1.535670593323951345e-02 3.804527342941477989e-03 7.341361472420914261e-03 8.570377307599784736e-03 8.781459954055690492e-03 8.804886989249582907e-03 9.278361045229331291e-03 9.357184876474576238e-03 6.532981056396242915e-03 6.532579522349502357e-03 1.933609671807292110e-02 1.687018550299099542e-02 3.056144510570848669e-02 2.750186927879301468e-02 1.497611104384250283e-02 1.011000044639652658e-02 9.632322497630895278e-03 9.662174185026316253e-03 9.749259189842207629e-03 7.710044192966536078e-03 8.176572913119826286e-03 8.587185105383041486e-03 8.760482096689456780e-03 8.800694602844969655e-03 9.370284391874091762e-03 9.759115753407543448e-03 9.888376067268410397e-03 2.155385987604672635e-02 2.900762629992715072e-02 3.595340662211948812e-02 3.323799684014201034e-02 4.644144919166879465e-02 6.491393755169649893e-02 7.170576244356850759e-02
