output/max_water_depth.asc
ncols 223
nrows 158
xllcorner 0.0
yllcorner 0.0
cellsize 30.0
[rows 68 to 84 of 158, columns 37 to 73 of 223]
4.807583058818111661e-03 7.014838391655454398e-03 8.408771016396286019e-03 9.158927722304300439e-03 9.264660450147432433e-03 9.497516179211316911e-03 9.645703164945671967e-03 8.752708070127056608e-03 8.270433628089024145e-03 9.146437799821370909e-03 9.637554754529931156e-03 8.624314087804608314e-03 8.620285420177908192e-03 8.966360586813180988e-03 9.182858396373859422e-03 9.283961264221516491e-03 8.470702956977703771e-03 8.594132517404007646e-03 8.964919027979276894e-03 8.911812582876819586e-03 9.115590839549922442e-03 7.528637462595300089e-03 8.059753026858318750e-03 2.294960695639596676e-02 1.387222920981700906e-02 2.867498819938735406e-03 5.447657590826460519e-03 6.444847221696060890e-03 3.788468676298985694e-03 3.660032153635800825e-03 4.656987416882053636e-03 6.251023037561631406e-03 3.772586009705159935e-03 3.660032153635800825e-03 4.656987416882053636e-03 3.660432153680265917e-03 3.660032153635800825e-03
3.660432153680265917e-03 5.774463960693432436e-03 7.276359755446415965e-03 7.413097527781730214e-03 7.551834551062285537e-03 8.195111464313896074e-03 8.600262523608338122e-03 6.371037970777862144e-03 5.712809412204010624e-03 8.476341560648083598e-03 9.158352043080898036e-03 6.169004780052881297e-03 6.501599003634992748e-03 7.093830995558770593e-03 7.354662697465330808e-03 7.707308677845405194e-03 5.716452732259876338e-03 6.481672447439146452e-03 7.097773971686062271e-03 6.822301685037624949e-03 7.137882590900213216e-03 3.804527342941477989e-03 6.070511451975712722e-03 7.544376349536407837e-03 1.108917769325906688e-02 1.241215737620390142e-02 3.268511145380994989e-03 3.659632153591336166e-03 5.950478379014279527e-03 6.600053364122383977e-03 5.200413822094564383e-03 3.660432153680265917e-03 1.058767443859646648e-02 2.735102426273830142e-02 3.794027139938570270e-02 3.167091965430979261e-02 1.662297824685961614e-02
4.444114613068304333e-03 3.265317604921531489e-03 5.586301262752280984e-03 5.015996082255600765e-03 4.893182319675139051e-03 6.304634171187595282e-03 6.657970856026318440e-03 1.080024053710762141e-02 1.345881208406406529e-02 9.535283620576893993e-03 8.300307065868340120e-03 9.567029247133183173e-03 3.984862590308268886e-03 4.708231634317143303e-03 4.861569585176539650e-03 5.082010623427109068e-03 8.407940234663301843e-03 4.098196566254565069e-03 4.727926211546948712e-03 3.660432153680265917e-03 4.672880113721152202e-03 1.014850651659278576e-02 4.333469620845364217e-03 6.244340209759396618e-03 3.266797788511070777e-03 3.659632153591336166e-03 5.851744121860869355e-03 6.544790927814271575e-03 7.519329975907262931e-03 1.325663955992598120e-02 9.639662565617556494e-03 2.405779228576463216e-02 2.990193831217060477e-02 1.910074122575784739e-02 1.330809253546204676e-02 1.672082746161171474e-02 2.713740041660219968e-02
1.000000100000000021e-05 4.419616175879820599e-03 3.265568189289254353e-03 4.502833331564829768e-03 4.845663017386881051e-03 3.660432153680265917e-03 3.660032153635800825e-03 4.785741462401868138e-03 5.496901573307937799e-03 4.985389848535325130e-03 5.451867837551357260e-03 1.280628456520302091e-02 1.574389658197894448e-02 9.436328729056002104e-03 7.549246294061901473e-03 1.161860545419114363e-02 2.395444833772487903e-02 3.358192565123156031e-02 1.819371306449250533e-02 1.258038944552886812e-02 8.495530456380184781e-03 1.195715159337542265e-02 3.002085311095845088e-02 4.703400508080980008e-03 5.986650511254887862e-03 6.557493548820881278e-03 7.490136576957106759e-03 8.331022064643122879e-03 9.181779731019133403e-03 1.373071531949297819e-02 2.272134859342522795e-02 1.913018290918765130e-02 1.363172734320538051e-02 1.186613254718468270e-02 1.151498690837448116e-02 1.622994222781909066e-02 1.669908383048002848e-02
4.878048102824840936e-03 9.476797142209059110e-03 7.019436058073408487e-03 7.097461429379715164e-03 7.285014905968212155e-03 6.835036161278063883e-03 6.722343380165209624e-03 8.607266876641588016e-03 1.726297570184307656e-02 9.673786917958764747e-03 2.269901654531708557e-02 1.291073270513400789e-02 2.008652532761989740e-02 3.210303935968147199e-02 3.826969167528015275e-02 3.370223407306699448e-02 1.925420341635495497e-02 1.432898500038037003e-02 2.641227080661592147e-02 1.890627349238817659e-02 1.589296960329314445e-02 7.502304577496399229e-03 1.053133129052869280e-02 1.149032237853942276e-02 7.821105424985519070e-03 8.376748279109535664e-03 2.558770381800934413e-02 3.597753251494952703e-02 4.411854512360615516e-02 3.576253745807461693e-02 3.222797434263396932e-02 1.677826576626311947e-02 1.203454132692016558e-02 1.012412547608735475e-02 9.505933500744077544e-03 9.646146245935169339e-03 1.499691134599249673e-02
4.980914713422095186e-03 5.387695671936574594e-03 7.569379163063360769e-03 8.690440875428549761e-03 9.122474818590062262e-03 8.995036501376972582e-03 8.817257470976556585e-03 1.372349326360246605e-02 1.743834094962497597e-02 3.423299231899366857e-02 1.777230051150336873e-02 1.903527195065025587e-02 1.255273371164052423e-02 1.099154772421317289e-02 9.759994421195669623e-03 9.508625840074756003e-03 8.503833346670519253e-03 7.127414301734035645e-03 6.722385643292607543e-03 1.915410558986475192e-02 2.645969438516564132e-02 1.712518551842253517e-02 1.246666053778556701e-02 3.093754353443981669e-02 3.592104082170647500e-02 3.877299757870667635e-02 2.345536624822629548e-02 1.389377500573638416e-02 9.726010988045829392e-03 9.439703631354434687e-03 9.059595480842775467e-03 8.304468988838863835e-03 7.789133443051043069e-03 7.578559388215154805e-03 8.191089284385754885e-03 8.596260339830704908e-03 8.775534571790132368e-03
5.437388520759645072e-03 1.622652604520995190e-02 2.598067113938568040e-02 3.748192036429952995e-02 4.667604956227327379e-02 5.277007287024298998e-02 5.752622466518344385e-02 4.287169851866448611e-02 2.196247948893600976e-02 1.118558773492437167e-02 1.356930804156378755e-02 1.030544868902646266e-02 9.178159308370169647e-03 8.829766045013030806e-03 8.762492043964386149e-03 8.246927352987341864e-03 5.784173384759077989e-03 3.660432153680265917e-03 3.660032153635800825e-03 4.656971416869361280e-03 3.660432153680265917e-03 1.320835833690085608e-02 2.199577683889138158e-02 1.984000514693573178e-02 5.186228765363441219e-03 6.709308392960034936e-03 7.991050733636761993e-03 8.019974222472497916e-03 8.309385577043514395e-03 7.990283440297873616e-03 6.988370598022384909e-03 5.476139007143494657e-03 4.945530091537186750e-03 4.877503817840619059e-03 6.301498470652100621e-03 6.657967656060160069e-03 6.709525246783111345e-03
1.226070056805663409e-02 6.061325662860272967e-03 8.600623077321446069e-03 9.576615364524998855e-03 9.851814496081289299e-03 8.675790699938745049e-03 7.881151128761787125e-03 6.917133869895708206e-03 6.722343380165209624e-03 7.128296584773731286e-03 6.825455474877041573e-03 6.722330580118675639e-03 6.712736980075230571e-03 6.712724180119646403e-03 6.712724180119646403e-03 5.467660938027280905e-03 7.765741727638491611e-03 6.897303911935147649e-03 6.715641760997338554e-03 5.206817763991606826e-03 6.351929155966596491e-03 5.804096483677148588e-03 7.403037601940395430e-03 4.864810494917912002e-03 3.661258797092887922e-03 4.650317534247628941e-03 6.243295133385496493e-03 5.147766772058517612e-03 6.348731416523757144e-03 5.154157250430133584e-03 3.660432153680265917e-03 6.253508357385316289e-03 5.131956023017918318e-03 4.893241639251004124e-03 3.660432153680265917e-03 3.660032153635800825e-03 3.660032153635800825e-03
4.877775603688714462e-03 7.486815792391368629e-03 9.253606189152864536e-03 9.794088672545999200e-03 9.900417370166480699e-03 6.352308349663234217e-03 4.951765203535321742e-03 3.660432153680265917e-03 3.660032153635800825e-03 4.656971416869361280e-03 3.660432153680265917e-03 3.660032153635800825e-03 3.660032153635800825e-03 3.660032153635800825e-03 3.660032153635800825e-03 6.194709453019409812e-03 8.489963446013826243e-03 1.367682244624046292e-02 1.036206126294340023e-02 8.761526744020137550e-03 8.426502794130584853e-03 1.249782912375404717e-02 5.678632099858321562e-03 4.946197036470081562e-03 3.661258797092887488e-03 4.650214207645953987e-03 3.660432153680265917e-03 4.672880113721152202e-03 3.660432153680265917e-03 4.672880113721152202e-03 6.254207976776039735e-03 5.410020085103004264e-03 6.862160755185565952e-03 7.321468955918619681e-03 6.831869448883177119e-03 6.722340180199050386e-03 6.712736980075230571e-03
4.877824708853804002e-03 7.546430739360886555e-03 9.255314928517263673e-03 9.791693056953165025e-03 9.899879988855475252e-03 1.069095259773765981e-02 6.215174363700286427e-03 6.365905361867285096e-03 6.661176968914029294e-03 5.203620232674546243e-03 6.351925956000437253e-03 6.661158532546929655e-03 6.709528446749269716e-03 6.712720980153487164e-03 6.712724180119646403e-03 5.467660938027280905e-03 1.166936264901371686e-02 1.707167749459604159e-02 1.132200427563048901e-02 9.740675332462644942e-03 9.594004020649235520e-03 1.087022300010497336e-02 1.669286020709841514e-02 3.660432153680265917e-03 5.980849699750146603e-03 7.013959833052163008e-03 6.819048534084383786e-03 7.137879390843105895e-03 6.825468274832625741e-03 7.137885790866373321e-03 8.038326006438665725e-03 8.053092026451423927e-03 8.707915211046865847e-03 9.096501287816437242e-03 8.984264104522961952e-03 8.864865960398248326e-03 1.314487594740802734e-02
4.915469609420906535e-03 7.655525583989885793e-03 9.255538182909306411e-03 9.767996092553887441e-03 9.892371576855596774e-03 1.644765862576155410e-02 2.917608481124159270e-02 1.544450372892560569e-02 9.635445254677967378e-03 3.867887564315358045e-02 5.358155243303380083e-02 5.820621872661379398e-02 4.615097804688531730e-02 5.248824943513633740e-02 5.824108305936793323e-02 5.989623170473486191e-02 4.733451532152094243e-02 4.016019115229312736e-02 4.624892408761038104e-02 2.620139339029202777e-02 1.585941354307798812e-02 1.147213035253590203e-02 2.593593725566695901e-02 3.660032153635800825e-03 6.602945121262262206e-03 8.063806846651942750e-03 8.766155315637232798e-03 9.064152024105650435e-03 8.966523074590015269e-03 9.089204685854865989e-03 9.448674530116052406e-03 9.440508827750394502e-03 9.619155924823217033e-03 9.747992211699540305e-03 9.732947999903927491e-03 9.707015003944918438e-03 6.761299630233112354e-03
5.089684388442098500e-03 7.959936209348169797e-03 9.187518409120028207e-03 9.636762189196387829e-03 9.835352912735772710e-03 9.901916973134149841e-03 9.913210823864147467e-03 3.245983550999293615e-02 4.755312561787558567e-02 3.017415475545343409e-02 1.563279879964846880e-02 8.657401483116323321e-03 2.037306057229934173e-02 1.191609910623500981e-02 7.766720426767491532e-03 6.725545513376952368e-03 5.751496270698606798e-03 8.125415240768719613e-03 8.993677162046452914e-03 2.738781131254812776e-02 2.112614857499726939e-02 1.675655592900834531e-02 2.038306636034897118e-02 1.009781971288174068e-02 8.284282596044733119e-03 9.290247699694675204e-03 1.405786227606680566e-02 6.743211467217428631e-03 8.689309774521036811e-03 9.472781432426502154e-03 9.785066182515522043e-03 9.825115401630257414e-03 9.867646896721935304e-03 9.893850449437678954e-03 9.891741753684558242e-03 9.888807026467050232e-03 8.851066699602172516e-03
7.032077532562353017e-03 8.627326853396453596e-03 8.827794423299138715e-03 9.161155292743869763e-03 9.621362730680203465e-03 9.843564840169649957e-03 9.904493105690137522e-03 9.905682803431346481e-03 9.910274215902546008e-03 1.569680941260446355e-02 3.969299454278419487e-03 6.073862086810444434e-03 3.756799795661104613e-03 4.688804811873216634e-03 3.660432153680265917e-03 3.660032153635800825e-03 8.374430698535606510e-03 7.781379804995169208e-03 7.532220559204444096e-03 8.203035067830143426e-03 2.348657036251467975e-02 3.764891633819673900e-02 2.853359586636864190e-02 1.907822964716026845e-02 1.214402342232781887e-02 9.803088920701637926e-03 1.871085869360984699e-02 6.057702423258078638e-03 8.320879926608114666e-03 9.442319257717402339e-03 9.820326834718373296e-03 9.893829780079186828e-03 9.909164139875003760e-03 9.912846464825207302e-03 9.912563492920101541e-03 9.912409201691419272e-03 9.623532779035971763e-03
4.877775603688714462e-03 7.513550335837436769e-03 7.136980572906883626e-03 8.307106911919192802e-03 9.193873360376102200e-03 9.700490410008141134e-03 9.862582430408594128e-03 9.847989964722303480e-03 9.873349282164356130e-03 9.886442880573241554e-03 5.753279656303537590e-03 3.660432153680265917e-03 5.982142843782535351e-03 5.098284034466481554e-03 6.345543277070342728e-03 6.661152132523662228e-03 3.788548676362447909e-03 4.688875419444989492e-03 4.861522811024136803e-03 6.298292669266325992e-03 3.772602009717852291e-03 3.660032153635800825e-03 2.507995799557887970e-02 2.208021103591229634e-02 1.707696742899637160e-02 1.289607130182398101e-02 1.369626096742061414e-02 9.413055393846235172e-03 9.249642342214004290e-03 9.705305880591850315e-03 9.877264914515338640e-03 9.909944245494928597e-03 9.913826497116617550e-03 9.914135789252697187e-03 9.914110633083993498e-03 9.914110453822587432e-03 9.856716601310410927e-03
4.877775603688714462e-03 7.512006179089014343e-03 2.209998996241064120e-02 7.651093979440120457e-03 9.080548775576546480e-03 9.513994359834698072e-03 9.715263637129765636e-03 9.558397432859720017e-03 9.662522696211026108e-03 9.702107950337024098e-03 2.101074348607825243e-02 2.783303508724819381e-02 3.218051901334851445e-02 3.643482253116158559e-02 3.875481175523384086e-02 1.933519772826964092e-02 9.803486156192730769e-03 5.814151099722468172e-03 4.893293084653546274e-03 3.660432153680265917e-03 8.961978367381436689e-03 1.683442379893606081e-02 2.218541317926917694e-02 5.169036540240769945e-02 7.300584017401064163e-02 4.229401927717255094e-02 2.598316975566698078e-02 1.602217187013006000e-02 1.076786163824501943e-02 9.865576446676214278e-03 9.907499256527018544e-03 9.913749567598216170e-03 9.914161867194281122e-03 9.914162583967055936e-03 9.914162558319304652e-03 9.914162558319304652e-03 9.906385304960650673e-03
4.877775603688714462e-03 7.493059723159178204e-03 9.228088776156736714e-03 9.768524017393731204e-03 9.519599102016884640e-03 9.075322565998732507e-03 9.103508796973558068e-03 8.508804816695858531e-03 8.912038379761297660e-03 8.909316557522773197e-03 8.839196713355278179e-03 9.046637424338343711e-03 8.961859727818164215e-03 9.325496801223862389e-03 9.127632192970424468e-03 2.428756502750220939e-02 3.324915809685460161e-02 1.831226901620039774e-02 1.025038549815578993e-02 7.229374466347534590e-03 1.124269078222247219e-02 9.697414475361569239e-03 1.406149815477704401e-02 1.244298173125629910e-02 1.065563660323605270e-02 5.553744308380343525e-02 8.167240305139965295e-02 9.543555468880368653e-02 7.508484584374439108e-02 3.969162297509675613e-02 2.123530977777234735e-02 1.243735358702069069e-02 1.062817127358702853e-02 1.013904975676304700e-02 9.967141557839141741e-03 9.929118608700744988e-03 9.913529619037518212e-03
4.877759603676022106e-03 7.361174503542799313e-03 9.049296859333057913e-03 9.578539043044228402e-03 8.457132993256465808e-03 7.084264026101238197e-03 7.137911390868490608e-03 5.844794518510102420e-03 7.324704749347377142e-03 6.816175015077107803e-03 6.719173704636583616e-03 7.128293384807572047e-03 6.825455474877041573e-03 7.744525349183760399e-03 7.098951216479263381e-03 3.795564792698525713e-03 3.660032153635800825e-03 1.648589520897471641e-02 1.381704947724905763e-02 2.031169418804113988e-02 2.805051374447399201e-02 2.847440968098666897e-02 1.552435923266364849e-02 9.326906163942629696e-03 9.040284896885649943e-03 9.305892162168248952e-03 8.328206971812987178e-03 8.406064831554914754e-03 3.104048742995480295e-02 7.010254939186065515e-02 4.553781788602785652e-02 2.882706722178549064e-02 1.810762735761593453e-02 1.993416155458507810e-02 7.432072920265380897e-03 8.870473035434344941e-03 9.624814026150063651e-03
