output/max_water_depth.asc
ncols 223
nrows 158
xllcorner 0.0
yllcorner 0.0
cellsize 30.0
[rows 85 to 101 of 158, columns 74 to 110 of 223]
9.883738211859541614e-03 9.910997708114821503e-03 9.914007854089077962e-03 9.914162430353401154e-03 9.914162609523855668e-03 9.914162609523855668e-03 9.914162609523855668e-03 9.914162609523855668e-03 7.562434032319475911e-03 6.089246782392025714e-03 9.081003728655136914e-03 1.025836952997772819e-02 9.585889549938230586e-03 9.369428584735516041e-03 9.315140003612698213e-03 9.653655000450752852e-03 9.854182282409539723e-03 1.010933597006060704e-02 9.895968246868079576e-03 9.907003233123334168e-03 9.913385956800567847e-03 9.293403198565586276e-03 8.237659334584831669e-03 8.360901298268373985e-03 8.143536366636483156e-03 9.135121979701154790e-03 8.663557555822565606e-03 9.366414485278739058e-03 6.757448548057716498e-03 8.140154173482671077e-03 6.630859380026886928e-03 9.082828574386013834e-03 1.047378088915098399e-02 9.503661957327070101e-03 9.550575186980070699e-03 9.783350514256683797e-03 9.559614848588839087e-03
3.329084248416889352e-02 2.020150579844242830e-02 1.426201048637588953e-02 1.165812344355211284e-02 1.063254269295933405e-02 1.019247724364825448e-02 1.001609499447434284e-02 9.949907151652523027e-03 9.315898472717465406e-03 8.556842721221558437e-03 9.314707838105763804e-03 9.754845805067389325e-03 9.828946251157988367e-03 9.807689824386699173e-03 9.803771663094750302e-03 1.533770532249502556e-02 2.592491753624030781e-02 3.599800258462594604e-02 4.552351894227622819e-02 4.095347983408790388e-02 2.477529321034448173e-02 1.661362929083546464e-02 9.976148908693660902e-03 9.557065766178794025e-03 9.460873468682195336e-03 9.698808274182310271e-03 9.571798637565310727e-03 9.743599554652546471e-03 8.828163870324290050e-03 9.104234760101036911e-03 8.582620444789003378e-03 9.681847188158183848e-03 9.759000268544270468e-03 1.027035164060557254e-02 9.854230937056429260e-03 9.899250436759331889e-03 9.847335154821421771e-03
8.549022251351181059e-03 2.317130962829506979e-02 1.853291239343300700e-02 1.480051643159961509e-02 1.235074784857127794e-02 1.112696047060447724e-02 1.065616040273292299e-02 1.021878733930273522e-02 9.785095445507551587e-03 9.562550691165173228e-03 9.737803472975000915e-03 9.869287787235890216e-03 9.900310877795647641e-03 9.901049180492491053e-03 9.901346065392800655e-03 6.885927937793978777e-03 4.995169371682166640e-03 6.325721675052286934e-03 7.720775127957980183e-03 1.400941928872058082e-02 3.082889213711587084e-02 2.371608129527296924e-02 1.682632467112264718e-02 1.156543874270349326e-02 9.843326511903371587e-03 9.878918331863618604e-03 9.849906750272141576e-03 9.883195392679712532e-03 9.618812837410161201e-03 9.692367898272578192e-03 9.877587308845373060e-03 9.738994224092974161e-03 1.185640788225519014e-02 1.148306958338227851e-02 1.106290126383403273e-02 1.100657134529473002e-02 9.905469610915618520e-03
1.279553398294672358e-02 9.606826801901663729e-03 1.428134067020782848e-02 3.262575142679111778e-02 3.680990132292426276e-02 5.468542046968613568e-02 3.125339888880041689e-02 2.019368581389565862e-02 2.547021027689016365e-02 1.613910019004852550e-02 2.753144700011405863e-02 1.838201313024924802e-02 1.416356889339881985e-02 1.087858337917489530e-02 9.981875670322123625e-03 8.871037055572317601e-03 5.546494539490316907e-03 3.660432153680265917e-03 6.365861343324163805e-03 1.250176700497140567e-02 9.603514198105051955e-03 2.744595729533330641e-02 3.796621351768453972e-02 2.401423439192788487e-02 1.769233673406007609e-02 1.246243331785730490e-02 1.197576417316676897e-02 9.911821359158723074e-03 9.856422433161727073e-03 9.934142252279344956e-03 9.847725659923100422e-03 1.124208755000134959e-02 9.907959541791144104e-03 9.912900686125368857e-03 1.148901481001231989e-02 1.238671102213269315e-02 1.174335004326647509e-02
4.433719292512515453e-02 2.493997934520274934e-02 1.873461704574523254e-02 1.004749782527448315e-02 2.494888957872377563e-02 1.442724928856121795e-02 4.600618555838167922e-02 6.452995557303319030e-02 3.352869349543654426e-02 4.985244770648471213e-02 4.432501150526654832e-02 5.818001340991243997e-02 6.716122014213812830e-02 7.526048424488239463e-02 6.092412832289580832e-02 3.236884260209898362e-02 1.752409761805856503e-02 1.205591949138752964e-02 8.514035716339005133e-03 9.757130463493687150e-03 1.827770650195272711e-02 2.039754687176929815e-02 2.537707309767688046e-02 4.947125151477320404e-02 4.906768159207687552e-02 6.412735080514292418e-02 7.283888407550014044e-02 4.026132332316143675e-02 2.247573349437145471e-02 3.799583519685137412e-02 7.063097798291095852e-02 8.609925753220079581e-02 4.468059219910357205e-02 2.554293680432864061e-02 1.598282949121260232e-02 1.390096284805395800e-02 1.268035325250878656e-02
1.844926450214550220e-02 4.300911459712857682e-02 4.573126741707215365e-02 4.437404114270926403e-02 1.690242680426248811e-02 1.169376104916437439e-02 6.307952317599029024e-03 4.008554577821274445e-03 1.985071408620640160e-02 9.364099366001788632e-03 5.423157428984961767e-03 4.656987416882053636e-03 3.660432153680265917e-03 5.982165886103653352e-03 2.125665916607293038e-02 5.400194736238184134e-02 7.067861633191994952e-02 3.839190659294043628e-02 2.035274073473300818e-02 1.083865037490825203e-02 7.325719477379408207e-03 4.358065521735682811e-03 4.692131301326755641e-03 6.261264750077923276e-03 1.701052465232109900e-02 1.074302373502708519e-02 9.074805302619580460e-03 4.758599900534938448e-02 7.028874595092179933e-02 5.915588345021926403e-02 2.954091481869381558e-02 1.744958710297256355e-02 3.148408604873433048e-02 2.812381525162303830e-02 2.123892647671611969e-02 1.621530142079778691e-02 1.536631095222661808e-02
1.217889725201289075e-02 8.025986450042954870e-03 1.477258114221776004e-02 2.094643985424212568e-02 2.011986744192103410e-02 1.642876135674543533e-02 1.098156059398063336e-02 9.920121707919157816e-03 1.709001036559272546e-02 1.391784708421537307e-02 8.820056526716503476e-03 5.206838126923350393e-03 6.351929155966596491e-03 3.772618009639595264e-03 3.660032153635800825e-03 3.660032153635800825e-03 3.660032153635800825e-03 2.049325016392485738e-02 1.872670790238830166e-02 1.459814122387367852e-02 1.569220644007828652e-02 1.544190360571634502e-02 1.122953515236663896e-02 6.673695146456235482e-03 4.672947418176214354e-03 6.254224637718530828e-03 6.654779979630499540e-03 7.561686421953281965e-03 8.450095601468575815e-03 7.358618654173853038e-03 5.221532488110824412e-03 3.660432153816690209e-03 1.653335596475266622e-02 2.198002856724411494e-02 2.134054438482374180e-02 1.858095443429515214e-02 2.675782123042754271e-02
3.788564676284190882e-03 3.660032153635800825e-03 3.660032153635800825e-03 3.660032153635800825e-03 1.533345432882056263e-02 2.381592394684677733e-02 3.073746427780854260e-02 3.514188959311504573e-02 3.683985536111009790e-02 2.457559830930283393e-02 1.470095407613083299e-02 1.294454395857594538e-02 8.363504093480087290e-03 7.290812176991979046e-03 6.731949780073288175e-03 1.134962745745849051e-02 7.769442378110849590e-03 1.789021329216295905e-02 3.186704235529838614e-02 3.461502410394853152e-02 2.844382755750796132e-02 1.735877661644050912e-02 1.285903781150671624e-02 1.030515822442827634e-02 7.364739680464025759e-03 3.660432153680265917e-03 3.660032153635800825e-03 5.966235219471749222e-03 6.603214332239683293e-03 3.788532676349755553e-03 4.688875419444989492e-03 6.257419838034061592e-03 1.018674199387340114e-02 3.424247295318053746e-02 2.775840527140966546e-02 2.311176644919534992e-02 1.660154392488561240e-02
5.966267219497134802e-03 6.603220732262949852e-03 6.706326313264678388e-03 6.712717780187328794e-03 3.788564676284190882e-03 5.286803231721670139e-03 3.660432153680265917e-03 3.660032153635800825e-03 6.702543757812433507e-03 1.690480290008078423e-02 1.701627315165840995e-02 1.389896548813545837e-02 1.414316816514770737e-02 9.341986673409949371e-03 8.906624038657840955e-03 1.239668417926231489e-02 1.931314270320959314e-02 1.835656919711131652e-02 1.932055680341770304e-02 1.376136811546747191e-02 9.945957911591902720e-03 1.348989287564817362e-02 1.517090113335445994e-02 1.469248004350024069e-02 1.175353489615459796e-02 8.467821555746973122e-03 6.722356180120793792e-03 3.788564676284190882e-03 3.660032153635800825e-03 5.966251219484442446e-03 7.018776070976551901e-03 7.923248419486782906e-03 1.461221544717217907e-02 1.079119523205341290e-02 3.200253310285020025e-02 2.882034049896857811e-02 2.117820499234449386e-02
7.640740166001279594e-03 8.419666318908213334e-03 8.693990060176957566e-03 8.752389272498049475e-03 7.418407966846217796e-03 7.666711113173307196e-03 6.881584286050868374e-03 6.722389553574127999e-03 7.390436505951157933e-03 9.268985699205667741e-03 1.500017044911928707e-02 1.662750261023070858e-02 3.078131667336550178e-02 2.375082236499214197e-02 1.595018115667421257e-02 7.890454224310519682e-03 3.660032153635800825e-03 3.660032153635800825e-03 3.660032153635800825e-03 7.683614104267431563e-03 1.028323382115721267e-02 1.450239485312447216e-02 2.088142968585404366e-02 1.845122645857482507e-02 1.732681366675015502e-02 1.285052387358727975e-02 8.875952721822186545e-03 7.427341900832772591e-03 6.731962580028873211e-03 7.667487126885617205e-03 8.700048429394459382e-03 1.377553867569592319e-02 1.500998810831503938e-02 7.626716890595244651e-03 6.524878262093502732e-03 2.296242321542860815e-02 2.455279495576798143e-02
9.266345158842826529e-03 9.590696678181786020e-03 9.683697059730121681e-03 9.697133600760509189e-03 9.227670003504984814e-03 9.243286977683539893e-03 9.026978126197290203e-03 8.872682488830404765e-03 9.146371162145016526e-03 9.634438400947627906e-03 9.853591431723117411e-03 1.707847053107259400e-02 1.171595986991029112e-02 3.055579651132058969e-02 2.545000605192348705e-02 1.638527419230152368e-02 1.027627081296381487e-02 6.712756180054082165e-03 6.712724180119646403e-03 8.037884123071790954e-03 1.333108379376599442e-02 8.602028618340968116e-03 6.332965061833814406e-03 1.161856961481831305e-02 1.444706629251109840e-02 1.331476671310193385e-02 1.100396641497974025e-02 9.227634491102009937e-03 8.913318600328724167e-03 9.293163739615493968e-03 9.649322019807671236e-03 6.828563843520347489e-03 3.660432153771215301e-03 6.294264810146607721e-03 3.721604234857190437e-03 5.164113116167902244e-03 1.442237972480576134e-02
9.804793335691586523e-03 9.873354470467832211e-03 9.887382599875793251e-03 9.888417292071181516e-03 1.512157236622805635e-02 1.871942332548391999e-02 2.051685942407714680e-02 1.322493077049203061e-02 1.025505786313581774e-02 9.952255908532180173e-03 9.916955351430743748e-03 6.888461751235297297e-03 7.774061436419907670e-03 3.965633970932298628e-03 1.260825702261954111e-02 1.542622996862904987e-02 1.296275040557340330e-02 9.482828938251586237e-03 8.806204623336753509e-03 9.362181793615975689e-03 6.740443637650208285e-03 8.117619531397878355e-03 8.169939183002071156e-03 9.215754226837392232e-03 1.403162244073716258e-02 1.317961840932393471e-02 1.247276953934358876e-02 1.020965486071729288e-02 9.714741820365387429e-03 9.810864597905978937e-03 9.881931578578161124e-03 8.864215044044188377e-03 7.229692006907072373e-03 5.476674398473431286e-03 6.454690832829025268e-03 7.409846144616734701e-03 9.431337566952482931e-03
9.904218073582823217e-03 9.911630091331547626e-03 9.912406872111690498e-03 9.912408664089100707e-03 6.877895447761794845e-03 9.326102200640727299e-03 1.167931158982643373e-02 2.789976682760719751e-02 1.844296278389586513e-02 1.345025389303694530e-02 1.121667331265919706e-02 8.891408179382352672e-03 5.858727429692039100e-03 6.462048524185471689e-03 9.673659525859815145e-03 1.240318871317350018e-02 1.327147921972576111e-02 1.111706833996006956e-02 9.699727517393995704e-03 9.820661296665577147e-03 8.847417599039121908e-03 9.105750695592660857e-03 9.311279664810656609e-03 9.679075397647037352e-03 1.090221944713960257e-02 1.253040902320536748e-02 1.279652612285314336e-02 1.276592486180030961e-02 1.048098927695805850e-02 1.029803990034547541e-02 9.912326196202714615e-03 9.624684792591807828e-03 9.128450516967432163e-03 8.315794547282649371e-03 8.503640031161496804e-03 9.025257352489947024e-03 9.608077197011451881e-03
2.121440987638486750e-02 4.174474650619554826e-03 7.737887640208584647e-03 9.293352630023520716e-03 8.740183265793833450e-03 5.973661073279716398e-03 1.060398403581558693e-02 7.580208176244434583e-03 2.324093204429997575e-02 3.590649495016275117e-02 3.482193960856080905e-02 2.046785583571022679e-02 1.207640194059243777e-02 8.660724384056749797e-03 9.347354529958039684e-03 1.071852701978539928e-02 1.188645268059084631e-02 1.194923971297865567e-02 1.045371924240412129e-02 9.905566369828677428e-03 9.623495756417044592e-03 9.692663389917952760e-03 9.782240861417022121e-03 9.871400817276963779e-03 9.907035618774474167e-03 9.913594243274502504e-03 1.180804456354741030e-02 1.514660960255564612e-02 3.228344575666919347e-02 4.522028600082318023e-02 5.433409958986386290e-02 5.929619335765568683e-02 6.197243441327079938e-02 3.168330909067008233e-02 1.681689367156160436e-02 1.248154982341192348e-02 1.056689659647808491e-02
2.468924795626252500e-02 8.549290275308717851e-03 5.593452004369827042e-03 8.388015961403226528e-03 9.231819109239525895e-03 8.479953005492946519e-03 3.887217779317163856e-03 3.660032153635800825e-03 3.660032153635800825e-03 5.966219219459056866e-03 1.001215339539180717e-02 2.428484082070306305e-02 1.810881327267773594e-02 1.208675033651286992e-02 9.859764132791978830e-03 9.900197219607009130e-03 9.911645762834750406e-03 1.034170864579883782e-02 1.067939471904419228e-02 1.223606211987772474e-02 9.856751206674318685e-03 9.875929470430064999e-03 9.897035504703610709e-03 9.910122554477795651e-03 9.913774440459320256e-03 9.914161662376075324e-03 1.633191280131664203e-02 2.806617012191033045e-02 1.493205637869416368e-02 1.051364170177628010e-02 8.498201830828775935e-03 7.130893655080651310e-03 4.140570832996499570e-03 1.669890419540206311e-02 1.646065152816256899e-02 1.831432969089341611e-02 1.647287496125180578e-02
2.753240904501860764e-02 7.902302130832603369e-03 1.143921535398094262e-02 6.210178724933271624e-03 8.604330335432251731e-03 9.229350014296443250e-03 7.559334832543328567e-03 6.731968980052139770e-03 6.712749780121764556e-03 3.788564676284190882e-03 4.834074089970070293e-03 5.520200789551225028e-03 1.039187696386266804e-02 1.126302765945504970e-02 9.940693500751451167e-03 9.906937030913042300e-03 9.913577890559764627e-03 9.914084814712197102e-03 9.914110428265785965e-03 9.914162225535193620e-03 9.906385315874587094e-03 9.910390410035262512e-03 9.912988773643093346e-03 9.914006599532086683e-03 1.017052069135861679e-02 9.914162609523855668e-03 7.649992986822390720e-03 6.801056115692345229e-03 6.325721675234186568e-03 5.151001089560524465e-03 6.348734616626340241e-03 3.772618009639594830e-03 6.002952794683248661e-03 9.213211035360975229e-03 1.336430825301937117e-02 1.174796390933704505e-02 1.188780631540305686e-02
1.853935533193501461e-02 1.313514713804900605e-02 1.196700779655813542e-02 1.756671786898105284e-02 3.916210848997778160e-03 7.566158692346590560e-03 8.623955810192939636e-03 8.787452394638904304e-03 8.807093640037720952e-03 7.420726390440477577e-03 7.392073907006791594e-03 7.841017583662989940e-03 9.132675138456334760e-03 9.961756489909283710e-03 9.882559509454524535e-03 9.911098373534998202e-03 9.914008161134489627e-03 9.914162379148848403e-03 9.914162558319304652e-03 9.914162609523855668e-03 9.913529619037518212e-03 9.913982266092290566e-03 9.914136125674787026e-03 9.914162430353401154e-03 9.914162609523855668e-03 9.914162609523855668e-03 8.870419351509131745e-03 5.546468720145220944e-03 3.660432153680265917e-03 4.672912113675249321e-03 3.660432153771215301e-03 5.982165886103653352e-03 7.428915832128646715e-03 9.010106639774247833e-03 9.722878246414923958e-03 1.147237677532327201e-02 1.161773866537100727e-02
