output/max_water_depth.asc
ncols 223
nrows 158
xllcorner 0.0
yllcorner 0.0
cellsize 30.0
[rows 34 to 50 of 158, columns 111 to 147 of 223]
6.274401346634582780e-03 6.460207011040047277e-03 3.653603193621318690e-03 3.241757860056320058e-03 5.659400030495969659e-03 1.200588813654393343e-02 5.260612515694041737e-03 4.504001932398684835e-03 2.841105742107137566e-02 2.222011219294061507e-02 1.648071137290160748e-02 1.367810699960090096e-02 1.379215608333241201e-02 1.740375283000092366e-02 1.555028138490793972e-02 5.796271849290276536e-03 8.405488412450253660e-03 9.612122555995921899e-03 1.002467450473475997e-02 1.013237798936232441e-02 1.015156477017215703e-02 1.015365510477339063e-02 1.015377592859793669e-02 1.015378102076782210e-02 1.015378102595194260e-02 9.795652670050444127e-03 9.914725008252829944e-03 1.007252506949542561e-02 1.013723142371007573e-02 3.437424333627960016e-02 5.772511612299657813e-02 9.667036569360362708e-02 4.579135179669235889e-02 1.109040082930856132e-02 1.015379149805583844e-02 1.015379149796488863e-02 1.015379149805583844e-02
3.637722368754264454e-03 6.701915168339945411e-03 6.743861587945610032e-03 6.581091815823586488e-03 3.653619193634011046e-03 3.241757860056320058e-03 5.675410697373233469e-03 4.855138919360092557e-03 3.447618388387279319e-03 1.158253768196627377e-02 1.475393717905310910e-02 1.377725771574249067e-02 1.412571046512299533e-02 1.505565358340889628e-02 1.545587084237924277e-02 8.994380770696336347e-03 9.359162588885267670e-03 9.871924193817434995e-03 1.009020738117713534e-02 1.014454608332515141e-02 1.015298231689074245e-02 1.015375524909858246e-02 1.015379144680581165e-02 1.015379148782402305e-02 1.015379148773307323e-02 1.006851321642487397e-02 1.009638470320668030e-02 1.013652763761045510e-02 1.015115784368889225e-02 6.272885353717815027e-02 8.980394393272293774e-02 5.751130277083264797e-02 2.724792181233204671e-02 1.114755605205239655e-02 1.031057268852401954e-02 1.015379149801036440e-02 1.015379149805583844e-02
7.286744314956634938e-03 8.075316165855370154e-03 8.636541811506942556e-03 8.656674594681574436e-03 7.091064981636892653e-03 6.581940533267806315e-03 7.613549279154680979e-03 7.532729803847800984e-03 6.778986640400143371e-03 8.506479096400183793e-03 2.064933360010813568e-02 3.326585142312749738e-02 3.546258202032165352e-02 4.990620008628440796e-02 4.781546773031421921e-02 2.762287753723785197e-02 1.610061245130553487e-02 1.217579929500751772e-02 1.015754777975005907e-02 1.015405235787101082e-02 1.015383390015402697e-02 8.411937802020838517e-02 1.637936815870541796e-01 2.040954233507288607e-01 2.216706713311396015e-01 2.332838123761105664e-01 2.386747478757950125e-01 2.419514748336446808e-01 2.451223357075809350e-01 1.911062401710233172e-01 1.728673551766908845e-01 1.131222727951062823e-01 6.070614375538155999e-02 2.478080624498662718e-02 1.015379149801036267e-02 1.015379149796488863e-02 1.015379149796488863e-02
9.613889884470473018e-03 1.405665615456105390e-02 6.665060210218156679e-03 8.607335452166338038e-03 8.866083317048363555e-03 8.741525405571777541e-03 9.205844375015190262e-03 9.330745044213002715e-03 9.004799708714457743e-03 9.504728927027356403e-03 3.941328765472903832e-03 3.241789860081705638e-03 6.451894279464525858e-03 3.486666538507204351e-03 9.377461731878724421e-03 1.829461814252270752e-02 1.722782561554154698e-02 2.429533287452627921e-01 2.437574782115728145e-01 2.440590651027711722e-01 2.445150682037224021e-01 1.617792663782641749e-01 8.092377733742386892e-02 4.082831321102944194e-02 2.339808600623965659e-02 2.048008376792992760e-02 1.278223222126327954e-02 1.015118252346427011e-02 1.015181316377082414e-02 1.133681794497577999e-01 2.861404399997299897e-01 3.987288774608258590e-01 3.079563463600921702e-01 2.508147498771429174e-01 1.015379149801036440e-02 1.015379149805584018e-02 1.015379149796488863e-02
2.977387898181748510e-02 1.820844498054201288e-02 1.180967878407920314e-02 9.482948255959387091e-03 9.706762504925319293e-03 9.772883203482235839e-03 9.936462305563947481e-03 9.976521928479527984e-03 9.879844508146091650e-03 9.999831373284437039e-03 7.762152423606933846e-03 6.585807413428591654e-03 7.239347592674784393e-03 6.762503684929578769e-03 7.291689372346340028e-03 1.224904764183228356e-01 3.153799536858710728e-01 2.415415385248231572e-01 3.669597860349465418e-03 6.024206437685386897e-03 7.124874486824518856e-03 8.740944093120090255e-03 9.730409202552877876e-03 1.006670737945158586e-02 9.953790895793176302e-03 9.908799440132029165e-03 1.003552170930150332e-02 1.012452632292068673e-02 1.013505161279270803e-02 1.014441854397362709e-02 1.015155693969562421e-02 1.015134215488204192e-02 2.228920699905092284e-01 5.462786372172817595e-01 4.721967664500851813e-01 1.020101537208164058e-02 1.015379149801036440e-02
1.668650203831178458e-01 1.824052513471369763e-01 1.270659101843076566e-01 6.457425046612023933e-02 3.244150498401723176e-02 1.864593262639630683e-02 1.172614155673669389e-02 1.013065086310733359e-02 1.010841325526188120e-02 1.013098342584770051e-02 9.392313998910578610e-03 8.867812935500736862e-03 1.213802729538032282e-01 2.416979760897448593e-01 2.420758877983349711e-01 1.210225336115826750e-01 1.207593709581378794e-01 8.710637629133530235e-03 7.217959836930715189e-03 4.472170718952636279e-03 5.078383092830346390e-03 8.112194089085717624e-03 9.552792415639018916e-03 1.002190159185873709e-02 9.369870058504134458e-03 9.129839801221791007e-03 9.612551370515105137e-03 9.988913663915341412e-03 1.003608084572577518e-02 1.008782678366104170e-02 1.013220590123226593e-02 1.013096151193666056e-02 1.005533522095491614e-02 9.730125086867231349e-03 4.117499529106122824e-01 2.807637885019443891e-01 1.404342795084901063e-01
1.009516324531931075e-02 1.009452048876981547e-02 6.453195798268754335e-02 1.281277612233279184e-01 1.602026182083762240e-01 1.781110625404408454e-01 9.322508780550664564e-02 9.401570572608124177e-02 1.452779210736351578e-01 1.747952953940929977e-01 1.957617697791920186e-01 2.416910196150459933e-01 1.209521101126036363e-01 1.208922428085298095e-01 6.530870516911578896e-03 1.283730159003174109e-02 7.166694479072355066e-03 7.702693089982389635e-03 8.078856837361717003e-03 3.518480251992666362e-03 7.125727558400725935e-03 9.138924829699576063e-03 9.900931036395816884e-03 1.010475282785180950e-02 7.799754606935934559e-03 7.127436025280515543e-03 8.616502072641637339e-03 9.625149603858048145e-03 9.652745734024833005e-03 9.846268886281433694e-03 1.002740548653990524e-02 1.001139534162164869e-02 9.703956131511842775e-03 8.691467700714822567e-03 9.213829300302208217e-03 1.901046432844971101e-01 3.303410987519067588e-01
9.802841793157750921e-03 9.789748844946629183e-03 9.862264376738934246e-03 9.843820364426832115e-03 9.805739636181429533e-03 9.790078662650084779e-03 9.257565500797393376e-02 9.439506980456516261e-02 4.960718546237830734e-02 2.937657001068647022e-02 2.291873737360719532e-02 7.099671720121811247e-02 1.004392930956372193e-02 9.615978865281687299e-03 8.425126126008295607e-03 6.906548865443363876e-03 4.456211597099913636e-03 5.036262763551867250e-03 1.141508600521826643e-02 6.227095967832062089e-03 8.673912670679313069e-03 9.686053743667329130e-03 1.000332565920460624e-02 1.007926938739318358e-02 4.012562075960978726e-03 4.507468521892760496e-03 7.721777963002282065e-03 9.237744459074277714e-03 8.606724259084770623e-03 9.174353765934468302e-03 9.662763056008301724e-03 9.525898129345919049e-03 8.574967267145879382e-03 6.209597439707299077e-03 8.155455134624831071e-03 8.853068511757995751e-03 9.122457820626988720e-03
8.739573712978640149e-03 8.658712655801977659e-03 8.893443147394904449e-03 8.843666154576096741e-03 8.707363994404188415e-03 8.647667115588305795e-03 8.631933625952555034e-03 8.639182561205856550e-03 9.530161526368359157e-03 1.478320106481526182e-02 2.093985622389071127e-02 4.919924534611859468e-02 9.799961901285755492e-03 8.880806784896305706e-03 7.509505952801298449e-03 5.986530334630883222e-03 3.294232339491070475e-03 6.472567643772696860e-03 6.705746957739500830e-03 8.210169820381892428e-03 9.288050681539502737e-03 9.673272739678835663e-03 9.770670961848266362e-03 9.786986484164556660e-03 1.366183396232967251e-02 7.058960358053926326e-03 1.011814691594325327e-02 9.372606179909310012e-03 6.306756265661983898e-03 7.980297218887684799e-03 8.707395300348693551e-03 8.113334791165001392e-03 5.871218818197817754e-03 1.138909913978269559e-02 7.922629258784159509e-03 7.263975430828835053e-03 7.266815372175296044e-03
6.545713236535555778e-03 6.506926986601791266e-03 7.017655512625532548e-03 6.710012386755005200e-03 6.540579776499833541e-03 6.506920586669474524e-03 6.504355679824692059e-03 6.504352479858533688e-03 1.581523181308761364e-02 2.295177534808816311e-02 2.668222631900703939e-02 3.050750580334850651e-02 9.327178266744780982e-03 7.703300084745463849e-03 5.933774305102013265e-03 4.879369082729533881e-03 3.526602824071162212e-03 6.197668888087827163e-03 3.637739189222127193e-03 7.232236838104185404e-03 8.292394916702945998e-03 8.529894717981262656e-03 8.614975233763731005e-03 8.629877104090594858e-03 1.415837170603282541e-02 2.349231047267247643e-02 1.337715422124984878e-02 8.436689042561729135e-03 1.025540684558848108e-02 7.186114845632277266e-03 7.135489649961634928e-03 5.181789623536865383e-03 9.028074169762718287e-03 5.831142002251953060e-03 3.463552135022989267e-03 4.575869947696607591e-03 4.693301502536967318e-03
3.225811193411725741e-03 3.209848526754437766e-03 4.456128934763560132e-03 3.415801331872141307e-03 3.225779193386340594e-03 3.209848526754437766e-03 3.209832526741745410e-03 3.209832526741745410e-03 3.171320094210974827e-02 3.015962555621217248e-02 3.120972861310027102e-02 9.361225222642573576e-03 9.006706609512079437e-03 6.773901763934297472e-03 3.193951601557425829e-03 5.920014998142657421e-03 7.361817550421007050e-03 5.214429353959816778e-03 1.276874429246743943e-02 8.545124716022785630e-03 6.763643162010446463e-03 6.531719946504489435e-03 6.505640373287059283e-03 6.504353759790427666e-03 6.504352479858533688e-03 6.504352479858533688e-03 6.488505132873832043e-03 3.653619193543061229e-03 3.241757860192745217e-03 3.209864526721656081e-03 4.456128934763548856e-03 4.659497029504650750e-03 3.431736929329569797e-03 4.491374629368515871e-03 5.926391949249698414e-03 7.514904362682946377e-03 5.135844953564924591e-03
6.403871154130152434e-03 6.477855816045401637e-03 5.040507883955525591e-03 6.202019223036780472e-03 6.418994148096425663e-03 6.493559701137309112e-03 2.598804195166884434e-02 9.045137597348577863e-02 6.392196821755692648e-02 2.915634323411704296e-02 7.316002786160865842e-03 8.205471891529200062e-03 9.316176885954957632e-03 9.164745046677573448e-03 3.160533333569417840e-03 4.674650095250990935e-03 7.015148322351403946e-03 5.170946099788964467e-03 3.447687630947409397e-03 3.225811193411725741e-03 3.209848526754437766e-03 3.209832526741745410e-03 3.209832526741745410e-03 3.209832526741745410e-03 3.209832526741745410e-03 3.209832526741745410e-03 3.209832526741745410e-03 5.659368030652482846e-03 6.338447934325301680e-03 6.481487839944855174e-03 5.039867189516563858e-03 1.152443192307830121e-02 1.946135811369597776e-02 2.167157253961303140e-02 3.300235481736343846e-02 1.770401881600937657e-02 1.132529594368171522e-02
8.268591640376583840e-03 8.487503321180598151e-03 7.954169747722956985e-03 1.938742604935124805e-02 4.663302867697798754e-02 6.121880624705630658e-02 5.996552453171572622e-02 6.781297646984835170e-02 8.271203674872126474e-03 7.060670564586069529e-03 4.488080819404731761e-03 5.100968983491024726e-03 8.050530267376999199e-03 1.621624520009301573e-02 2.765510202381823643e-03 8.211206095020396473e-03 5.812609311290790719e-03 6.953691275180503076e-03 6.674580214401538460e-03 6.539695994496079121e-03 6.491858096198153266e-03 6.504355039813270595e-03 6.488505132783007126e-03 6.488505132783007126e-03 6.504352479858533688e-03 6.504352479858533688e-03 6.488505132873832043e-03 1.297914541490055584e-02 1.032713173729490549e-02 9.038412715040506848e-03 8.082867324970252620e-03 2.839170160975817286e-02 1.796244295150521003e-02 2.700416026136014114e-02 1.680693675095705150e-02 3.750874460550940315e-02 3.682884163677178913e-02
4.818955324575312227e-02 6.029639483782966297e-02 6.697156879009409647e-02 5.351943368647617272e-02 2.793059422749636506e-02 1.601310076487196324e-02 3.478087178839403548e-02 1.433728547905815248e-02 6.767257383724534399e-03 6.681178507149633343e-03 3.731235789435340296e-03 7.577539492036052850e-03 8.557302834765760993e-03 7.984974619217139954e-03 5.075498347676445261e-03 4.643719952048550384e-03 1.192086014811247034e-02 2.573628619693030944e-02 2.488510514190643216e-02 1.337022250570403872e-02 9.457875078829129992e-03 9.035178119297996441e-03 2.392842679131940153e-02 4.033281575727810930e-02 3.586578231567661562e-02 5.175034877584031717e-02 5.883689072584282614e-02 4.130682244174470330e-02 5.357283569973081416e-02 6.083262170872621999e-02 6.559000467327033568e-02 3.135659235255834620e-02 2.586925235043788587e-02 1.515855658965979506e-02 1.647227007057958451e-02 1.136828805521918409e-02 1.156042795318288664e-02
2.363824616915514640e-02 1.464746492886250494e-02 1.086701191136442597e-02 1.137750099680986775e-02 9.764151117110927286e-03 9.679668313788610326e-03 9.929745107297532208e-03 2.557507668143233284e-02 4.070308242201767235e-03 6.435614406398266693e-03 8.525047755961610157e-03 9.295878135458665592e-03 7.551817291755909094e-03 5.100168621941885555e-03 6.701760420573906613e-03 5.075436974597444424e-03 1.243979351912437477e-02 1.114434948315236838e-02 2.264603345002002416e-02 4.216317416563340748e-02 2.405995113981329592e-02 3.068337019899274043e-02 1.821584913804377703e-02 1.675352306331250041e-02 2.848924892740387765e-02 1.730791636047425419e-02 1.140295713414496252e-02 2.137006617719874532e-02 1.434403412135517274e-02 1.141656443344389420e-02 7.860315860214340394e-03 1.123554905365559131e-02 1.350831374188587834e-02 1.249500693672683446e-02 6.764346827938066270e-03 3.791149121279521750e-03 7.307228373729674625e-03
1.030886779419732356e-02 1.059717862392561480e-02 9.636242450892935560e-03 1.234682883043704445e-02 8.381089603267792912e-03 8.703204363906008600e-03 9.399778986085479890e-03 1.482202434734418081e-02 1.027450005850868292e-02 6.225789094221053505e-03 8.596242540557326797e-03 8.430914290261611044e-03 3.672079845781008132e-03 4.488064819392039405e-03 1.221504007014060332e-02 9.293920192686789053e-03 7.672115137285225039e-03 1.145696598402204565e-02 1.043289734291236864e-02 1.002059824143132667e-02 3.629153004869792309e-02 3.532272820016159331e-02 3.039680580941063123e-02 1.596522785708381215e-02 1.029734316773600090e-02 9.884967136827512574e-03 9.802761510514285473e-03 9.962550819387145512e-03 1.009669561160579654e-02 1.014425904797961776e-02 4.183796933990231552e-03 3.241789860172655455e-03 3.209864526721656081e-03 1.003238081722238918e-02 7.711978193963965958e-03 6.571500789830787663e-03 4.003476596231116819e-02
1.052540172697762066e-02 1.088133961650372163e-02 7.922071629605384468e-03 1.535593541200745357e-02 3.669581860200349203e-03 7.093457317368517812e-03 8.415172450736902940e-03 8.639466227328269216e-03 8.642903261193608799e-03 9.161632551263650462e-03 9.320861470883286953e-03 6.519579739350778690e-03 6.448279337526508816e-03 1.981367793683658576e-02 1.712346017812734628e-02 3.049270186760159179e-02 2.767284162170722053e-02 1.563497263250681821e-02 1.037054578339437899e-02 9.721639480381311788e-03 9.721954748170429789e-03 9.846614345429301543e-03 7.738048845772467661e-03 8.044108560466597946e-03 8.393531168372176526e-03 8.569137172367376556e-03 8.605239559097284732e-03 9.303126569216588898e-03 9.847956154749667665e-03 1.007909491083908843e-02 2.139438383227874191e-02 2.898557738463400021e-02 3.690482264159900688e-02 3.374996730801572281e-02 4.765425620286548730e-02 6.657064422934158565e-02 7.268017313967765902e-02
