output/max_water_depth.asc
ncols 223
nrows 158
xllcorner 0.0
yllcorner 0.0
cellsize 30.0
[rows 119 to 135 of 158, columns 148 to 184 of 223]
7.617336238968604178e-03 1.088495055494193876e-02 1.528946599963834641e-02 1.263691408671580203e-02 2.062797319301851520e-02 2.049697126901764074e-02 1.654323553275904510e-02 1.059209134066393942e-02 9.909626560307045057e-03 1.010648204753623013e-02 1.016428316932022936e-02 1.015117699491882575e-02 1.177773153115184261e-02 1.134581897392807417e-02 1.086378266920790675e-02 1.083352479161065092e-02 1.222841880418870653e-02 1.246480196989836753e-02 1.314137735469147160e-02 9.603746509954707022e-01 6.192722729725105325e-03 6.531087552310785305e-03 2.103939547968282364e-02 7.042178717734245801e-03 3.637754368734174258e-03 7.106249855953244293e-03 2.485971563212276830e-02 9.092350162996337692e-03 8.644994455585659071e-03 7.541830589760246083e-03 5.659400030632393518e-03 3.209864526721656081e-03 4.418621612027134014e-03 3.415747193472423206e-03 4.568239464513589032e-03 9.971806174894900371e-03 6.695360252004242153e-03
7.806260886605272467e-03 1.524894744961462038e-02 8.782829538927445015e-03 2.381168608791080221e-02 2.928779204692136609e-02 2.022932766265101573e-02 1.102973315165552311e-02 8.129354479047364371e-03 9.354405937006491159e-03 9.968017031838355760e-03 1.021765148154871357e-02 1.019253444367266941e-02 1.362150908107915941e-02 1.143367262272975728e-02 1.025183499907641842e-02 1.104253339310660650e-02 1.299194134505840537e-02 1.158977632621507534e-02 1.596226539772825290e-02 3.786543286530712898e-02 4.119550227862616397e-03 1.848146110517789181e-02 1.079581574470056364e-02 7.770944480467264180e-03 6.920238516909633583e-03 9.601532436707518534e-03 1.294469496162730000e-02 7.247641054580635130e-03 7.137451244178118215e-03 6.637141590143181766e-03 3.713847107936197461e-03 3.241789860172655455e-03 4.418653612007044686e-03 5.865250697357775496e-03 6.979177823730533040e-03 5.713677372546797570e-03 7.501211487283838963e-03
1.015364393945263587e-02 1.112718993692895543e-02 1.622874348224785310e-02 4.095159053101769808e-02 3.481460276210009142e-02 1.187936498516868784e-02 3.209880526734348438e-03 6.525429518258642723e-03 8.512789150677676706e-03 9.741363439866732726e-03 1.046702079613667964e-02 1.035298021399783629e-02 1.828434014820377526e-02 9.851836790153800996e-03 9.156037655089209124e-03 1.197217331362070147e-02 1.529399488733859842e-02 9.368988210921207552e-03 2.146495923054711139e-02 2.146986253843835221e-02 1.056796417017311432e-02 6.453018502132508785e-03 1.269350187144719505e-02 6.363881174094230403e-03 3.241757860192745217e-03 1.686908749412176570e-02 6.656688761093499003e-03 4.656559453920788329e-03 4.656493612097772905e-03 5.993264951310373241e-03 7.659058946645126709e-03 1.168445249261205500e-02 1.802871031638486610e-02 2.135712664296329777e-02 1.982133606786650945e-02 1.154587563983963325e-02 9.697055056108625989e-03
1.015379134439670789e-02 1.281649830136801470e-02 2.282242656640436421e-02 6.710092506799739120e-02 8.621354974889514078e-03 6.376551544151986758e-03 3.427487329507209607e-03 7.005229201696378319e-03 8.268652244783410155e-03 9.561184842482802621e-03 1.128259527865837705e-02 1.067416945541070465e-02 1.216464365671701339e-02 1.707364425688570608e-02 8.770084547559184665e-03 1.519681391248512217e-02 1.900299427435507560e-02 4.358957322825048053e-03 1.425534265943418158e-02 1.416355446542376904e-02 1.443076688356305717e-02 8.279919388428865629e-03 7.550686483144199157e-03 5.698156270371436405e-03 3.653651193568445942e-03 8.628278865130293435e-03 4.909853860041573162e-03 4.727105522004966705e-03 4.656559453920788329e-03 3.431725860142403103e-03 6.733215389256763835e-03 1.256620699084312967e-02 5.001736943548113455e-03 3.257768526842635785e-03 4.917753624402293293e-03 8.543694523701092156e-03 9.546804414481340623e-03
1.015368182754671986e-02 1.642431112989059527e-02 3.439543232273124806e-02 4.319846709058610540e-02 8.768995815103592176e-03 6.044576109125481510e-03 6.608645641968960427e-03 9.867127561434081359e-03 7.183921793262454218e-03 9.114583194901099486e-03 1.314077550059678315e-02 1.156507574232058799e-02 1.389569922294265313e-02 8.486183192317741167e-03 1.539830129156303726e-02 2.199123859425075253e-02 3.669679702185174065e-03 1.080995111043058649e-02 1.195290479463971892e-02 1.409953957302521182e-02 7.445471012404703513e-03 6.497132006559803129e-03 6.476360881341058744e-03 3.653587193517675649e-03 6.717774113538433137e-03 3.653651193568445942e-03 4.507354341386135381e-03 4.640707781085199116e-03 4.656477612085079681e-03 8.894171890871847841e-03 7.226270541248702890e-03 5.162173914622980586e-03 6.366173242539041946e-03 6.527703444158583328e-03 7.226199458371518683e-03 8.850338565003296881e-03 9.743689705306207358e-03
1.015110188898277893e-02 2.470123907530749272e-02 5.396542714570450039e-02 7.519762120661219879e-03 9.321127584849887501e-03 5.055956163672624404e-03 1.730185494717660297e-02 1.478897519246151482e-02 3.447650388549089191e-03 8.659585294644413928e-03 5.683525006303756164e-03 2.241131239312977100e-02 1.686968460141909792e-02 3.637738368721481902e-03 6.666951192960571086e-03 2.453869469712589499e-02 7.452754126120893913e-03 5.599929059456429381e-03 1.066186689747563796e-02 7.763651888088241720e-03 5.542484126059359431e-03 3.194017543788657282e-03 5.627378697287138340e-03 6.243826448613409505e-03 6.461785970016442442e-03 1.005917371305194846e-02 6.144066518737532206e-03 6.716773481419402274e-03 7.145043382577677231e-03 5.674389197727144722e-03 3.518385131261463680e-03 4.472190135249619683e-03 6.965752082222133150e-03 7.991069928153122018e-03 8.871003570289286849e-03 9.643820060523906196e-03 1.001585308329184208e-02
1.012587420343650894e-02 4.337955933548771209e-02 2.581153364387754959e-02 1.231508898028645799e-02 4.357695304247941048e-03 1.101279244964924707e-02 1.644899963092628578e-02 1.328680294843479284e-02 5.036455606199008971e-03 4.456176934756151883e-03 7.315090312500146207e-03 2.411935961793049837e-02 1.286411874591565814e-02 6.378698737769917561e-03 7.759061314783130374e-03 1.474865475317526688e-02 6.613619796742677311e-03 6.315230947355410934e-03 3.241725860167360071e-03 7.720151820444355432e-03 2.767158759229281471e-03 3.160533333660367657e-03 3.194017543788657282e-03 3.209816526729052620e-03 3.209832526741745844e-03 4.699192866830854097e-03 6.783839467614705479e-03 8.085341868696091852e-03 8.849406348895612687e-03 8.396876953589055975e-03 7.047193993435470379e-03 7.068238706513620302e-03 8.320032221468393746e-03 9.306470294882716182e-03 9.788893094605993078e-03 1.525277527531119365e-02 1.237944041056424430e-02
9.995815645266232716e-03 5.225661255494393198e-02 1.978932964575454839e-02 6.420681608509848544e-03 1.104006170921536904e-02 5.358344598749893543e-03 2.008023374296019972e-02 8.543105972353701519e-03 6.509276034974499463e-03 3.257686684961452663e-03 8.371227844623248260e-03 7.159920122172010529e-03 2.084136121888683149e-02 3.241789860172655455e-03 1.104266175210674890e-02 1.151663009591286785e-02 3.481541079796595436e-03 5.659465822251302444e-03 3.621693860228485280e-03 3.241725860167360071e-03 5.542532126051962459e-03 6.162047961705064032e-03 6.457929261667339979e-03 6.500518189303074353e-03 6.504348000005956247e-03 7.183542578566737280e-03 8.269257518191339140e-03 9.296347652230438005e-03 9.767336737264015190e-03 9.653366919952064210e-03 9.124516694078450146e-03 9.038981022445552113e-03 9.554027921354176639e-03 9.935011988978189809e-03 1.008556940166771207e-02 7.039197924960249528e-03 1.532928341397819631e-02
9.642114444591683153e-03 2.937119246371982378e-02 3.613977640722950552e-02 1.038372848513561750e-02 7.007934769869939885e-03 1.483593363784877286e-02 9.347967508870609274e-03 8.241364655646506859e-03 6.921356361886395019e-03 4.210422040001035593e-03 1.168476847316351000e-02 3.653587193517675649e-03 1.520068317897877580e-02 3.750066061600699184e-03 7.181687817160750491e-03 7.805849721785747611e-03 5.546792470907126703e-03 3.481541079796595002e-03 5.675363593096487830e-03 6.324658283536444686e-03 7.424522913523213911e-03 7.946414760977391079e-03 8.439853058348932222e-03 8.607513180846111320e-03 8.635724112287320939e-03 8.979622454876774740e-03 9.542534109801166509e-03 9.925058302838338231e-03 1.007873639248417497e-02 1.004791293478363851e-02 9.904660148391013913e-03 9.891225441811443350e-03 1.002800336057178658e-02 1.011854723567510994e-02 1.014632938638486241e-02 8.977101182040755217e-03 6.584829819219810421e-03
9.345027829363502028e-03 1.968793301456317479e-02 3.692332337445198426e-02 1.482191314560212664e-02 9.937171075057888575e-03 9.604181078907899141e-03 8.451718309720931618e-03 6.992637684386970170e-03 7.205170135426679744e-03 9.823579327740574949e-03 3.209864526721656081e-03 6.253833573116425286e-03 7.689107369931769825e-03 8.238274429391354362e-03 7.850018953807007607e-03 5.829445513992025096e-03 7.392735350850949960e-03 6.638914195726209645e-03 7.542753055629980788e-03 8.192271704706840726e-03 8.989361205909046290e-03 9.523888329409133102e-03 9.732152961874346656e-03 9.780598002703737998e-03 9.786921294676615216e-03 9.884112986742804238e-03 1.002820739306615160e-02 1.011631127951248717e-02 1.014520138521719100e-02 1.013737571595400670e-02 1.011085983557266643e-02 1.011217767224978532e-02 1.013745801230969169e-02 1.015063873380812366e-02 1.015340011983924609e-02 9.795626446726130032e-03 8.776898743577005516e-03
1.109143498754336550e-02 3.314518160814568237e-02 5.413244410683537740e-03 2.076215401873512945e-02 9.446069758928825680e-03 9.094090656094962200e-03 7.267869138157146899e-03 4.678557248142322517e-03 1.096310427085178674e-02 6.497935413297562662e-03 3.241757860192745217e-03 5.627474697272344395e-03 6.266777673097856383e-03 6.461797909714267485e-03 5.039863038567163681e-03 8.972516304457167635e-03 6.137646610998119361e-03 7.742167841638989724e-03 8.871930563623649582e-03 1.597427998283195913e-02 2.138623496384467818e-02 1.427849353274312713e-02 1.129290073884065687e-02 2.218214778719649824e-02 1.434769949939935542e-02 1.136580631325658126e-02 1.037259722454608561e-02 1.017223509809399122e-02 1.015571839686843503e-02 1.015212102240682993e-02 1.014883381828938884e-02 1.014962414958561938e-02 1.015260617857664804e-02 2.754209261087264132e-02 4.795984006085419332e-02 2.552115349287804175e-02 1.458960498699497094e-02
1.721747445706157953e-02 1.960292213983334114e-02 1.567765698253543311e-02 8.337531359416498755e-03 8.170130074654920541e-03 8.834962777496440517e-03 6.927383051432224430e-03 3.160133333615902564e-03 5.563688030512064890e-03 6.199458206454545872e-03 3.653587193517675649e-03 3.241757860192745217e-03 3.209864526721656081e-03 3.209832526741745844e-03 4.456128934763548856e-03 3.415801331872141740e-03 6.281296452751228450e-03 8.247595798252843960e-03 1.490066997961243984e-02 1.922156963085202078e-02 2.154101560327758430e-02 3.651885975323611311e-02 4.445777940387379140e-02 3.621463909218503030e-02 4.813956952721858834e-02 4.167859193287316855e-02 5.285549625574369886e-02 6.079623749591196030e-02 6.614282053385298066e-02 7.057696282581156499e-02 7.466433766423082041e-02 7.721073904962084955e-02 7.994415769514627568e-02 5.911184031458902727e-02 2.074278485257426488e-02 2.184986988861553278e-02 1.688256642753144243e-02
2.793241964261958948e-02 8.754399713302957881e-03 7.457291485350759155e-03 6.273636342764911042e-03 5.319491006902940002e-03 8.427163530491110777e-03 8.959121528571947074e-03 2.368400000098715846e-03 3.160133333615902564e-03 3.178003193457850858e-03 5.659336030627098134e-03 6.311222259781168811e-03 6.481486559967486287e-03 6.503070346669227730e-03 7.017651032636529514e-03 9.953192902288181265e-03 9.286371806024802320e-03 1.889663726135018887e-02 1.587337867823529480e-02 7.418948020958424962e-03 6.307927701182893497e-03 6.937493820585695185e-03 7.210707548536554948e-03 6.879781285150477627e-03 7.129974508150662034e-03 1.528364633430633057e-02 1.076361209663945044e-02 9.174501220718852754e-03 8.095694261033244132e-03 7.506041993770379110e-03 5.689166926419781875e-03 7.787069775782115393e-03 6.931570566350389942e-03 3.653667193535663823e-03 1.144769515324712932e-02 1.670086768573206606e-02 1.804475499536857194e-02
1.532132553993503093e-02 7.527828243117363344e-03 5.659368030607008805e-03 3.621661860203100134e-03 6.155347543752322063e-03 6.536264086487897536e-03 6.524959807884202559e-03 5.785715177809397716e-03 6.195233933393064739e-03 6.439603679980899185e-03 7.521413736420181143e-03 8.123874380840320764e-03 8.502823900494589984e-03 8.611241376388975924e-03 8.862099532985197661e-03 6.291624941614577110e-03 8.721027016168123383e-03 3.751770961281370234e-03 4.629830148109340474e-03 4.693651584656518584e-03 3.431769825161761715e-03 4.472088877071442314e-03 4.640606468538924050e-03 3.431709860129710313e-03 4.575820388454358498e-03 6.079759468100853770e-03 6.453826612791343890e-03 6.482561108145599646e-03 5.040511275324187183e-03 4.672396755669313249e-03 8.821431626726931874e-03 7.096902152405567751e-03 3.669548018493667442e-03 5.710606044211198086e-03 7.377355514161644187e-03 1.234864089276919985e-02 2.345069104691052328e-02
7.815350909027515142e-03 6.556947979305552052e-03 3.241757860192745217e-03 5.627474697272344395e-03 4.824907787470440225e-03 3.447618388523703611e-03 3.225811193502675991e-03 6.355343961384384704e-03 7.675868329995972142e-03 8.291148994454020787e-03 9.092779669186239894e-03 9.575644808888214565e-03 9.746638949241498082e-03 9.784221188397607474e-03 9.866450156164760510e-03 8.781989672047966350e-03 9.391431840618209154e-03 7.572033220163106211e-03 7.311073494816341077e-03 7.267632668140761899e-03 6.750149476791301312e-03 5.069898098668290318e-03 4.672396755669313249e-03 6.139696693923804745e-03 7.318261986032963129e-03 3.617766371931945869e-03 3.241724068553746962e-03 3.209864526721656081e-03 4.456128934763548856e-03 4.640590468526230826e-03 3.431709860129710313e-03 3.225795193535458110e-03 5.659400030586918609e-03 7.337906408891393777e-03 8.616075113173322225e-03 1.458923783193080692e-02 8.689891576873916626e-03
6.674618700170065373e-03 6.550084320049899198e-03 3.653619193543061229e-03 3.241757860192745217e-03 4.456122103339669148e-03 5.898224235768900585e-03 6.397861171724905475e-03 7.707601268846809954e-03 8.995406852932760072e-03 9.598708621002044125e-03 9.908819124507757536e-03 1.004907439362385385e-02 1.008823375457312474e-02 1.009407815101938909e-02 1.010927199906789913e-02 9.761955230238058764e-03 9.893994516938148243e-03 9.307234512903491547e-03 9.175722213035879607e-03 9.196868544200226953e-03 8.944210527966321017e-03 8.068928088028301179e-03 7.500816382594607465e-03 7.945951327269981657e-03 5.675252965088454886e-03 6.326626897233035389e-03 9.817661616107125483e-03 7.172251963954283729e-03 7.134844962009190619e-03 7.233292981898665347e-03 6.881062056988855764e-03 6.547624030988629350e-03 7.529755209459943269e-03 1.329539745034208353e-02 2.117116649540590548e-02 1.149172415731530492e-02 9.779783380986815239e-03
3.621725860253870860e-03 3.241725860167360071e-03 5.659400030632393518e-03 6.313789086478316902e-03 6.994343849653994818e-03 7.730915656891847003e-03 8.330211556381512603e-03 9.220957385628466771e-03 9.822517423640857864e-03 1.004333208641172356e-02 1.011872433894085016e-02 1.014262275741701497e-02 1.014722442917034839e-02 1.014758779895190421e-02 1.014951416957545274e-02 1.006477715666322624e-02 1.009464491296556063e-02 9.948214353540136765e-03 9.919568047167089814e-03 9.935379417834596175e-03 9.864789488279242236e-03 9.546197502573234087e-03 9.312575473655200151e-03 9.490969879130247908e-03 8.523357430135986360e-03 8.471331737178374247e-03 6.075789530705782981e-03 7.957219084915307175e-03 8.728687267944663583e-03 9.072548157223976617e-03 8.893466778159093630e-03 8.688327543155070429e-03 9.170466872797516933e-03 6.746063252009175740e-03 3.518522628579527894e-03 7.405959435277950122e-03 8.817752512755292968e-03
