output/max_water_depth.asc
ncols 223
nrows 158
xllcorner 0.0
yllcorner 0.0
cellsize 30.0
[rows 34 to 50 of 158, columns 74 to 110 of 223]
7.776256926803140797e-03 3.660032153635800825e-03 6.802793544132810545e-03 7.820216801822908043e-03 6.992530725286571526e-03 1.200774969213856853e-02 1.541735890899283666e-02 9.187673148336045204e-03 8.859420523943782252e-03 9.359074744528272580e-03 9.737548764981994801e-03 9.884672226811318588e-03 9.912192412897213173e-03 9.914159204739491499e-03 9.914162609523855668e-03 9.914162609523855668e-03 9.914162609523855668e-03 9.914162609523855668e-03 1.039477269297653036e-02 9.914162558319304652e-03 9.914162583967055936e-03 9.914110812254449748e-03 9.914110453822587432e-03 9.912720164842113782e-03 9.912409739384685919e-03 9.912408664089100707e-03 9.912408664089100707e-03 9.913103872926085081e-03 9.913372988315613532e-03 9.913374521541782822e-03 9.914007444452664630e-03 9.914110274561181366e-03 9.914110453822587432e-03 9.912720164842113782e-03 9.904218624281868610e-03 1.583916364151623582e-02 5.875597648753998203e-03
6.608934040915732944e-03 6.028333963564258199e-03 7.650716184374259897e-03 8.948491702115946370e-03 8.993348595171054768e-03 2.762068059101412468e-02 6.898467865360866091e-02 6.138564915901448260e-02 9.301253896790256936e-02 4.737208950234588628e-02 2.404648404814922757e-02 1.190562767007809046e-02 1.013116222660167751e-02 9.962859885975859642e-03 9.924095782329033985e-03 9.915808574563497388e-03 9.914358617819318126e-03 9.914171147951065730e-03 1.729509737263753427e-02 6.888634891024058605e-03 8.870419351509131745e-03 9.624839711826581670e-03 9.856788016198636190e-03 9.906333529519115860e-03 9.913477463336249976e-03 9.914084686746291869e-03 9.914110428265785965e-03 9.914136326855014017e-03 9.914136663368053673e-03 9.914136663368053673e-03 9.914162430353401154e-03 9.914162558319304652e-03 9.914162558319304652e-03 9.914110812254449748e-03 9.980810405265926402e-03 1.254595844723874719e-02 1.827920869321193742e-02
6.442847667580887082e-03 1.392807300348538994e-02 2.686432799987400685e-02 2.788766252818902780e-02 4.681072809286280362e-02 4.612198482219308227e-02 2.908274483446215974e-02 4.986619464102895471e-02 2.786444084883750449e-02 8.067631873051026026e-02 1.078030411042319586e-01 1.262524539392441691e-01 1.346660729116455069e-01 1.425263267309457571e-01 1.476908192801099362e-01 1.501348555272140617e-01 7.571603485888769858e-02 3.816340110760859522e-02 2.293287580870667641e-02 1.471694193464716249e-02 1.095075069788795791e-02 9.903076903640339879e-03 9.883712313088412194e-03 9.911023398429762848e-03 9.914007981964033378e-03 9.914162379148848403e-03 9.914162558319304652e-03 9.914162583967055936e-03 9.914162583967055936e-03 9.914162583967055936e-03 9.914162609523855668e-03 9.914162609523855668e-03 9.914162609523855668e-03 9.914162558319304652e-03 9.914136685195926516e-03 1.917749541549563716e-02 1.073078248310110547e-02
1.939242749598045490e-02 2.279159953823274923e-02 1.181261562500697526e-02 2.563704995162225872e-02 1.809462266813492357e-02 1.434693273116274988e-02 1.216572908955052684e-02 9.844237880413293090e-03 9.845179502766343224e-03 9.900026401950100946e-03 1.070981390502799557e-02 1.127942313669677739e-02 1.094097730412214170e-02 1.071415594305982419e-02 1.040763314893392889e-02 1.061758391576719980e-02 8.397584365492134773e-02 1.228169802930687143e-01 1.407787412024869012e-01 1.497966888343010006e-01 1.547256308083930776e-01 1.066380694525918688e-01 5.536002423061561761e-02 2.831038098615035886e-02 1.666955830968339797e-02 1.296414578108884101e-02 1.021745744322609742e-02 9.956948574866626711e-03 1.701125037646381011e-02 6.888634891024058605e-03 8.870419351509131745e-03 9.624839763031134421e-03 9.856788067403187206e-03 9.906385326788523515e-03 1.051238449308469249e-02 1.392414516828314845e-02 1.272000410920120887e-02
8.509768305005790609e-03 9.573215288431614900e-03 1.595007272137393892e-02 1.288107046014696187e-02 1.131536785590790684e-02 1.053835551159275352e-02 1.016776788640848771e-02 9.512928860073476336e-03 9.872424157013462431e-03 9.880945732250921709e-03 1.029452492460544537e-02 1.035993763610670686e-02 1.003369891735340393e-02 9.914162609523855668e-03 9.914162583967055936e-03 9.914162583967055936e-03 9.914162583967055936e-03 1.010330083257489700e-02 6.888634891024058605e-03 5.893904215497812460e-03 3.660432153680265917e-03 5.304276856703001031e-02 1.096918628908464949e-01 1.385584148940511295e-01 1.051414519197248348e-01 5.674940491160586353e-02 3.065739428998204980e-02 1.943441333916491251e-02 1.598708850918549931e-02 1.079010991819225398e-02 9.401353525512180093e-03 9.750475074755312818e-03 9.883712261883859443e-03 5.442659825317204547e-02 2.959686872838427490e-02 1.067082480570177017e-01 5.455799315654440845e-02
9.366817769690470585e-03 9.734673121268799800e-03 9.876190932694527483e-03 9.908388643756127143e-03 9.913655616249827593e-03 9.914136968139728584e-03 9.914162583967055936e-03 7.737939795637006034e-03 8.821066151479983741e-03 9.952681594980758786e-03 1.086576617138555745e-02 1.069274237955462892e-02 1.005423202691330987e-02 9.914162199978392154e-03 9.914136685195926516e-03 9.914136506116420083e-03 1.002752879180049406e-02 9.914136506116420083e-03 1.645990351091250123e-02 1.542582434638705043e-02 2.885027552034505338e-02 1.963352771720886999e-02 1.447250255321214617e-02 1.215623361590936410e-02 5.296977063201328134e-02 1.092126774984581855e-01 9.648275361707778219e-02 8.812391692974677615e-02 8.779226571053995454e-02 8.814941414082676230e-02 9.014264409802998090e-02 9.058987652355914022e-02 1.369310982684565359e-01 1.077845447141835555e-01 1.468550856310654462e-01 7.583397265961673572e-02 1.328330665201225835e-01
9.853979652356003108e-03 9.905921676666850847e-03 9.913542983607413414e-03 9.914161278387411541e-03 9.914162609523855668e-03 9.914162609523855668e-03 9.914162609523855668e-03 4.724446699247972226e-03 9.822862411632314952e-03 1.180254263620875849e-02 1.170517447902377772e-02 1.058588876652132027e-02 9.912773340996439142e-03 9.914058426178172512e-03 9.913415193690098756e-03 9.913260096467211083e-03 9.913259558955842335e-03 9.913259558955842335e-03 9.913954703400605986e-03 1.716212790698390389e-02 1.322571874946655048e-02 1.131014013684174604e-02 1.025368477652003306e-02 9.920258090490761960e-03 9.914437213168213886e-03 9.914135428910895650e-03 4.635241088615638799e-02 6.898507575206408449e-02 8.100251750093238889e-02 8.709116379125328433e-02 8.934308349718740605e-02 9.086041336601065332e-02 4.546040729036748135e-02 2.333083571581617138e-02 1.300366554531032399e-02 9.871410952231174721e-03 9.887244289560415469e-03
9.702155091630202191e-03 9.863994452947309061e-03 9.906156644532104066e-03 9.913438964698371644e-03 9.914160817546445459e-03 9.914162609523855668e-03 9.914162609523855668e-03 2.153563802510281844e-02 1.635063458255311616e-02 1.390327054426373186e-02 1.179658655085725691e-02 9.961191568921574230e-03 9.910993586011983617e-03 9.912074519464596223e-03 9.904216695789303318e-03 9.900802356090507989e-03 9.900414770012076413e-03 9.900413874068845349e-03 9.908569950979228408e-03 9.912019825727412872e-03 9.913824008648163683e-03 9.906384134440969491e-03 9.853872617107782908e-03 9.881945441733052532e-03 9.906207567504253866e-03 9.911893708098007058e-03 9.905144544821751357e-03 9.909257395278049316e-03 9.912022053807534316e-03 9.904216644584750567e-03 9.892646313377129533e-03 9.888808818535410258e-03 1.201166371114007272e-02 9.200658429957486728e-03 9.375654413482637645e-03 9.669550871998154953e-03 9.716106539902768721e-03
9.282912084412172499e-03 9.728953244151425025e-03 9.861921224031478320e-03 9.902793023987697257e-03 9.913075728794438352e-03 9.914160075125921096e-03 9.914162558319304652e-03 9.914162558319304652e-03 1.143460374190320705e-02 1.142316243361485989e-02 1.004873812877251672e-02 9.845081232227612458e-03 9.860520476771425513e-03 9.882344821593079531e-03 9.832723426492093188e-03 9.801424602149864246e-03 9.794757513949238492e-03 9.794241231460120573e-03 9.849123867692042775e-03 9.881078877909687391e-03 9.904963315906144261e-03 9.855828743123793909e-03 9.597351403439034409e-03 9.727072148537928287e-03 9.844746442134720901e-03 9.882347667311053296e-03 9.840361030941068010e-03 9.860646848422704308e-03 9.882271262207299040e-03 9.832723224402369760e-03 9.746555991417637718e-03 9.707919122168760101e-03 1.410723891111600146e-02 6.687109082377889341e-03 8.655051048966497934e-03 9.175318765513595237e-03 9.007268297076310298e-03
8.755001181392375181e-03 9.554333405443260485e-03 9.696295966417465759e-03 9.821896857041370263e-03 9.895583579812893341e-03 9.912688108246157925e-03 9.914107919424651125e-03 9.914110453822587432e-03 1.334216146909378807e-02 1.152029127909693848e-02 9.798904924476601816e-03 9.479042998312736321e-03 9.545390199885817051e-03 9.655694156511828927e-03 9.458412252418868169e-03 9.305305070332480985e-03 9.260159352591954343e-03 9.253723429750181778e-03 9.489531994162036382e-03 9.646695272962031720e-03 9.811844743975174990e-03 9.606501118954413956e-03 8.724861925232772764e-03 9.232626722617652201e-03 9.562818363550407499e-03 9.673617609799775585e-03 9.497746119389860464e-03 9.571469224223192948e-03 9.660813374588114733e-03 9.458684938302696146e-03 9.069264708917699341e-03 8.866847791463017270e-03 8.766345691613906810e-03 8.754563311079920432e-03 8.754045009330668412e-03 8.131957398958122168e-03 7.017453284819141247e-03
9.700755430397778323e-03 9.598858635703011108e-03 9.120008295516100066e-03 9.434569902108280726e-03 9.773682444241359527e-03 9.892666148728976663e-03 9.911273010523956664e-03 9.912407230543551079e-03 1.714165097149228031e-02 1.027565377665590370e-02 9.435957702074603340e-03 8.007077975556543131e-03 8.284184735506214953e-03 8.645496710899834569e-03 8.105930136147009371e-03 7.687834355268507482e-03 7.544229545995704764e-03 7.516548945689948726e-03 8.206853532131871617e-03 8.639644832177084330e-03 9.310390108415533481e-03 8.724217403081213629e-03 6.455838918120728083e-03 8.456824097114380712e-03 8.737028514982312852e-03 8.793485953750434722e-03 8.246026769969405992e-03 8.503913909438352847e-03 8.666596985525330116e-03 8.112310779446062561e-03 6.993908129546554976e-03 6.722356180120793792e-03 6.712736980075230571e-03 6.712724180119646403e-03 6.712724180119646403e-03 5.206817043170858250e-03 3.660432153680265917e-03
9.677940768809577959e-03 8.834330571911352958e-03 7.238711459225243006e-03 8.289440757319910258e-03 9.362814349090996247e-03 9.790519370866179044e-03 9.879468770608157771e-03 9.888112246093016741e-03 2.511053221314302544e-02 4.163922693724595586e-03 8.886351449825035526e-03 4.909485207613109754e-03 6.282348188046550652e-03 6.662402903379794142e-03 5.203626148716852459e-03 4.893293084653546274e-03 4.877407947838841538e-03 4.877391947826149182e-03 6.301472896752480235e-03 6.657967656060160069e-03 7.862841676736507732e-03 6.366918970724134812e-03 1.314423882885539657e-02 8.816868592415203973e-03 6.884305370010754092e-03 6.715941855504449845e-03 5.467664138084389093e-03 6.454672705417274781e-03 6.674274394749469229e-03 5.203637395541813385e-03 3.660432153680265917e-03 3.660032153635800825e-03 3.660032153635800825e-03 3.660032153635800825e-03 3.660032153635800825e-03 4.656955416856668924e-03 6.251016637538364847e-03
9.393882832076571807e-03 6.770153470680452187e-03 3.660432153680265917e-03 6.901311477334757041e-03 8.866765661272013252e-03 9.582354997231532986e-03 9.704151577928797970e-03 9.703674143687323131e-03 1.454487285073026784e-02 9.948665264022505880e-03 3.845533941668785854e-03 3.660032153635800825e-03 3.660032153635800825e-03 3.660032153635800825e-03 4.656955416856668924e-03 4.861490810998751223e-03 4.877375947813456826e-03 4.877391947826149182e-03 3.660432153680265917e-03 3.660032153635800825e-03 6.361086263582060862e-03 1.272775429574565104e-02 9.907554844297493737e-03 4.185119500439636944e-03 3.660032153635800825e-03 3.660032153635800825e-03 6.194715852951726553e-03 3.721559079854964373e-03 3.660032153635800825e-03 4.656987416882053636e-03 6.251023037561631406e-03 6.654776779573391352e-03 6.709522046726003157e-03 6.712720980153487164e-03 6.712724180119646403e-03 7.128283784818146250e-03 8.009269470706870467e-03
8.196731939036482756e-03 1.350789900736878123e-02 1.449723913945712150e-02 8.452577947548941401e-03 9.538911334069354389e-03 9.407528793993634800e-03 9.044886678960695203e-03 8.870696596598946423e-03 8.817323255455930889e-03 8.813894988573822697e-03 9.582666342209809202e-03 1.276127288690893924e-02 1.446109452595177938e-02 2.424280179040074965e-02 2.843619053804316218e-02 2.377098633397175392e-02 1.226648998807514622e-02 8.137120420936781381e-03 6.910948617315495687e-03 6.722346580222317812e-03 5.584550275230856960e-03 8.537571295922617015e-03 6.535556278976124844e-03 6.533945275527608745e-03 6.681669845688398973e-03 6.709557704557179633e-03 5.467657738061122534e-03 6.454672705417274781e-03 6.674274394749469229e-03 7.125107472524783506e-03 1.469019868695301337e-02 2.001507045240378396e-02 2.477287218529298368e-02 2.863564757702230165e-02 3.120315044896098192e-02 4.936817030038513632e-02 2.471639257504001583e-02
6.391863958010313672e-03 7.541058547516086077e-03 1.380778908733796238e-02 1.515499133861704546e-02 1.069369449827129934e-02 8.579757248147442186e-03 7.094086522950905117e-03 6.722359380177901980e-03 6.712736980075230571e-03 6.712724180119646403e-03 1.127008226603320486e-02 1.505526019775552116e-02 1.670635954394374470e-02 1.110874731724246361e-02 7.958629076013978149e-03 1.244978517292824778e-02 1.928917412589212232e-02 2.126371751054042733e-02 2.692960973050406367e-02 2.366164140053933843e-02 1.897371115535911867e-02 1.231624630538709700e-02 1.479568815109831396e-02 1.040088364919350417e-02 9.160333116718478302e-03 8.816424405025401895e-03 1.613480237959292324e-02 2.168482822845755470e-02 2.503114048142297474e-02 4.011377845133732439e-02 3.714325266356901384e-02 3.477274843744546790e-02 3.250743804022671740e-02 3.201448490722671320e-02 3.362141128865213380e-02 1.851653782031171050e-02 4.352090509888326131e-02
3.737476344263891692e-03 5.998078342468838448e-03 6.609598956851793494e-03 6.706332713287944947e-03 6.712717780187328794e-03 5.206817043170858250e-03 3.660432153680265917e-03 3.660032153635800825e-03 3.660032153635800825e-03 3.660032153635800825e-03 4.676138383490142242e-03 6.673090515773461712e-03 6.767515247606449222e-03 6.719128446815981343e-03 3.788564676284190882e-03 3.660032153635800825e-03 1.243146025470548942e-02 1.331820073322776202e-02 5.072619688827703643e-03 5.802980347477498281e-03 8.388432523363287957e-03 8.768214909954196931e-03 9.085505748892984748e-03 2.167251612466994035e-02 3.376326202095850798e-02 4.106022187446949773e-02 3.461313580514892990e-02 3.133961771352239412e-02 2.947324448838396782e-02 1.518249343962115028e-02 1.014423183581450796e-02 9.852154919038668204e-03 9.806905795843276138e-03 1.019988205819893565e-02 1.015234871650457643e-02 9.262072916711560494e-03 9.348260590316868901e-03
6.461981656316007940e-03 3.772683114817377593e-03 3.660032153635800825e-03 3.660032153635800825e-03 3.660032153635800825e-03 4.656955416856668924e-03 6.251016637538364847e-03 6.654776779573391352e-03 6.709522046726003157e-03 9.797116064852664716e-03 6.101282600814952883e-03 4.930433947503662026e-03 3.660432153680265917e-03 3.660032153635800825e-03 5.966235219471749222e-03 9.635505322308016152e-03 7.744651461754984909e-03 1.141210126466987718e-02 1.721525674114084831e-02 1.102606751840861168e-02 9.653960636923676619e-03 7.292083626294332786e-03 7.232290156874598107e-03 5.993174684322975440e-03 8.787123321902557543e-03 9.032252566915786179e-03 8.837588501076909520e-03 8.767225150889800672e-03 8.132390211024839721e-03 7.803365521643655829e-03 8.594932873469162890e-03 9.142065947283782232e-03 9.272839282888099832e-03 1.077667987622911265e-02 1.013465979497917176e-02 7.290693481294085315e-03 7.673813029972308304e-03
