output/max_water_depth.asc
ncols 223
nrows 158
xllcorner 0.0
yllcorner 0.0
cellsize 30.0
[rows 68 to 84 of 158, columns 148 to 184 of 223]
4.993221042754666245e-02 1.015379148773307323e-02 1.015379148773307323e-02 1.015379075054214340e-02 1.015330626535204152e-02 1.014361636882811848e-02 1.006096603389367711e-02 9.671026400770173226e-03 8.561829592850227211e-03 7.311822502886678420e-03 5.691293363967058795e-03 3.653667193581138731e-03 6.750279934529423986e-03 6.748357793510984318e-03 6.555223093353669192e-03 7.223901886443962091e-03 6.908005091683790816e-03 3.653651193568445942e-03 4.617638353825072837e-03 1.119546649227407334e-02 6.430660496765955129e-03 3.463617976846005125e-03 6.126040131092047071e-03 7.553905935727123905e-03 8.782759621386032264e-03 9.502049417892961813e-03 9.734926302212882840e-03 9.931326032461116129e-03 1.008060120459548098e-02 6.517109016635314056e-01 9.710387620112200316e-03 9.745758829172231075e-03 8.786244305770636587e-03 7.460229616579563093e-03 5.849407904466867765e-03 3.431605986376023293e-03 6.735783341453605369e-03
3.500722944467334063e-02 4.750313356951254423e-02 1.015365591345060436e-02 1.015199275009352579e-02 1.013885295453791080e-02 1.006649434282324597e-02 9.771510634187036831e-03 8.823119667954855416e-03 6.437492923971232378e-03 1.182708418743356853e-02 5.100453590629422558e-03 6.231115407688549331e-03 5.314881745814732487e-03 7.512189128400056926e-03 8.300295237791473213e-03 8.981945351002182040e-03 8.884633807634130867e-03 7.366401475588177199e-03 7.177173935641002409e-03 3.669614756168964979e-03 4.507432550587488380e-03 5.943356044197678836e-03 5.020360110835168921e-03 6.116247139114528927e-03 7.445269043644765772e-03 8.105664929167220867e-03 8.516080531285738150e-03 9.141960273405387929e-03 9.732306634828531353e-03 5.934550086269492208e-01 4.852314247550044701e-01 1.002174493085065954e-02 9.518295922021462185e-03 8.106269953237174239e-03 6.386382231547138577e-03 3.225795193535458110e-03 6.547599231676825594e-03
2.206067467545725150e-02 7.397758119030821422e-02 1.015375524400541005e-02 1.015297797546325931e-02 1.014478059353267000e-02 1.009365725224186869e-02 9.888786276429058567e-03 9.369656705871861474e-03 8.663914688509508077e-03 9.129837715568540207e-03 4.898529925045642074e-03 7.520013336487938946e-03 4.923131509660094371e-03 7.532451293332528310e-03 9.071295505305427762e-03 9.722499118129675211e-03 9.834452708287682449e-03 9.275714116461572165e-03 9.146597952099440321e-03 7.446365637293169554e-03 7.104478174331341905e-03 7.839964141090919811e-03 5.332931945649908162e-03 3.447736526928717963e-03 5.675362697289681492e-03 6.325868873189500856e-03 6.482131466607932331e-03 7.525260776454269565e-03 8.674008566936649081e-03 9.469166168424166322e-03 5.924728103714168581e-01 4.838831811605529554e-01 9.925819778004990948e-03 9.236087999147898561e-03 7.858999063751509473e-03 6.760427025263305613e-03 8.123766175890962532e-03
6.239689415568656916e-02 3.906647938529730912e-02 1.015364382062715343e-02 1.015166315176018949e-02 1.013468870507993648e-02 1.003635878930752776e-02 9.638286070208309034e-03 8.472510671913808383e-03 5.883120232567584477e-03 9.168899303840561538e-03 7.853824654508748115e-03 8.817673310638773215e-03 7.843798336639541680e-03 8.669782904169242091e-03 6.051419126351543533e-03 8.646607506739640431e-03 9.673559676662521131e-03 9.846930177650833546e-03 9.899645792007034928e-03 9.308158113595241256e-03 9.114927695487025708e-03 9.417702270616687063e-03 8.375826628139734081e-03 6.791003252381523116e-03 3.653651193568445942e-03 3.241757860192745217e-03 3.209864526721656081e-03 5.659368030652482846e-03 7.335983996252360903e-03 8.054133408291348425e-03 8.781109311781149993e-03 7.772887847441292131e-01 7.061211896122893128e-01 9.887284637739395671e-03 9.392176145843662144e-03 8.971879369324127149e-03 9.120273834310394998e-03
8.499518086083568402e-02 2.098850552309057885e-02 6.849677092040219392e-03 1.406338545466536034e-02 6.810590306953951886e-03 1.317498831057180991e-02 6.114810926545387326e-03 8.514967508118250622e-03 4.972769922430240845e-03 8.021632334089633456e-03 1.514402167927098031e-02 1.533482632307887200e-02 8.007627361644594280e-03 5.774875413841687108e-03 7.370165428417150416e-03 5.498511683370688359e-03 8.768234654305040454e-03 9.632682944698430644e-03 1.000702626245172921e-02 1.543138939844571934e-02 6.825775969286826221e-03 8.827938316313049122e-03 9.281396402389403832e-03 8.953415479414148295e-03 7.336934964383076685e-03 6.581944373472759825e-03 6.496491736766145560e-03 3.653619193543061229e-03 5.700729497046377013e-03 6.337943539854785403e-03 7.055893221111654741e-03 7.750201403367207656e-03 6.241023942171525229e-01 5.426680499761500354e-01 5.311248625661355582e-01 9.822948779833936758e-03 9.584951138709116650e-03
4.408387042076329643e-02 6.294029146934528030e-02 5.635795295920544880e-03 1.232256465011008668e-02 1.128561856284491897e-02 5.209257100336213420e-03 6.589742250185265729e-03 8.528753834503261660e-03 7.882481424508555254e-03 8.954178061617752704e-03 2.054284535985655136e-02 2.007936007310608464e-02 6.132975557887336733e-03 1.180149756090745003e-02 6.623217857357411448e-03 3.481541079796595002e-03 6.976299077726181436e-03 9.095536837663061730e-03 1.712970078065038926e-02 1.760065886437410521e-02 4.898200107921038549e-03 5.472635582577658857e-03 8.287588505595964647e-03 9.364555237767019716e-03 9.159410421921605067e-03 8.808260425599187884e-03 8.604119217875891290e-03 7.239516936920594586e-03 3.653683193548356179e-03 3.241757860192745217e-03 4.536802992231468365e-03 6.063647015651812446e-03 6.025916473716387382e-03 4.907676583028636741e-01 4.761973544643360312e-01 5.563870497955938355e-01 4.749535101801874992e-01
2.462022705867613487e-02 6.160833269800194967e-02 1.511153932142340027e-02 1.039992408068341964e-02 2.048544571731633276e-02 3.257702684974145019e-03 6.484407931118874903e-03 8.562843663617500031e-03 9.203497430849421831e-03 9.714600921711717685e-03 1.466715669547636290e-02 1.653438330615531610e-02 1.722514640114664389e-02 7.761712045998289851e-03 1.240222467949730553e-02 4.720726792565724597e-03 7.244544445764511571e-03 9.128891470323181531e-03 2.022456482664714700e-02 1.674430546334464837e-02 4.940572145393760245e-03 1.181902879591856595e-02 1.242498182706881261e-02 3.892797955974818761e-03 7.563952183932528585e-03 9.061156689290767591e-03 1.861394019333647773e-02 3.653683193548356179e-03 5.703301443698473826e-03 6.337946099854997219e-03 7.658131292887970266e-03 3.329793068596180114e-03 2.765087807084200093e-03 3.160533333660367657e-03 5.643422209565113028e-03 3.621677860215792924e-03 2.375983403450626363e-01
1.682857572343965033e-02 3.757086241713945840e-02 2.610206917709136792e-02 2.020781037292754614e-02 1.212923506944556806e-01 6.101971112435491257e-02 3.076065018842972371e-02 2.124782435689673635e-02 1.343266440953938892e-02 1.004836201743772479e-02 1.453950214521891882e-01 2.146343037937747389e-01 2.481566091979398592e-01 1.645180066884026071e-01 3.313584436194944027e-01 3.121198268079918292e-01 2.697350870015409185e-01 3.082781129757136140e-01 2.669620149102988060e-01 1.683369748216315687e-01 2.332911056873122335e-01 1.346182571553781460e-01 7.959962713462077899e-02 3.241789860172655455e-03 6.584518240068172081e-03 8.806208912597398089e-03 8.777493219203029440e-02 1.156584270790119856e-01 5.799060162691151848e-02 3.787105330212030968e-02 3.400339194347279381e-02 5.643555674411043256e-03 3.160533333660367657e-03 5.595583055097602156e-03 3.621629860223190330e-03 5.691261363941674083e-03 1.188384386769360396e-01
1.387122969484844148e-01 1.956107409083193138e-01 2.915521862662542318e-01 2.439017148979930327e-01 1.699100326768923086e-01 2.317867593874551879e-01 2.593477061990072663e-01 2.765885103908154452e-01 2.850337692976538939e-01 2.381324272319166879e-01 1.414896478292360371e-01 7.118010207326716521e-02 3.601058516662647424e-02 1.188048843389054865e-01 5.918384524532755570e-02 5.904064010572338678e-02 4.219041375061303827e-03 9.057948452017353796e-03 1.400848815712877476e-02 9.741089227324495337e-02 4.847764677891912982e-02 2.922958381221537616e-01 2.588627393486422901e-01 2.573322222023600725e-01 2.565086846014896782e-01 2.566391858241851009e-01 1.671540857948587144e-01 1.387680471802293092e-01 1.965755237063657734e-01 2.237108010030904315e-01 2.517760549922066216e-01 2.524717366788291617e-01 1.260088297597046769e-01 6.281842289867928253e-02 3.129279447992074081e-02 1.837811185305298148e-02 6.264050067599483129e-02
1.354656243916120550e-01 4.454963918927575678e-02 3.676430380864692538e-02 1.362788288256467674e-02 3.481758072408563248e-03 9.828574032911086694e-03 9.398020865110285477e-03 9.850913215610018758e-03 1.946749165824756406e-02 2.692736835291467679e-02 3.241757860192745217e-03 6.350534208927794896e-03 8.056265192658869714e-03 9.572286290654558744e-03 1.001774496473943447e-02 1.026098583668088801e-02 1.011281217699932719e-02 1.433292999941831319e-02 2.001786184835099153e-02 1.001111220450856890e-02 7.868105601415193925e-03 2.336024134108113243e-02 3.483801855378748646e-03 6.156626809759579814e-03 8.326106993059044503e-03 9.602096446974869512e-03 1.003532417514678421e-02 1.013212851928572793e-02 1.013351092958645130e-02 1.014118836067198597e-02 1.014647671393093843e-02 1.013268188819482427e-02 1.250039343423463845e-01 1.881392295290150452e-01 2.193010954698335346e-01 1.183245516456361973e-01 7.456461953572954271e-02
3.871331605602178899e-02 4.680922516690615327e-03 9.100409964356482098e-03 8.828293361892598431e-03 6.471312341336418229e-03 1.741117064743666690e-02 1.038732612211533055e-02 1.075046880505977492e-02 2.974306835401805543e-02 8.311329758123247452e-03 3.653683193548356179e-03 5.675330697309771688e-03 7.441192686163156794e-03 9.214641597532576348e-03 9.784805773620503314e-03 1.115513417633890586e-02 9.954851489215326907e-03 1.979791820233502489e-02 2.498839929103232813e-02 3.653587193517675649e-03 5.659400030632393518e-03 1.689284691243574804e-02 5.507643830801450639e-03 5.708684779061532627e-03 8.500053695684512203e-03 9.624015750364818544e-03 9.985266581884829837e-03 1.007556106044420197e-02 1.002862257207697005e-02 1.006122067267413954e-02 1.008940556687365139e-02 1.001900333947149807e-02 9.972627773300228940e-03 1.004266144889287039e-02 1.011474835575016523e-02 1.175072067935612474e-01 9.529021398371992357e-02
3.131440697991211275e-02 7.500102075795551070e-03 4.488084235340715489e-03 6.974937607681676310e-03 1.034022614474041334e-02 1.762051615980820760e-02 1.787690252734727703e-02 1.253638507701626721e-02 1.331480205246685609e-02 1.268238960745881466e-02 7.439160537778526788e-03 3.415833331897527320e-03 6.197746223429529723e-03 9.267193371602373830e-03 9.256056296749633899e-03 1.236807424500101400e-02 9.132920116167482852e-03 3.244225148127153485e-02 8.626390847053229047e-03 6.311219699780956996e-03 3.241725860167360071e-03 6.470393632533265847e-03 8.154432236847683479e-03 9.102883997843931596e-03 9.706332353721775635e-03 9.841993091800291596e-03 9.811315217053091786e-03 9.792676991378796922e-03 9.569095967186042745e-03 9.697783523575238471e-03 9.779367824217373786e-03 9.532324235874951521e-03 9.351711290287752568e-03 9.614054113467758109e-03 9.913993384021053956e-03 1.006813489141266879e-02 9.529232139979375293e-02
5.714088367422018311e-02 1.298811976721543984e-02 3.707555868738385014e-03 6.295950480178470580e-03 1.275186501735655134e-02 1.099577567529332403e-02 2.003985879866945763e-02 1.132932062524127058e-02 3.415903494638921484e-03 1.939462326277007626e-02 1.064924014797314841e-02 4.488061404005944804e-03 4.971859167518340693e-03 1.159297069772273307e-02 8.056980507195004790e-03 1.584733905450839975e-02 5.421286852124357174e-03 2.036499967603204106e-02 8.836092060642373319e-03 5.659368030607008805e-03 3.621661860203100134e-03 6.323650640668455024e-03 7.285317806970960028e-03 7.659033070354312640e-03 8.896258835853118260e-03 8.960488687694565316e-03 8.775853142765740328e-03 8.639321415580963892e-03 8.133614835648023816e-03 8.636240634291867183e-03 8.698932497668905583e-03 8.012345425027420087e-03 7.610023171742326571e-03 8.400715829543955668e-03 9.207435504072675886e-03 9.704771788915862382e-03 9.966843543248145657e-03
3.581157257707143216e-02 2.426272225671194036e-02 7.860522047099477091e-03 5.216014299211547620e-03 6.544946699256927805e-03 9.054434828889127568e-03 2.626784603577855468e-02 7.027857463806975666e-03 4.543212750227539412e-03 8.768153041989896687e-03 1.818384157847746305e-02 3.913125463098975770e-03 6.241961625308356174e-03 1.985934327575588493e-02 3.637690368728878874e-03 1.261386291541883621e-02 5.174127565716336342e-03 8.370465790094117411e-03 1.006680379659078209e-02 3.241757860192745217e-03 5.627474697272344395e-03 5.279886369643538996e-03 5.276159502787466059e-03 5.264534942100487433e-03 7.705569654968244357e-03 7.037175778130998552e-03 6.572071246462763035e-03 6.508855380305357541e-03 5.282008082766825874e-03 6.776978602381966699e-03 6.814723627729539317e-03 5.059548417217197072e-03 4.813998632076571527e-03 6.690557587315305518e-03 7.669740747731446616e-03 8.586584989894148826e-03 9.307280428288763202e-03
2.959692991579535026e-02 1.687276198198210328e-02 7.944719878947110667e-03 6.285562895096048243e-03 6.132575958997027975e-03 1.799521715871775854e-02 1.482617764357801494e-02 6.749958829987276303e-03 5.407143345702735207e-03 1.802646694686215606e-02 7.757344634342629858e-03 8.574481865420669272e-03 4.800084293534640639e-03 1.381120452272888849e-02 5.985719290909508744e-03 3.225845035345781178e-03 5.627442697246958815e-03 6.264857254071210663e-03 6.461793929776036075e-03 3.653619193543061229e-03 3.241757860192745217e-03 8.191569820343970812e-03 1.055569129273775143e-02 1.157608009916223299e-02 7.486194836518358757e-03 3.669580018473577680e-03 3.241773860159963098e-03 3.209864526721656081e-03 6.006644680885971088e-03 4.919450962947250275e-03 3.447611666084564840e-03 4.472104877038659762e-03 6.568644316342704854e-03 5.022282483063082899e-03 6.239703374732899314e-03 6.932713996328055718e-03 7.721410830989150487e-03
1.978104611445260369e-02 8.698603548942158287e-03 6.851142838445851979e-03 5.338932069270621583e-03 1.728877755903163518e-02 1.544121414150198025e-02 8.570480384628794204e-03 6.370241237567268386e-03 1.360966252482974891e-02 7.016376852068895859e-03 4.731129608216539349e-03 1.059509225080924530e-02 3.758184593810597399e-03 1.113117846504487612e-02 4.731166363825870663e-03 3.486540216605287304e-03 3.225845035345781178e-03 3.209848526708963291e-03 3.209832526741745844e-03 5.659368030652482846e-03 6.338447934325301680e-03 3.653587193517675649e-03 3.241757860192745217e-03 3.209864526721656081e-03 3.209832526741745844e-03 5.659384030619701161e-03 6.313789579106121770e-03 6.481489759979120434e-03 5.280720365601545598e-03 4.725079399837394181e-03 6.192989643281356441e-03 6.926230594315820749e-03 5.404623752851758257e-03 4.736464167092576880e-03 3.431801825141671952e-03 4.472088877071442314e-03 6.074315726873445384e-03
9.680557726483570574e-03 8.593837523517762131e-03 5.911655047095682423e-03 5.884069744996478155e-03 2.094909514277552148e-02 9.456013920385416410e-03 8.806343017227375239e-03 7.865255700176463499e-03 8.753997324334236024e-03 5.691309363979751151e-03 3.637688526911158834e-03 6.711481750251658586e-03 7.864298120853603635e-03 7.781235957941574216e-03 3.669645860342068446e-03 5.767182478654262097e-03 6.318200005314900808e-03 6.480853394357943831e-03 6.503069066646383935e-03 7.526540989745734989e-03 8.091980337872416162e-03 7.160476325703243709e-03 6.607803751245710372e-03 6.509495093276308243e-03 6.504358879972750064e-03 7.527184542830690252e-03 8.145155812122070391e-03 8.492606669392886373e-03 8.079059515444428005e-03 7.591661190531780005e-03 1.248590446727854131e-02 1.504729375775103010e-02 1.033618965982485184e-02 8.205051340769828686e-03 6.913840704191939225e-03 5.070546232024001135e-03 3.447650388549089191e-03
