output/max_water_depth.asc
ncols 223
nrows 158
xllcorner 0.0
yllcorner 0.0
cellsize 30.0
[rows 34 to 50 of 158, columns 148 to 184 of 223]
1.015379149287171968e-02 1.015378631880183534e-02 1.015365592704755085e-02 1.015199313017136132e-02 1.013796615582167326e-02 1.005198168552440957e-02 9.679960876406297834e-03 8.544533803820272486e-03 6.100125073300685478e-03 1.248019525680223521e-02 7.318489925144711777e-03 6.819201678770803882e-03 5.263437363797644937e-03 2.368399999916817079e-03 3.160133333524953181e-03 3.178003193412375516e-03 3.209800526716360698e-03 5.659368030470584079e-03 3.621693860319435097e-03 5.691261363941674083e-03 9.767824839967251607e-03 1.043201937893671778e-02 1.131741621541139907e-02 9.170037046374529890e-03 8.460564919710564930e-03 9.867989519512307059e-03 1.148781912577349386e-02 1.257505677411022843e-02 1.821452343619798242e-01 5.608626553724376657e-02 9.679164462136654115e-03 9.536194598627372940e-03 9.950221275790213996e-03 1.286542766302746499e-02 7.258318582166205582e-03 1.000000100000000021e-05 1.000000100000000021e-05
1.015379149805583671e-02 1.015379145703762705e-02 1.015375524909857899e-02 1.015298325680804269e-02 1.014494649691685679e-02 1.009530477542783418e-02 9.900089441112400884e-03 9.454425840545340604e-03 9.163781365646612997e-03 1.107071741091702685e-02 8.997895047310050520e-03 8.003951550859242370e-03 6.906428715736290594e-03 5.247410697089587538e-03 3.178003193412375516e-03 5.627346697079853993e-03 6.240480275836629218e-03 3.653587193608625900e-03 5.691293363967058795e-03 3.621725860253870860e-03 3.241725860030935345e-03 7.371504774187528398e-03 9.254251465450110542e-03 9.717324517919664895e-03 9.629220027295997894e-03 9.873425768387716212e-03 1.006679282647881743e-02 1.814331403732263315e-01 1.179861297579925389e-01 7.143681801540410249e-03 8.108218947586905145e-03 7.563191362540345325e-03 6.197088214965440316e-03 3.574774564020361412e-03 1.000000100000000021e-05 1.000000100000000021e-05 1.000000100000000021e-05
1.015379149805583844e-02 1.015379149801036267e-02 1.015379135467399906e-02 1.015368277182959224e-02 1.015178903992408274e-02 1.013652591184425848e-02 1.007165122298418758e-02 9.938740354050863007e-03 9.952432270279573667e-03 1.046904775432765979e-02 9.850979542466562280e-03 9.400077573105123860e-03 8.256524567355412111e-03 7.329566929509490243e-03 6.482761013156158533e-03 6.475072053361253903e-03 3.653587193608625900e-03 5.695585603878607246e-03 7.360124369423026898e-03 6.890615480422747699e-03 6.575517066592618913e-03 8.167181738668186433e-03 9.481234597410988577e-03 9.964481120210153323e-03 1.002650930147454787e-02 1.009031663641097275e-02 1.072351161797277172e-02 1.382976365634581151e-01 3.241757860192745217e-03 3.653603193530368439e-03 6.376616607784491887e-03 5.915297276684365439e-03 4.668906561220381377e-03 1.253976633788096012e-02 1.000000100000000021e-05 1.000000100000000021e-05 1.000000100000000021e-05
1.015379149796488863e-02 1.015379149801036440e-02 1.015379149805583844e-02 1.015379121124668389e-02 1.015361033553334284e-02 1.015115784373436629e-02 1.013723025096213183e-02 1.010556402691280276e-02 1.011436679839378995e-02 1.023740303846851392e-02 1.010534256195158749e-02 9.990047593988022126e-03 9.600801198326265953e-03 8.889181028940117135e-03 7.973495277952210442e-03 7.040992282925906051e-03 4.488009989368789421e-03 4.862062944454520128e-03 7.406028127775684394e-03 8.470348459309646680e-03 1.311699949974214768e-02 2.069836667529529814e-02 2.745431609334095246e-02 1.766353348223263092e-02 1.318266344417268372e-02 1.107832077143528632e-02 5.550331108111355993e-02 9.722709844617359598e-02 6.312503719353225115e-03 5.659368030652483714e-03 3.209815681126354080e-03 3.187816235973666822e-03 3.160512193522406303e-03 1.000000100000000021e-05 1.000000100000000021e-05 1.000000100000000021e-05 1.000000100000000021e-05
1.073261838593389181e-02 1.056613831788801722e-02 1.015379149796488863e-02 1.015379149801036440e-02 1.015379113962397613e-02 1.015361040715605234e-02 1.015186161964764557e-02 1.014621463498359237e-02 1.014650674644643202e-02 1.016921706075252924e-02 1.014916260116977519e-02 1.012943874277469347e-02 1.001615966290545293e-02 9.632422443633442341e-03 8.633663432670331608e-03 6.712575671334087418e-03 3.415833331897526887e-03 1.472478186309781646e-02 7.048347750945559154e-03 3.743940030360599740e-03 4.763198255864430943e-03 3.486624976236423531e-03 3.225845035391256086e-03 9.263743991380399279e-03 1.120275189639458567e-02 1.101435181165059951e-02 1.093424938020882836e-01 4.869843931487028571e-02 8.094847262259903531e-03 7.488635729130799570e-03 6.173389582143607238e-03 5.443535799091629886e-03 2.764887807061967764e-03 4.235067421444116929e-03 4.624913309724920651e-03 1.379297735875845490e-02 1.000000100000000021e-05
7.021485315869867294e-02 7.008510820562389998e-02 1.015379149796488863e-02 1.015379149796488863e-02 1.015379149796488863e-02 1.015379121129215967e-02 1.015368291516595932e-02 1.015305583648613320e-02 1.015269828851658729e-02 1.016084591285605979e-02 1.015352677870895101e-02 1.015083084769274543e-02 1.012198018318075272e-02 9.963904716983492532e-03 9.428879755092097609e-03 8.366173643412804992e-03 7.800566471201350605e-03 1.121787431704932177e-02 6.600815031344783868e-03 3.241789860081705638e-03 6.019267972040432541e-03 6.523999576582463142e-03 6.522408580083828566e-03 8.313139189454416336e-03 9.580027615198091762e-03 1.002589834031412941e-02 1.349533114321964378e-01 2.429186716058065118e-02 1.050968456663712094e-02 1.206437231992411353e-02 1.587636206077002593e-02 6.671255446743197190e-03 4.385403676042572141e-03 6.706470834033350162e-03 6.918444663712449740e-03 5.302873336942167358e-03 3.348796267323618341e-03
3.994977568506043464e-01 2.660250646536720942e-01 2.037330369902279614e-01 1.015379149796488863e-02 1.015379149796488863e-02 1.015379149796488863e-02 1.015379135462852328e-02 1.015375535150768276e-02 1.015368703267584619e-02 1.015608562581790664e-02 1.015378079612263076e-02 1.015343108581463066e-02 1.014689734354349941e-02 1.009279247716720826e-02 9.848131167223514101e-03 9.212509938447948493e-03 8.307271873923568681e-03 7.068146207003942610e-03 1.074853623493191197e-02 4.456141518739017288e-03 4.941570860952262771e-03 7.222089443856129047e-03 8.167416207220851848e-03 9.289479288350305231e-03 9.906383871043986447e-03 1.010861272545797267e-02 1.484697306187853227e-01 1.473716719238272153e-02 9.706394804630220224e-03 8.385750087632445546e-03 3.653651193568445942e-03 6.674388570680201728e-03 3.433807098978074960e-03 1.006467235349176211e-02 8.884444546173703508e-03 5.017404601353760672e-03 6.070980143165904605e-03
8.931609721981190186e-03 2.659889239322471011e-01 3.094382706588360565e-01 2.363179609462792430e-01 1.015379149796488863e-02 1.015379149796488863e-02 1.015379149796488863e-02 1.015379145703762705e-02 1.015378635463592624e-02 1.015421983636359375e-02 1.015379145189898233e-02 1.015375467056900058e-02 1.015261889426754931e-02 1.013866279347483586e-02 1.005373477353303791e-02 9.774496035902741423e-03 9.296793424596655822e-03 8.936581529701911539e-03 9.281333019620778210e-03 5.899091936597068535e-03 3.447634388536395967e-03 6.915552721962196780e-03 8.691107444542907692e-03 9.713980526180861566e-03 1.006377145133727224e-02 7.994235063438236144e-02 7.666485908122536164e-02 1.006259362563967537e-02 9.653911665350718360e-03 8.585428551464687266e-03 6.833205964547340618e-03 7.060661127259771491e-03 4.491436583804447186e-03 6.244451078824111989e-03 1.331789369879648327e-02 8.640630861781727415e-03 8.693995654984420368e-03
6.750752519936320181e-03 6.543152458341972011e-03 2.322568811084222140e-01 3.086406537930945770e-01 2.341984782531042752e-01 1.124430165748640555e-02 1.015379149796488863e-02 1.015379149796488863e-02 1.015379149287171795e-02 1.015384421673432708e-02 1.015379149796488863e-02 1.015379135462852328e-02 1.015368204987269866e-02 1.015141980049109882e-02 1.013170599828798306e-02 1.004721032015867127e-02 9.862501107068495643e-03 9.637622848118082911e-03 9.014475585241132558e-03 6.911625400205702145e-03 4.472104877038659762e-03 5.070688876672564682e-03 8.031894659803112679e-03 9.527678971267487806e-03 1.001705117121262992e-02 3.851922189911683586e-02 1.216257424133156267e-01 1.011706498186456908e-02 9.955726836847573688e-03 9.542165963307964668e-03 9.036137825365116172e-03 9.330071431600557921e-03 1.009271035616210108e-02 1.672756279659746298e-02 1.137302462826772151e-02 9.486582826444003858e-03 9.351755669740760904e-03
3.431769825161761715e-03 3.225795193535458110e-03 4.456144934730766304e-03 2.344912920330534944e-01 2.710552278433656648e-01 1.973109813450461547e-01 1.113761951475369938e-02 1.015379149796488863e-02 1.015379149796488863e-02 1.015379622638236910e-02 1.015379149796488863e-02 1.015379149796488863e-02 1.015379120106034427e-02 1.015359933082935102e-02 1.015059598705691721e-02 1.013004148323987802e-02 1.005030168687470228e-02 9.792657005823898406e-03 8.889867255834800475e-03 6.697940307829519137e-03 3.415817331884834530e-03 6.089955603018204142e-03 8.186263007269631992e-03 9.576315501795289523e-03 1.003684990080317731e-02 9.889083783008208173e-02 6.150810737183464577e-02 1.014748977024781604e-02 1.010665076789835776e-02 9.961781439347290601e-03 9.642255723770616974e-03 8.976579774230669315e-03 6.919342957985904347e-03 2.765510202518104820e-03 4.430067727947106446e-03 7.858028562782679374e-03 1.383415073930993090e-02
6.247503804673422249e-03 6.419590321873436950e-03 5.030088367245464341e-03 3.447650388549089191e-03 1.552606810610322463e-01 1.761003050135290515e-01 1.760025678792569992e-01 7.806263735051728603e-03 4.914548885475456333e-03 2.150779954811605013e-02 9.774847819631287890e-03 8.880428589168772036e-03 6.620978499102936517e-03 1.202832290009050141e-02 4.308507532393943650e-03 2.161769168656828971e-02 1.008864162583948676e-02 9.798312729686115344e-03 8.723062039348845539e-03 6.539938069916495685e-03 3.225779193522765320e-03 6.422026200394185570e-03 8.380893721528521328e-03 9.697631726772201408e-03 1.007591929562794142e-02 1.299774443095181586e-01 3.094947929812164739e-02 1.365262455731270849e-02 1.840282250780136269e-02 2.852341087070180137e-02 2.956433500012417212e-02 2.192829495398448264e-02 1.452306046959679110e-02 5.315315837620952777e-03 2.765710202540337150e-03 6.296418716700027257e-03 1.028602686594739038e-02
1.444251920096609014e-02 1.016563595474097997e-02 8.390616555630458356e-03 6.839619624101104904e-03 5.785018471802633178e-02 1.650569133697794844e-01 5.962441391468151775e-01 6.585807413383116746e-03 3.241789860172655455e-03 1.139795966490770272e-02 1.010207656055098387e-02 1.620203794760431346e-02 1.235680888535559303e-02 5.405275160649910225e-03 5.835416177167753078e-03 1.241008416152070137e-02 2.782150228438285203e-02 9.256809235808289085e-03 7.306608477415907181e-03 3.653619193543061229e-03 5.659384030619701161e-03 7.515750130922350947e-03 9.097469996936963926e-03 9.919130161575124768e-03 8.038140296659608552e-02 8.135850774731391566e-02 5.830772631091814956e-02 3.901146613532699425e-02 2.703746144925604777e-02 1.101313688088910621e-02 4.456144934730766304e-03 3.225811193502675991e-03 3.447559319298459414e-03 4.774929427498932760e-03 4.320468443518130260e-03 6.877685424759073102e-03 9.242137523847745659e-03
2.963359458416419540e-02 3.871642495911078313e-02 2.162388304662270916e-02 1.481315232208711002e-02 3.413325864447186442e-02 1.507445741827414531e-01 5.557484036011850481e-01 5.068680613204371577e-01 4.683004881473257774e-01 4.678566794600030332e-01 4.664860413967579222e-01 4.671416952425607727e-01 2.336347733734993881e-01 1.395482519270844490e-01 4.698094130661521761e-02 3.906948692786367527e-02 2.815011123850615082e-02 9.440927114133485648e-03 7.971758628241771769e-03 6.198707532674342484e-03 4.925839208424950474e-03 5.303151066389617634e-03 8.410457622312697556e-03 6.048120857311968523e-02 6.053374501750609371e-02 4.049610906869195032e-02 3.209832526741745844e-03 3.209848526708963291e-03 3.225811193502675991e-03 3.447650388549089191e-03 5.016949002718647070e-03 6.308368589388838911e-03 5.659400030586919476e-03 3.447559319298459414e-03 5.974297296292606710e-03 7.704380178082026812e-03 9.419365638928397025e-03
9.955848880047473912e-03 6.452017919331214449e-03 6.648921651721864667e-02 1.037295020633404175e-01 2.341039688817743714e-01 1.973352266914618902e-01 3.447650388549089191e-03 5.899314469668859480e-03 7.732204736665260376e-03 9.382600330605313579e-03 1.001825703667735476e-02 1.014513264738114463e-02 2.332878037227662238e-01 3.721592456383612801e-01 4.923460732893408798e-01 4.568780683937157527e-01 5.026590378269514270e-01 4.629429789859551003e-01 4.626529429628979395e-01 5.495883623726484091e-01 6.104706204048959695e-03 3.447736526928717963e-03 4.993862257598911253e-02 5.034927441454375291e-02 4.046968395775865646e-02 2.011936275710166436e-02 6.504355679961116785e-03 6.506926986647267042e-03 6.545711956785560566e-03 6.945525021216045550e-03 7.660550258083715335e-03 7.692960169932227567e-03 6.308368589388838911e-03 3.225811193502675991e-03 9.638141833490324745e-03 1.053797287391745365e-02 1.338590618228134924e-02
8.160505356146442388e-03 5.842485946126332874e-02 4.647286660090273885e-02 3.255307466395195720e-02 4.945503155281079366e-02 5.543535918675190910e-02 5.041881728472385506e-03 4.456144934730766304e-03 7.019589593444942183e-03 8.856873145874018943e-03 1.002751972689610097e-02 1.023174769009117975e-02 1.127555076579982163e-02 1.046271546163141802e-02 9.740853165226767002e-03 1.676937677905073962e-02 1.311365712970244748e-02 1.017661000189876847e-02 9.217700902013787126e-03 4.602068900582919064e-01 6.024955137225372903e-01 5.804744017375980114e-01 5.569451491026168322e-01 4.942356410768329877e-01 2.530450496003619834e-02 1.104734503535786082e-02 8.632151079996659704e-03 8.655808030812733520e-03 8.724748180907668238e-03 8.990091838473277322e-03 9.340391161254488900e-03 8.962206632464116141e-03 7.652581067857789146e-03 6.344693379294873495e-03 7.398845373519105650e-03 1.562403298480364959e-02 9.145419610059199456e-03
8.138277199441527887e-02 5.085128310881873587e-02 3.550921018829784892e-02 1.979385036413876600e-02 1.905863464610364419e-02 5.921436433344203637e-02 6.549338762162348025e-03 3.225844089334867042e-03 6.546333024898015607e-03 8.627084001796432935e-03 1.059077212269174395e-02 1.106771775869263771e-02 1.251348641910725312e-02 1.019644113487218860e-02 8.686755000940576607e-03 2.486215173376466261e-02 9.925567889962421189e-03 7.199515208163106625e-03 7.570701144800735631e-03 8.863207419131397674e-03 9.767379184245767593e-03 1.008442445420358255e-02 1.014688731131671746e-02 5.905255414824003291e-01 5.021079667883395770e-01 9.981119335612204796e-03 9.787374918710596908e-03 9.790441349810391145e-03 9.815372255730363260e-03 9.879770859311505157e-03 9.959823523445706511e-03 9.769386585617653024e-03 9.025990805389925986e-03 7.989849430100989802e-03 7.224596113588162977e-03 5.443992643241746254e-03 1.262681405905815776e-02
4.072424468388406715e-02 2.127257364358933409e-02 2.042773117365098354e-02 6.836984546992198875e-03 2.324390537705523299e-02 4.182808663587265358e-02 6.751592056851331639e-03 3.481567990107730260e-03 6.688811677493611794e-03 8.587438726658987512e-03 1.431627697927568763e-02 1.206937619651897442e-02 1.458253222861218522e-02 8.506328343996590394e-03 5.994544968698145224e-03 2.339059764313591167e-02 1.492442306352989405e-02 4.447450809616542572e-03 5.675344855413794187e-03 7.542849526551543594e-03 9.216768227520773238e-03 9.944836322052182098e-03 1.012443095471597491e-02 1.014920084719549837e-02 5.941301150666377096e-01 5.058321643719826399e-01 1.009444210451464034e-02 1.009462400445544118e-02 1.009699591393244458e-02 1.010934830862923565e-02 1.012219315800892694e-02 1.006098229688676300e-02 9.754242122904072110e-03 9.025508912532571870e-03 7.864707591648298357e-03 5.958808535577300725e-03 5.352534389758249050e-03
