output/water_depth_6840.asc
ncols 223
nrows 158
xllcorner 0.0
yllcorner 0.0
cellsize 30.0
[rows 85 to 101 of 158, columns 74 to 110 of 223]
1.000000000000000021e-08 1.000000000000000021e-08 1.000000000000000021e-08 1.000000000000000021e-08 1.000000000000000021e-08 1.000000000000000021e-08 1.000000000000000021e-08 1.000000000000000021e-08 1.000000000000000021e-08 1.000000000000000021e-08 1.000000000000000021e-08 1.000000000000000021e-08 1.000000000000000021e-08 2.291256168619709265e-05 1.000000000000000021e-08 1.000000000000000021e-08 2.798710842496500870e-05 5.510447873345549250e-05 1.000000000000000021e-08 1.000000000000000021e-08 1.000000000000000021e-08 1.026278788191045263e-05 1.720868083064399005e-05 2.737055154936893838e-05 1.000000000000000021e-08 1.000000000000000021e-08 1.000000000000000021e-08 3.141962937605214268e-04 1.645418044762580727e-05 6.437458371534746451e-05 2.759205701667449614e-05 1.646129550374776109e-04 1.097293345424411187e-04 1.592464830299796072e-04 1.079688937970131477e-04 1.148163173119592017e-03 9.904521769342662391e-05
8.554984987359927177e-04 7.068996502904446844e-05 3.896510740747786191e-04 1.761936245251020689e-05 1.000000000000000021e-08 1.000000000000000021e-08 1.000000000000000021e-08 1.000000000000000021e-08 1.000000000000000021e-08 1.000000000000000021e-08 1.000000000000000021e-08 1.000000000000000021e-08 1.000000000000000021e-08 1.509210627763814583e-05 1.207461497932318436e-05 1.000000000000000021e-08 7.389023610955025871e-05 1.664761473203878325e-04 3.329743582695568580e-04 4.282003160279382477e-04 4.180088940333573692e-04 1.316376592604419260e-05 1.000000000000000021e-08 1.000000000000000021e-08 1.000000000000000021e-08 1.000000000000000021e-08 1.000000000000000021e-08 1.399116351056254249e-05 2.822659265079296444e-04 3.072124734719378569e-05 4.610531877010669885e-05 6.506268346944909489e-05 1.479988344113687367e-04 9.461563247515658614e-05 1.712439027699129293e-04 1.258274240799725410e-04 1.602456965131861515e-04
2.931574118933060350e-05 5.609623369532092720e-05 1.034648622229744391e-04 5.549439887995161321e-04 3.712529979067997305e-05 3.711902660260857920e-05 2.954973710199141392e-05 1.864803052593805817e-05 1.000000000000000021e-08 1.000000000000000021e-08 1.000000000000000021e-08 1.000000000000000021e-08 1.000000000000000021e-08 1.371862206548407608e-05 1.779432707033294766e-05 1.720922937106963399e-05 1.000000000000000021e-08 1.000000000000000021e-08 2.203570875479118907e-04 3.218571039327158324e-04 6.168263864499385707e-04 5.633238157553778665e-04 3.668060483211418312e-05 3.009280927605021495e-05 3.851063355909927616e-05 3.164169662212333947e-05 2.017071732080315748e-05 2.834369894579883770e-05 5.671220308503292990e-05 5.827626320061751655e-04 5.790771391813538324e-04 9.497136080756673527e-05 1.925799228605429628e-04 3.912717577012305359e-04 1.733443447283729082e-04 4.569968996350187024e-04 5.954186017880319062e-05
8.651106052655325074e-05 1.113505987582435032e-04 1.401324935911157129e-04 6.440012573034181037e-04 8.439708592297950462e-04 9.977985292873149756e-04 7.858367422149001519e-04 6.161602533908272375e-04 6.687036827832344493e-04 4.989955408146336518e-04 5.841852920726779783e-04 4.889370082429866406e-04 4.158517545170050409e-04 3.052525474303598293e-04 2.185302821094913222e-04 1.000000000000000021e-08 6.040951676373536333e-05 4.892695441161573709e-05 2.236411615008128677e-04 6.090944470419968650e-04 5.329678953253259984e-04 8.911575791064126235e-04 1.851493465310572253e-04 2.136263277372938644e-04 1.724898824426063541e-04 2.172351000248349076e-04 1.887979832249969052e-04 2.336277352108697824e-04 1.834260936715156822e-04 2.655503508082220749e-04 9.958699681508324277e-04 1.052754676400552251e-03 7.213485541545111438e-04 1.157877127034946717e-04 4.084410002024026036e-04 2.662446108761118554e-04 5.207792703558305732e-04
2.128115222517174368e-04 2.081571703961638056e-04 2.092446712678131492e-04 1.954335271755365522e-04 2.451772102866594106e-04 2.965707114551018779e-04 3.223631967804142188e-04 1.965807034407398343e-03 1.173805190680544475e-03 9.890216470667140963e-04 6.342513353525536246e-04 6.219947313524115283e-04 6.514448849252904268e-04 7.008953400830364834e-04 7.052743485066270777e-04 5.098017596604054831e-04 3.697642097380764267e-04 3.602505359248846586e-04 3.390034590074793709e-04 4.601303205222134264e-04 1.170996651699775628e-03 1.693410966072570042e-03 2.140931359832350979e-03 2.543200398796120060e-03 2.841824909514193732e-03 3.321132592558527930e-03 3.639122782516378361e-03 2.637057336840024566e-03 3.882278162047803527e-04 3.799465295209692112e-04 3.914029018706924323e-03 4.358774214366247998e-03 2.916197827461678750e-03 1.898927018987065516e-03 1.284057416347419338e-03 3.543177211399961774e-04 2.688566217825454161e-04
2.660330670251162977e-04 4.585672269327258142e-04 6.164812816234916662e-04 7.652522935180567677e-04 4.364093067561776581e-04 3.176601058812177926e-04 1.997384379955608044e-04 1.285195001598017119e-04 7.429878432896555194e-04 4.482022831713621479e-05 3.152136855028928454e-05 3.706278810416878351e-05 2.868616890320462395e-05 3.833094296118138146e-05 3.756857045384313579e-05 8.155604515714421363e-04 1.251089592573759093e-03 1.006027093792188909e-03 7.572533758011359192e-04 4.276365077838206437e-04 3.061860434562144423e-04 1.957570557127075758e-04 1.512517781049758296e-04 1.743270707928932351e-05 1.134763055837325219e-03 8.157654030895071734e-04 6.518900661375235392e-04 2.482508536908652544e-03 3.478370830913091964e-03 3.572164384714129545e-03 4.818125937917546722e-04 5.773215894685877628e-04 1.090347691399070132e-03 8.880648004490797809e-04 8.196502845617217349e-04 2.574009388448088732e-03 5.862562015456285539e-04
1.133752006914927124e-04 1.083007690319483007e-04 1.688795807702548658e-04 2.398719119756593317e-04 4.082716569165764555e-04 4.212501082837613728e-04 3.502306102922408287e-04 3.304381974518180352e-04 6.071000490699332954e-04 5.897706333642198893e-04 4.008174704994021693e-05 1.263244059326363703e-05 1.000000000000000021e-08 1.247803672818198846e-05 1.363150999849121125e-05 9.756056290057700173e-05 9.905249458397402207e-05 5.789679257426663369e-04 8.957394424635277007e-05 1.071425839301174874e-04 1.370394348324649166e-04 1.232726255945609990e-04 1.542317315169127801e-04 1.178719769967199050e-04 1.580715573595732333e-04 1.000000000000000021e-08 1.000000000000000021e-08 2.323941293751767141e-05 1.000000000000000021e-08 1.360294589417945289e-04 1.133476030267681524e-04 9.114556671155547266e-05 7.266805480097318333e-04 3.157596284430798936e-04 1.601423225659487446e-03 5.347882366932050916e-04 8.761285607667907479e-04
4.288535440158553895e-05 3.533293023904092803e-05 2.586916449158319198e-05 1.809387274285406767e-05 3.388784276805849338e-04 6.174624973241914228e-04 8.697148824208285204e-04 1.045358102012205028e-03 1.325750046344848204e-03 1.038741418835409640e-03 8.869151305372760313e-05 7.037832734445251140e-05 2.191777380261196952e-05 1.880378309333054004e-05 1.655865810376927418e-05 2.918723279529069779e-05 2.870449871159350442e-05 6.747355151391494195e-04 9.228320259240603736e-04 7.027276328278416655e-04 4.422028346905445390e-04 2.774084710301652143e-04 1.901852380321672150e-04 2.323012432706826212e-04 2.360041658108046471e-04 1.000000000000000021e-08 1.098782869370855563e-05 6.673871861719569455e-05 1.937446885110657405e-04 1.377541658267065561e-04 1.149374891844273417e-04 1.000000000000000021e-08 5.327741439313080259e-04 2.379728196757766555e-03 2.042440487917060021e-03 3.709444879326368990e-04 5.472498307012722872e-04
2.163758715780802713e-05 2.660536156965268386e-05 1.000000000000000021e-08 1.216322137064258300e-05 1.000000000000000021e-08 7.132571541073046541e-05 4.783196714370478600e-05 3.882264470263153305e-05 1.349707771912414479e-04 8.639471842735384861e-04 2.544431060678742406e-04 1.009168192007425541e-04 1.044404068222825634e-04 3.835841380110730615e-05 6.697756371572480814e-05 9.112622681867944721e-05 1.178142683479138978e-04 1.051598317782744181e-04 1.488776545777558270e-04 1.256503518239597138e-04 8.421336593703028603e-05 8.163246180133135383e-05 1.170757578331713654e-04 5.799222404328433075e-04 5.232983111718745662e-04 4.578350547761669159e-04 3.986737707191854085e-04 2.512710666847315895e-04 1.494171034176328518e-04 1.194428607339538100e-04 1.031158253126685800e-04 8.341398602846412848e-05 4.653567053805679693e-04 2.877209383524761141e-04 2.184510066579031969e-03 2.436180106444631784e-03 1.619656850519259322e-03
1.417124678881915270e-05 2.091356087063706164e-05 1.000000000000000021e-08 1.000000000000000021e-08 1.000000000000000021e-08 1.000000000000000021e-08 1.000000000000000021e-08 1.000000000000000021e-08 1.000000000000000021e-08 4.910947127575217026e-04 4.198663395549620775e-04 2.134377541812126759e-04 1.538210593102870560e-03 1.142164970050070418e-03 8.276099111169865283e-04 4.326431387484920500e-04 1.000000000000000021e-08 1.000000000000000021e-08 1.000000000000000021e-08 1.000000000000000021e-08 7.151372257469939273e-05 1.011604584328681781e-04 9.088481302082216697e-05 1.920538314981738075e-04 8.566339099391410809e-05 9.490494452178680385e-05 4.662486072446794929e-05 4.830273428586439775e-05 1.786679803855346452e-05 3.537427424171533914e-05 3.104124471987087098e-04 2.305274306879324313e-04 1.898726470436814932e-04 8.087904688937532654e-05 1.994269009649804892e-04 2.018638973407211289e-03 2.333370368834397895e-03
1.000000000000000021e-08 1.797290701659220091e-05 1.000000000000000021e-08 1.000000000000000021e-08 1.000000000000000021e-08 1.000000000000000021e-08 1.000000000000000021e-08 1.223607541922223638e-05 1.000000000000000021e-08 1.000000000000000021e-08 1.647790170450973645e-04 1.829682343580089451e-05 2.105668469702419909e-05 1.174915613093672085e-03 1.050794450241735031e-03 7.722169887683705053e-04 5.204349116974851911e-05 1.621885266653928288e-05 2.885879551319242288e-05 2.568655451265016047e-05 3.938854942438121780e-05 3.578724477636286295e-05 2.447873463413681276e-05 1.067771737560996821e-05 7.683358789118045372e-05 5.380599718521390269e-05 8.306133108776984051e-05 4.150173763678126761e-05 5.068464839603519152e-05 4.407016279704131312e-05 4.281514222872637382e-04 3.202185734865690948e-04 1.845082081372513062e-04 2.241643777474972672e-04 1.582790969161362426e-04 3.311414162332519326e-04 1.254400347686570423e-03
1.000000000000000021e-08 1.000000000000000021e-08 1.524708053387226997e-05 1.916000202736430907e-05 3.364990951165211774e-05 4.489744886544367534e-05 6.444067017756112382e-05 4.297868559133236364e-05 2.992043584606847635e-05 1.000000000000000021e-08 1.000000000000000021e-08 1.383722710178148382e-05 1.274800811904776258e-05 5.325887281059019091e-05 4.594696445222164151e-05 9.244584596011607227e-05 4.477621343990339890e-05 5.207352844426892856e-05 1.652524553676632235e-05 1.000000000000000021e-08 1.000000000000000021e-08 1.000000000000000021e-08 2.179257704160958461e-05 2.323909615966224945e-05 3.129366911589712288e-05 7.269298304908298797e-05 4.889087413501537666e-05 7.755725322521563373e-05 4.043752779141063231e-05 7.262255410928603982e-05 2.414289095463890988e-05 1.877049349664402310e-05 3.930842617693699261e-05 3.238096083871740567e-05 2.895631666990643345e-04 3.073918439896233725e-04 1.121576372521456821e-04
1.000000000000000021e-08 1.000000000000000021e-08 1.354737531272735768e-05 2.577821008505801922e-05 2.496079039288896768e-05 3.104821447790505915e-05 3.095643811046859149e-05 5.476156737531235447e-05 4.251918047751223858e-05 3.254670989270588795e-05 3.002995672266086185e-05 3.797505626616325244e-05 3.541790360488513345e-05 5.802436524890271582e-05 6.404778273562847474e-05 4.824389812438965657e-05 7.922146121865542316e-05 4.108148598269409162e-05 4.945943014568460324e-05 1.633310940582300143e-05 1.000000000000000021e-08 1.000000000000000021e-08 2.009292923038460450e-05 2.056831480912499317e-05 8.007139842526665545e-05 4.756561307916593506e-05 8.234276831346314931e-05 5.014533599267557832e-05 7.768662012167373897e-05 1.260794348895027158e-04 1.866929005884461511e-04 1.928204946622151338e-05 1.000000000000000021e-08 1.958794874847104552e-05 2.253267844241377640e-04 1.716677531741551523e-05 8.154747085486490125e-05
1.000000000000000021e-08 1.000000000000000021e-08 1.908171595596162989e-05 1.000000000000000021e-08 1.893949081227637988e-05 1.462980656118689154e-05 1.574607164734042261e-05 1.304539558705263531e-05 3.719817798766178490e-05 5.276420543930580382e-05 8.706098972691154786e-05 7.190574993105400682e-05 7.558779628147228467e-05 8.336733984814026044e-05 1.000000000000000021e-08 8.318209737961113352e-05 5.083796776589044337e-05 7.890313095950551468e-05 4.064354941639954571e-05 5.016527515689188490e-05 2.177472243100156852e-05 1.925525867346962854e-05 1.000000000000000021e-08 1.418117668474810413e-05 2.347783627775619386e-05 4.076378163313065892e-05 1.022601350370102468e-04 2.178135151395342432e-04 1.279598303938834017e-03 8.665990785075769736e-04 1.209097961164724323e-03 1.002280187605257425e-03 8.844422415605570796e-04 6.347773894616818690e-04 5.901970834582335838e-04 5.555454470522310168e-04 9.957486378688526485e-04
2.199977292548906813e-05 1.137038440154265681e-05 2.192542761956702555e-05 1.000000000000000021e-08 1.000000000000000021e-08 1.000000000000000021e-08 1.000000000000000021e-08 1.000000000000000021e-08 1.000000000000000021e-08 1.000000000000000021e-08 2.345639401359451103e-05 9.416891829412723223e-05 1.000331396846610370e-04 1.045332325208110061e-04 1.000000000000000021e-08 1.000000000000000021e-08 4.364429184487609670e-05 3.878066006925801838e-05 6.866086455426834189e-05 1.056396428294469227e-04 8.887737412624399213e-05 3.507096156846116843e-05 3.056296914705704286e-05 1.000000000000000021e-08 1.000000000000000021e-08 3.456949118199182226e-05 5.158091537995058127e-05 7.504573760790772237e-04 5.886134492622838253e-04 4.786521568354396385e-04 3.312925456636490974e-04 3.055056780105982095e-04 2.205040949698627590e-04 2.961744345184525373e-04 3.298316133816905937e-04 4.095904262235061286e-04 1.127552178017548383e-03
5.497856564866441755e-05 1.383902691970251293e-05 1.000000000000000021e-08 1.000000000000000021e-08 1.000000000000000021e-08 1.000000000000000021e-08 1.000000000000000021e-08 1.000000000000000021e-08 1.000000000000000021e-08 1.000000000000000021e-08 1.000000000000000021e-08 1.155890439973811378e-05 1.000000000000000021e-08 1.000000000000000021e-08 1.000000000000000021e-08 1.000000000000000021e-08 1.381344239615227346e-05 4.545205845275291680e-05 3.649788321823032932e-05 3.422805636565660653e-05 3.981803046448132409e-05 6.523797965712313626e-05 8.436890812370868061e-05 1.302097819126370409e-04 6.660455154874883989e-04 4.927863914195352874e-04 4.086264511846847609e-04 3.206970492706778114e-04 2.640308452124787869e-04 1.979206234055372099e-04 1.882926247795464368e-04 1.282100911837710583e-04 1.926642223803978120e-05 2.089587688594426049e-05 1.000000000000000021e-08 1.000000000000000021e-08 8.334036180578376866e-04
4.741051716309484145e-05 4.608726129656947912e-05 4.663327555184846137e-05 1.000000000000000021e-08 1.000000000000000021e-08 1.000000000000000021e-08 1.000000000000000021e-08 1.000000000000000021e-08 1.000000000000000021e-08 1.000000000000000021e-08 1.000000000000000021e-08 1.000000000000000021e-08 1.000000000000000021e-08 1.000000000000000021e-08 1.000000000000000021e-08 1.000000000000000021e-08 1.000000000000000021e-08 1.455333929583879300e-05 4.443129699352738190e-05 2.544707175018710626e-05 5.695067041115173874e-05 3.943210903709334415e-05 7.418649541078970019e-05 6.810858631073824691e-05 1.529824041242599283e-04 7.217997048131187489e-04 5.597757851856535695e-04 4.677632655836094669e-04 1.000000000000000021e-08 1.000000000000000021e-08 1.000000000000000021e-08 3.552700180441284119e-05 2.001530290642205596e-05 1.889651987902314320e-04 1.000000000000000021e-08 1.000000000000000021e-08 5.964509691145988422e-05
