output/water_depth_5400.asc
ncols 223
nrows 158
xllcorner 0.0
yllcorner 0.0
cellsize 30.0
[rows 34 to 50 of 158, columns 148 to 184 of 223]
1.000000000000000021e-08 1.000000000000000021e-08 1.000000000000000021e-08 1.000000000000000021e-08 1.000000000000000021e-08 1.000000000000000021e-08 1.000000000000000021e-08 1.000000000000000021e-08 1.000000000000000021e-08 4.577802651073374071e-05 1.856060894088286121e-05 1.000000000000000021e-08 1.000000000000000021e-08 1.000000000000000021e-08 1.000000000000000021e-08 1.000000000000000021e-08 1.000000000000000021e-08 1.000000000000000021e-08 1.000000000000000021e-08 1.000000000000000021e-08 2.169588303354959632e-05 2.472267294540883068e-05 1.000000000000000021e-08 1.000000000000000021e-08 1.000000000000000021e-08 1.000000000000000021e-08 1.000000000000000021e-08 1.616419534880485459e-04 5.582082578621558322e-02 1.196976261126247824e-02 2.698172521349418129e-05 1.249665622030359793e-05 1.000000000000000021e-08 6.634757894633353480e-05 7.089296747065253928e-05 1.000000100000000021e-05 1.000000100000000021e-05
1.000000000000000021e-08 1.000000000000000021e-08 1.000000000000000021e-08 1.000000000000000021e-08 1.000000000000000021e-08 1.000000000000000021e-08 1.000000000000000021e-08 1.000000000000000021e-08 1.000000000000000021e-08 1.000000000000000021e-08 1.000000000000000021e-08 1.162644927114270375e-05 1.000000000000000021e-08 1.000000000000000021e-08 1.000000000000000021e-08 1.000000000000000021e-08 1.396411896137575770e-05 1.000000000000000021e-08 1.000000000000000021e-08 1.000000000000000021e-08 1.000000000000000021e-08 1.000000000000000021e-08 1.000000000000000021e-08 1.000000000000000021e-08 1.000000000000000021e-08 1.000000000000000021e-08 1.657946700242926590e-05 5.322802658617568905e-02 1.924520885068476544e-02 1.578851753796293002e-05 1.887848921236390823e-05 1.171155019924396847e-05 9.261973904365193469e-05 1.192309470945085912e-05 1.000000100000000021e-05 1.000000100000000021e-05 1.000000100000000021e-05
1.000000000000000021e-08 1.000000000000000021e-08 1.000000000000000021e-08 1.000000000000000021e-08 1.000000000000000021e-08 1.000000000000000021e-08 1.000000000000000021e-08 1.000000000000000021e-08 1.000000000000000021e-08 1.000000000000000021e-08 1.000000000000000021e-08 1.000000000000000021e-08 1.787505856480337793e-05 1.306420365941207056e-05 1.175363403862638639e-05 1.023703697879405070e-05 1.000000000000000021e-08 1.000000000000000021e-08 1.000000000000000021e-08 1.000000000000000021e-08 1.000000000000000021e-08 1.000000000000000021e-08 1.000000000000000021e-08 1.000000000000000021e-08 1.000000000000000021e-08 1.000000000000000021e-08 1.351068970451819274e-05 1.306731742417818060e-02 4.642409737845589975e-05 1.000000000000000021e-08 1.178346612986282268e-04 1.500725440690243257e-04 2.047826816610135293e-04 2.427871833294078120e-03 1.000000100000000021e-05 1.000000100000000021e-05 1.000000100000000021e-05
1.000000000000000021e-08 1.000000000000000021e-08 1.000000000000000021e-08 1.000000000000000021e-08 1.000000000000000021e-08 1.000000000000000021e-08 1.000000000000000021e-08 1.000000000000000021e-08 1.000000000000000021e-08 1.000000000000000021e-08 1.000000000000000021e-08 1.000000000000000021e-08 1.000000000000000021e-08 1.000000000000000021e-08 2.025570917925213909e-05 1.434580427603012111e-05 1.000000000000000021e-08 1.000000000000000021e-08 1.000000000000000021e-08 1.000000000000000021e-08 1.319857558265276920e-05 2.468257507058022455e-05 4.127020661372098786e-05 4.250771414080231858e-05 3.462441452409653869e-05 2.519474456000190944e-05 2.391729315840222456e-03 1.127118757270962821e-02 3.890529075494158145e-05 1.066691923349948695e-05 1.000000000000000021e-08 1.000000000000000021e-08 1.000000000000000021e-08 1.000000100000000021e-05 1.000000100000000021e-05 1.000000100000000021e-05 1.000000100000000021e-05
1.000000000000000021e-08 1.319522299273195406e-05 1.000000000000000021e-08 1.000000000000000021e-08 1.000000000000000021e-08 1.000000000000000021e-08 1.000000000000000021e-08 1.000000000000000021e-08 1.000000000000000021e-08 1.000000000000000021e-08 1.000000000000000021e-08 1.000000000000000021e-08 1.000000000000000021e-08 1.000000000000000021e-08 2.569502788296527512e-05 2.043040571156332281e-05 1.000000000000000021e-08 2.293654613849933522e-05 1.000000000000000021e-08 1.000000000000000021e-08 1.000000000000000021e-08 1.000000000000000021e-08 1.000000000000000021e-08 2.204932885385881550e-05 1.000000000000000021e-08 4.020375633927494993e-05 6.376491255458643578e-03 7.939313611650643254e-03 3.793347604620894015e-05 1.627919370225901013e-05 1.222883066053716412e-05 1.000000000000000021e-08 1.000000000000000021e-08 1.000000000000000021e-08 1.436935808389635197e-05 2.465943710021417483e-03 1.000000100000000021e-05
1.302039834696338237e-02 8.226761357538308825e-03 5.284947182936070606e-05 1.000000000000000021e-08 1.000000000000000021e-08 1.000000000000000021e-08 1.000000000000000021e-08 1.000000000000000021e-08 1.000000000000000021e-08 1.000000000000000021e-08 1.127870498228849325e-05 1.000000000000000021e-08 1.000000000000000021e-08 1.000000000000000021e-08 1.000000000000000021e-08 1.000000000000000021e-08 2.360462265014331450e-05 2.806047531611537428e-05 1.000000000000000021e-08 1.000000000000000021e-08 1.000000000000000021e-08 1.000000000000000021e-08 1.000000000000000021e-08 1.000000000000000021e-08 1.000000000000000021e-08 4.293709960612564013e-05 1.105170196704800128e-02 2.618557571373590458e-03 4.880701233290049752e-05 4.649823972920554292e-05 4.320483943234091381e-05 1.597070087653697107e-05 1.000000000000000021e-08 3.692917379646491586e-05 5.063750213606133812e-05 3.285987180269134126e-04 2.040110525601950697e-05
3.990860319488722524e-02 3.495456240862116620e-02 1.376939137683761555e-02 3.572665940256034912e-05 1.000000000000000021e-08 1.000000000000000021e-08 1.000000000000000021e-08 1.000000000000000021e-08 1.000000000000000021e-08 1.000000000000000021e-08 1.989125592381612209e-05 1.026054513444766188e-05 1.000000000000000021e-08 1.000000000000000021e-08 1.000000000000000021e-08 1.000000000000000021e-08 1.000000000000000021e-08 2.845542082064746780e-05 2.087021126145506821e-05 1.000000000000000021e-08 1.000000000000000021e-08 1.000000000000000021e-08 1.000000000000000021e-08 1.000000000000000021e-08 1.000000000000000021e-08 1.281779786469778680e-05 1.081273230653458442e-02 2.180497228646978945e-03 5.666848373252719956e-05 3.543384303532036970e-05 1.324926706348210573e-05 1.401152457774891024e-05 1.000000000000000021e-08 5.961782443495092644e-05 5.638207783307572864e-05 2.185645614380766696e-04 8.601103688092036933e-05
4.419101121167674648e-05 3.939285153797985467e-02 7.569909754770791366e-02 2.148843135367411658e-02 1.000000000000000021e-08 1.000000000000000021e-08 1.000000000000000021e-08 1.000000000000000021e-08 2.041770877436230568e-05 2.295923773257197551e-05 2.625547133259161037e-05 1.388370984310439848e-05 1.000000000000000021e-08 1.000000000000000021e-08 1.000000000000000021e-08 1.000000000000000021e-08 1.000000000000000021e-08 4.166047141022558411e-05 2.472628823069806080e-05 1.000000000000000021e-08 1.000000000000000021e-08 1.000000000000000021e-08 1.000000000000000021e-08 1.000000000000000021e-08 1.147040376824888074e-05 8.415344599394315381e-03 1.037730595916910685e-02 6.737854399766935202e-04 4.681718671270635400e-05 2.616671931302603333e-05 1.000000000000000021e-08 1.607472348963557413e-05 1.000000000000000021e-08 5.521561617549934907e-05 1.297104776516889567e-04 2.929215875980849585e-04 1.697094577657783381e-04
1.000000000000000021e-08 6.036390190398997280e-05 2.044036338068280431e-02 7.930629047155117461e-02 2.365847783940264876e-02 1.104060751939864402e-04 1.000000000000000021e-08 1.000000000000000021e-08 3.577418002629510015e-05 3.571099098408966465e-05 3.091133700792952725e-05 1.548435643645957750e-05 1.000000000000000021e-08 1.000000000000000021e-08 1.000000000000000021e-08 1.000000000000000021e-08 1.000000000000000021e-08 1.000000000000000021e-08 1.000000000000000021e-08 1.106239381071776338e-05 1.472147571120595191e-05 1.000000000000000021e-08 1.000000000000000021e-08 1.000000000000000021e-08 1.000000000000000021e-08 3.668081156281418481e-03 1.050783502228451287e-02 1.007441654863391574e-03 5.852167518277588378e-05 2.349816815014582312e-05 1.000000000000000021e-08 1.000000000000000021e-08 1.000000000000000021e-08 2.333694695906090547e-04 2.202779581986590138e-04 3.140982245187536460e-04 2.118427896404056977e-04
2.887604401286922537e-05 2.087506198293636082e-05 3.601830766424836774e-04 2.473175176311862011e-02 4.465795468614158076e-02 1.024964704720834896e-02 2.893318626080169969e-05 1.000000000000000021e-08 4.805916360046207070e-05 4.404576227650018410e-05 3.516490953839341026e-05 1.680719411682226320e-05 1.000000000000000021e-08 1.043312286603245390e-05 1.000000000000000021e-08 1.000000000000000021e-08 1.589715245297426992e-05 1.000000000000000021e-08 1.000000000000000021e-08 1.242046386689675879e-05 1.000000000000000021e-08 1.000000000000000021e-08 1.000000000000000021e-08 1.000000000000000021e-08 4.223487762983795310e-05 7.849664810854382890e-03 6.951629177460838527e-03 4.829445662049673140e-04 1.000000000000000021e-08 1.407964226295391584e-05 1.000000000000000021e-08 1.000000000000000021e-08 1.000000000000000021e-08 1.000000000000000021e-08 4.729908007944364141e-05 2.519786706522526777e-04 5.079881296880113225e-04
4.575441243479316865e-05 4.743261804584226310e-05 7.493817720188565849e-05 1.388521217610915706e-04 2.852378287612143681e-02 3.151275933745090879e-02 3.016975418900543632e-02 9.144223960238998113e-05 1.000000000000000021e-08 7.970396166505643075e-05 3.868958507729578357e-05 1.836205196080341174e-05 1.000000000000000021e-08 2.088786975306846082e-05 1.000000000000000021e-08 1.000000000000000021e-08 2.312120931089795394e-05 1.000000000000000021e-08 1.019280245825916527e-05 1.204241812129224254e-05 1.000000000000000021e-08 1.000000000000000021e-08 1.000000000000000021e-08 1.000000000000000021e-08 4.385181508261443037e-05 1.251488677521193048e-02 6.998046361384743265e-03 2.703440121995325613e-05 1.610277762162266857e-05 1.967014100887097818e-05 1.385172372969196988e-05 1.000000000000000021e-08 1.000000000000000021e-08 1.069734993820018834e-05 1.000000000000000021e-08 1.715544914955245681e-04 3.343819513854692890e-04
2.465829056850711749e-04 1.895401854112680764e-04 1.535819244705855251e-04 1.603061018657875943e-04 7.679677581051286284e-03 2.912855825521604158e-02 1.775295630908059197e-01 3.908225349853360129e-04 1.000000000000000021e-08 8.217178864503359257e-05 1.000000000000000021e-08 3.297635007468303876e-05 1.114059899034379759e-05 1.000000000000000021e-08 1.000000000000000021e-08 1.347158155068063173e-05 4.998401813593685207e-05 1.000000000000000021e-08 1.136741102903262251e-05 1.000000000000000021e-08 1.000000000000000021e-08 1.236198555778098597e-05 1.000000000000000021e-08 1.000000000000000021e-08 5.507823137491546159e-03 9.934421106766105208e-03 7.556270785790440009e-03 3.688994176366763877e-05 4.670067274152538665e-05 2.819912614022669766e-05 1.125327117934265538e-05 1.000000000000000021e-08 1.000000000000000021e-08 1.121258157318842500e-05 1.000000000000000021e-08 1.253188482303863158e-04 2.650133655642745762e-04
3.370994218555143263e-05 5.273448775824843006e-05 4.206848620980088108e-04 4.088920271265362072e-04 5.213804070340950780e-03 1.528482998320223642e-02 1.536189639785887628e-01 1.189868951127886071e-01 5.846078101757608281e-02 4.667381671270008636e-02 4.809224943869643693e-02 1.206134780182173960e-01 3.490678461445455988e-02 3.176564955995464512e-02 7.926802891470772355e-03 7.791899454592006100e-03 2.090399051591053641e-03 2.384842030971266567e-05 1.644495753785982114e-05 1.000000000000000021e-08 1.000000000000000021e-08 2.128277817097580819e-05 6.246893919172907979e-05 3.358400397909755159e-03 6.793550180801982523e-03 6.789936361676221846e-03 1.000000000000000021e-08 1.000000000000000021e-08 1.000000000000000021e-08 1.000000000000000021e-08 1.896690755426779171e-05 1.755568177862678328e-05 1.399740762484127877e-05 1.007374843355642911e-05 1.465163219499761946e-05 1.052751782143389000e-04 2.109064987349505986e-04
1.464965455599494043e-04 1.715966501436562387e-04 1.170057694153192563e-03 1.469247194139250163e-03 2.504463369553850544e-02 6.526375813798038564e-03 2.715075470381564599e-04 2.212266518121261503e-04 2.274194845763926015e-04 1.598511710143932642e-04 1.713879648981938197e-04 1.412151070204348952e-04 4.482080739758850796e-02 4.903268207752953939e-02 1.313998952189496805e-01 6.818864353530369737e-02 1.382557945096437868e-01 7.160946328844682018e-02 7.302530504652965382e-02 1.621850329268947066e-01 1.613723188570016873e-03 5.393147078617254055e-05 6.365739422204716100e-03 5.335267713965200637e-03 6.687705186845933208e-03 2.204584145499380657e-03 1.000000000000000021e-08 1.000000000000000021e-08 1.000000000000000021e-08 1.000000000000000021e-08 2.395876526709413623e-05 1.969779798200367463e-05 1.542318111447920623e-05 1.000000000000000021e-08 3.712647759405360959e-05 1.101460793998255261e-04 4.168333787244937402e-04
1.696705973032907786e-04 2.029353040329898183e-04 1.089436590711965477e-04 4.619101825996194805e-05 4.656704436034457708e-05 1.939295770992140037e-04 2.725169016182201381e-05 2.034906324102858533e-05 1.646135167441995924e-05 1.427838976391243213e-05 3.869578080603752334e-05 5.763775236036358868e-05 1.444902780356051395e-04 1.966086576896182328e-04 1.868717159793053238e-04 1.804990101012227089e-04 1.302287351039740308e-04 1.044810221556244671e-04 1.000000000000000021e-08 7.187674260343832056e-02 2.390196310864394491e-01 2.213464233950711291e-01 1.934640856398085196e-01 1.104222358803543663e-01 4.206619952080963530e-03 2.783602086939159469e-03 1.000000000000000021e-08 1.000000000000000021e-08 1.000000000000000021e-08 1.000000000000000021e-08 1.000000000000000021e-08 1.000000000000000021e-08 1.000000000000000021e-08 1.000000000000000021e-08 4.695713607327589519e-05 3.118979764184958607e-04 4.173878710297700871e-04
3.539522490421138511e-04 1.475984318016919828e-04 7.203393309941322654e-05 1.000000000000000021e-08 1.000000000000000021e-08 1.334913858779496968e-04 2.155903917231708083e-05 1.000000000000000021e-08 1.000000000000000021e-08 1.000000000000000021e-08 4.061135074251597850e-05 4.959553891441146413e-05 5.832824191648653913e-05 3.224766961346045579e-05 3.533135903420733722e-05 1.000000000000000021e-08 3.134364276312292678e-05 1.000000000000000021e-08 1.000000000000000021e-08 1.563224778822438934e-04 9.282478850948528966e-05 5.620468530961430630e-05 1.008745316726728983e-04 2.284001930356169829e-01 1.303394950946183684e-01 1.819678455128392793e-03 1.000000000000000021e-08 1.000000000000000021e-08 1.000000000000000021e-08 1.000000000000000021e-08 1.000000000000000021e-08 1.000000000000000021e-08 1.000000000000000021e-08 1.000000000000000021e-08 1.000000000000000021e-08 1.708468622011796983e-04 4.744478742771974242e-04
2.612457094953369490e-04 1.000000000000000021e-08 1.000000000000000021e-08 1.233646332772281897e-05 8.688494560574354570e-05 9.953904681766971943e-05 1.762620612100271260e-05 1.000000000000000021e-08 1.000000000000000021e-08 1.000000000000000021e-08 4.726627573453639076e-05 3.990774042230944510e-05 3.500276370917542991e-05 1.586483563955639426e-05 2.856727096267445377e-05 1.000000000000000021e-08 3.267363697687835147e-05 1.110851182898996865e-05 1.000000000000000021e-08 1.000000000000000021e-08 1.000000000000000021e-08 1.000000000000000021e-08 1.000000000000000021e-08 3.017398767832549407e-03 2.516404339306432258e-01 1.497643087129885975e-01 1.045754193352115138e-04 1.000000000000000021e-08 1.000000000000000021e-08 1.000000000000000021e-08 1.000000000000000021e-08 1.000000000000000021e-08 1.000000000000000021e-08 1.000000000000000021e-08 2.119790580809759666e-05 2.732442751090552959e-05 2.947171964403978608e-04
