output/water_depth_1440.asc
ncols 223
nrows 158
xllcorner 0.0
yllcorner 0.0
cellsize 30.0
[rows 17 to 33 of 158, columns 74 to 110 of 223]
1.000000100000000021e-05 1.000000100000000021e-05 1.000000100000000021e-05 1.000000100000000021e-05 1.000000100000000021e-05 1.000000100000000021e-05 1.000000100000000021e-05 1.000000100000000021e-05 1.000000100000000021e-05 1.000000100000000021e-05 1.000000100000000021e-05 1.000000100000000021e-05 1.000000100000000021e-05 1.000000100000000021e-05 1.000000100000000021e-05 1.000000100000000021e-05 1.000000100000000021e-05 1.000000100000000021e-05 1.000000100000000021e-05 1.000000100000000021e-05 1.000000100000000021e-05 1.000000100000000021e-05 1.000000100000000021e-05 1.000000100000000021e-05 1.000000100000000021e-05 1.000000100000000021e-05 1.000000100000000021e-05 1.000000100000000021e-05 1.381513358490872416e-04 1.978032892501506901e-04 2.398671269665602842e-04 2.920574712393146860e-04 3.838310966288603545e-04 3.864523843818207173e-04 3.579259713668556434e-04 3.575574415323340698e-04 3.790155527029888611e-04
1.000000100000000021e-05 1.000000100000000021e-05 1.000000100000000021e-05 1.000000100000000021e-05 1.000000100000000021e-05 1.000000100000000021e-05 1.000000100000000021e-05 1.000000100000000021e-05 1.000000100000000021e-05 1.000000100000000021e-05 1.000000100000000021e-05 1.000000100000000021e-05 1.000000100000000021e-05 1.000000100000000021e-05 1.000000100000000021e-05 1.000000100000000021e-05 1.000000100000000021e-05 1.000000100000000021e-05 1.000000100000000021e-05 1.000000100000000021e-05 1.000000100000000021e-05 1.000000100000000021e-05 1.000000100000000021e-05 1.000000100000000021e-05 1.000000100000000021e-05 1.000000100000000021e-05 1.000000100000000021e-05 1.150539442538606871e-04 1.189859880796460432e-04 1.874990126775606496e-04 3.274592936972229511e-04 4.192866767975064355e-04 3.137475516154043039e-04 3.481986602729385673e-04 3.559273317461174703e-04 3.377118739894372250e-04 4.355413396628884828e-04
1.000000100000000021e-05 1.000000100000000021e-05 1.000000100000000021e-05 1.000000100000000021e-05 1.000000100000000021e-05 1.000000100000000021e-05 1.000000100000000021e-05 1.000000100000000021e-05 1.000000100000000021e-05 1.000000100000000021e-05 1.000000100000000021e-05 1.000000100000000021e-05 1.000000100000000021e-05 1.000000100000000021e-05 1.000000100000000021e-05 1.000000100000000021e-05 1.000000100000000021e-05 1.000000100000000021e-05 1.000000100000000021e-05 1.000000100000000021e-05 1.000000100000000021e-05 1.000000100000000021e-05 1.000000100000000021e-05 1.000000100000000021e-05 1.000000100000000021e-05 5.554991172196899977e-04 5.921094987013586974e-04 5.442670218765532746e-04 4.905801566903381225e-04 4.909169564542495553e-04 5.441958430453175052e-04 6.308335654995444585e-04 6.939842493243352948e-04 6.825796677938147103e-04 6.415143657223772253e-04 6.274924741594483605e-04 6.655535647184331917e-04
1.000000100000000021e-05 1.000000100000000021e-05 1.000000100000000021e-05 1.000000100000000021e-05 1.000000100000000021e-05 1.000000100000000021e-05 1.000000100000000021e-05 1.000000100000000021e-05 1.000000100000000021e-05 1.000000100000000021e-05 1.000000100000000021e-05 1.000000100000000021e-05 1.000000100000000021e-05 1.000000100000000021e-05 1.000000100000000021e-05 1.000000100000000021e-05 1.000000100000000021e-05 1.000000100000000021e-05 1.000000100000000021e-05 1.000000100000000021e-05 1.000000100000000021e-05 1.000000100000000021e-05 1.000000100000000021e-05 6.818747521699643991e-04 1.262976185892880805e-03 1.818123796203708047e-03 1.481791258460527167e-03 1.283952741909358914e-03 1.136547714788716619e-03 1.093145226412014798e-03 6.350758888316267083e-04 7.011014628800875392e-04 9.797159154831766061e-04 8.838645506096745466e-04 1.234103115220917509e-03 3.258605749038769733e-03 1.339871880403911090e-03
1.000000100000000021e-05 1.000000100000000021e-05 1.000000100000000021e-05 1.000000100000000021e-05 1.000000100000000021e-05 1.000000100000000021e-05 1.000000100000000021e-05 1.000000100000000021e-05 1.000000100000000021e-05 1.000000100000000021e-05 1.000000100000000021e-05 1.000000100000000021e-05 1.000000100000000021e-05 1.000000100000000021e-05 1.000000100000000021e-05 1.000000100000000021e-05 1.000000100000000021e-05 1.000000100000000021e-05 1.000000100000000021e-05 1.000000100000000021e-05 1.000000100000000021e-05 1.000000100000000021e-05 3.685657590954640643e-04 3.803476620885034437e-04 4.416296846984107309e-04 4.779445054601210276e-04 1.303887072596173749e-03 1.480084437268452784e-03 1.488574822472501884e-03 1.428142287756167068e-03 7.330554155167408412e-04 1.194059240320403253e-03 1.185658977260410207e-03 1.630046728417774678e-03 1.421818882255516513e-03 5.907672961806846069e-03 2.026473920482638538e-02
1.000000100000000021e-05 1.000000100000000021e-05 1.000000100000000021e-05 1.000000100000000021e-05 1.000000100000000021e-05 1.000000100000000021e-05 1.000000100000000021e-05 1.000000100000000021e-05 1.000000100000000021e-05 1.000000100000000021e-05 1.000000100000000021e-05 1.000000100000000021e-05 1.000000100000000021e-05 1.000000100000000021e-05 1.000000100000000021e-05 1.000000100000000021e-05 1.000000100000000021e-05 1.000000100000000021e-05 1.000000100000000021e-05 1.000000100000000021e-05 1.149343137592076964e-04 1.744230117412451223e-04 1.558066982421413846e-04 1.302358775175555027e-04 1.372851231066688860e-04 2.170615656063167747e-04 1.075594275664502756e-03 1.593136634929170859e-03 1.717615357510831730e-03 1.712658660819510589e-03 6.197815129872033015e-04 9.234434545577977892e-04 8.953943746208850585e-03 7.627962751782307697e-03 1.689444752017104159e-02 2.209462990810842978e-02 1.519832315832299330e-02
1.000000100000000021e-05 1.000000100000000021e-05 1.000000100000000021e-05 1.000000100000000021e-05 1.000000100000000021e-05 1.000000100000000021e-05 1.000000100000000021e-05 1.000000100000000021e-05 1.000000100000000021e-05 1.000000100000000021e-05 1.000000100000000021e-05 1.000000100000000021e-05 1.000000100000000021e-05 1.000000100000000021e-05 1.000000100000000021e-05 1.000000100000000021e-05 1.000000100000000021e-05 3.454671084645698632e-04 7.820575886778146756e-04 6.908781221922760674e-04 6.342380387305880402e-04 6.581576322040805704e-04 6.611861354400781201e-04 4.321881451955566036e-04 6.844046717496914914e-05 1.101223256031711210e-04 1.086209286244917182e-03 6.768769089009165491e-03 1.007750323423587877e-02 1.733759712928316377e-02 2.497927585939518566e-02 3.289790666972480793e-02 3.343545355452942625e-02 4.318752696435836091e-02 3.968568468154062140e-02 3.716057270829818682e-02 3.317636644415167257e-02
1.000000100000000021e-05 1.000000100000000021e-05 1.000000100000000021e-05 1.000000100000000021e-05 1.000000100000000021e-05 1.000000100000000021e-05 1.000000100000000021e-05 1.000000100000000021e-05 1.000000100000000021e-05 1.000000100000000021e-05 1.000000100000000021e-05 1.000000100000000021e-05 1.000000100000000021e-05 1.000000100000000021e-05 1.000000100000000021e-05 1.000000100000000021e-05 1.000000100000000021e-05 1.034574923421864248e-04 2.093915176187720784e-04 1.553322138782901830e-03 2.492514453432256080e-03 3.003289403756527476e-03 1.571917144376101284e-03 1.306785988721808180e-03 1.566202257805990577e-03 3.281328286273054763e-03 7.798089698785238243e-03 4.402546456726125906e-03 5.116040287308849972e-03 4.215787077328954358e-03 5.660452153350374778e-03 4.494084441761889842e-03 5.077632270919089572e-03 3.071129304296761533e-03 3.134178119768609577e-03 1.954865100704521186e-03 2.013081358639234528e-03
1.000000100000000021e-05 1.000000100000000021e-05 1.000000100000000021e-05 1.000000100000000021e-05 1.000000100000000021e-05 3.390133574087664703e-04 3.388215576626535776e-04 1.000000100000000021e-05 1.000000100000000021e-05 1.000000100000000021e-05 1.000000100000000021e-05 1.000000100000000021e-05 1.000000100000000021e-05 1.000000100000000021e-05 1.000000100000000021e-05 2.710183951949658222e-04 3.220078339671568566e-04 5.685118698417345080e-04 9.355946836720212181e-04 9.142126336600995109e-04 8.680586391494568869e-04 1.337132731489320278e-03 9.742441893402810620e-04 1.695400064050023867e-03 2.753138845954942841e-03 3.466639927845603392e-03 1.921036644440915443e-03 2.418938121334600604e-03 1.962142666484709055e-03 2.547110742716408339e-03 2.114595348413216610e-03 3.410406354115080949e-03 2.503728020897787610e-03 2.266685692339824414e-03 1.058629554896073051e-03 1.436782190357248140e-03 6.725155138376741728e-04
1.000000100000000021e-05 1.000000100000000021e-05 1.000000100000000021e-05 1.000000100000000021e-05 1.000000100000000021e-05 7.080879709915107595e-04 1.098800094003439835e-03 6.072117463038096286e-04 5.592344184477526098e-04 6.135083861068553858e-04 2.981254879241385341e-04 1.000000100000000021e-05 1.000000100000000021e-05 9.932751094296276380e-05 1.450475207903733461e-04 1.860266691779777844e-04 3.415282811047042522e-04 3.730120263531057725e-04 1.511814964354065512e-04 1.921151381445255764e-04 3.847161556692184087e-04 3.986016388588365473e-04 1.464643854100622540e-03 2.704923985575386196e-03 4.682922454606222411e-03 5.558878297700338075e-03 8.112344160822503383e-03 5.958810217575679843e-03 3.604351283707297668e-03 2.837380673280787049e-03 2.884737772514322542e-03 3.161481657094532272e-03 3.619781714042617435e-03 3.363166635034192664e-03 3.273009723021956877e-03 3.281133290082445357e-03 6.551566739447325406e-03
1.000000100000000021e-05 1.000000100000000021e-05 1.000000100000000021e-05 1.000000100000000021e-05 1.000000100000000021e-05 4.108253510621352571e-03 1.330560268850786675e-02 1.986155028090748342e-03 1.201869234085184120e-03 4.121283324463074571e-04 5.679917091930186050e-05 9.476315583559071583e-05 1.620903184845640132e-04 2.973607616504709769e-04 3.936057209796447434e-04 4.577235883473826893e-04 5.414591226394647669e-04 5.216729533417724298e-04 1.381838723605027656e-04 1.769205145427387457e-04 1.824203426409158623e-04 5.563115541201707351e-04 5.440820607298901780e-04 8.410041221745916378e-04 7.625451351974863422e-04 1.012932597447171405e-03 8.416014664312792149e-04 4.994673749996365181e-03 5.154509392856283789e-03 4.418265267016833336e-03 2.246298042920965264e-03 2.712681430235875778e-03 1.494611799970789554e-03 2.832057161705098768e-03 4.577295768742451962e-03 8.341315291216058400e-03 2.675031669923937962e-03
1.000000100000000021e-05 1.000000100000000021e-05 1.000000100000000021e-05 1.000000100000000021e-05 1.000000100000000021e-05 2.781460391018391459e-02 3.789984715634845801e-03 3.393720748145717496e-04 2.781268409316668710e-04 1.462424313077357696e-04 1.657667561999342934e-04 1.353639230281083984e-04 2.900514510260021822e-04 3.846393657499138502e-04 4.823749659950451714e-04 6.136464792328240239e-04 7.671950719313986927e-04 7.950108545785201106e-04 1.245170768639530150e-04 1.060964074934047372e-04 5.838402037010876619e-05 3.210670061281868464e-04 9.473227684846524134e-05 4.733263015623892511e-04 4.229200457042674882e-04 4.209969693113570157e-04 4.385080309970152811e-04 4.474170056557124730e-04 4.411314207945683623e-03 8.726685621628815781e-03 5.497952591444460642e-03 3.012610171218650570e-03 1.148681101593849573e-03 1.260989698773203483e-03 2.323844658501234266e-03 2.059651158508918247e-03 1.801239254370053068e-03
1.000000100000000021e-05 1.000000100000000021e-05 1.000000100000000021e-05 1.000000100000000021e-05 1.000000100000000021e-05 8.905139629066482349e-03 1.483563426492117907e-03 3.831656353902200746e-04 1.411774290137943861e-04 2.331113724068269589e-04 1.236387724142856063e-04 2.063763480223576813e-04 3.039198941214806731e-04 4.462019681620206795e-04 5.542000696373047385e-04 1.852707069261584735e-04 1.917744871256918859e-04 5.705396851440336370e-04 1.791659263037234055e-04 1.198669432815256913e-04 1.840479810645333312e-04 3.002023273505982442e-04 4.981572880063285785e-04 3.542476798464059759e-04 4.009405968771903394e-05 2.118703820113977644e-04 1.548878646274093383e-04 1.742562591111351561e-04 8.332888751673077181e-04 9.962834063654650834e-04 2.745178003555444595e-03 2.301106793010931038e-03 2.353492393343348775e-03 1.928421838585889572e-03 1.127906766194741468e-03 1.410652047576873517e-03 1.263450199155697956e-03
1.000000100000000021e-05 1.000000100000000021e-05 1.000000100000000021e-05 1.392291991645670183e-04 1.892973741298752035e-03 7.663991527797340761e-03 3.303349183417127318e-04 2.648103425697381818e-04 2.839453827674163610e-04 2.956518325112301115e-04 1.730766052416909473e-04 2.717900038658443290e-04 4.397697639263748598e-04 5.855522361151582755e-04 1.764942862501780692e-04 1.398387589551698543e-04 3.013403159592597169e-04 3.388700678746189160e-04 4.466246547335366588e-04 4.113933643332461586e-04 6.023084659105525096e-04 3.361895522994579337e-04 4.682320794016044444e-04 7.459979927037403702e-04 3.184453891516101785e-04 5.043367983940888553e-05 5.919219665639299138e-05 3.735621617421530085e-05 1.156198137905634250e-04 2.629192310304059822e-04 1.067322133731342729e-03 1.804022285518739038e-03 2.105476898632445588e-03 1.020068655499903332e-03 9.235870961207301010e-04 1.536923808604054309e-03 1.063335130829821474e-03
1.000000100000000021e-05 1.000000100000000021e-05 9.436077679002660050e-05 2.514215034007411670e-04 3.457944696685770394e-03 7.766254962952620633e-03 4.437270584250105321e-04 3.100983519613886613e-04 8.310854367164294742e-05 7.738728443579438536e-05 2.344419181246108438e-04 3.944105860997302584e-04 5.152686727453182616e-04 6.713387706771834764e-04 3.500025773104597192e-04 1.986558490575742223e-04 2.045520048078251882e-04 5.388784331609315073e-04 3.995551121155037897e-04 1.008487578691302311e-03 1.078378096037134470e-03 6.757813467775548866e-04 8.784862718176318164e-04 3.396245142594784931e-04 2.782897466399288436e-04 6.086331622736941820e-04 9.853833125071794711e-05 1.380791592077694897e-04 3.310514074576760644e-04 1.488863942694502963e-04 1.080460452840020791e-03 1.855188681089372854e-03 2.241542593121540611e-03 1.634335303886091202e-03 8.974979707952850105e-04 1.618971094841324763e-03 1.319315755341582408e-03
1.387265589230712230e-04 2.085776306558048600e-04 4.207896808687908445e-04 8.362186331104360477e-04 5.638934656334027885e-03 1.211816270481506225e-02 6.001236729900297391e-04 3.453479794395782954e-04 1.349753411599888644e-04 1.105679863773510681e-04 9.200063977094466341e-05 3.942977087746151669e-04 1.089797343845374904e-04 2.052377358760776164e-04 3.151901707934602896e-04 5.912060868679131897e-04 3.198990259815876576e-04 3.572911557829491270e-04 7.606691913253217467e-04 1.296300153099515066e-03 1.380443703989332836e-03 1.358653452067096678e-03 1.087829397825469842e-03 8.544070707792599017e-04 4.966124907049081390e-04 4.643728043020589873e-04 5.737642831838567258e-04 3.096364725002183826e-04 5.581336310773767073e-04 3.712484885930177362e-04 9.157142909370738926e-04 1.054202594919190694e-03 3.483868052824657183e-03 1.173583053554159983e-03 1.780593652002490646e-03 8.864178728775073826e-04 2.090531493727321687e-03
5.464898994760361908e-03 5.898406704104826662e-03 3.674430824741443773e-03 2.265555304952979795e-03 1.088047210249075934e-03 7.606189884882636962e-03 6.945534419646797950e-03 1.339707888081610948e-03 6.249173477731345162e-04 8.222376149925596667e-04 2.886053928962731253e-04 5.332696281607442928e-04 1.553545917352536416e-04 1.396342294319371515e-04 3.638727525909237186e-04 3.830615247713186006e-04 9.188810878906224873e-04 5.805513251963055447e-04 5.739625357623705758e-04 2.243042071458689005e-03 2.141846425170578633e-03 1.729220909572806459e-03 1.872157598759507198e-03 1.197285549080884031e-03 7.568331327178941248e-04 1.262488634131697218e-03 7.633767815023849044e-04 1.727892852480633146e-03 9.146567406318311657e-04 1.195775347123029372e-03 8.132948183028165627e-04 2.440517303560691895e-03 3.253368425300397302e-03 2.103619544113456696e-03 2.100743810482432871e-03 1.970167264132634266e-03 7.279175708716036954e-04
