output/water_depth_11640.asc
ncols 223
nrows 158
xllcorner 0.0
yllcorner 0.0
cellsize 30.0
[rows 102 to 118 of 158, columns 111 to 147 of 223]
1.000000000000000021e-08 1.000000000000000021e-08 1.000000000000000021e-08 1.000000000000000021e-08 1.000000000000000021e-08 1.000000000000000021e-08 1.000000000000000021e-08 1.000000000000000021e-08 1.000000000000000021e-08 1.690570210501403882e-05 3.351809154577891909e-05 9.233112336961466458e-04 3.958636834481620926e-04 4.908126132573963920e-05 1.422069787431101586e-04 1.187720661512338714e-04 2.550745587814632026e-04 9.292609174363922675e-04 1.288075514193615491e-03 6.673757429877873529e-03 3.298322965519328675e-04 1.000000000000000021e-08 1.000000000000000021e-08 1.000000000000000021e-08 1.000000000000000021e-08 1.000000000000000021e-08 1.000000000000000021e-08 1.000000000000000021e-08 1.000000000000000021e-08 1.000000000000000021e-08 1.000000000000000021e-08 1.000000000000000021e-08 1.000000000000000021e-08 1.000000000000000021e-08 1.000000000000000021e-08 1.000000000000000021e-08 1.000000000000000021e-08
1.262284722638707356e-04 1.056794088815992625e-04 9.600957618099472941e-05 1.000000000000000021e-08 1.000000000000000021e-08 1.000000000000000021e-08 1.000000000000000021e-08 1.000000000000000021e-08 1.000000000000000021e-08 1.000000000000000021e-08 2.823507522811749746e-05 6.314519115988049018e-04 4.211885127266121100e-04 7.804009444497464595e-05 6.711579722484286008e-05 1.560518553529363346e-04 1.144197897299203048e-03 1.141304532291690429e-03 2.353709361903610214e-03 7.909774621878201337e-03 2.324430813617040599e-04 1.000000000000000021e-08 1.000000000000000021e-08 1.000000000000000021e-08 1.000000000000000021e-08 1.000000000000000021e-08 1.000000000000000021e-08 1.000000000000000021e-08 1.000000000000000021e-08 1.000000000000000021e-08 1.000000000000000021e-08 1.000000000000000021e-08 1.000000000000000021e-08 1.000000000000000021e-08 1.000000000000000021e-08 1.000000000000000021e-08 1.000000000000000021e-08
1.497261002648667041e-04 2.213320732459915486e-04 2.817169060798074809e-04 3.354224414247677661e-04 3.935515337365611465e-04 4.585898495076978255e-04 3.458560847488300412e-04 2.976639964358353046e-04 2.719457241706301994e-04 2.044398925522666595e-05 1.494938295932921977e-05 5.285485179614375162e-04 1.153537514503506908e-03 1.861690556809615822e-03 2.011599406107269106e-03 3.098056163390918057e-03 2.671688563570641731e-03 3.302904528648712649e-03 3.328265560015087644e-03 9.703571973370317752e-03 1.522262076275580933e-04 1.000000000000000021e-08 1.000000000000000021e-08 1.000000000000000021e-08 1.000000000000000021e-08 1.000000000000000021e-08 1.000000000000000021e-08 1.000000000000000021e-08 1.000000000000000021e-08 1.000000000000000021e-08 1.000000000000000021e-08 1.000000000000000021e-08 1.000000000000000021e-08 1.000000000000000021e-08 1.000000000000000021e-08 1.000000000000000021e-08 1.000000000000000021e-08
7.319282218848833946e-05 1.000000000000000021e-08 1.000000000000000021e-08 1.462769913705777049e-05 5.948161154217538791e-05 9.002349641677125753e-05 3.857843196774494608e-04 5.386188357084740336e-04 6.902832676005774167e-04 8.030931643702727673e-04 9.116238973372832238e-04 1.153153748546805780e-03 1.011151435351542206e-02 1.401938771351849723e-03 1.552705330754210840e-03 1.154287707817744021e-03 1.230595247511147555e-03 8.024972100034345615e-04 9.831570476082432137e-04 5.679474230028957148e-03 5.883107544273050507e-03 1.000000000000000021e-08 1.000000000000000021e-08 1.000000000000000021e-08 1.000000000000000021e-08 1.000000000000000021e-08 1.000000000000000021e-08 1.000000000000000021e-08 1.000000000000000021e-08 1.000000000000000021e-08 1.000000000000000021e-08 1.000000000000000021e-08 1.000000000000000021e-08 1.000000000000000021e-08 1.000000000000000021e-08 1.000000000000000021e-08 1.000000000000000021e-08
2.588576532043773050e-05 1.594369843708497823e-05 1.155243907482194192e-05 1.000000000000000021e-08 1.000000000000000021e-08 1.000000000000000021e-08 1.000000000000000021e-08 1.000000000000000021e-08 1.000000000000000021e-08 1.000000000000000021e-08 9.969501795300847826e-05 9.756368587901505598e-05 5.780487735534029252e-05 1.000000000000000021e-08 1.000000000000000021e-08 1.000000000000000021e-08 1.022929778069036992e-04 3.604273070138760564e-05 7.949247670371499899e-05 3.679448162209804710e-03 7.421218404824867464e-03 1.376392136667723733e-03 1.000000000000000021e-08 1.000000000000000021e-08 1.000000000000000021e-08 1.000000000000000021e-08 1.000000000000000021e-08 1.006564240926915808e-05 1.000000000000000021e-08 1.000000000000000021e-08 1.000000000000000021e-08 1.000000000000000021e-08 1.000000000000000021e-08 1.000000000000000021e-08 1.000000000000000021e-08 1.000000000000000021e-08 1.000000000000000021e-08
1.804151550917643549e-05 2.160557780831708281e-05 2.103095941015537616e-05 2.184974222522329605e-05 2.378944506742101321e-05 2.476326903272085472e-05 2.365732880050030586e-05 2.495024706386542938e-05 7.881707620357012074e-05 4.709809319653315477e-05 1.002358847277260898e-04 8.532237531640999748e-05 7.982221332847960575e-05 5.959795304528609378e-05 4.641226627390795435e-05 1.000000000000000021e-08 1.000000000000000021e-08 1.000000000000000021e-08 5.353152466405638142e-05 2.587166214298072895e-03 2.225352806568121899e-02 6.674990162375138078e-03 1.730726669737919979e-05 1.000000000000000021e-08 1.000000000000000021e-08 1.000000000000000021e-08 1.000000000000000021e-08 1.709244478531918337e-05 1.000000000000000021e-08 1.000000000000000021e-08 1.000000000000000021e-08 1.000000000000000021e-08 1.000000000000000021e-08 1.000000000000000021e-08 1.000000000000000021e-08 1.000000000000000021e-08 1.482113325457198440e-05
1.000000000000000021e-08 1.000000000000000021e-08 1.634058706480936578e-05 2.353750446574834085e-05 3.291734421961033162e-05 5.626416436138411054e-05 6.655486955215053982e-05 9.890300685111616237e-05 1.388653866402196299e-04 1.766367439110826988e-04 8.815522740250603118e-05 8.978704016364850234e-05 1.023417075382327974e-04 8.867333757915395783e-05 7.887836471840525647e-05 5.552467521882916497e-05 4.380392579446673736e-05 1.000000000000000021e-08 4.319608321205976512e-05 2.112375906947872375e-03 7.195437290012972678e-03 2.381227909691700437e-02 6.255409828952356380e-03 2.821127877464676712e-05 1.000000000000000021e-08 1.000000000000000021e-08 1.218262169590140026e-05 1.550450850002025793e-05 1.000000000000000021e-08 1.000000000000000021e-08 1.000000000000000021e-08 1.000000000000000021e-08 1.000000000000000021e-08 1.000000000000000021e-08 1.000000000000000021e-08 1.000000000000000021e-08 2.403807684060328665e-05
1.000000000000000021e-08 1.000000000000000021e-08 1.000000000000000021e-08 2.004535852000228260e-05 1.139719153256367858e-03 1.000000000000000021e-08 1.000000000000000021e-08 1.000000000000000021e-08 1.000000000000000021e-08 1.356667508057924378e-05 6.280786236298932360e-05 8.828210305687696257e-05 1.034222838712425661e-04 1.034851345987226868e-04 1.078565997928450213e-04 1.747118979908553801e-03 1.047435663987777260e-05 1.525858771828107665e-04 6.191293600308961018e-05 2.613969655555806963e-04 1.080852128601553233e-05 4.125802869059283333e-03 5.636452094026979907e-03 5.033659462443424056e-03 2.216621582679646516e-05 1.000000000000000021e-08 1.000000000000000021e-08 1.257214960870694454e-05 1.000000000000000021e-08 1.000000000000000021e-08 1.000000000000000021e-08 1.000000000000000021e-08 1.000000000000000021e-08 1.127055835865854785e-05 1.000000000000000021e-08 2.272329989957354077e-05 2.241257448554951265e-05
1.000000000000000021e-08 1.000000000000000021e-08 1.000000000000000021e-08 1.582077494636502098e-05 6.652727370524555634e-05 1.000000000000000021e-08 1.000000000000000021e-08 1.000000000000000021e-08 1.000000000000000021e-08 1.000000000000000021e-08 6.401483639128660661e-05 1.665673083535743699e-04 2.185841427881748044e-04 1.922827766318643957e-04 2.013871329439308221e-04 2.830644025477665224e-04 7.377177176670583064e-04 6.091930402612218479e-03 1.220432145941458381e-03 2.417102172339853454e-04 3.964619951224619969e-04 4.106894116439744821e-03 5.305249454049766264e-03 5.104260410790113951e-03 5.102535720157334864e-03 6.333477675033132156e-04 6.051424789827941023e-04 1.773728224161211074e-05 1.159329465498019490e-05 1.000000000000000021e-08 1.000000000000000021e-08 1.000000000000000021e-08 1.274372803048146951e-05 1.175358450527726228e-05 1.973126424483229857e-05 2.045123642897172505e-05 3.029390952257965958e-05
1.000000000000000021e-08 1.000000000000000021e-08 1.000000000000000021e-08 1.000000000000000021e-08 6.588756797687461307e-05 4.787453628590635814e-05 3.919786891300615345e-05 1.000000000000000021e-08 1.000000000000000021e-08 1.000000000000000021e-08 1.858902594038171021e-05 9.592178289420900744e-05 1.645049281548567870e-04 3.064410594922469737e-04 4.925005670795350133e-04 4.920784730231698555e-04 4.200319356538313406e-04 3.037276511951834436e-04 7.453163538207422702e-03 1.619021966573123625e-03 1.392779957048622232e-03 2.275441280909047334e-03 8.644244798498942894e-03 2.572448459717200514e-02 5.883134450187907719e-03 3.866646448118174137e-03 4.108942918082758231e-03 2.529903570682730563e-05 1.000000000000000021e-08 1.000000000000000021e-08 1.000000000000000021e-08 1.000000000000000021e-08 2.436206992466994443e-05 1.829877251544630967e-05 1.000000000000000021e-08 2.020743717489402149e-05 3.838139543720091209e-05
1.000000000000000021e-08 1.269139014305765380e-05 3.913485317938314857e-05 1.000000000000000021e-08 4.696970682663739169e-05 6.663472045564575695e-05 8.849082011546412078e-05 1.259761826308935368e-04 1.803890534973940794e-04 1.511466109318987990e-04 1.975591247825640121e-04 1.539280684024516520e-04 1.379504690413432193e-04 1.210977536138120434e-04 9.495802705385870013e-05 7.075573849708056832e-05 1.000000000000000021e-08 7.054023000575593587e-05 3.197474888618342194e-05 3.735093837379640440e-05 1.000000000000000021e-08 1.538093987947448168e-03 3.891290766704626810e-03 1.033807170175055599e-02 1.039284561654336275e-02 1.226203900962185081e-02 8.004973921818689386e-02 7.837172600184452720e-02 4.833567240694925673e-05 1.066088812622153658e-05 1.543168715631360250e-05 1.000000000000000021e-08 4.058314971800113836e-03 3.515827012200673646e-03 1.700813583477056622e-05 1.000000000000000021e-08 3.440168312574878997e-05
1.000000000000000021e-08 1.639989253852236874e-05 6.473911337576292494e-05 1.000000000000000021e-08 1.000000000000000021e-08 1.000000000000000021e-08 1.000000000000000021e-08 1.000000000000000021e-08 1.000000000000000021e-08 1.695438699443203563e-04 1.282826052002958457e-04 1.000000000000000021e-08 1.000000000000000021e-08 3.891878800097365893e-05 3.169583758763800123e-05 3.144909146812008228e-05 2.974724688556575460e-05 2.400524472192809068e-05 1.729147595297480741e-05 2.596624228162139613e-05 1.572210666813590989e-03 2.134189808279402922e-03 5.149665288718401936e-03 4.978919909479920247e-03 6.936189142701834447e-03 8.137042327401795491e-03 7.773103422678409591e-02 7.385021234004909840e-02 5.720677727478952479e-02 1.927156978461435841e-02 1.951183347432282333e-02 1.815048600324693784e-02 1.613828455239990287e-02 1.644999573659526593e-02 2.143479939102628171e-02 2.155320361274842833e-02 1.283840193766281734e-04
1.000000000000000021e-08 3.113737304229034102e-04 3.974666423069135135e-04 4.595212872879258234e-04 1.000000000000000021e-08 1.000000000000000021e-08 1.000000000000000021e-08 1.000000000000000021e-08 1.000000000000000021e-08 1.011065967687369157e-04 9.041013703782855052e-05 6.538839699380738014e-05 5.165611565701692405e-05 3.991826367979623845e-05 3.465256584123003818e-05 2.868217444154019647e-05 1.796232585863499556e-05 1.000000000000000021e-08 1.000000000000000021e-08 2.357909127581136091e-05 7.111517245809376685e-03 1.175391890204559135e-02 7.228258374045021944e-03 4.286773555131262806e-03 2.672519089222117911e-03 1.706378084116664086e-03 1.131653090212424379e-03 7.780526522324971751e-04 4.259477828542392042e-04 3.101277966239645960e-04 2.033803216732036115e-04 4.060734681338658975e-03 5.628895602871215702e-03 7.569474099320046626e-03 5.180438832825476000e-03 2.348904411038059761e-02 1.518564923590032603e-02
2.733138143619435762e-03 2.316096032184631606e-04 2.908919888270402590e-04 7.012857548355540390e-04 7.344836157453151632e-03 4.906073777804898992e-03 6.075894423485135717e-04 4.312695237011771716e-04 2.938110024083910826e-04 1.556645279602015912e-04 7.593396970875631983e-05 4.091457202210011922e-05 2.457447379205987480e-05 1.522149921273532198e-05 1.671605732393432331e-05 1.856796889399743260e-05 1.473308222666768049e-03 9.298910556177034407e-04 6.355598045309622003e-04 1.168309636378711894e-02 2.784810182923592309e-02 7.826258482894572419e-03 3.849062982003217937e-05 1.000000000000000021e-08 1.000000000000000021e-08 1.000000000000000021e-08 1.000000000000000021e-08 1.000000000000000021e-08 1.000000000000000021e-08 1.000000000000000021e-08 4.748602717906966284e-05 9.612794760544575694e-04 1.731634102030916609e-03 1.311402247113603375e-03 9.519968522349719214e-04 7.622968148416884616e-04 1.449923686251396865e-02
1.000000000000000021e-08 1.000000000000000021e-08 1.000000000000000021e-08 1.000000000000000021e-08 1.000000000000000021e-08 9.593908802130044411e-04 1.292534698111879633e-03 1.436846779358193953e-03 9.047812331775661326e-04 5.779826854653255562e-04 3.710839925277995021e-04 2.337258965710152135e-04 1.645636143516840302e-04 1.353470930703749647e-04 7.732112659784668926e-03 9.215081790285798574e-03 7.676760762050293882e-03 9.832935289972677059e-03 1.156918690911945026e-02 1.173409646390169946e-02 2.816593475252844939e-03 1.000000000000000021e-08 1.000000000000000021e-08 1.000000000000000021e-08 1.000000000000000021e-08 1.000000000000000021e-08 1.000000000000000021e-08 1.000000000000000021e-08 1.000000000000000021e-08 3.717115419781589049e-04 5.838959928527511509e-04 5.179363279609499379e-04 5.204909709397758169e-04 4.744918296087127351e-04 2.524729011029244329e-04 2.870360509489071018e-04 3.825998329464872210e-03
1.000000000000000021e-08 1.000000000000000021e-08 1.000000000000000021e-08 2.348059409602916238e-05 1.000000000000000021e-08 1.000000000000000021e-08 1.000000000000000021e-08 1.221752302354481127e-04 5.740312765085460065e-04 6.704672717355070373e-04 5.211804369531815306e-04 4.903685583607158768e-04 1.743622468118528543e-03 4.065634641805724453e-02 2.640029408512509571e-02 5.223991033641040352e-03 3.578889066374616769e-03 3.472790403909187685e-03 5.759725793067903710e-04 7.045013003402977262e-05 1.000000000000000021e-08 1.000000000000000021e-08 1.000000000000000021e-08 1.000000000000000021e-08 1.000000000000000021e-08 1.000000000000000021e-08 1.000000000000000021e-08 6.907749101457976056e-05 4.871913030838776479e-04 4.551179894633960912e-04 4.459882667521983192e-04 3.115146210805992515e-03 2.877880847383946085e-04 1.962863683780573850e-04 1.561706529845139577e-05 1.321260902930879429e-05 1.577808647665499304e-05
2.278017165424137041e-05 2.335680212797891124e-05 3.012143539031352584e-05 8.135770136138055378e-05 1.165873752450298937e-05 1.000000000000000021e-08 1.000000000000000021e-08 7.467146202996927345e-05 4.111290051943526386e-04 6.158630613521499453e-04 5.673128102888259916e-04 5.791517432640232166e-03 7.752890763005289287e-03 1.015910525013925987e-02 4.307274156405250555e-03 2.805577317251116182e-04 1.000000000000000021e-08 1.000000000000000021e-08 1.000000000000000021e-08 1.000000000000000021e-08 1.000000000000000021e-08 1.000000000000000021e-08 1.000000000000000021e-08 1.000000000000000021e-08 1.000000000000000021e-08 1.000000000000000021e-08 7.350414936264918668e-04 7.688555220376519679e-04 5.109233984402248652e-04 5.580388037576661220e-05 4.295555244079669914e-05 4.501878560030197601e-05 1.229512462254520714e-05 1.000000000000000021e-08 1.000000000000000021e-08 1.000000000000000021e-08 1.000000000000000021e-08
