output/water_depth_960.asc
ncols 223
nrows 158
xllcorner 0.0
yllcorner 0.0
cellsize 30.0
[rows 136 to 152 of 158, columns 148 to 184 of 223]
6.061121517976969303e-04 9.208120600056045628e-04 7.226437613288853781e-04 1.404563782538796515e-03 1.450887688418819876e-03 2.124578534565353585e-03 2.240775582829894995e-03 1.804306710388181318e-03 2.533816190291970916e-03 3.867627067812754327e-03 1.316465357448974929e-02 1.941268719495446021e-02 1.336666976295073327e-02 1.092810072417117577e-02 9.493097549633176466e-03 8.774626886755445762e-03 8.396550018991120329e-03 8.088942884463479893e-03 8.139191779710244767e-03 8.681903032205295218e-03 6.559634110102757591e-03 5.974829831378456607e-03 5.034583810999628158e-03 4.770073097541549165e-03 4.930698022951579725e-03 3.052635285983796264e-03 3.905663928605305688e-03 2.758998561576606751e-03 3.871471126162185326e-03 3.547133333330195967e-03 3.848248026290198610e-03 2.611820252519331340e-03 3.348138014880166612e-03 2.926122110368132787e-03 2.588065338496112287e-03 3.571173302459349636e-03 1.258252567060563244e-02
6.402594810515215441e-04 7.176401236327584025e-04 2.024495607399393222e-03 2.196900307261900279e-03 2.466539879183534366e-03 2.838342842805458444e-03 3.161472490716573519e-03 3.347700354700926077e-03 2.890026899844546932e-03 4.409479734588606092e-03 3.258870693159440085e-03 4.281828945576654846e-03 1.058172917849500155e-02 4.993103499735618289e-02 7.011979677475531358e-02 7.990430767393584544e-02 8.397817768071355604e-02 5.916829759960979401e-02 7.126105549209649226e-02 7.528226644493192510e-02 7.627285759480913196e-02 7.621400691017109208e-02 7.462424801410859343e-02 7.211337756409086364e-02 3.576084020712619327e-02 1.884928664134977172e-02 1.043659633265732467e-02 7.040493482357295697e-03 4.981991598211590357e-03 4.680615223321627633e-03 4.687775392531659882e-03 5.151662218006589772e-03 4.578440913516626520e-03 4.397546951595610043e-03 3.995619832075501983e-03 4.409757084092042617e-03 1.328856592165579206e-02
1.100569302843248118e-03 2.150425899136850557e-03 2.157346637681385650e-03 3.208276868919009150e-03 2.802425516024677730e-03 3.660543099264188492e-03 3.314910221165743610e-03 4.348881703815158685e-03 6.698575421231722261e-03 2.532015833014788705e-02 3.386838255278780407e-02 3.641016544648437159e-02 5.854368813710172231e-02 3.283110379914753324e-02 1.935559772994886740e-02 1.266658554366907434e-02 9.128435441319675964e-03 3.252932579110649064e-02 1.691098049648323554e-02 8.976874515563440168e-03 5.695643259810676678e-03 4.323007254600801617e-03 3.424142522059774561e-03 3.816878827297442902e-03 3.649067460081512060e-02 2.651518804944638305e-02 1.792326512875982644e-02 1.217153256041777348e-02 9.046592674970752035e-03 7.265452757657003477e-03 6.701577817364916430e-03 6.810052217277176752e-03 6.461600463314471493e-03 6.756325198789101157e-03 6.540474071698808463e-03 1.308404893697194191e-02 8.212417791276953316e-03
1.752091911709230138e-03 2.998921284188291268e-03 3.339165580277541571e-03 4.037347484789311283e-03 5.151687658737554368e-03 5.540592580615955921e-03 6.741500852959570259e-03 8.091667436149472745e-03 2.833873624291362997e-02 4.474681772744244085e-02 4.549389546844481019e-02 4.143768686864947315e-02 2.213309697184153227e-02 1.210562519734611001e-02 7.897095096425763017e-03 5.765427070243552346e-03 5.003467086753814359e-03 3.738966337154469091e-03 3.488079743769434329e-03 3.273799932860500632e-03 2.187892718308848475e-03 1.594045747414646330e-03 1.590065741942256645e-03 1.435293369918996505e-03 1.439523143210958995e-03 2.611981980312385113e-02 2.117547658461583701e-02 1.621761293211742075e-02 1.250208040745158684e-02 1.016305905130459805e-02 9.011643228981054340e-03 8.202455516877619687e-03 8.399846169807944490e-03 7.951094769048351607e-03 7.913572994397908428e-03 1.318922770811155505e-02 1.218103520710909354e-02
4.182573999473457316e-02 5.653583828366945396e-02 6.733873839283797957e-02 7.440304606896462614e-02 7.955944149956455103e-02 8.233681387287442033e-02 8.304656332199621127e-02 4.165694837663459771e-02 4.894482242471995953e-02 3.452493626217213035e-02 1.795825553998250251e-02 9.735818225314512089e-03 6.489080556573492524e-03 4.560204835093784916e-03 2.966526775053819013e-03 3.617202684592029250e-03 2.482834515976442731e-03 2.359686618585399645e-03 1.627536056584151167e-03 1.037894254372962290e-03 1.451755023536382581e-03 1.125511190078311644e-03 1.002625847205382498e-03 6.139597278489824410e-04 1.003708355255316341e-03 9.822153038749296006e-04 2.186062155563937501e-02 4.012769720979380422e-02 5.537072000476710165e-02 3.196306906059683678e-02 3.867809595656644672e-02 5.963112058714935965e-02 4.790249373799711913e-02 2.660563620409769903e-02 1.627258746478543044e-02 7.275070709709978087e-03 6.728292469261374850e-03
9.966659045460872154e-03 9.052416493130190089e-03 8.643895881119259550e-03 9.254109861198692166e-03 8.113939504331509414e-03 7.161293670090823973e-03 7.017278445108775416e-03 4.793699357431573105e-02 2.828255486086484957e-02 2.356250035631496376e-02 3.898305682212245375e-03 2.140493381539261379e-03 2.889498002870391751e-03 1.788335006939810110e-03 2.752148834362879836e-03 2.419648138789082595e-03 2.462105462288641418e-03 1.282134590852675041e-03 7.926784138404519269e-04 7.547558725170115147e-04 6.413650086473317346e-04 4.768359991245689922e-04 5.497527987017841039e-04 9.306642034850704740e-04 6.356509193088881026e-04 6.925745578575036266e-04 8.259161526344171479e-04 4.510435575262517448e-03 7.441045707670554399e-03 4.278029896621186878e-02 4.064844942880363465e-02 1.957738794903876589e-02 2.955754201543241144e-02 4.819332607222003018e-02 5.623302649390433255e-02 2.778435663824865842e-02 1.293073836443316138e-02
5.249774996906914244e-03 5.787071418356264964e-03 5.822932586251372382e-03 6.094296683689689846e-03 5.539560483096946791e-03 4.831608301659377422e-03 3.963578348719847856e-03 3.858479189752028055e-03 9.311043678384473346e-03 1.936305706603572239e-03 1.168192551253384708e-03 1.288005048990683958e-03 1.228632379717475680e-03 2.180760541591650337e-03 1.655397012082343664e-03 1.937908411369822659e-03 2.170006508534634039e-03 1.925084508234722620e-03 2.107418874150326134e-03 1.480993324958788503e-03 1.705696968502820512e-03 1.252488089351917093e-03 1.443944948898873495e-03 1.451285304426837329e-03 1.492449039242059114e-03 1.416896613350892599e-03 1.620028107837656259e-03 7.209881006199704394e-03 9.203682961864188480e-03 7.572353515009610028e-03 5.586110068575355497e-03 2.821099790186543891e-03 1.693035367718496130e-03 1.762362774959835843e-03 2.388191596451916948e-03 2.608447980744717926e-02 2.799849917331024771e-02
2.307262652791890883e-03 2.361438426633598667e-03 3.877128957424900296e-03 3.746030111201675925e-03 3.027189332080699753e-03 2.176056381972068555e-03 2.531995766835091512e-03 2.438776140704919642e-03 1.791182563561717362e-03 1.548940232659407317e-03 1.237039980902189008e-03 1.271632092440035848e-03 1.584377076524396723e-03 1.312905290143303759e-03 1.453426482620024524e-03 1.020872427387649935e-03 1.156970466080088590e-03 1.592622967990821314e-03 2.122429615161469402e-03 2.219129011364428736e-03 2.229118610688925195e-03 2.514527262395085602e-03 2.119053737503436875e-03 2.611527580961428043e-03 2.270520645654275967e-03 3.186874106252990044e-03 2.720114500308382869e-03 1.342116377589885542e-02 1.212686071983947074e-02 7.128064606380266240e-03 3.705122877671575103e-03 2.132965059618116988e-03 1.610037380774750849e-03 7.843582480722404576e-04 2.562537702452035923e-03 1.478315043355048946e-03 4.308460950962821577e-03
1.129154058555297165e-03 2.000867231050182382e-03 1.646700735406463230e-03 2.286589956964853610e-03 1.672066449324662377e-03 1.058900928016544242e-03 9.245309052761257768e-04 9.986984855642072351e-04 6.752328300000315971e-04 7.922836484275980369e-04 1.196600381389848009e-03 1.100817383277140956e-03 1.097021480314823612e-03 6.662401619674977000e-04 1.217660408679777269e-03 1.527583850377812764e-03 1.315949361448381059e-03 2.151927921497868990e-03 2.187261860829203299e-03 2.735228774651255607e-03 2.960368830727737148e-03 1.195550708829434469e-02 3.332260382385073688e-02 4.467843025621529018e-02 5.183338130725236720e-02 5.473612952531888703e-02 5.452615409277221381e-02 2.656819266043107530e-02 1.221871330561937440e-02 5.001709360187289732e-03 5.549945092583231585e-03 4.833572912863827453e-03 6.973092026233062776e-03 8.976111485169897472e-03 1.205440927543893412e-02 1.295790384818436454e-02 8.178701717920174724e-03
9.945090504802525481e-04 9.291526748097610590e-04 1.376931297381574736e-03 1.071428288865917218e-03 1.027047030856232182e-03 6.446972412118171869e-04 5.713099966596676526e-04 5.619996231552080827e-04 4.355043010056506040e-04 2.446173330113170685e-04 6.515737601221936130e-04 1.256189990691721154e-03 1.114254820430847894e-03 1.180027569178935696e-03 1.557949082805128085e-03 4.432548436167821175e-03 4.123073277819711349e-03 3.636252631508081479e-03 2.130457916519560430e-02 1.268291579796063800e-02 2.016475590622585773e-02 2.895143459379982340e-02 1.788925948292992979e-02 1.133074853835724059e-02 6.159129819294000864e-03 4.668740496451585786e-03 2.937674505051425088e-03 1.971758080281617396e-03 1.223769392898015756e-03 2.921158617469422035e-03 1.764585417281977790e-03 2.879968029218879164e-03 2.657486048783395428e-03 4.829746948686344105e-03 2.550417308535645952e-03 3.354448619983369656e-03 5.557135496367477875e-03
8.814986915428861970e-04 8.866490540775517773e-04 9.886036929768165626e-04 1.684840142164444228e-03 1.523155741317941056e-03 1.772767965250041967e-03 1.558258823914377995e-03 1.604349701767656929e-03 1.584005199124621181e-03 1.299438453311884106e-03 1.444900906495822680e-03 1.376429178116493537e-03 1.768580826440539116e-03 1.614748744470188239e-03 3.444099832690743993e-03 6.775389910419754927e-03 1.504176919096417153e-02 2.337664716295526426e-02 1.286164557538282439e-02 2.908645247981375345e-02 2.760732772793893577e-02 1.395094294917369020e-02 7.021913840251899595e-03 4.022643679243659807e-03 2.580773762014278248e-03 1.120277902226503178e-03 1.504356777208185926e-03 1.800453513013271223e-03 2.200724949061054394e-03 2.013048920144179087e-03 2.548618391292689113e-03 2.746561794847556925e-03 2.052352044260755994e-03 1.083844608280187761e-03 2.026911704148092862e-03 2.527365600978289870e-03 1.239667301341302284e-02
2.965578545636510981e-04 4.503443734205298866e-04 1.050828567972766870e-03 1.713068178651849707e-03 4.872857518105626513e-03 4.027336252395754754e-03 3.803171098297159197e-03 2.379417824434895776e-03 2.431738642729196383e-03 2.221013266496674968e-03 2.119765427716547527e-03 2.126501565785184587e-03 2.661551292447402947e-03 2.488679697276667980e-03 2.104965113939574663e-03 1.857337450488197664e-03 1.080233888867495554e-03 9.925809823941832144e-04 2.109660532105407226e-03 2.507306253468266719e-03 1.873069262974188859e-03 1.533909897485409091e-03 7.865755498798140694e-04 7.991818889404367137e-04 4.474671769238197823e-04 4.829507431202011733e-04 4.546106659212629424e-04 3.051832884630450472e-03 6.265567057750769976e-03 6.532271526244713689e-03 5.179263369853259052e-03 4.475465864623349131e-03 3.025077571414889512e-03 9.778913749204861533e-03 1.157142402549533530e-02 1.332622551937668459e-02 6.933993152634425339e-03
7.838606993506635817e-04 1.017016271632964963e-03 9.969259121069607744e-04 7.015671872452649204e-04 2.678013172703060758e-04 2.762718647642008977e-03 3.569280126643011811e-03 4.169460712970581712e-03 3.567676825068989352e-03 3.958981264803563063e-03 8.948741309379384598e-03 1.479281241294541291e-02 8.916768898900188922e-03 3.937270353643220616e-02 3.711453382460511152e-02 3.455498022953550075e-02 1.663758191926284838e-02 8.289607132723773864e-03 4.965713190610867439e-03 2.631629237337991187e-03 1.666989595480243037e-03 1.364591193019599937e-03 1.598031701508783979e-03 1.173164357169393865e-03 1.289482212605795163e-03 9.784438964760690076e-04 1.137076912305783755e-03 9.732852614201146710e-04 2.882293410302680468e-03 5.026189585340913243e-03 5.906915660217572882e-03 5.607904323293109658e-03 5.753475550010417501e-03 6.385825634407055022e-03 5.153903907009344844e-03 4.445126740872072657e-03 2.921910541967708344e-02
2.609815315506995234e-03 2.739734710907123279e-03 2.891780961937844962e-03 2.052759128174448840e-03 1.555777561133784128e-03 1.573954045962803680e-02 4.155136146813333958e-02 2.281499573523350019e-02 1.326742881873672550e-02 7.925023820810721265e-03 1.698764757879221710e-02 2.185346812741234199e-02 4.847104926662742369e-02 2.894792099126200155e-02 3.502808427799234542e-02 3.458355298118321458e-02 2.398474229178967215e-02 1.449115677046499719e-02 7.788757723869109938e-03 4.998578633009684649e-03 3.478029727913693834e-03 2.500695555262227952e-03 1.361154574684657337e-03 2.004915599688370052e-03 1.812390665615431573e-03 1.753142690639546922e-03 2.295564015878332441e-03 1.798668293123477325e-03 1.416036438158155665e-03 7.652580703952996562e-03 2.302387284451551039e-02 3.672674099637441431e-02 3.322365587772979634e-02 2.415894448710119088e-02 3.327575140838005124e-02 4.053869356591535689e-02 2.238095892010600468e-02
2.951862074896401990e-03 8.653695144070643747e-03 1.829455303928669008e-02 2.876032609884766889e-02 3.776921048556501626e-02 3.484290746800061678e-02 1.903752552640914156e-02 4.550673896146077008e-02 5.936193026259500155e-02 6.653886470394340669e-02 4.020344137423667585e-02 3.711096548574432247e-02 2.035414173222628575e-02 1.133924158113913845e-02 6.537000529159404071e-03 4.851262645759050682e-03 2.268911779366526368e-02 2.949084217603561986e-02 3.185927637377102689e-02 1.693950018935135721e-02 9.136232231019643726e-03 5.047562497495634327e-03 4.188281066552482571e-03 2.441541904098749622e-03 2.688751912128023360e-03 2.963309477653867756e-03 2.224642492788695466e-03 2.796906672013346924e-03 4.036334166825133497e-03 9.049838754194782300e-03 6.881292367459553028e-03 5.409861279756733587e-03 7.530974869606821623e-03 6.243269966130895847e-03 8.573630302178544826e-03 7.908904875534049361e-03 5.579876951798998230e-03
1.588540637377695863e-04 8.497310360509959014e-04 9.357665831062514199e-04 1.817012730927479360e-03 1.929033206927811394e-03 2.128397678694612417e-03 2.718767259488831869e-03 2.067503229297717147e-03 3.310316390779349631e-03 3.233569889853201915e-03 1.622285334913232610e-02 8.651661438898271619e-03 5.058700176172780533e-03 3.259981052785653356e-03 2.247615033612729470e-03 2.960877566211970319e-03 9.353098369005918497e-03 1.948609311833424465e-02 2.743890762349966705e-02 3.432277329128131937e-02 2.115443911764807935e-02 1.277804180648084431e-02 7.655965226831016462e-03 5.411745703520779750e-03 4.328147378171754399e-03 3.257623339793519566e-03 4.471187965225210253e-03 3.198306389451543649e-03 3.228585789073036907e-03 3.498183672154035750e-03 2.284545378826321679e-03 3.104977313482905951e-03 1.015878257343148273e-02 2.029233022836442191e-02 1.175168326937145805e-02 6.249935184416455063e-03 4.643187134152750549e-03
9.297000452581190766e-04 8.690859590383148182e-04 5.457636382906846289e-04 6.990866680105219198e-04 1.063960371053365413e-03 1.371755014554696533e-03 1.232724689732619039e-03 1.766367626670274724e-03 1.233821414146016489e-03 1.640131485359672559e-03 1.251162734195261118e-03 2.013956401496529939e-03 1.542491030890276449e-03 1.378031650154202658e-03 1.219338029516900358e-03 9.306206190210319744e-04 2.956518573475709621e-03 3.952421590836414748e-03 4.434071645456200139e-03 1.313170877384504595e-02 3.814182862982851141e-02 5.241711063046217145e-02 6.009576956422744975e-02 4.678419325257435896e-02 2.515170150234874100e-02 1.468337565759932593e-02 9.528435537976538347e-03 7.699879402359520453e-03 5.915131556716487701e-03 3.590783582993934547e-03 4.088939387414800529e-03 2.922378383173285417e-03 5.060365493587445050e-03 4.720778903997551422e-03 3.128048226968071534e-03 1.867010949287941117e-03 8.807570873626082743e-04
