output/water_depth_6120.asc
ncols 223
nrows 158
xllcorner 0.0
yllcorner 0.0
cellsize 30.0
[rows 68 to 84 of 158, columns 111 to 147 of 223]
1.116366121176404527e-05 1.618047900425229231e-04 1.000000000000000021e-08 1.402699848089543168e-05 1.000000000000000021e-08 1.829509229849235588e-05 1.000000000000000021e-08 1.000000000000000021e-08 2.579501075499417463e-05 3.927787456041057857e-04 2.172948069216012437e-04 1.034236493780070715e-04 1.340766017653965987e-05 1.000000000000000021e-08 1.000000000000000021e-08 1.000000000000000021e-08 1.000000000000000021e-08 1.000000000000000021e-08 1.000000000000000021e-08 1.000000000000000021e-08 1.000000000000000021e-08 1.000000000000000021e-08 1.000000000000000021e-08 1.000000000000000021e-08 1.000000000000000021e-08 1.194516122898280297e-05 1.174885814819630378e-05 3.350864773490034882e-05 4.487137659364836585e-03 6.085872513705527969e-04 1.000000000000000021e-08 1.000000000000000021e-08 4.549998185726203165e-05 4.383247885297980026e-05 1.000000000000000021e-08 1.000000000000000021e-08 1.783726322909891037e-05
1.830882733884049382e-04 6.680098375927425672e-04 2.336276624852561597e-03 7.760549197926326637e-03 1.010561627436733396e-02 6.827293664784089659e-03 6.253334529894690776e-03 2.631800988111658986e-05 1.480836847787039101e-05 2.219037353262319717e-05 1.158897245918615699e-04 1.000000000000000021e-08 1.000000000000000021e-08 1.000000000000000021e-08 1.000000000000000021e-08 1.090320276095074357e-05 1.000000000000000021e-08 1.000000000000000021e-08 1.000000000000000021e-08 1.000000000000000021e-08 1.000000000000000021e-08 1.814272916723749150e-05 3.257942646442597585e-05 1.000000000000000021e-08 1.000000000000000021e-08 1.000000000000000021e-08 1.000000000000000021e-08 1.000000000000000021e-08 1.509251992676489573e-05 7.437242445973975356e-04 5.228853575535049843e-04 3.970507895400243173e-04 9.685175354742158957e-05 4.586035161204131313e-05 1.000000000000000021e-08 1.000000000000000021e-08 1.634919439573731274e-05
4.070603178523738222e-03 1.138128906916369490e-02 1.089566142621206657e-02 7.370584853972493751e-03 5.091910490444218930e-03 9.722208234141625771e-03 1.202261493023621189e-02 3.162071322163462813e-03 1.000000000000000021e-08 1.000000000000000021e-08 1.000000000000000021e-08 1.000000000000000021e-08 1.000000000000000021e-08 1.000000000000000021e-08 1.602336570885721544e-05 1.000000000000000021e-08 1.000000000000000021e-08 1.000000000000000021e-08 1.000000000000000021e-08 1.000000000000000021e-08 1.000000000000000021e-08 3.118527145242301293e-05 1.000000000000000021e-08 1.000000000000000021e-08 1.000000000000000021e-08 1.000000000000000021e-08 1.000000000000000021e-08 1.000000000000000021e-08 1.000000000000000021e-08 7.153162996219992152e-05 4.492405781633074875e-04 7.813015153834366718e-05 1.000000000000000021e-08 4.729310237272710591e-05 1.000000000000000021e-08 1.000000000000000021e-08 1.541755339198497862e-05
2.538947002219114381e-03 3.822108225249012427e-03 2.029210013691892984e-04 1.000000000000000021e-08 1.000000000000000021e-08 1.000000000000000021e-08 1.176545889463434004e-02 1.139605352103567094e-02 1.640464270042145471e-05 1.000000000000000021e-08 1.000000000000000021e-08 1.000000000000000021e-08 1.000000000000000021e-08 1.172093716463679218e-05 1.000000000000000021e-08 1.000000000000000021e-08 1.000000000000000021e-08 1.000000000000000021e-08 1.000000000000000021e-08 1.000000000000000021e-08 1.000000000000000021e-08 3.165006797826018406e-05 3.743272090791512047e-05 1.000000000000000021e-08 1.000000000000000021e-08 1.000000000000000021e-08 1.000000000000000021e-08 1.000000000000000021e-08 1.553309092821829194e-05 9.134056597694181626e-05 5.138558804902188405e-04 1.192639295823019405e-03 2.379144064179837255e-04 3.563836110552644183e-05 1.000000000000000021e-08 1.000000000000000021e-08 1.828176099693165873e-05
1.458586529760937806e-03 1.927352440027452207e-03 3.115675592826845164e-04 1.000000000000000021e-08 1.000000000000000021e-08 1.067835058153679982e-05 3.285240975060358445e-03 1.305377720190921235e-02 1.391534698214979908e-04 1.000000000000000021e-08 1.000000000000000021e-08 1.000000000000000021e-08 1.000000000000000021e-08 1.000000000000000021e-08 1.000000000000000021e-08 1.000000000000000021e-08 1.000000000000000021e-08 1.000000000000000021e-08 1.000000000000000021e-08 1.000000000000000021e-08 1.000000000000000021e-08 1.000000000000000021e-08 5.717318219789128508e-05 1.000000000000000021e-08 1.000000000000000021e-08 1.000000000000000021e-08 1.000000000000000021e-08 1.472163819873925444e-05 1.000000000000000021e-08 1.000000000000000021e-08 1.000000000000000021e-08 1.076576178799496138e-03 1.540222285645179330e-03 2.476545132502457817e-05 1.000000000000000021e-08 1.000000000000000021e-08 1.000000000000000021e-08
1.314285003583252778e-04 1.448808727396182347e-03 2.076883951169363016e-04 2.526790483253075256e-04 2.297287233444405587e-04 3.371822127184957024e-04 2.860572517909715793e-04 4.492561754541525565e-02 1.051153929745022621e-02 8.932500270072942698e-05 1.000000000000000021e-08 1.000000000000000021e-08 1.000000000000000021e-08 1.000000000000000021e-08 1.000000000000000021e-08 1.000000000000000021e-08 1.000000000000000021e-08 1.000000000000000021e-08 1.000000000000000021e-08 1.000000000000000021e-08 1.000000000000000021e-08 1.000000000000000021e-08 7.980922336001872099e-05 1.000000000000000021e-08 1.000000000000000021e-08 1.000000000000000021e-08 1.000000000000000021e-08 1.000000000000000021e-08 1.000000000000000021e-08 1.000000000000000021e-08 1.000000000000000021e-08 1.000000000000000021e-08 8.175311537799704502e-04 5.813178389088974590e-04 3.090373017536851520e-04 1.901187290655486262e-04 1.242467774666719364e-04
2.116537377184409940e-03 2.550895767022154522e-04 2.132261424771852905e-05 1.407096984002767967e-05 1.846016578788567007e-04 1.457248384201482929e-04 1.000000000000000021e-08 1.000000000000000021e-08 1.365368198754340033e-02 2.806260278429557713e-03 1.145599627407306244e-05 1.000000000000000021e-08 1.000000000000000021e-08 1.000000000000000021e-08 1.000000000000000021e-08 1.000000000000000021e-08 1.000000000000000021e-08 1.000000000000000021e-08 4.699867933951685698e-05 1.000000000000000021e-08 1.000000000000000021e-08 2.847393691936807734e-05 1.034578133141203385e-04 1.000000000000000021e-08 1.000000000000000021e-08 1.000000000000000021e-08 1.000000000000000021e-08 1.000000000000000021e-08 1.000000000000000021e-08 1.000000000000000021e-08 1.000000000000000021e-08 1.000000000000000021e-08 5.639272706299288502e-05 6.286214630675949003e-04 9.524770457700736527e-05 1.853501281971296213e-04 1.000000000000000021e-08
3.756530115813160389e-03 1.973154517296669280e-04 1.607662608493528925e-05 1.866105678978371109e-05 1.895498004481923992e-05 3.885915037397693055e-05 1.000000000000000021e-08 1.000000000000000021e-08 1.370927471725384879e-02 8.418470299302620308e-02 7.474607710489417078e-02 1.721038284255658600e-04 1.000000000000000021e-08 1.167614071850828711e-05 1.665604276702137073e-05 1.719284892631065418e-05 2.420376021528407328e-05 1.000000000000000021e-08 2.241709054853459684e-02 1.434918563855682241e-02 2.391786062649332856e-02 2.302966112129555334e-02 2.143772331614637525e-02 1.389580047931115656e-02 1.401345353878018056e-02 2.935716776280853832e-05 1.000000000000000021e-08 1.000000000000000021e-08 1.000000000000000021e-08 1.000000000000000021e-08 1.000000000000000021e-08 1.000000000000000021e-08 3.886780702808158294e-04 5.476481679082351390e-04 1.803494123215233639e-04 2.115387107740525363e-04 1.085977189407057869e-04
7.943770853143567248e-03 1.826172719935454064e-04 1.343153663674666079e-05 4.768777393101656265e-05 6.635203241728953314e-05 4.270746432528606831e-05 3.521362447444513944e-05 1.000000000000000021e-08 3.340244882900539108e-05 4.556541848516420075e-05 5.542272346513289760e-02 1.962606882957599122e-02 2.014554759870335054e-02 2.064881895110344881e-02 2.112891098685586166e-02 2.159191130287725982e-02 1.369140334317907153e-02 1.952965836506215594e-02 2.303314932960075570e-02 1.000000000000000021e-08 1.000000000000000021e-08 1.000000000000000021e-08 5.228127753775314683e-03 1.714685946457721391e-02 9.551523077783262428e-02 7.412977928405305172e-02 3.190589727399230553e-04 3.774194089985091457e-05 2.575428607814601975e-05 1.000000000000000021e-08 1.000000000000000021e-08 1.142987530707204771e-05 1.200534699688380821e-02 1.987746995332432057e-02 2.553046874174821554e-02 2.913564465505913068e-02 6.307235002839428617e-02
9.471809852007042480e-03 2.057647894913754768e-03 2.318861168928819930e-05 1.000000000000000021e-08 1.000000000000000021e-08 1.120577190433950952e-05 1.017392400517940989e-05 1.733745560500948277e-05 1.864731947640866554e-05 2.073181779615325372e-05 3.729192398377277336e-05 1.000000000000000021e-08 4.574454910233647720e-05 9.399013146241007647e-05 1.000000000000000021e-08 2.554954832926752202e-05 1.000000000000000021e-08 1.242467348714784101e-05 1.155682908338453409e-05 1.262772344844634122e-05 2.334016684393222822e-05 1.000000000000000021e-08 1.730814403495926375e-05 3.262798696075868923e-05 6.729655301770931779e-05 2.671611906694255564e-02 2.711707625265702068e-02 2.748617031347678000e-02 2.110587753133048861e-02 1.926465294991789798e-02 2.181556943463368314e-02 1.903921422247854475e-02 1.600454119549453436e-02 9.283033273722150411e-03 2.360468754854243897e-03 7.029529217581593440e-04 5.208373220366435685e-02
7.608182125732721769e-03 7.887282422288260583e-03 4.817743400225071924e-05 1.000000000000000021e-08 1.130841800381277406e-05 1.434202045588221981e-05 1.780582296269125927e-05 1.078766743939440248e-05 1.135986143519983396e-05 1.029101461977720779e-05 1.000000000000000021e-08 5.512494751492206895e-05 5.687887631336619110e-05 8.744042633026022815e-05 1.000000000000000021e-08 1.000000000000000021e-08 1.000000000000000021e-08 1.000000000000000021e-08 1.000000000000000021e-08 1.000000000000000021e-08 1.424244756725386135e-05 1.702302370583471563e-05 1.749929941510692478e-05 2.015943168787558211e-05 1.000000000000000021e-08 9.050979592524984493e-05 1.000000000000000021e-08 5.850216606100887349e-05 1.000000000000000021e-08 3.371108083945401675e-05 2.054503741701463367e-05 1.000000000000000021e-08 1.000000000000000021e-08 1.000000000000000021e-08 1.000000000000000021e-08 1.000000000000000021e-08 1.106466183525276669e-04
5.237853103163589430e-03 6.757187452759963638e-03 7.006519765728178896e-03 4.573009082520038549e-05 1.000000000000000021e-08 1.555404900995369544e-05 2.302888683371357174e-05 3.660695969150019321e-05 1.000000000000000021e-08 1.000000000000000021e-08 8.811722520695644664e-05 7.893858197829645531e-05 4.310866769256772678e-05 4.428668506698384962e-05 1.000000000000000021e-08 1.000000000000000021e-08 1.000000000000000021e-08 1.000000000000000021e-08 1.000000000000000021e-08 1.000000000000000021e-08 1.000000000000000021e-08 1.292190977666463859e-05 1.378682621491247501e-05 1.335620186934438668e-05 1.509609913359301317e-05 1.000000000000000021e-08 1.814014931751640574e-05 1.000000000000000021e-08 1.000000000000000021e-08 1.000000000000000021e-08 1.357465810882088832e-05 1.000000000000000021e-08 1.000000000000000021e-08 1.000000000000000021e-08 1.369253200219251494e-05 1.000000000000000021e-08 6.465369995511886900e-05
6.864482346300627806e-03 1.269225207778449868e-02 7.246878829308547876e-02 6.359555266925957795e-02 5.004135617456222790e-02 1.179397636081746387e-02 1.052788907044065365e-02 2.095915803178296719e-03 1.271402925512742869e-03 1.034672545446897003e-03 1.541070112235607976e-04 1.000000000000000021e-08 1.000000000000000021e-08 1.000000000000000021e-08 1.000000000000000021e-08 1.000000000000000021e-08 1.525525587820238043e-05 1.676944965851140910e-05 1.000000000000000021e-08 1.000000000000000021e-08 1.000000000000000021e-08 1.000000000000000021e-08 1.000000000000000021e-08 1.000000000000000021e-08 1.000000000000000021e-08 3.312601405603505053e-05 1.277845996361261685e-05 2.040650388164807019e-05 1.000000000000000021e-08 1.000000000000000021e-08 1.000000000000000021e-08 1.000000000000000021e-08 1.000000000000000021e-08 1.000000000000000021e-08 1.257631029394902773e-05 1.064022669015942287e-05 4.405258653984693579e-05
3.299057974492231038e-03 2.599876300547086880e-03 1.554422964482863549e-03 8.564812393793997400e-04 3.713439894339573989e-04 7.562806510434294700e-03 9.239321397609922409e-03 2.885333785410880338e-03 2.721410719097316043e-03 8.099896233022223354e-04 9.391408415689947594e-05 1.000000000000000021e-08 1.000000000000000021e-08 1.197470342397234228e-05 1.481355400913284554e-05 1.728326505190826807e-05 4.027079579976418594e-05 1.000000000000000021e-08 1.000000000000000021e-08 1.215135043067249440e-05 1.592312133578609407e-05 2.017943538655360349e-05 1.457253221942055176e-05 1.751549787268764100e-05 5.444324336342995372e-05 1.936672002867534850e-05 1.364803503892446856e-05 1.000000000000000021e-08 1.000000000000000021e-08 1.000000000000000021e-08 1.000000000000000021e-08 1.000000000000000021e-08 1.000000000000000021e-08 1.000000000000000021e-08 1.337143353044576281e-05 1.000000000000000021e-08 4.549206551782667573e-05
2.146600398520080461e-03 1.112955661467640318e-03 4.948018818338744849e-04 2.114133701810357036e-04 2.260982854224323144e-04 1.576017847068072021e-03 3.592275591008573486e-03 3.983778071483618823e-03 4.944839262197540941e-03 6.670379660954553610e-04 7.856487310462444921e-05 1.000000000000000021e-08 1.000000000000000021e-08 1.429098746093962793e-05 2.286521409935135483e-05 3.212220181116806617e-05 1.000000000000000021e-08 1.021586056148317414e-05 1.396977108420113156e-05 1.919538271595233199e-05 2.484978508427443123e-05 3.393059674789705043e-05 5.178934871922787308e-05 1.254138291302014268e-04 1.190782373808226138e-04 1.000000000000000021e-08 1.000000000000000021e-08 1.000000000000000021e-08 1.000000000000000021e-08 1.000000000000000021e-08 1.000000000000000021e-08 1.000000000000000021e-08 1.000000000000000021e-08 1.000000000000000021e-08 1.408333773257374495e-05 1.000000000000000021e-08 5.379249320061064413e-05
4.721973941113589914e-04 1.980391214563513840e-04 2.626215478387248429e-04 1.884693994635449797e-04 2.227164991330612986e-04 1.021229495677942068e-03 1.466439529947916650e-03 7.122999185783968588e-03 4.491232304815589819e-03 4.324408017722865022e-04 6.210112782219448665e-05 1.000000000000000021e-08 1.123801353667846131e-05 2.073129865080722156e-05 2.463320183430452146e-05 3.226449096458000734e-05 2.928749880844004407e-05 2.246622784904065827e-05 1.000000000000000021e-08 1.973235921622550773e-05 1.000000000000000021e-08 1.167234672565821136e-04 8.399419758069894926e-05 8.556266660913278024e-05 1.040522401230621701e-05 1.291005313596264892e-05 1.806778133943921560e-05 1.295681997552469405e-05 1.000000000000000021e-08 1.000000000000000021e-08 1.000000000000000021e-08 1.471926555611404434e-05 1.000000000000000021e-08 1.000000000000000021e-08 1.297588515363217072e-05 1.000000000000000021e-08 5.791476245340608362e-05
8.707647990789969274e-05 6.451518876336001973e-05 6.863719954606382282e-05 4.027550080746452026e-04 3.299670104181462926e-04 3.247667322709064963e-04 1.494114360238354934e-03 1.521436731756174200e-02 4.581718279983858395e-03 1.000000000000000021e-08 1.108896521238707879e-04 2.637371255072420428e-05 1.000000000000000021e-08 1.000000000000000021e-08 2.488920867075987577e-05 1.000000000000000021e-08 2.185253925442976914e-05 3.928285713335243415e-05 1.000000000000000021e-08 1.000000000000000021e-08 1.000000000000000021e-08 7.849009305484096189e-05 1.671214156485105928e-04 6.232018225910132482e-05 1.000000000000000021e-08 1.000000000000000021e-08 1.648066789160060154e-05 1.000000000000000021e-08 4.762497987071830064e-05 3.927945345341834300e-05 4.130125393503848654e-05 1.846297963103442130e-05 1.000000000000000021e-08 1.000000000000000021e-08 1.000000000000000021e-08 9.694892401942318552e-05 4.531818443048448391e-05
