output/water_depth_1080.asc
ncols 223
nrows 158
xllcorner 0.0
yllcorner 0.0
cellsize 30.0
[rows 136 to 152 of 158, columns 111 to 147 of 223]
1.034988922629894934e-02 1.084903811298371448e-02 1.017376145358278583e-02 8.715106388751550290e-03 4.166779148345007081e-03 1.234593220733772902e-02 1.004494121410366841e-01 1.147352130436359377e-02 4.133650419503642759e-03 5.820036588644225163e-03 5.280719649711749369e-03 6.441000018633581334e-03 9.037160068131832452e-03 1.340171560437620167e-03 1.314913123499051499e-03 7.624787807310774712e-04 1.506398593807185826e-02 8.892314733130462709e-03 1.029663150437366489e-02 1.377686664999013162e-02 1.723308653211782018e-02 1.966394926518365283e-02 3.130987795010166386e-02 1.700168423232563397e-02 3.957812943087823769e-03 3.385650495999534878e-03 1.883083384891509962e-03 1.858671902579559811e-03 8.985222279542591072e-04 6.572818538088030750e-04 4.061346511002412660e-04 2.068033968630985145e-04 5.015989934130173382e-04 3.521099176388116977e-04 4.406816251428198931e-04 5.862504838036548729e-04 2.589185582291801831e-04
8.536651292919059802e-03 8.669802555808502412e-03 8.898735510759734485e-03 9.810645959170040051e-03 1.554860328870543568e-02 4.916974647883676219e-02 8.583281912659324053e-02 2.008425430884338073e-02 1.726118737877512313e-02 1.772361936129951063e-02 1.763585023640351634e-02 1.545064404289635436e-02 8.825148678340217004e-03 1.903041150733291581e-03 4.168371514050157834e-04 1.390180962600071242e-03 4.483363144800966982e-03 3.721515633042387066e-03 4.196816238846829382e-03 8.203345896730824052e-03 1.082010138609460284e-02 5.805813806670367602e-03 4.367757310789121758e-03 3.741314834949416388e-03 3.090558718953523645e-03 1.834932895562973879e-03 2.194411368680569425e-03 1.125571874137870285e-03 5.556598416767338572e-04 3.518015813011839479e-04 3.877545584856819912e-04 3.241985870327438010e-04 5.214350624824204937e-04 2.632156404823452400e-04 3.817891540468533983e-04 3.312947076795785015e-04 4.668266024702561845e-04
6.981401822634335577e-03 7.210143178723630100e-03 7.629232326528369128e-03 9.247252348453102386e-03 2.358451075641354935e-02 5.642459305907644718e-02 2.108686003515097829e-02 2.322900379891843295e-02 1.770033574657670691e-03 4.184813378378892355e-03 5.438096653129614530e-03 8.921508254097187604e-03 1.361626661042465540e-02 1.350710177793553509e-03 9.654017166063331469e-04 7.591284215791597925e-04 9.434833190135126068e-04 6.487963898004331289e-04 2.740323636282560949e-04 3.748123739828978368e-03 1.306865362774509674e-02 4.900975848127162374e-03 4.225110519464880636e-03 2.462829666759419958e-03 2.480321067830368233e-03 2.148742376762395948e-03 1.168874317878587253e-03 1.183386729573067571e-03 6.118595806641642914e-04 1.642386800261719649e-04 2.701137228344230616e-04 2.804548450153667295e-04 1.575549362730403150e-04 1.861872367833537865e-04 2.289524277187880263e-04 3.731674918116775785e-04 5.624213777453752503e-04
7.204179066597178951e-03 7.600116369823908986e-03 7.987862824024501499e-03 8.535802285716894908e-03 1.614166349311867144e-02 1.170337113964420479e-02 1.841748493320382457e-02 4.471979459859450751e-02 1.787510760432304332e-03 1.110508124121100618e-03 4.426909274180046211e-04 6.012608374449085469e-03 2.509893642209991629e-02 1.202431025279767328e-03 2.600821024966368505e-04 4.385898283486003497e-04 9.775390460803985368e-04 5.737155573617639791e-04 8.206513115903824160e-05 8.981199882583787344e-04 6.177568519370600815e-03 5.071885484712906032e-03 3.203751738313443710e-03 3.384345482864815381e-03 1.775232134734291067e-03 1.035630124873753539e-03 1.265178257579266776e-03 7.991419925631060989e-04 3.706553314247718577e-04 1.668277945242496491e-04 5.016855178441818338e-05 9.786933337088754364e-05 1.641939573152391570e-04 4.176720534221796117e-04 5.145606571803037262e-04 5.983562812464465709e-04 7.036559229878543023e-04
3.736740388773193873e-03 5.094355389459317290e-03 4.507220924412047927e-03 5.113902340352242948e-03 7.105382631336249269e-03 6.526580964324480219e-03 6.496299106203416371e-03 5.620301116380042872e-02 7.086679378602825548e-03 9.069596470454591381e-04 4.478517168433825916e-04 3.727876620740617195e-04 2.637627956520391045e-02 8.215543720643266696e-04 5.352915889750686079e-04 8.141730173581389731e-04 7.076250577988260843e-04 5.853801227725021622e-04 4.038380854579629768e-04 4.805859139994037303e-04 8.069304392090345668e-04 4.209437697958427933e-03 4.228718284335254360e-03 2.541698885894903229e-03 2.424594718286303234e-03 1.577879024978562318e-03 1.031325303387501790e-03 7.906790131984768946e-04 1.030846650398432353e-03 4.070408244106909785e-04 2.959800806392639248e-04 1.924394357018996134e-04 8.221547592391785422e-04 1.333494450925973599e-03 1.797128016911092151e-03 2.310549600079202324e-03 1.187713609524765693e-02
3.606310281059833551e-03 2.935375251156823254e-03 4.464603128311019076e-03 4.153808158149126760e-03 3.622439600894869320e-03 4.291914127926026515e-03 5.530274986008330493e-03 4.196251834083562088e-02 5.244732729738803452e-03 1.028404765860955073e-03 7.147379951779400664e-04 3.110136209448833601e-03 5.527679873412150169e-02 1.239918962362838301e-02 4.186249375532738112e-03 1.203174716023650307e-03 3.269049661530792927e-04 3.030003906167535077e-04 3.115686065672920767e-04 4.113192001492226588e-04 3.683715607096305143e-04 1.732824446252427585e-03 3.851671356326251579e-03 3.393086303862652940e-03 2.052354436286041740e-03 9.868961659117395525e-04 4.839946653905486643e-04 7.920280281625795412e-04 1.159466945927968822e-03 1.176266997394139315e-03 2.533559952175992789e-04 1.276176542047209215e-04 8.968325105427483448e-04 1.295795939948615229e-03 9.938028560440000190e-04 5.751034176030015571e-03 5.908238727968658129e-03
2.205724815607115752e-03 2.952411118971572448e-03 2.791252355439869954e-03 3.083767251239489127e-03 3.786033923736271348e-03 3.159815285167265082e-03 3.331027723363347379e-03 2.728807179147927503e-02 7.314897734955175604e-03 9.237623330599465483e-04 7.552983984308726632e-04 2.186164942089815003e-03 5.527604186670090174e-03 4.432835673257900372e-03 4.297865761953665632e-03 3.627566967588618640e-03 2.851207075504865948e-03 1.998519204631713734e-03 4.972866457776287412e-04 1.975170338567817983e-04 1.000000100000000021e-05 2.330240261257349871e-03 2.464175192637683021e-03 3.424973418117238742e-03 3.363344405103356125e-03 4.561546446026874813e-03 2.693282141983545114e-03 1.560024500341342709e-03 7.121120141519276647e-04 8.584271839764072822e-04 9.441725447309390253e-04 2.549965407962976726e-04 3.945644766070592916e-04 1.082034974690962220e-03 2.382884612834050477e-03 2.873267316172898721e-03 2.802183566263124689e-03
1.443097943862124699e-03 2.637996590457623858e-03 2.040170371818782798e-03 3.253681424677283811e-03 2.355955666702536783e-03 1.920020001592589272e-03 2.034490034931666844e-03 1.526006194333813688e-02 3.516146370771387059e-02 2.902815258214926650e-04 6.431104046955431501e-04 4.168208148611633919e-04 1.387032597044788457e-03 1.123546955960344528e-03 6.282070724277853246e-04 1.661540517109181842e-03 2.024036745229581061e-03 9.988863432815941676e-04 9.595089851532492093e-04 1.000000100000000021e-05 1.000000100000000021e-05 1.000000100000000021e-05 1.000000100000000021e-05 1.000000100000000021e-05 1.000000100000000021e-05 1.000000100000000021e-05 1.000000100000000021e-05 1.000000100000000021e-05 1.000000100000000021e-05 1.000000100000000021e-05 1.000000100000000021e-05 1.000000100000000021e-05 5.226794094595844714e-04 5.570255372357509494e-04 6.906114157584661122e-04 6.080047766530547902e-04 1.254453838217370505e-03
1.972365211581098791e-03 2.065830628040042985e-03 3.513504489747490585e-03 2.414426689182075890e-03 2.981222636195131250e-03 1.259761015111026013e-03 3.004118205198727867e-03 4.616396746627240109e-03 5.277973283101881213e-02 1.512135033330262550e-03 4.845128505336400849e-04 3.214233629869504903e-04 1.940708385713577966e-04 5.179880567906910071e-04 1.000000100000000021e-05 1.000000100000000021e-05 1.000000100000000021e-05 1.000000100000000021e-05 1.000000100000000021e-05 1.000000100000000021e-05 1.000000100000000021e-05 1.000000100000000021e-05 1.000000100000000021e-05 1.000000100000000021e-05 1.000000100000000021e-05 1.000000100000000021e-05 1.000000100000000021e-05 1.000000100000000021e-05 1.000000100000000021e-05 1.000000100000000021e-05 1.000000100000000021e-05 1.000000100000000021e-05 1.000000100000000021e-05 1.817331728783881217e-04 4.437109331737426436e-04 2.773876635313906724e-04 3.377613151451184506e-04
2.098337403100149212e-03 3.760742123105249163e-03 3.667882229299175914e-03 3.442691012253748257e-03 1.635577907610171518e-03 3.730250889941174632e-03 3.222506625710711524e-03 4.202407066110394086e-03 7.689289836252331464e-03 2.498477076622386854e-04 1.000000100000000021e-05 1.000000100000000021e-05 1.000000100000000021e-05 1.000000100000000021e-05 1.000000100000000021e-05 1.000000100000000021e-05 1.000000100000000021e-05 1.000000100000000021e-05 1.000000100000000021e-05 1.000000100000000021e-05 1.000000100000000021e-05 1.000000100000000021e-05 1.000000100000000021e-05 1.000000100000000021e-05 1.000000100000000021e-05 1.000000100000000021e-05 1.000000100000000021e-05 1.000000100000000021e-05 1.000000100000000021e-05 1.000000100000000021e-05 1.000000100000000021e-05 1.000000100000000021e-05 1.000000100000000021e-05 1.000000100000000021e-05 3.472733362427406212e-04 1.477288026916475988e-04 2.970309095374879080e-04
5.937434878493951310e-03 5.826752717339812697e-03 5.950872061254759357e-03 6.272722959038939082e-03 5.627120606438752726e-03 3.884389724910687278e-03 3.593644337746595453e-03 2.051977254059881607e-03 4.031119150976716914e-03 1.000000100000000021e-05 1.000000100000000021e-05 1.000000100000000021e-05 1.000000100000000021e-05 1.000000100000000021e-05 1.000000100000000021e-05 1.000000100000000021e-05 1.000000100000000021e-05 1.000000100000000021e-05 1.000000100000000021e-05 1.000000100000000021e-05 1.000000100000000021e-05 1.000000100000000021e-05 1.000000100000000021e-05 1.000000100000000021e-05 1.000000100000000021e-05 1.000000100000000021e-05 1.000000100000000021e-05 1.000000100000000021e-05 1.000000100000000021e-05 1.000000100000000021e-05 1.000000100000000021e-05 1.000000100000000021e-05 1.000000100000000021e-05 1.000000100000000021e-05 2.627250714738036037e-04 3.960689628517108677e-04 5.123478096107204980e-04
1.066805930704841678e-02 6.767068423065200275e-03 5.136280653236249827e-03 3.417878200525186361e-03 1.653107750753516226e-03 1.395024608980002193e-03 1.466032780732495072e-03 1.477997281204720958e-03 2.009739879398907397e-03 1.000000100000000021e-05 1.000000100000000021e-05 1.000000100000000021e-05 1.000000100000000021e-05 1.000000100000000021e-05 1.000000100000000021e-05 1.000000100000000021e-05 1.000000100000000021e-05 1.000000100000000021e-05 1.000000100000000021e-05 1.000000100000000021e-05 1.000000100000000021e-05 1.000000100000000021e-05 1.000000100000000021e-05 1.000000100000000021e-05 1.000000100000000021e-05 1.000000100000000021e-05 1.000000100000000021e-05 1.000000100000000021e-05 1.000000100000000021e-05 1.000000100000000021e-05 1.000000100000000021e-05 1.000000100000000021e-05 1.000000100000000021e-05 1.000000100000000021e-05 2.546812043539893882e-04 2.370408712294181112e-04 2.310005838194507412e-04
1.000000100000000021e-05 1.000000100000000021e-05 1.000000100000000021e-05 1.000000100000000021e-05 1.000000100000000021e-05 1.000000100000000021e-05 1.000000100000000021e-05 1.000000100000000021e-05 1.000000100000000021e-05 1.000000100000000021e-05 1.000000100000000021e-05 1.000000100000000021e-05 1.000000100000000021e-05 1.000000100000000021e-05 1.000000100000000021e-05 1.000000100000000021e-05 1.000000100000000021e-05 1.000000100000000021e-05 1.000000100000000021e-05 1.000000100000000021e-05 1.000000100000000021e-05 1.000000100000000021e-05 1.000000100000000021e-05 1.000000100000000021e-05 1.000000100000000021e-05 1.000000100000000021e-05 1.000000100000000021e-05 1.000000100000000021e-05 1.000000100000000021e-05 1.000000100000000021e-05 1.000000100000000021e-05 1.000000100000000021e-05 1.000000100000000021e-05 1.000000100000000021e-05 1.000000100000000021e-05 2.960646375821907278e-04 3.974770555540181214e-04
1.000000100000000021e-05 1.000000100000000021e-05 1.000000100000000021e-05 1.000000100000000021e-05 1.000000100000000021e-05 1.000000100000000021e-05 1.000000100000000021e-05 1.000000100000000021e-05 1.000000100000000021e-05 1.000000100000000021e-05 1.000000100000000021e-05 1.000000100000000021e-05 1.000000100000000021e-05 1.000000100000000021e-05 1.000000100000000021e-05 1.000000100000000021e-05 1.000000100000000021e-05 1.000000100000000021e-05 1.000000100000000021e-05 1.000000100000000021e-05 1.000000100000000021e-05 1.000000100000000021e-05 1.000000100000000021e-05 1.000000100000000021e-05 1.000000100000000021e-05 1.000000100000000021e-05 1.000000100000000021e-05 1.000000100000000021e-05 1.000000100000000021e-05 1.000000100000000021e-05 1.000000100000000021e-05 1.000000100000000021e-05 1.000000100000000021e-05 1.000000100000000021e-05 1.000000100000000021e-05 7.814788854416404194e-04 9.617088605461318867e-04
1.000000100000000021e-05 1.000000100000000021e-05 1.000000100000000021e-05 1.000000100000000021e-05 1.000000100000000021e-05 1.000000100000000021e-05 1.000000100000000021e-05 1.000000100000000021e-05 1.000000100000000021e-05 1.000000100000000021e-05 1.000000100000000021e-05 1.000000100000000021e-05 1.000000100000000021e-05 1.000000100000000021e-05 1.000000100000000021e-05 1.000000100000000021e-05 1.000000100000000021e-05 1.000000100000000021e-05 1.000000100000000021e-05 1.000000100000000021e-05 1.000000100000000021e-05 1.000000100000000021e-05 1.000000100000000021e-05 1.000000100000000021e-05 1.000000100000000021e-05 1.000000100000000021e-05 1.000000100000000021e-05 1.000000100000000021e-05 1.000000100000000021e-05 1.000000100000000021e-05 1.000000100000000021e-05 1.000000100000000021e-05 1.000000100000000021e-05 1.000000100000000021e-05 1.000000100000000021e-05 1.000000100000000021e-05 1.271166291354761287e-03
1.000000100000000021e-05 1.000000100000000021e-05 1.000000100000000021e-05 1.000000100000000021e-05 1.000000100000000021e-05 1.000000100000000021e-05 1.000000100000000021e-05 1.000000100000000021e-05 1.000000100000000021e-05 1.000000100000000021e-05 1.000000100000000021e-05 1.000000100000000021e-05 1.000000100000000021e-05 1.000000100000000021e-05 1.000000100000000021e-05 1.000000100000000021e-05 1.000000100000000021e-05 1.000000100000000021e-05 1.000000100000000021e-05 1.000000100000000021e-05 1.000000100000000021e-05 1.000000100000000021e-05 1.000000100000000021e-05 1.000000100000000021e-05 1.000000100000000021e-05 1.000000100000000021e-05 1.000000100000000021e-05 1.000000100000000021e-05 1.000000100000000021e-05 1.000000100000000021e-05 1.000000100000000021e-05 1.000000100000000021e-05 1.000000100000000021e-05 1.000000100000000021e-05 1.000000100000000021e-05 1.000000100000000021e-05 1.000000100000000021e-05
1.000000100000000021e-05 1.000000100000000021e-05 1.000000100000000021e-05 1.000000100000000021e-05 1.000000100000000021e-05 1.000000100000000021e-05 1.000000100000000021e-05 1.000000100000000021e-05 1.000000100000000021e-05 1.000000100000000021e-05 1.000000100000000021e-05 1.000000100000000021e-05 1.000000100000000021e-05 1.000000100000000021e-05 1.000000100000000021e-05 1.000000100000000021e-05 1.000000100000000021e-05 1.000000100000000021e-05 1.000000100000000021e-05 1.000000100000000021e-05 1.000000100000000021e-05 1.000000100000000021e-05 1.000000100000000021e-05 1.000000100000000021e-05 1.000000100000000021e-05 1.000000100000000021e-05 1.000000100000000021e-05 1.000000100000000021e-05 1.000000100000000021e-05 1.000000100000000021e-05 1.000000100000000021e-05 1.000000100000000021e-05 1.000000100000000021e-05 1.000000100000000021e-05 1.000000100000000021e-05 1.000000100000000021e-05 1.000000100000000021e-05
