output/water_depth_10320.asc
ncols 223
nrows 158
xllcorner 0.0
yllcorner 0.0
cellsize 30.0
[rows 85 to 101 of 158, columns 74 to 110 of 223]
1.000000000000000021e-08 1.000000000000000021e-08 1.000000000000000021e-08 1.000000000000000021e-08 1.000000000000000021e-08 1.000000000000000021e-08 1.000000000000000021e-08 1.000000000000000021e-08 1.000000000000000021e-08 1.000000000000000021e-08 1.000000000000000021e-08 1.000000000000000021e-08 1.000000000000000021e-08 1.112782604496937206e-05 1.000000000000000021e-08 1.000000000000000021e-08 1.000000000000000021e-08 1.000000000000000021e-08 1.000000000000000021e-08 1.000000000000000021e-08 1.000000000000000021e-08 1.000000000000000021e-08 1.000000000000000021e-08 1.000000000000000021e-08 1.000000000000000021e-08 1.000000000000000021e-08 1.000000000000000021e-08 7.620585346705369579e-05 1.000000000000000021e-08 1.000000000000000021e-08 1.000000000000000021e-08 2.281714623495589218e-05 1.697716304826871745e-05 2.592497718114640889e-05 1.847923626058160486e-05 2.830815633536942289e-04 1.720845509653523358e-05
1.926523810930953653e-04 1.000000000000000021e-08 4.868431845846522241e-05 1.000000000000000021e-08 1.000000000000000021e-08 1.000000000000000021e-08 1.000000000000000021e-08 1.000000000000000021e-08 1.000000000000000021e-08 1.000000000000000021e-08 1.000000000000000021e-08 1.000000000000000021e-08 1.000000000000000021e-08 1.000000000000000021e-08 1.000000000000000021e-08 1.000000000000000021e-08 1.253267101731764295e-05 2.892246925271581517e-05 7.037849177108663069e-05 9.500852781759796010e-05 9.507488218379273677e-05 1.000000000000000021e-08 1.000000000000000021e-08 1.000000000000000021e-08 1.000000000000000021e-08 1.000000000000000021e-08 1.000000000000000021e-08 1.000000000000000021e-08 1.125579660160215798e-05 1.000000000000000021e-08 1.000000000000000021e-08 1.000000000000000021e-08 1.000000000000000021e-08 1.000000000000000021e-08 1.000000000000000021e-08 1.219425357873812847e-05 2.029868009776108817e-05
1.252973955779930846e-05 1.000000000000000021e-08 1.000000000000000021e-08 5.117855558958687995e-05 6.479092475124330818e-05 7.260128688698517456e-05 6.593073487649616347e-05 5.543102918181938061e-05 1.000000000000000021e-08 1.000000000000000021e-08 1.000000000000000021e-08 1.000000000000000021e-08 1.000000000000000021e-08 1.000000000000000021e-08 1.000000000000000021e-08 1.000000000000000021e-08 1.000000000000000021e-08 1.000000000000000021e-08 6.853637028419689550e-05 8.317131048879826687e-05 1.469080304052581827e-04 1.267337500535407825e-04 1.000000000000000021e-08 1.000000000000000021e-08 1.000000000000000021e-08 1.000000000000000021e-08 1.000000000000000021e-08 1.000000000000000021e-08 1.403958292508069684e-05 2.339331730027293074e-05 3.036635605654984822e-05 1.000000000000000021e-08 1.076342536371811023e-05 1.761222478088453555e-05 1.000000000000000021e-08 1.783416312445573838e-05 1.000000000000000021e-08
8.823555552400328837e-05 7.380191002446051204e-05 7.126092817187344480e-05 1.918733723653940639e-04 2.599639138924194682e-04 3.934159914310540480e-04 3.278700916260757756e-04 2.512845442523835597e-04 2.679727300509428234e-04 1.991885425231336947e-04 2.221307194294145498e-04 1.827197074495380482e-04 1.517068535036942753e-04 1.125384872817173352e-04 8.106296245978196122e-05 1.000000000000000021e-08 1.000000000000000021e-08 1.000000000000000021e-08 1.000691149088926837e-04 2.458543420043585843e-04 1.983583095115805232e-04 2.458575096359395568e-04 2.582574242085774628e-04 2.053831105540234370e-04 1.665652195467259887e-04 1.097905982353983300e-04 7.860586281537838588e-05 4.245201097510999398e-05 2.954076034447820036e-05 2.674436149892859714e-05 3.999476927671250491e-05 5.691679135808869330e-05 5.190155848731146785e-05 5.421489914329832236e-05 1.297036058935592843e-04 1.011867913834384256e-05 1.829959685626012691e-05
3.739526196481331383e-04 2.840668484059701254e-04 2.448300811617026558e-04 1.701467931545786979e-04 3.307820734337009656e-04 2.646827354987146916e-04 4.184699488837995856e-04 5.479777548221586095e-04 3.567783824474649512e-04 4.658545569930849306e-04 4.939162395854236089e-04 5.569130486063272141e-04 6.070437998855311105e-04 6.574978719068165457e-04 6.936812412538423444e-04 5.320874750975879966e-04 3.568711049835633794e-04 2.836967571731563160e-04 2.240970310527672430e-04 2.314066316482508209e-04 3.585155295776898117e-04 3.909600243789525080e-04 4.125835019903470262e-04 4.682904291755955652e-04 5.257309842353657036e-04 6.415070476540078379e-04 7.003734756165493026e-04 5.344659727091467631e-04 5.902702239004054842e-05 4.958544927852767768e-05 6.763990739077634269e-04 8.131544755042552884e-04 5.734787057983860856e-04 3.970086918601637414e-04 3.048276714499071499e-04 3.404752222363686666e-05 1.679473950152344809e-05
8.955665451252278731e-05 3.080327124731469077e-04 4.065527144141397372e-04 4.718772875933607966e-04 2.684434110753320768e-04 1.893180242617937246e-04 1.142490703834760351e-04 6.834686179232928385e-05 2.795552131026281164e-04 1.269056250016196779e-04 7.705395739689685074e-05 6.071162341522002258e-05 3.603886028667301083e-05 2.619187468242416717e-05 6.137448246244998126e-05 3.974406895614396220e-04 6.972571495042772941e-04 5.164519937920112680e-04 3.681943181045557907e-04 2.043591059335465887e-04 1.404484870642681979e-04 8.588097727630318785e-05 6.352569625067781139e-05 1.000000000000000021e-08 3.677741284292328715e-04 2.497702165752307469e-04 2.004868434275454609e-04 4.739474276481225965e-04 6.686908840815377914e-04 6.973666949763464816e-04 4.632314419702135574e-04 3.693662580256278690e-04 4.948365532725362012e-04 8.705688871210077876e-05 1.034515399001430621e-04 4.478801834664609374e-04 5.991817581887836828e-05
4.889501984284546428e-05 4.551740879342451747e-05 7.625339822569976076e-05 9.479691112509663962e-05 1.990466173569476588e-04 2.124952842079374756e-04 1.746115851047063295e-04 1.538314583186424760e-04 2.294632447901399355e-04 2.110694234519806280e-04 1.000000000000000021e-08 1.000000000000000021e-08 1.000000000000000021e-08 1.000000000000000021e-08 1.000000000000000021e-08 1.000000000000000021e-08 1.000000000000000021e-08 2.545585139308781581e-04 4.520518218982500598e-05 5.077603847094447109e-05 6.304588136717781215e-05 5.255139326905480530e-05 6.264978557303566128e-05 4.534994243152322451e-05 5.856176457525671421e-05 1.000000000000000021e-08 1.000000000000000021e-08 2.270015005707410981e-05 1.000000000000000021e-08 2.308351243328052359e-05 1.977590302636256188e-05 1.817985254781675673e-05 2.970253187699170073e-04 4.615940250580207480e-05 2.936584861627893604e-04 6.834983720386669033e-05 1.031309733412551260e-04
1.886129596224011236e-05 1.679589524012275718e-05 1.300060487012274839e-05 1.000000000000000021e-08 1.538967570555935531e-04 2.604347024069009610e-04 3.383700856275354994e-04 3.712936345556257342e-04 4.438169182786229350e-04 3.389930919364337789e-04 2.351772766080247490e-05 1.000000000000000021e-08 1.000000000000000021e-08 1.000000000000000021e-08 1.000000000000000021e-08 2.580630538032319493e-05 2.585553504664162439e-05 2.252653766566415782e-04 4.142728684090709788e-04 4.412727660725334657e-04 4.508304313358889813e-04 3.516951751742104912e-04 2.342826878983132808e-04 1.676016740163421121e-04 1.060556725225446118e-04 1.000000000000000021e-08 1.000000000000000021e-08 2.820151106146159939e-05 3.223793806530921745e-05 2.275355670462170249e-05 2.342083031617459693e-05 1.000000000000000021e-08 2.101759961638044395e-04 5.944567513907312532e-04 4.924689954357958869e-04 6.321008243613445636e-05 8.976925097746817875e-05
1.083492924380734914e-05 1.426991156886692465e-05 1.000000000000000021e-08 1.000000000000000021e-08 1.000000000000000021e-08 2.112179322971124493e-05 1.344871835551574848e-05 1.078176672982974814e-05 2.952808936118075353e-05 2.480133018794093269e-04 6.311333109088943633e-05 1.886344379317924025e-05 1.000000000000000021e-08 1.000000000000000021e-08 1.000000000000000021e-08 1.277341677795984628e-04 1.536467959911809130e-04 1.418742962100888504e-04 1.474599477447013343e-04 8.919080090096446329e-05 5.230741096165112211e-05 1.713293041625769736e-04 2.495350365729849312e-04 2.241963319974861360e-04 1.901088940673780240e-04 1.273836165554431850e-04 8.628209992995105812e-05 4.625108988379196637e-05 3.164985773321858604e-05 3.427789199438251546e-05 3.390710758095466894e-05 3.580643478873712059e-05 2.149850506887629226e-04 1.817595214192180839e-04 5.770062663015619901e-04 6.721929701557068050e-04 4.416287750683646940e-04
1.000000000000000021e-08 1.143998520376832363e-05 1.000000000000000021e-08 1.000000000000000021e-08 1.000000000000000021e-08 1.000000000000000021e-08 1.000000000000000021e-08 1.000000000000000021e-08 1.000000000000000021e-08 1.315362103970215237e-04 1.256409223345172433e-04 4.319680171405007108e-05 3.427775111393029225e-04 2.570821486639022092e-04 2.190320895281094263e-04 1.312751459574769592e-04 1.000000000000000021e-08 1.000000000000000021e-08 1.000000000000000021e-08 1.000000000000000021e-08 2.410623472542883773e-05 1.373926067132153004e-04 2.242954462158431987e-04 2.522810523270967360e-04 2.211773221139580248e-05 1.000000000000000021e-08 1.000000000000000021e-08 1.000000000000000021e-08 1.000000000000000021e-08 1.995478103045779923e-05 4.094649430072499596e-05 6.224761319056610167e-05 9.538279748974127982e-05 9.123886064401648562e-05 8.898882105856043760e-05 5.818519925950041112e-04 6.818069097488259388e-04
1.000000000000000021e-08 1.033552571179871752e-05 1.000000000000000021e-08 1.000000000000000021e-08 1.000000000000000021e-08 1.000000000000000021e-08 1.000000000000000021e-08 1.000000000000000021e-08 1.000000000000000021e-08 1.000000000000000021e-08 6.134987472106769859e-05 8.936440267417111380e-05 8.037934769748645463e-05 3.462467706482155218e-04 3.292802828484577005e-04 2.469926193785845227e-04 1.390523451625730630e-05 1.000000000000000021e-08 1.000000000000000021e-08 1.000000000000000021e-08 1.834984454509468575e-05 1.579132517256969927e-05 1.000000000000000021e-08 1.000000000000000021e-08 1.000000000000000021e-08 1.000000000000000021e-08 1.000000000000000021e-08 1.000000000000000021e-08 1.000000000000000021e-08 1.559674911142082805e-05 2.938464773432675184e-05 2.713602097937455445e-05 1.888048726195871950e-05 3.788024131273656059e-05 3.371764502601589221e-05 8.188708727929319199e-05 3.819778631593741410e-04
1.000000000000000021e-08 1.000000000000000021e-08 1.000000000000000021e-08 1.000000000000000021e-08 1.088172176413946578e-05 1.885443542947736229e-05 3.358431877806525350e-05 2.451597775497397182e-05 1.882145247873081908e-05 1.000000000000000021e-08 1.000000000000000021e-08 1.000000000000000021e-08 1.000000000000000021e-08 1.000000000000000021e-08 1.221057480737375691e-05 2.513727551569382341e-05 1.186743343960048023e-05 1.000000000000000021e-08 1.000000000000000021e-08 1.000000000000000021e-08 1.000000000000000021e-08 1.000000000000000021e-08 1.000000000000000021e-08 1.000000000000000021e-08 1.000000000000000021e-08 1.000000000000000021e-08 1.000000000000000021e-08 1.000000000000000021e-08 1.000000000000000021e-08 1.252090432909839704e-05 1.000000000000000021e-08 1.000000000000000021e-08 1.739566835283427718e-05 1.694619769117775224e-05 2.620094300771013039e-05 6.058472761362947129e-05 2.887015235659992095e-05
1.000000000000000021e-08 1.000000000000000021e-08 1.000000000000000021e-08 1.000000000000000021e-08 1.000000000000000021e-08 1.352317265181830198e-05 2.108918987756342435e-05 4.195625851840583613e-05 3.364867116387256667e-05 2.870840587594097366e-05 2.193294941388638535e-05 1.790558408729502212e-05 1.360086503345593939e-05 1.439765005780684527e-05 1.838434220119383288e-05 1.322844439714981245e-05 2.106622522349326510e-05 1.000000000000000021e-08 1.000000000000000021e-08 1.000000000000000021e-08 1.000000000000000021e-08 1.000000000000000021e-08 1.000000000000000021e-08 1.000000000000000021e-08 1.000000000000000021e-08 1.000000000000000021e-08 1.000000000000000021e-08 1.000000000000000021e-08 1.000000000000000021e-08 1.348246926180292399e-05 1.368634116578475303e-05 1.000000000000000021e-08 1.000000000000000021e-08 1.689083942049200457e-05 2.717021580657547617e-05 1.000000000000000021e-08 1.771052637059991684e-05
1.000000000000000021e-08 1.000000000000000021e-08 1.000000000000000021e-08 1.000000000000000021e-08 1.000000000000000021e-08 1.000000000000000021e-08 1.229232333434694064e-05 1.078344807101438892e-05 3.167578115641260994e-05 4.535297150945463902e-05 6.217554602518537315e-05 4.360483610125545504e-05 3.720579632380045961e-05 3.208507111716077343e-05 1.000000000000000021e-08 2.193298004593172379e-05 1.305280670303947010e-05 1.000000000000000021e-08 1.000000000000000021e-08 1.000000000000000021e-08 1.000000000000000021e-08 1.000000000000000021e-08 1.000000000000000021e-08 1.000000000000000021e-08 1.000000000000000021e-08 1.000000000000000021e-08 1.000000000000000021e-08 1.294697991446277949e-05 1.120518841715787003e-04 1.574595763607884800e-04 2.288516976361441879e-04 2.992942744487434329e-04 3.689575818489754114e-04 2.889504957330361673e-04 2.323575087309084854e-04 1.752433135216798388e-04 2.039321063480765159e-04
1.000000000000000021e-08 1.000000000000000021e-08 1.000000000000000021e-08 1.000000000000000021e-08 1.000000000000000021e-08 1.000000000000000021e-08 1.000000000000000021e-08 1.000000000000000021e-08 1.000000000000000021e-08 1.000000000000000021e-08 1.000000000000000021e-08 4.503598240778608708e-05 4.539216766262397308e-05 4.330826987939866764e-05 1.000000000000000021e-08 1.000000000000000021e-08 1.000000000000000021e-08 1.000000000000000021e-08 1.000000000000000021e-08 1.000000000000000021e-08 1.000000000000000021e-08 1.000000000000000021e-08 1.000000000000000021e-08 1.000000000000000021e-08 1.000000000000000021e-08 1.000000000000000021e-08 1.042524322539397888e-05 7.790795296518515515e-05 7.523706850964322838e-05 7.587774584296501736e-05 7.537614972326024318e-05 8.211674257626402657e-05 5.528029011687230426e-05 1.964384886783425888e-04 2.333924463414728057e-04 2.623463054592810231e-04 2.632634206728690063e-04
1.770610913841592842e-05 1.000000000000000021e-08 1.000000000000000021e-08 1.000000000000000021e-08 1.000000000000000021e-08 1.000000000000000021e-08 1.000000000000000021e-08 1.000000000000000021e-08 1.000000000000000021e-08 1.000000000000000021e-08 1.000000000000000021e-08 1.000000000000000021e-08 1.000000000000000021e-08 1.000000000000000021e-08 1.000000000000000021e-08 1.000000000000000021e-08 1.000000000000000021e-08 1.000000000000000021e-08 1.000000000000000021e-08 1.000000000000000021e-08 1.000000000000000021e-08 1.000000000000000021e-08 1.000000000000000021e-08 1.000000000000000021e-08 2.250821968750430126e-05 2.757252398910548563e-05 4.012550199359741967e-05 4.254353326062154867e-05 4.205729670829695704e-05 3.367620792640086313e-05 4.089553010068433015e-05 3.422911105415669546e-05 1.000000000000000021e-08 1.000000000000000021e-08 1.000000000000000021e-08 1.000000000000000021e-08 2.124440779961178660e-04
1.644462834399950912e-05 1.522792673779707096e-05 1.583227942130377970e-05 1.000000000000000021e-08 1.000000000000000021e-08 1.000000000000000021e-08 1.000000000000000021e-08 1.000000000000000021e-08 1.000000000000000021e-08 1.000000000000000021e-08 1.000000000000000021e-08 1.000000000000000021e-08 1.000000000000000021e-08 1.000000000000000021e-08 1.000000000000000021e-08 1.000000000000000021e-08 1.000000000000000021e-08 1.000000000000000021e-08 1.000000000000000021e-08 1.000000000000000021e-08 1.000000000000000021e-08 1.000000000000000021e-08 1.000000000000000021e-08 1.000000000000000021e-08 2.287439117376397879e-05 3.569329460354240613e-05 4.602011793174500697e-05 5.045638865173058949e-05 1.000000000000000021e-08 1.000000000000000021e-08 1.000000000000000021e-08 1.957226285917741597e-05 1.895269125230705014e-05 4.854102964784138028e-05 1.000000000000000021e-08 1.000000000000000021e-08 1.000000000000000021e-08
