output/water_depth_3120.asc
ncols 223
nrows 158
xllcorner 0.0
yllcorner 0.0
cellsize 30.0
[rows 136 to 152 of 158, columns 148 to 184 of 223]
1.000000000000000021e-08 1.000000000000000021e-08 1.000000000000000021e-08 3.135017847814943121e-05 1.000000000000000021e-08 1.000000000000000021e-08 7.936406657870571837e-05 1.000000000000000021e-08 1.000000000000000021e-08 1.082623803137149530e-05 3.754191881540308671e-05 3.793985782103802257e-05 3.715905879906205602e-05 1.000000000000000021e-08 1.000000000000000021e-08 1.000000000000000021e-08 1.000000000000000021e-08 7.930121149451129468e-05 1.540852807614382812e-04 2.541206839081944940e-04 1.273295687737371608e-05 1.000000000000000021e-08 1.000000000000000021e-08 1.000000000000000021e-08 1.000000000000000021e-08 7.119600084800446088e-05 1.000000000000000021e-08 1.000000000000000021e-08 1.000000000000000021e-08 1.000000000000000021e-08 1.000000000000000021e-08 1.000000000000000021e-08 1.000000000000000021e-08 1.385889273370070313e-05 1.925043627011450024e-05 2.388579285015980566e-05 2.927095541545220330e-05
1.000000000000000021e-08 1.000000000000000021e-08 1.000000000000000021e-08 2.338535814505541868e-05 2.187650659008222919e-05 2.569170074098993137e-05 1.000000000000000021e-08 1.000000000000000021e-08 1.000000000000000021e-08 1.538602697680346260e-05 4.169849067621094537e-05 1.000000000000000021e-08 2.053085105754016735e-05 1.408360203418808267e-03 2.402700590050423687e-03 3.274699907761698982e-03 4.772089440390817755e-03 5.088239261212504361e-03 3.262632879063998362e-03 3.098479249421018464e-03 3.832024433223358943e-03 8.096177453769908341e-03 7.730077773261252033e-03 7.833622945351382399e-03 2.652844798795623085e-03 1.696516723584406928e-03 2.851947362672825007e-04 1.769295613119150658e-04 5.604730602364617592e-05 4.907695061028882527e-05 1.648739067012426835e-05 1.000000000000000021e-08 1.000000000000000021e-08 1.000000000000000021e-08 1.837230735584203031e-05 2.875087122691333689e-05 9.739507725930737292e-04
1.000000000000000021e-08 1.000000000000000021e-08 1.000000000000000021e-08 1.581971559371713753e-05 1.000000000000000021e-08 1.000000000000000021e-08 1.000000000000000021e-08 1.000000000000000021e-08 2.372564419393935616e-05 2.185229649246684530e-04 4.394608349242113353e-04 7.116312191905894025e-04 2.449844587788544466e-03 1.094718429617632001e-03 9.185361931818002710e-04 1.185982576089308124e-03 4.111248554252376597e-04 3.102538681920074832e-03 4.013526025104669761e-04 2.911811674236835894e-04 2.321404846780410929e-04 1.531299241346518092e-04 1.267752110482191349e-04 1.661311976126053419e-04 2.348121183183734997e-03 2.698717495784390321e-03 1.039921521619066157e-03 1.478215822268752391e-03 2.558175847767657821e-04 1.039131965252501676e-04 1.110957269343106177e-04 1.347785236733865853e-04 9.569184718171734540e-05 1.045771200905721828e-04 1.676772211309946468e-04 1.712172947998500967e-03 6.225394828649314944e-04
9.162113016624148288e-05 1.029951362730662759e-04 1.147656510824757918e-04 1.107046046452491822e-04 1.000000000000000021e-08 1.000000000000000021e-08 1.000000000000000021e-08 1.290665576818429531e-04 3.256598672190199641e-04 9.783305262633479153e-05 2.063470959573938945e-04 4.936949128215965561e-04 1.847510596934552477e-03 1.990087410174066996e-04 1.803125603063924197e-04 6.779158326795353662e-05 6.782282732174770565e-05 2.202504301818633710e-05 4.073631075285485612e-05 9.502316316943177070e-05 1.000000000000000021e-08 1.201905266523157750e-05 1.000000000000000021e-08 2.256285984160521935e-05 5.318761816446603062e-05 2.174279319630969577e-03 3.418256849750817613e-03 2.993562836745453266e-03 4.775866118378161579e-03 1.379241487603671216e-03 5.182734002891015374e-04 4.662685013201414209e-04 1.929337339534961551e-04 1.781771634366289343e-04 1.811424866015693086e-04 3.521560068577627052e-03 4.040204527465408521e-03
3.443939481962002481e-05 5.028078645135443826e-05 5.006698098383481149e-05 7.689932981332577608e-05 9.466741555017228228e-05 1.413070964168851036e-04 1.419898040903854472e-04 2.021212956236078263e-04 2.760628522874952317e-04 4.884086201606928357e-04 3.959712613501040548e-04 1.240036804924198174e-03 9.202569793969593050e-04 1.000790585503163034e-04 3.229626842145195303e-05 2.845750758901806061e-05 1.000000000000000021e-08 1.000000000000000021e-08 1.000000000000000021e-08 5.887439381288968695e-05 1.000000000000000021e-08 1.921568859167971038e-05 1.422679326084775335e-05 1.631813918390242216e-05 2.095383905826934043e-05 2.875848979854597846e-05 3.600052077179474903e-03 6.350182311282369027e-03 7.298755793259562724e-03 5.472189685589747866e-03 5.500863823571538157e-03 6.774889829457667566e-03 9.090013395893414491e-03 4.243139510794481303e-03 5.009808822145005863e-03 2.641557193073257575e-03 3.766381599498720700e-03
1.900593576684614011e-05 1.746461394022395699e-05 4.521255933411616023e-05 3.939217416855368242e-05 2.580176447235818472e-05 1.000000000000000021e-08 1.443570637712726868e-05 7.190882894228265224e-04 5.506391577444634446e-04 6.854803451028054122e-04 1.000000000000000021e-08 1.000000000000000021e-08 1.144620739149025252e-05 1.000000000000000021e-08 1.587069050262568460e-05 2.776266865433422244e-05 5.661361766831570663e-05 4.018648237440520144e-05 2.474846065447537446e-05 2.018268955131123359e-05 4.037754231266514219e-05 5.345245966314964801e-05 1.000000000000000021e-08 1.202383217580099619e-05 1.138658541977329545e-05 1.244725975922722978e-05 2.363537070204399884e-05 2.171673268745814619e-05 1.178326766606095763e-04 6.695536287627125438e-03 4.710110191490107616e-03 3.366141738385191977e-03 4.450221101489833762e-03 9.640124525936651784e-03 1.724024097672889264e-02 1.258473387470812090e-02 6.090635187526909425e-03
2.994116787822288941e-05 3.941485287197551599e-05 1.251435675523407578e-05 1.000000000000000021e-08 1.000000000000000021e-08 1.000000000000000021e-08 1.000000000000000021e-08 2.053358945971382282e-05 1.501827714708707268e-04 5.536591612469734619e-05 1.000000000000000021e-08 1.000000000000000021e-08 1.000000000000000021e-08 1.000000000000000021e-08 1.056644711613260088e-05 1.960541824803994402e-05 3.944799391813418027e-05 5.243246622464287868e-05 6.250304406919174446e-05 7.443411257089367302e-05 1.000000000000000021e-08 2.049826232962922683e-05 1.565998851434532055e-05 1.873643192709127984e-05 2.166525477001233105e-05 2.660495029416252500e-05 2.981458496484336873e-05 1.000000000000000021e-08 1.209838712867240877e-04 8.725805721990482317e-05 1.776065217766062084e-04 1.507009763943517133e-04 2.253273203148774251e-04 2.724392323304985065e-04 1.166628186625428502e-03 1.282610116630236718e-02 1.080844320935890092e-02
1.000000000000000021e-08 1.000000000000000021e-08 1.263970747701772014e-05 1.190866445995064534e-05 1.000000000000000021e-08 1.000000000000000021e-08 1.000000000000000021e-08 1.784704036153807996e-05 2.644447624880748334e-05 3.422140462095272666e-05 1.000000000000000021e-08 1.000000000000000021e-08 2.242812056385496010e-05 2.545103103857014558e-05 3.241531401344841608e-05 3.662134363407348777e-05 4.203125569670196885e-05 1.000000000000000021e-08 1.000000000000000021e-08 4.772500714075179055e-05 3.659304445502122765e-05 3.886529440651906244e-05 4.761062851970890742e-05 1.136019997245320929e-04 1.493977386550381016e-04 1.445920897210605785e-04 9.825582399404686376e-05 8.513280351180591682e-05 1.349540308974302128e-04 1.361176566434980646e-04 1.200883572691477169e-04 1.866072632118894966e-04 1.539816729653419015e-04 5.815253224686283513e-04 5.404204172469407805e-04 4.045032713424183283e-04 1.733256895400215420e-03
1.000000000000000021e-08 1.000000000000000021e-08 1.000000000000000021e-08 1.000000000000000021e-08 3.763340731311300364e-05 1.000000000000000021e-08 1.000000000000000021e-08 1.000000000000000021e-08 1.000000000000000021e-08 1.000000000000000021e-08 1.543548103776088757e-05 2.514697944374534244e-05 2.438489990317230371e-05 1.000000000000000021e-08 5.166791528732601164e-05 1.000000000000000021e-08 1.000000000000000021e-08 1.037538677203334566e-05 1.632719695898929754e-05 3.323585502811598639e-05 3.833444024279277136e-05 8.697687487195376063e-05 3.729079979151633849e-04 8.035363589748451148e-05 2.682208888689060545e-04 3.398391686163758363e-04 5.212388427111531780e-04 4.507285925727988387e-04 3.147994328605298558e-04 2.466338500114530511e-04 3.875033616885144045e-04 3.448150661028128372e-04 5.398248337260979799e-04 5.838110628505862243e-04 8.459179082969297062e-04 8.272119985698758813e-04 1.432531638818191396e-03
1.000000000000000021e-08 1.000000000000000021e-08 1.000000000000000021e-08 2.781131104871322997e-05 3.208781089032617881e-05 3.285607783615472925e-05 3.220084969306973943e-05 3.204701153863551876e-05 3.057257445880391520e-05 1.000000000000000021e-08 2.995994164913744451e-05 5.566927215923417354e-05 6.923279418703231765e-05 7.592288278001711862e-05 1.017483725362051066e-04 1.889996877583074964e-04 1.715685041820714260e-04 1.703801663233728042e-05 3.214232164832259739e-04 2.847495395719858266e-04 4.168743603147561337e-04 8.101944147356815635e-05 1.267635585812672651e-04 2.091533399533496856e-04 7.501710716860634956e-05 6.615733265145358033e-05 6.319292828215898649e-05 8.651572013320443224e-05 2.275124448259943099e-05 3.698513101268226260e-05 3.717412112928840314e-05 5.277201833716861851e-04 1.020139670793804439e-04 1.538738442556337549e-04 1.280485199833489860e-04 1.817487833160113609e-04 1.860397986816681500e-04
6.003813558105443684e-05 5.620670425947544083e-05 6.781376257816674677e-05 1.188981143214996265e-04 1.174957502244215529e-04 1.077061893392555118e-04 1.000470785461225542e-04 1.125867159228764383e-04 1.000000000000000021e-08 1.076284374110324368e-04 1.073007634830398978e-04 1.000000000000000021e-08 1.064731237686239019e-05 1.510702691852763120e-05 2.473052059469100838e-05 2.223328814379402064e-05 4.417837497265460721e-05 4.062287123741417460e-05 5.475034848885514631e-05 8.036083609460541134e-05 1.102981636458521387e-04 9.785073616223874588e-05 6.579252361327354490e-05 2.210386746375780275e-05 2.061105142150140854e-05 1.000000000000000021e-08 2.165699160693158691e-05 3.099303691072146776e-05 2.391673961479266189e-05 2.168144050115177466e-05 4.754225375246257107e-05 1.053737938997310934e-04 1.362946448693231087e-04 1.137245611111043007e-04 8.181663662100007459e-05 8.636278532072289113e-05 2.335541766399050131e-03
2.201031269914161247e-05 3.106962654984868241e-05 7.191749888725443383e-05 1.452549145766994097e-04 2.661638848112621064e-04 2.275051479455605854e-04 1.723429519236941714e-05 1.000000000000000021e-08 1.177506602130438003e-05 1.168991083514836894e-04 1.540881217074893889e-04 1.449573027814741837e-04 1.352789999813052682e-04 1.143006491697570124e-04 1.081834136940089717e-04 1.000000000000000021e-08 1.000000000000000021e-08 1.000000000000000021e-08 1.000000000000000021e-08 1.517493821597708935e-05 2.698261670384346602e-05 3.860838562745228680e-05 3.618192550512665647e-05 5.138812649304967385e-05 4.656167995497408367e-05 6.403581301265781297e-05 5.850379961306524001e-05 1.081477346473211734e-04 1.319725963198508420e-04 2.252216145915524861e-04 2.003865028348265811e-04 1.380805922196252065e-04 1.293616856338337625e-04 2.609066141828796158e-04 3.206830126812820693e-04 4.651968679371906203e-04 9.441138562840567950e-04
5.127230297621048529e-05 6.621261471341017462e-05 6.689204129604001548e-05 5.009763767201859391e-05 1.000000000000000021e-08 1.326752981537992633e-05 1.000000000000000021e-08 1.000000000000000021e-08 1.000000000000000021e-08 1.000000000000000021e-08 2.746884096386258188e-05 3.617813382422904023e-05 4.485821658338980279e-05 1.153573425708943407e-04 1.305801743036552631e-04 1.893215437535195316e-04 1.671125435573146592e-04 2.267041161446153180e-04 8.369843399142555236e-04 1.743389719313828256e-04 1.956419537008070809e-04 1.683401370518464656e-04 2.231713277475564521e-04 1.870860674601278607e-04 2.419941077135955986e-04 1.986774310820327500e-04 2.541951882002800416e-04 2.058397678496449567e-04 3.124791798419350192e-04 2.643208725038246861e-04 3.551898082420043611e-04 3.908734752946460577e-04 5.049065210322163481e-04 4.073449791002819380e-04 5.179647317681040008e-04 4.088056795838781988e-04 5.579271638523533756e-03
1.660839796949140632e-04 1.753710026717459204e-04 1.602260547697880637e-04 1.332297454346029685e-04 1.116007669810800625e-04 3.021668208459991163e-04 5.651333912227183903e-04 9.874240188828648196e-05 1.156331757632975750e-04 3.669123828009861947e-05 6.869172329858776844e-05 6.386116178163113227e-05 3.420546785574585962e-04 3.625937843668904786e-04 5.737779804528947945e-04 5.192101305678205369e-04 6.386355569120419004e-04 2.136143668112859540e-04 4.741652573943614920e-04 3.914057952968167352e-04 4.961362746057882984e-04 1.127641703069173816e-03 1.356935348449914733e-04 1.963115757065980738e-04 1.811124539769940552e-04 2.556558808104482101e-04 2.313775359327018943e-04 3.006505141142366052e-04 2.224616593784312199e-04 3.587932117287739365e-04 6.519761908986595848e-04 1.182178223213356744e-03 1.105593449774515142e-03 1.463582885163786183e-03 1.487969084337987559e-03 5.981474860878958043e-03 4.869135834241074788e-03
1.814083437134109318e-04 3.369799114598810946e-04 4.972105351412067298e-04 6.582363888434709627e-04 8.104587549155593297e-04 9.443139165892941661e-04 1.992678741012296993e-04 2.442759648371531670e-04 2.173942254267638300e-04 3.606024592751967727e-04 3.178154527923858800e-04 4.325210524143735698e-04 1.383952313298936958e-04 1.188807198106199906e-04 3.779380371487569429e-05 6.693417459524477614e-05 1.426722091568704176e-04 5.588269914812600547e-04 5.762532514304191146e-04 7.628161957282068991e-04 2.765395248149823959e-04 3.981919129065625697e-04 1.235396755358337010e-03 1.524605040754292251e-04 1.119106748100382289e-04 1.175511113991819118e-04 1.784819930239213122e-04 1.711720327243413102e-04 2.747955375926519140e-04 4.870563364416801051e-04 1.488437278494056598e-03 1.212351449575241802e-03 9.312351985799689671e-04 1.221460588350216044e-04 5.460366677398148993e-04 1.117921584501207653e-03 4.554380730233773965e-04
1.000000000000000021e-08 5.925845683648028032e-05 1.000000000000000021e-08 1.000000000000000021e-08 1.114458274565653479e-05 4.774776381198999069e-05 1.000000000000000021e-08 1.000000000000000021e-08 1.280471361692542737e-05 2.346012757659092252e-05 1.633872880001436981e-04 1.000000000000000021e-08 1.000000000000000021e-08 1.000000000000000021e-08 1.000000000000000021e-08 1.000000000000000021e-08 3.758996022570409100e-04 1.337723345095898878e-04 1.830973515304703538e-04 2.602467455707288004e-04 7.507034261914969416e-04 8.599687255642814165e-04 1.272154506073531989e-03 5.212752266128533457e-04 1.696813936161748523e-03 2.848352220013588036e-04 2.419521849670978756e-04 3.248928806331698128e-04 2.679202438146646888e-04 1.104162224022722794e-03 2.594451175596225933e-04 4.376805318585376501e-04 7.777052880671386738e-04 1.713601856052181759e-03 2.343723970471360205e-03 9.366775649173021906e-04 1.332202466342259726e-03
6.786734746790265527e-05 5.864300115751608681e-05 1.000000000000000021e-08 1.000000000000000021e-08 1.000000000000000021e-08 1.000000000000000021e-08 1.000000000000000021e-08 1.000000000000000021e-08 1.000000000000000021e-08 1.000000000000000021e-08 1.000000000000000021e-08 4.763349168744392972e-05 3.885219670474938567e-05 2.820310666922379517e-05 3.317920399572053206e-05 7.088862683080219206e-05 3.027057332666367777e-05 6.096798561252658559e-05 5.898622678160665088e-05 9.137573253882863968e-05 2.173362259571725089e-04 5.762328611362644909e-04 9.173759511597773557e-04 2.063039668084449326e-03 1.815649361272915138e-03 3.431085246981858961e-03 8.124856435547567375e-04 6.589051092918324143e-04 8.373180869048380166e-04 5.543183818974226898e-04 7.146598168047494639e-04 1.122802097741174964e-03 7.419533356057725045e-04 2.544832596861573096e-03 1.987294626811795736e-03 1.388931604350894565e-03 3.248580610135890097e-04
