output/water_depth_2160.asc
ncols 223
nrows 158
xllcorner 0.0
yllcorner 0.0
cellsize 30.0
[rows 34 to 50 of 158, columns 111 to 147 of 223]
1.742677924496372182e-04 1.000000000000000021e-08 1.623858843407811171e-05 1.503745486436224704e-04 2.537861539204119376e-04 6.615470093133876944e-04 6.044366107965335746e-05 5.971535993122534768e-05 1.218030084002229589e-03 2.848440950645770263e-03 2.259834194646681213e-03 1.118139592699535700e-03 1.493810293739280225e-03 1.184949492870116059e-03 5.245539494969364558e-04 2.654675852778056290e-04 1.337160125797338635e-04 1.000000000000000021e-08 2.519189224222539522e-05 1.948653464678310268e-04 8.394694265938335768e-05 3.272011411760891025e-04 4.071067874793111584e-04 1.406873191362857309e-03 4.295319421167259188e-04 2.444930181705942934e-04 6.358968839547831211e-04 3.324831008145773432e-03 7.974230892149006267e-03 2.998511995158726490e-02 4.890663352888682813e-02 8.298880192214590223e-02 3.712330628455856596e-02 1.883418095568233975e-04 1.000000000000000021e-08 1.000000000000000021e-08 1.000000000000000021e-08
2.797321853764924473e-05 1.874149022795988258e-05 9.242729718954963635e-05 2.089010230500197628e-04 1.541967436624838055e-04 1.209198860829548112e-04 2.653411307927607292e-05 4.979637897000261857e-05 4.655798852924231053e-05 1.495151651793199610e-03 1.885854304852468315e-03 3.028282165697948614e-03 2.756015511310899550e-03 3.932282473063404039e-03 2.779011103504084711e-03 1.211359894460496299e-03 2.928128945400615326e-04 1.058750099857770421e-04 2.533406941366445498e-04 1.978785053781290668e-04 1.820709085685973344e-04 1.167658032190934346e-04 7.846465440384007639e-04 1.973523249857941225e-03 5.384743928668635476e-04 6.056407693766486080e-04 8.754045247479627298e-04 1.723570317656619114e-03 6.896660427250456138e-03 4.970331563708967754e-02 7.379533580973342277e-02 4.789298294401650447e-02 2.098747428037446572e-02 2.139848643215853214e-04 6.482488418136465457e-05 1.000000000000000021e-08 1.000000000000000021e-08
6.771069358189416715e-04 6.947085341643758618e-05 1.177114175725830906e-04 3.309408299380916390e-05 6.914356055189080548e-05 1.642729341723508254e-05 3.174133428985346177e-05 3.526576463455862056e-05 2.610657833009842778e-05 4.305991301938325369e-04 1.311214647317877468e-03 2.307418798133229962e-03 4.142696313384690993e-03 5.646652394084850091e-03 9.560149310656768096e-03 4.719081458729613293e-03 4.061292411055747800e-03 5.717603193243225163e-03 1.937875055407210865e-03 3.900447123243330500e-03 1.348816770423200573e-03 8.164515230855515227e-02 1.541506591601209952e-01 1.899478133952287595e-01 2.054858795893055035e-01 2.138177283290425279e-01 2.155841248736876659e-01 2.150270929409257570e-01 2.142744214820004045e-01 1.612063506057229145e-01 1.426411802809277041e-01 9.156998847323905011e-02 4.632715232594706439e-02 1.110050017746588326e-02 5.978824394466627671e-05 1.000000000000000021e-08 1.000000000000000021e-08
7.043804056015655736e-04 3.503171673832401354e-04 1.228562628239188961e-04 6.702657599183848582e-05 7.137099632197780338e-05 1.000000000000000021e-08 1.084716172248146194e-05 1.000000000000000021e-08 1.000000000000000021e-08 4.607903032889808145e-05 1.000000000000000021e-08 1.000000000000000021e-08 7.597682733204386227e-05 4.045234373531673836e-05 3.856365313762733513e-04 4.013172905703191011e-03 4.423640985273941811e-03 2.315933463191410524e-01 2.304730523536132059e-01 2.293633545113410444e-01 2.281483692171089317e-01 1.462417891661168812e-01 7.282108990584158781e-02 3.626380689889904113e-02 1.950079242698572399e-02 1.516447178119477261e-02 9.149463871959731889e-03 3.776127568680990101e-03 2.330678810655661178e-03 9.636701124465775481e-02 2.293627460261107309e-01 3.068476960234818862e-01 2.285083165026159935e-01 1.777422206703000995e-01 2.371309934792084336e-04 1.000000000000000021e-08 1.000000000000000021e-08
2.881265911806754620e-02 1.530489730025799341e-02 8.870264230792615154e-03 3.358292966611631149e-03 8.463487619779297769e-04 5.164985429870078961e-04 1.674060210139502263e-04 6.269612027879835521e-04 8.993621629022931219e-05 4.463226644777752662e-05 4.122354819215806441e-05 1.530948817733336794e-05 2.142094743929514439e-04 3.050398432104221716e-04 5.148985960159897790e-04 1.182923152753524165e-01 2.904404165539916094e-01 2.299869544651387820e-01 5.007262778377176253e-04 3.587958718569306412e-04 7.225007723104045912e-05 2.154197982815588016e-05 5.186298643717402915e-05 1.000000000000000021e-08 3.094988163897138036e-05 1.000000000000000021e-08 1.000000000000000021e-08 1.000000000000000021e-08 5.682832488383736738e-05 1.822103512147158443e-04 7.728061146281858633e-04 6.167913980165590530e-04 1.602396680949973173e-01 3.673567196088194931e-01 3.077273552959164382e-01 1.009659755729640262e-04 2.002901274209672593e-05
1.614454602368400882e-01 1.779088681509136960e-01 1.229959497604209417e-01 6.302173219733316067e-02 3.164574938527471570e-02 1.696456225314216595e-02 1.055262270888288924e-02 5.336270329969984225e-03 2.405565901757848214e-03 1.857761134218097014e-03 6.284268672869957641e-04 9.268129145041620158e-04 1.185847388355326937e-01 2.358263546682829448e-01 2.346720970969714826e-01 1.169462770710177346e-01 1.158525855485514761e-01 5.695436194149306342e-05 3.540817721391217518e-05 1.976110553443707446e-05 1.708020230220898045e-05 3.113700262524115355e-05 2.718431256811830232e-05 3.673533502636409991e-05 1.000000000000000021e-08 1.000000000000000021e-08 1.000000000000000021e-08 1.000000000000000021e-08 5.661201456758340606e-05 7.920053073062757808e-05 9.229185087028293744e-05 9.586691229412210252e-05 3.959112482426875666e-04 6.341719265638328176e-04 2.782734065864715944e-01 1.785037509556782476e-01 8.780086995833373542e-02
2.410819512024421369e-03 1.466305546105392023e-03 6.242636651254525326e-02 1.252377617793122011e-01 1.566216780969965361e-01 1.731985109139684842e-01 8.948915530908296834e-02 9.037434364145954802e-02 1.392524522690324895e-01 1.670235412735926184e-01 1.873770981063727636e-01 2.368615141684610459e-01 1.184469874434053299e-01 1.181718974322205767e-01 3.505247343048194849e-04 3.937420306099416635e-05 1.108979684057442183e-04 3.042423892472302243e-05 1.913783984765595183e-05 1.229534693133720289e-05 1.000000000000000021e-08 1.846863883653659149e-05 1.797869408284309662e-05 2.048333996444508761e-05 1.000000000000000021e-08 1.000000000000000021e-08 1.000000000000000021e-08 1.000000000000000021e-08 1.421653639682710275e-04 3.470824885345687101e-05 4.171759774065010205e-05 1.700164742779528958e-04 1.149507108294313293e-04 1.575806784057176622e-04 6.612809516724982772e-04 1.093152846907477077e-01 1.916495101743994067e-01
1.605195713091126338e-05 1.000000000000000021e-08 2.345382540586816341e-05 3.178269997792856211e-04 5.437053782926966599e-04 1.551116504868345217e-04 8.916652066001694299e-02 9.025968700331266081e-02 4.820459087489645245e-02 2.875524312142582750e-02 2.128885607410987979e-02 4.909062128949405468e-02 6.963181135286428635e-05 9.928167615413630270e-05 1.067601129954474725e-04 1.759762373092042939e-05 6.998605532728488521e-05 3.060882943072371103e-05 1.000000000000000021e-08 1.000000000000000021e-08 1.723623241325033633e-05 1.000000000000000021e-08 1.000000000000000021e-08 1.000000000000000021e-08 1.000000000000000021e-08 1.000000000000000021e-08 1.000000000000000021e-08 1.745035569757130884e-05 7.472892308721641264e-05 3.498759451107721078e-05 7.324756713818862393e-05 1.832241875887142624e-04 1.579055028197123942e-04 5.745307031862554296e-05 1.235911224381420527e-04 2.942848872131449819e-04 1.078902965873410839e-03
1.661503421648118648e-05 1.000000000000000021e-08 1.000000000000000021e-08 1.017872713028860064e-04 1.000000000000000021e-08 1.000000000000000021e-08 2.335984656585089942e-05 2.942025414574086942e-05 7.048885374140896609e-03 9.284492311177337462e-03 1.352923067845312674e-02 2.555854708656500954e-02 5.223293175734212339e-05 6.239292582344341709e-05 1.006750012165649966e-04 1.444659516893616213e-05 4.566021653130465939e-05 2.104577317585213796e-05 1.000000000000000021e-08 1.000000000000000021e-08 1.000000000000000021e-08 1.000000000000000021e-08 2.680992705203989106e-05 3.659801568738818751e-05 6.457104526466331707e-05 7.176427487377607002e-05 1.634285143547047103e-04 2.123952273789168714e-04 3.064287285819650782e-04 3.278541961762693841e-04 4.982988806298938684e-04 1.117148196345335272e-03 3.672673342403479698e-04 6.019654509006310559e-04 6.391371280331308805e-04 7.710006074888837253e-04 3.274900273513771821e-04
6.798177048301305529e-05 1.000000000000000021e-08 1.000000000000000021e-08 1.000000000000000021e-08 1.324132134234401765e-05 6.330160977857685761e-05 1.000000000000000021e-08 1.000000000000000021e-08 1.026793630767145957e-02 1.266465872109885996e-02 1.719304370550917699e-02 1.164598377363591612e-02 2.016061458616497313e-05 5.661263650559789562e-05 9.747005644686648187e-05 1.024542207427559209e-04 3.429777032783525254e-05 1.961119007606666780e-05 1.000000000000000021e-08 2.283185521792329255e-05 1.000000000000000021e-08 2.405840830814035927e-05 3.407519493854834408e-05 1.192703599769246944e-04 1.648539852122689873e-04 2.915045805942430312e-04 2.791217328828244824e-04 3.788014765515585304e-04 3.825631115640620145e-04 4.929422488257279369e-04 4.109239744580555839e-04 5.228808024615096573e-04 4.999601922570248930e-04 6.008757382502079910e-04 8.993720651459045749e-04 2.600125101854058613e-04 6.981879753551836244e-04
2.664672848868252663e-05 3.583641803994762950e-05 5.298146805667217589e-05 5.440753664054789939e-05 1.000000000000000021e-08 2.593854022250805579e-05 3.531272902234707802e-05 1.044510829554802739e-04 2.084629931994795224e-02 2.023395781840006680e-02 1.479623168577627428e-02 1.671858833560165957e-04 5.433405370466877591e-05 2.442212986531146814e-05 3.921176435971170880e-05 8.202763153843862956e-05 2.039273171369174360e-04 1.928649108024477329e-04 3.348334017911118129e-04 3.514731545048791470e-04 8.428967200953240422e-05 8.080362819086615216e-05 4.080151638209902096e-04 3.210016806365337998e-04 2.637808411353567044e-04 2.234408612754443713e-04 2.037269155662332009e-04 1.533654715434464944e-04 1.000000000000000021e-08 1.028940465330649628e-05 8.824700015747126902e-05 1.100936828161105696e-04 1.460021382391878198e-05 1.051868541794439993e-05 6.380000306204653684e-04 8.273988787602781086e-04 3.100160403088073795e-04
8.497869599763272159e-05 9.581163711454630902e-05 1.000000000000000021e-08 2.349367985354239641e-05 3.162890496456705161e-05 1.346867319280751324e-04 7.098513688411961856e-03 4.278774868761994060e-02 3.685706256508040901e-02 9.286689710425285321e-03 8.141583180797359377e-05 1.194476624402335778e-04 3.898196530573422964e-05 6.937995184172525832e-05 3.411086287019543084e-05 7.599277906250481544e-05 1.999754141820439361e-04 1.729309660687799175e-04 2.133172034173951422e-05 1.456009786524487546e-04 1.096912438678029900e-04 8.793085699150860759e-05 7.663280240445290755e-05 6.815044489572802194e-05 5.808755009193500372e-05 5.394910415236788388e-05 5.606563734770959499e-05 1.818112589639858597e-05 1.733646711133608634e-05 2.608491540129799570e-05 2.634523519843226947e-05 2.063029163443567786e-03 3.727783884642100597e-03 5.684197445869632222e-03 9.277351956450836587e-03 7.303821062971724461e-03 5.880410953548811936e-03
1.747223147457152884e-04 2.074227931353108127e-04 3.167274469662836243e-05 4.823433671862095706e-03 1.969204654519952913e-02 2.843099510702773794e-02 3.099434191939823627e-02 3.365063245578282791e-02 1.063788807876294671e-04 6.914008317938592416e-05 4.276146170294531823e-05 3.888365639593364671e-05 2.231998458363556161e-04 6.139733692555995924e-04 1.586870530527688774e-05 1.980781870389586720e-04 2.310849291310522328e-04 7.548761327933171418e-05 6.220156862870882615e-05 8.195289992798313039e-05 9.557768628890473024e-05 1.385418293503344752e-04 1.287473198202385898e-04 1.768279772730061241e-04 1.544176722776320100e-04 6.213200557163206300e-04 5.191631190759374813e-04 1.636949315385070880e-03 1.430192246710424060e-03 1.235182730092421882e-03 4.860842832208563981e-04 5.685461439781840445e-03 4.449121293163273497e-03 8.988194903123813279e-03 6.129222900973793978e-03 1.293183108018629984e-02 1.702737878769755922e-02
1.335972848552915634e-02 1.747315702602941431e-02 2.261072432840944765e-02 2.421941770191100851e-02 1.557013452727049573e-02 8.251511226916478231e-03 6.049889825493062930e-03 8.522226355746172688e-04 9.602579874708025334e-05 4.433862005190438062e-05 4.462434968938653582e-05 2.431644803323168203e-05 1.531604906329315033e-04 2.242768279520818728e-04 2.427626971748919453e-04 4.487616787425043209e-05 7.431188836219373072e-05 1.517684523436300698e-04 1.998740954450247721e-04 3.067501168443864906e-04 3.046574262655999191e-04 4.424242275008676093e-04 8.688585269385418674e-04 1.958692045606496169e-03 2.149832796190635081e-03 4.190783998875763361e-03 5.090928906070380823e-03 6.617618533592625404e-03 8.061376815773312055e-03 1.098622273096754552e-02 1.089718101352293855e-02 9.258702270532579576e-03 8.074455231145773876e-03 6.832969137155386376e-03 7.136414444567014057e-03 6.355726793546216495e-03 6.978696352071989129e-03
9.587342764100205417e-03 4.950902071133455977e-03 3.901885716839407180e-03 2.375538440128059387e-03 9.838220937579719542e-04 6.264508247003577760e-04 5.984574362029687579e-04 9.902235331220859017e-04 7.423925520450616036e-05 4.417616912200464114e-05 3.517598769949806421e-05 2.148067516855699927e-05 8.798330752884226356e-05 1.320410598311646589e-04 1.843887622614218266e-05 1.934976373327107368e-05 5.846010119217638238e-05 1.837062855811775542e-04 5.991729035426846027e-04 9.535475578549954976e-04 1.190056309318949027e-03 1.284296610502492402e-03 1.510642660985130753e-03 1.630617849000169433e-03 3.409812351730630211e-03 2.743062910451716293e-03 2.937565720913992619e-03 3.273795910937583528e-03 4.488314655496311069e-03 2.793142520300683374e-03 1.333463112200140464e-03 2.145001176330625561e-03 2.891430769394807802e-03 3.921359148322430856e-03 2.250935574980441646e-03 2.128995102639495273e-03 2.506714362013847449e-03
1.659570033626770770e-04 7.915714691641946099e-05 2.135385705030149340e-05 5.087473098715111406e-05 1.440066371948973132e-04 1.535252517666058048e-04 2.546334966371931619e-04 5.101413187960429294e-04 3.967846205766846187e-04 2.672065067480226835e-05 2.165010517506317403e-04 1.179901638140426770e-05 1.869909725991246343e-05 1.806604493730609739e-04 5.125140250425700610e-04 1.305486848867479254e-04 1.575305526434857880e-04 7.308356405405423651e-04 8.838059022528361227e-04 1.253246571206420232e-03 1.626276176156906403e-03 2.292642290358908475e-03 2.179927410966216259e-03 2.148227037450746446e-03 2.440502293595141030e-03 5.648607230185667119e-04 6.922647191635067929e-04 3.157847450909483013e-04 7.957919353136892488e-04 6.728170224134415785e-04 7.374313424830008156e-04 9.922475194218138578e-04 2.766286220451948758e-04 6.915795335515524406e-04 1.461575983343816427e-03 2.090737898235303475e-03 6.664444415072523498e-03
2.312275816655325533e-04 4.416983993244416351e-05 1.319716915463673855e-04 2.610718757522261435e-04 1.000000000000000021e-08 1.245325242329722241e-04 2.026042305405423044e-04 2.349538735382294204e-04 2.507319876650281271e-04 2.715902058152949082e-05 2.756869992319492210e-04 5.394806683045965637e-05 5.079008289016678302e-05 9.441116844055670240e-04 1.179218119805212298e-03 1.733560028004770687e-03 2.229518565117289113e-03 1.816169937174473732e-03 1.344200480860057107e-03 9.952140714458571676e-04 1.442879930407422974e-04 1.133525276008608357e-04 3.780852311605275510e-05 7.462727573275958442e-05 1.279879416046246000e-04 2.314456994931121865e-04 2.449113835540840558e-04 2.540224760115926796e-04 1.989265134332939672e-04 4.928739123850303834e-04 8.878799816815023107e-04 2.006086639866770053e-03 2.292879287237528305e-03 3.871403190482180200e-03 4.830929432609061720e-03 8.671579155057637309e-03 1.415257166962081634e-02
