output/water_depth_1680.asc
ncols 223
nrows 158
xllcorner 0.0
yllcorner 0.0
cellsize 30.0
[rows 119 to 135 of 158, columns 111 to 147 of 223]
1.458227032456994865e-01 1.455520828885296658e-01 1.401913993124520308e-01 1.338741962170248156e-01 1.277017682648580732e-01 1.220220068395324042e-01 9.430168073726294398e-02 1.454689706464214471e-01 1.988106841906357447e-01 2.364162537880070969e-01 2.768814334112085218e-01 1.725973956030794898e-01 8.193269651813794852e-02 3.870663899231251842e-02 2.956140532319516401e-02 7.378899327106421338e-03 1.001254552421745100e-03 8.943477343731108054e-04 2.081359148665589732e-04 1.096805059161416420e-04 3.971326539447218379e-05 4.982511733234889947e-05 9.590277273072941075e-05 2.843266319350907373e-04 5.939337831427026447e-04 1.647466255139629632e-01 1.673025397505455425e-01 6.572389325088549492e-04 1.005677062957696741e-04 1.948881479144509731e-04 3.240469260532360821e-04 3.480564034546730070e-04 6.017277002295246804e-04 1.314853811604599874e-03 1.133207136905660210e-03 3.534367063066102318e-03 1.136590058767478987e-03
1.562627794282714713e-02 1.046676637091892292e-02 5.945278675287467458e-03 2.807432647479163931e-03 1.645363275960880613e-03 9.642277035933150215e-04 7.358145540264497686e-02 5.748911078484052195e-02 5.829095133922482935e-02 4.297239899505619909e-02 5.089974377370452829e-02 1.343106745863177978e-02 2.125766461835811025e-05 5.419271212885433809e-05 2.954026405525493723e-04 5.336291199150288442e-04 4.463324152959868038e-04 5.467156879748265481e-04 1.612340305479750466e-04 5.994822047789510568e-05 1.086610277181775070e-04 1.618446431345225707e-04 2.456037635492485131e-04 6.875997181295633032e-02 1.295554437498045997e-01 1.594368646776324616e-01 2.754835588188457324e-03 4.406954486169910572e-04 4.204109450199308208e-04 1.188857330770240494e-04 3.748446116074199736e-04 2.295350226451520876e-04 4.364093785564767628e-04 6.902878035080185163e-04 1.853374728536436337e-03 3.563962610845117489e-03 8.996139790874606908e-04
2.736665578761203997e-03 1.301065223952037374e-03 5.942550474724259688e-04 2.901413819215594271e-04 1.745294309115939053e-04 1.430447754538164426e-04 2.897936848157619811e-04 9.909589441102226171e-02 6.350932578558969588e-02 3.107311725971196800e-02 2.748711740794165456e-02 3.092871945263761762e-04 7.831288767089526282e-05 4.593766272238010423e-05 4.063181250647613307e-05 5.667806257323743536e-04 1.275541209549937343e-04 6.983491249766395157e-04 1.324709449165199858e-04 1.000000000000000021e-08 1.223116542316215810e-03 1.132798572031058076e-02 5.662515297706829237e-02 6.480008933165980201e-02 5.433980872569894177e-02 2.179206827200461452e-02 1.222625613253043152e-03 2.805461255628480493e-04 4.843954847150436964e-04 3.121600632637336814e-04 3.126816957774666578e-04 6.800562846070447006e-04 4.955187397508798233e-04 4.669245390738809291e-04 1.233551535939340915e-03 1.752318902666644227e-03 1.511360707192759651e-03
4.596773130554232967e-04 9.276200490502461635e-04 7.302638295574245819e-04 4.989597932325621999e-04 4.444986722792688603e-04 1.057649535118461827e-03 2.068760172007312881e-01 1.711492499343517659e-01 1.349160400782705160e-01 6.651398503337046294e-04 8.128922696467712834e-05 2.557610571213910248e-04 6.828223691817979820e-05 2.149892639211620966e-05 3.129888510437236039e-05 9.165006778685732278e-05 9.000104083319686310e-04 3.748009082573292017e-03 1.899058868153280163e-02 1.481138764128050013e-03 1.355607122605174270e-03 4.093351544004521225e-02 4.365716855166604932e-02 6.977118445862390272e-02 4.422583469000282083e-03 3.923709595273237871e-03 1.791852807554769828e-03 2.037272677323775374e-04 4.870294101368750255e-04 3.013676935746387241e-04 2.676706803704080335e-04 8.258330932964508524e-04 2.075843104683251718e-04 4.311413438992817843e-04 8.220029889893743988e-04 2.207366710179872477e-03 7.698106740067760679e-04
5.548609391259099258e-03 1.130114823053076333e-02 1.347091162472954448e-02 9.141442497080426791e-03 4.707360530002586800e-03 1.576276639912481126e-01 2.345103366971329484e-01 2.071387757731502632e-01 1.722994477233775763e-03 4.523634188987740181e-04 3.887540898826099254e-05 2.152475788270830060e-04 1.279048968515373447e-04 1.000000000000000021e-08 3.943917139740764604e-05 2.385100513421333358e-04 1.090480252084693406e-03 6.624858212001036480e-03 1.045658172938458003e-02 9.665350543753611218e-03 4.609754889692093544e-02 5.053492516652435818e-02 4.503244733616203893e-02 2.004480986779332355e-02 5.195741481964581340e-03 3.463891053886238979e-03 1.546045097825537182e-03 8.201643038938360563e-04 7.506973421802177126e-05 7.333375190472462397e-05 1.400444685792213528e-04 3.455930607261972331e-04 2.139375944882069072e-04 2.684284409910123962e-04 1.742913184682962947e-03 1.210139667630623795e-03 1.944984592046948438e-03
5.320566009100519481e-03 5.102444383498822358e-03 1.793238133650731925e-02 4.518226550144756326e-02 1.013851695284653520e-01 1.579964364171735081e-01 1.090914874212872004e-01 3.583993497045852988e-04 7.219812097795195050e-04 4.228156491179813135e-04 2.933532851524994268e-04 1.154810685536661493e-05 2.688458535152757410e-04 1.791262766701844219e-03 3.168970746771147644e-03 5.788034618577828777e-03 4.885347337936581449e-03 1.029097001546340831e-02 2.514714011618648590e-02 4.839743965065368414e-02 9.300909276932974035e-02 5.396243514408525371e-02 7.086878347791869537e-03 7.449982761279434415e-03 3.786409321756371675e-03 4.433231352503562081e-03 2.072768153254569631e-03 2.390927395223002431e-04 5.643530369106811314e-05 4.489179442733495876e-05 1.241527153176515065e-04 1.791498144799223377e-04 2.434390877613870499e-04 4.570441002563219450e-04 1.081413108804706383e-03 1.893787827715055858e-03 1.154139242743321310e-03
3.546105364725809367e-03 2.035587650967875251e-03 1.960270497467235529e-02 2.132227538898727459e-02 5.433103325902587794e-02 1.578787159594491618e-01 1.471148464871970853e-02 9.081183447916271289e-05 1.237082944824099355e-04 3.823670052557471655e-04 1.997242853597822726e-04 3.897628751034275067e-05 1.097907421350599339e-03 1.656500142328306245e-03 2.648961803335362231e-04 3.733014517243781003e-03 5.712185702149113857e-03 1.731740974472430541e-02 1.867755263820327846e-02 1.986839166228447293e-02 2.858328569953472870e-02 1.387243759770645513e-02 5.573294226295430649e-03 4.389212472099294528e-03 5.252578058810235262e-03 3.924440159692994465e-03 2.319853543558911182e-03 6.929066449466675468e-04 2.845695358932479280e-05 4.865178106676656771e-05 1.323790618122714887e-04 3.698605959748072782e-04 2.124712084010647352e-04 1.395376971893322153e-03 1.486569153413057299e-03 8.528984725583318126e-04 3.801565637608752060e-04
3.779733716106550845e-02 5.659359576657586183e-02 3.431511797284726717e-02 2.318439791014404935e-02 8.646642217586529566e-02 9.605905903790010192e-02 2.165717469275395268e-02 3.730000922310239655e-05 5.416504394049775927e-05 5.151477411899368789e-05 2.834190857375238834e-04 5.682084098315428938e-04 7.569329571554498249e-04 1.559126689783209372e-03 5.423553471781482165e-04 5.397415313849612990e-03 2.733853265712984926e-02 2.353813076977851956e-02 1.778346187096170594e-02 1.493794142889647535e-02 1.568989507198735936e-02 6.427912198227411951e-03 5.496791365297008791e-03 3.329493687660676875e-03 8.589802217974428986e-03 5.401674935016938413e-03 3.294832225405836500e-03 2.373340384135089447e-03 3.169452871364508825e-05 5.752765662768962639e-05 3.290614292243228180e-04 4.868348017206278276e-04 8.999442887560147198e-04 9.229770986396825319e-04 7.314945687020750834e-04 4.255893882573202631e-04 1.184250922560701525e-04
1.584888480898835605e-02 1.530359882198360257e-02 1.313638141480801685e-02 1.006965210486568396e-02 4.989630493020857233e-02 8.775477796123508367e-02 4.284949150380593791e-02 5.460942176778748908e-05 6.588202841428068422e-05 8.148027881913672043e-04 2.700563470421486712e-04 6.712905078152723139e-04 1.316260717732661801e-04 4.475281431541904215e-04 5.886105700488759862e-04 1.124287815760969741e-02 2.580882214788393636e-02 1.887097694668209494e-02 9.602926743858186329e-03 8.922933374439813436e-03 8.290437406915330751e-03 1.000207996460183817e-03 1.605577012216187873e-03 1.703921176340601144e-03 2.876657984895556949e-03 6.890644906941610810e-03 3.360273117255483961e-03 3.369520347358466190e-03 3.112486856443386508e-03 1.128303743774040609e-03 7.083087871086240963e-04 4.054805145812259920e-04 9.290408710742846521e-04 9.155429482735497277e-04 3.949965682161437307e-04 3.042214460910139815e-04 4.738092012489329404e-05
1.715968661499516282e-02 1.155760501610368467e-02 6.685302336875453486e-03 9.762542301849561760e-03 5.589539094636108985e-03 7.852794009811060738e-02 1.206343564088820791e-01 1.552342220901533898e-01 8.067477332328943859e-03 2.154861815761537742e-04 1.950253554508036484e-04 1.712078088646879458e-04 5.677888527974208482e-04 4.929113768078707781e-04 4.928074455386927989e-04 1.181832292916442859e-02 4.129865600075294241e-02 8.471524102381543589e-03 4.877836536154053423e-03 3.060760380772893727e-03 3.163164326109175247e-03 4.104198342504600293e-04 1.175523339885644545e-04 5.325195087077627107e-05 2.186489768678342072e-04 3.861635072317115384e-03 5.299509335341027506e-03 2.931983607714014946e-03 1.881522654555310399e-03 1.267574351884226229e-03 8.462696545434792838e-04 4.307732976624712947e-04 7.961162198392411366e-04 1.791643458308221117e-03 4.909525983997406863e-04 1.528514140573718487e-04 6.830798613177328045e-05
8.400126133563091957e-03 1.127073482914692053e-02 3.562845852366605497e-03 3.427374594367735110e-03 7.767044631884087447e-03 1.159480104945297997e-02 6.622924129857335473e-02 7.065996509907408740e-02 8.052560983180627463e-03 1.000000000000000021e-08 7.675821145540530897e-05 1.979494353769071049e-04 5.132516553438665717e-04 2.430353668836623732e-04 3.183287835632093716e-04 7.186384059702522744e-04 5.143091228487773475e-02 2.728145251437735612e-03 6.649907825866670881e-04 5.876918125379533651e-04 4.599557202946155752e-04 3.157687362008140862e-04 7.430266463602947522e-04 4.117305483526108398e-04 1.729444457136802003e-04 1.473268038873696542e-04 5.088158090025734874e-03 2.888653146778553862e-03 1.952987161451167535e-03 1.134043829296486894e-03 7.322543823299285668e-04 8.327072697549261549e-05 1.515848172388551112e-04 1.859715810187431804e-04 5.268143332502260405e-04 1.648069609445281403e-04 6.010412916687465082e-05
4.923558115831085796e-03 5.276769303383961780e-03 4.239311385050677054e-03 5.918834249111655336e-03 6.031788792437813018e-03 1.194543699847620648e-02 4.857194197398610747e-02 6.594853962647248546e-02 1.095357324002233998e-02 2.298396882394782115e-05 2.985978182366710260e-05 2.018067686639852577e-04 2.015035629084063957e-04 2.404681597526286084e-04 2.448235862262614602e-04 1.545027449604973347e-04 3.969629050707015883e-02 2.025418355031625810e-03 2.833438230900388625e-04 5.568681660169103650e-04 4.516827351569864101e-04 3.367219784431030186e-04 4.780352640070412986e-05 5.174837639575323315e-04 1.475695733707342561e-04 4.837354168126688008e-04 3.544413266869007526e-03 1.014000807058262378e-03 8.607757208354328317e-04 4.083951733798004075e-04 1.527971012382924423e-04 3.952050576037620058e-05 5.950519543801332097e-05 9.219820667720359084e-05 9.007399950842657566e-05 6.032913180899251082e-04 1.439428604166314283e-04
2.483681440656668443e-03 7.132754032310796230e-03 7.674252527085806755e-03 8.201966607853264021e-03 8.452629637954036518e-03 1.388130578853057594e-02 2.379306897549223268e-02 6.274253386733835702e-02 5.601603319742689407e-02 7.781571693409803899e-04 9.868571222226838521e-04 1.134333285429377789e-03 1.854034069191308237e-04 1.179028513020579511e-04 1.399126350838914934e-04 5.400524642324871811e-05 2.909351490785820615e-02 2.171454244656849646e-03 6.170607210996804058e-04 3.230046619307306590e-04 2.864263976567932887e-04 3.698081373374648129e-04 2.380197878418923775e-04 3.129144860615721961e-04 1.201386116525856435e-04 5.342379921430065459e-04 1.911111669928247268e-03 9.353261744126539117e-04 1.935341395278214601e-03 1.921254092707595567e-04 8.535742356105001957e-05 3.745116955899725905e-05 4.202474361453906128e-05 5.257083874143668922e-05 1.058124914893606941e-04 7.374115430903465567e-04 7.211108216393714073e-05
5.638393066776728468e-03 4.535015189080528024e-03 7.784768928732173701e-03 6.517072273245529124e-03 9.507122402875208683e-03 2.122905255379979247e-02 2.879760233512941581e-02 4.682572010795928857e-02 6.565473459785580758e-03 5.316998320224111847e-03 3.202845458111264372e-04 2.278638760517027486e-04 1.457368734473392922e-04 7.248062708961246637e-05 1.448681579015160365e-04 1.275720951583599017e-04 1.969748037994563383e-02 6.296689897423070163e-03 1.042742780104127033e-04 3.063101053101138327e-04 1.344888712245871903e-03 2.716545994900101220e-04 2.331546022348654490e-04 1.426016875935220626e-04 6.845961055312531319e-05 5.814910295615839273e-04 1.294995972698141391e-03 5.999956775728401519e-04 3.745102057811639093e-04 4.221019649315739097e-04 5.106746409082207785e-05 6.101390365911069558e-05 4.512500694715384304e-05 2.316238480948241605e-04 4.349836460796523488e-04 5.353823775632802736e-04 1.799770872685454461e-04
4.781954855478809038e-03 5.379669337197794977e-03 2.997904867424224483e-03 5.277216340483784768e-03 3.422087756498317507e-02 3.157018240499382539e-02 3.625175577906768892e-02 1.083950882470939570e-02 6.233834498228316839e-03 3.008512952317618505e-03 1.312624387061923827e-03 1.374482576283140136e-03 1.062468399659361818e-03 4.535284304718307873e-04 9.345736743694569356e-04 8.979560039866475935e-04 1.829430015275333374e-02 8.603894345645851302e-03 2.075903437635809139e-03 2.873782532991872498e-03 1.572164260061484310e-03 1.809128151514587893e-04 1.327878496012010654e-04 8.673291031009608366e-05 5.166767549990348193e-05 5.489413009066283376e-04 6.877588713493096653e-04 3.216867874903562999e-04 1.701547384317468722e-04 2.309226484683514946e-04 7.865635230396624683e-05 2.300465273917131996e-05 9.618334292360483347e-05 2.335365903655815974e-04 5.073737708676859639e-04 3.421001515373584749e-04 2.980876531196285370e-05
2.663702248375906211e-03 2.571664652347627721e-03 2.521425694362507911e-03 1.942367783454583292e-03 4.584931699203975523e-03 7.031998960669451348e-02 8.348858043395362971e-02 3.888359826975704148e-03 9.994696490646351635e-04 1.687165846657364462e-03 1.195913102047785857e-03 8.774041470939435020e-04 1.281157765383592658e-04 4.436983703398182937e-04 5.406426282506275518e-04 2.051021632423695755e-04 1.147808238181468980e-02 1.073990957198050697e-02 1.241624617324241057e-02 5.868059444738429366e-03 1.685285905237027607e-03 7.021911607826931078e-05 3.132920817219340921e-05 4.633940048320489205e-05 2.494107262698892660e-05 4.825376557394878336e-04 3.649351285367228659e-04 9.757664031164864891e-05 8.557292923042771158e-05 1.553449082750349582e-04 8.467312834807218149e-05 5.676036223861385239e-05 3.145004159233658856e-05 3.581997238940782700e-04 2.260493620588422748e-04 1.152238757333586775e-04 1.715713265796063087e-05
1.167931382298586975e-03 1.805661419596028350e-03 1.731299222631816140e-03 2.682298533089383895e-03 1.224535957316040796e-03 3.668258496733609736e-03 4.469196869300378488e-02 6.773546122625402101e-03 1.557037172878110746e-03 1.357317268039056907e-03 6.557930245062594359e-04 1.029507741010921278e-03 7.346118959975126523e-04 7.080106431825574720e-04 2.510466406385100229e-05 5.407720080532103801e-05 2.666840808231008778e-03 4.592299476700352143e-03 3.188895219458497132e-03 2.702471287288179050e-03 4.313170610030102672e-03 4.480441691780107961e-03 7.307813844326673490e-04 8.628792716891475149e-04 5.897504505885934516e-04 2.988405639964658274e-04 4.996266898719174757e-05 4.798567723187439595e-05 1.851000265293207051e-05 2.009916796985601991e-05 9.710940165333439313e-05 2.841575615174733033e-04 3.897456141474836582e-05 2.432925776066045148e-04 1.976972212178171101e-04 1.454044087637085291e-04 1.000000000000000021e-08
