output/water_depth_3360.asc
ncols 223
nrows 158
xllcorner 0.0
yllcorner 0.0
cellsize 30.0
[rows 85 to 101 of 158, columns 74 to 110 of 223]
1.754695676497106669e-05 3.566095540804921815e-05 1.087842435372954062e-05 1.000000000000000021e-08 1.000000000000000021e-08 1.000000000000000021e-08 1.000000000000000021e-08 1.000000000000000021e-08 1.000000000000000021e-08 1.000000000000000021e-08 1.000000000000000021e-08 1.000000000000000021e-08 1.000000000000000021e-08 3.763999779883418800e-05 1.046021021707770292e-05 1.526226866300691711e-04 1.682784984909436012e-03 2.232099458691424228e-03 9.739648829211337887e-04 5.995266588135951145e-04 9.168878068787657525e-04 9.642553547252022449e-04 7.043495548462124336e-04 4.873827459693149820e-04 1.715574321015663579e-04 1.251905690864633773e-04 2.148186772537171666e-04 1.855815730589931243e-03 3.756944421249926343e-04 1.064311236800779149e-03 5.289949174589965485e-04 3.402040123170871344e-03 2.304336530913247971e-03 3.806717322060504394e-03 2.683254215554968340e-03 7.587794564268187866e-03 2.691205176941956212e-03
5.588586894499145315e-03 3.913023967545857518e-03 4.271809680439247157e-03 9.801601156116633573e-04 6.443024019439276030e-04 2.067652752734671913e-04 1.789745241070829127e-04 5.714908263981253241e-05 4.933355031374826239e-05 1.565797721685535101e-05 1.000000000000000021e-08 1.000000000000000021e-08 1.000000000000000021e-08 2.341436235590859758e-05 3.075555513426754724e-05 1.229444002332396003e-05 5.665043946621367479e-04 1.265578143377962773e-03 5.085796817173861631e-03 6.272582362762806410e-03 4.877900937406233484e-03 1.751285926339626528e-03 6.050333779439769424e-04 5.384879212188297716e-04 2.174823742451836872e-04 2.792522930322701769e-04 1.534792328208987216e-04 4.603237135035336577e-04 1.672043881066329280e-03 5.580922874259663241e-04 8.496686917624799102e-04 1.279630093522329121e-03 2.862006028125696055e-03 2.115075998537072153e-03 3.983901761966505278e-03 3.166012340779511547e-03 4.003222308982444522e-03
6.838304059820745273e-04 3.492912425509261433e-03 4.717033167180958997e-03 5.801583516242027339e-03 1.638671824056613492e-03 2.020529863904336164e-03 1.427462083729025884e-03 1.011054993902662808e-03 3.346037463165978717e-04 3.027397208633385338e-04 9.731278264746126333e-05 8.481553936918534908e-05 2.751311665955604455e-05 2.812466073586481537e-04 4.091490161066215522e-05 3.711601731741777876e-05 3.973608080881179088e-05 6.158203105931521590e-05 4.776381308428896471e-04 8.385879301268204123e-04 6.176580442580206082e-03 3.446564738244193259e-03 2.652456773301367469e-03 1.915018134839747109e-03 2.265391005263163015e-03 1.680946319923969264e-03 1.260686281955473087e-03 1.168447340194596644e-03 1.677506901591854609e-03 1.790913410593535180e-03 3.582271534213394160e-03 1.835029029861433379e-03 2.690564310066743438e-03 5.134001271501482770e-03 3.071414041890873324e-03 6.647240373697016480e-03 2.165296779950103782e-03
2.227276939069238858e-03 2.001991002723976700e-03 3.630012299120131611e-03 5.802475988319156196e-03 6.610441466060302217e-03 7.990016109168966360e-03 7.671285698240453213e-03 5.274134785211466794e-03 7.031178524074846795e-03 4.307980089693460440e-03 6.217214104987032509e-03 4.275647942263229723e-03 4.467640741704588525e-03 2.829243912238064984e-03 2.858266443373887015e-03 5.184109839259065352e-04 1.126294307010629716e-03 2.433177818180935021e-04 1.331369211994265023e-03 3.685085821428648028e-03 2.858958547885685590e-03 5.138479826531646560e-03 6.278297834075058544e-03 6.497643184179018386e-03 4.758853893566691515e-03 4.708113737005712417e-03 3.691218010024783537e-03 3.739161991332997856e-03 2.519446014919000335e-03 2.826515916474899807e-03 4.468278107030955286e-03 2.747006894338746043e-03 2.215170017497786886e-03 1.330036113063566691e-03 5.167272703001041592e-03 3.927600968895749931e-03 6.629606521428708932e-03
6.605452610973878633e-03 6.323843941601974342e-03 4.938351819294036806e-03 4.199041475807345491e-03 5.369598357839732404e-03 4.962915144071852573e-03 7.232631872955073461e-03 1.215357814171303882e-02 5.589372058650982078e-03 1.035328559156024723e-02 9.698712935425211207e-03 1.352787774416675318e-02 1.295022976726519816e-02 1.553487629586333685e-02 1.415106197767084309e-02 1.249762307359622918e-02 7.506618446657603756e-03 6.505945373115355410e-03 3.562627517412418100e-03 4.438901625285515511e-03 9.240400780268520978e-03 8.647379479503808364e-03 1.099027013823428330e-02 1.235398552781533273e-02 1.587041496756005227e-02 1.631113583520658536e-02 1.571412629448000822e-02 1.347633730607757790e-02 9.279317315745133632e-03 9.439342260629160486e-03 2.209799175066347668e-02 2.315716850091970036e-02 1.793246770591257547e-02 1.227869814765258222e-02 6.398842446270914391e-03 7.631350339659829195e-03 4.592198183144359513e-03
3.278001199803528762e-03 6.040510092406816377e-03 7.445309529742173520e-03 7.983103570744271363e-03 4.255061250704042682e-03 4.179319723851804801e-03 2.100747954129293833e-03 1.503627682833037294e-03 7.823655713643649923e-03 2.278249570300763197e-03 1.350548743328525494e-03 1.528490977268523020e-03 9.203917477453841698e-04 1.143415991726359727e-03 2.384937960407547495e-03 9.601968792693779328e-03 1.748790339268581698e-02 1.075211800268612884e-02 7.333105379879427746e-03 5.661677710057311935e-03 2.512486473962275649e-03 2.573820552357392565e-03 1.543404692270051136e-03 2.665499313251421323e-03 9.616464767947937795e-03 4.709728514081246153e-03 3.495999693664121437e-03 1.255367960771428849e-02 1.737098310232678897e-02 1.975507141186535684e-02 9.031587316749202163e-03 8.838337153171595129e-03 1.150259853183529558e-02 1.017737946716133074e-02 1.028609049704912182e-02 6.011712534139802486e-03 8.695519134256392974e-03
1.104450856216390633e-03 2.751587209944536582e-04 2.312282996761542368e-03 3.317161781564286274e-03 4.192103412474959545e-03 3.996864133298861678e-03 3.039788809022186782e-03 2.909085725658911055e-03 6.224282091111468448e-03 5.736751581869616728e-03 2.005672503588721949e-03 7.239665167385614863e-04 7.141945074720414122e-04 4.651064615093735387e-04 5.177584021200021171e-04 9.048807420363146059e-04 6.130535242861624582e-04 4.474513366326731377e-03 5.922693557289014990e-03 5.169267356534366226e-03 6.897297219593492845e-03 6.485870038901810075e-03 6.045809294857898593e-03 3.028056988423149208e-03 3.266985470530482227e-03 9.687541720073526447e-04 6.177773258460858086e-04 5.638305698614782917e-04 6.525856074063017022e-04 1.488170563156822421e-03 9.987707176214806384e-04 1.959115533125461463e-04 4.182060381885472494e-03 8.654764933899423626e-03 6.984367190229561276e-03 9.774525379977005643e-03 1.183296636966394387e-02
5.986761992462870841e-05 2.834338481455847243e-04 3.671726926608204114e-05 2.978566419189210561e-05 3.300430552907145879e-03 5.151128568737378850e-03 6.289161191350721436e-03 6.415461839497264146e-03 7.994840681073044769e-03 6.801969792599757252e-03 2.819425072942544769e-03 3.314423018662950460e-03 1.532635456608128551e-03 1.342602753706618633e-03 9.305600380867567111e-04 1.843286447430170141e-03 1.383890311267043640e-03 4.342668124411246978e-03 7.902795431906835602e-03 1.161005934991443320e-02 1.006941540082357742e-02 9.400412707008021923e-03 4.981324793037623933e-03 7.755792503240686170e-03 4.112233548774576856e-03 8.447827689659816869e-04 4.643306970390885524e-04 8.246022976545880605e-04 1.698815054379848068e-03 9.451562113585026959e-04 6.412677135315220057e-04 1.358889201382911058e-04 3.712930705989195626e-03 1.038126844317729600e-02 1.210993015144534724e-02 7.608908844154224985e-03 8.885518650408961300e-03
8.854863056518599677e-05 1.357724599425035039e-04 4.303438330819027750e-05 7.468461690564471027e-05 5.927840702461572339e-05 2.755758191050007491e-04 1.918822297816715990e-04 6.356127683683169150e-04 1.345713298941982831e-03 4.711491183401770276e-03 4.725467208599106426e-03 3.178461407170970164e-03 3.922251884415450460e-03 1.630589582458955630e-03 2.486833918625240905e-03 3.897035008937900849e-03 6.355086950015791970e-03 5.754273129531409757e-03 8.134057682075659934e-03 5.386439745699059603e-03 4.347235232418405343e-03 4.906913762863977443e-03 9.062042162160215131e-03 7.400723554170824357e-03 9.121278397702060545e-03 5.795462576707034047e-03 3.998697873333930189e-03 1.256848539431424522e-03 1.169976049671235313e-03 9.296958577334489592e-04 1.083370475394559822e-03 7.666809901411849150e-04 2.207749395160650465e-03 1.637477132874337214e-03 1.060223447438074854e-02 1.549573906763394501e-02 7.243102578362367074e-03
2.855995833624870475e-05 2.513453458770044868e-04 5.292331153362463651e-05 1.780321192074809283e-05 1.672267130888221499e-05 1.206645698570881552e-05 2.014032883044402809e-05 1.095103703081770261e-04 5.057877537151338719e-04 1.657011098458645217e-03 3.305069631914312432e-03 5.594754253860063573e-03 8.764535984559358034e-03 7.719794192889026241e-03 5.111610773528754009e-03 2.465945870343530522e-03 3.531880270446416392e-04 3.005418023194307087e-04 2.228384999459305711e-04 2.896523744449017428e-03 3.983704231751076900e-03 7.403507991366460421e-03 9.220559275222677681e-03 1.090461269987721103e-02 6.748131059261441335e-03 6.465355350192165951e-03 2.981540121139413142e-03 2.629262043953881165e-03 9.573118177962589579e-04 1.437698110983363399e-03 2.517172762557956696e-03 1.101845124584720746e-03 1.262061318053413770e-03 1.348655310172252719e-03 2.217207520538163040e-03 1.192980268921784923e-02 1.432108744022287349e-02
1.000000000000000021e-08 2.461835150313939681e-04 2.964017026097567491e-05 3.822590611828984426e-05 1.742061438153992176e-05 2.488757776251630043e-05 4.091003376082194396e-05 7.138142379466400728e-05 1.270602090856333757e-04 5.761641922540490469e-04 2.567346066104439061e-03 3.081357982694355856e-03 3.387120776534985160e-03 1.443623970466691858e-02 1.177333634781749239e-02 4.662261680342475942e-03 3.723093481029059702e-03 1.335844116226315992e-03 1.820650023851561831e-03 1.979187057470961891e-03 4.587182593149119643e-03 3.060720989747584952e-03 2.749243588727775470e-03 3.263006103644124252e-03 7.243267688091132098e-03 4.794577770336240496e-03 6.165241675048914460e-03 2.915876421762091802e-03 3.173845903527127039e-03 2.130209052476488094e-03 4.048020625969767604e-03 2.534188481893736872e-03 1.239837051708207304e-03 1.222072217967671952e-03 2.904667514166730450e-04 2.654029186370527107e-03 8.481193976938682447e-03
1.000000000000000021e-08 1.912042645448206547e-05 4.024940121490523117e-04 9.091010875058527384e-05 1.463525439963992889e-04 1.515969510590456620e-04 2.122342182970938628e-04 1.777152064753189406e-04 2.423338563413199699e-04 1.076713255173542347e-04 1.176712912976825330e-03 1.075521648800487583e-03 1.464079349734657325e-03 1.863475336262228419e-03 3.731636160706020520e-03 5.856716070283004769e-03 3.270528173983291292e-03 3.837772306347535158e-03 1.490931509330576006e-03 1.545900451913633043e-03 5.904435219946740053e-04 1.247235446295581838e-03 2.310742486947217535e-03 4.140055654970569224e-03 4.202353495024721552e-03 7.184407568685314410e-03 4.605622856913911545e-03 6.078380885153033750e-03 3.030841051434139330e-03 4.048363746909765075e-03 1.753521822316535901e-03 9.571306456143784114e-04 1.408736042653355950e-03 9.361750325308699529e-04 1.948400738629420086e-03 1.161921139371019070e-03 2.750120316751020373e-03
1.000000000000000021e-08 3.765480944434734686e-05 2.278482166751238111e-04 3.466269483178369072e-05 3.201589438878065853e-05 4.642467624733250648e-05 4.261002574472063243e-05 8.131054767168701910e-05 9.198063647156637932e-05 3.080397323112950693e-04 5.295920992119142450e-04 9.123661209146343831e-04 6.886904072089873900e-04 1.200909881946057422e-03 4.445236121833518947e-03 3.407982654184882852e-03 5.587016459237080859e-03 3.214657934054469725e-03 3.885765435100550433e-03 1.738058678142965835e-03 1.972170922368154597e-03 1.056987944626897004e-03 2.187982517175349629e-03 3.492133435958269614e-03 7.183089463572307418e-03 5.314111664166118638e-03 7.746658707698522196e-03 4.751548497064595616e-03 6.477761513833238394e-03 5.379049321074301157e-03 5.886210090843824877e-03 2.196369062314721191e-03 8.466864507088952586e-04 1.352263139593604287e-03 2.531054388245562465e-03 5.065189567436572445e-04 2.230505086347146261e-03
3.685610447224625739e-05 5.178685894108963608e-05 2.085089331029991273e-04 1.000000000000000021e-08 1.374077373453116295e-05 1.390484265081355965e-05 1.711102808714907110e-05 1.884818796666438214e-05 3.576384982143016218e-05 9.960055528253126836e-05 2.899403004967583686e-04 1.558001033154890773e-04 3.324347961815353014e-04 6.709346627068541119e-04 9.951616659844499287e-04 4.836469031456895606e-03 3.523277396356745174e-03 5.504388960809839491e-03 3.197236940243286876e-03 4.188547137304787261e-03 1.984014261134436213e-03 2.587396685614763367e-03 1.131893314242951674e-03 2.680357924465252579e-03 3.649413229775762442e-03 6.399181333855004719e-03 7.207776532981107973e-03 1.091304132356598136e-02 1.754874860671531631e-02 1.959117419861436046e-02 2.427356091759475323e-02 2.737469771370516086e-02 2.929959753552486071e-02 1.935660690538313841e-02 1.382404746428461326e-02 1.104859204142250029e-02 7.366522323803996117e-03
7.488217682658355979e-05 4.872674008717000878e-05 1.975249959908296615e-04 1.718687754837983669e-05 1.000000000000000021e-08 1.000000000000000021e-08 2.783422030330994534e-05 2.436539432830728266e-05 1.466950801076916600e-05 6.136198079511836394e-05 2.321117987028542486e-04 2.415503040313914150e-04 3.121691217709927565e-04 4.136150577933250198e-04 1.026253284287062181e-03 1.108622722058329006e-03 3.675530657763853570e-03 2.981291640894444782e-03 5.139829595240882031e-03 5.032804736451209141e-03 5.284482869571467852e-03 2.624420265304088298e-03 3.107516043989616474e-03 1.390697597680447869e-03 2.138436032762914413e-03 4.364235175661484653e-03 8.493072428426822612e-03 1.395741444017756759e-02 8.839397276551008362e-03 7.825724507549952635e-03 6.100721425064850427e-03 4.075479106837802401e-03 3.434693552168310154e-03 1.059349530766005854e-02 1.332479775172505654e-02 1.260478647099317652e-02 1.289195232747314575e-02
1.207727762483087972e-03 7.911383966923607773e-05 2.454075059962511349e-05 2.626566335170489879e-05 1.000000000000000021e-08 1.000000000000000021e-08 1.000000000000000021e-08 1.000000000000000021e-08 1.302779407714924257e-05 2.414281489186050270e-05 5.144642464659497535e-05 1.862926032390546942e-04 3.190732232681256394e-05 4.236843422180065820e-05 3.721403544354780083e-04 1.174157429062493542e-03 1.576265637143917792e-03 3.813771337623445348e-03 2.878381626000088740e-03 3.716257172307635762e-03 2.933168796531391946e-03 4.595907152371507542e-03 4.348011397207018729e-03 5.624072158731627594e-03 7.063248674675132871e-03 6.524938142487188807e-03 4.986102358132865446e-03 3.256309656125126652e-03 2.648283179762917199e-03 1.712015275057643653e-03 1.360537485912499461e-03 3.576215007389304331e-04 1.070113682853278837e-03 4.834373927652820327e-03 5.504099625040829134e-03 8.756149589997843513e-03 6.920874430905837524e-03
1.084110851811860739e-03 9.063143912451413972e-04 2.516689627877204019e-04 4.660997264586264196e-05 1.000000000000000021e-08 1.000000000000000021e-08 1.013988127298856361e-05 1.346189909328188982e-05 1.000000000000000021e-08 1.000000000000000021e-08 1.000000000000000021e-08 1.000000000000000021e-08 1.283125745215308649e-05 1.024468022554992031e-04 7.002150905909679040e-04 6.206579768361919491e-04 1.890381130803530556e-03 1.883942085573561470e-03 4.052616528409990447e-03 2.495070610056520331e-03 4.424287435445499808e-03 2.889835282193351472e-03 4.670051196476785946e-03 4.211028604969728299e-03 6.278478915110154851e-03 7.973365362621264232e-03 6.655819016537393301e-03 4.478984721986448148e-03 4.011229282623428186e-04 4.590023318879018393e-04 2.560239844378818779e-04 3.061295515679528603e-04 4.004603742942896248e-04 3.114261918437583911e-03 5.648679319118079384e-03 4.868143252295743448e-03 8.538668241802578954e-03
