output/water_depth_1080.asc
ncols 223
nrows 158
xllcorner 0.0
yllcorner 0.0
cellsize 30.0
[rows 17 to 33 of 158, columns 74 to 110 of 223]
1.000000100000000021e-05 1.000000100000000021e-05 1.000000100000000021e-05 1.000000100000000021e-05 1.000000100000000021e-05 1.000000100000000021e-05 1.000000100000000021e-05 1.000000100000000021e-05 1.000000100000000021e-05 1.000000100000000021e-05 1.000000100000000021e-05 1.000000100000000021e-05 1.000000100000000021e-05 1.000000100000000021e-05 1.000000100000000021e-05 1.000000100000000021e-05 1.000000100000000021e-05 1.000000100000000021e-05 1.000000100000000021e-05 1.000000100000000021e-05 1.000000100000000021e-05 1.000000100000000021e-05 1.000000100000000021e-05 1.000000100000000021e-05 1.000000100000000021e-05 1.000000100000000021e-05 1.000000100000000021e-05 1.000000100000000021e-05 3.003132992356079408e-04 4.210534044762141411e-04 4.982299779357163370e-04 6.060264320309568685e-04 7.850691005845146769e-04 7.837999417283286275e-04 7.138625601813783925e-04 7.312915927106282063e-04 7.842226947449916800e-04
1.000000100000000021e-05 1.000000100000000021e-05 1.000000100000000021e-05 1.000000100000000021e-05 1.000000100000000021e-05 1.000000100000000021e-05 1.000000100000000021e-05 1.000000100000000021e-05 1.000000100000000021e-05 1.000000100000000021e-05 1.000000100000000021e-05 1.000000100000000021e-05 1.000000100000000021e-05 1.000000100000000021e-05 1.000000100000000021e-05 1.000000100000000021e-05 1.000000100000000021e-05 1.000000100000000021e-05 1.000000100000000021e-05 1.000000100000000021e-05 1.000000100000000021e-05 1.000000100000000021e-05 1.000000100000000021e-05 1.000000100000000021e-05 1.000000100000000021e-05 1.000000100000000021e-05 1.000000100000000021e-05 2.439203747789944147e-04 2.467939102496942297e-04 3.862145021349382970e-04 6.827675733916043019e-04 8.591458471047644417e-04 6.350740164777876791e-04 7.239085364362173817e-04 7.323720209553124779e-04 6.698794280533853411e-04 8.798292516371695928e-04
1.000000100000000021e-05 1.000000100000000021e-05 1.000000100000000021e-05 1.000000100000000021e-05 1.000000100000000021e-05 1.000000100000000021e-05 1.000000100000000021e-05 1.000000100000000021e-05 1.000000100000000021e-05 1.000000100000000021e-05 1.000000100000000021e-05 1.000000100000000021e-05 1.000000100000000021e-05 1.000000100000000021e-05 1.000000100000000021e-05 1.000000100000000021e-05 1.000000100000000021e-05 1.000000100000000021e-05 1.000000100000000021e-05 1.000000100000000021e-05 1.000000100000000021e-05 1.000000100000000021e-05 1.000000100000000021e-05 1.000000100000000021e-05 1.000000100000000021e-05 1.507847545563517199e-03 1.452544820884292239e-03 1.172972603072188532e-03 9.131738623393330584e-04 8.704272387571055638e-04 1.070735006393623220e-03 1.283336913699055157e-03 1.428646760007910984e-03 1.377310152200543697e-03 1.323953860014136837e-03 1.249979040536965732e-03 1.378798050212821404e-03
1.000000100000000021e-05 1.000000100000000021e-05 1.000000100000000021e-05 1.000000100000000021e-05 1.000000100000000021e-05 1.000000100000000021e-05 1.000000100000000021e-05 1.000000100000000021e-05 1.000000100000000021e-05 1.000000100000000021e-05 1.000000100000000021e-05 1.000000100000000021e-05 1.000000100000000021e-05 1.000000100000000021e-05 1.000000100000000021e-05 1.000000100000000021e-05 1.000000100000000021e-05 1.000000100000000021e-05 1.000000100000000021e-05 1.000000100000000021e-05 1.000000100000000021e-05 1.000000100000000021e-05 1.000000100000000021e-05 1.427208971187263545e-03 2.495075464993023497e-03 3.642222599261008952e-03 3.212047599720151570e-03 3.186751694082166561e-03 2.932067733670144175e-03 2.268315686072271825e-03 2.681238348947598531e-03 2.109218799566828922e-03 2.214240883746084257e-03 1.921741564219595338e-03 2.516696889194321163e-03 4.675194919802903686e-03 3.172199514259758154e-03
1.000000100000000021e-05 1.000000100000000021e-05 1.000000100000000021e-05 1.000000100000000021e-05 1.000000100000000021e-05 1.000000100000000021e-05 1.000000100000000021e-05 1.000000100000000021e-05 1.000000100000000021e-05 1.000000100000000021e-05 1.000000100000000021e-05 1.000000100000000021e-05 1.000000100000000021e-05 1.000000100000000021e-05 1.000000100000000021e-05 1.000000100000000021e-05 1.000000100000000021e-05 1.000000100000000021e-05 1.000000100000000021e-05 1.000000100000000021e-05 1.000000100000000021e-05 1.000000100000000021e-05 7.581820146621404653e-04 8.097990898314995963e-04 9.832398509289361557e-04 9.958541272951618346e-04 2.572842757456446187e-03 3.749461731089158770e-03 3.248991902630474823e-03 3.507567713418406445e-03 2.997136873178200388e-03 3.834686547243473971e-03 3.019079459923215431e-03 3.386007678960081205e-03 2.890625391605774249e-03 8.742400607972539497e-03 2.851005232540436071e-02
1.000000100000000021e-05 1.000000100000000021e-05 1.000000100000000021e-05 1.000000100000000021e-05 1.000000100000000021e-05 1.000000100000000021e-05 1.000000100000000021e-05 1.000000100000000021e-05 1.000000100000000021e-05 1.000000100000000021e-05 1.000000100000000021e-05 1.000000100000000021e-05 1.000000100000000021e-05 1.000000100000000021e-05 1.000000100000000021e-05 1.000000100000000021e-05 1.000000100000000021e-05 1.000000100000000021e-05 1.000000100000000021e-05 1.000000100000000021e-05 2.433895105964501814e-04 3.676020807876717676e-04 3.207676148551613193e-04 5.181336555143160535e-04 4.760137414356631477e-04 7.118034715684685206e-04 1.873439195607442967e-03 3.059680413378689737e-03 4.025995953552770693e-03 3.377156007589515469e-03 3.886533275054872283e-03 3.577721130604160152e-03 2.190807795593268867e-02 1.273364127405156830e-02 2.829489265437008447e-02 2.907352251052398862e-02 1.735412485992173653e-02
1.000000100000000021e-05 1.000000100000000021e-05 1.000000100000000021e-05 1.000000100000000021e-05 1.000000100000000021e-05 1.000000100000000021e-05 1.000000100000000021e-05 1.000000100000000021e-05 1.000000100000000021e-05 1.000000100000000021e-05 1.000000100000000021e-05 1.000000100000000021e-05 1.000000100000000021e-05 1.000000100000000021e-05 1.000000100000000021e-05 1.000000100000000021e-05 1.000000100000000021e-05 7.436629503419850884e-04 1.789480051951171857e-03 1.517378789122520149e-03 1.334904609079206163e-03 1.429305833777346933e-03 1.397190510945004816e-03 8.797245343198144361e-04 3.313729658768243473e-04 5.285466036016728394e-04 1.705449959948798994e-03 1.871804109033347804e-02 3.339071606860691266e-02 4.440783392413232000e-02 5.398021644056108514e-02 6.050016010494359969e-02 4.802004690753697291e-02 6.189836614536758236e-02 4.878287051148623432e-02 4.056236074973567501e-02 3.219436293253793296e-02
1.000000100000000021e-05 1.000000100000000021e-05 1.000000100000000021e-05 1.000000100000000021e-05 1.000000100000000021e-05 1.000000100000000021e-05 1.000000100000000021e-05 1.000000100000000021e-05 1.000000100000000021e-05 1.000000100000000021e-05 1.000000100000000021e-05 1.000000100000000021e-05 1.000000100000000021e-05 1.000000100000000021e-05 1.000000100000000021e-05 1.000000100000000021e-05 1.000000100000000021e-05 2.250291795927801444e-04 4.837296520508399880e-04 2.757106293340344256e-03 5.971997478899928116e-03 9.793104455643970863e-03 7.239712512795495013e-03 5.256864299034838539e-03 3.842667416123331237e-03 1.384853954493369538e-02 2.373900805775484152e-02 1.450836402068469283e-02 9.120472452196026411e-03 6.698044446355233376e-03 6.296526961539597282e-03 4.419316407445111894e-03 4.602933629961737313e-03 2.732000219859104066e-03 2.714464019261369175e-03 1.824183474412235679e-03 2.018601813991492341e-03
1.000000100000000021e-05 1.000000100000000021e-05 1.000000100000000021e-05 1.000000100000000021e-05 1.000000100000000021e-05 6.572992676808154166e-04 6.569643580445628638e-04 1.000000100000000021e-05 1.000000100000000021e-05 1.000000100000000021e-05 1.000000100000000021e-05 1.000000100000000021e-05 1.000000100000000021e-05 1.000000100000000021e-05 1.000000100000000021e-05 5.391290678208641128e-04 6.678849458714129772e-04 1.080879747073607922e-03 1.862296733944879094e-03 2.002273046988683938e-03 1.838008758584792554e-03 3.359261815579757914e-03 5.691522796861124903e-03 6.640907505807667165e-03 1.381111271596198800e-02 1.067188294650308657e-02 8.322946351765265691e-03 4.379365115101727275e-03 3.972635489427324591e-03 3.714003357225727740e-03 2.548293375229154258e-03 3.308494381039192318e-03 2.450749020480712075e-03 1.975325921470347940e-03 8.875508364654090612e-04 1.151074681056617763e-03 6.150812219297258597e-04
1.000000100000000021e-05 1.000000100000000021e-05 1.000000100000000021e-05 1.000000100000000021e-05 1.000000100000000021e-05 1.407186538809685828e-03 2.172914869618380960e-03 1.212318233915129660e-03 1.177881664335052227e-03 1.332782714229389411e-03 6.520555779470325886e-04 1.000000100000000021e-05 1.000000100000000021e-05 2.039987342829298095e-04 3.007453940179885868e-04 3.916754174828545134e-04 7.027171380400364879e-04 7.863799371163704248e-04 7.397584816313376504e-04 7.894393878383632740e-04 1.496363505925599495e-03 1.330529831875069914e-03 9.204779402446882849e-03 1.968147529477038554e-02 2.255996279760291712e-02 2.265672608200474183e-02 2.153957276626878442e-02 1.184319549985906293e-02 5.332492490337103694e-03 3.845321653815371703e-03 3.193983966608555415e-03 3.202409147416572684e-03 3.675061957143206139e-03 3.502148377617862827e-03 3.161617960931728966e-03 4.358959486587526272e-03 1.206467988631121022e-02
1.000000100000000021e-05 1.000000100000000021e-05 1.000000100000000021e-05 1.000000100000000021e-05 1.000000100000000021e-05 8.529029206818661626e-03 2.299020950855392917e-02 4.463698405881404326e-03 2.619109386939652735e-03 9.111849177891729983e-04 1.220838979862878847e-04 2.000573952968899333e-04 3.373142683171725877e-04 6.039412241101368983e-04 8.413663980648299805e-04 9.451704437170793064e-04 1.131584714326470953e-03 1.125568301353535193e-03 5.098463827734636385e-04 5.615171088022953907e-04 5.559430548850982428e-04 2.220987592121124489e-03 1.903742530861509633e-03 2.329210756542138359e-03 1.887534158659519507e-03 2.167525247841080565e-03 1.699412821847623781e-03 1.171492249190091497e-02 8.310900225850202661e-03 5.217976596094855805e-03 3.283311028210529094e-03 3.653242145537141921e-03 2.088960271705258935e-03 3.624792065252395445e-03 5.923201897571426372e-03 9.931792811649735320e-03 4.691955371964227905e-03
1.000000100000000021e-05 1.000000100000000021e-05 1.000000100000000021e-05 1.000000100000000021e-05 1.000000100000000021e-05 4.456251172194184568e-02 7.772648870584790079e-03 7.283061016773829466e-04 5.977913761755318826e-04 3.158572150696652646e-04 3.466383966970986428e-04 2.894434793986728994e-04 6.045868048272760604e-04 8.083070743001170280e-04 1.037113025153132062e-03 1.290224554511227271e-03 1.596069813540130968e-03 1.651490277079629022e-03 6.333099418558030703e-04 7.380388215510545052e-04 5.312747781256756379e-04 9.147474303094738600e-04 3.902520487122105924e-04 9.240930515081617396e-04 8.487193598140558865e-04 8.218856098404967413e-04 8.257728797398606116e-04 7.709487127871212427e-04 8.034253554026366331e-03 1.223889103500605188e-02 8.106877013409336322e-03 3.525007656909011269e-03 2.079473394443820140e-03 1.721536238243963259e-03 2.350293786698643122e-03 1.948209872251404576e-03 2.159361445411994013e-03
1.000000100000000021e-05 1.000000100000000021e-05 1.000000100000000021e-05 1.000000100000000021e-05 1.000000100000000021e-05 1.887583092421277892e-02 2.978079500520296446e-03 8.217362778094409190e-04 3.012265187242271791e-04 4.965412644313948326e-04 2.629360511781373214e-04 4.418549125019776130e-04 6.567064251682773858e-04 9.508325419687080641e-04 1.236584001714258934e-03 9.238536521246649025e-04 9.498574443078723097e-04 1.822401140658634231e-03 1.303746484278532798e-03 1.046382432845605059e-03 1.638811615533134446e-03 1.420419180352371514e-03 1.442656846748468277e-03 8.812436494037733563e-04 2.100890139389912379e-04 4.527975457640570568e-04 2.937538382272876611e-04 3.413042045401483925e-04 1.091874445203642671e-03 2.019320877317207826e-03 5.035520214181425994e-03 4.646129393269245005e-03 3.322065303648557167e-03 2.284385898810361096e-03 1.178044280203044197e-03 1.195892928042508558e-03 1.331027758200671119e-03
1.000000100000000021e-05 1.000000100000000021e-05 1.000000100000000021e-05 2.851187168869672188e-04 3.672164205769944383e-03 1.849683123046389627e-02 7.030134498890762418e-04 5.670958048943314060e-04 5.761893920158110433e-04 6.093528746363103881e-04 3.628665283164383862e-04 5.728312216890449338e-04 8.897647198008510044e-04 1.136219352495657824e-03 7.771153204495721400e-04 8.367404426864137731e-04 1.756971815078819943e-03 1.724449265783199996e-03 2.416143835143874999e-03 2.333837846387364339e-03 2.706452120519678255e-03 2.351584924913286464e-03 1.931012080270404002e-03 1.569164240853268815e-03 1.199876941950773785e-03 4.643375362950096451e-04 5.230536278278350706e-04 3.228492855756830539e-04 5.206793226253001935e-04 1.186102194576285282e-03 2.191703362320341405e-03 3.363606349764244798e-03 3.569879880118163006e-03 1.843186121167912856e-03 1.578936934662828005e-03 1.691313913161797324e-03 1.271637000591582713e-03
1.000000100000000021e-05 1.000000100000000021e-05 1.994685902188770904e-04 5.211945099717445185e-04 5.608089838478910565e-03 1.742394423664626879e-02 9.706596570288183057e-04 7.205452206778329479e-04 3.963782473296273380e-04 2.912935216591609950e-04 5.135848290573930301e-04 8.021181677277925857e-04 9.908510100723423239e-04 1.058412393525274978e-03 1.171047669101947606e-03 1.393944420630954589e-03 1.596668274122063462e-03 3.146150865370358606e-03 2.627334015842672059e-03 3.512132785751770347e-03 3.802521169013309971e-03 3.149602747153465877e-03 3.018806659535105096e-03 2.731600093602716117e-03 1.931995570830422147e-03 2.466859519374540403e-03 1.020853477831491990e-03 1.277748245735567086e-03 1.433304765248663744e-03 9.460527502141719957e-04 2.452034581265944736e-03 3.304520184278509579e-03 3.485747101347546652e-03 3.066606105585875479e-03 1.789461661473688760e-03 2.464689410528247623e-03 2.031373515874004051e-03
2.717617132562638680e-04 4.214766749953509015e-04 1.065378571609247420e-03 1.858183722400170079e-03 9.617833688054449465e-03 2.669331059373792475e-02 1.284548580496496298e-03 7.515370583789966622e-04 6.012708918808925933e-04 5.380070589127588544e-04 5.792175534268503888e-04 8.802968573547015861e-04 5.532687137156299881e-04 1.179971270331919972e-03 1.280429879555739902e-03 2.366370063125289736e-03 2.627465519990602929e-03 2.736058546733732486e-03 4.444183149255873273e-03 5.065551802905347845e-03 5.834155478833362440e-03 5.514718589011521899e-03 4.578732795980548255e-03 4.205805368508794620e-03 3.952155802700616644e-03 2.689615357563897996e-03 3.069908310304181320e-03 1.888316068681081348e-03 2.496056937095113715e-03 1.807265091152273403e-03 2.603818221647303307e-03 2.688660070739753733e-03 5.234870926974577801e-03 2.675315642608477006e-03 3.641289506006973112e-03 2.269658064016613977e-03 4.849766865603710383e-03
2.769219924971142062e-03 3.544560205192407755e-03 2.719790682000077647e-03 2.294001214946398293e-03 1.409659759058122085e-03 1.474219603397649257e-02 1.529617190859235837e-02 2.550116616607049549e-03 1.820719678796301443e-03 1.264196221640366633e-03 1.000307924670016746e-03 1.069794117717164355e-03 9.388011038120741298e-04 1.145290263809121880e-03 2.344907443449026872e-03 2.331400852141563874e-03 3.390732469111687897e-03 3.761798483557577451e-03 4.583739714924865705e-03 7.409591879503534331e-03 6.827858800902723499e-03 7.129749081499112476e-03 6.617342561488410470e-03 6.868059932888329229e-03 5.128106599772560940e-03 5.693408381175510923e-03 3.572953147468144706e-03 4.960301797751373934e-03 3.283817087596750672e-03 4.002964514862597349e-03 2.961872241289368636e-03 5.088094570290455955e-03 5.286416755901606444e-03 4.819730275744558631e-03 3.977274973261946990e-03 4.261754431412472996e-03 2.320269228127245630e-03
