output/water_depth_9000.asc
ncols 223
nrows 158
xllcorner 0.0
yllcorner 0.0
cellsize 30.0
[rows 68 to 84 of 158, columns 74 to 110 of 223]
2.437829762933427032e-05 2.078256484611740092e-05 2.485910342492786982e-04 1.000000000000000021e-08 1.000000000000000021e-08 1.000000000000000021e-08 1.951941624658159284e-05 2.839402830375709692e-05 2.522123301526842478e-05 2.170952378413437683e-05 1.908390691058981892e-05 3.881839792266714899e-04 4.571397401080397565e-04 5.698825445313194116e-04 1.302682841085410189e-03 1.783560856919892690e-03 2.629508717209402455e-04 1.766876046856232126e-04 5.199035410339046477e-05 1.207824467457712460e-04 5.500998395277951212e-04 1.066838056600186201e-03 9.237155608233317593e-04 1.201784882881476490e-03 8.460367635409238351e-04 8.908712642982142844e-04 7.124957972994100342e-04 9.133405494435580408e-04 6.516427165998816672e-04 9.865258209357974546e-04 1.023479052130841409e-03 1.744105931484301285e-03 5.529890660864898375e-04 8.125849522425558418e-04 3.516207775499232492e-05 2.528940021081740901e-05 1.000000000000000021e-08
5.235915409964638900e-04 4.678269115692075585e-04 3.065251765356270287e-04 2.268586380668755152e-04 1.582551431609985674e-04 1.170442561258927110e-04 8.878777459773106546e-05 6.249634917303710209e-05 5.359677518120138754e-05 4.454235177523015567e-05 4.433160964047944212e-05 2.202319287180587687e-04 2.922335462729616314e-04 3.306434035891551770e-05 1.221410775343267864e-04 1.694058130776938996e-04 2.851869593737045463e-04 1.394189067429393717e-04 1.605542903226780428e-04 1.257085319620629513e-04 2.224273102966020828e-04 1.746828119235026115e-04 2.015552154606767700e-04 1.591467904253385821e-04 1.860553601642996090e-04 2.287595096470799191e-04 4.871780301084154387e-04 3.578538181247950599e-04 4.164186315144623564e-04 2.831755411481024420e-04 5.440957060251894574e-04 4.266395723032038838e-04 1.265782266827403940e-03 6.378529909556495195e-04 5.545725329895053162e-04 1.747953374092962723e-04 1.458757405716637620e-04
5.641437038413495923e-04 4.297508756690744799e-04 5.482983453665006036e-04 4.362437422526102364e-04 3.793168540186332488e-04 3.154069581640284886e-04 3.390908541844223664e-04 3.386018242051989425e-04 4.080160291930743678e-04 2.703304148128421653e-04 1.711295321141303809e-04 1.507759604534986803e-04 2.163609480715584566e-04 3.173513767922668934e-05 1.177994445292148855e-04 1.910868976760070207e-04 1.437551409762317955e-04 4.331590031573022913e-04 1.801163436306615451e-04 6.627100230340182176e-04 7.769782220102080693e-04 1.045292603000857329e-03 9.115543853117991438e-04 1.169209076051173652e-03 8.252779069667817539e-04 1.065528114121852858e-03 6.587796316012759076e-04 1.796629196255147658e-03 2.604945283643534662e-04 2.183592489853744198e-04 2.644941561873466311e-04 2.379371945798352584e-04 4.276849989436905773e-04 1.279593380008426078e-03 1.237290787303881642e-03 1.828804258631967251e-03 1.565382073950114623e-03
5.929910161842008587e-04 3.037626217075470870e-05 1.000000000000000021e-08 2.885988763246480912e-04 4.354095205173900865e-04 5.962094013356726997e-04 6.236105880669866276e-04 5.728554381349744169e-04 3.103209377336492458e-04 2.804288085818480627e-04 1.000000000000000021e-08 9.674128874166373123e-05 1.822114306138178179e-04 3.895026564339695851e-04 3.052524985277536352e-04 1.736655554077167916e-04 4.249001436712238717e-04 3.773292327117433540e-04 2.578519459804911630e-03 1.825435933550060208e-03 1.229960571741209275e-03 9.181429140591538260e-04 5.308121410925945027e-04 3.174533181337473573e-04 5.739327126394544801e-04 3.798704882588374208e-04 6.423761955842982726e-04 1.218732136993323518e-03 1.921308247977662916e-04 2.739175163125359518e-04 2.162574457908520407e-04 2.769174875483168823e-04 2.349105987429737788e-04 4.424772756263382532e-04 1.445998300207580788e-03 1.030110035279642152e-03 1.306342587257937858e-03
3.492339392558673188e-04 3.579084894758907437e-04 2.590608879759666045e-04 3.758564377984280856e-04 3.967791432740582977e-04 3.036645837114397366e-04 2.101285923161069335e-04 1.548649731395845667e-04 1.946479232465981452e-04 1.681214649057786407e-04 1.000000000000000021e-08 6.213326478108751401e-05 1.523355994105928814e-04 1.684047531808332762e-04 1.973261697387927380e-04 2.836579469213736538e-04 4.629978640433749198e-04 4.908837057795752004e-04 3.331574893371559145e-04 2.001241523536358754e-04 8.852391433516353710e-05 4.703091630587330192e-05 2.403047924565428184e-04 2.554973710859567053e-04 4.265482207007974366e-04 4.237256159517819427e-04 4.594286866356039585e-04 1.398979127068130063e-04 2.243128547568835483e-04 1.831106438871124109e-04 1.256151438276689139e-04 1.111690352784802568e-04 1.536931500880197514e-04 1.487355299825333281e-04 2.626940130665803724e-04 1.062936321358918211e-03 6.586894472273173082e-04
3.640163181623490524e-04 4.090612864030034241e-04 3.787495734445441302e-05 3.241505242307971235e-05 1.000000000000000021e-08 1.000000000000000021e-08 1.000000000000000021e-08 5.201202055914767592e-05 1.053792400493164927e-04 1.092107853853644837e-04 5.278318343603436688e-05 4.027871793617813454e-05 3.204743930311126281e-05 2.229408430115435846e-05 1.258171938217464859e-04 8.633911268136937702e-05 1.370101123377848445e-04 1.630535314233321506e-04 1.502348306658705729e-04 2.405334938282734352e-04 2.008579709725416052e-04 1.427234408884541720e-04 1.979390435709867200e-04 2.314211526401239755e-04 4.094986742026089448e-05 3.327950238937658461e-05 1.080011938681985789e-04 8.304969385667968851e-04 1.304416719976768716e-04 1.965631912356564286e-04 2.385102274651394348e-04 2.920553115843850240e-04 2.218468321646971939e-04 2.731690085097539635e-04 1.170589878567402081e-03 1.199096637225059150e-03 9.210686361732365246e-04
1.000000000000000021e-08 3.590594969796410941e-04 5.732815131495175905e-04 5.760646073235108642e-04 4.436854407035914906e-04 3.135040462767290704e-04 2.126093001671493796e-04 1.000000000000000021e-08 9.629378663602931301e-05 1.141305632872379730e-04 1.017849349080133511e-04 5.859472127522799513e-05 2.982764032880906073e-05 3.051947433762520535e-05 6.874395230212431253e-05 1.004235017501976888e-04 6.334348507418903398e-05 6.026662482170114178e-05 7.168294884526796339e-05 1.088492763256845299e-04 2.059262657524788811e-04 2.037880143968997366e-04 2.238621897078364275e-04 2.846997294608337708e-04 2.506209925382139059e-05 8.129243329086555559e-05 2.638226726735403327e-05 6.769251707780475072e-04 1.293727153909007875e-03 1.255480835695472086e-04 1.719992621503153352e-04 5.882340621865523277e-05 1.148908794334695756e-04 4.170125146233001623e-05 8.963626125291330408e-04 1.722019781484380877e-03 6.317680607288032792e-04
1.000000000000000021e-08 1.000000000000000021e-08 1.000000000000000021e-08 1.000000000000000021e-08 2.296758122846729406e-04 2.714501819238752272e-04 2.477760775965338609e-04 1.832836924171252235e-04 1.172487137710415931e-04 8.041349744739064299e-05 7.975992057104926039e-05 8.366470453526491681e-05 1.052621195955900463e-04 1.275014035379820534e-04 1.353160448979278405e-04 1.238444868210246701e-04 1.526211348419251161e-04 1.184560818955832974e-04 1.110040870851521013e-04 8.372251172315001502e-05 4.947277097296165705e-05 1.040464072550568531e-04 1.752424637588174136e-04 2.842544093471122027e-04 4.762458794915566001e-04 4.850152122921843104e-04 6.924335566339634256e-04 6.360287369192384839e-04 5.430701998313821168e-04 7.635468039089281797e-04 1.246002282945419550e-04 2.250517131615940804e-04 6.983918695249709621e-05 9.218004644902613211e-05 7.581184110178596208e-04 1.320811611193659779e-03 1.023419768696446795e-03
1.585808156023685569e-05 1.000000000000000021e-08 1.000000000000000021e-08 1.000000000000000021e-08 1.000000000000000021e-08 1.000000000000000021e-08 1.692493221551343073e-04 1.716442030389227636e-04 1.000000000000000021e-08 4.444089552904972103e-05 3.134745114716886116e-05 8.476029314114106249e-05 1.000000000000000021e-08 1.000000000000000021e-08 8.681008388385459196e-05 1.448405433721263488e-04 1.551996273204703258e-04 1.744215500091482408e-04 1.665436684661894193e-04 1.000000000000000021e-08 2.709086579444943262e-05 5.639377562523692310e-05 8.736233191049760254e-05 6.380230245473056893e-05 1.000000000000000021e-08 6.771311271607549404e-05 4.482966517334117235e-05 4.048833752235173836e-04 4.060301885647775758e-05 8.294531791468609896e-05 7.078345411255181866e-05 9.846724047888958645e-05 1.040274153124944902e-03 1.399196163899348640e-03 1.856167095567703854e-03 2.640541962619644308e-03 1.111728667893052518e-02
4.839294631854496249e-05 4.809345461212852251e-05 4.168615726774242865e-05 1.000000000000000021e-08 1.000000000000000021e-08 1.000000000000000021e-08 1.000000000000000021e-08 1.000000000000000021e-08 1.000000000000000021e-08 1.000000000000000021e-08 2.030690085450048831e-05 1.000000000000000021e-08 4.017047953587113207e-05 1.000000000000000021e-08 6.607420229232193636e-05 1.105294619092682791e-04 1.743844964689308019e-04 1.281981488342144246e-05 1.000000000000000021e-08 1.061658694200756780e-05 1.410082928187896310e-05 2.125903170830780787e-05 1.104251124900884254e-04 9.921658735339260052e-05 8.454151574503327154e-05 5.549581171415279856e-05 1.000000000000000021e-08 1.558088325821979512e-05 3.593977915615723258e-05 3.592604192932881180e-05 3.211955753493525421e-05 2.089437193020820442e-04 2.120727424554174029e-04 1.715213683676244895e-04 1.452871979205953791e-04 1.507104736450441641e-04 1.456878865178568754e-03
2.070171946388722669e-05 4.376310704474115472e-05 1.000000000000000021e-08 1.000000000000000021e-08 1.000000000000000021e-08 1.000000000000000021e-08 1.000000000000000021e-08 1.000000000000000021e-08 4.335988537538057751e-05 1.000000000000000021e-08 1.588613132652711343e-05 1.769997411345131054e-05 5.329903521944856569e-05 6.197257933603538460e-05 7.920201970314401504e-05 1.237823921916300987e-04 1.000000000000000021e-08 1.056431826706944495e-05 1.000000000000000021e-08 1.000000000000000021e-08 1.147530391254111160e-05 1.491893351446516829e-05 7.545359041615444073e-05 1.017885360541416224e-04 1.043705308131322374e-04 9.882517641098521551e-05 1.000000000000000021e-08 1.000000000000000021e-08 1.086950878551918701e-05 7.642312644216565356e-05 8.447677676941156458e-05 5.583100527031777723e-04 3.757168886319359993e-04 2.271790957791852095e-05 1.799363464768689711e-05 2.249545171120487935e-05 1.463034734398468246e-03
1.000000000000000021e-08 1.000000000000000021e-08 1.000000000000000021e-08 1.000000000000000021e-08 1.000000000000000021e-08 1.000000000000000021e-08 1.000000000000000021e-08 1.000000000000000021e-08 1.000000000000000021e-08 1.000000000000000021e-08 1.000000000000000021e-08 1.000000000000000021e-08 4.887017918829301960e-05 1.000000000000000021e-08 1.000000000000000021e-08 8.691247399088428626e-05 9.291729449445505860e-05 1.129265858990707378e-04 6.033494083860282140e-05 2.751051753576782779e-05 1.000000000000000021e-08 1.000000000000000021e-08 3.927490006380436849e-05 8.528959556165843705e-05 1.000000000000000021e-08 6.672221436024143321e-05 1.000000000000000021e-08 1.510718182622071889e-05 1.842312159335152686e-05 1.691708077581707299e-05 2.529883803663456770e-05 8.092605894478468564e-05 7.250742210443017358e-05 2.897926193259744290e-05 2.456512985284518467e-05 2.016333031350959015e-05 4.460520987530394146e-05
1.000000000000000021e-08 1.000000000000000021e-08 1.000000000000000021e-08 1.000000000000000021e-08 1.000000000000000021e-08 1.000000000000000021e-08 1.000000000000000021e-08 1.000000000000000021e-08 1.042909020125545936e-05 2.176661948851866418e-05 2.169799472928074258e-05 1.000000000000000021e-08 1.000000000000000021e-08 1.000000000000000021e-08 1.000000000000000021e-08 1.000000000000000021e-08 8.066290282487250057e-05 1.191680096368251054e-04 1.803542480941869059e-04 1.642346124250608865e-04 1.000000000000000021e-08 1.000000000000000021e-08 1.000000000000000021e-08 7.464870355692332653e-05 8.712771703833537202e-05 1.008929774912557668e-04 1.067868358438426836e-04 1.049822006704498670e-04 1.703548522459966228e-04 1.365473323960945820e-04 1.235320457963797727e-04 1.726773564343981780e-04 7.072019084333398852e-05 1.332356696520821252e-04 1.000000000000000021e-08 1.000000000000000021e-08 2.397666545850031460e-05
1.000000000000000021e-08 1.000000000000000021e-08 1.000000000000000021e-08 1.000000000000000021e-08 1.000000000000000021e-08 1.000000000000000021e-08 1.000000000000000021e-08 1.000000000000000021e-08 1.000000000000000021e-08 1.000473186692999589e-05 1.702906273140264193e-05 1.000000000000000021e-08 1.000000000000000021e-08 2.367583429945530941e-05 3.766851722120529024e-05 1.000000000000000021e-08 6.579787237775615468e-05 9.114919911826003835e-05 6.823170763510428584e-05 1.115657807689393897e-04 5.204844016044444963e-05 1.000000000000000021e-08 1.000000000000000021e-08 9.738376502092673350e-05 1.000000000000000021e-08 5.765509293574796730e-05 6.439854519983608536e-05 1.383609351146648434e-04 1.469542454980955152e-04 1.909402690748119224e-04 1.965646141676031784e-04 1.611091313265430294e-04 1.678443223262951383e-05 1.053202947128658966e-03 1.536409493744931090e-03 9.166388963910899372e-04 1.022092549374810019e-03
1.000000000000000021e-08 1.000000000000000021e-08 1.000000000000000021e-08 1.000000000000000021e-08 1.000000000000000021e-08 1.000000000000000021e-08 1.000000000000000021e-08 1.000000000000000021e-08 1.000000000000000021e-08 1.645252626913880998e-05 2.215796607544999572e-05 2.313327262948146009e-05 3.126372928847473881e-05 2.823555294471885813e-05 3.738478912018437816e-05 3.083487345893791897e-05 1.000000000000000021e-08 1.000000000000000021e-08 1.000000000000000021e-08 1.000000000000000021e-08 2.419113958489091005e-05 1.929776457421453963e-05 1.916764065988762984e-05 8.738811135779799379e-05 1.963744406438402913e-04 2.313015075288083952e-04 2.483377346656129628e-04 2.864970622764844029e-04 2.874523778306419344e-04 2.715554893964371511e-04 2.164836161528281615e-05 2.550714615556854201e-05 3.173872798451380316e-05 2.867130023619902869e-04 1.340144627686324231e-04 5.762350780450292351e-04 6.527425200393926173e-04
1.000000000000000021e-08 1.000000000000000021e-08 1.000000000000000021e-08 1.000000000000000021e-08 1.000000000000000021e-08 1.000000000000000021e-08 1.000000000000000021e-08 1.000000000000000021e-08 2.117583268870427038e-05 2.693597899254263062e-05 3.574780711525270618e-05 3.403075002725183774e-05 3.125781111440869366e-05 2.989334644102299097e-05 3.162834552762996184e-05 1.000000000000000021e-08 1.000000000000000021e-08 1.000000000000000021e-08 1.000000000000000021e-08 1.000000000000000021e-08 1.000000000000000021e-08 1.000000000000000021e-08 1.000000000000000021e-08 1.000000000000000021e-08 1.000000000000000021e-08 1.652366403589980882e-04 3.296211734303658198e-04 3.089949842276968912e-04 3.364874343829921469e-04 5.218074621100670090e-04 4.817305273031101767e-04 3.581470372781475945e-04 2.917206633885282251e-04 2.077639218970076765e-04 2.063707191660500804e-04 3.639678736585272843e-04 3.017870326219621816e-04
1.000000000000000021e-08 1.000000000000000021e-08 1.000000000000000021e-08 1.000000000000000021e-08 1.000000000000000021e-08 1.000000000000000021e-08 1.000000000000000021e-08 1.000000000000000021e-08 1.000000000000000021e-08 1.000000000000000021e-08 1.000000000000000021e-08 1.000000000000000021e-08 1.000000000000000021e-08 1.715015441400520645e-05 1.993209830015393077e-05 1.000000000000000021e-08 1.000000000000000021e-08 1.000000000000000021e-08 1.000000000000000021e-08 1.000000000000000021e-08 1.000000000000000021e-08 1.000000000000000021e-08 1.000000000000000021e-08 1.000000000000000021e-08 1.000000000000000021e-08 9.645233703460479177e-05 9.079143818031380233e-05 2.734678627771578796e-04 4.774457700587562969e-04 3.862733293829545794e-04 6.041717480756988523e-04 5.195464416059455666e-04 4.634057822053034849e-05 2.031959020184723004e-05 4.756006224454976375e-05 3.004163349551385140e-04 2.715944761451396486e-04
