output/water_depth_10680.asc
ncols 223
nrows 158
xllcorner 0.0
yllcorner 0.0
cellsize 30.0
[rows 85 to 101 of 158, columns 185 to 221 of 223]
1.382162086308610166e-05 1.163535669105787452e-05 1.000000000000000021e-08 1.000000000000000021e-08 1.000000000000000021e-08 1.000000000000000021e-08 1.970474103030206436e-04 9.245200900290923007e-02 9.126189211605724438e-02 9.219738027337612274e-02 1.508247617479931439e-03 7.811884627974164264e-04 1.000000000000000021e-08 1.000000000000000021e-08 1.000000000000000021e-08 1.000000000000000021e-08 1.000000000000000021e-08 1.000000000000000021e-08 1.000000000000000021e-08 1.000000000000000021e-08 1.000000000000000021e-08 1.400197419103511970e-05 1.340216393730970588e-05 1.279687966307224498e-05 1.364345367523102876e-05 1.488075539573513479e-05 1.351013267299603915e-05 1.307803110041480784e-05 1.000000000000000021e-08 1.000000000000000021e-08 1.000000100000000021e-05 1.000000100000000021e-05 1.000000100000000021e-05 1.000000100000000021e-05 1.000000100000000021e-05 1.000000100000000021e-05 1.000000100000000021e-05
1.102916365498237682e-05 1.414483406564516539e-05 1.000000000000000021e-08 1.000000000000000021e-08 1.000000000000000021e-08 1.000000000000000021e-08 2.649116735679892518e-05 7.235049684576498608e-02 7.202696363845408067e-02 2.498530403704292977e-04 3.095121663171334194e-04 1.153571715991867647e-04 1.778060666687099456e-05 1.000000000000000021e-08 1.000000000000000021e-08 1.000000000000000021e-08 1.000000000000000021e-08 1.000000000000000021e-08 1.000000000000000021e-08 1.000000000000000021e-08 1.000000000000000021e-08 1.000000000000000021e-08 1.000000000000000021e-08 1.000000000000000021e-08 1.000000000000000021e-08 1.000000000000000021e-08 1.000000000000000021e-08 1.000000000000000021e-08 1.000000000000000021e-08 1.000000000000000021e-08 1.000000000000000021e-08 1.000000100000000021e-05 1.000000100000000021e-05 1.000000100000000021e-05 1.000000100000000021e-05 1.000000100000000021e-05 1.000000100000000021e-05
1.000000000000000021e-08 1.000000000000000021e-08 1.000000000000000021e-08 1.000000000000000021e-08 1.000000000000000021e-08 1.000000000000000021e-08 1.000000000000000021e-08 2.697919819985159992e-02 2.682451740226754477e-02 1.000000000000000021e-08 1.000000000000000021e-08 1.000000000000000021e-08 1.000000000000000021e-08 1.000000000000000021e-08 1.000000000000000021e-08 1.000000000000000021e-08 1.616034483050667254e-05 1.000000000000000021e-08 1.000000000000000021e-08 1.000000000000000021e-08 1.000000000000000021e-08 1.000000000000000021e-08 1.000000000000000021e-08 1.000000000000000021e-08 1.000000000000000021e-08 1.000000000000000021e-08 1.000000000000000021e-08 1.000000000000000021e-08 1.000000000000000021e-08 1.000000000000000021e-08 1.000000000000000021e-08 1.000000100000000021e-05 1.000000100000000021e-05 1.000000100000000021e-05 1.000000100000000021e-05 1.000000100000000021e-05 1.000000100000000021e-05
1.228260051242487691e-05 1.156161695683113803e-05 1.014361022957173062e-05 1.000000000000000021e-08 1.000000000000000021e-08 1.000000000000000021e-08 3.560719549184819343e-05 3.751695367784840113e-02 1.643742668894197789e-02 1.000000000000000021e-08 1.000000000000000021e-08 1.000000000000000021e-08 1.000000000000000021e-08 1.000000000000000021e-08 1.000000000000000021e-08 1.357304648773666937e-04 1.768183042798492826e-03 2.090995143279764809e-05 1.000000000000000021e-08 1.000000000000000021e-08 2.491266917971693678e-05 2.076345156754541519e-05 1.523575060006747998e-05 1.000000000000000021e-08 1.000000000000000021e-08 1.000000000000000021e-08 1.000000000000000021e-08 1.000000000000000021e-08 1.000000000000000021e-08 1.000000000000000021e-08 1.000000000000000021e-08 1.000000100000000021e-05 1.000000100000000021e-05 1.000000100000000021e-05 1.000000100000000021e-05 1.000000100000000021e-05 1.000000100000000021e-05
3.707563308914684804e-05 5.016979734031285458e-05 3.761809821322860409e-05 2.940620601400974150e-05 2.323039949032887157e-05 2.463997574588315550e-05 3.626679473210011733e-05 3.426717029509643297e-02 2.270761671364592352e-02 2.167119929691821857e-05 1.000000000000000021e-08 1.000000000000000021e-08 1.000000000000000021e-08 4.598866743920981088e-05 7.184161054738807018e-05 1.449025703946775110e-04 1.000000000000000021e-08 1.523389193685054594e-05 2.240044068261211837e-05 2.255583314445825589e-05 2.615622936571007797e-05 2.188706021818239198e-05 1.757418462935486303e-05 1.930964654489027231e-05 2.054629622983896399e-05 2.014196328119447423e-05 2.332112398222775971e-05 2.161815378973328653e-05 1.321328650716441211e-05 1.000000000000000021e-08 1.000000000000000021e-08 1.000000100000000021e-05 1.000000100000000021e-05 1.000000100000000021e-05 1.000000100000000021e-05 1.000000100000000021e-05 1.000000100000000021e-05
2.146671427584860253e-05 1.979757076737501063e-05 3.281304820197480677e-05 5.188295854638234607e-05 5.726388423255177957e-05 5.202691861225046854e-05 1.000000000000000021e-08 3.990927434333136486e-02 5.237661088905141982e-02 3.099015208573803920e-05 1.000000000000000021e-08 1.000000000000000021e-08 1.000000000000000021e-08 1.000000000000000021e-08 7.223863325996048316e-05 6.936423238680545914e-05 1.000000000000000021e-08 1.000000000000000021e-08 1.000000000000000021e-08 1.000000000000000021e-08 1.000000000000000021e-08 1.000000000000000021e-08 1.401472117637273473e-05 1.000000000000000021e-08 1.000000000000000021e-08 1.505560425030580120e-05 1.000000000000000021e-08 1.000000000000000021e-08 1.000000000000000021e-08 1.000000000000000021e-08 1.000000100000000021e-05 1.000000100000000021e-05 1.000000100000000021e-05 1.000000100000000021e-05 1.000000100000000021e-05 1.000000100000000021e-05 1.000000100000000021e-05
1.000000000000000021e-08 1.000000000000000021e-08 2.002514432888013139e-05 1.618020955211228314e-05 5.162841888315041633e-05 5.354246295028055837e-05 1.445304198314788539e-04 1.281895537636906224e-01 1.821744788846570845e-02 1.000000000000000021e-08 1.000000000000000021e-08 1.000000000000000021e-08 1.000000000000000021e-08 1.000000000000000021e-08 1.000000000000000021e-08 5.398734062709225701e-05 1.000000000000000021e-08 1.000000000000000021e-08 1.000000000000000021e-08 1.074074624056978250e-05 1.324458364479317750e-05 1.562635563574681636e-05 1.415903177118095465e-05 1.000000000000000021e-08 1.000000000000000021e-08 1.000000000000000021e-08 1.000000000000000021e-08 1.000000000000000021e-08 1.000000000000000021e-08 1.000000000000000021e-08 1.000000100000000021e-05 1.000000100000000021e-05 1.000000100000000021e-05 1.000000100000000021e-05 1.000000100000000021e-05 1.000000100000000021e-05 1.000000100000000021e-05
1.000000000000000021e-08 1.000000000000000021e-08 1.000000000000000021e-08 1.000000000000000021e-08 1.000000000000000021e-08 2.722496884191354468e-05 2.531857587351697404e-05 1.001867420831231148e-01 3.682148596094825949e-03 1.000000000000000021e-08 1.000000000000000021e-08 1.000000000000000021e-08 1.000000000000000021e-08 1.000000000000000021e-08 1.000000000000000021e-08 1.000000000000000021e-08 1.000000000000000021e-08 1.000000000000000021e-08 1.000000000000000021e-08 1.917851241537070915e-05 2.041106032403882607e-05 1.111501032711591325e-05 1.000000000000000021e-08 1.000000000000000021e-08 1.000000000000000021e-08 1.000000000000000021e-08 1.000000000000000021e-08 1.000000000000000021e-08 1.000000000000000021e-08 1.000000000000000021e-08 1.000000100000000021e-05 1.000000100000000021e-05 1.000000100000000021e-05 1.000000100000000021e-05 1.000000100000000021e-05 1.000000100000000021e-05 1.000000100000000021e-05
1.000000000000000021e-08 1.000000000000000021e-08 1.000000000000000021e-08 1.000000000000000021e-08 1.000000000000000021e-08 1.000000000000000021e-08 1.000000000000000021e-08 3.056146938266192034e-02 8.052629736628746926e-02 1.317900859664496540e-04 1.000000000000000021e-08 1.000000000000000021e-08 1.000000000000000021e-08 1.000000000000000021e-08 1.000000000000000021e-08 1.000000000000000021e-08 1.000000000000000021e-08 1.000000000000000021e-08 1.000000000000000021e-08 1.000000000000000021e-08 1.000000000000000021e-08 1.000000000000000021e-08 1.000000000000000021e-08 1.000000000000000021e-08 1.000000000000000021e-08 1.000000000000000021e-08 1.000000000000000021e-08 1.000000000000000021e-08 1.000000000000000021e-08 1.000000000000000021e-08 1.000000100000000021e-05 1.000000100000000021e-05 1.000000100000000021e-05 1.000000100000000021e-05 1.000000100000000021e-05 1.000000100000000021e-05 1.000000100000000021e-05
1.000000000000000021e-08 1.000000000000000021e-08 1.084225705038238391e-05 1.238169367286675726e-05 1.378306595710729904e-05 1.672222677676169639e-05 1.513907730044223490e-05 5.765295645052802981e-02 3.867480784579772207e-02 1.638723742634910405e-04 1.000000000000000021e-08 1.000000000000000021e-08 1.000000000000000021e-08 1.000000000000000021e-08 1.000000000000000021e-08 1.000000000000000021e-08 1.013078816680269851e-05 1.000000000000000021e-08 1.000000000000000021e-08 1.000000000000000021e-08 1.000000000000000021e-08 1.000000000000000021e-08 1.000000000000000021e-08 1.000000000000000021e-08 1.000000000000000021e-08 1.000000000000000021e-08 1.000000000000000021e-08 1.000000000000000021e-08 1.000000000000000021e-08 1.000000000000000021e-08 1.000000100000000021e-05 1.000000100000000021e-05 1.000000100000000021e-05 1.000000100000000021e-05 1.000000100000000021e-05 1.000000100000000021e-05 1.000000100000000021e-05
2.529319054288429322e-05 3.341808287502900080e-05 2.947070809919052694e-05 3.626195616350901658e-05 4.053090210726546127e-05 3.974489043131709706e-05 3.076950307682394247e-05 1.317630315479645202e-02 4.703526524379407492e-02 3.481063922395843360e-05 1.332251520817245933e-05 1.381316369049681399e-05 1.261659246809454564e-05 1.000000000000000021e-08 1.000000000000000021e-08 1.000000000000000021e-08 1.026893967998411559e-05 1.000000000000000021e-08 1.000000000000000021e-08 1.000000000000000021e-08 1.000000000000000021e-08 1.000000000000000021e-08 1.000000000000000021e-08 1.000000000000000021e-08 1.000000000000000021e-08 1.000000000000000021e-08 1.000000000000000021e-08 1.000000000000000021e-08 1.000000000000000021e-08 1.000000000000000021e-08 1.000000100000000021e-05 1.000000100000000021e-05 1.000000100000000021e-05 1.000000100000000021e-05 1.000000100000000021e-05 1.000000100000000021e-05 1.000000100000000021e-05
1.000000000000000021e-08 1.000000000000000021e-08 2.404352773226100439e-05 3.337363972002075165e-05 4.959120507537856734e-05 4.975879112341199983e-05 5.152162474070487815e-05 2.050290907793091491e-02 4.088027051770341119e-02 3.161125179452715635e-05 1.000000000000000021e-08 1.000000000000000021e-08 1.000000000000000021e-08 2.502103871360348975e-05 1.765489344768230345e-05 1.982510283992738076e-05 1.484211431925413076e-05 1.000000000000000021e-08 1.000000000000000021e-08 1.000000000000000021e-08 1.000000000000000021e-08 1.000000000000000021e-08 1.000000000000000021e-08 1.000000000000000021e-08 1.000000000000000021e-08 1.000000000000000021e-08 1.000000000000000021e-08 1.000000000000000021e-08 1.000000000000000021e-08 1.000000000000000021e-08 1.000000100000000021e-05 1.000000100000000021e-05 1.000000100000000021e-05 1.000000100000000021e-05 1.000000100000000021e-05 1.000000100000000021e-05 1.000000100000000021e-05
1.000000000000000021e-08 1.000000000000000021e-08 1.409365590625133350e-05 4.951607510858895646e-05 5.967094429401038615e-05 5.952181011391008571e-05 7.421356680250247237e-04 5.069063171805453932e-02 3.496250667915059424e-02 1.000000000000000021e-08 1.000000000000000021e-08 1.000000000000000021e-08 6.744163731304269216e-05 5.633882440479607212e-05 1.006333293085681906e-04 6.804859028388383457e-05 2.349982006502670200e-05 1.894116668553955086e-05 1.818919934183780399e-05 1.000000000000000021e-08 1.000000000000000021e-08 1.000000000000000021e-08 1.000000000000000021e-08 1.000000000000000021e-08 1.000000000000000021e-08 1.000000000000000021e-08 1.000000000000000021e-08 1.000000000000000021e-08 1.000000000000000021e-08 1.000000000000000021e-08 1.000000100000000021e-05 1.000000100000000021e-05 1.000000100000000021e-05 1.000000100000000021e-05 1.000000100000000021e-05 1.000000100000000021e-05 1.000000100000000021e-05
1.000000000000000021e-08 1.000000000000000021e-08 1.348960244942652627e-05 2.445339374423350466e-05 7.140907653396192777e-05 7.606472052628149749e-05 9.219657374895460621e-05 5.788544267856878672e-02 1.173918468803459951e-02 1.956187493130144512e-05 1.661645505778068060e-05 1.924585167022974165e-05 2.292665605520009179e-05 3.605305417354518187e-05 1.635811408926606141e-05 2.013495712901092603e-05 2.598888390749311004e-05 1.941304185361016906e-05 1.000000000000000021e-08 1.000000000000000021e-08 1.000000000000000021e-08 1.000000000000000021e-08 1.000000000000000021e-08 1.000000000000000021e-08 1.000000000000000021e-08 1.000000000000000021e-08 1.000000000000000021e-08 1.000000000000000021e-08 1.000000000000000021e-08 1.000000000000000021e-08 1.000000100000000021e-05 1.000000100000000021e-05 1.000000100000000021e-05 1.000000100000000021e-05 1.000000100000000021e-05 1.000000100000000021e-05 1.000000100000000021e-05
1.000000000000000021e-08 1.000000000000000021e-08 1.047208363718264477e-05 1.125025964305861036e-05 1.491270110779910471e-05 1.050140544353428515e-04 2.787896510252927881e-02 3.066983599475077774e-02 1.942022344013826169e-03 1.000000000000000021e-08 1.215813544977981819e-05 1.000000000000000021e-08 3.172635436460948178e-05 3.375152664643738643e-05 2.380573571770914663e-05 2.499914954295244578e-05 2.020837918545183333e-05 1.000000000000000021e-08 1.000000000000000021e-08 1.000000000000000021e-08 1.000000000000000021e-08 1.000000000000000021e-08 1.000000000000000021e-08 1.000000000000000021e-08 1.000000000000000021e-08 1.000000000000000021e-08 1.000000000000000021e-08 1.000000000000000021e-08 1.000000000000000021e-08 1.000000000000000021e-08 1.000000100000000021e-05 1.000000100000000021e-05 1.000000100000000021e-05 1.000000100000000021e-05 1.000000100000000021e-05 1.000000100000000021e-05 1.000000100000000021e-05
1.000000000000000021e-08 1.000000000000000021e-08 1.065840798291678001e-05 1.289950169779630290e-05 1.000000000000000021e-08 1.096482654709145157e-04 5.859311834371425803e-02 4.073597925749379567e-02 1.327837467615210123e-03 1.000000000000000021e-08 2.100762925896218822e-05 2.217068432852121757e-05 2.726848982272778895e-05 1.000000000000000021e-08 2.511228848321773823e-05 7.909138704722242983e-05 2.002159060890980116e-05 1.000000000000000021e-08 1.000000000000000021e-08 1.000000000000000021e-08 1.000000000000000021e-08 1.000000000000000021e-08 1.000000000000000021e-08 1.000000000000000021e-08 1.000000000000000021e-08 1.000000000000000021e-08 1.000000000000000021e-08 1.000000000000000021e-08 1.000000000000000021e-08 1.000000000000000021e-08 1.000000100000000021e-05 1.000000100000000021e-05 1.000000100000000021e-05 1.000000100000000021e-05 1.000000100000000021e-05 1.000000100000000021e-05 1.000000100000000021e-05
1.000000000000000021e-08 1.000000000000000021e-08 1.014074998297761197e-05 1.000000000000000021e-08 1.000000000000000021e-08 1.447910819939220483e-05 1.499492009479625604e-02 1.341126424107075554e-01 1.924085961958924701e-03 1.000000000000000021e-08 3.264751960645577038e-05 3.139591565502666132e-05 3.071421304687795462e-05 2.720823655202715699e-05 4.000693175127965667e-05 4.840392703445000195e-05 1.825572351714482405e-05 1.000000000000000021e-08 1.000000000000000021e-08 1.000000000000000021e-08 1.000000000000000021e-08 1.000000000000000021e-08 1.000000000000000021e-08 1.000000000000000021e-08 1.000000000000000021e-08 1.000000000000000021e-08 1.000000000000000021e-08 1.000000000000000021e-08 1.000000000000000021e-08 1.000000000000000021e-08 1.000000100000000021e-05 1.000000100000000021e-05 1.000000100000000021e-05 1.000000100000000021e-05 1.000000100000000021e-05 1.000000100000000021e-05 1.000000100000000021e-05
