output/water_depth_840.asc
ncols 223
nrows 158
xllcorner 0.0
yllcorner 0.0
cellsize 30.0
[rows 136 to 152 of 158, columns 185 to 221 of 223]
2.276959692347589603e-02 4.048870640393355258e-02 3.528503547978551619e-02 1.005944974170493861e-01 1.918692604671179414e-02 1.883440994610659789e-03 2.024073316942202883e-03 2.111028947674889987e-03 3.543518259990310806e-03 4.203315182115672372e-03 7.398996784483828290e-03 1.222667292119788106e-02 1.158976357977158957e-02 1.929816855600176295e-02 1.616230271214939840e-02 1.502044144644002106e-02 1.797676059883896241e-02 2.533305901443321309e-02 3.051652658818007624e-02 2.143557291337052154e-02 6.217859773078629818e-03 9.936588424583777095e-04 1.338587652096126035e-03 1.079461915606082364e-03 1.000000100000000021e-05 1.000000100000000021e-05 1.000000100000000021e-05 1.000000100000000021e-05 1.000000100000000021e-05 1.000000100000000021e-05 1.000000100000000021e-05 1.000000100000000021e-05 1.000000100000000021e-05 1.000000100000000021e-05 1.000000100000000021e-05 1.000000100000000021e-05 1.000000100000000021e-05
2.273818313795589879e-02 1.325250058019585876e-02 2.283900643029998859e-02 9.047832407520613185e-02 7.894661170247380122e-02 6.261845017007638958e-02 4.655731705122441097e-03 6.084184080119956102e-03 5.966565024049878471e-03 7.757489080480383867e-03 1.034850999520452695e-02 1.324317024344375676e-02 1.286064086334809224e-02 3.387593993157518406e-03 3.010260219040183840e-03 6.011651641364707671e-03 9.407400574600171053e-03 1.613240056024793645e-02 8.709850170366434385e-03 1.304461968646459039e-02 1.949444378406816822e-02 1.503724104428744157e-02 7.736353249020086302e-03 2.282991332940154886e-03 1.294278830959358232e-03 1.000000100000000021e-05 1.000000100000000021e-05 1.000000100000000021e-05 1.000000100000000021e-05 1.000000100000000021e-05 1.000000100000000021e-05 1.000000100000000021e-05 1.000000100000000021e-05 1.000000100000000021e-05 1.000000100000000021e-05 1.000000100000000021e-05 1.000000100000000021e-05
7.067831163103751105e-03 3.930245573113310895e-03 3.598746152143178587e-03 4.625349386400529582e-03 5.500463282344322108e-03 4.818845109513932023e-02 3.895886957938005796e-02 2.384900534167588848e-02 8.090608326468583938e-03 8.829147486206723183e-03 9.442277516912808352e-03 8.467416167135099342e-03 3.591730301101335714e-03 4.428994731731345121e-03 1.035828265716603677e-02 1.873703356285431887e-02 1.557980550676708875e-02 3.617493294792111999e-03 4.475171428913792514e-03 4.651807404898165334e-03 3.895214913423540072e-03 1.813591513554350335e-03 1.567816218711252322e-03 1.126111541732689476e-03 4.160638043758409363e-04 1.000000100000000021e-05 1.000000100000000021e-05 1.000000100000000021e-05 1.000000100000000021e-05 1.000000100000000021e-05 1.000000100000000021e-05 1.000000100000000021e-05 1.000000100000000021e-05 1.000000100000000021e-05 1.000000100000000021e-05 1.000000100000000021e-05 1.000000100000000021e-05
7.442153354234678012e-03 7.501737456777903337e-03 3.821664750368186213e-03 2.392606912097906997e-03 3.097583280418220869e-03 7.721305506276262805e-04 1.097226479613143445e-03 2.222290488560046962e-02 1.874405991965563331e-02 8.880533238501386525e-03 8.513385932140892301e-03 7.448189644977475966e-03 6.242714298799910064e-03 9.895206055494773847e-03 1.599151372137028876e-02 6.528167754117371498e-03 2.068524785677343034e-03 1.987936318361137843e-03 2.854836471396594421e-03 4.856881838879986701e-03 5.475024208284870464e-03 7.449934057585289905e-03 4.158807301602813512e-03 1.415091395817703532e-03 1.420248971798284895e-03 1.000000100000000021e-05 1.000000100000000021e-05 1.000000100000000021e-05 1.000000100000000021e-05 1.000000100000000021e-05 1.000000100000000021e-05 1.000000100000000021e-05 1.000000100000000021e-05 1.000000100000000021e-05 1.000000100000000021e-05 1.000000100000000021e-05 1.000000100000000021e-05
2.985554502591833241e-03 1.216083954710659668e-03 2.257690474506615121e-03 1.364933029243829395e-03 7.212111065008810617e-04 5.329513207876626418e-04 5.264504851609854178e-04 1.074072024072220827e-02 4.517373645170062041e-02 2.060678057791868328e-02 1.689154282788288622e-02 2.584822048965000271e-02 2.530047268158888002e-02 1.719608414499228244e-02 4.766893853333639339e-03 6.687311763157067091e-04 1.065183464663079426e-03 2.093385332254355663e-03 2.510247407651727651e-03 4.028412715920959980e-03 8.749165973739873176e-03 4.797037140911312655e-03 1.117004293861454702e-03 7.022411468793152839e-04 3.476579280662580348e-04 1.000000100000000021e-05 1.000000100000000021e-05 1.000000100000000021e-05 1.000000100000000021e-05 1.000000100000000021e-05 1.000000100000000021e-05 1.000000100000000021e-05 1.000000100000000021e-05 1.000000100000000021e-05 1.000000100000000021e-05 1.000000100000000021e-05 1.000000100000000021e-05
5.900707794514981411e-03 3.546434572743984402e-03 3.505556525986638743e-03 3.858869410301148106e-02 8.159421612353504744e-03 4.708622798704674428e-03 2.566806398615814437e-03 7.600828799946246842e-03 4.922264661560060706e-02 7.007486102660498428e-03 1.047905521948772067e-02 4.690849336459719000e-03 1.214434637551221798e-03 9.919621479086591573e-04 1.744327741324775164e-03 2.342797089155511294e-03 2.637087654571675707e-03 3.122878843468312494e-03 3.416755905959715286e-03 3.146376527913539913e-03 1.136835884556614690e-03 1.315515976965167142e-03 6.964753099454464805e-04 3.482574153810779867e-04 1.000000100000000021e-05 1.000000100000000021e-05 1.000000100000000021e-05 1.000000100000000021e-05 1.000000100000000021e-05 1.000000100000000021e-05 1.000000100000000021e-05 1.000000100000000021e-05 1.000000100000000021e-05 1.000000100000000021e-05 1.000000100000000021e-05 1.000000100000000021e-05 1.000000100000000021e-05
2.077301258673256920e-02 2.436844716336281774e-02 2.737698230221653761e-02 1.422140510928810234e-02 2.214972334325961828e-02 2.663017223485432405e-02 2.429057058465265359e-02 2.607847616427533960e-02 6.863435598196114540e-02 6.594525955093943556e-03 6.508410802601827944e-03 2.534012923165769940e-03 1.971048308003498992e-03 2.573193411952245414e-03 3.402398277291339684e-03 4.888627322986706381e-03 5.207339162237272293e-03 6.015577074854790152e-03 8.452298255069729677e-03 1.142950211260246145e-02 3.953509257303983691e-03 8.000732210665560066e-04 5.356005376023151038e-04 3.761936481569953957e-04 1.000000100000000021e-05 1.000000100000000021e-05 1.000000100000000021e-05 1.000000100000000021e-05 1.000000100000000021e-05 1.000000100000000021e-05 1.000000100000000021e-05 1.000000100000000021e-05 1.000000100000000021e-05 1.000000100000000021e-05 1.000000100000000021e-05 1.000000100000000021e-05 1.000000100000000021e-05
4.622978781103018880e-03 3.666706230574136218e-03 2.568105951394381026e-03 1.870901531350114633e-03 1.358614471021433187e-03 1.982653954120247673e-03 9.297587954748828126e-03 1.681651262837058000e-02 6.462002728854698841e-02 3.752698332096860573e-02 6.379412481558515390e-03 4.323523225744647924e-03 3.684263916200210438e-03 4.683146227272423981e-03 5.328339528142071388e-03 5.241826555292466300e-03 6.063535116695796361e-03 6.656231661719832875e-03 5.550049030616056173e-03 4.739121211360841808e-04 5.235482358350908045e-04 5.777651383158968713e-04 7.498058768340951129e-04 6.512611185818766154e-04 1.000000100000000021e-05 1.000000100000000021e-05 1.000000100000000021e-05 1.000000100000000021e-05 1.000000100000000021e-05 1.000000100000000021e-05 1.000000100000000021e-05 1.000000100000000021e-05 1.000000100000000021e-05 1.000000100000000021e-05 1.000000100000000021e-05 1.000000100000000021e-05 1.000000100000000021e-05
5.724777417764882054e-03 3.249439491258220535e-03 2.424588131544640549e-02 1.908129392033145150e-04 6.796052951005018784e-04 1.365856512146161562e-03 1.668168093649143166e-03 1.662937088444828466e-03 2.661513232191871012e-02 8.263244835218895579e-02 1.327703426865275635e-02 1.929434819725622807e-02 1.158965976232780200e-02 6.821836665454658784e-03 7.003645708825711851e-03 7.361743020540903633e-03 7.042690005967898806e-03 5.979838106655138187e-03 3.825700338807957838e-03 1.926189340735239746e-03 1.316507861894769277e-03 1.952968292769218395e-03 1.471318504866058353e-03 1.688699050480199984e-03 1.000000100000000021e-05 1.000000100000000021e-05 1.000000100000000021e-05 1.000000100000000021e-05 1.000000100000000021e-05 1.000000100000000021e-05 1.000000100000000021e-05 1.000000100000000021e-05 1.000000100000000021e-05 1.000000100000000021e-05 1.000000100000000021e-05 1.000000100000000021e-05 1.000000100000000021e-05
1.203039362972947376e-02 7.518961884201153488e-03 2.389848625708589427e-02 4.459794784041067744e-03 3.119707191042195293e-03 1.926167531119838544e-03 1.272616362861501982e-03 1.586392463860513856e-03 4.509741216755710005e-03 4.923558647547709305e-02 8.187884918332635070e-03 2.272501099022707256e-03 5.457099221422290203e-03 8.282664667965584232e-03 8.629592158225502310e-03 8.463230141463586043e-03 7.732389989299488786e-03 6.329891044364131976e-03 4.075334255459498942e-03 2.851653736328184190e-03 2.988030834578251152e-03 1.768863023776036988e-03 1.363292007032323831e-03 1.000000100000000021e-05 1.000000100000000021e-05 1.000000100000000021e-05 1.000000100000000021e-05 1.000000100000000021e-05 1.000000100000000021e-05 1.000000100000000021e-05 1.000000100000000021e-05 1.000000100000000021e-05 1.000000100000000021e-05 1.000000100000000021e-05 1.000000100000000021e-05 1.000000100000000021e-05 1.000000100000000021e-05
1.464529125342931871e-02 2.220949481159087066e-02 2.291582277427911887e-02 4.588218374995428617e-02 1.792130839115349268e-04 1.137572782031832409e-03 1.891069512081702993e-03 1.609873009547482109e-03 1.321209130179235199e-02 3.431881510546858083e-02 7.123971589297084864e-03 5.427215297086457856e-03 7.627802468308375952e-03 9.338898998733864698e-03 9.380943247136687077e-03 9.125660459707005817e-03 8.536908404979417359e-03 7.629430831765786000e-03 5.961295669143083092e-03 4.763198042057050288e-03 3.336157322385430168e-03 1.945900383566563250e-03 1.005170758578060935e-03 1.000000100000000021e-05 1.000000100000000021e-05 1.000000100000000021e-05 1.000000100000000021e-05 1.000000100000000021e-05 1.000000100000000021e-05 1.000000100000000021e-05 1.000000100000000021e-05 1.000000100000000021e-05 1.000000100000000021e-05 1.000000100000000021e-05 1.000000100000000021e-05 1.000000100000000021e-05 1.000000100000000021e-05
4.925355938719157278e-03 2.185667766489388097e-02 2.578162661409798620e-02 2.786283091756549049e-02 1.199906375286728145e-02 1.320077236539817823e-02 2.522226026162084980e-02 3.361579741521671799e-02 6.604024050449364136e-02 6.215026263910153337e-02 5.671625997807609038e-02 7.655533881167149619e-03 8.895045997072460048e-03 9.812430785799313229e-03 9.973826163407948503e-03 1.018615515784725145e-02 1.046066915030999765e-02 1.117211866847161485e-02 1.337511013528512940e-02 6.318895454060327252e-03 4.471195871470872753e-03 2.351102421909299044e-03 1.043666401800620938e-03 3.572319345218142174e-04 1.000000100000000021e-05 1.000000100000000021e-05 1.000000100000000021e-05 1.000000100000000021e-05 1.000000100000000021e-05 1.000000100000000021e-05 1.000000100000000021e-05 1.000000100000000021e-05 1.000000100000000021e-05 1.000000100000000021e-05 1.000000100000000021e-05 1.000000100000000021e-05 1.000000100000000021e-05
3.716359110162734125e-02 2.034595542163288723e-02 1.039598143185342313e-02 1.269282714940252361e-02 1.868439572955503739e-02 2.046776770026730030e-02 1.122250761307785200e-02 6.653792464041631896e-03 5.736170443869006291e-02 5.191363614780459407e-02 5.127563780555643991e-02 1.949716925976007278e-02 9.489291991015787187e-03 9.941478618141931858e-03 1.005478902350981016e-02 1.015365501828776988e-02 9.977715878888860843e-03 8.668188822351595088e-03 4.723567194365778377e-03 5.408182834102325497e-03 4.230226300613316483e-03 2.432449497534800407e-03 1.045362844956643699e-03 5.788162372092429259e-04 1.000000100000000021e-05 1.000000100000000021e-05 1.000000100000000021e-05 1.000000100000000021e-05 1.000000100000000021e-05 1.000000100000000021e-05 1.000000100000000021e-05 1.000000100000000021e-05 1.000000100000000021e-05 1.000000100000000021e-05 1.000000100000000021e-05 1.000000100000000021e-05 1.000000100000000021e-05
1.132646103718049427e-02 6.670540301274765528e-03 3.788236574448365993e-03 3.146062122726028809e-03 1.101079818149587088e-02 6.380886933964101046e-03 4.041731905526104417e-03 2.710821111118973375e-03 3.473686721581322173e-03 3.726753603127894859e-02 3.944439383529371734e-02 4.859601171957310221e-03 9.973293388234116125e-03 9.893892382282071934e-03 9.870599323752263579e-03 9.750526001729245898e-03 9.344208063233539613e-03 8.377763131223703655e-03 6.902924670870131535e-03 7.041882028691282165e-03 4.388720750915002522e-03 2.103103598868492820e-03 1.063496608086363527e-03 8.483381637597460197e-04 1.000000100000000021e-05 1.000000100000000021e-05 1.000000100000000021e-05 1.000000100000000021e-05 1.000000100000000021e-05 1.000000100000000021e-05 1.000000100000000021e-05 1.000000100000000021e-05 1.000000100000000021e-05 1.000000100000000021e-05 1.000000100000000021e-05 1.000000100000000021e-05 1.000000100000000021e-05
4.010392343493401901e-03 2.953472947781450499e-03 8.075140928646666258e-03 3.429211597249120363e-02 7.067279588693101307e-03 3.499957212264948395e-03 1.840511333503797031e-03 1.900772661242730067e-03 1.854514270288115923e-03 2.741211264342704318e-02 7.131772887194163819e-04 5.465355754503576670e-03 1.675095151437907756e-02 9.848335301861453964e-03 9.747791929915846157e-03 9.537699740334144860e-03 9.242267218072386728e-03 8.836567965343074607e-03 8.176815408417978728e-03 7.592222191255278141e-03 5.506593500725584858e-03 2.442283726204197425e-03 1.472270219795756381e-03 8.471672179068348444e-04 1.000000100000000021e-05 1.000000100000000021e-05 1.000000100000000021e-05 1.000000100000000021e-05 1.000000100000000021e-05 1.000000100000000021e-05 1.000000100000000021e-05 1.000000100000000021e-05 1.000000100000000021e-05 1.000000100000000021e-05 1.000000100000000021e-05 1.000000100000000021e-05 1.000000100000000021e-05
3.659406810837748970e-03 1.195599146471274877e-03 2.118151060328203345e-03 1.783021178538738349e-03 3.021922995420307182e-03 2.519011991492254438e-03 2.754043238053794848e-03 2.161558244974653466e-03 2.489110080710022974e-03 2.510976343165289074e-02 6.875206619808737346e-03 7.525892071187454541e-03 3.047921238495595458e-02 9.993314890561186964e-03 9.765307001983764695e-03 9.600853909872541364e-03 9.299691896406810446e-03 9.024600297097500057e-03 8.837377966604918061e-03 8.135998385099381391e-03 6.135519927587242996e-03 3.351248134115782963e-03 1.806474672192834568e-03 5.390648560740986684e-04 4.971586263298416550e-04 1.000000100000000021e-05 1.000000100000000021e-05 1.000000100000000021e-05 1.000000100000000021e-05 1.000000100000000021e-05 1.000000100000000021e-05 1.000000100000000021e-05 1.000000100000000021e-05 1.000000100000000021e-05 1.000000100000000021e-05 1.000000100000000021e-05 1.000000100000000021e-05
2.681818386079565762e-03 2.912383427212694633e-03 1.528019907692204421e-03 9.627531792277395318e-04 9.545948430802705421e-04 2.652806524279958597e-03 2.707049968502414552e-03 1.605929994194549987e-02 5.311915846780024958e-02 3.572004893489413163e-02 1.050475123163797063e-02 1.538588643090720194e-02 5.160728448863905610e-02 3.418458392049951444e-02 9.830639473587808250e-03 9.739622036780503853e-03 9.620978955748368117e-03 9.411292021999117727e-03 9.219060629433019002e-03 8.472507560448806069e-03 6.658351713834721221e-03 4.124060462701310131e-03 1.855543336974586986e-03 1.009788259499082340e-03 7.502455516637917664e-04 1.000000100000000021e-05 1.000000100000000021e-05 1.000000100000000021e-05 1.000000100000000021e-05 1.000000100000000021e-05 1.000000100000000021e-05 1.000000100000000021e-05 1.000000100000000021e-05 1.000000100000000021e-05 1.000000100000000021e-05 1.000000100000000021e-05 1.000000100000000021e-05
