output/water_depth_960.asc
ncols 223
nrows 158
xllcorner 0.0
yllcorner 0.0
cellsize 30.0
[rows 119 to 135 of 158, columns 185 to 221 of 223]
5.103080607409380895e-03 4.325559623837240200e-03 3.677696328970008616e-03 2.849983713902052001e-03 2.012752766171462676e-03 1.554216999167369910e-03 1.288393618496056110e-03 2.395055312595520316e-03 4.452927299877756928e-03 3.308295628011698880e-02 3.789013810053838693e-02 3.772194615660726114e-02 4.778574083677501055e-02 9.181536612503879771e-03 4.572711280070966555e-03 2.034948631805021026e-03 4.505551863504233395e-03 9.012043016208405241e-03 1.558871430083533412e-02 6.397069391630120713e-03 2.669772372940248939e-03 2.925575107137827827e-03 2.616092904734103157e-03 2.828372225508979983e-03 1.855252589247121525e-03 4.480408694318539580e-04 6.654001847214881249e-04 1.000000100000000021e-05 1.000000100000000021e-05 1.000000100000000021e-05 1.000000100000000021e-05 1.000000100000000021e-05 1.000000100000000021e-05 1.000000100000000021e-05 1.000000100000000021e-05 1.000000100000000021e-05 1.000000100000000021e-05
1.227990512756476152e-03 2.949468681528874796e-03 4.747315029145393779e-03 3.967381994723927219e-03 5.140251323520719957e-03 1.572469456129279696e-03 1.748249251136291781e-03 1.779088543519411836e-03 1.896260720868197689e-03 9.313132111796049856e-03 1.331572994427385214e-04 1.171540758503869344e-02 4.077030878309085768e-03 7.300134066845342419e-03 4.614998790534924344e-03 4.729182025555980252e-03 5.454204121877792404e-03 7.018233343949998281e-03 2.806655105836816655e-03 5.031423288782501529e-03 2.011968102090892861e-03 1.972719493545798362e-03 2.059057918313984738e-03 2.307948610474935564e-03 2.049945796439754057e-03 2.301973249423892257e-03 1.454804179878901350e-03 1.000000100000000021e-05 1.000000100000000021e-05 1.000000100000000021e-05 1.000000100000000021e-05 1.000000100000000021e-05 1.000000100000000021e-05 1.000000100000000021e-05 1.000000100000000021e-05 1.000000100000000021e-05 1.000000100000000021e-05
3.267562112657520362e-03 4.445556955796765332e-03 4.696133102856999732e-03 6.351220769186188136e-03 1.163098216960999770e-02 2.415494011950694575e-03 1.839330484514047287e-03 1.875652740995272742e-03 2.726221133090856938e-03 1.817537613459612247e-02 3.532530965131208678e-02 1.708895579565460413e-02 5.153082256166065245e-02 4.536099639881416984e-02 3.871681934046670298e-02 3.292209516411997994e-02 2.424941645194402320e-02 8.965092222115026918e-03 8.834411102149473255e-03 2.390544731649793357e-03 2.173378216107376033e-03 9.258362460917078608e-04 6.356992720272648494e-04 3.446593042710410153e-04 2.050626073632019915e-04 1.657258919600944108e-04 1.000000100000000021e-05 1.000000100000000021e-05 1.000000100000000021e-05 1.000000100000000021e-05 1.000000100000000021e-05 1.000000100000000021e-05 1.000000100000000021e-05 1.000000100000000021e-05 1.000000100000000021e-05 1.000000100000000021e-05 1.000000100000000021e-05
5.370841677937754008e-03 5.308758384108678251e-03 6.025160683149611424e-03 5.340751214761062585e-03 1.060653168805921441e-02 6.766992489525113473e-03 5.080663586530684284e-03 4.065261413021286144e-03 4.256233586863375495e-02 7.700934837174959469e-02 3.243165180066815562e-02 6.557344443694274050e-02 2.404570053610593713e-02 3.640297094493884309e-03 3.638983051059837062e-03 6.407333043972628789e-03 8.039890331993556835e-03 1.168842236613724592e-02 1.170775701449010622e-03 1.113838274448541825e-03 9.364082015384470742e-04 7.235684893401100534e-04 4.827625328994831913e-04 5.951864929021242166e-04 5.213749591862803286e-04 3.177913387485974172e-04 1.000000100000000021e-05 1.000000100000000021e-05 1.000000100000000021e-05 1.000000100000000021e-05 1.000000100000000021e-05 1.000000100000000021e-05 1.000000100000000021e-05 1.000000100000000021e-05 1.000000100000000021e-05 1.000000100000000021e-05 1.000000100000000021e-05
5.575413037062239112e-03 5.722636470943146154e-03 6.085587651962196844e-03 6.858665596686052031e-03 9.368846890432479604e-03 2.413118563800411079e-02 3.336304738799383135e-02 6.952907190501027290e-02 3.980950696602060523e-02 9.739939826212169619e-04 7.415985970109930476e-04 7.958116561934470198e-04 2.785848712302266272e-03 2.120637361173701493e-03 2.758465711562134719e-04 2.729384600313722298e-04 1.361676991315171909e-03 6.341061578439120437e-04 5.966625731531877532e-04 4.219143657222060588e-04 5.461702192342810219e-04 7.567128435729797951e-04 1.133068105286222545e-03 1.090943631469148923e-03 8.059666856482835661e-04 4.725322129811754561e-04 1.000000100000000021e-05 1.000000100000000021e-05 1.000000100000000021e-05 1.000000100000000021e-05 1.000000100000000021e-05 1.000000100000000021e-05 1.000000100000000021e-05 1.000000100000000021e-05 1.000000100000000021e-05 1.000000100000000021e-05 1.000000100000000021e-05
7.305624117636325306e-03 7.757410590234062320e-03 7.520683415649576618e-03 7.891951253062445479e-03 4.269529600940908526e-02 2.666077059451120793e-02 3.119231920069125835e-02 8.841270220717103046e-04 6.655251013836340542e-04 4.649599290933089388e-04 3.025566641958697396e-04 3.455816685529481064e-04 7.426777130984881002e-04 3.357883028545392053e-03 2.602649256713354415e-03 1.997881688770818120e-03 1.789218581726659436e-03 2.608058564814420832e-03 2.365703114106749473e-03 1.405996262070230820e-03 1.326557880480307931e-03 1.023426836807999436e-03 1.546049666631086781e-03 1.281225744301606661e-03 1.041914768080740190e-03 5.580835799232548335e-04 1.000000100000000021e-05 1.000000100000000021e-05 1.000000100000000021e-05 1.000000100000000021e-05 1.000000100000000021e-05 1.000000100000000021e-05 1.000000100000000021e-05 1.000000100000000021e-05 1.000000100000000021e-05 1.000000100000000021e-05 1.000000100000000021e-05
7.884841707049387860e-03 8.698025514729078658e-03 9.424912613619258403e-03 9.085981079245840711e-03 9.161363269161601486e-02 8.859570073232184151e-02 3.719034370148380339e-04 2.479520851155257526e-04 2.054208338325658417e-04 1.000000000000000021e-08 1.000000000000000021e-08 9.287562282867680525e-04 2.552179819993828994e-02 3.214447190541452892e-02 2.925155742890860402e-03 3.081024185859998314e-03 3.835581073298214086e-03 4.946414972949393467e-03 2.738344207108262159e-03 3.406209331264467132e-03 2.637351451764607078e-03 2.370837693975964139e-03 1.288305140288933687e-03 1.483370481171098539e-03 1.210959224947161543e-03 6.383570158168043419e-04 1.000000100000000021e-05 1.000000100000000021e-05 1.000000100000000021e-05 1.000000100000000021e-05 1.000000100000000021e-05 1.000000100000000021e-05 1.000000100000000021e-05 1.000000100000000021e-05 1.000000100000000021e-05 1.000000100000000021e-05 1.000000100000000021e-05
1.038749104866356840e-02 9.202500621683267976e-03 9.090357382701766409e-03 2.216214985607135868e-02 8.781887809279426138e-02 8.318135418400940395e-02 9.153214872053454850e-04 8.236281540742453012e-04 7.258588742241554306e-04 5.856732811738054722e-04 4.382020821916062263e-04 8.616399180182012603e-04 8.532275992761675573e-03 1.802934912512565904e-03 3.622500238597930761e-03 3.577382756528139224e-03 3.902861102227920664e-03 2.956084132724907769e-03 4.638243027367149572e-03 4.712060126820834770e-03 6.315813415090333616e-03 6.990790282827080530e-03 3.242362429830182233e-03 1.699355114383006805e-03 1.374769626276990415e-03 8.216033726485987877e-04 1.000000100000000021e-05 1.000000100000000021e-05 1.000000100000000021e-05 1.000000100000000021e-05 1.000000100000000021e-05 1.000000100000000021e-05 1.000000100000000021e-05 1.000000100000000021e-05 1.000000100000000021e-05 1.000000100000000021e-05 1.000000100000000021e-05
8.252163016216885333e-03 9.520282762999644072e-03 9.844816994003420529e-03 2.703589801526723804e-02 8.688380931767440696e-02 7.707609619736655038e-02 2.148302821491161925e-03 1.648469461544960950e-03 1.198068378286803407e-03 8.647117423805573055e-04 5.718596752540853687e-04 2.056118821750083840e-04 4.114851378304236994e-03 1.035722453598145014e-02 6.145994164096941006e-03 5.174396404319903456e-03 4.381903644125169361e-03 5.501553896211782042e-03 6.810495275636394528e-03 6.796888463616004156e-03 6.993023451137442628e-03 6.515997858036783053e-03 7.555371285568305076e-03 1.850430943586610670e-03 1.420672807571854435e-03 7.850921847157336323e-04 1.000000100000000021e-05 1.000000100000000021e-05 1.000000100000000021e-05 1.000000100000000021e-05 1.000000100000000021e-05 1.000000100000000021e-05 1.000000100000000021e-05 1.000000100000000021e-05 1.000000100000000021e-05 1.000000100000000021e-05 1.000000100000000021e-05
1.485551077875066350e-02 3.109791828444074396e-02 4.309986335131431312e-02 2.172518362507097622e-02 1.091088842198876738e-02 6.113325625228163696e-02 2.979570387582403633e-03 1.827157859366078342e-03 1.490270947079797969e-03 1.083662631993770895e-03 5.799446687537571131e-04 3.983446381078536319e-04 3.352006750937047610e-03 2.311560080997706462e-02 8.268585865876074137e-03 8.660392932998552812e-03 1.443173065956645726e-02 2.602006324305148471e-02 5.040794093419421334e-02 6.453578582676192110e-02 4.854048374608502248e-02 2.890347996475575373e-02 1.387077539526787931e-02 9.528152088782024937e-03 2.178123243882850238e-03 6.385215477711092547e-04 1.000000100000000021e-05 1.000000100000000021e-05 1.000000100000000021e-05 1.000000100000000021e-05 1.000000100000000021e-05 1.000000100000000021e-05 1.000000100000000021e-05 1.000000100000000021e-05 1.000000100000000021e-05 1.000000100000000021e-05 1.000000100000000021e-05
1.324694715098822910e-02 7.739437994327134571e-03 4.622116885340439747e-03 2.653753826216235200e-03 2.420339843567443413e-03 3.392049529238289757e-02 1.148840341518451470e-02 1.796558373201237891e-03 1.790259288913802812e-03 1.265809310417595392e-03 7.855219326700008716e-04 2.378028683025459238e-04 4.055354868751306907e-02 4.205108818553847383e-02 6.412485924205064969e-02 6.600426729050073993e-02 6.469615826725215457e-02 5.585075268441742208e-02 3.111204218835883495e-02 1.035134462820748273e-02 8.382828670831796516e-03 3.827775276384537059e-03 7.665033291631639760e-03 3.349515931158421160e-03 2.602976788663523278e-03 1.604666479788835216e-03 1.000000100000000021e-05 1.000000100000000021e-05 1.000000100000000021e-05 1.000000100000000021e-05 1.000000100000000021e-05 1.000000100000000021e-05 1.000000100000000021e-05 1.000000100000000021e-05 1.000000100000000021e-05 1.000000100000000021e-05 1.000000100000000021e-05
8.382099039679187513e-03 3.499354881371949909e-03 2.703298373868015352e-03 1.166583743905566387e-03 6.553433363612399306e-04 5.604050231578438027e-03 2.238641790498876322e-02 3.411288262772321431e-03 4.021736388386602107e-03 4.861349296988787781e-03 8.325266608906084845e-03 1.357915282464916898e-02 2.960173066370182932e-02 2.162397223873272628e-02 4.193567064157200860e-03 4.884147567006757659e-03 4.635930465183078601e-03 7.157751222527053599e-03 7.213727593886901102e-03 8.137121940668630427e-03 9.862716322034982552e-03 1.135246883147817722e-02 1.577457735511032496e-03 9.655423830973184143e-04 5.936835972603074149e-04 4.996445419125571889e-04 1.000000100000000021e-05 1.000000100000000021e-05 1.000000100000000021e-05 1.000000100000000021e-05 1.000000100000000021e-05 1.000000100000000021e-05 1.000000100000000021e-05 1.000000100000000021e-05 1.000000100000000021e-05 1.000000100000000021e-05 1.000000100000000021e-05
9.397967222115589936e-03 7.580623765686495853e-03 4.656360773792642821e-03 3.777442679159752521e-03 2.279398511512440231e-03 3.816214486852444274e-03 8.974611951682165412e-02 9.542365505091131295e-02 2.202614664694652405e-02 1.696901573609419997e-02 1.502521273521410100e-02 3.910257275600733523e-02 1.899647459011569173e-02 1.101930028213281114e-02 2.360752352024965417e-03 3.220028741780832718e-03 6.898538452524049548e-03 4.838891785464621842e-03 4.401635300600580114e-03 4.746797972377843691e-03 4.619743205275103279e-03 3.676503808072056553e-03 3.047460645769859561e-03 1.391412970394131010e-03 1.322528439408427294e-03 3.502017491945774870e-04 1.000000100000000021e-05 1.000000100000000021e-05 1.000000100000000021e-05 1.000000100000000021e-05 1.000000100000000021e-05 1.000000100000000021e-05 1.000000100000000021e-05 1.000000100000000021e-05 1.000000100000000021e-05 1.000000100000000021e-05 1.000000100000000021e-05
2.001314584350973730e-02 1.946829137634528001e-02 1.850121587728504810e-02 9.949231687869757035e-03 5.978942311774467465e-03 4.283379103917061073e-03 7.191139019451313341e-02 1.434990952507534572e-03 1.146191219941679849e-03 3.128038030630251568e-04 1.000000000000000021e-08 7.602490366344475531e-03 6.738077990167433418e-02 8.401962714558454740e-03 4.416268200568461248e-03 7.251725173383457429e-03 8.540811971528098137e-03 4.070069380841616000e-03 1.904726804111928117e-03 2.987605412923211197e-03 2.126242925497063077e-03 2.306436545590875679e-03 1.107075022943004600e-03 1.045107810235427993e-03 5.308467702194170738e-04 1.000000100000000021e-05 1.000000100000000021e-05 1.000000100000000021e-05 1.000000100000000021e-05 1.000000100000000021e-05 1.000000100000000021e-05 1.000000100000000021e-05 1.000000100000000021e-05 1.000000100000000021e-05 1.000000100000000021e-05 1.000000100000000021e-05 1.000000100000000021e-05
5.607050981129493329e-03 5.379680145520597707e-03 3.850459192941749036e-03 6.806471390735917282e-03 7.555573303631872573e-03 6.677241572179301587e-02 3.490681322584789081e-02 7.304014456454102112e-04 4.804001805249666335e-04 4.483875585904592218e-04 1.331461016622997829e-04 4.149056349613300387e-02 5.486029225953776428e-02 6.885097016583076324e-02 2.028510680888340884e-02 1.205810851840429139e-02 4.070210205349195434e-03 5.079400234032035479e-03 5.564431782370595284e-03 1.872055693925169569e-03 2.053096814074869061e-03 1.202023531792859729e-03 1.281270459387447071e-03 8.210473846017023614e-04 3.452148591908347900e-04 1.000000100000000021e-05 1.000000100000000021e-05 1.000000100000000021e-05 1.000000100000000021e-05 1.000000100000000021e-05 1.000000100000000021e-05 1.000000100000000021e-05 1.000000100000000021e-05 1.000000100000000021e-05 1.000000100000000021e-05 1.000000100000000021e-05 1.000000100000000021e-05
5.691346631901295083e-03 5.426246730770449382e-03 4.539564587207655169e-03 5.585760310562848385e-03 3.892868359724482863e-02 2.954344132590067465e-02 5.061316085563867572e-04 4.363069539365754227e-04 4.582494542509122043e-04 2.942056459018398996e-04 3.711166689381097139e-04 1.530041065134748503e-02 3.140967122945519108e-02 1.724152579191339700e-03 1.924977747155639683e-03 1.734548844302520512e-03 1.440686829148357228e-03 1.243931636522107578e-03 1.525347260633689358e-03 1.483588715956752745e-03 1.037265737876805118e-03 1.560090472489637347e-03 1.915703991486742037e-03 7.093374832204196127e-04 1.000000100000000021e-05 1.000000100000000021e-05 1.000000100000000021e-05 1.000000100000000021e-05 1.000000100000000021e-05 1.000000100000000021e-05 1.000000100000000021e-05 1.000000100000000021e-05 1.000000100000000021e-05 1.000000100000000021e-05 1.000000100000000021e-05 1.000000100000000021e-05 1.000000100000000021e-05
6.774457496870610849e-03 6.654162536855013493e-03 5.680824802615035314e-03 6.209890049719595656e-03 4.228809038758734457e-02 5.697301384306304112e-04 7.175915210711565542e-04 7.869122805848728988e-04 5.819463374850371642e-04 1.241495441327102696e-03 2.031497811185701240e-04 1.447324903608673830e-02 5.810373821233676302e-03 1.739237407913393632e-03 1.349959835108749265e-03 2.080904178164982073e-03 3.333763006513718822e-03 5.498774459272831030e-04 7.872974005866570065e-04 6.256734555940398007e-04 9.645788557425915948e-04 8.966537904411529293e-04 8.429916231588590074e-04 1.198037041093699944e-03 1.000000100000000021e-05 1.000000100000000021e-05 1.000000100000000021e-05 1.000000100000000021e-05 1.000000100000000021e-05 1.000000100000000021e-05 1.000000100000000021e-05 1.000000100000000021e-05 1.000000100000000021e-05 1.000000100000000021e-05 1.000000100000000021e-05 1.000000100000000021e-05 1.000000100000000021e-05
