output/water_depth_10440.asc
ncols 223
nrows 158
xllcorner 0.0
yllcorner 0.0
cellsize 30.0
[rows 102 to 118 of 158, columns 111 to 147 of 223]
1.000000000000000021e-08 1.000000000000000021e-08 1.000000000000000021e-08 1.000000000000000021e-08 1.000000000000000021e-08 1.000000000000000021e-08 1.000000000000000021e-08 1.000000000000000021e-08 1.000000000000000021e-08 2.296019758982690282e-05 4.404422986239452695e-05 1.237412121203055422e-03 5.060921525260628304e-04 6.056074155182484479e-05 1.726992890758524018e-04 1.415167297262457974e-04 3.033405705260883200e-04 1.165274413645295748e-03 1.605642394116218183e-03 8.467153969220621995e-03 4.395479998052906801e-04 1.000000000000000021e-08 1.000000000000000021e-08 1.000000000000000021e-08 1.000000000000000021e-08 1.000000000000000021e-08 1.000000000000000021e-08 1.000000000000000021e-08 1.000000000000000021e-08 1.000000000000000021e-08 1.000000000000000021e-08 1.000000000000000021e-08 1.000000000000000021e-08 1.000000000000000021e-08 1.000000000000000021e-08 1.000000000000000021e-08 1.000000000000000021e-08
1.936262620176057653e-04 2.025687382714019141e-04 2.445898473737254672e-04 1.766586803471931351e-05 1.000000000000000021e-08 1.000000000000000021e-08 1.000000000000000021e-08 1.000000000000000021e-08 1.000000000000000021e-08 1.000000000000000021e-08 3.681915247041488219e-05 8.442556144873753984e-04 5.377960696685788475e-04 9.405516724586921926e-05 8.017113503483691127e-05 1.847311322787456188e-04 1.466393270769926526e-03 1.487306496709169760e-03 3.021928593054961157e-03 9.862913279127001956e-03 3.088443768970690144e-04 1.000000000000000021e-08 1.000000000000000021e-08 1.000000000000000021e-08 1.000000000000000021e-08 1.000000000000000021e-08 1.000000000000000021e-08 1.000000000000000021e-08 1.000000000000000021e-08 1.000000000000000021e-08 1.000000000000000021e-08 1.000000000000000021e-08 1.000000000000000021e-08 1.000000000000000021e-08 1.000000000000000021e-08 1.000000000000000021e-08 1.000000000000000021e-08
2.182236821153601546e-04 3.467678532764783867e-04 4.984468187888063326e-04 6.692154857352374279e-04 7.959415306396070040e-04 8.810786692819011501e-04 6.258821000284860592e-04 4.989875692262784159e-04 4.197633614425774458e-04 3.362184861370966682e-05 2.130284289292774390e-05 6.931800789397565875e-04 1.505876409486155447e-03 2.487083353269784261e-03 2.740558994099989969e-03 4.105882161411137862e-03 3.596182229593821236e-03 4.440189160363440177e-03 4.459851912093074598e-03 1.213084599237506007e-02 2.022438464784519295e-04 1.000000000000000021e-08 1.000000000000000021e-08 1.000000000000000021e-08 1.000000000000000021e-08 1.000000000000000021e-08 1.000000000000000021e-08 1.000000000000000021e-08 1.000000000000000021e-08 1.000000000000000021e-08 1.000000000000000021e-08 1.000000000000000021e-08 1.000000000000000021e-08 1.000000000000000021e-08 1.000000000000000021e-08 1.000000000000000021e-08 1.000000000000000021e-08
9.730118466413497182e-05 1.000000000000000021e-08 1.248023782121160433e-05 2.168164346809253813e-05 1.045797503269904974e-04 1.567918857774176788e-04 6.669377874349650395e-04 8.803602973565666234e-04 1.074665319480037516e-03 1.217729112255784606e-03 1.350749345054647445e-03 1.667025439657960793e-03 1.280803937538200349e-02 1.938209138794612938e-03 2.091585762645494471e-03 1.566530677467389051e-03 1.688439430062998363e-03 1.117859158688642865e-03 1.384435313821833803e-03 7.389923759068645244e-03 7.618867067650031064e-03 1.000000000000000021e-08 1.000000000000000021e-08 1.000000000000000021e-08 1.000000000000000021e-08 1.000000000000000021e-08 1.235357495296598979e-05 1.000000000000000021e-08 1.000000000000000021e-08 1.000000000000000021e-08 1.000000000000000021e-08 1.000000000000000021e-08 1.000000000000000021e-08 1.000000000000000021e-08 1.000000000000000021e-08 1.000000000000000021e-08 1.000000000000000021e-08
3.764805212497428861e-05 2.192787048430656644e-05 1.526688254939490244e-05 1.325376918550854882e-05 1.255294699176077324e-05 1.098187348624581109e-05 1.215495938400426622e-05 1.048945006352783866e-05 1.000000000000000021e-08 1.000000000000000021e-08 1.570812505477166298e-04 1.527970459125541753e-04 8.964274515991144283e-05 1.000000000000000021e-08 1.000000000000000021e-08 1.000000000000000021e-08 1.584156280477203233e-04 5.013324451873570617e-05 1.220749208474895798e-04 4.761514174781480632e-03 9.552076578570172297e-03 1.970834220560529777e-03 1.000000000000000021e-08 1.000000000000000021e-08 1.000000000000000021e-08 1.000000000000000021e-08 1.000000000000000021e-08 1.393509487014715506e-05 1.000000000000000021e-08 1.000000000000000021e-08 1.000000000000000021e-08 1.000000000000000021e-08 1.000000000000000021e-08 1.000000000000000021e-08 1.000000000000000021e-08 1.000000000000000021e-08 1.080833016557777512e-05
2.397873757879940789e-05 2.794267802852482634e-05 2.750486072097278314e-05 3.039560091109943024e-05 3.461810297115417237e-05 3.754676171007076667e-05 3.511435323950652985e-05 3.677854816208347966e-05 1.046673284553809144e-04 6.274774505110746630e-05 1.309584367819803779e-04 1.151897749015251467e-04 1.103157371305033007e-04 8.184988409172573999e-05 6.361883265607868904e-05 1.000000000000000021e-08 1.000000000000000021e-08 1.000000000000000021e-08 7.748407888773402438e-05 3.328233649220813280e-03 2.685728759200202431e-02 8.487530650256584763e-03 2.728107427215598985e-05 1.000000000000000021e-08 1.000000000000000021e-08 1.000000000000000021e-08 1.000000000000000021e-08 2.177211993131783797e-05 1.000000000000000021e-08 1.000000000000000021e-08 1.000000000000000021e-08 1.000000000000000021e-08 1.000000000000000021e-08 1.000000000000000021e-08 1.000000000000000021e-08 1.000000000000000021e-08 2.110021922611226753e-05
1.000000000000000021e-08 1.000000000000000021e-08 2.214911063316600339e-05 3.247188438141142752e-05 4.643573175368194563e-05 7.654667055448415372e-05 9.130399137256618215e-05 1.306388850956937634e-04 1.893530438234565158e-04 2.343824532199341502e-04 1.115984453825746500e-04 1.103781262866810020e-04 1.340415384796358263e-04 1.179391385871563961e-04 1.063762478608941891e-04 7.677373743240160637e-05 5.166327375389637904e-05 1.000000000000000021e-08 6.222850979068819384e-05 2.729730065915786374e-03 9.162600875984101140e-03 2.888779798085363421e-02 8.159148684092308590e-03 4.146651806930277484e-05 1.000000000000000021e-08 1.000000000000000021e-08 1.529172747583412616e-05 1.937178063126572896e-05 1.000000000000000021e-08 1.000000000000000021e-08 1.000000000000000021e-08 1.000000000000000021e-08 1.000000000000000021e-08 1.000000000000000021e-08 1.000000000000000021e-08 1.000000000000000021e-08 3.105145828318573771e-05
1.000000000000000021e-08 1.000000000000000021e-08 1.000000000000000021e-08 2.771167065863343519e-05 1.337142452394260005e-03 1.000000000000000021e-08 1.000000000000000021e-08 1.000000000000000021e-08 1.301482519778381562e-05 2.046473907230672438e-05 7.956207118437494483e-05 1.126576802625608564e-04 1.348155854866603636e-04 1.371684154916588314e-04 1.479714505401364180e-04 2.082446282942255512e-03 1.246719278261155790e-05 1.900260087070246707e-04 8.851065378194174248e-05 3.830628113305324200e-04 1.652317697364690939e-05 5.413030218932058345e-03 7.290935443863397550e-03 6.684186612402076046e-03 3.069442450537625272e-05 1.000000000000000021e-08 1.000000000000000021e-08 1.568156623154586777e-05 1.422470739998740811e-05 1.000000000000000021e-08 1.000000000000000021e-08 1.000000000000000021e-08 1.000000000000000021e-08 1.530352682783269025e-05 1.000000000000000021e-08 2.747003215544854742e-05 2.960027395417715813e-05
1.000000000000000021e-08 1.000000000000000021e-08 1.000000000000000021e-08 2.123511174988154736e-05 8.324741821568515724e-05 1.000000000000000021e-08 1.000000000000000021e-08 1.000000000000000021e-08 1.000000000000000021e-08 1.000000000000000021e-08 8.549150345478649855e-05 2.206984021946240340e-04 2.907386917127983343e-04 2.716365503175517410e-04 2.756564906277299493e-04 3.783198383829274882e-04 1.011438443701118302e-03 7.346167465720802869e-03 1.538050878651745987e-03 3.529489786006554893e-04 5.572872671926934864e-04 5.374046058356790265e-03 6.791550419690031357e-03 6.803070240895895716e-03 6.507954347110028910e-03 9.061834295105366957e-04 8.793492952065916747e-04 2.225452874056795146e-05 1.585782196990749712e-05 1.000000000000000021e-08 1.000000000000000021e-08 1.000000000000000021e-08 1.537113848412402547e-05 1.562848208689317505e-05 2.313900869230764624e-05 2.635740872799867667e-05 3.868223641178149507e-05
1.000000000000000021e-08 1.000000000000000021e-08 1.000000000000000021e-08 1.000000000000000021e-08 8.571733178907537331e-05 6.154554009811019145e-05 4.945944560557894072e-05 1.000000000000000021e-08 1.000000000000000021e-08 1.526178431367861769e-05 2.736963258994471620e-05 1.388952564290826569e-04 2.296738925425340029e-04 4.119614372735524045e-04 6.442521350737615265e-04 6.385910164865198167e-04 6.141683414848406273e-04 3.730665399230189143e-04 8.924105138597484069e-03 2.120381368732039869e-03 1.750031113512556108e-03 3.151335750239066952e-03 1.105492425798242084e-02 3.161428352496759714e-02 7.861979520282494013e-03 5.139661599925349211e-03 5.491732778429791149e-03 3.970658158716094016e-05 1.276321880685901579e-05 1.000000000000000021e-08 1.000000000000000021e-08 1.000000000000000021e-08 3.302073921734826852e-05 2.292322887239568285e-05 1.000000000000000021e-08 2.595929852876767481e-05 4.852036275769635508e-05
1.464446028846073180e-05 2.139775323118547459e-05 6.088578183697307617e-05 1.000000000000000021e-08 5.551272336389479096e-05 8.016679457663139724e-05 1.057671696952661183e-04 1.538950743601963074e-04 2.184674173523563630e-04 1.760839316034729682e-04 2.494193123758278057e-04 2.323023852029663255e-04 1.982570370675393822e-04 1.669732302476081452e-04 1.258894603424496391e-04 9.085960503714740947e-05 1.000000000000000021e-08 9.705288286787283549e-05 4.344708908860966435e-05 5.104683345639626400e-05 1.000000000000000021e-08 2.161238721816414153e-03 5.075601917775451020e-03 1.340758405576716362e-02 1.313251976682489573e-02 1.556253514108612949e-02 9.685199210082214016e-02 9.487529174686556988e-02 8.649183061329419149e-05 1.763897086376679425e-05 2.410514764376871878e-05 1.000000000000000021e-08 4.975936405921720096e-03 4.421013697244357415e-03 3.353377035604074345e-05 1.000000000000000021e-08 4.442284720124511411e-05
1.000000000000000021e-08 2.647202368031107233e-05 9.644788191835699403e-05 1.000000000000000021e-08 1.000000000000000021e-08 1.000000000000000021e-08 1.000000000000000021e-08 1.000000000000000021e-08 1.000000000000000021e-08 2.400641674051679723e-04 1.671100375881646408e-04 1.019862466618376589e-05 1.000000000000000021e-08 4.834937130173314843e-05 3.898952397207451192e-05 3.884059287005400872e-05 3.747626517524261586e-05 3.142844401597367175e-05 2.201174715719289942e-05 3.584136820571644352e-05 2.175337448525503040e-03 2.990469625857436128e-03 6.607977265304813830e-03 6.502731046414358777e-03 9.121154349741910153e-03 1.075407420355462863e-02 9.362598145661395199e-02 8.895094176416337706e-02 6.903656356140963624e-02 2.477766270951841168e-02 2.403883957355528594e-02 2.193581670491996649e-02 1.942237235161690945e-02 1.962589240765134219e-02 2.717602659011164254e-02 2.744326502836614418e-02 2.102085323770868091e-04
1.000000000000000021e-08 4.852826043254223525e-04 6.124090566166406945e-04 7.080871788622783262e-04 1.000000000000000021e-08 1.000000000000000021e-08 1.000000000000000021e-08 1.000000000000000021e-08 1.000000000000000021e-08 1.373717707838949449e-04 1.207233452506071045e-04 8.631463171903141541e-05 6.768857548448045636e-05 5.186619848529996761e-05 4.469863813714993145e-05 3.688617930302496813e-05 2.342796636808755606e-05 1.000000000000000021e-08 1.000000000000000021e-08 3.538233938747979067e-05 8.980295204834337977e-03 1.453008198336402067e-02 9.260821169846028544e-03 5.504413603409432330e-03 3.506021230985247213e-03 2.248457488172753670e-03 1.482594331028141369e-03 1.054420936796678348e-03 5.462268324197477399e-04 4.036280207854627119e-04 2.673512722538944324e-04 5.080436554742068060e-03 6.903605061815086194e-03 9.312338100151976855e-03 6.414153840011173162e-03 2.991810360469120827e-02 1.906886831571823551e-02
3.532516492688231660e-03 3.239676485183391112e-04 4.163923555501400234e-04 1.050939525355127973e-03 9.385082604974006107e-03 6.257253820818427931e-03 9.032492186217507598e-04 6.352253602554396332e-04 4.291579043867824747e-04 2.172238028698027625e-04 1.035612778790416424e-04 5.507940735876434781e-05 3.312304656876213300e-05 2.053034298730080083e-05 2.467211433961617845e-05 2.993209480081835991e-05 1.792858260264157920e-03 1.170459457941021471e-03 8.080164842879147260e-04 1.421033448348350305e-02 3.313644855002065293e-02 1.003789629927055553e-02 5.139511326611384621e-05 1.000000000000000021e-08 1.000000000000000021e-08 1.000000000000000021e-08 1.000000000000000021e-08 1.000000000000000021e-08 1.000000000000000021e-08 1.000000000000000021e-08 6.446884760888402038e-05 1.275450542203318723e-03 2.213278861498417689e-03 1.711623980956793016e-03 1.300433102103529118e-03 1.085910163464119454e-03 1.780693120154262787e-02
1.000000000000000021e-08 1.000000000000000021e-08 1.000000000000000021e-08 1.000000000000000021e-08 1.000000000000000021e-08 1.296185274737193327e-03 1.787345238065379555e-03 2.018606920651102709e-03 1.178733376189838996e-03 7.743544555740677210e-04 4.941360129106808254e-04 3.205017889234987403e-04 2.239817714224227353e-04 1.808721026800229304e-04 8.965851661776888873e-03 1.114611118313775517e-02 8.691542147532912987e-03 1.134286205154547665e-02 1.414196919377764053e-02 1.406742398561669494e-02 3.790250993399063746e-03 1.000000000000000021e-08 1.000000000000000021e-08 1.000000000000000021e-08 1.000000000000000021e-08 1.000000000000000021e-08 1.000000000000000021e-08 1.000000000000000021e-08 1.000000000000000021e-08 4.801112259231997154e-04 7.383571084341799618e-04 6.567348465055452026e-04 6.597671196000790949e-04 6.085193601138907124e-04 3.297496795834965223e-04 3.565168482342520161e-04 5.311977763012260857e-03
1.000000000000000021e-08 1.272282267842288699e-05 1.411511929746493192e-05 3.156303060626109228e-05 1.000000000000000021e-08 1.000000000000000021e-08 1.000000000000000021e-08 1.926269057818016635e-04 7.740702951508094667e-04 8.952256082375146433e-04 7.105995027103632639e-04 6.681455729607780865e-04 2.336016067726542911e-03 4.549350136492846114e-02 2.985019573531385792e-02 6.167833692707304881e-03 4.268010712338162448e-03 4.162713446026336701e-03 7.890481555091827725e-04 1.144253189557923364e-04 1.000000000000000021e-08 1.000000000000000021e-08 1.000000000000000021e-08 1.000000000000000021e-08 1.000000000000000021e-08 1.000000000000000021e-08 1.000000000000000021e-08 9.039059983244838038e-05 6.256474201889343284e-04 5.811390801573260287e-04 5.648290287614836282e-04 3.660595731814278008e-03 3.596628239474343285e-04 2.513847958577892887e-04 2.369437322675027019e-05 1.818779368169007267e-05 2.214864865003412196e-05
3.370766154610350241e-05 3.412729924265351788e-05 4.699671134837487332e-05 1.119885412106047870e-04 1.578345676091630882e-05 1.000000000000000021e-08 1.000000000000000021e-08 1.013738451721296358e-04 5.553736757568200318e-04 8.362695357475997656e-04 7.718391941370099287e-04 7.341393166133058576e-03 9.731445488587429221e-03 1.113739915527815413e-02 5.001824019454092184e-03 3.735066055557007014e-04 1.000000000000000021e-08 1.162185925740805174e-05 1.000000000000000021e-08 1.000000000000000021e-08 1.000000000000000021e-08 1.000000000000000021e-08 1.000000000000000021e-08 1.000000000000000021e-08 1.000000000000000021e-08 1.000000000000000021e-08 9.317367055182042539e-04 9.613429743432783808e-04 6.430344199057950409e-04 6.684783277699098115e-05 5.099294350928518189e-05 5.159661959367277390e-05 1.590824284192598180e-05 1.000000000000000021e-08 1.062772498374450427e-05 1.000000000000000021e-08 1.000000000000000021e-08
