output/water_depth_6360.asc
ncols 223
nrows 158
xllcorner 0.0
yllcorner 0.0
cellsize 30.0
[rows 68 to 84 of 158, columns 111 to 147 of 223]
1.000000000000000021e-08 1.148512642593522092e-04 1.000000000000000021e-08 1.382353123187851904e-05 1.000000000000000021e-08 1.879020342872748806e-05 1.000000000000000021e-08 1.000000000000000021e-08 2.162251156329318160e-05 3.642591396558484871e-04 2.201769552559685792e-04 1.202144790846783258e-04 1.197038350978737047e-05 1.000000000000000021e-08 1.000000000000000021e-08 1.000000000000000021e-08 1.000000000000000021e-08 1.000000000000000021e-08 1.000000000000000021e-08 1.000000000000000021e-08 1.000000000000000021e-08 1.000000000000000021e-08 1.000000000000000021e-08 1.000000000000000021e-08 1.000000000000000021e-08 1.113376587945645464e-05 1.107759470186529559e-05 3.160704449335846464e-05 4.236291236614636406e-03 5.586733230706707838e-04 1.000000000000000021e-08 1.000000000000000021e-08 4.106254398764387197e-05 4.072078162035725358e-05 1.000000000000000021e-08 1.000000000000000021e-08 1.727015925962258188e-05
1.488080718289457342e-04 6.054278600307967575e-04 2.058133044947873733e-03 7.006588642768958944e-03 9.131432589211781886e-03 6.202818951024804614e-03 5.697576055664716095e-03 2.154759257214517712e-05 1.234682090074256255e-05 1.888486984881808742e-05 1.071511175733739742e-04 1.000000000000000021e-08 1.000000000000000021e-08 1.000000000000000021e-08 1.000000000000000021e-08 1.000000000000000021e-08 1.000000000000000021e-08 1.000000000000000021e-08 1.000000000000000021e-08 1.000000000000000021e-08 1.000000000000000021e-08 1.619621723814321728e-05 2.995244038770456858e-05 1.000000000000000021e-08 1.000000000000000021e-08 1.000000000000000021e-08 1.000000000000000021e-08 1.000000000000000021e-08 1.369770854874780414e-05 6.883553609885397113e-04 4.810921234915004128e-04 3.616701284924534647e-04 8.643342161289270065e-05 4.438742291728069785e-05 1.000000000000000021e-08 1.000000000000000021e-08 1.576740019678653731e-05
3.625695549660742662e-03 1.051698960554220581e-02 1.004924119032869420e-02 6.798907806046338917e-03 4.692862715963017073e-03 8.909304734905221582e-03 1.110771900243234106e-02 2.893134333118399081e-03 1.000000000000000021e-08 1.000000000000000021e-08 1.000000000000000021e-08 1.000000000000000021e-08 1.000000000000000021e-08 1.000000000000000021e-08 1.405750239683773029e-05 1.000000000000000021e-08 1.000000000000000021e-08 1.000000000000000021e-08 1.000000000000000021e-08 1.000000000000000021e-08 1.000000000000000021e-08 2.855339523548928080e-05 1.000000000000000021e-08 1.000000000000000021e-08 1.000000000000000021e-08 1.000000000000000021e-08 1.000000000000000021e-08 1.000000000000000021e-08 1.000000000000000021e-08 6.506277789737822102e-05 4.160871760117767029e-04 6.623631114283173524e-05 1.000000000000000021e-08 4.710807921236725320e-05 1.000000000000000021e-08 1.000000000000000021e-08 1.457267946015566080e-05
2.292671825468965783e-03 3.369947478360336892e-03 1.734595265576663054e-04 1.000000000000000021e-08 1.000000000000000021e-08 1.000000000000000021e-08 1.106218790757092577e-02 1.153452897056094807e-02 1.639439798882960187e-05 1.000000000000000021e-08 1.000000000000000021e-08 1.000000000000000021e-08 1.000000000000000021e-08 1.041766936594746475e-05 1.000000000000000021e-08 1.000000000000000021e-08 1.000000000000000021e-08 1.000000000000000021e-08 1.000000000000000021e-08 1.000000000000000021e-08 1.000000000000000021e-08 2.932488666745099786e-05 3.434366181923106384e-05 1.000000000000000021e-08 1.000000000000000021e-08 1.000000000000000021e-08 1.000000000000000021e-08 1.000000000000000021e-08 1.424122300561285336e-05 8.218553285429830999e-05 4.706697634994836364e-04 1.106757277524547710e-03 2.026338916022679508e-04 3.621625900922982193e-05 1.000000000000000021e-08 1.000000000000000021e-08 1.706615615159505424e-05
1.320000126592107883e-03 1.692952369565733006e-03 2.685200231277821438e-04 1.000000000000000021e-08 1.000000000000000021e-08 1.000000000000000021e-08 3.054683386595100428e-03 1.274072117161729675e-02 9.001244481566004563e-05 1.000000000000000021e-08 1.000000000000000021e-08 1.000000000000000021e-08 1.000000000000000021e-08 1.000000000000000021e-08 1.000000000000000021e-08 1.000000000000000021e-08 1.000000000000000021e-08 1.000000000000000021e-08 1.000000000000000021e-08 1.000000000000000021e-08 1.000000000000000021e-08 1.000000000000000021e-08 5.247446423882241872e-05 1.000000000000000021e-08 1.000000000000000021e-08 1.000000000000000021e-08 1.000000000000000021e-08 1.375751347822731481e-05 1.000000000000000021e-08 1.000000000000000021e-08 1.000000000000000021e-08 9.916291012797041893e-04 1.409976966644554183e-03 2.497843487275075227e-05 1.000000000000000021e-08 1.000000000000000021e-08 1.000000000000000021e-08
1.098781382610956815e-04 1.292262299698557822e-03 1.810746321471907484e-04 2.194385519366138127e-04 2.032161546377220208e-04 3.060671045581613188e-04 2.634673674462503778e-04 4.340623633563603367e-02 1.188624206723758701e-02 7.529595549295116158e-05 1.000000000000000021e-08 1.000000000000000021e-08 1.000000000000000021e-08 1.000000000000000021e-08 1.000000000000000021e-08 1.000000000000000021e-08 1.000000000000000021e-08 1.000000000000000021e-08 1.000000000000000021e-08 1.000000000000000021e-08 1.000000000000000021e-08 1.000000000000000021e-08 7.331531908847322614e-05 1.000000000000000021e-08 1.000000000000000021e-08 1.000000000000000021e-08 1.000000000000000021e-08 1.000000000000000021e-08 1.000000000000000021e-08 1.000000000000000021e-08 1.000000000000000021e-08 1.000000000000000021e-08 7.438005572693677774e-04 5.274053697933907834e-04 2.789534003587562628e-04 1.728393786758910351e-04 1.194544550371508750e-04
1.872568065551951256e-03 2.275287623694351939e-04 1.968571356363868022e-05 1.305433694608178323e-05 1.667340077372081518e-04 1.339062983347635654e-04 1.000000000000000021e-08 1.000000000000000021e-08 1.207534865630405761e-02 2.393284328086630643e-03 1.027642949829569290e-05 1.000000000000000021e-08 1.000000000000000021e-08 1.000000000000000021e-08 1.000000000000000021e-08 1.000000000000000021e-08 1.000000000000000021e-08 1.000000000000000021e-08 4.441210437986666914e-05 1.000000000000000021e-08 1.000000000000000021e-08 2.626359427125556304e-05 9.545530150639012644e-05 1.000000000000000021e-08 1.000000000000000021e-08 1.000000000000000021e-08 1.000000000000000021e-08 1.000000000000000021e-08 1.000000000000000021e-08 1.000000000000000021e-08 1.000000000000000021e-08 1.000000000000000021e-08 4.741548331960440335e-05 5.728687877900768026e-04 2.895561210032212814e-04 1.972151579571457508e-04 1.000000000000000021e-08
3.300848895405719078e-03 1.859065424501529979e-04 1.510719786977950554e-05 1.743123785314952594e-05 1.774080843316772272e-05 3.648077037820930744e-05 1.000000000000000021e-08 1.000000000000000021e-08 1.249814101460124983e-02 7.689834669230857789e-02 6.808720696941771011e-02 1.478131032252025310e-04 1.000000000000000021e-08 1.050263631681559114e-05 1.518217599780879973e-05 1.576678139011412330e-05 2.228526572868025140e-05 1.000000000000000021e-08 2.004106221451771794e-02 1.505439629946001001e-02 2.036837026113730298e-02 2.065913241033499534e-02 1.973485221036171827e-02 1.287611679161177261e-02 1.274531253565189953e-02 2.828293717470998920e-05 1.000000000000000021e-08 1.000000000000000021e-08 1.000000000000000021e-08 1.000000000000000021e-08 1.000000000000000021e-08 1.000000000000000021e-08 3.419475285830385022e-04 5.000714145793962477e-04 2.989378548216701419e-04 2.117712454679970867e-04 1.079240632356597425e-04
7.015095178204110160e-03 1.733675788442019361e-04 1.278995812658149265e-05 4.515088565528005041e-05 6.243782936240988349e-05 4.000054729560304623e-05 3.272677692515462062e-05 1.000000000000000021e-08 2.886979136336672739e-05 4.084038352722728561e-05 5.026100890005591459e-02 1.723480618565040659e-02 1.754944943871581883e-02 1.808223089256299695e-02 1.852046931191435666e-02 1.903344116543718295e-02 1.447025411975212152e-02 2.026017368753760609e-02 1.972280893377377498e-02 1.000000000000000021e-08 1.000000000000000021e-08 1.000000000000000021e-08 4.614917604566943013e-03 1.573433746665560060e-02 8.945474938662778541e-02 6.926780378641117508e-02 2.948764902684058021e-04 3.473409811303867242e-05 2.375670877006310158e-05 1.000000000000000021e-08 1.000000000000000021e-08 1.025944877093008291e-05 1.084237230613220061e-02 1.957647074787335212e-02 2.182439919484440577e-02 2.384590385445216690e-02 5.596588857850833681e-02
8.375945640278742443e-03 1.759953345602817496e-03 2.136765870697118798e-05 1.000000000000000021e-08 1.000000000000000021e-08 1.009637578781998460e-05 1.000000000000000021e-08 1.575298867620482675e-05 1.735010469347433347e-05 1.880883810136828088e-05 3.245440801713761855e-05 1.000000000000000021e-08 4.353372455280113705e-05 8.922680851264759528e-05 1.000000000000000021e-08 2.317645005011202838e-05 1.000000000000000021e-08 1.143383390897692151e-05 1.039646575318518520e-05 1.124963735476080798e-05 2.133300118416362113e-05 1.000000000000000021e-08 1.606934702860595335e-05 3.021232511034403282e-05 6.097636839125204029e-05 2.429822006597602210e-02 2.469024920293916639e-02 2.508531324490344966e-02 2.390397387773100443e-02 2.261486808447645686e-02 2.199241426562441315e-02 2.156430219279923191e-02 1.490402590527126203e-02 9.480896380580819405e-03 2.442835105730793016e-03 7.349250881252683554e-04 4.781729604268544070e-02
6.756846559978349660e-03 6.909675150350989142e-03 4.146776319449722501e-05 1.000000000000000021e-08 1.025617703773062921e-05 1.325028211319958195e-05 1.648220142151029871e-05 1.003018316879017930e-05 1.060907930846431943e-05 1.000000000000000021e-08 1.000000000000000021e-08 5.211155543248055673e-05 5.403949896646402810e-05 8.241963724514166263e-05 1.000000000000000021e-08 1.000000000000000021e-08 1.000000000000000021e-08 1.000000000000000021e-08 1.000000000000000021e-08 1.000000000000000021e-08 1.252345377895290727e-05 1.561982412327193176e-05 1.616820005131424406e-05 1.862090981683955102e-05 1.000000000000000021e-08 8.083353317194905856e-05 1.000000000000000021e-08 5.289062846433413215e-05 1.000000000000000021e-08 3.133969434792605849e-05 1.909717407153682783e-05 1.000000000000000021e-08 1.000000000000000021e-08 1.000000000000000021e-08 1.000000000000000021e-08 1.000000000000000021e-08 1.014947638886833748e-04
4.629142694691349737e-03 5.951169129052395583e-03 6.221419916209500363e-03 4.036672094323263629e-05 1.000000000000000021e-08 1.448911871672838441e-05 2.141700297449545168e-05 3.411139307487748984e-05 1.000000000000000021e-08 1.000000000000000021e-08 8.101820598848255355e-05 7.371167033237389107e-05 4.065935568538227524e-05 4.100304101012683362e-05 1.000000000000000021e-08 1.000000000000000021e-08 1.000000000000000021e-08 1.000000000000000021e-08 1.000000000000000021e-08 1.000000000000000021e-08 1.000000000000000021e-08 1.154988996498005838e-05 1.273151066479571517e-05 1.238087968207236552e-05 1.387143456790313322e-05 1.000000000000000021e-08 1.683369387557640443e-05 1.000000000000000021e-08 1.000000000000000021e-08 1.000000000000000021e-08 1.192317360584198665e-05 1.000000000000000021e-08 1.000000000000000021e-08 1.000000000000000021e-08 1.274796313174388037e-05 1.000000000000000021e-08 6.058557199617080276e-05
6.117094480302446256e-03 1.152488119876826991e-02 6.814841705153587559e-02 5.992741588652429618e-02 4.713709183548641518e-02 1.087143413855242921e-02 9.618470136312763652e-03 1.868943450347101054e-03 1.114329028539403754e-03 9.006030021562910250e-04 1.375105092909990250e-04 1.000000000000000021e-08 1.000000000000000021e-08 1.000000000000000021e-08 1.000000000000000021e-08 1.000000000000000021e-08 1.423723411522071393e-05 1.565783177516962766e-05 1.000000000000000021e-08 1.000000000000000021e-08 1.000000000000000021e-08 1.000000000000000021e-08 1.000000000000000021e-08 1.000000000000000021e-08 1.000000000000000021e-08 3.056811859918090744e-05 1.175232850526996684e-05 1.828971693604912284e-05 1.000000000000000021e-08 1.000000000000000021e-08 1.000000000000000021e-08 1.000000000000000021e-08 1.000000000000000021e-08 1.000000000000000021e-08 1.179448746825971658e-05 1.010561819806713288e-05 4.239247921100772529e-05
2.982309146619339327e-03 2.445882237248243971e-03 1.549166988915359582e-03 9.301048083389226642e-04 3.942629615722933480e-04 6.966905265607849750e-03 8.449114517226337037e-03 2.448605013111902155e-03 2.276317671329971572e-03 7.174932743138528113e-04 8.563817727409794389e-05 1.000000000000000021e-08 1.000000000000000021e-08 1.082679329811248204e-05 1.368006546947719856e-05 1.608209586470023787e-05 3.759707156328117244e-05 1.000000000000000021e-08 1.000000000000000021e-08 1.079113528370693803e-05 1.449320467130842683e-05 1.869945809101570736e-05 1.356773851542138765e-05 1.626305989976882353e-05 5.092800867560173171e-05 1.798418779112074029e-05 1.224838977877872005e-05 1.000000000000000021e-08 1.000000000000000021e-08 1.000000000000000021e-08 1.000000000000000021e-08 1.000000000000000021e-08 1.000000000000000021e-08 1.000000000000000021e-08 1.266865785767953160e-05 1.000000000000000021e-08 4.370652667914820175e-05
2.000776707310097761e-03 1.082230901231534927e-03 5.187903915163342029e-04 2.629345911972138920e-04 2.454894138581179626e-04 1.354185662731345217e-03 3.066520915070675146e-03 3.454919574563077543e-03 4.043924861938302806e-03 6.079282476176623611e-04 7.270879379378025525e-05 1.000000000000000021e-08 1.000000000000000021e-08 1.315425820279909193e-05 2.118460851493993358e-05 2.995745574614895422e-05 1.000000000000000021e-08 1.000000000000000021e-08 1.245864207445433108e-05 1.767457080823047949e-05 2.305872328662724141e-05 3.174337918794319492e-05 4.821198561723785280e-05 1.179697689640710158e-04 1.115519775753828427e-04 1.000000000000000021e-08 1.000000000000000021e-08 1.000000000000000021e-08 1.000000000000000021e-08 1.000000000000000021e-08 1.000000000000000021e-08 1.000000000000000021e-08 1.000000000000000021e-08 1.000000000000000021e-08 1.332997277881156810e-05 1.000000000000000021e-08 5.134618129241648281e-05
4.433430608118609862e-04 2.023084654278057811e-04 3.179841976653101691e-04 2.467176303097031701e-04 2.335089525233699948e-04 8.734746958351178843e-04 1.235379857991431582e-03 6.167626137993672750e-03 3.630941920616156601e-03 3.988102844826752489e-04 5.789536702870287465e-05 1.000000000000000021e-08 1.022262534699607391e-05 1.917575589069426054e-05 2.288445090055810514e-05 3.005411901548966721e-05 2.770361127003799005e-05 2.090280787956845345e-05 1.000000000000000021e-08 1.832553098520555053e-05 1.000000000000000021e-08 1.092192275846033022e-04 7.861242022096109503e-05 7.961100721395602956e-05 1.000000000000000021e-08 1.197190158418908181e-05 1.665230979496503687e-05 1.157920955325458280e-05 1.000000000000000021e-08 1.000000000000000021e-08 1.000000000000000021e-08 1.364787772265863979e-05 1.000000000000000021e-08 1.000000000000000021e-08 1.191688872443014743e-05 1.000000000000000021e-08 5.467509618857493498e-05
7.656961176365776256e-05 5.887372293258426287e-05 7.396982205535836477e-05 4.558305356773875434e-04 3.446986929650786013e-04 2.776831244819399241e-04 1.260431975762870685e-03 1.379988932065687526e-02 3.790364314474592693e-03 1.000000000000000021e-08 9.956251815744912375e-05 2.318330708161496644e-05 1.000000000000000021e-08 1.000000000000000021e-08 2.329380175294749536e-05 1.000000000000000021e-08 2.134619772905438077e-05 3.688542594827470865e-05 1.000000000000000021e-08 1.000000000000000021e-08 1.000000000000000021e-08 7.302787969351625047e-05 1.562805998490328461e-04 5.794154041104665470e-05 1.000000000000000021e-08 1.000000000000000021e-08 1.542126710249983027e-05 1.000000000000000021e-08 4.404295148713916228e-05 3.661560091276961124e-05 3.852869693629299292e-05 1.695853251735887223e-05 1.000000000000000021e-08 1.000000000000000021e-08 1.000000000000000021e-08 8.954882130937215985e-05 4.246761611307633386e-05
