output/water_depth_7680.asc
ncols 223
nrows 158
xllcorner 0.0
yllcorner 0.0
cellsize 30.0
[rows 51 to 67 of 158, columns 37 to 73 of 223]
1.000000100000000021e-05 1.000000100000000021e-05 1.000000100000000021e-05 1.000000100000000021e-05 1.000000100000000021e-05 1.000000100000000021e-05 1.000000100000000021e-05 1.000000100000000021e-05 1.000000100000000021e-05 1.000000100000000021e-05 1.000000100000000021e-05 1.000000100000000021e-05 1.000000100000000021e-05 1.000000100000000021e-05 1.000000100000000021e-05 1.000000100000000021e-05 1.000000100000000021e-05 1.000000100000000021e-05 1.000000100000000021e-05 1.000000100000000021e-05 1.000000100000000021e-05 1.000000100000000021e-05 1.000000100000000021e-05 1.000000100000000021e-05 1.000000100000000021e-05 1.000000100000000021e-05 1.000000100000000021e-05 1.000000100000000021e-05 1.000000100000000021e-05 1.000000100000000021e-05 1.000000100000000021e-05 1.000000100000000021e-05 1.774475901067764085e-05 3.726564126989921182e-05 3.985552734838344370e-05 2.524885397668303182e-05 2.542085045276844718e-05
1.000000100000000021e-05 1.000000100000000021e-05 1.000000100000000021e-05 1.000000100000000021e-05 1.000000100000000021e-05 1.000000100000000021e-05 1.000000100000000021e-05 1.000000100000000021e-05 1.000000100000000021e-05 1.000000100000000021e-05 1.000000100000000021e-05 1.000000100000000021e-05 1.000000100000000021e-05 1.000000100000000021e-05 1.000000100000000021e-05 1.000000100000000021e-05 1.000000100000000021e-05 1.000000100000000021e-05 1.000000100000000021e-05 1.000000100000000021e-05 1.000000100000000021e-05 1.000000100000000021e-05 1.000000100000000021e-05 1.000000100000000021e-05 1.000000100000000021e-05 1.000000100000000021e-05 1.000000100000000021e-05 1.000000100000000021e-05 1.000000100000000021e-05 1.000000100000000021e-05 1.000000100000000021e-05 1.000000100000000021e-05 1.000000000000000021e-08 1.121017625522249670e-05 5.700398952787872031e-05 8.903031832887610983e-05 1.000000000000000021e-08
1.000000100000000021e-05 1.000000100000000021e-05 1.000000100000000021e-05 1.000000100000000021e-05 1.000000100000000021e-05 1.000000100000000021e-05 1.000000100000000021e-05 1.000000100000000021e-05 1.000000100000000021e-05 1.000000100000000021e-05 1.000000100000000021e-05 1.000000100000000021e-05 1.000000100000000021e-05 1.000000100000000021e-05 1.000000100000000021e-05 1.000000100000000021e-05 1.000000100000000021e-05 1.000000100000000021e-05 1.000000100000000021e-05 1.000000100000000021e-05 1.000000100000000021e-05 1.000000100000000021e-05 1.000000100000000021e-05 1.000000100000000021e-05 1.000000100000000021e-05 1.000000100000000021e-05 1.000000100000000021e-05 1.000000100000000021e-05 1.000000100000000021e-05 1.000000100000000021e-05 1.000000100000000021e-05 1.000000100000000021e-05 1.000000000000000021e-08 1.000000000000000021e-08 1.000000000000000021e-08 2.344228597453134816e-05 3.419789186017149421e-05
1.000000100000000021e-05 1.000000100000000021e-05 1.000000100000000021e-05 1.000000100000000021e-05 1.000000100000000021e-05 1.000000100000000021e-05 1.000000100000000021e-05 1.000000100000000021e-05 1.000000100000000021e-05 1.000000100000000021e-05 1.000000100000000021e-05 1.000000100000000021e-05 1.000000100000000021e-05 1.000000100000000021e-05 1.000000100000000021e-05 1.000000100000000021e-05 1.000000100000000021e-05 1.000000100000000021e-05 1.000000100000000021e-05 1.000000100000000021e-05 1.000000100000000021e-05 1.000000100000000021e-05 1.000000100000000021e-05 1.000000100000000021e-05 1.000000100000000021e-05 1.000000100000000021e-05 1.000000100000000021e-05 1.000000100000000021e-05 1.000000100000000021e-05 1.000000100000000021e-05 1.000000100000000021e-05 1.000000000000000021e-08 1.000000000000000021e-08 1.000000000000000021e-08 1.000000000000000021e-08 1.000000000000000021e-08 1.273131970134831496e-05
1.000000100000000021e-05 1.000000100000000021e-05 1.000000100000000021e-05 1.000000100000000021e-05 1.000000100000000021e-05 1.000000100000000021e-05 1.000000100000000021e-05 1.000000100000000021e-05 1.000000100000000021e-05 1.000000100000000021e-05 1.000000100000000021e-05 1.000000100000000021e-05 1.000000100000000021e-05 1.000000100000000021e-05 1.000000100000000021e-05 1.000000100000000021e-05 1.000000100000000021e-05 1.000000100000000021e-05 1.000000100000000021e-05 1.000000100000000021e-05 1.000000100000000021e-05 1.000000100000000021e-05 1.000000100000000021e-05 1.000000100000000021e-05 1.000000100000000021e-05 1.000000100000000021e-05 1.000000100000000021e-05 1.000000100000000021e-05 1.000000100000000021e-05 1.000000100000000021e-05 1.000000000000000021e-08 1.000000000000000021e-08 1.247795227439701460e-05 1.509723415661387937e-05 1.618589619773621899e-05 1.538484588931085726e-05 1.444209831913735879e-05
1.000000100000000021e-05 1.000000100000000021e-05 1.000000100000000021e-05 1.000000100000000021e-05 1.000000100000000021e-05 1.000000100000000021e-05 1.000000100000000021e-05 1.000000100000000021e-05 1.000000100000000021e-05 1.000000100000000021e-05 1.000000100000000021e-05 1.000000100000000021e-05 1.000000100000000021e-05 1.000000100000000021e-05 1.000000100000000021e-05 1.000000100000000021e-05 1.000000100000000021e-05 1.000000100000000021e-05 1.000000100000000021e-05 1.000000100000000021e-05 1.000000100000000021e-05 1.000000100000000021e-05 1.000000100000000021e-05 1.000000100000000021e-05 1.000000100000000021e-05 1.000000100000000021e-05 1.000000100000000021e-05 1.000000100000000021e-05 1.000000100000000021e-05 1.000000000000000021e-08 1.000000000000000021e-08 2.701895725878282505e-05 3.009365167651995203e-05 2.836147438358415054e-05 1.000000000000000021e-08 1.000000000000000021e-08 1.000000000000000021e-08
1.000000100000000021e-05 1.000000100000000021e-05 1.000000100000000021e-05 1.000000100000000021e-05 1.000000100000000021e-05 1.000000100000000021e-05 1.000000100000000021e-05 1.000000100000000021e-05 1.000000100000000021e-05 1.000000100000000021e-05 1.000000100000000021e-05 1.000000100000000021e-05 1.000000100000000021e-05 1.000000100000000021e-05 1.000000100000000021e-05 1.000000100000000021e-05 1.000000100000000021e-05 1.000000100000000021e-05 1.000000100000000021e-05 1.000000100000000021e-05 1.000000100000000021e-05 1.000000100000000021e-05 1.000000100000000021e-05 1.000000100000000021e-05 1.000000100000000021e-05 1.000000100000000021e-05 1.000000100000000021e-05 1.000000100000000021e-05 1.000000000000000021e-08 1.000000000000000021e-08 1.000000000000000021e-08 1.247479156152864064e-05 3.663816242455134498e-05 3.733668635002212804e-05 1.000000000000000021e-08 1.000000000000000021e-08 1.000000000000000021e-08
1.000000100000000021e-05 1.000000100000000021e-05 1.000000100000000021e-05 1.000000100000000021e-05 1.000000100000000021e-05 1.000000100000000021e-05 1.000000100000000021e-05 1.000000100000000021e-05 1.000000100000000021e-05 1.000000100000000021e-05 1.000000100000000021e-05 1.000000100000000021e-05 1.000000100000000021e-05 1.000000100000000021e-05 1.000000100000000021e-05 1.000000100000000021e-05 1.000000100000000021e-05 1.000000100000000021e-05 1.000000100000000021e-05 1.000000100000000021e-05 1.000000100000000021e-05 1.000000100000000021e-05 1.000000100000000021e-05 1.000000100000000021e-05 1.000000100000000021e-05 1.000000100000000021e-05 1.168735737699823730e-05 1.000000000000000021e-08 1.000000000000000021e-08 1.000000000000000021e-08 1.378840445785699104e-05 2.612936752188840404e-05 2.305241412097548985e-05 1.000000000000000021e-08 1.000000000000000021e-08 1.000000000000000021e-08 1.000000000000000021e-08
1.000000100000000021e-05 1.000000100000000021e-05 1.000000100000000021e-05 1.000000100000000021e-05 1.000000100000000021e-05 1.000000100000000021e-05 1.000000100000000021e-05 1.000000100000000021e-05 1.000000100000000021e-05 1.000000100000000021e-05 1.000000100000000021e-05 1.000000100000000021e-05 1.000000100000000021e-05 1.000000100000000021e-05 1.000000100000000021e-05 1.000000100000000021e-05 1.000000100000000021e-05 1.000000100000000021e-05 1.000000100000000021e-05 1.000000100000000021e-05 1.000000100000000021e-05 1.000000100000000021e-05 1.000000100000000021e-05 3.381363426342636971e-05 1.000000000000000021e-08 1.000000000000000021e-08 1.181562829785525049e-05 1.212784539414159879e-05 1.239603097656219452e-05 1.454503071385870802e-05 1.331210931945715005e-05 1.326187618347774154e-05 2.519112446970181828e-05 2.558241584585363201e-05 5.103315731597879044e-05 7.607572404916106016e-05 5.803339263244528548e-05
1.000000100000000021e-05 1.000000100000000021e-05 1.000000100000000021e-05 1.000000100000000021e-05 1.000000100000000021e-05 1.000000100000000021e-05 1.000000100000000021e-05 1.000000100000000021e-05 1.000000100000000021e-05 1.000000100000000021e-05 1.000000100000000021e-05 1.019581356844525637e-05 1.958238018968070187e-05 3.541160936902978793e-05 6.073195643867501615e-05 2.372116224539528857e-04 5.459923959842420595e-04 2.393479903090942051e-02 2.310536249412410009e-02 1.000000100000000021e-05 1.000000100000000021e-05 1.000000100000000021e-05 1.000000000000000021e-08 3.806104134169529911e-05 1.534872325652862117e-05 1.000000000000000021e-08 1.524450796399471620e-05 2.161515297297229412e-05 2.325779264317646492e-05 2.206819356224030160e-05 1.000000000000000021e-08 1.000000000000000021e-08 1.476565621926522511e-05 3.114048135526091798e-05 3.348255882422188448e-05 4.722889156720824034e-05 1.017360472783617300e-04
1.000000100000000021e-05 1.000000100000000021e-05 1.000000100000000021e-05 1.000000100000000021e-05 1.000000100000000021e-05 1.000000100000000021e-05 1.000000100000000021e-05 1.000000100000000021e-05 1.000000100000000021e-05 1.000000100000000021e-05 1.000000000000000021e-08 1.000000000000000021e-08 1.000000000000000021e-08 1.009418557213255602e-05 1.267802567347783400e-05 2.367849850050387172e-04 3.248257178623468176e-04 4.822011446261788444e-04 2.132278313569705916e-02 1.942308095329185746e-02 1.484373448367165560e-02 4.520700974224753062e-04 5.262641615991510815e-04 1.429626888654329407e-03 1.223131206303971650e-03 1.000000000000000021e-08 1.000000000000000021e-08 1.000000000000000021e-08 1.000000000000000021e-08 1.000000000000000021e-08 1.000000000000000021e-08 1.000000000000000021e-08 1.574049967082384645e-05 1.000000000000000021e-08 1.000000000000000021e-08 1.000000000000000021e-08 1.000000000000000021e-08
8.149459254703746765e-05 6.131671155741966900e-05 5.222781000054274716e-05 3.649895329301018615e-05 3.658638068489830967e-05 2.507984035051364421e-05 1.968942462716385893e-05 1.858076124737507781e-05 1.654134015826776375e-05 1.450493997226781104e-05 1.413210393210032178e-05 1.486190521746690461e-05 1.748788921715673249e-05 1.325269101775145894e-05 8.283441243378959458e-05 3.536661533760092520e-04 3.991793211786828191e-04 2.980905028905387146e-05 1.902114198168177895e-05 2.007677837213368149e-02 1.000000000000000021e-08 5.309750575522879587e-04 1.781785941193495025e-04 1.667215023682567946e-03 2.004116455468533346e-03 2.347580162950220310e-04 1.000000000000000021e-08 2.166970373284806951e-05 2.723289897717506283e-05 3.106552749702354098e-05 5.581958340528942863e-04 8.888200318658034168e-04 8.494847348490538541e-04 5.461668152145741787e-04 4.226616824784944649e-04 3.162972501316381642e-04 2.441008689302111474e-04
6.195326347291088217e-05 1.442810630656393635e-04 1.707057798766981863e-04 2.358330874033834573e-04 2.501221051347134639e-04 2.596585307836909388e-04 2.873619920135198611e-04 3.440437635472737873e-04 4.271927270042378557e-04 2.893473082045542374e-04 3.186536588899773685e-04 3.499997428256263485e-04 4.501800142104650016e-04 5.443111886773964198e-04 7.044016492817185664e-04 6.228328555542142009e-04 4.832444667916171565e-04 3.301107104947814935e-04 1.000000000000000021e-08 1.000000000000000021e-08 1.665840652689985624e-05 4.331541055435256271e-04 3.472527232865205626e-04 2.532571847886379551e-03 4.390297803977158755e-03 3.864634118269955499e-03 3.969152349527645639e-03 4.082681267139434168e-03 4.855433835914945047e-03 4.278396871401375819e-03 4.255633386350404779e-03 4.238575456359048275e-03 3.034402326881061127e-03 2.034656389897711911e-03 2.206130961577367584e-04 2.871344595490460936e-04 3.193447598269454676e-03
3.780681031903294632e-05 1.000000000000000021e-08 4.992262260815572640e-05 4.943878382912048254e-05 3.142338946897045500e-05 2.997043551916682823e-05 1.000000000000000021e-08 1.000000000000000021e-08 1.000000000000000021e-08 2.134338643151692549e-04 2.395050502130769603e-04 2.936301199884939323e-04 2.408090184389836345e-04 1.788987790254351778e-04 1.338081243222736302e-04 1.086090917856363049e-04 2.966887755927901629e-04 2.512773396137548700e-04 1.226880578744317027e-05 1.213713499987183558e-05 1.721061879947518816e-05 2.051576491082897095e-05 3.597103147835900057e-05 6.359420271260261880e-05 1.010616642767963707e-04 8.992178022947372982e-05 1.487764358587988548e-04 2.477805808658165086e-04 1.000000000000000021e-08 1.470157901455286379e-05 1.689689024915984745e-05 1.781868678998224694e-05 1.788419783774691492e-03 1.948045309584470501e-03 3.471863028878217905e-03 4.084833986949194633e-03 3.010505639989891069e-03
4.446031480111940114e-05 4.616564463048389647e-05 4.664281088256547870e-05 1.000000000000000021e-08 1.000000000000000021e-08 1.000000000000000021e-08 1.000000000000000021e-08 1.000000000000000021e-08 1.000000000000000021e-08 1.000000000000000021e-08 1.000000000000000021e-08 1.000000000000000021e-08 1.000000000000000021e-08 1.000000000000000021e-08 1.000000000000000021e-08 1.253871574176685211e-05 2.324947888420940932e-03 2.318324658186393921e-03 1.000000000000000021e-08 1.000000000000000021e-08 1.000000000000000021e-08 1.000000000000000021e-08 4.036705690365254760e-05 7.717803716456749690e-05 1.104991052518991562e-04 1.000000000000000021e-08 1.754642904386031121e-04 1.198822007898593538e-05 1.180448169691223405e-05 1.198222071014600749e-05 1.303822177683416584e-05 1.447177729039790693e-05 1.442571415883403801e-03 2.755436158743141892e-03 1.986709529848788239e-03 1.280337811986334605e-03 9.697329518917481008e-04
3.457127192353061997e-05 3.266292998379389888e-05 3.069111406436061257e-05 1.000000000000000021e-08 1.000000000000000021e-08 1.000000000000000021e-08 1.000000000000000021e-08 1.000000000000000021e-08 1.000000000000000021e-08 1.000000000000000021e-08 1.000000000000000021e-08 1.182905518338274678e-05 1.000000000000000021e-08 2.683517466131130964e-05 1.000000000000000021e-08 1.000000000000000021e-08 4.865365358143439894e-05 1.957780904877198984e-05 4.165762810033981668e-05 4.574316698240903908e-05 3.750936204488962888e-05 5.921110758953272100e-05 5.588642489089325492e-05 1.142373112047725611e-04 1.257479292279533732e-04 1.000000000000000021e-08 1.100514684629835680e-04 1.720304516859140923e-05 1.000000000000000021e-08 1.000000000000000021e-08 1.000000000000000021e-08 1.815830874890285944e-05 2.791979787720659360e-05 4.057302200587425430e-05 3.926414941321688137e-05 3.409090779534336641e-05 1.000000000000000021e-08
2.808670339501345733e-05 2.542228443453860005e-05 2.438314538090819236e-05 1.000000000000000021e-08 1.000000000000000021e-08 1.218467919724222625e-05 1.906840358829604070e-05 1.000000000000000021e-08 1.000000000000000021e-08 1.000000000000000021e-08 1.000000000000000021e-08 1.000000000000000021e-08 1.995388847347743402e-05 2.621014248822971614e-05 1.000000000000000021e-08 1.000000000000000021e-08 1.000000000000000021e-08 1.795166900655778815e-05 2.947876137643088418e-05 1.000000000000000021e-08 1.000000000000000021e-08 1.222556451689010110e-05 4.487970033363716040e-05 1.402975509684691740e-04 1.000000000000000021e-08 2.110283749136440410e-05 1.000000000000000021e-08 2.012579679469351975e-05 1.000000000000000021e-08 1.000000000000000021e-08 1.183356876769874244e-05 1.546440521735241259e-05 1.490447927911185080e-05 1.618134325504959407e-05 1.684027832363966295e-05 1.742195441448291576e-05 2.567831674332472165e-05
