output/water_depth_2880.asc
ncols 223
nrows 158
xllcorner 0.0
yllcorner 0.0
cellsize 30.0
[rows 136 to 152 of 158, columns 37 to 73 of 223]
1.967249306824828988e-05 1.000000000000000021e-08 1.000000000000000021e-08 1.000000000000000021e-08 1.000000000000000021e-08 1.000000000000000021e-08 1.000000000000000021e-08 1.430382043899155030e-05 2.429234931131617046e-05 3.128235995686377764e-05 1.000000000000000021e-08 1.112153318907803867e-04 1.000000000000000021e-08 1.000000000000000021e-08 1.000000000000000021e-08 1.000000000000000021e-08 1.000000000000000021e-08 1.000000000000000021e-08 1.000000000000000021e-08 1.000000000000000021e-08 1.000000000000000021e-08 1.668699550902700529e-05 8.154938888021107471e-05 1.000000000000000021e-08 1.016967666676711716e-05 1.383147283322105323e-05 2.118605272618448223e-05 1.401136412244394095e-03 3.095175887661342357e-03 1.127908707659903802e-02 1.647923520025655272e-02 1.629359767533472211e-02 2.291802669088242525e-02 2.585035915641321607e-05 1.862265674925740668e-05 3.111936729625671419e-05 1.000000000000000021e-08
1.170314599753924628e-05 1.000000000000000021e-08 1.000000000000000021e-08 1.000000000000000021e-08 1.000000000000000021e-08 1.000000000000000021e-08 1.000000000000000021e-08 1.000000000000000021e-08 1.620886179458608332e-05 2.385755168068222164e-05 1.000000000000000021e-08 3.561089987284838927e-05 7.320861595617848567e-05 1.000000000000000021e-08 1.000000000000000021e-08 1.000000000000000021e-08 1.000000000000000021e-08 1.000000000000000021e-08 1.000000000000000021e-08 1.000000000000000021e-08 1.000000000000000021e-08 1.000000000000000021e-08 1.616944711102237018e-05 2.683678447932082685e-05 1.170077526179004500e-03 2.982189732281859173e-04 3.363614760172627441e-04 3.575358032334179873e-03 3.872835942693625237e-03 1.748637081991463033e-02 1.652330577437097908e-02 1.115642290458157722e-02 7.421929281567106289e-03 2.386990314895550899e-05 1.181248308462774038e-05 1.586414148143649333e-05 1.000000000000000021e-08
1.000000000000000021e-08 1.464626520968720224e-05 1.000000000000000021e-08 1.000000000000000021e-08 1.000000000000000021e-08 1.000000000000000021e-08 1.000000000000000021e-08 1.000000000000000021e-08 1.000000000000000021e-08 1.629416718589043371e-05 1.000000000000000021e-08 1.506949894392540676e-05 6.687400714372396390e-05 1.000000000000000021e-08 1.000000000000000021e-08 1.000000000000000021e-08 1.000000000000000021e-08 1.000000000000000021e-08 1.000000000000000021e-08 1.000000000000000021e-08 1.000000000000000021e-08 1.000000000000000021e-08 1.119482185911711643e-05 1.612279380476426506e-03 4.170815949315677743e-03 9.601313569266379036e-03 1.632702531101999990e-02 2.182806613050338948e-02 2.901584407853857392e-02 2.532934139976145832e-02 1.871956510445116004e-02 2.547364694701643718e-05 1.267227734931666632e-04 1.787669951338343203e-05 1.000000000000000021e-08 1.000000000000000021e-08 1.000000000000000021e-08
1.000000000000000021e-08 1.000000000000000021e-08 1.000000000000000021e-08 1.000000000000000021e-08 1.000000000000000021e-08 1.000000000000000021e-08 1.000000000000000021e-08 1.000000000000000021e-08 1.466700780579715348e-05 1.000000000000000021e-08 1.000000000000000021e-08 1.474853686274061216e-05 5.931440459432255812e-05 1.179404942824106004e-04 1.000000000000000021e-08 1.000000000000000021e-08 1.000000000000000021e-08 1.000000000000000021e-08 1.306939800706832066e-05 1.000000000000000021e-08 1.000000000000000021e-08 1.000000000000000021e-08 1.000000000000000021e-08 9.077001802098080135e-04 5.565308276548068880e-03 1.024649686488946290e-02 1.008887938720047506e-02 1.179267387738778920e-02 1.078447177238645721e-02 1.867719296878387128e-02 4.688027964017589706e-03 2.374817688429053009e-05 1.174071993271381920e-04 1.800944364398846941e-04 1.350666726311874129e-04 1.000000000000000021e-08 1.000000000000000021e-08
1.000000000000000021e-08 1.000000000000000021e-08 1.000000000000000021e-08 1.755025052633945673e-05 1.000000000000000021e-08 1.000000000000000021e-08 1.521659772754404168e-05 2.172457358539924021e-05 1.000000000000000021e-08 1.000000000000000021e-08 1.326639769390988421e-05 1.063219564475344037e-05 5.688244703633657295e-05 9.580544502568976968e-05 1.265488186990954239e-04 1.000000000000000021e-08 1.000000000000000021e-08 1.000000000000000021e-08 1.000000000000000021e-08 1.000000000000000021e-08 1.000000000000000021e-08 1.000000000000000021e-08 1.000000000000000021e-08 2.628700958121470924e-03 4.834541923698568514e-03 1.160985893160914120e-02 9.044847988383860823e-03 1.234598849193375286e-02 1.133301690863050722e-02 9.062784979108156475e-03 3.097307924202319753e-05 1.000000000000000021e-08 1.000000000000000021e-08 1.758532661141450548e-04 1.195409877358425229e-04 8.441567575391672866e-05 6.480324574954115548e-05
1.000000000000000021e-08 1.000000000000000021e-08 1.000000000000000021e-08 1.000000000000000021e-08 3.013755197118455877e-05 1.000000000000000021e-08 1.207437438143475501e-05 2.479896841000990990e-05 2.112712690500316811e-05 1.000000000000000021e-08 1.000000000000000021e-08 1.000000000000000021e-08 5.164624729688599213e-05 8.198131147245970836e-05 8.305927847003589503e-05 6.738484371215385676e-05 1.000000000000000021e-08 1.000000000000000021e-08 1.000000000000000021e-08 1.177248203233053638e-05 1.936121357195162755e-05 3.012701105636958674e-05 5.484336368108752032e-05 3.840706180838720889e-03 1.003796569277163112e-02 1.229784921725274142e-02 1.308008823482425392e-02 9.642522864397427493e-03 8.334279443809721605e-03 3.302428528684095681e-03 1.000000000000000021e-08 2.325487804097439861e-05 1.491796356093738690e-05 5.768269173845748366e-05 4.704491857514398048e-05 5.712959004144056041e-05 6.132344445872600365e-05
1.000000000000000021e-08 2.154632068246373796e-05 1.000000000000000021e-08 1.000000000000000021e-08 2.108219366000863192e-05 3.278735252226105983e-05 1.296696247050466795e-04 2.054375262271574353e-04 1.319695501922741354e-05 2.455299800634912663e-05 3.480448101775289232e-05 4.057784447520858034e-05 4.966642975083579697e-05 5.176424010382751407e-05 4.759596595943606310e-05 1.000000000000000021e-08 1.000000000000000021e-08 1.000000000000000021e-08 1.773379721381884231e-05 4.203248667946261294e-05 5.655022204793150022e-05 6.053000749404127435e-05 7.054317938328423315e-05 1.215096084313312466e-02 1.135377959972670193e-02 1.166553999791439603e-02 8.872407140368764045e-03 8.581516901821210561e-03 3.176301055834829761e-05 2.152662551669368916e-05 1.000000000000000021e-08 2.562234498696753081e-05 1.278633591128321416e-04 6.128682438235538504e-05 1.950301804788830739e-05 1.000000000000000021e-08 5.818336255795523098e-05
1.000000000000000021e-08 1.242213737351550931e-05 2.709354942190827459e-05 1.000000000000000021e-08 1.000000000000000021e-08 1.733869300222031870e-05 4.070575010981930802e-05 1.364610557904255496e-04 1.000000000000000021e-08 1.144491504772895015e-05 1.270353947198097441e-05 1.706445103112079175e-05 1.564960277387437502e-05 1.463940128957187587e-05 1.000000000000000021e-08 1.000000000000000021e-08 1.000000000000000021e-08 1.582393650669958939e-05 3.329667506474499623e-03 9.213432785876904049e-03 8.175018070439400014e-03 4.995875293276622053e-03 2.610965692153635956e-02 2.573449524080255457e-02 1.596484270214564710e-02 6.196732560770776971e-03 5.056153840399179797e-03 3.996916625440779559e-03 1.000000000000000021e-08 1.739565193072110970e-05 2.817117091451570659e-05 1.428717660227344491e-05 8.264849124503358254e-05 9.267385576559374896e-05 1.868309557484304357e-05 1.000000100000000021e-05 1.000000100000000021e-05
1.000000000000000021e-08 1.000000000000000021e-08 1.194805646259709453e-05 1.000000000000000021e-08 1.000000000000000021e-08 1.150900332184265286e-05 1.978966435201620617e-05 1.000000000000000021e-08 2.113755038832417803e-05 3.259945368592987255e-05 4.396130872552616984e-05 5.074600876515624913e-05 1.000000000000000021e-08 1.000000000000000021e-08 1.033404465219457644e-05 1.000000000000000021e-08 1.153552219651522851e-05 7.491512297318397363e-05 6.258789353814995376e-03 1.230146177276485696e-02 1.693715422327612963e-02 2.644167880428160630e-02 1.794792960659358227e-02 2.069288203371777782e-02 1.372394526655722809e-03 2.909307897152415591e-04 1.177210708453162603e-04 1.942792990742428028e-04 1.036579863901068084e-05 1.000000000000000021e-08 2.044401244938954791e-05 1.618163715277734616e-05 7.125101072167840013e-05 4.530666354229487031e-05 2.421987868890181794e-05 1.000000100000000021e-05 1.000000100000000021e-05
1.446353682993969209e-04 2.150171133423952751e-04 1.281041241802014428e-05 1.000000000000000021e-08 1.000000000000000021e-08 1.000000000000000021e-08 3.555662698248997049e-05 1.000000000000000021e-08 1.000000000000000021e-08 1.000000000000000021e-08 1.000000000000000021e-08 1.000000000000000021e-08 1.000000000000000021e-08 1.000000000000000021e-08 1.021349659366590883e-02 6.253481454084611896e-03 6.414181542748629596e-03 1.191523604738744385e-02 1.417744279790172056e-02 1.087897775507060648e-02 9.868149286084688596e-03 4.741310223863079432e-03 4.811408553694367790e-03 3.152041510632711853e-03 2.419061597312435752e-03 7.895336503159055414e-05 3.927657853647059649e-05 1.000000000000000021e-08 1.000000000000000021e-08 1.000000000000000021e-08 2.179912402622962716e-05 1.293827407479727828e-05 5.116990615393291283e-05 1.000000000000000021e-08 1.000000000000000021e-08 1.000000100000000021e-05 1.000000100000000021e-05
4.839894281299197715e-05 6.530330612008814872e-05 1.791191097229583300e-05 3.010872377011396814e-05 3.370258040227077663e-05 2.394667343141247684e-03 1.883400339720726077e-03 1.503379127863144335e-03 1.937720468135115776e-04 2.547187184811283483e-04 8.297886331418396610e-05 7.242619239308488986e-05 6.640193701895178607e-05 9.819354277688089510e-05 1.029863371243825744e-02 2.225815926265682990e-02 1.835484766362262266e-02 1.527261785659484242e-02 1.303519763570084623e-02 9.181289767804117624e-03 3.810933482892044782e-03 2.982190366698878742e-03 9.698046091050507942e-04 8.423452342925777294e-04 7.137719070828548807e-04 8.045094092814223568e-05 3.516058782370971332e-05 1.158179254791243590e-04 1.000000000000000021e-08 1.000000000000000021e-08 1.417116408230199424e-05 1.404338038613186851e-04 2.213128899841894449e-05 7.531248586011677379e-05 1.000000100000000021e-05 1.000000100000000021e-05 1.000000100000000021e-05
1.109145220968051358e-04 1.197923203303149444e-05 2.325687808570923217e-03 6.722579739946884375e-03 8.290152529174183924e-03 1.117582863977628974e-02 1.151479969614633767e-02 1.446837878490091385e-02 1.337723688092402018e-02 1.381883430105491917e-02 1.521769639352328618e-02 1.691314734443825560e-02 1.459299697299959453e-02 1.940877097664968701e-02 1.986952204894750287e-02 7.802510711063236418e-03 5.619500286167663713e-03 2.053517078766132868e-03 1.712384865587739894e-03 5.703276004882896566e-04 8.906263817739989638e-04 5.329258514422927128e-05 4.105489804264654367e-05 3.664875266374528610e-05 1.000000000000000021e-08 7.485199605742335520e-05 1.998728281050691973e-05 1.007225332656935682e-04 1.000000000000000021e-08 1.000000000000000021e-08 1.000000000000000021e-08 6.626113385288620768e-05 1.000000100000000021e-05 1.000000100000000021e-05 1.000000100000000021e-05 1.000000100000000021e-05 1.000000100000000021e-05
7.047128373522198682e-05 2.336809246437972915e-03 2.907634233621897088e-03 2.742829770518303255e-03 2.983413985107421715e-03 3.089715056451438398e-03 4.275655435977408422e-03 3.087071408442670570e-03 8.998654389781573365e-04 3.567677585050516497e-04 3.738916040086590628e-04 1.436730548157347199e-04 1.431687446629006195e-04 6.966616553063289521e-05 1.050434989299748288e-03 1.000000000000000021e-08 1.000000000000000021e-08 1.000000000000000021e-08 1.000000000000000021e-08 1.000000000000000021e-08 1.000000000000000021e-08 1.000000000000000021e-08 1.375491377163553421e-05 1.182227320661049887e-05 1.659023499597895324e-05 4.073517529777023218e-05 1.373418444532213674e-05 1.236224376070178051e-04 1.000000100000000021e-05 1.000000100000000021e-05 1.000000100000000021e-05 1.000000100000000021e-05 1.000000100000000021e-05 1.000000100000000021e-05 1.000000100000000021e-05 1.000000100000000021e-05 1.000000100000000021e-05
1.193947959817759710e-02 1.054016846374917701e-02 8.687281374670289408e-03 5.290136777275788842e-03 3.103395935684585480e-03 2.322678693767966582e-03 2.228726405155207011e-03 1.896060545852023931e-03 3.171370774275296617e-04 2.288436658689815936e-04 7.426304491474392487e-05 6.277128543603660875e-05 1.954747391804221112e-05 7.626610614009384328e-05 8.826558906902319762e-05 1.000000000000000021e-08 1.000000000000000021e-08 2.997018669849674632e-05 1.000000000000000021e-08 1.000000000000000021e-08 1.000000000000000021e-08 1.157302369733641340e-05 1.000000000000000021e-08 1.000000000000000021e-08 1.000000000000000021e-08 2.035870084925171152e-05 1.341384106494955097e-04 1.000000100000000021e-05 1.000000100000000021e-05 1.000000100000000021e-05 1.000000100000000021e-05 1.000000100000000021e-05 1.000000100000000021e-05 1.000000100000000021e-05 1.000000100000000021e-05 1.000000100000000021e-05 1.000000100000000021e-05
2.972792293389030769e-04 9.368987091953563044e-05 8.046113712152848819e-05 3.748597320021709650e-04 3.531497949939522231e-05 1.126978472804687623e-05 1.000000000000000021e-08 1.000000000000000021e-08 1.000000000000000021e-08 1.000000000000000021e-08 1.000000000000000021e-08 1.000000000000000021e-08 2.246168816511111185e-05 3.110549075619110470e-04 6.414348025665397000e-05 1.000000000000000021e-08 1.000000000000000021e-08 1.622457036508325362e-05 1.000000000000000021e-08 1.000000000000000021e-08 1.000000000000000021e-08 1.000000000000000021e-08 1.000000000000000021e-08 1.000000000000000021e-08 1.000000000000000021e-08 1.450635273174228577e-05 1.000000100000000021e-05 1.000000100000000021e-05 1.000000100000000021e-05 1.000000100000000021e-05 1.000000100000000021e-05 1.000000100000000021e-05 1.000000100000000021e-05 1.000000100000000021e-05 1.000000100000000021e-05 1.000000100000000021e-05 1.000000100000000021e-05
1.497808568230003871e-05 1.000000000000000021e-08 1.000000000000000021e-08 8.881834138982495398e-05 1.162914592893935065e-04 1.000000000000000021e-08 1.000000000000000021e-08 1.000000000000000021e-08 1.000000000000000021e-08 1.000000000000000021e-08 1.063153182850015393e-05 1.453523351987217830e-05 1.829433417543990180e-05 2.223258232609251397e-04 7.471213601373621568e-05 1.000000000000000021e-08 1.196294740183588827e-05 1.000000000000000021e-08 1.000000000000000021e-08 1.000000000000000021e-08 1.000000000000000021e-08 1.000000000000000021e-08 2.983297693277540047e-05 1.000000100000000021e-05 1.000000100000000021e-05 1.000000100000000021e-05 1.000000100000000021e-05 1.000000100000000021e-05 1.000000100000000021e-05 1.000000100000000021e-05 1.000000100000000021e-05 1.000000100000000021e-05 1.000000100000000021e-05 1.000000100000000021e-05 1.000000100000000021e-05 1.000000100000000021e-05 1.000000100000000021e-05
7.351593076725767737e-05 8.152451072127753922e-05 1.035916541846524036e-04 9.425734888734592278e-05 9.528797857787454657e-05 1.000000000000000021e-08 1.000000000000000021e-08 1.000000000000000021e-08 1.080660360865953158e-05 1.000000000000000021e-08 1.000000000000000021e-08 1.000000000000000021e-08 1.051814645276472896e-05 2.247993168257112829e-04 5.204104597187712156e-05 1.000000000000000021e-08 1.000000000000000021e-08 1.059554377662727534e-05 1.000000000000000021e-08 1.000000000000000021e-08 3.206966985467465909e-05 1.000000000000000021e-08 2.286101089715409057e-04 1.000000100000000021e-05 1.000000100000000021e-05 1.000000100000000021e-05 1.000000100000000021e-05 1.000000100000000021e-05 1.000000100000000021e-05 1.000000100000000021e-05 1.000000100000000021e-05 1.000000100000000021e-05 1.000000100000000021e-05 1.000000100000000021e-05 1.000000100000000021e-05 1.000000100000000021e-05 1.000000100000000021e-05
