output/water_depth_3120.asc
ncols 223
nrows 158
xllcorner 0.0
yllcorner 0.0
cellsize 30.0
[rows 0 to 16 of 158, columns 111 to 147 of 223]
1.000000100000000021e-05 1.000000100000000021e-05 1.000000100000000021e-05 1.000000100000000021e-05 1.000000100000000021e-05 1.000000100000000021e-05 1.000000100000000021e-05 1.000000100000000021e-05 1.000000100000000021e-05 1.000000100000000021e-05 1.000000100000000021e-05 1.000000100000000021e-05 1.000000100000000021e-05 1.000000100000000021e-05 1.000000100000000021e-05 1.000000100000000021e-05 1.000000100000000021e-05 1.000000100000000021e-05 1.000000100000000021e-05 1.000000100000000021e-05 1.000000100000000021e-05 1.000000100000000021e-05 1.000000100000000021e-05 1.000000100000000021e-05 1.000000100000000021e-05 1.000000100000000021e-05 1.000000100000000021e-05 1.000000100000000021e-05 1.000000100000000021e-05 1.000000100000000021e-05 1.000000100000000021e-05 1.000000100000000021e-05 1.000000100000000021e-05 1.000000100000000021e-05 1.000000100000000021e-05 1.000000100000000021e-05 1.000000100000000021e-05
1.000000100000000021e-05 1.000000100000000021e-05 1.000000100000000021e-05 1.000000100000000021e-05 1.000000100000000021e-05 1.000000100000000021e-05 1.000000100000000021e-05 1.000000100000000021e-05 1.000000100000000021e-05 1.000000100000000021e-05 1.000000100000000021e-05 1.000000100000000021e-05 1.000000100000000021e-05 1.000000100000000021e-05 1.000000100000000021e-05 1.000000100000000021e-05 1.000000100000000021e-05 1.000000100000000021e-05 1.000000100000000021e-05 1.000000100000000021e-05 1.000000100000000021e-05 1.000000100000000021e-05 1.000000100000000021e-05 1.000000100000000021e-05 1.000000100000000021e-05 1.000000100000000021e-05 1.000000100000000021e-05 1.000000100000000021e-05 1.000000100000000021e-05 1.000000100000000021e-05 1.000000100000000021e-05 1.000000100000000021e-05 1.000000100000000021e-05 1.000000100000000021e-05 1.000000100000000021e-05 1.000000100000000021e-05 1.000000100000000021e-05
1.000000100000000021e-05 1.000000100000000021e-05 1.000000100000000021e-05 1.000000100000000021e-05 1.000000100000000021e-05 1.000000100000000021e-05 1.000000100000000021e-05 1.000000100000000021e-05 1.000000100000000021e-05 1.000000100000000021e-05 1.000000100000000021e-05 1.000000100000000021e-05 1.000000100000000021e-05 1.000000100000000021e-05 1.000000100000000021e-05 1.000000100000000021e-05 1.000000100000000021e-05 1.000000100000000021e-05 1.910394076880411954e-05 2.974838060162240987e-05 4.981706605321729940e-05 8.120654447963227376e-05 1.605543351057221735e-02 1.000000100000000021e-05 1.000000100000000021e-05 1.000000100000000021e-05 1.000000100000000021e-05 1.000000100000000021e-05 1.000000100000000021e-05 3.637782289103437907e-04 2.614460078902141747e-04 3.001878920906973650e-04 1.991490740879793770e-04 1.000000100000000021e-05 1.000000100000000021e-05 1.000000100000000021e-05 1.000000100000000021e-05
6.409619209927161238e-04 7.694531378850041079e-04 8.811158897749261790e-04 7.141034056983448222e-04 5.301808693803436445e-04 4.096128907144702875e-04 3.397447964089963732e-04 2.255179339855251802e-04 1.916373992825230960e-04 5.176411205999147114e-04 7.370072516506907638e-04 6.750426969119350000e-04 8.064346848871367743e-04 1.052519575046084559e-03 1.198460602381185014e-03 1.323641934057193320e-03 9.751669353678926993e-04 7.049238312285982001e-04 4.981201605619487273e-04 3.461758801617178128e-04 8.175127201896915767e-04 2.312176028839040692e-02 1.554636865052695487e-02 2.610734225007639662e-03 1.456435773167859445e-03 1.581122776251215343e-03 3.392557058739804725e-04 4.303966764265935069e-05 4.563120835948728091e-05 6.484518337712805083e-04 3.105903001949681871e-04 1.897902529251985096e-04 1.914572896602300398e-04 1.938862964972329274e-04 7.018365323580097058e-05 1.000000100000000021e-05 1.000000100000000021e-05
1.000000000000000021e-08 1.000000000000000021e-08 8.136881227905925194e-05 4.335996214775430461e-04 4.853914286476588191e-04 7.496163181195794395e-04 6.245362427955595619e-04 4.946793244384046747e-04 6.067635394269658413e-04 1.100804051176285797e-03 1.286370628116832423e-03 2.164302006252050473e-04 8.566741521416193755e-04 1.106025033702548411e-03 1.289835678844345780e-03 9.976406821469564843e-04 1.507858102615676748e-03 1.952148933781627446e-03 2.348730962270630194e-03 2.977705053637093226e-03 3.551120807308917257e-03 2.978563620409193681e-03 1.370542265140660063e-03 2.962192172076672132e-03 2.941979645004008485e-03 3.314699971272858960e-03 7.721370057246339800e-04 9.676624570256799345e-05 9.921192027898471358e-05 9.018384353386373932e-04 3.044467809353280604e-04 2.335564364770445554e-04 1.000000000000000021e-08 1.059553034435438358e-04 1.565350908806002506e-05 1.554830406718708076e-04 9.700768535412688598e-05
1.000000000000000021e-08 1.000000000000000021e-08 5.912953115362873911e-05 4.133511830209187941e-04 3.451148921903472526e-04 1.813279798183563404e-04 4.899043393596366281e-04 5.564240220685262844e-04 6.824648024932440877e-04 3.946388601462602462e-05 1.578454673754479449e-05 4.942003367407214124e-05 5.654696642087171914e-04 4.748806357979134564e-04 3.583723750561590123e-04 6.632499312436353515e-04 4.764287090210457456e-04 7.235573025895339935e-05 1.953630691602109440e-04 1.554181906396715244e-04 1.819082049684814175e-04 4.162213843075294149e-03 1.236784849302561065e-02 1.692388483232389051e-02 1.105661623733228058e-02 8.727664624239550237e-03 8.560211867821959988e-03 1.475155045928058795e-03 2.418583356090060841e-03 6.629876123591111128e-03 2.371765418651080074e-04 1.058680401142212676e-04 1.167928822341572729e-04 1.394894744549316336e-04 1.147663621280864746e-04 1.208945699233885101e-04 1.302391728391462183e-04
7.426454336166474733e-04 7.942881764430929740e-04 6.645247989196014773e-04 6.997101633681882069e-04 6.449120675749219302e-05 2.030315586515285488e-05 9.245008072703063493e-05 1.233599469474230478e-03 2.617217416327898179e-04 2.405948916347592516e-04 1.708501935126531188e-04 1.880744930477339766e-04 4.568053271776198639e-04 4.728989017572213282e-04 4.839019163672671296e-04 7.969305426361221814e-04 1.257424544786680393e-02 2.101318248337125192e-03 2.024449285596656022e-04 1.028535169731184474e-05 1.713877299461299009e-03 1.406085023720735766e-02 9.943990716186216008e-03 7.150704339376723687e-03 1.578101653802178178e-02 1.975689851224604263e-02 2.397948370002313950e-02 2.318087872150332088e-02 6.688652924432736402e-02 1.140049320981565946e-03 4.362715452673613845e-04 2.203003990902377331e-04 2.347557777451983062e-04 1.978138269803381838e-04 1.738733807430618958e-04 1.579294504705029527e-04 9.740963004553451798e-05
1.756912467550569550e-05 1.000000000000000021e-08 3.941856046163638326e-04 7.885472272890043603e-05 4.409842088133626291e-05 5.429825640900477431e-05 3.127304394705206935e-05 2.671736328752057852e-05 2.441216457333310666e-05 5.762710701528249544e-05 1.882665616870310367e-04 3.028342080698735294e-03 3.466128661262347140e-03 7.491385502487286734e-03 1.055112714579757582e-02 1.197229327876193905e-02 1.272078988281015455e-02 4.149844087067226794e-02 9.455784785445285265e-03 6.602559454640392206e-03 1.118347666101398782e-02 1.513231173485440721e-02 2.907430432885624392e-03 2.043194857862158393e-03 1.486872447886841741e-03 1.146926734377313887e-03 9.531813278653837075e-04 6.701889098613863539e-03 2.527637201126343297e-02 6.774167950017598652e-03 1.699141736750259799e-04 1.945458772066100187e-04 1.068142084618451209e-05 1.650622125798770475e-05 1.000000000000000021e-08 1.000000000000000021e-08 1.000000000000000021e-08
1.000000000000000021e-08 5.868118034244758363e-04 8.226800097175014388e-04 1.621533630183769406e-03 2.268809802285714854e-04 8.608111814713940188e-05 4.806310356932950127e-05 1.000000000000000021e-08 1.000000000000000021e-08 1.000000000000000021e-08 5.388444703095225316e-03 6.874754974872245711e-03 7.290871295942087660e-03 5.653943049488524206e-03 4.005716025028522968e-03 2.498767347865527878e-03 1.546478766049828608e-03 1.178934222086916971e-03 9.464800123047137359e-03 1.286618001020402476e-02 8.722326429073846629e-03 9.076906668056083580e-03 1.685447499055902363e-03 9.290086637848382319e-04 7.493764003417976657e-05 3.123432954711913246e-04 1.933384337472876101e-04 1.077811356918964352e-03 1.434081494652595865e-02 1.186349309423837158e-02 1.533896495280965687e-04 1.000000000000000021e-08 1.000000000000000021e-08 1.000000000000000021e-08 1.000000000000000021e-08 1.000000000000000021e-08 1.000000000000000021e-08
7.379297031448224390e-04 6.328056586579432468e-04 7.279479760364346731e-04 5.605130368413790195e-04 1.088208109750227095e-04 1.560027017197154308e-04 6.222217775812680964e-05 1.048101931146123490e-04 8.547584640277422062e-05 1.663424640989632402e-04 1.825808511864703346e-02 3.425477969597561217e-03 2.379137387225055324e-03 1.627959136938044891e-03 1.484556373537940319e-03 3.717337360477781876e-04 2.523283956401314426e-05 1.000000000000000021e-08 1.123641117947184312e-04 1.000097006916920436e-04 1.302878407261783803e-04 1.000000000000000021e-08 1.000000000000000021e-08 6.372084998841743122e-04 7.609852655774557986e-04 5.994255395313218557e-04 4.523876685773351542e-04 8.615056461196101117e-04 1.348502073061468194e-02 1.186477963446640541e-02 1.000000000000000021e-08 1.000000000000000021e-08 1.000000000000000021e-08 1.000000000000000021e-08 1.000000000000000021e-08 1.000000000000000021e-08 1.000000000000000021e-08
1.000000000000000021e-08 1.133676698957739444e-05 1.227437556226582756e-05 1.038509366502774466e-05 1.724381798219335122e-04 1.773144519099510708e-03 2.325939707627797028e-03 6.028533282126909490e-04 6.798422630665838708e-04 1.083565134431298000e-03 6.338319070985420044e-03 1.206751025801493808e-05 2.732333919287845158e-04 2.504660038621186026e-04 2.121201153863425657e-04 3.001024773774540674e-03 1.143077361401669936e-05 1.000000000000000021e-08 3.143605048445360136e-05 8.509831220987484641e-05 7.888392005857000416e-05 7.775421512137175358e-05 6.949173782469625338e-05 4.572423139916380937e-04 8.083719893114606637e-04 6.911122427671067842e-04 5.828648689635870621e-04 1.614169227859374260e-04 2.084052132988265318e-02 1.965671579121572657e-02 1.254202876495193858e-04 1.000000000000000021e-08 2.560065723509426496e-05 2.683887639532514275e-05 1.817509488497575943e-05 1.443440054500092580e-05 1.000000000000000021e-08
1.198322431901040414e-04 1.642718988782809308e-04 1.479527294670905419e-04 1.871958788744661228e-04 1.981500186476521804e-04 2.378569206308081378e-03 2.637202332694899357e-03 7.719028497116517179e-04 7.535691988248129991e-04 5.785877565853736514e-04 1.053042735245160238e-03 5.500961709277995019e-04 7.722867171620304569e-05 6.696463223767118379e-05 5.570152770076923162e-05 4.348236903084270999e-05 1.000000000000000021e-08 1.000000000000000021e-08 1.000000000000000021e-08 1.107590409560919940e-04 1.391835732318911524e-04 1.000000000000000021e-08 8.152559645812882153e-05 3.864514750060920266e-04 6.661092932096492839e-04 7.263567799017594346e-04 7.301333994893222622e-04 2.664054726621697608e-04 1.624642943088617716e-02 1.465176890990270431e-02 1.847829218593045571e-04 3.209082557199721865e-05 1.000000000000000021e-08 1.000000000000000021e-08 1.000000000000000021e-08 1.000000000000000021e-08 1.000000000000000021e-08
1.007977308610622695e-03 1.170730767174226090e-03 1.334812620205578625e-03 1.096029729458663279e-03 1.959603125952889477e-03 1.551202871876655297e-03 1.770834262899920360e-03 5.459664110642805388e-04 7.172398740579492230e-04 8.951750538942374958e-04 2.357936179300934489e-03 2.401050071130062620e-04 1.763755253571142479e-04 1.438893923961640821e-04 1.727643391600937285e-04 2.835835728019543180e-04 1.932094185731491972e-05 1.412814261726937448e-05 1.541636237132490520e-05 9.888175397822530368e-05 1.000000000000000021e-08 1.000000000000000021e-08 1.000000000000000021e-08 3.670813057679688917e-04 5.909021423806335707e-04 2.471177547785265030e-04 3.281532769207178295e-04 2.290095859272922151e-03 2.206735724425410577e-02 2.283720044329330678e-02 1.000000000000000021e-08 1.000000000000000021e-08 2.161083039715495354e-05 1.243482414120427401e-05 1.000000000000000021e-08 1.000000000000000021e-08 6.111372009926826891e-05
7.362684013486608947e-04 1.033038482411705429e-03 8.233317565455409038e-04 1.815728749506852592e-03 1.439110551889029007e-03 1.632214746685093417e-03 1.772324168722911979e-03 2.138363673627610619e-03 2.518252497742129101e-03 1.948939829425100226e-03 1.333335203598719860e-03 6.722871568570419317e-04 2.229832154552282056e-04 1.057642886321734994e-04 1.054566948533130729e-04 2.776757785859113601e-04 2.100716793060405517e-04 1.000000000000000021e-08 1.000000000000000021e-08 1.000000000000000021e-08 1.000000000000000021e-08 1.000000000000000021e-08 1.036627519041690928e-04 3.748232939626543886e-04 4.697038045453667474e-03 1.293090995476717058e-04 1.829373459997617061e-04 1.042011669054576303e-03 1.367067340738594705e-01 1.408567852697877876e-01 1.395296143603227956e-01 7.320860256588320033e-04 1.166048176278289234e-05 1.000000000000000021e-08 8.402314115429879876e-05 4.408014620594948561e-05 1.000000000000000021e-08
6.281918595317639636e-04 5.662054440047927482e-04 1.045374753198121233e-03 9.321643919474113501e-04 5.595756816214361414e-05 7.947420938308166532e-05 8.256837304000917428e-05 8.681548159989332415e-04 6.506348421469321372e-04 6.852133820378573503e-04 1.122138381519893540e-03 1.679174880191990765e-03 4.298748897058762039e-04 1.691887934782422792e-04 4.030699249501895599e-04 7.328950584483838373e-05 2.257218585186680380e-04 1.358102413418815202e-05 1.000000000000000021e-08 1.000000000000000021e-08 1.000000000000000021e-08 8.003108353235719905e-05 3.935173270796749425e-04 4.265597991984934286e-04 5.468865188276082035e-05 7.989083863346640503e-05 2.824979740588936589e-05 3.603950707175545957e-04 1.311695133222142151e-01 1.398550394148560805e-01 1.387154044323074542e-01 3.522221787352092671e-03 7.555762644115697783e-04 7.893011186346828175e-05 8.417213353050905780e-05 1.000000000000000021e-08 1.000000000000000021e-08
2.338601935982579901e-04 2.138976278733374712e-04 2.067230290851844216e-04 1.977150383724998392e-04 8.788830912296208709e-05 5.404940364862092014e-05 3.859261789375291999e-05 1.249200842127455450e-04 9.536380156601743355e-05 9.650113462523839634e-05 1.219143800034939345e-03 2.414287965365705980e-03 1.204191027129895191e-03 1.484188819937334609e-03 5.178079746659406540e-03 6.041473285079812516e-03 5.494396925666293965e-03 3.972224688657744439e-03 2.629051033983038042e-03 4.344271756800233510e-04 5.159364376730526816e-04 4.403412346477525809e-04 4.797424352009902783e-04 4.580114123016666879e-04 5.398070077440072622e-04 3.030819884081267421e-04 4.242783764950998864e-05 3.224661111333907782e-04 1.020403043885343281e-01 1.925918820001687633e-03 2.157204572233283567e-03 3.213282347445113509e-03 4.835975992845052869e-03 4.835613744293205951e-03 4.538100834285938717e-03 4.249598775874798701e-03 3.978402826466671816e-03
1.098374283468885840e-04 9.748709441538257279e-05 9.917289390922563123e-05 6.346151084023391831e-05 1.000000000000000021e-08 1.000000000000000021e-08 6.530585516264435057e-05 1.217481020757399781e-04 1.454743844747757571e-04 1.603332536853419369e-04 3.865320949840459700e-05 1.338773929018696686e-04 5.533355069658645660e-05 3.011586526098432737e-04 1.095451366602002768e-03 8.674355814819270129e-04 1.040547073298991399e-03 1.309879854182473572e-03 3.519681177816741131e-03 1.087319194309175740e-03 1.294426320107830430e-03 5.949060362313784382e-04 5.341853309441473669e-04 3.170255808024733031e-04 2.963588897427211068e-04 5.687101119905949335e-05 1.380072502575531467e-04 2.493745514654124862e-02 2.877445835029139934e-02 5.661778816369348547e-04 7.512944541986078762e-04 6.403805161832994098e-04 7.421816198762507671e-04 2.467540771706466592e-05 4.374562914130802926e-05 5.103019716371100088e-05 4.828708824277127182e-05
