output/water_depth_5520.asc
ncols 223
nrows 158
xllcorner 0.0
yllcorner 0.0
cellsize 30.0
[rows 68 to 84 of 158, columns 185 to 221 of 223]
1.000000000000000021e-08 3.762121852227269628e-05 3.548386047674961932e-05 1.000000000000000021e-08 1.000000000000000021e-08 1.000000000000000021e-08 1.000000000000000021e-08 6.281112993314325694e-05 1.000000000000000021e-08 8.826593328110865445e-05 1.000000000000000021e-08 1.000000000000000021e-08 2.715822213364944100e-04 4.241742063450393979e-04 3.058901958191381537e-04 2.334625054887139108e-04 4.242558090281151268e-04 7.982270027685576131e-04 4.751626202528120256e-03 8.452984813501115404e-04 9.514112442008976645e-04 1.000000100000000021e-05 1.000000100000000021e-05 1.000000100000000021e-05 1.000000100000000021e-05 1.000000100000000021e-05 1.000000100000000021e-05 1.000000100000000021e-05 1.000000100000000021e-05 1.000000100000000021e-05 1.000000100000000021e-05 1.000000100000000021e-05 1.000000100000000021e-05 1.000000100000000021e-05 1.000000100000000021e-05 1.000000100000000021e-05 1.000000100000000021e-05
1.000000000000000021e-08 1.000000000000000021e-08 3.124084544249042218e-05 1.000000000000000021e-08 1.930401636110233313e-05 2.489435913014734542e-05 1.000000000000000021e-08 1.000000000000000021e-08 1.000000000000000021e-08 1.000000000000000021e-08 1.153353015807704877e-05 1.584828009659396424e-05 3.415382164588707473e-04 9.688411920941790781e-03 7.887345538996652031e-04 3.787348377877340806e-04 1.000000000000000021e-08 1.000000000000000021e-08 5.001310247476155367e-04 9.788687808583989712e-05 1.302054347009788064e-03 1.000000100000000021e-05 1.000000100000000021e-05 1.000000100000000021e-05 1.000000100000000021e-05 1.000000100000000021e-05 1.000000100000000021e-05 1.000000100000000021e-05 1.000000100000000021e-05 1.000000100000000021e-05 1.000000100000000021e-05 1.000000100000000021e-05 1.000000100000000021e-05 1.000000100000000021e-05 1.000000100000000021e-05 1.000000100000000021e-05 1.000000100000000021e-05
1.000000000000000021e-08 1.000000000000000021e-08 1.000000000000000021e-08 1.274541990875759028e-05 3.192566298053853415e-05 1.000000000000000021e-08 1.000000000000000021e-08 1.000000000000000021e-08 1.000000000000000021e-08 1.000000000000000021e-08 8.680347755823598682e-05 4.639040878376026519e-04 2.967931689287458858e-04 1.988410029811602973e-04 1.053028813444158808e-04 4.658293356234084477e-05 1.000000000000000021e-08 1.000000000000000021e-08 2.486916400572050193e-05 1.566970063097555008e-04 1.519101990289836160e-03 1.000000100000000021e-05 1.000000100000000021e-05 1.000000100000000021e-05 1.000000100000000021e-05 1.000000100000000021e-05 1.000000100000000021e-05 1.000000100000000021e-05 1.000000100000000021e-05 1.000000100000000021e-05 1.000000100000000021e-05 1.000000100000000021e-05 1.000000100000000021e-05 1.000000100000000021e-05 1.000000100000000021e-05 1.000000100000000021e-05 1.000000100000000021e-05
1.000000000000000021e-08 1.000000000000000021e-08 1.000000000000000021e-08 1.000000000000000021e-08 1.000000000000000021e-08 1.674198700965219563e-05 1.000000000000000021e-08 1.000000000000000021e-08 1.000000000000000021e-08 1.000000000000000021e-08 1.439219838703910349e-04 8.794506009997644317e-04 3.398672352448106008e-04 1.308584553699269871e-04 6.729174547678729175e-05 1.156758835182052450e-04 1.812787538977495138e-05 1.973368612927290684e-05 3.045092771676129317e-05 1.038449951563557081e-04 1.125925153691847936e-03 9.380059446258082407e-04 1.000000100000000021e-05 1.000000100000000021e-05 1.000000100000000021e-05 1.000000100000000021e-05 1.000000100000000021e-05 1.000000100000000021e-05 1.000000100000000021e-05 1.000000100000000021e-05 1.000000100000000021e-05 1.000000100000000021e-05 1.000000100000000021e-05 1.000000100000000021e-05 1.000000100000000021e-05 1.000000100000000021e-05 1.000000100000000021e-05
1.000000000000000021e-08 1.000000000000000021e-08 1.000000000000000021e-08 1.000000000000000021e-08 1.000000000000000021e-08 1.000000000000000021e-08 1.000000000000000021e-08 1.000000000000000021e-08 1.000000000000000021e-08 1.000000000000000021e-08 1.515012187497667120e-04 3.974729632609516400e-04 2.574992031140487013e-04 4.143708619240892628e-05 5.242355403957461071e-05 1.229991831324621495e-04 8.586199629055547703e-05 5.582464165529549927e-05 2.664673543892652634e-05 1.038031713663858257e-04 1.506710326468801075e-03 7.511354650720418556e-04 1.000000000000000021e-08 1.000000100000000021e-05 1.000000100000000021e-05 1.000000100000000021e-05 1.000000100000000021e-05 1.000000100000000021e-05 1.000000100000000021e-05 1.000000100000000021e-05 1.000000100000000021e-05 1.000000100000000021e-05 1.000000100000000021e-05 1.000000100000000021e-05 1.000000100000000021e-05 1.000000100000000021e-05 1.000000100000000021e-05
1.202877770439734562e-03 1.000000000000000021e-08 1.000000000000000021e-08 1.000000000000000021e-08 1.000000000000000021e-08 1.000000000000000021e-08 1.000000000000000021e-08 1.000000000000000021e-08 1.114586637698022003e-04 3.980542015199407704e-05 1.653512259614816726e-04 5.525105777923827125e-04 2.624795243210354062e-04 7.207476407464044642e-05 3.725471680942979170e-05 1.130785841987479341e-04 1.338218451184730920e-04 1.053539774779656675e-04 2.729259593315212112e-04 7.358696384387164967e-04 2.068120837174646995e-03 6.673149366097337956e-04 9.326882279654360097e-05 8.304334350728533097e-05 1.000000100000000021e-05 1.000000100000000021e-05 1.000000100000000021e-05 1.000000100000000021e-05 1.000000100000000021e-05 1.000000100000000021e-05 1.000000100000000021e-05 1.000000100000000021e-05 1.000000100000000021e-05 1.000000100000000021e-05 1.000000100000000021e-05 1.000000100000000021e-05 1.000000100000000021e-05
2.200977003510325436e-01 1.000000000000000021e-08 1.185648037463542979e-05 1.000000000000000021e-08 1.393501639775811870e-05 1.000000000000000021e-08 1.000000000000000021e-08 2.285614274446514269e-05 8.054860094263662418e-05 1.000000000000000021e-08 1.156535295013207451e-04 6.754740905228557224e-04 1.087585556551473598e-03 7.134123978647201661e-05 3.143310274088677064e-05 1.041393345667916974e-04 2.306987677918916080e-04 9.622547162330571089e-05 2.214778959845596380e-04 4.817616213823375498e-04 3.212582995941082060e-03 9.481920029068093871e-04 5.049578705742194544e-05 2.071714021238256920e-05 1.000000100000000021e-05 1.000000100000000021e-05 1.000000100000000021e-05 1.000000100000000021e-05 1.000000100000000021e-05 1.000000100000000021e-05 1.000000100000000021e-05 1.000000100000000021e-05 1.000000100000000021e-05 1.000000100000000021e-05 1.000000100000000021e-05 1.000000100000000021e-05 1.000000100000000021e-05
1.656316191583032393e-01 1.672210965161885499e-01 1.945296742825022905e-04 1.680150298693836218e-05 1.359274971441650391e-05 1.745115791653160985e-05 1.000000000000000021e-08 1.000000000000000021e-08 1.000000000000000021e-08 1.000000000000000021e-08 2.731807763004032836e-04 9.975425527630776314e-04 6.790409908548479360e-04 7.191484985851226170e-05 2.812014210274822398e-05 1.166288204349702143e-04 3.462179518320001627e-04 1.531558862746457746e-04 1.557486864418573900e-04 2.678051821361306442e-02 2.825284201501839995e-02 2.322974842951635579e-04 2.098342431242622425e-05 2.091359899985952779e-05 1.000000100000000021e-05 1.000000100000000021e-05 1.000000100000000021e-05 1.000000100000000021e-05 1.000000100000000021e-05 1.000000100000000021e-05 1.000000100000000021e-05 1.000000100000000021e-05 1.000000100000000021e-05 1.000000100000000021e-05 1.000000100000000021e-05 1.000000100000000021e-05 1.000000100000000021e-05
1.980944782520569769e-01 1.953840869177289885e-01 2.904501101288947044e-04 1.427106220556676547e-05 2.118289221357350791e-05 1.000000000000000021e-08 1.000000000000000021e-08 1.000000000000000021e-08 1.000000000000000021e-08 1.000000000000000021e-08 2.532067351530036458e-04 9.326193151248389664e-04 5.814997908115079363e-04 7.551016785062262941e-05 3.082984355051123415e-05 1.000000000000000021e-08 3.558315564282518110e-04 1.377171241937943371e-04 2.031500319815042824e-02 2.452921218750699073e-02 2.721437340104561342e-02 9.940003791930509657e-05 1.512842107923568873e-04 1.646601267556030627e-05 2.774233648045219564e-03 5.325523936767073555e-05 1.000000100000000021e-05 1.000000100000000021e-05 1.000000100000000021e-05 1.000000100000000021e-05 1.000000100000000021e-05 1.000000100000000021e-05 1.000000100000000021e-05 1.000000100000000021e-05 1.000000100000000021e-05 1.000000100000000021e-05 1.000000100000000021e-05
3.439709100887031745e-01 9.816909651383691482e-02 1.821831979094193355e-04 1.872927048383832646e-05 1.284300186557906390e-05 1.000000000000000021e-08 1.000000000000000021e-08 2.199822271260141790e-05 5.081191957233196908e-05 9.382844027935867642e-05 2.218100968070627380e-04 1.283460723400158508e-03 4.986458843872139954e-04 9.858647716792330519e-05 1.298162043914991330e-04 9.590424824589990861e-04 4.501435678130638260e-03 5.227601376163394827e-03 7.779976992859978339e-03 1.937748396680887691e-02 4.722774261024946020e-04 4.625861638933121897e-03 3.352489152904044082e-04 2.443867821972784391e-04 2.037690698025645532e-05 2.017073989292855662e-05 1.000000100000000021e-05 1.000000100000000021e-05 1.000000100000000021e-05 1.000000100000000021e-05 1.000000100000000021e-05 1.000000100000000021e-05 1.000000100000000021e-05 1.000000100000000021e-05 1.000000100000000021e-05 1.000000100000000021e-05 1.000000100000000021e-05
2.738312589871713110e-01 2.146320347771079606e-01 7.688356193113587544e-04 2.666969234259469439e-05 1.149161161240149912e-05 1.879739730509464627e-05 6.277406308508837423e-05 1.156901970537688764e-04 1.987932770776278286e-04 3.044186264532284690e-04 5.214311668136592179e-03 1.624335977883900129e-03 2.403170092529670170e-03 3.209676208384504379e-03 5.659466564951014939e-03 2.885095489133575677e-02 7.505569927809331229e-03 4.683729329986210423e-03 1.061832566812045569e-05 1.000000000000000021e-08 1.000000000000000021e-08 1.000000000000000021e-08 1.228455188488025658e-05 1.000000000000000021e-08 1.000000000000000021e-08 1.423748004583378703e-05 1.000000100000000021e-05 1.000000100000000021e-05 1.000000100000000021e-05 1.000000100000000021e-05 1.000000100000000021e-05 1.000000100000000021e-05 1.000000100000000021e-05 1.000000100000000021e-05 1.000000100000000021e-05 1.000000100000000021e-05 1.000000100000000021e-05
3.046705046445993270e-01 7.196566198561842320e-01 4.098550708313171420e-03 3.422742549564917466e-05 2.299173586370623637e-05 4.614688313373806297e-05 1.304742527755438043e-05 3.499614634072460809e-05 1.950091589157828387e-05 9.194411521885419148e-05 5.363953204238031082e-04 3.971507920403447717e-02 4.505643500279246996e-03 4.838580541547181542e-03 5.477207422053743079e-03 4.880201600504949721e-05 4.866635575864379444e-05 1.179267127781557888e-05 1.000000000000000021e-08 2.588620759491446676e-05 1.528433424853901457e-05 1.000000000000000021e-08 1.000000000000000021e-08 1.000000000000000021e-08 1.000000000000000021e-08 1.001838758016573039e-05 1.000000100000000021e-05 1.000000100000000021e-05 1.000000100000000021e-05 1.000000100000000021e-05 1.000000100000000021e-05 1.000000100000000021e-05 1.000000100000000021e-05 1.000000100000000021e-05 1.000000100000000021e-05 1.000000100000000021e-05 1.000000100000000021e-05
1.812191629594080752e-03 6.417649538353144001e-01 5.294553071309976433e-01 1.961867039085341685e-03 3.041382871512153161e-05 6.926668329719962137e-05 1.954479544286975612e-05 1.000000000000000021e-08 1.000000000000000021e-08 1.315977225777482025e-05 4.288171724245089266e-04 3.378669603529625698e-02 3.522571820125942194e-02 4.493103826305333212e-03 1.222674737049660437e-03 1.000000000000000021e-08 1.000000000000000021e-08 1.000000000000000021e-08 1.767351059850954704e-05 1.000000000000000021e-08 1.000000000000000021e-08 1.000000000000000021e-08 1.000000000000000021e-08 1.000000000000000021e-08 1.000000000000000021e-08 1.000000000000000021e-08 1.000000100000000021e-05 1.000000100000000021e-05 1.000000100000000021e-05 1.000000100000000021e-05 1.000000100000000021e-05 1.000000100000000021e-05 1.000000100000000021e-05 1.000000100000000021e-05 1.000000100000000021e-05 1.000000100000000021e-05 1.000000100000000021e-05
1.000000000000000021e-08 3.206690359265154948e-05 5.326105393751070505e-01 2.672146785395773660e-01 1.699922710626096123e-01 9.868726400844192448e-02 1.000000000000000021e-08 1.299594256486921354e-05 1.339635329527820697e-05 1.000000000000000021e-08 2.902853375455331808e-04 1.406215694085494183e-02 2.930426378859889505e-02 7.892598905289661612e-04 2.416452358357078635e-04 2.286040511038124002e-05 1.389304525408714513e-05 1.000000000000000021e-08 1.000000000000000021e-08 1.000000000000000021e-08 1.000000000000000021e-08 1.000000000000000021e-08 1.000000000000000021e-08 1.000000000000000021e-08 1.000000000000000021e-08 1.000000000000000021e-08 1.000000100000000021e-05 1.000000100000000021e-05 1.000000100000000021e-05 1.000000100000000021e-05 1.000000100000000021e-05 1.000000100000000021e-05 1.000000100000000021e-05 1.000000100000000021e-05 1.000000100000000021e-05 1.000000100000000021e-05 1.000000100000000021e-05
1.000000000000000021e-08 1.000000000000000021e-08 1.000000000000000021e-08 2.686585404240641184e-01 6.534814855498929376e-01 6.272598744027250151e-01 5.408762022279774984e-01 8.834806190684956276e-03 8.631627690295861060e-04 5.106243302763649981e-03 5.960020487545773619e-03 9.437142411117028368e-03 8.349229936778659964e-04 6.597480809230089373e-03 1.000000000000000021e-08 1.000000000000000021e-08 1.000000000000000021e-08 1.000000000000000021e-08 1.000000000000000021e-08 1.000000000000000021e-08 1.000000000000000021e-08 1.000000000000000021e-08 1.000000000000000021e-08 1.000000000000000021e-08 1.000000000000000021e-08 1.000000000000000021e-08 1.000000100000000021e-05 1.000000100000000021e-05 1.000000100000000021e-05 1.000000100000000021e-05 1.000000100000000021e-05 1.000000100000000021e-05 1.000000100000000021e-05 1.000000100000000021e-05 1.000000100000000021e-05 1.000000100000000021e-05 1.000000100000000021e-05
1.000000000000000021e-08 1.000000000000000021e-08 1.000000000000000021e-08 3.239093180717619543e-04 1.342934315302141439e-03 3.484577762946126835e-03 3.025041943218493845e-01 1.574875874096748896e-01 8.755175674830080468e-02 6.991247107796657798e-03 6.058827091463874805e-03 5.982484793916330833e-03 1.000000000000000021e-08 1.000000000000000021e-08 1.000000000000000021e-08 1.000000000000000021e-08 1.000000000000000021e-08 1.000000000000000021e-08 1.000000000000000021e-08 1.000000000000000021e-08 6.139989461878305182e-05 4.091204706059816602e-05 2.070832662326657579e-05 1.000000000000000021e-08 1.000000000000000021e-08 1.000000000000000021e-08 1.000000100000000021e-05 1.000000100000000021e-05 1.000000100000000021e-05 1.000000100000000021e-05 1.000000100000000021e-05 1.000000100000000021e-05 1.000000100000000021e-05 1.000000100000000021e-05 1.000000100000000021e-05 1.000000100000000021e-05 1.000000100000000021e-05
4.088334431960105109e-05 3.217430006584147824e-05 2.743746162151316549e-05 1.000000000000000021e-08 1.000000000000000021e-08 1.000000000000000021e-08 3.031775734755040030e-01 4.470859104791346517e-01 4.346679827227087900e-01 1.340134604471192835e-02 5.261317002287142428e-03 3.402238431454712372e-03 1.000000000000000021e-08 2.637475751783657996e-05 2.691111196459902035e-05 1.000000000000000021e-08 2.034665585196146582e-05 1.000000000000000021e-08 1.000000000000000021e-08 7.489453585640515169e-05 4.181990234273027395e-05 4.755592082302191240e-05 2.852429654938940803e-05 1.000000000000000021e-08 1.000000000000000021e-08 7.774799613123951935e-05 7.586097871961106109e-05 1.000000100000000021e-05 1.000000100000000021e-05 1.000000100000000021e-05 1.000000100000000021e-05 1.000000100000000021e-05 1.000000100000000021e-05 1.000000100000000021e-05 1.000000100000000021e-05 1.000000100000000021e-05 1.000000100000000021e-05
