output/water_depth_7200.asc
ncols 223
nrows 158
xllcorner 0.0
yllcorner 0.0
cellsize 30.0
[rows 17 to 33 of 158, columns 111 to 147 of 223]
1.000000000000000021e-08 1.000000000000000021e-08 1.000000000000000021e-08 1.373380713350111152e-05 1.445790470696005935e-05 3.311925895496312371e-05 2.829652475022224984e-05 3.250795548925840527e-05 3.842214737931190564e-05 3.675516847055856510e-05 1.000000000000000021e-08 1.000000000000000021e-08 1.000000000000000021e-08 3.357691235546899744e-05 1.873794214953152090e-05 1.141491902902696028e-05 7.597192310872108987e-05 1.781572941768282104e-04 2.530053620828370147e-04 2.088342919997627752e-04 3.033271263857243057e-04 4.568870182448953455e-04 9.134466679286172769e-05 8.997907511633132754e-05 9.681627294548891295e-05 1.037379315240131311e-04 2.236189334732381975e-03 9.498801683903138407e-03 7.463624904741271784e-03 7.639865844967597759e-05 1.720058206113333924e-05 1.000000000000000021e-08 1.000000000000000021e-08 1.000000000000000021e-08 1.000000000000000021e-08 1.000000000000000021e-08 1.000000000000000021e-08
1.970077028183169445e-05 1.000000000000000021e-08 1.000000000000000021e-08 1.153547796100390897e-05 1.546776371176615287e-05 1.451524125305311065e-05 2.896353788440403680e-05 3.596498955467910061e-05 1.000000000000000021e-08 3.145883894768899795e-05 2.373511503741421456e-05 1.000000000000000021e-08 1.558852925943409026e-05 3.511877131304712166e-05 3.250670584963817530e-05 3.537344120662708875e-05 7.073177891206605574e-05 3.829052051438676667e-04 5.249342845035600462e-04 1.495078130237458567e-03 1.935867570701031975e-03 1.348566168660083817e-02 2.954566134933293755e-03 3.115673843911119598e-03 3.277918517739754171e-03 3.352552427383703477e-03 3.978493540973847276e-02 1.051946565516621683e-02 4.323018812019320821e-05 1.000000000000000021e-08 1.000000000000000021e-08 1.000000000000000021e-08 1.000000000000000021e-08 1.000000000000000021e-08 1.000000000000000021e-08 1.000000000000000021e-08 1.000000000000000021e-08
2.750497372383201987e-05 1.000000000000000021e-08 1.000000000000000021e-08 1.000000000000000021e-08 1.304910547724411955e-05 1.718881290500654861e-05 1.000000000000000021e-08 1.000000000000000021e-08 1.000000000000000021e-08 3.688295194019470456e-05 2.979397769948081422e-05 2.439231265915096296e-05 3.013765249969517100e-05 4.865811441743887587e-05 5.169710379389799276e-05 1.106636308895317562e-03 1.482489088435208404e-03 1.833654531415912893e-03 2.268233851305401314e-03 1.195046166848169134e-03 8.018272652905516443e-05 1.014171692259825328e-04 9.739737100037804531e-05 6.953433319776012927e-05 7.426079626399404170e-05 3.848016471393885625e-04 1.294279190345473153e-02 1.012076592098581229e-04 1.221200375201028826e-05 1.000000000000000021e-08 1.000000000000000021e-08 1.000000000000000021e-08 1.000000000000000021e-08 1.000000000000000021e-08 1.000000000000000021e-08 1.000000000000000021e-08 1.000000000000000021e-08
2.293858633997318978e-05 1.654788749232037278e-05 1.287046848996893814e-05 1.287568062785297017e-05 1.499770056815747183e-05 1.803701710442891679e-05 3.706392550485688260e-04 3.841991212639944502e-04 3.711831156539776330e-04 8.112226570823406931e-04 9.770017852113090789e-04 1.177183096326105344e-03 1.418867816983018218e-03 1.545750011373537127e-03 1.650247175645519048e-03 1.397416691584073495e-03 9.491281846973393830e-05 7.482370614914300971e-05 1.000000000000000021e-08 1.000000000000000021e-08 1.083347375148387168e-05 1.158192642094202148e-05 1.233130361749655431e-05 1.055026156416087309e-05 3.895011239431127683e-05 3.858420731464518505e-04 5.163771502118749690e-02 3.057265408841693149e-05 1.000000000000000021e-08 1.000000000000000021e-08 1.000000000000000021e-08 1.000000000000000021e-08 1.000000000000000021e-08 1.000000000000000021e-08 1.000000000000000021e-08 1.000000000000000021e-08 1.000000000000000021e-08
1.078567259151450437e-04 1.449292361017916490e-04 1.268753738457709709e-04 1.100174946120074660e-04 1.560429159021390515e-04 5.132295206492105142e-04 5.087218310163598486e-04 6.687193460390312158e-04 8.833801023301380857e-04 7.113922700452049832e-04 5.962111351959102678e-04 3.220747034664320175e-04 2.158168924824622776e-04 1.376238326916104002e-04 1.008666203107829297e-04 1.089127164620153429e-04 1.000000000000000021e-08 1.000000000000000021e-08 4.991910752969956199e-05 9.085455018417730488e-05 7.578375224671948080e-05 6.514711599435461570e-05 5.489929494110917818e-05 5.090048723979719177e-05 2.803827073915543771e-05 6.626706640662460531e-05 4.064562250453070819e-02 1.000000000000000021e-08 1.000000000000000021e-08 1.000000000000000021e-08 1.000000000000000021e-08 1.000000000000000021e-08 1.000000000000000021e-08 1.000000000000000021e-08 1.000000000000000021e-08 1.000000000000000021e-08 1.000000000000000021e-08
9.208519074624809829e-05 7.606570096226149930e-05 1.086233902510468845e-04 3.001550999569054662e-04 5.014914134233350220e-04 4.143829859710412259e-04 1.972711204554922627e-05 2.866722966906940894e-05 1.828735108667814839e-05 3.059388551215621259e-05 2.720362372741805574e-05 2.582723314714700669e-05 2.748556426505796265e-05 1.000000000000000021e-08 1.000000000000000021e-08 1.000000000000000021e-08 1.000000000000000021e-08 1.000000000000000021e-08 1.272966273249942268e-05 3.387527764505759656e-05 1.000000000000000021e-08 4.859452515146098900e-05 1.070474239192585901e-04 1.000000000000000021e-08 1.000000000000000021e-08 5.168939795767752581e-05 1.351196409410772119e-02 1.000000000000000021e-08 1.000000000000000021e-08 1.000000000000000021e-08 1.000000000000000021e-08 1.000000000000000021e-08 1.000000000000000021e-08 1.000000000000000021e-08 1.000000000000000021e-08 1.000000000000000021e-08 1.000000000000000021e-08
5.710934769455996345e-05 1.409441287921716138e-04 2.055918723567594787e-04 2.208043112683015887e-04 2.963326779722576070e-04 3.079926683956642707e-04 2.280046304131728031e-04 2.367241022510655914e-05 3.158727024479707495e-05 1.000000000000000021e-08 1.000000000000000021e-08 1.000000000000000021e-08 1.728355836707662203e-05 1.000000000000000021e-08 1.000000000000000021e-08 1.000000000000000021e-08 1.000000000000000021e-08 1.000000000000000021e-08 1.078360488057542537e-05 1.000000000000000021e-08 1.000000000000000021e-08 1.000000000000000021e-08 1.322468171800655662e-04 1.500015842403566713e-04 1.187849402064483883e-04 1.142358771493085564e-04 1.297941061750680462e-02 1.197059640733552287e-05 1.000000000000000021e-08 1.000000000000000021e-08 1.000000000000000021e-08 1.000000000000000021e-08 1.000000000000000021e-08 1.000000000000000021e-08 1.000000000000000021e-08 1.000000000000000021e-08 1.000000000000000021e-08
1.451908898660332812e-05 2.519423212216779338e-05 6.993571144384142088e-05 8.274416440499040063e-05 1.296086083284032453e-04 2.811267951859201808e-04 1.323208084818093663e-04 4.299634272577193333e-04 3.580784856874811011e-05 1.000000000000000021e-08 1.000000000000000021e-08 1.000000000000000021e-08 1.532179140898705825e-05 1.000000000000000021e-08 1.000000000000000021e-08 1.000000000000000021e-08 1.969007096740069062e-05 1.773274004100344525e-05 1.245360437798421223e-05 1.784476532536765224e-05 6.745306867171029224e-05 8.853409233071362087e-05 5.931748854813465407e-05 1.000000000000000021e-08 1.332440831807699165e-04 1.527918638810629520e-04 1.246031660739954292e-02 1.307577401955589175e-05 1.000000000000000021e-08 1.000000000000000021e-08 1.000000000000000021e-08 1.000000000000000021e-08 1.000000000000000021e-08 1.000000000000000021e-08 1.000000000000000021e-08 1.000000000000000021e-08 1.000000000000000021e-08
1.000000000000000021e-08 3.277415410661715131e-05 1.000000000000000021e-08 8.436263089919215843e-05 9.853119434848931033e-05 1.022190426418911760e-04 2.009194744605076119e-03 5.592113497844620248e-04 1.000000000000000021e-08 1.000000000000000021e-08 1.000000000000000021e-08 1.000000000000000021e-08 1.000000000000000021e-08 1.570685891429465328e-05 3.502082615616167719e-05 2.700337478037617928e-05 2.917647894620090579e-05 3.900960113951864846e-05 6.290869639729282012e-05 8.349224431209585596e-05 8.084746151234455591e-05 6.621700595184325927e-05 1.000000000000000021e-08 1.000000000000000021e-08 4.604847200569120224e-05 2.118921558741923344e-04 4.332394155431986554e-02 1.386975180376367510e-05 1.000000000000000021e-08 1.000000000000000021e-08 1.000000000000000021e-08 1.000000000000000021e-08 1.000000000000000021e-08 1.000000000000000021e-08 1.000000000000000021e-08 1.000000000000000021e-08 1.000000000000000021e-08
2.562277024996986765e-05 4.592383184289251514e-05 8.186265174636775442e-05 9.910141644053197300e-05 1.041376532263729455e-04 7.893557944389759692e-05 6.474352393948321614e-05 2.576815558761796476e-03 2.989667147053250975e-05 1.000000000000000021e-08 1.000000000000000021e-08 1.000000000000000021e-08 1.031052669545204429e-05 1.671344540442603967e-05 2.233361045799325207e-05 1.041381958156316248e-05 1.000000000000000021e-08 1.533042350374066935e-05 1.946277635084434722e-05 4.036660742140751055e-05 3.321781433984116922e-05 1.000000000000000021e-08 1.876488584934000360e-05 3.601964702353484271e-05 3.110774986123166673e-05 3.240198585459778301e-05 1.282790537996191492e-02 8.888921835396220231e-03 8.330945465965709784e-03 3.981022803442988052e-05 1.000000000000000021e-08 1.000000000000000021e-08 1.000000000000000021e-08 1.000000000000000021e-08 1.000000000000000021e-08 1.000000000000000021e-08 1.000000000000000021e-08
3.065425210302586854e-05 4.605963182366538185e-05 5.271635122269962729e-05 5.339295315622258261e-05 5.810465991275109017e-05 1.000000000000000021e-08 1.000000000000000021e-08 1.000000000000000021e-08 1.000000000000000021e-08 1.000000000000000021e-08 1.092236549989725451e-05 1.732087457117701445e-05 2.130227237000734006e-05 2.222979542614986670e-05 2.767303393018786010e-05 2.107841612365434714e-05 1.970285398285571927e-05 1.000000000000000021e-08 1.000000000000000021e-08 1.000000000000000021e-08 1.000000000000000021e-08 1.000000000000000021e-08 1.000000000000000021e-08 1.000000000000000021e-08 1.000000000000000021e-08 1.000000000000000021e-08 2.443218664130775153e-03 2.335686460547046258e-03 7.022477039078457543e-03 7.280766040619670969e-03 2.746339133112822928e-05 1.000000000000000021e-08 1.000000000000000021e-08 1.000000000000000021e-08 1.000000000000000021e-08 1.000000000000000021e-08 1.000000000000000021e-08
5.453196897002229193e-05 3.064942912506456136e-05 2.114234604125217996e-05 1.487412145745489294e-05 1.300192610277576360e-05 1.207542617884851052e-05 1.279730562676201978e-05 1.643891101854365815e-05 1.658152308060812079e-05 2.367733654038760256e-05 5.385840019592339552e-05 7.566477637337216586e-05 6.420391735800562091e-05 8.386267961661949600e-05 8.270247725432339084e-05 1.432991556300239214e-04 9.798001361090377952e-05 1.391602044431877099e-04 9.485310363089764036e-05 8.580758450494448619e-05 8.145211117891914458e-05 6.081534849318470816e-05 5.414522914638968603e-05 3.861172998226765362e-05 1.000000000000000021e-08 1.000000000000000021e-08 3.361245984462569417e-04 8.287369832434949256e-04 5.795597354925158262e-03 9.826202246965726542e-03 1.903033789939390531e-03 1.000000000000000021e-08 1.000000000000000021e-08 1.000000000000000021e-08 1.000000000000000021e-08 1.000000000000000021e-08 1.000000000000000021e-08
4.216738388447604445e-05 5.124754993629893833e-05 4.105256729813478448e-05 3.905381905383668975e-05 3.947797549571023903e-05 3.624808873906026490e-05 2.811451043940593481e-05 2.726242875627029900e-05 2.961536506314154114e-05 3.241019035079049189e-05 1.735490785954473989e-05 1.651733993046757831e-05 4.070060832055166674e-05 4.914996116759757307e-05 1.001930085058926534e-04 1.324293991139431908e-04 1.563956286798691322e-04 1.817156450802522266e-04 1.848847042869886060e-04 1.497101150576014416e-04 1.312067710456617567e-04 1.366281224230452191e-04 1.117239629661573899e-04 1.059698589452494685e-04 8.152774503273767280e-05 6.969386347233951277e-05 2.575430464998368016e-04 8.506408738679070193e-04 1.203100425146424058e-03 7.900885929133873858e-03 7.455266509875586520e-03 5.025831063978709239e-05 1.000000000000000021e-08 1.000000000000000021e-08 1.000000000000000021e-08 1.000000000000000021e-08 1.000000000000000021e-08
3.731658458306354268e-05 4.924158882603643043e-05 1.000000000000000021e-08 3.347021036664400917e-05 4.387441697125812000e-05 1.000000000000000021e-08 2.919178672903770927e-05 1.000000000000000021e-08 2.731122925095749149e-05 2.756474944540663534e-05 2.426971302611551109e-05 2.721231721935224988e-05 4.227637044970560605e-05 1.000000000000000021e-08 1.000000000000000021e-08 1.000000000000000021e-08 1.593637721049450686e-05 1.165912121992041130e-05 1.041421139078334355e-04 1.324800620191925486e-04 1.351722316776155950e-04 1.292800073243690934e-04 1.373368438901745379e-04 1.222842523636922640e-04 1.281380740233949427e-04 1.068823975398915468e-04 1.000000000000000021e-08 2.584353891255717728e-04 1.037498171554938637e-03 1.808866695123444602e-03 1.028017785390922603e-02 7.619852668165470093e-05 1.000000000000000021e-08 1.000000000000000021e-08 1.000000000000000021e-08 1.000000000000000021e-08 1.000000000000000021e-08
1.000000000000000021e-08 3.876565844446946561e-05 4.122623250366557303e-05 1.000000000000000021e-08 3.181396263942005585e-05 2.117305173753465856e-05 2.989335571905316481e-05 1.753802649902797171e-05 1.000000000000000021e-08 1.000000000000000021e-08 1.000000000000000021e-08 3.921898918971361651e-05 5.237166591115249056e-05 1.000000000000000021e-08 1.000000000000000021e-08 1.000000000000000021e-08 1.000000000000000021e-08 1.206329808205170862e-05 5.088567766496384894e-05 1.000000000000000021e-08 7.812493978626142469e-05 1.169771787309109866e-04 1.388573027288170464e-04 1.569797254432956474e-04 7.623601756271482536e-05 4.656694156261710019e-05 1.511809050155163645e-05 2.166719411735431667e-04 3.806923263087680582e-04 1.531102475499469557e-03 2.595590237487204431e-03 3.197876668735201867e-03 1.996566852275781165e-05 1.000000000000000021e-08 1.000000000000000021e-08 1.000000000000000021e-08 1.000000000000000021e-08
1.000000000000000021e-08 1.000000000000000021e-08 5.649961055532542298e-05 8.863300131670152546e-05 1.000000000000000021e-08 1.000000000000000021e-08 2.992353992257753466e-05 4.377366255941563916e-05 4.371034904292505610e-05 4.444354357482620406e-05 1.000000000000000021e-08 4.036040460104370852e-05 1.000000000000000021e-08 1.000000000000000021e-08 1.000000000000000021e-08 1.000000000000000021e-08 1.000000000000000021e-08 1.000000000000000021e-08 1.000000000000000021e-08 1.000000000000000021e-08 1.000000000000000021e-08 1.000000000000000021e-08 1.017960444496597181e-04 1.000000000000000021e-08 1.000000000000000021e-08 1.000000000000000021e-08 1.000000000000000021e-08 6.578078389475162469e-05 3.743655841418672397e-04 5.761131155497563458e-04 2.179915645917426467e-03 9.100603235919385234e-03 5.971452075571112713e-05 1.000000000000000021e-08 1.000000000000000021e-08 1.000000000000000021e-08 1.000000000000000021e-08
1.000000000000000021e-08 1.000000000000000021e-08 1.000000000000000021e-08 1.864750275287411132e-05 2.799693720123910484e-05 2.472594221046473426e-05 4.516382422266943246e-05 7.149633874319906695e-05 7.452795131348347306e-05 8.424541942605807065e-05 1.000000000000000021e-08 1.000000000000000021e-08 1.000000000000000021e-08 1.000000000000000021e-08 1.000000000000000021e-08 1.000000000000000021e-08 1.000000000000000021e-08 1.000000000000000021e-08 1.000000000000000021e-08 1.000000000000000021e-08 1.000000000000000021e-08 1.000000000000000021e-08 1.000000000000000021e-08 1.000000000000000021e-08 1.000000000000000021e-08 1.000000000000000021e-08 1.000000000000000021e-08 5.529730277485085481e-05 3.235403248737449668e-04 4.951118578352012127e-04 1.696541007542390084e-03 6.333375404416832083e-03 5.206293572971405423e-03 1.551416596098125614e-05 1.000000000000000021e-08 1.000000000000000021e-08 1.000000000000000021e-08
