output/water_depth_9960.asc
ncols 223
nrows 158
xllcorner 0.0
yllcorner 0.0
cellsize 30.0
[rows 68 to 84 of 158, columns 74 to 110 of 223]
1.952480250680945371e-05 1.852778974260735326e-05 1.966872725474749274e-04 1.000000000000000021e-08 1.000000000000000021e-08 1.000000000000000021e-08 1.168586353585037086e-05 1.728516582848934558e-05 1.571632939836498555e-05 1.413086295311514679e-05 1.309830516166963799e-05 2.930061952707358939e-04 3.472672578613236641e-04 4.431818464302816158e-04 1.059062945790175281e-03 1.494161921839091316e-03 2.445359068592905041e-04 1.651015148810029221e-04 4.808460764836091158e-05 1.078137450349922835e-04 5.106470563840711640e-04 1.016602427107167689e-03 8.902948700905751345e-04 1.158946630919775516e-03 7.915611330034703040e-04 8.086768521366036102e-04 6.517323960740818711e-04 8.356453198810186861e-04 5.823251710174812829e-04 9.170952597087653852e-04 9.259059004443106729e-04 1.587205238593994341e-03 5.099990233685989605e-04 7.308324066171916844e-04 3.725416973003720079e-05 2.681148854695359184e-05 1.000000000000000021e-08
4.070217849364151600e-04 3.674732091791784241e-04 2.457817003686677752e-04 1.865339635961541062e-04 1.348906113253363315e-04 1.053575770076148257e-04 8.398180504388944229e-05 5.987680779707857089e-05 4.855184923994657065e-05 3.695505687168339589e-05 3.445186422793560671e-05 1.682009969794033262e-04 2.313344628595918591e-04 2.817506323005716334e-05 1.089227582045776524e-04 1.557513199425110764e-04 2.670733891413430597e-04 1.297837601883376399e-04 1.488989673857309928e-04 1.146599778737016377e-04 2.136804167420145687e-04 1.635373491597933121e-04 1.844137435572193473e-04 1.439736289173935719e-04 1.649165690379354287e-04 2.162814092301160195e-04 4.771535804458930819e-04 3.398971741262870943e-04 3.878811799530909707e-04 2.545958297603535640e-04 5.213323323394789639e-04 3.975687088946020355e-04 1.139441494947887080e-03 5.776528428769876116e-04 5.051300089526124248e-04 1.603325589652592332e-04 1.337523232721107977e-04
4.479046051581057550e-04 3.358872918055105187e-04 4.333596591989822069e-04 3.519873023655024848e-04 3.153615259703091952e-04 2.733549720744404311e-04 3.160229151231569444e-04 3.408676832323497799e-04 4.730803233612714247e-04 3.273343629635948153e-04 2.151618602098151717e-04 1.613751022073025773e-04 1.902290815508810766e-04 2.938814675775662318e-05 1.041035879252727046e-04 1.749408838799890317e-04 1.327445230512386211e-04 3.925474729919353669e-04 1.639334363829007932e-04 6.045729705656640229e-04 7.049925965045344490e-04 9.468175760141576752e-04 8.263007633072483272e-04 1.059245921740737013e-03 7.287771021051454162e-04 9.422049285316492270e-04 5.615296939394995692e-04 1.431262015887057497e-03 2.380688993989524206e-04 1.998019753748560984e-04 2.401858068359213894e-04 2.217051692903322061e-04 4.092141929119629635e-04 1.143396558438090991e-03 1.083669095106897179e-03 1.612399328526954376e-03 1.384292285972983866e-03
4.698129950292584314e-04 2.590801245047573946e-05 1.000000000000000021e-08 2.328544602186486485e-04 3.684454312473390680e-04 5.357683584703479664e-04 6.062435709841871396e-04 6.118550551994374849e-04 3.504740545372881841e-04 3.632209461627236720e-04 1.000000000000000021e-08 1.046220689681792465e-04 1.750957470385019977e-04 3.544160228173607696e-04 2.776381721646268208e-04 1.611828982815977898e-04 3.855848923003196379e-04 3.453057095188766094e-04 2.132964655133310228e-03 1.477098465881162030e-03 1.010781746570404331e-03 7.665424999416711174e-04 4.484594408352160521e-04 2.742109470536085417e-04 5.065506881617794395e-04 3.326805425456099666e-04 5.471692740006291709e-04 9.691357362785973191e-04 1.742402509013911199e-04 2.484210347197963456e-04 1.955728768092005799e-04 2.524680795566756420e-04 2.184552948089013525e-04 4.239342299088411483e-04 1.235796035821184287e-03 8.863352111041608757e-04 1.121185520909660045e-03
2.867228333314417177e-04 2.867440168717512471e-04 2.092076323975404939e-04 3.087845366746670445e-04 3.358053632715612708e-04 2.695586360780754479e-04 2.004734508891495065e-04 1.674978594988615812e-04 2.453577578892873821e-04 2.517344523490678025e-04 1.000000000000000021e-08 6.938537988655972349e-05 1.613335189719225602e-04 1.795107520811535604e-04 2.015149472562734970e-04 2.745401106221474936e-04 4.227993209002085481e-04 4.390375336479080673e-04 2.960598897056522429e-04 1.737093937643248843e-04 8.843002208319001840e-05 4.514280085234517623e-05 2.079872812882425622e-04 2.234568482584761251e-04 3.705943564759405862e-04 3.721050885806791576e-04 3.984428929331294464e-04 1.295862869666591238e-04 2.048719082644629862e-04 1.673084985006316071e-04 1.167332094184523418e-04 1.044624954963439237e-04 1.465403318829257534e-04 1.463614311529662110e-04 2.575868791196915639e-04 8.989355695123555810e-04 5.534972833854542255e-04
2.930638782582364096e-04 3.327091484112000390e-04 3.490132370858542590e-05 2.956264073121488985e-05 1.000000000000000021e-08 1.000000000000000021e-08 1.000000000000000021e-08 6.687593489329010177e-05 1.653949273908320657e-04 2.103614943796457289e-04 1.259892918407624289e-04 8.046722993875302934e-05 5.473609302534570604e-05 3.095321702232505786e-05 1.304894081847215277e-04 8.791336990779837206e-05 1.244606366425817358e-04 1.418739997603226668e-04 1.429217212172679370e-04 2.289514243993913054e-04 2.011692244247071553e-04 1.494674052156585780e-04 1.851266916088845852e-04 2.075714877582543407e-04 4.259300567325477737e-05 3.401390191735212409e-05 1.087854170404876838e-04 6.975402343190305072e-04 1.230892350605960149e-04 1.844854906598213595e-04 2.192481794801448699e-04 2.675947391920825572e-04 2.014897545310593587e-04 2.483253465694024403e-04 9.614055940342473849e-04 1.013038242698436611e-03 7.831783419732967280e-04
1.000000000000000021e-08 2.930436629370736104e-04 4.832456650647819858e-04 4.901876709429130998e-04 3.873507035429464584e-04 2.815186566490039135e-04 1.949562182936449416e-04 1.000000000000000021e-08 1.402370117983178896e-04 2.018605994481363066e-04 1.984422820089479136e-04 1.284881434705969550e-04 6.944702435880575854e-05 4.879712590287139452e-05 7.754000113570653900e-05 9.105999921510559195e-05 4.761411649819384507e-05 3.840274730542522655e-05 4.536487812996326338e-05 7.149919311482472379e-05 1.758905062637019384e-04 1.865403387207317874e-04 2.052084189695007666e-04 2.586079285693904323e-04 2.669897376275999522e-05 8.317535394751362110e-05 2.735343961886226266e-05 5.714150023227928133e-04 1.084273729172041288e-03 1.226063385459455479e-04 1.678870770305906197e-04 5.812621837321126328e-05 1.135121068555776836e-04 4.168947095396236533e-05 7.462436744558072340e-04 1.473895779931506987e-03 5.276465985982782547e-04
1.000000000000000021e-08 1.000000000000000021e-08 1.000000000000000021e-08 1.000000000000000021e-08 2.049144619958350041e-04 2.470160372958136487e-04 2.291258364124586612e-04 1.675414387017867043e-04 1.023178838972748337e-04 6.441088411473963170e-05 6.050411035317581140e-05 8.288630216694533367e-05 9.579775648798663729e-05 1.030782171282770192e-04 1.141476150371016277e-04 1.023547947739062905e-04 1.090020881093704916e-04 7.849081049045140718e-05 7.454544635438892762e-05 5.906071361324825977e-05 3.934647142113257813e-05 9.721747418878794102e-05 1.634603880558986773e-04 2.752108220985188878e-04 4.512497776080865125e-04 4.681124539241536564e-04 6.395573366385401935e-04 5.673201063949590960e-04 4.720942291176559967e-04 6.528915429453880379e-04 1.230585724112429980e-04 2.175235541175428769e-04 6.766796467561568941e-05 8.990178275487841668e-05 6.344621235835438142e-04 1.118616576917241855e-03 8.535220764789259529e-04
1.336151055740220255e-05 1.000000000000000021e-08 1.000000000000000021e-08 1.000000000000000021e-08 1.000000000000000021e-08 1.000000000000000021e-08 1.587778591105940809e-04 1.641840768283110458e-04 1.000000000000000021e-08 3.690405714868247859e-05 2.944784006365174664e-05 6.187874736825207619e-05 1.000000000000000021e-08 1.000000000000000021e-08 6.596899685145198641e-05 1.013758025815970719e-04 1.046413064387674986e-04 1.124202404672452755e-04 1.111659926377741393e-04 1.000000000000000021e-08 2.940392998005843567e-05 5.846876594427058394e-05 9.426653409380076991e-05 7.309033397304190948e-05 1.000000000000000021e-08 5.417740739447679592e-05 3.608593545104224102e-05 3.529568016355348896e-04 4.171925855163233189e-05 8.165345685827764819e-05 6.940666468928660888e-05 9.673690077763964302e-05 8.559288416087965914e-04 1.131468880400066926e-03 1.492555694055206980e-03 2.159609310785051608e-03 9.434292582990491324e-03
4.003859696870475327e-05 3.989718306724372471e-05 3.444305567130669836e-05 1.000000000000000021e-08 1.000000000000000021e-08 1.000000000000000021e-08 1.000000000000000021e-08 1.000000000000000021e-08 1.000000000000000021e-08 1.000000000000000021e-08 1.750654488998051571e-05 1.000000000000000021e-08 1.876711577258559824e-05 1.000000000000000021e-08 4.278826092775208582e-05 7.480608156661495490e-05 1.112449498384871676e-04 1.000000000000000021e-08 1.000000000000000021e-08 1.000000000000000021e-08 1.662627640046512051e-05 3.544813386071305849e-05 7.502522708316837117e-05 5.755593523137432526e-05 5.254930460485977606e-05 3.682772347189736524e-05 1.000000000000000021e-08 1.557211062897390362e-05 3.609906501684614932e-05 3.525384186607650777e-05 3.182735511876235720e-05 1.720297253444352608e-04 1.650853644572759728e-04 1.290618906369658738e-04 1.073106018593824419e-04 1.088669923416584959e-04 1.185293474814234395e-03
1.776293034981323769e-05 3.724576638517736573e-05 1.000000000000000021e-08 1.000000000000000021e-08 1.000000000000000021e-08 1.000000000000000021e-08 1.000000000000000021e-08 1.000000000000000021e-08 2.159617420448493825e-05 1.000000000000000021e-08 1.280936487306209479e-05 1.713810667665013627e-05 3.093393534086888159e-05 3.765350097960410119e-05 4.759288378630885353e-05 7.812715323421502277e-05 1.000000000000000021e-08 1.000000000000000021e-08 1.000000000000000021e-08 1.000000000000000021e-08 1.041982932469647774e-05 1.843094824063165669e-05 4.673749141250264623e-05 6.599233978130655332e-05 6.780424083582833428e-05 6.470157838851664923e-05 1.000000000000000021e-08 1.000000000000000021e-08 1.079762335156628247e-05 7.355219242357563894e-05 7.965240472478150955e-05 4.559931851246908823e-04 2.924430902102572653e-04 1.889465057110540231e-05 1.446940541825777909e-05 1.766975951039156351e-05 1.147935762578816601e-03
1.000000000000000021e-08 1.000000000000000021e-08 1.000000000000000021e-08 1.000000000000000021e-08 1.000000000000000021e-08 1.000000000000000021e-08 1.000000000000000021e-08 1.000000000000000021e-08 1.000000000000000021e-08 1.000000000000000021e-08 1.000000000000000021e-08 1.000000000000000021e-08 3.757409028227839438e-05 1.000000000000000021e-08 1.000000000000000021e-08 5.637765013612416166e-05 5.416087290735924551e-05 6.170551929378812546e-05 6.249992529318426225e-05 4.307341715005454270e-05 1.000000000000000021e-08 1.000000000000000021e-08 3.510610128108067557e-05 6.099064850773977487e-05 1.000000000000000021e-08 5.131996823200017183e-05 1.000000000000000021e-08 1.000000000000000021e-08 1.765577585707016524e-05 1.635609429131459452e-05 2.458879187125094685e-05 7.254726885837746442e-05 6.392188760153671707e-05 2.481463040315284269e-05 2.085320200522497116e-05 1.655638500240768968e-05 3.423585951704621400e-05
1.000000000000000021e-08 1.000000000000000021e-08 1.000000000000000021e-08 1.000000000000000021e-08 1.000000000000000021e-08 1.000000000000000021e-08 1.000000000000000021e-08 1.000000000000000021e-08 1.000000000000000021e-08 1.591764527842846907e-05 1.762841084085379735e-05 1.000000000000000021e-08 1.000000000000000021e-08 1.000000000000000021e-08 1.000000000000000021e-08 1.000000000000000021e-08 4.426255575558603930e-05 6.741507683946956514e-05 1.239307578678473234e-04 1.212166592563893741e-04 1.000000000000000021e-08 1.000000000000000021e-08 1.000000000000000021e-08 4.761466171487529911e-05 4.679030734056198758e-05 5.892959183299305200e-05 6.005205594021944377e-05 5.796539078964071034e-05 1.038671736414879479e-04 8.222745885531303667e-05 7.864708917840474019e-05 1.152899894325211036e-04 5.794196935206125912e-05 1.083094097293908466e-04 1.000000000000000021e-08 1.000000000000000021e-08 2.099268376721440338e-05
1.000000000000000021e-08 1.000000000000000021e-08 1.000000000000000021e-08 1.000000000000000021e-08 1.000000000000000021e-08 1.000000000000000021e-08 1.000000000000000021e-08 1.000000000000000021e-08 1.000000000000000021e-08 1.000000000000000021e-08 1.294788887368157684e-05 1.000000000000000021e-08 1.000000000000000021e-08 2.147778617722339027e-05 3.238717560202543377e-05 1.000000000000000021e-08 3.990215282259240882e-05 5.641440614165004098e-05 4.438203971268419391e-05 7.953864331351935416e-05 6.096486540874411123e-05 1.000000000000000021e-08 1.000000000000000021e-08 5.101656612510667389e-05 1.000000000000000021e-08 4.688012198551444113e-05 5.659631826290184369e-05 7.663001143270389435e-05 6.856554250213536903e-05 1.010033482905666841e-04 1.150541474817908720e-04 9.811168268211034214e-05 1.000000000000000021e-08 7.400516019563720431e-04 1.041121679219820248e-03 5.867189189266864419e-04 6.529346352846535301e-04
1.000000000000000021e-08 1.000000000000000021e-08 1.000000000000000021e-08 1.000000000000000021e-08 1.000000000000000021e-08 1.000000000000000021e-08 1.000000000000000021e-08 1.000000000000000021e-08 1.000000000000000021e-08 1.037655448909202533e-05 1.702432903208829986e-05 1.836082758917094698e-05 2.533111589723714550e-05 2.349978854707887734e-05 3.281335216916715896e-05 2.751884982187418718e-05 1.000000000000000021e-08 1.000000000000000021e-08 1.000000000000000021e-08 1.000000000000000021e-08 3.346269794949752587e-05 2.505625227643406227e-05 2.233757373164749392e-05 6.585834205539875422e-05 1.012854365902860220e-04 1.147791351259968244e-04 1.336540847406277141e-04 1.523168013508367042e-04 1.483615827009340923e-04 1.493894571604154422e-04 1.000000000000000021e-08 2.536544081613491551e-05 1.584849797106305431e-05 1.455075122350205010e-04 8.451609049227559430e-05 3.701422091644703655e-04 4.181276739557798728e-04
1.000000000000000021e-08 1.000000000000000021e-08 1.000000000000000021e-08 1.000000000000000021e-08 1.000000000000000021e-08 1.000000000000000021e-08 1.000000000000000021e-08 1.000000000000000021e-08 1.610123555376465201e-05 2.139812623462455745e-05 2.897218829089618020e-05 2.743256828394349049e-05 2.522265097772808271e-05 2.419461455901086104e-05 2.595564215862086919e-05 1.000000000000000021e-08 1.000000000000000021e-08 1.000000000000000021e-08 1.000000000000000021e-08 1.000000000000000021e-08 1.000000000000000021e-08 1.000000000000000021e-08 1.000000000000000021e-08 1.000000000000000021e-08 1.000000000000000021e-08 7.981865897312826245e-05 1.769275373985271628e-04 1.729334215968707559e-04 1.916567391887153196e-04 3.139962382215068996e-04 2.854937305512885706e-04 2.398642362655061889e-04 2.118054348840293097e-04 1.614993088272228075e-04 1.550865343760517623e-04 2.551703411728216409e-04 2.018511516289252521e-04
1.000000000000000021e-08 1.000000000000000021e-08 1.000000000000000021e-08 1.000000000000000021e-08 1.000000000000000021e-08 1.000000000000000021e-08 1.000000000000000021e-08 1.000000000000000021e-08 1.000000000000000021e-08 1.000000000000000021e-08 1.000000000000000021e-08 1.000000000000000021e-08 1.000000000000000021e-08 1.398497420977148510e-05 1.641549888023481274e-05 1.000000000000000021e-08 1.000000000000000021e-08 1.000000000000000021e-08 1.000000000000000021e-08 1.000000000000000021e-08 1.000000000000000021e-08 1.000000000000000021e-08 1.000000000000000021e-08 1.000000000000000021e-08 1.000000000000000021e-08 5.167071326388398238e-05 5.779427165275316476e-05 1.649303967423050056e-04 3.068187996001255210e-04 2.706111321427410055e-04 4.317727057317965957e-04 3.909025421327942153e-04 3.696625703224014190e-05 1.650437911561303465e-05 3.844138230042629459e-05 2.057840702821547775e-04 1.834546478728665971e-04
