output/water_depth_5160.asc
ncols 223
nrows 158
xllcorner 0.0
yllcorner 0.0
cellsize 30.0
[rows 119 to 135 of 158, columns 148 to 184 of 223]
1.244911815386329264e-05 1.272358871878680422e-05 1.157607067650405993e-05 1.000000000000000021e-08 1.000000000000000021e-08 1.000000000000000021e-08 1.000000000000000021e-08 1.000000000000000021e-08 1.000000000000000021e-08 1.000000000000000021e-08 4.080283220502233530e-05 1.556923175408640074e-03 1.019411207191913381e-03 7.186506115468304680e-05 4.631957364660397496e-05 1.000000000000000021e-08 4.750644784576236898e-05 1.052227031345652779e-04 9.342373885901456910e-05 8.902906696750584326e-01 4.407780373818167316e-05 4.592452410917452667e-05 2.913715610712010141e-04 1.776921253303854052e-05 1.000000000000000021e-08 3.439962982812028831e-05 6.709804650005592196e-05 1.000000000000000021e-08 1.000000000000000021e-08 1.000000000000000021e-08 1.000000000000000021e-08 1.000000000000000021e-08 1.000000000000000021e-08 1.000000000000000021e-08 1.241988591924814565e-05 4.520778479013857831e-05 5.034150691231020080e-05
1.000000000000000021e-08 1.000000000000000021e-08 1.000000000000000021e-08 1.000000000000000021e-08 1.000000000000000021e-08 1.000000000000000021e-08 1.000000000000000021e-08 1.000000000000000021e-08 1.000000000000000021e-08 1.000000000000000021e-08 5.626172210796057371e-05 1.701624406443089793e-05 1.103867518298782576e-05 1.000000000000000021e-08 1.000000000000000021e-08 1.000000000000000021e-08 1.000000000000000021e-08 4.195717085488456658e-05 1.000000000000000021e-08 7.472965445285476547e-05 1.000000000000000021e-08 5.547640908471739029e-05 3.827816513788191352e-05 1.000000000000000021e-08 1.841489282699103669e-05 3.199104786259892702e-05 3.688041792162194350e-05 1.000000000000000021e-08 1.853808245287629782e-05 2.022071885535333186e-05 1.000000000000000021e-08 1.000000000000000021e-08 1.020966711628908683e-05 1.730393652190344054e-05 2.414982032823915345e-05 2.498043805927007967e-05 4.171939589444096665e-05
1.000000000000000021e-08 1.000000000000000021e-08 4.878677811443075458e-05 1.405692765091656369e-04 1.028478600003579550e-04 1.000000000000000021e-08 1.000000000000000021e-08 1.000000000000000021e-08 1.000000000000000021e-08 1.000000000000000021e-08 6.643261344764498006e-05 1.252445267068185024e-05 1.052892364769793399e-05 5.084652928245473160e-05 1.000000000000000021e-08 1.000000000000000021e-08 1.000000000000000021e-08 3.487783969224479127e-05 1.000000000000000021e-08 6.271322368485317256e-05 6.152993871923553588e-05 2.418142184146308834e-05 3.244788661608430472e-05 1.000000000000000021e-08 1.000000000000000021e-08 2.783418769195076883e-05 1.888045204877649588e-05 1.000000000000000021e-08 1.124788113088418240e-05 1.255762069078706570e-05 1.000000000000000021e-08 1.000000000000000021e-08 1.000000000000000021e-08 1.000000000000000021e-08 2.877216780484594122e-05 1.000000000000000021e-08 1.000000000000000021e-08
1.000000000000000021e-08 3.077317069745946147e-05 5.005720661958273611e-05 1.431830553980118219e-04 1.000000000000000021e-08 1.175077536302197108e-05 1.000000000000000021e-08 1.000000000000000021e-08 1.000000000000000021e-08 1.000000000000000021e-08 7.397984518398686147e-05 1.374108981497023403e-05 1.000000000000000021e-08 5.355795389793067181e-05 3.726416209843926632e-05 1.072983649138337439e-04 7.109451669203049071e-05 2.825338597912236370e-05 3.734823893223817329e-05 2.819578832836054413e-05 5.048841997903712447e-05 2.373908784837409404e-05 1.641249652673901368e-05 1.000000000000000021e-08 1.000000000000000021e-08 1.000000000000000021e-08 1.370526885307230387e-05 1.000000000000000021e-08 1.000000000000000021e-08 1.000000000000000021e-08 1.000000000000000021e-08 1.000000000000000021e-08 1.000000000000000021e-08 1.000000000000000021e-08 1.000000000000000021e-08 1.000000000000000021e-08 1.000000000000000021e-08
3.549751674231273321e-05 1.000000000000000021e-08 1.646079064319222487e-05 1.495821238280978427e-05 1.000000000000000021e-08 1.185956439602678566e-05 1.000000000000000021e-08 1.000000000000000021e-08 1.000000000000000021e-08 3.393633676176790109e-05 7.812774063968939552e-05 1.480388749034089110e-04 1.150399985752384594e-05 2.118971307414061462e-05 3.672599585316066825e-05 1.021867611977781093e-04 1.000000000000000021e-08 3.828629395665061891e-05 1.000000000000000021e-08 2.316182435300906286e-05 1.843607352112802263e-05 1.474672980234836103e-05 1.304829506287301923e-05 1.000000000000000021e-08 1.809648489997039381e-05 1.000000000000000021e-08 1.000000000000000021e-08 1.598735265117826984e-05 2.183015927526608480e-05 4.115804017952540502e-05 4.702572180556480625e-05 5.080408638093639032e-05 4.769808661251517058e-05 1.000000000000000021e-08 1.000000000000000021e-08 1.000000000000000021e-08 1.000000000000000021e-08
1.000000000000000021e-08 1.000000000000000021e-08 1.859351842409585434e-05 1.021884682402617916e-05 1.000000000000000021e-08 1.185643342851533254e-05 1.076755235690619948e-04 1.213859601301051181e-04 1.000000000000000021e-08 3.662030752811133916e-05 4.780516692753970326e-05 1.602112600254569782e-04 9.410458765930302056e-05 1.000000000000000021e-08 1.156183451129014556e-05 7.271381218158283152e-05 1.000000000000000021e-08 2.010057795012671204e-05 1.000000000000000021e-08 1.000000000000000021e-08 1.000000000000000021e-08 1.000000000000000021e-08 1.000000000000000021e-08 1.042844389242369387e-05 1.487517655709633294e-05 3.715185223796705017e-05 3.588555209426272846e-05 4.195987705398912954e-05 4.516900730989826575e-05 3.931097104138701664e-05 2.623252225504281660e-05 2.245642340557612972e-05 1.000000000000000021e-08 1.490574707453478161e-05 2.053853182039383366e-05 1.000000000000000021e-08 1.000000000000000021e-08
1.000000000000000021e-08 1.372987758230118441e-05 1.258986425457765749e-05 1.055826342563866621e-05 1.000000000000000021e-08 1.835001746731514328e-05 9.796455331332975082e-05 9.283200983597519591e-05 3.546143034018098912e-05 2.100707119861205323e-05 5.125412515148643802e-05 1.141871644250836386e-04 6.632716055059543223e-05 1.000000000000000021e-08 1.000000000000000021e-08 4.547789159236115069e-05 1.000000000000000021e-08 1.860878784361807791e-05 1.000000000000000021e-08 2.161840597447217116e-05 1.000000000000000021e-08 1.000000000000000021e-08 1.000000000000000021e-08 1.000000000000000021e-08 1.000000000000000021e-08 1.077161564349172594e-05 3.271133401525032613e-05 4.939155991541965428e-05 5.425416875367720980e-05 1.000000000000000021e-08 1.900169338794025522e-05 2.274260212912103862e-05 1.609069577347840989e-05 1.000000000000000021e-08 1.734580491903520667e-05 2.389151380308390969e-05 2.082270960886908952e-05
1.000000000000000021e-08 1.207644741258509536e-05 1.283234083538893969e-05 1.017917688589564395e-05 5.749341556429764748e-05 2.001612853808612934e-05 8.160152297343130476e-05 5.566647451341608029e-05 3.751279310328743330e-05 2.048440748174841570e-05 5.306953806263783706e-05 3.474997978047423013e-05 7.084738198423534748e-05 1.000000000000000021e-08 1.000000000000000021e-08 2.309611107110864708e-05 1.000000000000000021e-08 1.657400783965149561e-05 1.000000000000000021e-08 1.000000000000000021e-08 1.376149365676672760e-05 1.579238390949760703e-05 1.569765363934816498e-05 1.000000000000000021e-08 1.000000000000000021e-08 1.217417455944371311e-05 3.196486882918959038e-05 5.477755897690310898e-05 6.311854108331220339e-05 5.034261164592593785e-05 4.547477538830111814e-05 3.967173402700079608e-05 3.159020324038987768e-05 1.000000000000000021e-08 1.000000000000000021e-08 1.000000000000000021e-08 1.816813155579310402e-05
1.000000000000000021e-08 1.000000000000000021e-08 1.143006944267800832e-05 1.394862958774829646e-05 2.816961793230542978e-05 3.128483468697922315e-05 3.164296188644912579e-05 4.377892404973530223e-05 3.751215258292303796e-05 2.796291249002412409e-05 4.158645481355003286e-05 1.000000000000000021e-08 3.841283716613679879e-05 1.000000000000000021e-08 1.000000000000000021e-08 1.000000000000000021e-08 1.149656342185592123e-05 1.056257349408237404e-05 1.685228733337946493e-05 2.091020403000751714e-05 2.774829623396440730e-05 2.740689673274068343e-05 1.000000000000000021e-08 1.000000000000000021e-08 1.000000000000000021e-08 1.404564476267981445e-05 3.472482502770290205e-05 4.819924403842946938e-05 6.962101230471500282e-05 7.354457016347209890e-05 6.865221677902422150e-05 6.662244284608451010e-05 5.855515253795904777e-05 1.000000000000000021e-08 1.000000000000000021e-08 1.000000000000000021e-08 1.000000000000000021e-08
1.308759488535689716e-05 1.000000000000000021e-08 1.000000000000000021e-08 1.000000000000000021e-08 2.529660238329261351e-05 1.000000000000000021e-08 1.000000000000000021e-08 2.338520352524258529e-05 3.086027982666792640e-05 3.860381236567224546e-05 1.000000000000000021e-08 2.029410993047974044e-05 2.015066822271885925e-05 2.561110309047834945e-05 1.000000000000000021e-08 1.000000000000000021e-08 1.000000000000000021e-08 1.250228361075439145e-05 2.262938012022742200e-05 2.698882138537574786e-05 3.747273119656669007e-05 4.369013546400447173e-05 1.000000000000000021e-08 1.000000000000000021e-08 1.000000000000000021e-08 1.000000000000000021e-08 1.000000000000000021e-08 1.000000000000000021e-08 1.000000000000000021e-08 1.000000000000000021e-08 1.000000000000000021e-08 1.000000000000000021e-08 1.000000000000000021e-08 1.000000000000000021e-08 1.000000000000000021e-08 1.000000000000000021e-08 1.000000000000000021e-08
1.723798261732669288e-05 1.000000000000000021e-08 4.708355476168921952e-05 8.929244530016067574e-05 2.403941036451215474e-05 1.000000000000000021e-08 1.000000000000000021e-08 1.000000000000000021e-08 2.759660917604024044e-05 1.799190974298646350e-05 1.000000000000000021e-08 1.048439218197321656e-05 1.493286085581068484e-05 1.806534762996934995e-05 2.348043629526811447e-05 4.163774643025629647e-05 4.586682817648774689e-05 1.000000000000000021e-08 1.659507882811635650e-05 3.600332277067058403e-05 5.808081319655549656e-05 6.368616632161509025e-05 4.694580553152600258e-05 4.164297768019755477e-05 2.833558405032416181e-05 2.084067935461636180e-05 2.594805211808390619e-05 1.000000000000000021e-08 1.000000000000000021e-08 1.000000000000000021e-08 1.000000000000000021e-08 1.000000000000000021e-08 1.000000000000000021e-08 4.580466181730960437e-05 1.000000000000000021e-08 1.000000000000000021e-08 1.000000000000000021e-08
2.339585413041054941e-05 3.104924335720989266e-05 6.473215874897557008e-05 3.673024337323482969e-05 2.265168727917521175e-05 1.000000000000000021e-08 1.000000000000000021e-08 1.000000000000000021e-08 1.000000000000000021e-08 1.000000000000000021e-08 1.000000000000000021e-08 1.000000000000000021e-08 1.000000000000000021e-08 1.000000000000000021e-08 1.246956071703635860e-05 1.000000000000000021e-08 1.000000000000000021e-08 1.000000000000000021e-08 1.361028100037861743e-05 1.653335962330411334e-05 2.111230127483041123e-05 1.000000000000000021e-08 2.398681843876591748e-05 1.986163845439723185e-05 2.916381262060569189e-05 3.055335991251390573e-05 7.463542148719411119e-05 1.285939995765466226e-04 1.374304632553993634e-04 1.450506432190499921e-04 1.460523053774426564e-04 1.715660201491414464e-04 1.976698339970894684e-04 2.261843520709714585e-04 1.469144586031712768e-04 1.154355798405863885e-04 9.527996810223334119e-05
2.526059874696808108e-05 1.000000000000000021e-08 3.234388429411138444e-05 2.272837414766692608e-05 2.114731722536203297e-05 3.714263292821391304e-05 3.641938397042735089e-05 1.000000000000000021e-08 1.000000000000000021e-08 1.000000000000000021e-08 1.094201069830837343e-05 1.525762498854457850e-05 1.754500298190603838e-05 2.030274911812600727e-05 2.778375307677803904e-05 4.615378900805870032e-05 1.000000000000000021e-08 1.000000000000000021e-08 1.000000000000000021e-08 1.000000000000000021e-08 1.000000000000000021e-08 2.597002555999807801e-05 1.000000000000000021e-08 1.701128716687173699e-05 2.319794753640433109e-05 4.083639296119130347e-05 4.371346185775799116e-05 6.174184448275444042e-05 1.000000000000000021e-08 1.000000000000000021e-08 1.000000000000000021e-08 4.249401509515033255e-05 1.000000000000000021e-08 1.000000000000000021e-08 1.000000000000000021e-08 1.000000000000000021e-08 5.121217941074396210e-05
1.565070957969045726e-05 1.000000000000000021e-08 1.402833146250402865e-05 1.070640223833179844e-05 1.896868753712739817e-05 1.981219689308240389e-05 2.314776556950384531e-05 2.328565992500646783e-05 2.298701517531330900e-05 2.307546536760579100e-05 1.000000000000000021e-08 1.000000000000000021e-08 1.000000000000000021e-08 2.245776186526527080e-05 1.000000000000000021e-08 1.000000000000000021e-08 1.000000000000000021e-08 1.000000000000000021e-08 1.162531235652357206e-05 1.697355933245183688e-05 1.000000000000000021e-08 1.311411364025256307e-05 2.496666199965740098e-05 2.251976631091830137e-05 3.059463543671667830e-05 3.652156890002311015e-05 1.000000000000000021e-08 1.000000000000000021e-08 1.000000000000000021e-08 1.000000000000000021e-08 3.282542938802774995e-05 4.038195240462027580e-05 2.737517360691525917e-05 2.597257934729535519e-05 1.000000000000000021e-08 1.000000000000000021e-08 1.000000000000000021e-08
1.000000000000000021e-08 1.000000000000000021e-08 1.000000000000000021e-08 1.170884335628412933e-05 1.511824956496201360e-05 1.182002355214913646e-05 1.048352540862620757e-05 2.677576734935502748e-05 3.587660648695969312e-05 3.845139696586608431e-05 1.000000000000000021e-08 1.000000000000000021e-08 1.000000000000000021e-08 1.000000000000000021e-08 1.000000000000000021e-08 1.000000000000000021e-08 1.000000000000000021e-08 1.000000000000000021e-08 1.576647519135761821e-05 2.570237931006604854e-05 2.639794883004307715e-05 1.000000000000000021e-08 1.000000000000000021e-08 2.014321064344236917e-05 2.833482361747430772e-05 1.917324890767943492e-05 1.583664010236459529e-05 1.528124153506509947e-05 1.534007034597143434e-05 1.287303793504419172e-05 1.111691663224838945e-05 1.000000000000000021e-08 1.939303501209742406e-05 2.495941535558378544e-05 1.884185745169434159e-05 2.152540916475606709e-05 2.033260266970802064e-05
1.000000000000000021e-08 1.000000000000000021e-08 1.000000000000000021e-08 1.000000000000000021e-08 1.000000000000000021e-08 1.000000000000000021e-08 1.000000000000000021e-08 2.275695955238154578e-05 3.528577755036434388e-05 1.000000000000000021e-08 1.000000000000000021e-08 1.000000000000000021e-08 1.000000000000000021e-08 1.000000000000000021e-08 1.000000000000000021e-08 1.000000000000000021e-08 1.000000000000000021e-08 1.000000000000000021e-08 1.971230059218065663e-05 3.780627142248940031e-05 1.000000000000000021e-08 1.000000000000000021e-08 1.000000000000000021e-08 2.036751135675878263e-05 1.000000000000000021e-08 1.709508079614439056e-05 4.520120866575696512e-05 4.235641284202141182e-05 3.839876070787594361e-05 3.398045009205949218e-05 1.000000000000000021e-08 1.000000000000000021e-08 1.199246105578772352e-05 2.435354651174899112e-05 5.004529476050154909e-05 1.000000000000000021e-08 1.000000000000000021e-08
1.000000000000000021e-08 1.000000000000000021e-08 1.000000000000000021e-08 1.168760393328809401e-05 1.834616881851747441e-05 2.399816468317189427e-05 2.463985765266576397e-05 1.000000000000000021e-08 2.540990226014475090e-05 1.000000000000000021e-08 1.000000000000000021e-08 1.000000000000000021e-08 1.000000000000000021e-08 1.000000000000000021e-08 1.000000000000000021e-08 1.000000000000000021e-08 1.000000000000000021e-08 1.222645426164813156e-05 2.848180482396726421e-05 5.153498261900730495e-05 1.000000000000000021e-08 1.000000000000000021e-08 1.000000000000000021e-08 1.000000000000000021e-08 1.000000000000000021e-08 2.545562416764778619e-05 1.000000000000000021e-08 1.000000000000000021e-08 1.000000000000000021e-08 3.088679228106852570e-05 1.000000000000000021e-08 1.000000000000000021e-08 1.000000000000000021e-08 1.000000000000000021e-08 1.000000000000000021e-08 1.000000000000000021e-08 1.000000000000000021e-08
