output/water_depth_4800.asc
ncols 223
nrows 158
xllcorner 0.0
yllcorner 0.0
cellsize 30.0
[rows 68 to 84 of 158, columns 111 to 147 of 223]
1.472421325745477863e-04 5.225223480193072565e-04 3.347675354975766354e-05 4.376635414178489496e-05 1.419744517036844151e-05 2.555994138456094508e-05 1.000000000000000021e-08 1.000000000000000021e-08 1.205084248993663752e-04 1.033273964289479997e-03 6.668014146349826674e-04 1.119130383262991087e-04 3.159077970813783817e-05 1.000000000000000021e-08 1.143636158633158257e-05 1.000000000000000021e-08 1.000000000000000021e-08 1.000000000000000021e-08 1.000000000000000021e-08 1.000000000000000021e-08 1.000000000000000021e-08 1.910237114734776706e-05 1.000000000000000021e-08 1.000000000000000021e-08 1.162204490830708049e-05 1.711305628661305590e-05 1.629858976214706274e-05 4.946159525930385011e-05 6.783877294096216787e-03 1.110858292907283005e-03 1.000000000000000021e-08 1.000000000000000021e-08 1.011162638536560994e-04 5.935758453058967665e-05 1.000000000000000021e-08 1.000000000000000021e-08 2.091077321103761429e-05
5.190045185987442362e-04 1.797923866669984575e-03 4.547566416593415428e-03 7.591074514362417848e-03 1.762011773713371282e-02 1.128716994170986948e-02 9.823709330065742013e-03 9.849257774237125571e-05 1.298250876311614398e-04 9.371143023463791204e-05 3.526337245056619901e-04 1.000000000000000021e-08 1.000000000000000021e-08 1.000000000000000021e-08 1.834638166788596586e-05 1.625168724269471256e-05 1.000000000000000021e-08 1.000000000000000021e-08 1.000000000000000021e-08 1.000000000000000021e-08 1.000000000000000021e-08 3.238554354517312684e-05 5.722621138206850994e-05 1.000000000000000021e-08 1.000000000000000021e-08 1.000000000000000021e-08 1.000000000000000021e-08 1.136033979417014312e-05 2.849704047911328140e-05 1.279137857499546482e-03 9.371664700642875351e-04 7.623905215956436809e-04 2.083147986059421706e-04 3.891854495491236160e-05 1.000000000000000021e-08 1.000000000000000021e-08 2.144006869721655349e-05
1.412660942082976170e-02 1.628249565527673318e-02 1.796914467202838372e-02 1.097285153036864705e-02 1.007825143248375181e-02 2.092731577569956203e-02 1.672150147632403897e-02 6.105066901529840502e-03 6.074057382719000645e-05 7.144072475325656177e-05 2.048990513175008175e-05 1.000000000000000021e-08 1.000000000000000021e-08 1.759024328642097988e-05 2.748431720674264329e-05 1.000000000000000021e-08 1.000000000000000021e-08 1.000000000000000021e-08 1.000000000000000021e-08 1.000000000000000021e-08 1.000000000000000021e-08 5.436884879398712768e-05 1.000000000000000021e-08 1.000000000000000021e-08 1.000000000000000021e-08 1.000000000000000021e-08 1.000000000000000021e-08 1.000000000000000021e-08 1.216420151743515030e-05 1.410991700882097642e-04 7.759532476341996204e-04 2.011165644881351532e-04 3.545667570818061885e-05 4.097305980301766309e-05 1.000000000000000021e-08 1.000000000000000021e-08 2.370773133102933050e-05
6.240795088247636999e-03 9.073959272439804588e-03 4.493596386548117934e-04 3.508231475376433965e-05 2.467554058988977769e-05 2.185610309526653136e-05 2.288839751210930071e-02 1.702320736645926424e-02 1.318812181758362908e-04 2.169087961499873579e-05 1.000000000000000021e-08 1.000000000000000021e-08 1.000000000000000021e-08 2.114506695728024391e-05 1.000000000000000021e-08 1.000000000000000021e-08 1.000000000000000021e-08 1.000000000000000021e-08 1.000000000000000021e-08 1.000000000000000021e-08 1.000000000000000021e-08 5.057718599455269983e-05 6.544487228157748644e-05 1.000000000000000021e-08 1.000000000000000021e-08 1.000000000000000021e-08 1.000000000000000021e-08 1.316730413455559102e-05 2.413438566178410696e-05 1.880345663839117312e-04 9.486067928782716688e-04 2.093369716523354410e-03 5.581624572288078345e-04 3.018514839412320862e-05 1.188479591495966664e-05 1.000000000000000021e-08 2.925676441393448016e-05
3.595812396964739172e-03 4.730853135838319901e-03 7.778865505231334675e-04 4.341828265621348155e-05 3.386312462551954386e-05 4.178791068188867589e-05 7.517475853719722545e-03 2.832004563541467429e-02 4.358926012000949768e-04 1.815876086979886889e-05 1.000000000000000021e-08 1.000000000000000021e-08 1.000000000000000021e-08 1.000000000000000021e-08 1.000000000000000021e-08 1.000000000000000021e-08 1.000000000000000021e-08 1.000000000000000021e-08 1.000000000000000021e-08 1.000000000000000021e-08 1.000000000000000021e-08 1.000000000000000021e-08 1.008649977517056935e-04 1.000000000000000021e-08 1.000000000000000021e-08 1.000000000000000021e-08 1.000000000000000021e-08 2.293406787342859208e-05 1.000000000000000021e-08 1.000000000000000021e-08 1.031615614886446083e-05 1.893055299072390158e-03 2.783819980702247152e-03 2.658849670166560044e-05 1.256259217070813223e-05 1.000000000000000021e-08 1.000000000000000021e-08
8.176055343854216582e-04 2.862815824905968511e-03 4.321961395591453073e-04 4.558081826772836026e-04 3.791575518688025843e-04 5.521128380859764880e-04 4.438358785778601036e-04 7.480084874861678279e-02 2.228194360624288078e-02 2.415709682487356710e-04 1.000000000000000021e-08 1.000000000000000021e-08 1.000000000000000021e-08 1.000000000000000021e-08 1.000000000000000021e-08 1.000000000000000021e-08 1.000000000000000021e-08 1.000000000000000021e-08 1.000000000000000021e-08 1.000000000000000021e-08 1.000000000000000021e-08 1.202336300315304921e-05 1.370107560682509392e-04 1.000000000000000021e-08 1.000000000000000021e-08 1.000000000000000021e-08 1.000000000000000021e-08 1.000000000000000021e-08 1.000000000000000021e-08 1.000000000000000021e-08 1.000000000000000021e-08 1.000000000000000021e-08 1.518180060561494021e-03 1.128377627088254873e-03 6.122078737975961572e-04 3.334542827704861130e-05 4.359422909557020851e-05
2.037789000016066929e-03 3.750104645218032412e-04 3.584448736702749728e-05 2.302032032886872599e-05 3.096285359311335078e-04 2.383924313147836973e-04 2.523929750006658076e-05 2.221639634271198210e-05 2.611860054977163670e-02 6.904559263927548436e-03 1.795537613961090305e-05 1.000000000000000021e-08 1.000000000000000021e-08 1.000000000000000021e-08 1.000000000000000021e-08 1.000000000000000021e-08 1.000000000000000021e-08 1.000000000000000021e-08 4.867331985290358927e-05 1.000000000000000021e-08 1.000000000000000021e-08 4.770975987138425985e-05 1.656592934434676255e-04 1.000000000000000021e-08 1.000000000000000021e-08 1.000000000000000021e-08 1.000000000000000021e-08 1.000000000000000021e-08 1.000000000000000021e-08 1.000000000000000021e-08 1.000000000000000021e-08 1.000000000000000021e-08 2.030742436745280118e-04 1.148226677468540272e-03 3.259407915109203231e-04 7.193202345597980892e-05 1.436962430499419020e-05
5.024632268239717994e-03 3.039099655759370166e-04 2.183609614969558889e-05 2.897157410545226914e-05 2.864650852198698055e-05 5.783362313518906482e-05 1.000000000000000021e-08 1.000000000000000021e-08 1.953448645410296031e-02 1.240938785865777910e-01 1.083644123948590693e-01 3.240603631095006760e-04 1.403648780771747726e-05 2.323147240000618597e-05 3.078224658566610896e-05 3.103585989075083838e-05 4.218956956493025243e-05 1.000000000000000021e-08 3.339062998028440032e-02 2.769413159703818308e-02 3.374178643352523238e-02 2.764009213354411826e-02 2.848772852198887609e-02 1.705113619701559280e-02 1.834411751248620978e-02 3.308958202063839809e-05 1.000000000000000021e-08 1.000000000000000021e-08 1.000000000000000021e-08 1.000000000000000021e-08 1.000000000000000021e-08 1.000000000000000021e-08 6.636837527220345321e-04 9.867872257552114373e-04 4.268673067678927088e-04 5.573581546855824707e-04 8.449863192240103342e-05
1.710292172404903263e-02 3.020400433906264342e-04 1.816986580285297374e-05 6.871761453565879672e-05 1.000076634528005169e-04 6.409303068032774222e-05 5.409253855726406173e-05 1.000000000000000021e-08 7.085204770850754650e-05 7.278209646753510016e-05 8.030674867203924094e-02 3.214698436058453096e-02 3.222065643646659233e-02 3.209342766141626280e-02 3.175587855945852939e-02 3.107505749321155114e-02 2.454806326479128456e-02 2.319039135340003610e-02 3.334487080811070897e-02 1.000000000000000021e-08 1.000000000000000021e-08 1.278759942679996969e-05 7.351700700458174177e-03 2.980014355603549658e-02 1.265639896216634031e-01 9.941384209064009492e-02 5.378855512656188645e-04 6.632400180045492396e-05 4.163018582080160973e-05 1.000000000000000021e-08 1.349206121198670611e-05 2.186379650662105602e-05 2.080672982921741299e-02 3.269023291476152310e-02 4.023620327179106698e-02 4.282216357316965399e-02 8.292244768913997754e-02
1.356963256118233832e-02 3.714985203143383700e-03 4.257640074639432799e-05 1.000000000000000021e-08 1.549435326667967017e-05 1.891587133931205787e-05 1.570928048931374984e-05 2.710946298221289833e-05 2.970504024660442394e-05 3.393205452795865223e-05 6.904267193903477541e-05 1.000000000000000021e-08 6.060232174977034765e-05 1.259790795989461625e-04 1.000000000000000021e-08 4.258088119670762572e-05 1.000000000000000021e-08 2.178963804172699733e-05 2.130547664463117079e-05 2.385232036948798582e-05 3.865136674553469099e-05 1.000000000000000021e-08 2.786544384594666834e-05 6.366131437559612483e-05 9.576073031827588412e-05 3.991787693608511017e-02 4.037381957234854879e-02 3.488220608995127453e-02 3.315906822861972025e-02 3.656473609140980380e-02 3.312112289739702758e-02 3.586146469117752755e-02 2.178374992764783163e-02 1.026696587435207628e-02 2.900669783238873315e-03 1.934785990176904509e-03 7.004357460970452032e-02
1.372193498281645829e-02 7.291000513550133580e-03 9.316125026733356113e-05 1.094082909691939668e-05 1.850263944619925162e-05 2.280316926449859149e-05 2.786342602077311647e-05 1.698757888357178996e-05 1.775017157195842393e-05 1.692375258098604207e-05 1.000000000000000021e-08 7.277485414545608331e-05 7.933659214817524795e-05 1.261880600568437809e-04 1.000000000000000021e-08 1.820259192181490396e-05 1.000000000000000021e-08 1.000000000000000021e-08 1.301393216305163166e-05 1.472641713261429544e-05 2.617637337752222725e-05 2.795809494269268713e-05 2.898192310578781914e-05 3.373811442742947418e-05 1.000000000000000021e-08 1.481490255401474241e-04 1.000000000000000021e-08 1.248789841328762178e-04 1.000000000000000021e-08 5.448323393968424079e-05 3.162689147076880536e-05 1.074191173119743058e-05 1.000000000000000021e-08 1.000000000000000021e-08 1.000000000000000021e-08 1.000000000000000021e-08 2.173374106183177592e-04
5.987028514769095547e-03 9.424145773252895833e-03 7.472241757666780136e-03 1.051417573131180068e-04 1.000000000000000021e-08 2.463458127009236008e-05 3.703919608846302844e-05 5.799577476901923430e-05 1.153702420088899194e-05 1.133567534171718107e-05 1.258046088539672741e-04 1.035865291966634399e-04 6.069346972287314963e-05 6.735017133292638635e-05 1.000000000000000021e-08 1.117622086410690838e-05 1.000000000000000021e-08 1.000000000000000021e-08 1.000000000000000021e-08 1.000000000000000021e-08 1.622459201950488374e-05 2.288335363065439635e-05 2.271216805504619956e-05 2.231190150803804423e-05 2.679812846763457776e-05 1.000000000000000021e-08 2.931695194932815743e-05 1.000000000000000021e-08 1.000000000000000021e-08 1.000000000000000021e-08 2.389262701118399207e-05 1.000000000000000021e-08 1.000000000000000021e-08 1.000000000000000021e-08 2.238074644550812882e-05 1.000000000000000021e-08 1.243441534380426271e-04
9.523296140075507288e-03 2.564744832107273761e-02 1.208579415892989256e-01 1.059326251597913771e-01 8.392844071650455706e-02 2.384047721444775697e-02 1.534912586486491745e-02 3.883625181123320693e-03 2.390811326252561056e-03 2.055051437785776394e-03 2.739370639943429497e-04 1.000000000000000021e-08 1.000000000000000021e-08 1.674648497368550387e-05 1.000000000000000021e-08 1.000000000000000021e-08 2.397683947177399103e-05 2.621474358192722953e-05 1.000000000000000021e-08 1.501379498646950227e-05 1.331973474338119708e-05 1.023282341211589560e-05 1.000000000000000021e-08 1.000000000000000021e-08 1.106386616993022985e-05 5.584294269095457894e-05 2.120320574464947035e-05 3.775973562946002517e-05 1.087194045343546063e-05 1.370331746641011661e-05 1.897038582031243181e-05 1.000000000000000021e-08 1.000000000000000021e-08 1.000000000000000021e-08 1.998720866568700071e-05 1.689308016565725356e-05 5.715901108454265951e-05
3.953890379921383251e-03 4.899668448111355566e-03 2.712259345311350978e-03 1.871645434025499691e-03 9.180135763585266272e-04 1.532563776615060436e-02 1.481435765691045160e-02 5.881741549371011582e-03 9.103538034032273088e-03 1.506860741756136388e-03 1.325733981004092522e-04 1.000000000000000021e-08 1.000000000000000021e-08 2.009323175956435165e-05 2.522388856307399948e-05 2.784731056851929258e-05 6.254033080271653949e-05 1.000000000000000021e-08 1.513477689031472711e-05 2.169347825913492549e-05 2.618572195379019807e-05 3.269068839270578816e-05 2.402659979744784375e-05 2.903294464459699057e-05 8.421395762392708403e-05 3.116288687316108233e-05 2.460696866030552253e-05 1.543510067301778773e-05 1.258721166088589726e-05 1.000000000000000021e-08 1.000000000000000021e-08 1.000000000000000021e-08 1.000000000000000021e-08 1.000000000000000021e-08 1.920125545190874919e-05 1.271081279631926849e-05 5.525779539442603953e-05
3.582431496302135743e-03 8.404045312816354378e-04 4.923993895093420163e-04 3.205425896064901452e-04 6.196360517833766467e-04 5.860073144703441435e-03 7.863065257601661168e-03 1.317765215270181797e-02 1.239285144470307458e-02 1.135890970199966666e-03 9.688424708896791425e-05 1.000000000000000021e-08 1.246337901405964665e-05 2.423615782168644093e-05 3.673800633599037319e-05 5.056631012553156149e-05 1.000000000000000021e-08 1.771715841812237350e-05 2.482280093060133870e-05 3.097238652123242736e-05 3.919856790732731807e-05 5.214833579819068887e-05 8.260656403641012226e-05 1.910872435921940184e-04 1.789796108549439205e-04 1.000000000000000021e-08 1.000000000000000021e-08 1.000000000000000021e-08 1.000000000000000021e-08 1.000000000000000021e-08 1.000000000000000021e-08 1.000000000000000021e-08 1.000000000000000021e-08 1.000000000000000021e-08 1.902773928999734960e-05 1.492035966124157423e-05 6.549727170977822537e-05
4.932181231395630196e-04 2.424097251748835377e-04 4.077097402323567703e-04 4.377728123299018132e-04 6.033928600394200103e-04 2.114457017345278134e-03 7.888915706465115391e-03 1.495185521117877239e-02 1.577136602260124920e-02 6.717050018010729427e-04 8.194227287453816012e-05 1.000000000000000021e-08 2.052772285190281089e-05 3.416311472481057534e-05 3.968774222023923660e-05 5.214306243891090605e-05 3.650632547411349359e-05 3.327934475004693486e-05 1.000000000000000021e-08 3.146719247044350225e-05 1.000000000000000021e-08 1.855391542937129517e-04 1.285004551733045174e-04 1.336221670291265755e-04 1.646589606149581855e-05 2.093928887865163864e-05 3.021144104268701374e-05 2.214476106393584439e-05 1.711092119445721606e-05 1.199682868561274685e-05 1.000000000000000021e-08 2.412761889164749914e-05 1.000000000000000021e-08 1.000000000000000021e-08 1.816241591181178935e-05 1.246617347704105696e-05 7.853884604664913350e-05
1.555358769724044118e-04 5.835451044811107045e-05 1.475819471166100560e-04 6.625792893963699864e-04 7.178611387445722313e-04 1.762813986907270977e-03 3.107728227432085891e-03 3.247130295948649770e-02 1.090921056590936876e-02 1.000000000000000021e-08 4.218008956211161229e-04 7.530074618709956414e-05 1.000000000000000021e-08 1.000000000000000021e-08 3.764733659102056576e-05 1.000000000000000021e-08 2.048084043400713074e-05 6.097652128548274329e-05 1.000000000000000021e-08 1.000000000000000021e-08 1.000000000000000021e-08 1.238414058284482619e-04 2.620779200075987951e-04 9.852520031683989390e-05 1.000000000000000021e-08 1.000000000000000021e-08 2.454506022804881873e-05 1.000000000000000021e-08 7.631743225923839392e-05 6.272198856331066320e-05 6.452471052919284936e-05 2.857236813619942867e-05 1.563301130963960678e-05 1.000000000000000021e-08 1.197496378379031830e-05 1.591959357780477929e-04 6.509955894440591791e-05
