output/water_depth_6720.asc
ncols 223
nrows 158
xllcorner 0.0
yllcorner 0.0
cellsize 30.0
[rows 68 to 84 of 158, columns 37 to 73 of 223]
1.000000000000000021e-08 1.360051025993592281e-05 2.033892729491547946e-05 2.582026161719882143e-05 1.000000000000000021e-08 1.511605471919442176e-05 2.265770070812881206e-05 2.354900849148512432e-05 1.000000000000000021e-08 1.000000000000000021e-08 1.000000000000000021e-08 1.000000000000000021e-08 1.099819187661142879e-05 1.000000000000000021e-08 3.086721332283652857e-05 1.000000000000000021e-08 1.544884875421292697e-05 3.179457437919610250e-05 2.938431717079214125e-05 1.000000000000000021e-08 1.000000000000000021e-08 1.510249489161340096e-05 4.867737291964152553e-05 1.834302146616241394e-03 3.984398825842482505e-04 1.000000000000000021e-08 1.000000000000000021e-08 1.000000000000000021e-08 1.000000000000000021e-08 1.000000000000000021e-08 1.000000000000000021e-08 1.000000000000000021e-08 1.000000000000000021e-08 1.000000000000000021e-08 1.026621917398413375e-05 1.000000000000000021e-08 1.000000000000000021e-08
1.000000000000000021e-08 1.000000000000000021e-08 1.000000000000000021e-08 1.040833821891833055e-05 1.146549525482989292e-05 1.064250179879666172e-05 1.373391812643465646e-05 1.671112252134460501e-05 2.159981974683730278e-05 3.749971552406784677e-05 4.822395839554545640e-05 1.000000000000000021e-08 1.000000000000000021e-08 2.958554271492298178e-05 3.413761815796322768e-05 1.000000000000000021e-08 1.311059486309435523e-05 2.348008047023613539e-05 1.000000000000000021e-08 1.298472685145674013e-05 2.261395407123334124e-05 1.647166375923296341e-05 4.013139821249530579e-05 5.947963764224091277e-05 2.139552444835730015e-04 1.291481227503472797e-03 1.000000000000000021e-08 1.000000000000000021e-08 1.000000000000000021e-08 1.000000000000000021e-08 1.000000000000000021e-08 1.000000000000000021e-08 9.093707088816442509e-05 6.463646965034011444e-04 8.495802445694032026e-04 7.543221367050684679e-04 5.396554063835320731e-04
1.000000000000000021e-08 1.000000000000000021e-08 1.000000000000000021e-08 1.000000000000000021e-08 1.000000000000000021e-08 1.000000000000000021e-08 1.000000000000000021e-08 2.127234863222350557e-05 4.542233814842088510e-05 4.861943792895707803e-05 4.379678128276932040e-05 6.669042715353643263e-05 4.099980595938690109e-05 3.483706215279945984e-05 2.918648879381909812e-05 2.947312965215464738e-05 5.559776494313067798e-05 1.000000000000000021e-08 1.000000000000000021e-08 1.000000000000000021e-08 1.195429186577152046e-05 6.502065721307184406e-05 3.615106851250456853e-05 4.782235477362171868e-05 1.000000000000000021e-08 1.000000000000000021e-08 1.021143437478400665e-05 1.407690192923091512e-05 1.000000000000000021e-08 5.034943486526395834e-05 4.876674271242540206e-05 6.426110982676610075e-04 1.007207100963553904e-03 9.677474784461093668e-04 8.183439802915797034e-04 7.121973917548989454e-04 7.984289210989531935e-04
1.000000100000000021e-05 3.466050458718060884e-05 1.000000000000000021e-08 1.000000000000000021e-08 1.000000000000000021e-08 1.000000000000000021e-08 1.000000000000000021e-08 1.000000000000000021e-08 1.879042364251822970e-05 1.731132336918685984e-05 2.379208270995638520e-05 3.816905167907830727e-05 9.000620830889894406e-05 7.048832934242063803e-05 6.535884633355324076e-05 8.248176524743083750e-05 1.562904330551758217e-04 3.166394214548006532e-04 1.808802843601668318e-04 1.296961433670834770e-04 8.461032326081609635e-05 1.381178178379151398e-04 2.228019284296067510e-03 1.997722274451032491e-04 1.180909379070910247e-04 1.000000000000000021e-08 1.109983703645066653e-05 2.359777574582891326e-05 2.472915628176705486e-05 1.625757401785461482e-04 3.394846105993222746e-04 8.020124211014582330e-04 8.447639526546815974e-04 7.231266655204953092e-04 6.618074172514829727e-04 6.666870496214200460e-04 5.243694216342722082e-04
3.735810931095537177e-05 8.544204163241572183e-05 5.351722515322083156e-05 3.243879914845707512e-05 1.000000000000000021e-08 1.000000000000000021e-08 1.000000000000000021e-08 1.722364758211406967e-05 1.330947231292565309e-04 1.045819854121585358e-04 1.000000000000000021e-08 1.000000000000000021e-08 1.124595370153952482e-04 1.972578117888568649e-04 2.067757464693791730e-04 1.934286320449750787e-04 1.545770397000131684e-04 1.300350144281725486e-04 2.099019181163481605e-04 2.184090488248317124e-04 1.895022447948406237e-04 9.833724827333289943e-05 2.921055920742353113e-04 3.234924124795453509e-04 3.071305640258956723e-04 1.000000000000000021e-08 9.506705304883110788e-04 9.181271707816951282e-04 1.211258554086564170e-03 1.274887614769747851e-03 1.834004409332736516e-03 9.947277206011058501e-04 7.946938830491251035e-04 6.398324610951400520e-04 4.633239960257195525e-04 3.373914751693533908e-04 3.593082807100076164e-04
4.845075860715193465e-05 3.301281817606972264e-05 6.329301693364477229e-05 1.000000000000000021e-08 1.000000000000000021e-08 1.227590477490963993e-05 1.932634824711329334e-05 4.908266920849600670e-05 1.752372081217417265e-04 4.050851097692435691e-04 2.733679539980549784e-04 2.764439764218326796e-04 2.075878809765193723e-04 1.695206817392813908e-04 9.183497606780165873e-05 7.612898365058114051e-05 6.499404336967770331e-05 6.331603109929386387e-05 6.868669418601528376e-05 2.287828091205800179e-04 3.016881295843215605e-04 2.703634735394793028e-04 2.326472898999756855e-04 7.284569708161215502e-04 8.849003779388514264e-04 1.198608874718619247e-03 8.380190235599434528e-04 4.880161238909701531e-04 3.646405117426369325e-04 3.241497529718644684e-04 2.170724155085097177e-04 1.783375497027444071e-04 1.340358868732424203e-04 1.082163903850807024e-04 1.053316160360540896e-04 8.634368595646754101e-05 7.374502033247237927e-05
1.398183317787660498e-04 1.819472651329715786e-04 2.057324268480136963e-04 2.393820807156893198e-04 2.771436413375066334e-04 3.863832506384994470e-04 4.238852462134754819e-04 4.025752545810241901e-04 3.059287417707085661e-04 1.511689510467076548e-05 1.196226882649644856e-05 1.529872971243739844e-05 1.000000000000000021e-08 1.000000000000000021e-08 1.321183228702445997e-05 2.813985139648544052e-05 3.801472459612280060e-05 3.218401957139703615e-05 2.221846388448347182e-05 2.240198272257650649e-05 1.668771365047309213e-05 2.048406828130296120e-04 4.124282430633451698e-04 5.785583399084913946e-04 6.646610446182102611e-05 1.000000000000000021e-08 1.000000000000000021e-08 1.433189776651674907e-05 2.313673253021310329e-05 2.892991637391024933e-05 3.168810210154507904e-05 2.692929420911829947e-05 2.316439136922402329e-05 2.244427446352152813e-05 2.763565197374013115e-05 2.418457880803998744e-05 1.000000000000000021e-08
1.243958712002000847e-03 8.695150128529132718e-05 7.220760354327255095e-05 6.494308098716871768e-05 5.738347933465916630e-05 4.352971379510391179e-05 3.876861607391880065e-05 1.000000000000000021e-08 1.000000000000000021e-08 1.000000000000000021e-08 1.049191861525952132e-05 1.475030416286357434e-05 1.434273829714962014e-05 1.431561446315145483e-05 1.561239698434535215e-05 1.682933605866992354e-05 3.514305773990483614e-05 4.268394738159801412e-05 4.327537448087959593e-05 4.226198764957951875e-05 4.231632095733833603e-05 4.750097291096523378e-05 1.253698656068405850e-04 2.840443757406461975e-05 1.000000000000000021e-08 1.000000000000000021e-08 1.346892728922556923e-05 2.020310012396998685e-05 2.355355223417842606e-05 2.170784025202568356e-05 1.698721431308589200e-05 2.889057270900186178e-05 2.475254260158883573e-05 2.412415682550505077e-05 1.784341858749296036e-05 1.000000000000000021e-08 1.000000000000000021e-08
2.344907697741110776e-05 4.332380034262102583e-05 1.000000000000000021e-08 1.000000000000000021e-08 1.754510412151294788e-05 1.000000000000000021e-08 1.000000000000000021e-08 1.000000000000000021e-08 1.000000000000000021e-08 1.000000000000000021e-08 1.000000000000000021e-08 1.000000000000000021e-08 1.000000000000000021e-08 1.000000000000000021e-08 1.000000000000000021e-08 1.313769250707783856e-05 2.590692551577849655e-05 7.875049099960748460e-05 8.235505577468327286e-05 6.272498138508385257e-05 7.365961913610452074e-05 1.550642833463129430e-04 2.483660403268680116e-05 1.760931775419729677e-05 1.000000000000000021e-08 1.000000000000000021e-08 1.000000000000000021e-08 1.000000000000000021e-08 1.000000000000000021e-08 1.000000000000000021e-08 1.360893098047084824e-05 1.404322794877613440e-05 2.589276085316373895e-05 2.908662198937576789e-05 3.085951019420984758e-05 2.384300723060711976e-05 2.243039469224827236e-05
1.936217127016573222e-05 3.517815201604589071e-05 4.580308516896751560e-05 3.186088631126749148e-05 3.543984304252359170e-05 5.009284087898001998e-05 4.416901304224320581e-05 3.512856906380078107e-05 3.112546980546905469e-05 2.345230556870543507e-05 2.454801780665097940e-05 2.478507578938233567e-05 3.017361362533942475e-05 2.846384107069021774e-05 3.059800015432873971e-05 2.728823875230521208e-05 4.142829421289435330e-05 6.832134457971737859e-05 7.761955567014331119e-05 9.532385322894552666e-05 9.294534882160804441e-05 2.003263449304412171e-04 1.638892967259598455e-04 1.000000000000000021e-08 1.000000000000000021e-08 1.373215211776842940e-05 1.309933800147691956e-05 1.614826849383653058e-05 1.668338301944693157e-05 1.676283414694184032e-05 2.360197323980227271e-05 2.430526070072904231e-05 2.853227221983627954e-05 3.650804876342040879e-05 4.205612323838986237e-05 4.184075942317185535e-05 6.437497934217493274e-05
1.885184483668025818e-05 3.271015246341421845e-05 4.318724019887272596e-05 1.000000000000000021e-08 1.380593913870574586e-05 2.345077554916467097e-05 6.214111421949832089e-05 5.110429936882769842e-05 5.056623758004915670e-05 1.000000000000000021e-08 6.540707815641653869e-05 9.216562458785818176e-05 6.536846638898384466e-05 9.051216795256936316e-05 8.662249176162950342e-05 6.873558304199604244e-05 4.784333090920564523e-05 4.602362689896022965e-05 9.828735455458198565e-05 8.805529297076373412e-05 9.034836700977754548e-05 1.290710435841521274e-04 2.249939610101475641e-04 1.000000000000000021e-08 1.000000000000000021e-08 1.307469413298687538e-05 1.918076544648364526e-05 2.850956628596301140e-05 2.352775294447724107e-05 2.578248142607919612e-05 3.170650461044230959e-05 3.303605854533170257e-05 3.232626274481777341e-05 1.000000000000000021e-08 2.981883507691439878e-05 4.015336261729114746e-05 3.150306086476792377e-05
2.331445470670790858e-05 3.801163443578222230e-05 4.074203283308279380e-05 3.508647510195333266e-05 2.307709848930144083e-05 1.754396131204477281e-05 1.913995262844763004e-05 6.138271369863456371e-05 1.352419934207801824e-04 8.183102375622085018e-05 7.515522700030373470e-05 6.531228349472987583e-05 9.393638496949859734e-05 9.576997289128208696e-05 1.000000000000000021e-08 1.000000000000000021e-08 1.000000000000000021e-08 1.874397763001267329e-05 3.093851081630283860e-05 1.000000000000000021e-08 1.000000000000000021e-08 6.985687318551680178e-05 1.805526122495299934e-04 1.000000000000000021e-08 1.000000000000000021e-08 1.808609646820218659e-05 3.365594589359247187e-05 2.752368314878365696e-05 1.000000000000000021e-08 1.974690924915946134e-05 2.982534125739551756e-05 3.376028374553440150e-05 3.674501032035228088e-05 1.000000000000000021e-08 1.000000000000000021e-08 1.000000000000000021e-08 1.000000000000000021e-08
3.493301910742489027e-05 4.232986505298346971e-05 3.323948228253775653e-05 1.000000000000000021e-08 1.000000000000000021e-08 1.000000000000000021e-08 1.253418826439117674e-05 2.175517922573369487e-05 3.180286858367670151e-05 1.000000000000000021e-08 1.000000000000000021e-08 1.000000000000000021e-08 1.000000000000000021e-08 1.000000000000000021e-08 1.000000000000000021e-08 1.000000000000000021e-08 1.463616447338696015e-05 2.096731347656006936e-05 1.991591629479700401e-05 2.133141519977238668e-05 1.000000000000000021e-08 3.526504710587166847e-05 1.302872277284658400e-04 6.804037741396004840e-05 3.736940856961974022e-05 3.874714837438417679e-05 6.815562598760033849e-05 3.090203638174584519e-05 1.000000000000000021e-08 1.841719136223141643e-05 3.209057951766171567e-05 3.985594749844659473e-05 1.000000000000000021e-08 1.000000000000000021e-08 1.000000000000000021e-08 1.000000000000000021e-08 1.000000000000000021e-08
1.636119101229609662e-05 3.185908244760892859e-05 1.000000000000000021e-08 1.000000000000000021e-08 1.000000000000000021e-08 1.000000000000000021e-08 1.000000000000000021e-08 1.000000000000000021e-08 1.000000000000000021e-08 1.000000000000000021e-08 1.000000000000000021e-08 1.000000000000000021e-08 1.000000000000000021e-08 1.000000000000000021e-08 1.147775705005289920e-05 1.539565017734523521e-05 1.000000000000000021e-08 1.000000000000000021e-08 1.000000000000000021e-08 1.000000000000000021e-08 1.000000000000000021e-08 1.000000000000000021e-08 1.000000000000000021e-08 4.413098586462556452e-05 3.886179946947017783e-05 4.744785953096409853e-05 7.062919703451727338e-05 1.000000000000000021e-08 1.000000000000000021e-08 1.000000000000000021e-08 1.000000000000000021e-08 1.000000000000000021e-08 1.000000000000000021e-08 1.000000000000000021e-08 1.327258290710301755e-05 1.000000000000000021e-08 1.000000000000000021e-08
1.512775972420361596e-05 2.992717929607896361e-05 1.374547506544768856e-03 8.772902535797380433e-05 7.311482000773181981e-05 1.000000000000000021e-08 1.000000000000000021e-08 1.000000000000000021e-08 1.000000000000000021e-08 1.000000000000000021e-08 1.103396098217202971e-05 2.131435083432920842e-05 2.610433838465936644e-05 3.671945530754239278e-05 5.212765879741872838e-05 5.311172408729537212e-05 4.141813884448515993e-05 3.299368672604685793e-05 3.002813483677547080e-05 1.994928943192970848e-05 3.197019119629783537e-05 7.718363297647027959e-05 1.405171449567192048e-04 1.330759402596528478e-05 2.588276316435063188e-04 1.940766727442284922e-04 2.074214120855155099e-04 1.335291255933054649e-04 1.023454924213805913e-04 8.745322294737111325e-05 1.000000000000000021e-08 1.000000000000000021e-08 1.000000000000000021e-08 1.000000000000000021e-08 1.000000000000000021e-08 1.000000000000000021e-08 1.000000000000000021e-08
1.295027020299229108e-05 2.201198002048646824e-05 3.418362546328023631e-05 3.823141984114406238e-05 1.000000000000000021e-08 1.000000000000000021e-08 1.000000000000000021e-08 1.000000000000000021e-08 1.000000000000000021e-08 1.000000000000000021e-08 1.000000000000000021e-08 1.000000000000000021e-08 1.000000000000000021e-08 1.000000000000000021e-08 1.000000000000000021e-08 4.904434632908962675e-05 7.741578232828313206e-05 7.230137344492770281e-05 6.149842000371296075e-05 6.015276108892257364e-05 7.304501976507095753e-05 6.304869474231282933e-05 1.188294306204970482e-04 1.461893869811082831e-04 1.175953929123270381e-04 2.231239095620298721e-04 3.235323274336462419e-04 4.511983971744547685e-04 5.776471287960000499e-04 4.296585247156249252e-04 3.346597104426595718e-04 1.000000000000000021e-08 1.052536591659231625e-05 1.000000000000000021e-08 1.000000000000000021e-08 1.000000000000000021e-08 1.000000000000000021e-08
1.013793395512673348e-05 1.667082711420343996e-05 2.299259253842725245e-05 3.174151200405497076e-05 3.454568090246894522e-05 1.000000000000000021e-08 1.000000000000000021e-08 1.000000000000000021e-08 1.000000000000000021e-08 1.000000000000000021e-08 1.000000000000000021e-08 1.000000000000000021e-08 1.000000000000000021e-08 1.000000000000000021e-08 1.000000000000000021e-08 1.000000000000000021e-08 1.000000000000000021e-08 1.000000000000000021e-08 4.797152074500389286e-05 7.159556726439875185e-05 1.179758009029119781e-04 1.696018232901578811e-04 1.383952365264306628e-04 1.074501464013338689e-04 1.000000000000000021e-08 1.000000000000000021e-08 1.000000000000000021e-08 1.000000000000000021e-08 7.921585496044940776e-05 5.166777523775750638e-04 5.570009131358551104e-04 4.904829545681919445e-04 3.143788909971342589e-05 2.569557518526975138e-05 1.000000000000000021e-08 1.000000000000000021e-08 1.000000000000000021e-08
