output/water_depth_10920.asc
ncols 223
nrows 158
xllcorner 0.0
yllcorner 0.0
cellsize 30.0
[rows 68 to 84 of 158, columns 74 to 110 of 223]
1.527094759739805842e-05 2.136396368780385801e-05 1.576713908807983932e-04 1.000000000000000021e-08 1.000000000000000021e-08 1.000000000000000021e-08 1.000000000000000021e-08 1.035102635973632837e-05 1.056680242501492811e-05 1.000000000000000021e-08 1.000000000000000021e-08 2.246885348982276948e-04 2.611064394924103907e-04 3.327668266971227232e-04 8.650051664958375870e-04 1.239456821254139671e-03 3.111725536601214065e-04 9.851614381593618703e-05 7.981287281781956650e-05 8.329776887609382748e-05 5.624256153411983207e-04 8.160855285151566918e-04 1.127514628266821414e-03 9.595332146737090831e-04 1.014953868539343173e-03 5.794702772171523436e-04 8.112955492387248849e-04 6.543481441069283391e-04 7.084933218084454865e-04 7.445902276241874547e-04 1.153715895095350523e-03 1.218812616526207798e-03 8.153934984284192831e-04 5.336507757914464795e-04 6.266700807573093569e-05 1.869641625868381112e-05 1.000000000000000021e-08
3.265904473631843952e-04 3.004362902670543786e-04 2.007584091285864963e-04 1.529617985323627799e-04 1.116374413086642151e-04 8.920001449822716286e-05 7.271056684728052658e-05 5.338425735282636205e-05 4.356415735610016026e-05 3.231124734353115765e-05 2.805144451145753570e-05 1.287907666767387153e-04 1.825660240709371109e-04 3.385450475050891825e-05 9.021322331443990927e-05 2.215887093178627130e-04 1.609133573247683484e-04 2.155952382026962407e-04 8.905480378289048430e-05 1.423713400977295700e-04 1.807584874464157165e-04 2.133291643535490572e-04 1.425223755785155690e-04 1.820569732926400524e-04 1.247225824103769139e-04 2.836669499147213900e-04 4.291200156640031464e-04 4.657525599470213086e-04 3.131376889979075630e-04 3.287966415070327306e-04 4.490227107644788329e-04 5.220898630890819696e-04 8.327504072416661105e-04 9.060957864104573611e-04 2.942439622848629262e-04 2.596525826996196485e-04 7.812634733883518784e-05
3.657131808593228929e-04 2.557960809539221430e-04 3.413646746111054014e-04 2.789662164550401019e-04 2.553496803970116652e-04 2.254485389142986038e-04 2.692541631394305339e-04 3.007085059483960345e-04 4.458660247677367471e-04 3.147892120745745333e-04 2.167941343929108064e-04 1.576918151472939621e-04 1.661492565502471221e-04 1.949600251561388130e-05 1.255866932668656133e-04 1.043959482106382008e-04 2.208255288380109131e-04 2.974813097704210045e-04 2.668216584300845827e-04 5.026655705833125987e-04 8.451176501320656342e-04 7.547034390196973464e-04 1.000650296758732452e-03 8.420292908000110224e-04 8.947148176188496988e-04 7.253625731640966001e-04 6.771748309354182422e-04 1.100128574602869756e-03 1.935467969438915280e-04 2.455180251830134603e-04 1.872306146614106449e-04 2.727413461687178868e-04 3.696621796004989548e-04 9.051961658452075061e-04 1.278672546928061879e-03 1.176213584362173405e-03 1.546790883894724484e-03
3.808564798778051909e-04 3.292387865912491340e-05 1.000000000000000021e-08 1.821909894336809987e-04 2.955447372477233345e-04 4.417541213104301113e-04 5.125023714526901874e-04 5.327041167917772593e-04 3.046324575819245469e-04 3.372487680797232575e-04 3.748935927059503091e-05 1.998220399522515752e-04 1.847636683957953690e-04 3.215629251665855486e-04 2.392689294903780847e-04 1.962573661663388964e-04 2.918129640862932375e-04 4.257451467205600150e-04 1.759363534055960812e-03 1.245715519755081959e-03 8.358588422711873446e-04 6.389060225183744923e-04 3.614356784749302750e-04 2.254461238575076066e-04 4.576464183726735571e-04 3.063722026156488819e-04 4.849783291828715578e-04 8.014085826978728988e-04 2.393447394857573548e-04 1.903377284679847771e-04 2.386485417905867014e-04 1.944251982766760796e-04 2.754555777973603835e-04 3.769961670263753629e-04 1.115340286799515598e-03 7.810669354092885123e-04 9.728813476636358204e-04
2.483850140907977030e-04 2.353085086600012628e-04 1.748343716359944530e-04 2.594060181656476999e-04 2.825228190063830067e-04 2.285623915012867369e-04 1.720601105155881386e-04 1.484135608560141278e-04 2.248683230311040115e-04 2.523403856923744546e-04 4.566960495399234935e-05 1.825176879220161868e-04 1.858240255019486854e-04 1.819464764825405123e-04 1.957270853549282084e-04 2.677915087984254544e-04 4.143312305314733471e-04 4.207023487966459288e-04 2.820913269190884190e-04 1.609574702924328291e-04 9.387976124386689287e-05 4.644432620301162853e-05 1.904189779492944943e-04 1.929770260311997033e-04 3.343174966612764412e-04 3.366795651211091896e-04 3.602156309652860340e-04 1.582252117072481513e-04 1.197638213383162324e-04 2.052805380182220823e-04 7.104333751595956156e-05 1.316047227995721571e-04 1.202153372288070944e-04 1.963567732593279489e-04 1.914544918191502117e-04 7.994363931008835987e-04 4.544457558705875737e-04
2.456296269916076426e-04 2.797900763309540658e-04 2.645248795513111141e-05 3.610696932762730949e-05 1.000000000000000021e-08 1.000000000000000021e-08 1.000000000000000021e-08 6.400824482034685767e-05 1.610000627808032985e-04 2.309566683573000218e-04 2.351012948626274085e-04 1.592683370530438482e-04 1.038008301132169235e-04 5.845235318192142099e-05 1.333882999262393527e-04 9.103999248887088011e-05 1.212117124981348481e-04 1.328844669764699951e-04 1.305289796285961327e-04 2.102992052854216101e-04 1.877474774867727398e-04 1.433626965688234421e-04 1.701577890575657235e-04 1.831938427377856218e-04 3.706828336327992784e-05 5.299815430236810680e-05 9.871645921376213083e-05 5.877826444194664832e-04 1.774903946188169357e-04 1.442842983192652354e-04 2.693222202955136094e-04 2.014058066716818858e-04 2.416762263865229938e-04 1.862237419409019815e-04 8.674095102021854879e-04 8.569665614560976726e-04 6.813082636322208068e-04
1.000000000000000021e-08 2.409953359343743452e-04 4.109936778783097053e-04 4.059731140024682838e-04 3.245559335843200112e-04 2.391990838565517460e-04 1.687681995369611399e-04 1.000000000000000021e-08 1.585191735099494685e-04 2.594886646365438736e-04 3.169364818196950657e-04 2.265080641797756098e-04 1.441245788097005314e-04 1.086721303282432526e-04 1.030283976024701573e-04 9.969228461797256205e-05 4.853799652039503097e-05 2.990434853673620548e-05 3.311678615240278538e-05 5.095462136773432516e-05 1.527660710051336921e-04 1.607247638613069722e-04 1.851460927613160902e-04 2.322063495607539516e-04 4.231415435462796472e-05 7.089991701952693694e-05 4.967815553993464538e-05 4.690317023381047911e-04 8.835535875642198554e-04 1.525770046088627296e-04 1.334439552257904644e-04 9.794565736502094965e-05 9.482808125618851218e-05 7.199670584808352054e-05 6.252604294386262477e-04 1.273012905065972703e-03 4.362844611773239217e-04
1.000000000000000021e-08 1.000000000000000021e-08 1.000000000000000021e-08 1.000000000000000021e-08 1.718285248423287860e-04 2.088777448670066969e-04 1.980086019518250068e-04 1.478521073516231353e-04 8.937326344260726040e-05 5.596568113002158338e-05 5.059949580483058974e-05 1.172246105999431127e-04 1.318698579420643773e-04 1.119499514975808886e-04 1.108774010551116627e-04 9.830509459442788689e-05 9.163720690198697493e-05 6.372312491782819693e-05 5.646092783071921531e-05 4.360524840263067928e-05 2.918059429673280233e-05 9.244115679987019831e-05 1.448874519472506846e-04 2.507698111173528328e-04 4.069852201673382526e-04 4.340333040672987477e-04 5.836575563905226430e-04 5.237213527239461836e-04 4.240839762238146344e-04 5.457156494291742852e-04 1.425548006612561579e-04 1.728330539226823493e-04 1.149029262667898099e-04 5.612612890474839107e-05 5.490234657837126438e-04 9.405821362462708042e-04 7.245618018407080658e-04
1.068185325117584668e-05 1.000000000000000021e-08 1.000000000000000021e-08 1.000000000000000021e-08 1.000000000000000021e-08 1.000000000000000021e-08 1.369210816957473883e-04 1.468073660442188808e-04 1.000000000000000021e-08 3.116284765261754852e-05 2.554744958936083833e-05 6.523371863339963135e-05 1.000000000000000021e-08 1.000000000000000021e-08 6.140541634797406763e-05 8.510042460477768380e-05 8.758516156201412905e-05 8.369828287787137925e-05 8.108598296966738699e-05 1.000000000000000021e-08 2.462380689548362761e-05 5.462119115314971663e-05 9.205795740062613420e-05 7.497036659885889041e-05 1.000000000000000021e-08 4.429061905941982652e-05 2.952326090493973091e-05 3.154270987353176791e-04 5.730753093001123076e-05 6.570022080643479322e-05 9.102240840344510606e-05 8.615433259396650296e-05 7.438501708989508085e-04 9.870781246253538307e-04 1.275271164845792095e-03 1.862904042498930452e-03 8.334626214699757465e-03
3.386711634194435831e-05 3.360747335103410842e-05 2.850257297351484163e-05 1.000000000000000021e-08 1.000000000000000021e-08 1.000000000000000021e-08 1.000000000000000021e-08 1.000000000000000021e-08 1.000000000000000021e-08 1.000000000000000021e-08 1.562144107838400682e-05 1.000000000000000021e-08 1.118985302755980002e-05 1.000000000000000021e-08 3.870715727632182231e-05 6.216779908360506085e-05 8.271540002546295988e-05 1.000000000000000021e-08 1.000000000000000021e-08 1.000000000000000021e-08 1.664496001220426886e-05 3.757069338806733516e-05 7.105631539232617978e-05 4.919143114040966619e-05 3.923771739155577779e-05 2.583581575202967284e-05 1.000000000000000021e-08 2.311718721267334473e-05 2.407691723985268286e-05 6.268429020732041250e-05 2.138237876876279011e-05 1.617366707828003152e-04 1.455996305154863384e-04 1.100750094600578378e-04 8.875905934123684831e-05 8.403048850296574671e-05 1.007170624282677143e-03
1.526013595220650980e-05 3.210663827872642937e-05 1.000000000000000021e-08 1.000000000000000021e-08 1.000000000000000021e-08 1.000000000000000021e-08 1.000000000000000021e-08 1.000000000000000021e-08 1.340402950020453112e-05 1.000000000000000021e-08 1.101622276601799466e-05 1.574589541167905346e-05 2.114458042865031601e-05 2.540171426182972149e-05 3.309191647613999926e-05 5.700887800403662235e-05 1.000000000000000021e-08 1.000000000000000021e-08 1.000000000000000021e-08 1.000000000000000021e-08 1.013299235855332663e-05 2.246591931010078790e-05 4.386274832268304306e-05 5.209524901038741873e-05 4.839495871915746580e-05 4.560466628151155005e-05 1.000000000000000021e-08 1.000000000000000021e-08 2.003043870653078230e-05 6.182374155280736703e-05 1.064264395324152659e-04 3.902213515674474121e-04 2.566055709596059566e-04 1.468347939893200657e-05 1.840868305115661138e-05 1.390494828563946348e-05 9.730657683868870582e-04
1.000000000000000021e-08 1.000000000000000021e-08 1.000000000000000021e-08 1.000000000000000021e-08 1.000000000000000021e-08 1.000000000000000021e-08 1.000000000000000021e-08 1.000000000000000021e-08 1.000000000000000021e-08 1.000000000000000021e-08 1.000000000000000021e-08 1.000000000000000021e-08 2.880911541871406385e-05 1.000000000000000021e-08 1.000000000000000021e-08 4.086709275130666244e-05 3.828209041155531463e-05 4.059594380226497884e-05 4.590955967058482336e-05 3.815157964239959074e-05 1.000000000000000021e-08 1.000000000000000021e-08 2.891012603110126159e-05 4.616772343795207470e-05 1.000000000000000021e-08 3.674033555895952233e-05 1.000000000000000021e-08 1.000000000000000021e-08 1.543688803137777485e-05 2.326188938378240023e-05 2.321310975405468038e-05 9.278507415893909446e-05 4.546398014003417943e-05 4.382282081353487923e-05 1.327500589945512633e-05 2.187473375990115087e-05 2.705309346797000046e-05
1.000000000000000021e-08 1.000000000000000021e-08 1.000000000000000021e-08 1.000000000000000021e-08 1.000000000000000021e-08 1.000000000000000021e-08 1.000000000000000021e-08 1.000000000000000021e-08 1.000000000000000021e-08 1.212674764206738158e-05 1.390289382802276609e-05 1.000000000000000021e-08 1.000000000000000021e-08 1.000000000000000021e-08 1.000000000000000021e-08 1.000000000000000021e-08 2.922642877959268052e-05 4.290790386293026268e-05 8.523595540507834041e-05 8.959800724411473702e-05 1.000000000000000021e-08 1.000000000000000021e-08 1.000000000000000021e-08 3.542855465176693904e-05 3.252894785705330105e-05 4.007745161210177589e-05 4.032944001235304370e-05 3.785833385137545476e-05 7.225403408051811450e-05 5.648633018561603227e-05 5.498941952368697388e-05 8.212751324823415033e-05 7.286675853300369164e-05 8.667430597547088906e-05 1.000000000000000021e-08 1.000000000000000021e-08 1.901635597743523817e-05
1.000000000000000021e-08 1.000000000000000021e-08 1.000000000000000021e-08 1.000000000000000021e-08 1.000000000000000021e-08 1.000000000000000021e-08 1.000000000000000021e-08 1.000000000000000021e-08 1.000000000000000021e-08 1.000000000000000021e-08 1.060893930697563229e-05 1.000000000000000021e-08 1.000000000000000021e-08 1.930285284082132921e-05 2.843538483908045824e-05 1.000000000000000021e-08 2.684722260603166998e-05 3.744461713417187259e-05 2.935885411524930374e-05 5.650407512538322931e-05 4.764358479646614613e-05 1.000000000000000021e-08 1.000000000000000021e-08 3.462195982194003942e-05 1.000000000000000021e-08 3.295142944192669100e-05 4.066032551861973649e-05 5.410496091129979177e-05 4.475871189044046422e-05 6.669520656486133700e-05 7.568688943125190911e-05 6.125548027301757237e-05 1.000000000000000021e-08 5.831119072883654032e-04 7.244290522496289525e-04 4.314931405591810177e-04 4.667409293502542984e-04
1.000000000000000021e-08 1.000000000000000021e-08 1.000000000000000021e-08 1.000000000000000021e-08 1.000000000000000021e-08 1.000000000000000021e-08 1.000000000000000021e-08 1.000000000000000021e-08 1.000000000000000021e-08 1.000000000000000021e-08 1.225427267913819536e-05 1.450797827775289511e-05 2.083834898016835059e-05 1.945568778872545755e-05 2.845336209017206171e-05 2.413310811427393619e-05 1.000000000000000021e-08 1.000000000000000021e-08 1.000000000000000021e-08 1.000000000000000021e-08 3.125140298466357931e-05 2.948077178657282108e-05 2.731163255217983852e-05 5.147278060395655305e-05 7.124354979981598046e-05 7.494143892267998025e-05 8.773755251747600249e-05 9.854251301084558884e-05 9.542107727388021319e-05 9.743737776943088569e-05 1.000000000000000021e-08 3.628750734636590090e-05 2.332775619592839395e-05 5.825137652236163089e-05 3.865511128643221966e-05 2.682473085382538060e-04 3.061617755223487573e-04
1.000000000000000021e-08 1.000000000000000021e-08 1.000000000000000021e-08 1.000000000000000021e-08 1.000000000000000021e-08 1.000000000000000021e-08 1.000000000000000021e-08 1.000000000000000021e-08 1.277965262085400094e-05 1.611683633824191589e-05 2.330546924189269524e-05 2.200589943884786426e-05 2.065143008653382329e-05 1.987051376300733426e-05 2.162322354143834344e-05 1.000000000000000021e-08 1.000000000000000021e-08 1.000000000000000021e-08 1.000000000000000021e-08 1.000000000000000021e-08 1.000000000000000021e-08 1.000000000000000021e-08 1.000000000000000021e-08 1.000000000000000021e-08 1.000000000000000021e-08 4.858235412290381496e-05 1.084067153248840755e-04 1.099463634241108946e-04 1.208860220774616792e-04 1.999846811101360937e-04 1.816930073878715070e-04 1.508389915632993587e-04 1.340894781567649114e-04 1.075611491789967608e-04 1.058574029284811886e-04 1.936369356926479434e-04 1.493212091356779618e-04
1.000000000000000021e-08 1.000000000000000021e-08 1.000000000000000021e-08 1.000000000000000021e-08 1.000000000000000021e-08 1.000000000000000021e-08 1.000000000000000021e-08 1.000000000000000021e-08 1.000000000000000021e-08 1.000000000000000021e-08 1.000000000000000021e-08 1.000000000000000021e-08 1.000000000000000021e-08 1.170280960059077847e-05 1.374442397944503695e-05 1.000000000000000021e-08 1.000000000000000021e-08 1.000000000000000021e-08 1.000000000000000021e-08 1.000000000000000021e-08 1.000000000000000021e-08 1.000000000000000021e-08 1.000000000000000021e-08 1.000000000000000021e-08 1.000000000000000021e-08 3.118525277502458569e-05 3.685882766032030992e-05 1.001568108612751324e-04 1.947554552494732522e-04 1.778758690802409329e-04 2.781291767937855638e-04 2.666266344891500811e-04 1.907231760021670810e-05 1.780858330037696612e-05 2.225890224172982011e-05 1.487577647691393050e-04 1.455862242652017444e-04
