output/water_depth_2760.asc
ncols 223
nrows 158
xllcorner 0.0
yllcorner 0.0
cellsize 30.0
[rows 17 to 33 of 158, columns 74 to 110 of 223]
1.000000100000000021e-05 1.000000100000000021e-05 1.000000100000000021e-05 1.000000100000000021e-05 1.000000100000000021e-05 1.000000100000000021e-05 1.000000100000000021e-05 1.000000100000000021e-05 1.000000100000000021e-05 1.000000100000000021e-05 1.000000100000000021e-05 1.000000100000000021e-05 1.000000100000000021e-05 1.000000100000000021e-05 1.000000100000000021e-05 1.000000100000000021e-05 1.000000100000000021e-05 1.000000100000000021e-05 1.000000100000000021e-05 1.000000100000000021e-05 1.000000100000000021e-05 1.000000100000000021e-05 1.000000100000000021e-05 1.000000100000000021e-05 1.000000100000000021e-05 1.000000100000000021e-05 1.000000100000000021e-05 1.000000100000000021e-05 3.231063356699525468e-05 4.907464813874512570e-05 5.777114416862109877e-05 7.011980149286419449e-05 9.738209962432082059e-05 1.022571652596661882e-04 9.765255900140689662e-05 1.021334542119905895e-04 1.020269809175648550e-04
1.000000100000000021e-05 1.000000100000000021e-05 1.000000100000000021e-05 1.000000100000000021e-05 1.000000100000000021e-05 1.000000100000000021e-05 1.000000100000000021e-05 1.000000100000000021e-05 1.000000100000000021e-05 1.000000100000000021e-05 1.000000100000000021e-05 1.000000100000000021e-05 1.000000100000000021e-05 1.000000100000000021e-05 1.000000100000000021e-05 1.000000100000000021e-05 1.000000100000000021e-05 1.000000100000000021e-05 1.000000100000000021e-05 1.000000100000000021e-05 1.000000100000000021e-05 1.000000100000000021e-05 1.000000100000000021e-05 1.000000100000000021e-05 1.000000100000000021e-05 1.000000100000000021e-05 1.000000100000000021e-05 2.890044747544338516e-05 2.849852922595002750e-05 4.626548167399859783e-05 8.113502993090032981e-05 1.033507327930692309e-04 7.894900095972312451e-05 8.988671888149415447e-05 9.066817044938495977e-05 8.811666887503384594e-05 1.201722850574364236e-04
1.000000100000000021e-05 1.000000100000000021e-05 1.000000100000000021e-05 1.000000100000000021e-05 1.000000100000000021e-05 1.000000100000000021e-05 1.000000100000000021e-05 1.000000100000000021e-05 1.000000100000000021e-05 1.000000100000000021e-05 1.000000100000000021e-05 1.000000100000000021e-05 1.000000100000000021e-05 1.000000100000000021e-05 1.000000100000000021e-05 1.000000100000000021e-05 1.000000100000000021e-05 1.000000100000000021e-05 1.000000100000000021e-05 1.000000100000000021e-05 1.000000100000000021e-05 1.000000100000000021e-05 1.000000100000000021e-05 1.000000100000000021e-05 1.000000100000000021e-05 1.165046421359724143e-04 1.178626664711063211e-04 1.140238233664904010e-04 1.129388573406592088e-04 1.214209644067482265e-04 1.402310774538714343e-04 1.625049252844813059e-04 1.796709818058469014e-04 1.789165412880271155e-04 1.649189382358882689e-04 1.538886963502626910e-04 1.842751741188661827e-04
1.000000100000000021e-05 1.000000100000000021e-05 1.000000100000000021e-05 1.000000100000000021e-05 1.000000100000000021e-05 1.000000100000000021e-05 1.000000100000000021e-05 1.000000100000000021e-05 1.000000100000000021e-05 1.000000100000000021e-05 1.000000100000000021e-05 1.000000100000000021e-05 1.000000100000000021e-05 1.000000100000000021e-05 1.000000100000000021e-05 1.000000100000000021e-05 1.000000100000000021e-05 1.000000100000000021e-05 1.000000100000000021e-05 1.000000100000000021e-05 1.000000100000000021e-05 1.000000100000000021e-05 1.000000100000000021e-05 1.455672999042639500e-04 2.730051204665772443e-04 4.069570710504711707e-04 3.487436065444247577e-04 3.146392986825251857e-04 2.891636985687704798e-04 2.879132736667469714e-04 5.084838102631032794e-05 5.386965953260630576e-05 8.151008541511769784e-05 8.150933021662702736e-05 1.229371094426628236e-04 8.133926577327584700e-04 1.050198634030924351e-04
1.000000100000000021e-05 1.000000100000000021e-05 1.000000100000000021e-05 1.000000100000000021e-05 1.000000100000000021e-05 1.000000100000000021e-05 1.000000100000000021e-05 1.000000100000000021e-05 1.000000100000000021e-05 1.000000100000000021e-05 1.000000100000000021e-05 1.000000100000000021e-05 1.000000100000000021e-05 1.000000100000000021e-05 1.000000100000000021e-05 1.000000100000000021e-05 1.000000100000000021e-05 1.000000100000000021e-05 1.000000100000000021e-05 1.000000100000000021e-05 1.000000100000000021e-05 1.000000100000000021e-05 8.495017073757671030e-05 8.751301367396149974e-05 9.467235925661534625e-05 1.085676239941618215e-04 2.976530460277117436e-04 3.587703768746754651e-04 3.820966792336719206e-04 3.813951177072623703e-04 5.712206623765423645e-05 7.126141492377335309e-05 6.505590518857316492e-05 9.269094872044302132e-05 8.655097546578422764e-05 1.394912131879255614e-04 1.961343092332403816e-03
1.000000100000000021e-05 1.000000100000000021e-05 1.000000100000000021e-05 1.000000100000000021e-05 1.000000100000000021e-05 1.000000100000000021e-05 1.000000100000000021e-05 1.000000100000000021e-05 1.000000100000000021e-05 1.000000100000000021e-05 1.000000100000000021e-05 1.000000100000000021e-05 1.000000100000000021e-05 1.000000100000000021e-05 1.000000100000000021e-05 1.000000100000000021e-05 1.000000100000000021e-05 1.000000100000000021e-05 1.000000100000000021e-05 1.000000100000000021e-05 2.867579895624787316e-05 4.397948438519687001e-05 3.729946426694933064e-05 1.000000000000000021e-08 1.000000000000000021e-08 1.013413734490045874e-05 2.175795501366223990e-04 3.742799237122937058e-04 4.395523879739557057e-04 4.693778470715052669e-04 4.322737553711062948e-05 3.987493674532694858e-05 6.717130348510315634e-04 6.200605983332684252e-04 9.802617025082079223e-04 1.361311733086462659e-03 1.118490355003673139e-03
1.000000100000000021e-05 1.000000100000000021e-05 1.000000100000000021e-05 1.000000100000000021e-05 1.000000100000000021e-05 1.000000100000000021e-05 1.000000100000000021e-05 1.000000100000000021e-05 1.000000100000000021e-05 1.000000100000000021e-05 1.000000100000000021e-05 1.000000100000000021e-05 1.000000100000000021e-05 1.000000100000000021e-05 1.000000100000000021e-05 1.000000100000000021e-05 1.000000100000000021e-05 7.617462895106164836e-05 1.892790031189581776e-04 1.591757824703608911e-04 1.511187574772788708e-04 1.600176745278978209e-04 1.655028827452389821e-04 1.095861205549161652e-04 1.000000000000000021e-08 1.082405378101674605e-05 1.967614411775555293e-04 2.781581111751393279e-04 4.338218784040594298e-04 6.978881804044368559e-04 7.310542113825571533e-04 1.077044364360764525e-03 1.180026892594209301e-03 1.813071188349331441e-03 1.736515307710847795e-03 2.458067479224721949e-03 2.271709574725910320e-03
1.000000100000000021e-05 1.000000100000000021e-05 1.000000100000000021e-05 1.000000100000000021e-05 1.000000100000000021e-05 1.000000100000000021e-05 1.000000100000000021e-05 1.000000100000000021e-05 1.000000100000000021e-05 1.000000100000000021e-05 1.000000100000000021e-05 1.000000100000000021e-05 1.000000100000000021e-05 1.000000100000000021e-05 1.000000100000000021e-05 1.000000100000000021e-05 1.000000100000000021e-05 2.399669312639540937e-05 4.407651870031380984e-05 3.239410179940178502e-04 5.553429949459366298e-04 7.280735899465580561e-04 1.684766233653349683e-04 1.476638930417322241e-04 1.904441659042239337e-04 1.796734847829594751e-04 3.440510823562890007e-04 1.132557220128811628e-04 1.226028896534494910e-04 1.331893890329587083e-04 2.192078685102824814e-04 2.089766326185923441e-04 1.881002375691777275e-04 1.793219481365575197e-04 2.546545874650395507e-04 2.588910184165367674e-04 3.706396849609890510e-04
1.000000100000000021e-05 1.000000100000000021e-05 1.000000100000000021e-05 1.000000100000000021e-05 1.000000100000000021e-05 9.545816930483575543e-05 9.541300875597503311e-05 1.000000100000000021e-05 1.000000100000000021e-05 1.000000100000000021e-05 1.000000100000000021e-05 1.000000100000000021e-05 1.000000100000000021e-05 1.000000100000000021e-05 1.000000100000000021e-05 7.754558398957488239e-05 8.815900982157379184e-05 1.409287270801631560e-04 2.213067126066242609e-04 2.134994036924700469e-04 2.092001107793175661e-04 3.130176963088777595e-04 5.256402849714936296e-05 7.855047343954448403e-05 8.708337810617988988e-05 1.202863401313929197e-04 4.068356421076679434e-05 7.552618365735579771e-05 2.674795199689207763e-05 2.732839926460225549e-05 1.184026383712415042e-05 4.843821703679014389e-05 4.667675239088405712e-05 9.606590444996153562e-05 8.959843168282620907e-05 4.340087779242453076e-04 2.890369705202252225e-04
1.000000100000000021e-05 1.000000100000000021e-05 1.000000100000000021e-05 1.000000100000000021e-05 1.000000100000000021e-05 1.957163155896282365e-04 3.011048741376326759e-04 1.561103658480295184e-04 1.311316418368637022e-04 1.580716970936819302e-04 7.512606377838838519e-05 1.000000100000000021e-05 1.000000100000000021e-05 2.637095468280847786e-05 3.894858574235515947e-05 4.942325670655767401e-05 8.962704059979833160e-05 9.343292325729661942e-05 3.149388797047901863e-05 1.173079673077945770e-05 1.060544585835908039e-05 1.434339613319758231e-05 2.917370054176098037e-05 4.529274388855143116e-05 5.294424324225070939e-05 6.940260782360196717e-05 8.735266589417130549e-05 1.007659479710254643e-04 1.027353882658748935e-04 1.306926155664471414e-04 1.000000000000000021e-08 6.661328461789906713e-05 6.921402584327385578e-05 9.881591630413007394e-05 1.544658369008324408e-04 2.263592437149466942e-04 6.346326881997635524e-04
1.000000100000000021e-05 1.000000100000000021e-05 1.000000100000000021e-05 1.000000100000000021e-05 1.000000100000000021e-05 1.220800187531243105e-03 5.278968443622922453e-03 4.481254676817241411e-04 2.582655147816550014e-04 9.131615056625125748e-05 1.395371307727282404e-05 2.462727548245590139e-05 4.240582632598259241e-05 7.786463484977433841e-05 1.026348742036484565e-04 1.213267699550280493e-04 1.434300011221403316e-04 1.354912539547851059e-04 1.000000000000000021e-08 1.000000000000000021e-08 1.068911503207064103e-05 1.367054070791877684e-05 1.459983978776050935e-05 2.035399562541257871e-05 2.653711721077656654e-05 3.409404779584727929e-05 4.236807242910738765e-05 7.280591944899010755e-05 4.392590185157708971e-04 3.933501810404260246e-04 6.003225626585912306e-05 4.521005807813997638e-05 2.299703076556042485e-05 6.537572909443736639e-04 8.692609860384562437e-04 1.760675792901425464e-03 1.668782659142089436e-04
1.000000100000000021e-05 1.000000100000000021e-05 1.000000100000000021e-05 1.000000100000000021e-05 1.000000100000000021e-05 1.127625932219859448e-02 1.131266532336932694e-03 8.667903532508838263e-05 7.151777113767854679e-05 3.620253658384861909e-05 4.154989947828213151e-05 3.498880855275007394e-05 7.499724805352063614e-05 1.021293870164941670e-04 1.166221793771511493e-04 1.565917904818004921e-04 2.037403987375640147e-04 1.951080378472171573e-04 1.000000000000000021e-08 1.000000000000000021e-08 1.000000000000000021e-08 2.665301420987964859e-05 1.000000000000000021e-08 6.518788700676861065e-05 7.016843323334612595e-05 8.264292666189551834e-05 1.001988198192301128e-04 1.205363047821364448e-04 6.617945687922664874e-04 1.187117047538550690e-03 9.571015151120666319e-04 2.303876287717247383e-04 1.801101247707331690e-04 8.140425392499976926e-04 6.377775505977182052e-04 7.261756948823350688e-04 7.179359170685626398e-04
1.000000100000000021e-05 1.000000100000000021e-05 1.000000100000000021e-05 1.000000100000000021e-05 1.000000100000000021e-05 2.431052826793190288e-03 3.822945163647069431e-04 9.789559953100059303e-05 3.576529722246396726e-05 5.975482688106161194e-05 3.116230535284083577e-05 5.077383391270198380e-05 7.325221909488574383e-05 1.074929466512587994e-04 1.203269775414196233e-04 1.000000000000000021e-08 1.000000000000000021e-08 2.843022663733292470e-05 1.000000000000000021e-08 1.000000000000000021e-08 1.000000000000000021e-08 2.974878229032424889e-05 5.076528688622337449e-05 4.100179427294291766e-05 1.000000000000000021e-08 2.158734984739226186e-05 2.581095078799700455e-05 4.168114166585821254e-05 1.293485306635735446e-04 2.098431256692161932e-04 8.676935344663964076e-05 9.273267326723449045e-05 5.667573739480633596e-04 1.085569684879909174e-04 9.374739411290918683e-05 3.914188407253675638e-04 4.990024105714185691e-04
1.000000100000000021e-05 1.000000100000000021e-05 1.000000100000000021e-05 3.611344733681692631e-05 3.870189595315377080e-04 2.604730252545542184e-03 7.792458965672571737e-05 6.476719534440903618e-05 6.812138895132501242e-05 6.849953302246223697e-05 4.109408301745298204e-05 6.392160310128038297e-05 1.062925461297283594e-04 1.425122307272225588e-04 1.000000000000000021e-08 1.000000000000000021e-08 1.000000000000000021e-08 1.026826795603414202e-05 1.000000000000000021e-08 9.207241872663066173e-05 6.928662858383294765e-05 1.000000000000000021e-08 1.000000000000000021e-08 7.039565269274545168e-05 6.172865105020429672e-05 1.000000000000000021e-08 1.000000000000000021e-08 1.000000000000000021e-08 1.000000000000000021e-08 1.000000000000000021e-08 2.841903258594383449e-05 3.170367127396142679e-04 6.903321329845989629e-05 2.499236510784945498e-05 2.292723539055762074e-05 3.481102565726447483e-04 2.839558626271295187e-04
1.000000100000000021e-05 1.000000100000000021e-05 2.500558933131685922e-05 6.440359860219636184e-05 6.957175425419309710e-04 2.787539200015797664e-03 9.780493923128394818e-05 6.778278151112131591e-05 1.000000000000000021e-08 1.000000000000000021e-08 5.272792961903715638e-05 9.449685187499953483e-05 1.273770543028484561e-04 1.584994702860344142e-04 1.779464788814249797e-05 1.000000000000000021e-08 1.000000000000000021e-08 1.000000000000000021e-08 1.000000000000000021e-08 3.293703298637106727e-05 5.963778058612590025e-05 1.000000000000000021e-08 1.178004078026198898e-05 1.000000000000000021e-08 1.000000000000000021e-08 1.160290346919071634e-05 1.000000000000000021e-08 1.000000000000000021e-08 5.116785969559142820e-05 1.000000000000000021e-08 2.504272550931020301e-05 3.760360692006983020e-05 9.751981664113761983e-05 2.555484740994358033e-05 1.629046379890643399e-05 7.519271162667399142e-05 1.044521272010866952e-04
3.997298010220114915e-05 5.593392208532489842e-05 1.000000000000000021e-08 1.000000000000000021e-08 2.146797588988030858e-03 3.896336900053217964e-03 1.333134315676206183e-04 7.830160086993500637e-05 1.000000000000000021e-08 1.000000000000000021e-08 1.000000000000000021e-08 9.307072602422458761e-05 1.000000000000000021e-08 1.000000000000000021e-08 6.936623834018677901e-05 2.575387001920633533e-05 1.000000000000000021e-08 1.000000000000000021e-08 1.000000000000000021e-08 2.910480172051012378e-05 8.140282248605563964e-05 1.000000000000000021e-08 1.983297208590182069e-05 1.865612237214559505e-05 1.000000000000000021e-08 1.000000000000000021e-08 1.000000000000000021e-08 1.000000000000000021e-08 1.000000000000000021e-08 2.707585640295710600e-05 2.051727860409086794e-04 2.253862871268630977e-05 1.737263720151694529e-04 1.233679230880745854e-05 2.563108706904077840e-05 1.006581228084323222e-05 3.030721367804214495e-05
4.775298980790721945e-03 5.678310793396915655e-03 4.039708120297014898e-03 2.925204760670411033e-03 1.573476718863478594e-03 2.972387235369831210e-03 3.057512734860238710e-03 4.135823571396341218e-04 2.665519005699138518e-04 1.306934291491669716e-04 1.000000000000000021e-08 9.929717974537417846e-05 1.000000000000000021e-08 1.000000000000000021e-08 1.000000000000000021e-08 1.000000000000000021e-08 1.705735883119495120e-05 1.000000000000000021e-08 1.000000000000000021e-08 3.786592184347731661e-05 1.025923153447441151e-04 5.821580798514721739e-05 4.008402826532246014e-05 1.000000000000000021e-08 1.000000000000000021e-08 1.000000000000000021e-08 1.000000000000000021e-08 2.158696617334803584e-05 1.000000000000000021e-08 1.000000000000000021e-08 1.008383819741454246e-05 5.293339654113064346e-05 2.025436812133023896e-04 2.109705826266409712e-05 4.845123606094804534e-05 2.423442476056069731e-05 1.000000000000000021e-08
