output/water_depth_5760.asc
ncols 223
nrows 158
xllcorner 0.0
yllcorner 0.0
cellsize 30.0
[rows 68 to 84 of 158, columns 37 to 73 of 223]
1.397398656054006727e-05 2.059614937876926623e-05 2.889794236425749448e-05 3.552307869428613242e-05 1.000000000000000021e-08 2.075630436933211556e-05 3.118190044893710507e-05 3.203874747097710249e-05 1.000000000000000021e-08 1.000000000000000021e-08 1.000000000000000021e-08 1.174103040811284945e-05 1.786931997911936040e-05 1.000000000000000021e-08 3.991039248969700234e-05 1.000000000000000021e-08 2.380446160387232138e-05 4.543408176345597657e-05 3.978487981499437504e-05 1.000000000000000021e-08 1.000000000000000021e-08 2.101474453804715023e-05 7.207085878156664475e-05 2.242987002653089226e-03 5.150466773295920599e-04 1.000000000000000021e-08 1.000000000000000021e-08 1.000000000000000021e-08 1.000000000000000021e-08 1.000000000000000021e-08 1.000000000000000021e-08 1.000000000000000021e-08 1.000000000000000021e-08 1.000000000000000021e-08 1.564701847165517580e-05 1.091596971538638055e-05 1.051065076489030333e-05
1.000000000000000021e-08 1.001380828128228350e-05 1.432174974173095592e-05 1.585499417062627292e-05 1.567913792032613041e-05 1.425672900730480999e-05 1.967958314653438299e-05 2.267563777192586641e-05 2.853298217982959430e-05 5.026514741379713256e-05 6.181036417972120289e-05 1.000000000000000021e-08 1.000000000000000021e-08 3.856211409404376381e-05 4.371735490815733508e-05 1.000000000000000021e-08 1.985739481995380630e-05 3.287051113921215514e-05 1.000000000000000021e-08 1.908556826302466690e-05 3.213788410381571121e-05 2.331410784726919839e-05 5.850898670033708658e-05 8.251895389408363387e-05 2.715354362778411596e-04 1.490973994545902919e-03 1.000000000000000021e-08 1.000000000000000021e-08 1.000000000000000021e-08 1.000000000000000021e-08 1.000000000000000021e-08 1.000000000000000021e-08 7.061024960732426069e-05 5.015144586740320201e-04 8.405711383866763852e-04 1.019821877627517066e-03 8.445446234517102035e-04
1.000000000000000021e-08 1.000000000000000021e-08 1.000000000000000021e-08 1.000000000000000021e-08 1.000000000000000021e-08 1.000000000000000021e-08 1.000000000000000021e-08 3.113996175414922177e-05 6.188733853200483652e-05 6.608075772384210339e-05 5.896664523443256541e-05 8.914165291582181025e-05 5.508597274980477711e-05 4.683026829775291492e-05 3.789869392850434818e-05 3.748086136624780582e-05 7.121984365064863254e-05 1.000000000000000021e-08 1.000000000000000021e-08 1.469417113944007118e-05 2.034380301316358468e-05 9.059951909256590600e-05 5.207734945262747575e-05 6.520184168825856122e-05 1.000000000000000021e-08 1.000000000000000021e-08 1.457230490704778825e-05 2.025657957847465734e-05 1.000000000000000021e-08 7.896427019721472527e-05 7.454519841119429261e-05 6.399252681297233495e-04 7.092622383331444527e-04 5.718244027176652786e-04 5.168589153285384728e-04 6.602444943995540005e-04 1.150871538587787141e-03
1.000000100000000021e-05 4.320877054244161042e-05 1.000000000000000021e-08 1.000000000000000021e-08 1.117892003266803843e-05 1.000000000000000021e-08 1.000000000000000021e-08 1.183002887905900227e-05 2.544921437077107319e-05 2.510625084921642918e-05 3.057044264283982881e-05 5.215199490704878403e-05 1.243096136538496504e-04 9.777319030448868009e-05 9.108082658680506768e-05 1.181993470942807102e-04 1.792188715980154185e-04 3.772439579663327039e-04 2.129365792874895547e-04 1.505014523806582846e-04 8.727745866424465779e-05 1.326845677580079988e-04 2.838677338149420311e-03 2.801262781143985976e-04 1.670592822767638945e-04 1.000000000000000021e-08 1.647639752687651482e-05 3.515611097978788686e-05 3.664394644835675406e-05 2.866502035583148454e-04 5.722723004600062391e-04 7.590710562978481620e-04 1.561630114854440678e-04 2.259861324896057539e-04 2.304199486849084803e-04 3.577152442523967774e-04 3.181501056568627160e-04
4.710414057512972446e-05 1.067204373756161067e-04 6.626252637266951513e-05 4.375235048853002125e-05 1.000000000000000021e-08 1.000000000000000021e-08 1.000000000000000021e-08 2.348723984381880387e-05 1.521532717475262877e-04 1.056530909491833377e-04 1.000000000000000021e-08 1.000000000000000021e-08 9.106574360316383593e-05 1.699383273635645720e-04 1.655903831142446932e-04 1.350685461887014599e-04 1.110332587556365520e-04 1.330011594586608169e-04 2.744105009071607986e-04 2.683779781451359962e-04 2.052739312435386467e-04 9.679320231119038992e-05 3.789259503145297678e-04 4.309239839639189638e-04 4.141817949831978806e-04 1.181102534019737063e-05 1.509094477321217811e-03 1.536854802686886618e-03 1.915140372388806494e-03 2.097211029857876455e-03 2.834910109990076456e-03 1.056153928604040230e-03 5.801266001134870428e-04 4.959490896339207059e-04 4.625212613475423204e-04 4.394112911839942459e-04 4.877751134281579502e-04
6.089157099163546044e-05 4.123395815821942251e-05 7.596125172957635206e-05 1.000000000000000021e-08 1.000000000000000021e-08 2.001397271460315613e-05 2.764873087953041708e-05 6.756251797609046041e-05 2.224665497426066285e-04 4.693968540086053865e-04 2.774118347836251777e-04 2.173078383530361603e-04 1.520962526859221558e-04 1.384074753324441459e-04 8.385430922002091352e-05 8.448510330519874766e-05 8.529167661174839367e-05 1.010170181584609802e-04 1.261541360732717219e-04 3.299039532026092265e-04 4.213812518336950883e-04 3.661469537477821134e-04 3.153771691566577425e-04 1.034230745563220885e-03 1.259891331976834873e-03 1.799630059276684452e-03 1.232403746753577131e-03 7.427881520198826616e-04 5.533415232028608645e-04 5.008509010520692788e-04 3.282879389700237190e-04 2.684750724906884807e-04 2.026048500147379044e-04 1.579099593531266656e-04 1.400550886551057582e-04 1.174321787116525964e-04 9.809816216772404129e-05
1.677429170269371277e-04 2.233499629191983626e-04 2.619908141577260226e-04 3.057001556480554833e-04 3.543054623190017836e-04 4.787696191192482558e-04 5.244805574824316571e-04 5.023928589805049406e-04 3.890100569711648910e-04 1.952019376420663425e-05 2.456081099200835304e-05 2.006236203613954731e-05 1.000000000000000021e-08 1.000000000000000021e-08 1.563371614679208999e-05 4.353177363904960594e-05 6.176315206392178235e-05 5.017785024804517167e-05 3.405666311310141006e-05 3.248697866842460756e-05 2.367345093342122038e-05 2.901236295546387673e-04 5.873471836483835007e-04 8.313065122054256149e-04 1.024484682577791149e-04 1.000000000000000021e-08 1.000000000000000021e-08 1.887627048108792962e-05 3.091052561916014238e-05 3.803529608746127527e-05 4.061590016308570285e-05 3.548958332651017442e-05 3.078538302510608896e-05 2.944409716938762607e-05 3.641946183050959011e-05 3.247140971692906615e-05 1.000000000000000021e-08
1.436702445929934459e-03 1.069976148389261154e-04 8.893934744984936520e-05 7.918099083804683465e-05 6.985245192133720670e-05 5.108491088096875658e-05 4.735928306156540312e-05 1.000000000000000021e-08 1.000000000000000021e-08 1.117657459966560075e-05 1.621162717241841800e-05 1.980471306651971914e-05 1.853451500551527668e-05 1.862601836488146501e-05 2.115694236149617800e-05 2.332547176926018067e-05 4.896031377325352646e-05 6.243367810666904582e-05 6.297230804993302121e-05 5.979372973697278862e-05 5.879700357657572822e-05 6.841244112465998822e-05 1.752693238101008899e-04 3.963822766842201999e-05 1.000000000000000021e-08 1.181308871199504248e-05 1.985832732694691456e-05 2.740499431694885256e-05 3.157613827881215139e-05 2.877424186700067347e-05 2.144389036835877817e-05 3.742000671688142950e-05 3.257945252564938628e-05 3.126655401444205129e-05 2.336546079271506121e-05 1.000000000000000021e-08 1.000000000000000021e-08
2.974912434291359270e-05 5.424162208520943356e-05 1.000000000000000021e-08 1.000000000000000021e-08 2.169963060579841124e-05 1.000000000000000021e-08 1.000000000000000021e-08 1.000000000000000021e-08 1.000000000000000021e-08 1.000000000000000021e-08 1.000000000000000021e-08 1.000000000000000021e-08 1.000000000000000021e-08 1.000000000000000021e-08 1.000000000000000021e-08 1.867011109957299143e-05 3.533814216562555083e-05 1.106989007407101309e-04 1.133709571256505123e-04 8.873306942148141371e-05 1.034226287881929003e-04 2.100070594105578098e-04 3.326632683321727212e-05 2.297194361575577505e-05 1.000000000000000021e-08 1.280177335954825691e-05 1.000000000000000021e-08 1.203419971347664072e-05 1.016619075046918582e-05 1.165866855553766797e-05 1.925207208186933757e-05 1.869714482106778038e-05 3.215675406530593293e-05 3.749174609909614432e-05 4.049438117517544400e-05 3.178778729375145157e-05 2.982097990442637221e-05
2.502675351102907214e-05 4.592070926774348958e-05 5.815361451326553344e-05 4.072094815230340489e-05 4.375579443499258658e-05 6.022529590929742493e-05 5.146145767044004647e-05 4.162400382387270305e-05 3.785008954565468957e-05 3.043020971392969873e-05 3.371891342975104496e-05 3.527451934966273697e-05 4.196573805539608452e-05 4.030075456343616528e-05 4.277392354128740280e-05 3.755402264970908709e-05 5.680860192643070501e-05 9.468674795127134710e-05 1.100160026676694691e-04 1.336649734702972643e-04 1.329330565130154682e-04 2.773592542455824580e-04 2.245242648508693247e-04 1.000000000000000021e-08 1.012063810483489102e-05 2.004103208938904805e-05 1.856292101222687540e-05 2.291144199442638474e-05 2.335251417798928504e-05 2.341991365839383920e-05 3.156057962781483019e-05 3.182567730828933663e-05 3.692288839807507909e-05 4.804292201675759201e-05 5.529956970653753380e-05 5.684990776170163360e-05 8.768517253507257156e-05
2.426671476982765347e-05 4.248064751091144565e-05 5.390472020378483833e-05 1.000000000000000021e-08 1.317280641309907636e-05 2.438568293820213921e-05 6.913157949958888531e-05 5.503611882299881669e-05 5.466622218528232674e-05 1.000000000000000021e-08 4.771326614204661519e-05 5.623072267921206145e-05 3.189555376550792830e-05 6.388945091111116793e-05 4.757657431815737588e-05 4.416592033978458827e-05 3.985614172552837315e-05 4.447421994577975058e-05 7.984597226734372125e-05 7.301855948778913073e-05 8.257642711973057863e-05 1.000474599552273201e-04 1.511580199720586259e-04 1.000000000000000021e-08 1.000000000000000021e-08 1.755266642586458703e-05 2.636101763095514093e-05 3.711838702341364881e-05 3.083117832229098507e-05 3.420910259250809448e-05 4.159882189552602700e-05 4.337343713404881354e-05 4.280202572234839253e-05 1.000000000000000021e-08 3.753972296923744928e-05 4.988478922492240657e-05 3.500617541784044009e-05
3.026666275172651321e-05 4.951219968685542617e-05 5.006131473668517395e-05 3.807724798176568447e-05 2.258556221527946334e-05 1.674433681116142727e-05 2.484113763832308675e-05 7.110924070814608267e-05 1.775179860307501338e-04 1.149184615851458379e-04 1.090698133423118581e-04 1.004525628705335550e-04 1.420420145238397518e-04 1.419996871476053839e-04 1.000000000000000021e-08 1.000000000000000021e-08 1.000000000000000021e-08 2.717563455428892558e-05 4.191323420522689126e-05 1.000000000000000021e-08 1.000000000000000021e-08 2.311742967523798504e-05 8.714365630657381419e-05 1.000000000000000021e-08 1.000000000000000021e-08 2.468656405628585091e-05 4.625778942869111251e-05 3.572340074032573983e-05 1.000000000000000021e-08 2.614957055194482111e-05 4.010503334163293803e-05 4.503681934166587828e-05 4.930223649143334615e-05 1.000000000000000021e-08 1.000000000000000021e-08 1.000000000000000021e-08 1.000000000000000021e-08
4.579422608745003338e-05 5.617614759256169948e-05 3.944538462352816226e-05 1.000000000000000021e-08 1.000000000000000021e-08 1.000000000000000021e-08 2.128792551512526712e-05 3.558098630864393077e-05 4.991844022343832216e-05 1.000000000000000021e-08 1.000000000000000021e-08 1.000000000000000021e-08 1.000000000000000021e-08 1.000000000000000021e-08 1.000000000000000021e-08 1.000000000000000021e-08 2.079347384731239311e-05 2.886022714369120020e-05 2.715859811550451182e-05 2.845978441500641260e-05 1.000000000000000021e-08 2.071599540000211990e-05 8.757493539060673957e-05 4.405731714377532062e-05 4.522388548108525569e-05 6.435759560811125989e-05 1.107812359833409635e-04 4.270504447376355118e-05 1.000000000000000021e-08 2.478913060148039803e-05 4.301824370302660433e-05 5.360935713622790684e-05 1.000000000000000021e-08 1.123433173809653454e-05 1.000000000000000021e-08 1.000000000000000021e-08 1.000000000000000021e-08
2.178034521402364532e-05 4.240528681415303957e-05 1.000000000000000021e-08 1.000000000000000021e-08 1.000000000000000021e-08 1.615988483090967896e-05 1.000000000000000021e-08 1.000000000000000021e-08 1.000000000000000021e-08 1.000000000000000021e-08 1.000000000000000021e-08 1.000000000000000021e-08 1.000000000000000021e-08 1.211304402552220835e-05 1.732050905861542116e-05 2.231760477975081516e-05 1.000000000000000021e-08 1.000000000000000021e-08 1.000000000000000021e-08 1.000000000000000021e-08 1.000000000000000021e-08 1.000000000000000021e-08 1.000000000000000021e-08 4.479327316823656898e-05 3.479630138706712154e-05 5.870047842848618327e-05 1.094659935992628805e-04 1.000000000000000021e-08 1.000000000000000021e-08 1.000000000000000021e-08 1.000000000000000021e-08 1.000000000000000021e-08 1.000000000000000021e-08 1.548858454356510711e-05 2.097780129904617164e-05 1.000000000000000021e-08 1.000000000000000021e-08
2.004978290440308827e-05 3.963825431664450770e-05 1.607868900232779308e-03 1.111500247002794513e-04 9.079573499155035626e-05 1.000000000000000021e-08 1.000000000000000021e-08 1.000000000000000021e-08 1.000000000000000021e-08 1.000000000000000021e-08 1.553585429586310846e-05 2.559049398286333962e-05 2.988605541103239919e-05 4.480280288708091862e-05 6.539615572229174614e-05 6.597661184016400261e-05 5.163995854973181499e-05 4.094657965895285358e-05 3.795781227947246688e-05 2.582548780682874840e-05 4.391203862555685694e-05 1.059106177105541556e-04 1.984982424908260802e-04 2.792201475286819248e-05 1.979183970245443965e-04 1.344887463816959951e-04 4.203767673301203709e-04 3.427334608296449649e-04 1.969147935448651730e-04 6.712738698719797944e-05 1.000000000000000021e-08 1.000000000000000021e-08 1.000000000000000021e-08 1.000000000000000021e-08 1.000000000000000021e-08 1.000000000000000021e-08 1.000000000000000021e-08
1.726797440472537318e-05 2.908981917891931073e-05 4.480094111511504244e-05 5.092662286979530577e-05 1.000000000000000021e-08 1.000000000000000021e-08 1.000000000000000021e-08 1.000000000000000021e-08 1.000000000000000021e-08 1.000000000000000021e-08 1.000000000000000021e-08 1.000000000000000021e-08 1.000000000000000021e-08 1.000000000000000021e-08 1.326549565704330467e-05 6.242025560040172661e-05 9.428347085078309152e-05 8.778397543077044013e-05 7.391578209714525199e-05 7.271247962104554767e-05 9.141463860798873108e-05 7.965840918468953798e-05 1.613924610902228089e-04 1.965787791353058476e-04 1.545861667995156196e-04 2.824195315186792837e-04 7.134529078259235378e-04 9.425400770989557581e-04 9.850880231289989991e-04 6.499795669598827609e-04 5.094728298532903233e-04 2.284051196930316559e-05 3.172170644922805164e-05 1.000000000000000021e-08 1.000000000000000021e-08 1.147451357117931115e-05 1.000000000000000021e-08
1.440183700054482798e-05 2.244249393762640901e-05 3.031332844331546545e-05 4.216713986571950869e-05 4.611830272778340094e-05 1.000000000000000021e-08 1.000000000000000021e-08 1.000000000000000021e-08 1.000000000000000021e-08 1.000000000000000021e-08 1.000000000000000021e-08 1.000000000000000021e-08 1.000000000000000021e-08 1.000000000000000021e-08 1.000000000000000021e-08 1.000000000000000021e-08 1.000000000000000021e-08 1.000000000000000021e-08 5.817955029885588802e-05 8.789400359264584338e-05 1.683840074836729078e-04 2.455950061242763069e-04 1.935846614321367991e-04 1.474424031846900500e-04 1.000000000000000021e-08 1.000000000000000021e-08 1.480761527317633461e-05 1.000000000000000021e-08 1.527816093037312755e-04 8.774280243207113273e-04 9.404545245801393828e-04 8.337758211251230069e-04 6.085338596700105753e-05 8.817568865251117086e-05 1.000000000000000021e-08 1.000000000000000021e-08 1.000000000000000021e-08
