output/water_depth_1800.asc
ncols 223
nrows 158
xllcorner 0.0
yllcorner 0.0
cellsize 30.0
[rows 102 to 118 of 158, columns 148 to 184 of 223]
3.451838066338459182e-04 1.937447811682582060e-04 6.549634902781302113e-04 3.165249386785545837e-04 9.954450204641295441e-05 1.058175752624496076e-04 2.442302290129704369e-04 5.637971769305918099e-05 1.793458633997800276e-05 1.522763884478257754e-05 1.000000000000000021e-08 7.252127234493990012e-05 1.673533380494240605e-04 2.303598165727816091e-04 2.729172385813586244e-04 2.946882925914996753e-04 2.812651532998444422e-04 8.078253855036818720e-05 1.138864387675977893e-04 3.145797925067415988e-04 3.397853435436233452e-04 9.536371388138866183e-04 2.728793420724348997e-04 1.335808520182677926e-04 1.952909022037300547e-04 1.116999415539779889e-04 1.602011887761644118e-04 2.130297368065216885e-04 3.773457053433009237e-04 3.802168000416738126e-04 6.651634595310486038e-04 2.528899457865197505e-04 5.127968650286420741e-04 5.351635280011668352e-04 1.135659351214403498e-03 5.399129809219940530e-04 8.280173859556673932e-04
3.304642836929247689e-04 5.359278631479279763e-04 1.565558507545176123e-03 4.553015033598234104e-04 1.531721127969609838e-04 7.022667760847985325e-05 5.958677247540180227e-05 3.115312741758100083e-05 1.749614283197270650e-05 1.000000000000000021e-08 1.000000000000000021e-08 1.000000000000000021e-08 2.732928189660354209e-05 2.252769665988590617e-04 3.280882358305043018e-04 3.920979457444588720e-04 7.144928751073296753e-05 2.737483000922035981e-05 3.293642327223326018e-05 9.390182824972291011e-05 2.523007399615948801e-04 5.042677114234812982e-04 4.310686536164234635e-04 4.076695502248004984e-04 4.943451561185063445e-04 4.539770579275810201e-04 2.145027161547971269e-04 2.174536392177663308e-04 2.721602042770942869e-04 4.927914444233624965e-04 5.842221369250444546e-04 1.134606738215660068e-03 4.562276112464159171e-04 8.338733172206492204e-04 8.788181811965912202e-04 1.667535164344610991e-03 1.290514055280051788e-03
7.115162828111966983e-04 5.649608858185598730e-04 4.658482994689639931e-04 4.583414902888419910e-04 1.115592681567253341e-04 1.135417015394788690e-04 4.074619125604932027e-05 3.492085584916020943e-05 1.000000000000000021e-08 1.000000000000000021e-08 1.000000000000000021e-08 1.185734718621303876e-05 2.601554787013306082e-05 2.422039705993238388e-04 3.775818402879317268e-04 6.247719255173686211e-05 8.526601462248561557e-05 5.416361457934148191e-05 4.714287271337182813e-04 5.469799768005017670e-04 1.035897934288749480e-03 8.908525050411833816e-04 2.363603492180273678e-03 2.825117567214640094e-03 2.903597878588288009e-03 2.122917357722772617e-03 2.244555804661814251e-03 2.338957741566832695e-03 9.525298329906637784e-04 8.460964687124698357e-04 1.256555178949312094e-03 6.357033162121912464e-04 1.000936391749680235e-03 4.671857441445220510e-04 5.720659440576244658e-04 4.268615634853272509e-04 6.599860547199874316e-04
8.330794591946962891e-04 6.120955640950876981e-04 6.214077098822744184e-04 2.526664624514742734e-04 1.876193424912670708e-04 7.332802814874405067e-05 6.323709818348069163e-05 1.853228440402384161e-05 1.000000000000000021e-08 1.000000000000000021e-08 1.000000000000000021e-08 1.590480656589006789e-05 3.014487299012202660e-05 1.985130336009852093e-04 4.611085953599267811e-04 8.748551123206005321e-04 3.336087068354933968e-04 2.572186186148089850e-04 3.063312364666181150e-04 6.143192941563335122e-04 7.180648896482602541e-04 1.199115484645242070e-03 1.032558663681403931e-03 1.913469094352713900e-03 3.171514029579709185e-03 6.179280590930302623e-03 7.998866983859013666e-03 1.131365519975333599e-02 5.096222590807468131e-03 5.224014292891221607e-03 3.929011666906871356e-03 4.831340287469282693e-03 1.241611995729699144e-02 9.829707110555021762e-03 8.894427187650665728e-03 7.378877328265397335e-03 4.952448502805799520e-03
5.930672718161460535e-04 7.847612102561951890e-04 3.718821938631352631e-04 3.704455102943194494e-04 1.236387412324889325e-04 1.148519113877314126e-04 3.915435123741852906e-05 2.647721183954177563e-05 8.254525820407734448e-05 2.822108762884180454e-04 3.028446342500128166e-05 2.785132075962605568e-05 3.695435905142213792e-05 2.489698486813082888e-05 3.860928053317646430e-05 1.667667946808167387e-05 1.093832697018921733e-04 4.291018666990828738e-04 8.315757227135626940e-04 7.389688483411514536e-04 1.511337884654369908e-03 9.429120484784122170e-04 1.056689782538652129e-03 8.534003414204100997e-04 2.438320296454778591e-03 3.136719573948536753e-03 4.375268818407477937e-03 7.300540606340888417e-03 1.210197932260001323e-02 1.642783247376796221e-02 2.495740052463581507e-02 3.495342663943799832e-02 3.638140423515082156e-02 5.002091144999689515e-02 6.251643531619896499e-02 7.274748506871457632e-02 6.097887020356722310e-02
1.584147291394172839e-03 5.037896512732431640e-04 5.778924130184295588e-04 2.288441094738169403e-04 2.016720094012058504e-04 7.411324749996708134e-05 6.159663432888161469e-05 1.998055174662636207e-05 1.598540851970636420e-04 1.315670071901872164e-04 2.550981481128689572e-05 3.924767608201593159e-05 1.967978213103167533e-05 1.967153369614301292e-05 1.000000000000000021e-08 1.000000000000000021e-08 2.849724240223038360e-05 6.545263126173659143e-05 2.193506041937707987e-04 8.204823890348276636e-04 7.538422694834066287e-04 1.548933495210162324e-03 1.386146075616798840e-03 2.127498160723847662e-03 2.097231672358648973e-03 3.252615308553094466e-03 1.050251083161749064e-03 4.568795327215376600e-04 1.415524360414720240e-03 5.378229879943557902e-04 7.709441602379658778e-04 5.745522913561808102e-04 5.881930099901186339e-04 5.294937771073371597e-04 5.458891912879282370e-04 7.792907254370819072e-04 1.998200606031606125e-02
1.494963710802836056e-03 1.367480895476624620e-03 3.672395607570275080e-04 3.674675856468793099e-04 1.373822066999322560e-04 1.267470176839944577e-04 5.188198522202140428e-05 3.099790361573152007e-04 7.621001179424699568e-04 6.843010809911287949e-05 4.638586703853143619e-05 2.220302436122475217e-05 1.933456854097912535e-05 1.000000000000000021e-08 2.999408950501172044e-05 1.995061020084999988e-05 1.645708900568573503e-04 4.491565794518675991e-04 4.432339810370999889e-04 3.962822196463134240e-04 8.518652143654154908e-05 1.577622577387423071e-04 2.150778844821035936e-03 2.533475496281810662e-03 1.707045178358472222e-03 1.184582696300434624e-03 3.681856868039599896e-04 1.530996453173153100e-04 1.757435515962293190e-04 4.231318281648409970e-04 6.885899250543744401e-04 7.963109315663605614e-04 4.846995324483084275e-04 5.185605184765042924e-04 3.703358763725807983e-04 8.971200963268426100e-04 9.831348406619056304e-04
1.993330967182903833e-03 1.271654884604434075e-03 1.021040048644130359e-03 2.218814199581489841e-04 1.707454006952708876e-04 2.521545434531943233e-04 4.721402042281227108e-04 1.037095262046593223e-03 1.494368678904391731e-04 9.812774578501885520e-05 3.052280444408838602e-05 2.769858475511314760e-05 1.000000000000000021e-08 1.000000000000000021e-08 2.234938895327614111e-05 1.000000000000000021e-08 3.857447688822471758e-05 1.000000000000000021e-08 1.000000000000000021e-08 1.613839393798662892e-05 1.000000000000000021e-08 2.499942094899733477e-05 4.311829677368427612e-04 3.229598364052293060e-05 6.221499144220865628e-05 6.660340093314388876e-05 2.328858193436524992e-04 4.146102154328757923e-04 8.226633785818106021e-04 1.135610276060523621e-03 1.326681253001901241e-03 1.101271675364699516e-03 1.309239997423953562e-03 9.391965562767009158e-04 1.294004373400234852e-03 1.148373733860698180e-03 1.014515627091384367e-03
1.778953739296376940e-03 1.534633596920779389e-03 1.282476927780940024e-03 5.654361427271268822e-04 3.971014223036359813e-04 7.651794054774367290e-04 1.232215985743837080e-03 1.971138286284457612e-04 3.815070544724778571e-04 6.086392964136663015e-05 4.866985419775394345e-05 1.505213485519452214e-05 1.000000000000000021e-08 1.000000000000000021e-08 5.514423207129072506e-05 1.000000000000000021e-08 4.260498378362192258e-05 1.772716781800007138e-05 3.493959968191665824e-05 1.000000000000000021e-08 1.000000000000000021e-08 7.545328917153449342e-05 1.285377822652403158e-04 1.838166150956841609e-04 1.318766574520849769e-05 2.315312936539427180e-05 3.395945956120482632e-04 1.117721049070010330e-03 9.349542842360779185e-04 5.254375715868784321e-04 1.791087940161045279e-04 3.296533899902883368e-04 2.478874185571327670e-04 3.459997282517728967e-04 2.404846650803489313e-04 3.260992986001525211e-04 4.460955029522655326e-04
2.112686298493295090e-03 1.587819975218801409e-03 2.234574527714267272e-03 7.450560238986284273e-04 7.764862404306826929e-04 7.918121854721640223e-04 6.981852729985275766e-04 3.346447151714571468e-04 1.908957389357184215e-04 1.006686193979021557e-04 3.495898496147421158e-05 2.483021727842192329e-05 1.000000000000000021e-08 1.000000000000000021e-08 8.015944707351169119e-05 3.621999769646007503e-05 6.043554187273710373e-05 2.664514956723840588e-05 1.134272926653869846e-04 2.243387784922847957e-05 3.295679151549542020e-05 1.187664473521188302e-04 1.359786949276788592e-05 1.770773889215801478e-05 2.408583847946152559e-05 1.000000000000000021e-08 4.295147838052004122e-05 3.873771798832169522e-05 1.331797833329468814e-04 1.664027829232848346e-04 2.340447325679205883e-04 1.932378011388103951e-04 6.565921274163008222e-04 1.609394862204001223e-04 1.623616310490938388e-04 7.024966694274545407e-05 2.215320167398461960e-04
1.230148098530386676e-03 2.128641701083838246e-03 3.356111483476845094e-03 1.267633174189423300e-03 8.925577967958211491e-04 1.209415510339706618e-03 1.249492313449722825e-03 2.356140950387549532e-04 2.628680661088595751e-04 7.111764355959595803e-05 6.063864703271767184e-05 2.017099356488612482e-05 1.000000000000000021e-08 3.790492105277145469e-05 1.478850449760436662e-04 6.859895800578067132e-05 6.954842158077090893e-05 2.279931191161939632e-05 1.383562513261993147e-04 4.761628602947910656e-05 6.012579606872429119e-05 1.650522583340856546e-04 1.283161143444452783e-05 2.504782296032796225e-05 1.868717611483249782e-05 2.786664331528237944e-05 5.019286970078438125e-05 3.443147734829014368e-05 1.319246659667799924e-04 1.043121930482358308e-04 4.001617541991340870e-04 4.071721082483003760e-04 5.524699038381977387e-04 2.128175631476031133e-04 1.278951320304255951e-04 3.349940408542563097e-04 1.058141584381620993e-04
1.274233694802330953e-03 1.746265646708845213e-03 6.077292918227097419e-03 1.580010498902310488e-03 1.700515768438097541e-03 1.191932071774893685e-03 5.233922123230485939e-04 5.899023504798208426e-04 4.216993037005586139e-04 1.110490285200683058e-04 3.202030262697578775e-05 1.070415617875881091e-04 1.228089277308285375e-05 1.189002268982550031e-04 1.740457106047650041e-04 1.151652240400453855e-04 1.400828451938334099e-04 5.477287792996112089e-05 1.664705137064586345e-04 5.427977515198774303e-05 1.751648196921771632e-05 1.881475820871650621e-04 2.695189755439792470e-05 1.953714054804841198e-05 3.801710709597147373e-05 2.684405369646064441e-05 6.045062891838109736e-05 5.831355147395072907e-05 1.248759251892830814e-04 1.733841633938205875e-04 2.055414867070439464e-04 6.816697702620973590e-04 8.397993266698141517e-04 1.478946678512936129e-04 4.527770252412236809e-04 8.906826484661018416e-04 2.135273661737986705e-04
9.059210343269100130e-02 2.773058105794315442e-02 1.747866573449262037e-02 1.696402921656365789e-02 2.166118420437354933e-03 1.092132318175102149e-03 8.960035932864059312e-04 7.785295838741724530e-04 1.048756404988314449e-03 8.860837180863085619e-05 8.797718738474232718e-05 5.015004837362835121e-05 8.935304688350710991e-05 1.738301578547471579e-04 2.676921657012618864e-04 2.275550495388235360e-04 1.652251651363763796e-04 1.244780384706283178e-04 1.867364021957861791e-04 1.339651586481650284e-05 3.279896258047081641e-05 2.147799512467993320e-04 2.567778609435498958e-05 4.064432087550611005e-05 3.181775513334080994e-05 6.078259079709140601e-05 5.085152771904431036e-05 9.962623163328198392e-05 8.826723176665431710e-05 1.500300540027542254e-04 3.031830147767502451e-04 7.313184118481357888e-04 1.639593053487765168e-03 1.655233548395118950e-02 2.564518345125891760e-02 2.788084938407929883e-02 2.977054817053894145e-02
9.583524863863528143e-02 1.900408654653001073e-01 3.515808622074798051e-01 3.269646893780512875e-01 3.196736551897798040e-01 8.714588195323796525e-04 2.264800157935106806e-03 1.313451937330526332e-03 9.673989148621690501e-04 2.687553276270468819e-04 1.521614233162596995e-04 1.688045891732437671e-04 1.729715446764649631e-04 3.413678308791503937e-04 2.936348658251819238e-04 2.619727100707576906e-04 3.755256468414286527e-04 4.118568795697596864e-04 1.422177826039098018e-04 3.201997617786697415e-05 6.665145245132545208e-05 3.620203178390111933e-04 1.535964081118742488e-04 7.692106785389348812e-05 3.818145039400621521e-05 4.291042868802241153e-05 9.859023991486029308e-05 8.389955617655362830e-05 1.743770629469464030e-04 2.356696732777994617e-04 5.331942807896535366e-04 1.247149489868566580e-01 9.791195578925576681e-02 5.935332152863304761e-02 1.185295462545639562e-02 8.510228775426899664e-03 6.007639146013475998e-03
1.719525259484688817e-01 7.634570443491697778e-02 3.913211759809826634e-02 3.103804698105449011e-01 3.016135247733081060e-01 2.593232754720025679e-01 1.606062912261720099e-01 9.789597754888074155e-02 3.093332956973945252e-02 3.051959763241758952e-02 9.280616803700977076e-04 2.634786223883643034e-04 3.833380486396307835e-04 4.013301139675495171e-04 4.974024372025840105e-04 3.701628526515994425e-04 3.494616963698025545e-04 9.826376964237868209e-05 1.712239413415141750e-04 1.286313604712554202e-04 1.134516229507280115e-04 9.200557326933986009e-05 1.835443836915613279e-04 1.712315800436691436e-04 2.431089262948605618e-05 7.143984966245064516e-05 7.436615049795283067e-05 1.661922201691664377e-04 1.433347432944539340e-04 1.198367682595660871e-01 1.092441048888920796e-01 5.084734144438979309e-02 3.181375463469846146e-05 1.000000000000000021e-08 5.759557573945014698e-05 1.126570065168848531e-04 1.306501319358110221e-04
4.236635927670424732e-03 2.289174368203934079e-03 3.402209366232299484e-03 4.023927741221498301e-03 6.940228012463512536e-03 3.704215224639502164e-03 1.023318168596955846e-01 2.020486140500007688e-01 2.340246208953338791e-01 2.664933193662027966e-01 3.430061433118022363e-01 3.082728809897579136e-01 1.775625077811076669e-03 1.806600306716082873e-03 2.527848017434260273e-03 7.961022672735301601e-04 4.178188675157848246e-04 6.097637762741871118e-04 7.898030509807923418e-04 9.297346393368842010e-04 1.737810128059693281e-03 4.672596205941498878e-04 3.582381742888186013e-04 1.654641167902767363e-04 1.081257985125222843e-04 3.642613185207271018e-05 1.183153091074857230e-04 1.758149620458351603e-01 1.695161574181906772e-01 1.378639952600185514e-01 1.274255144754766755e-01 1.798498077419516861e-04 1.539298659541876117e-04 1.189082740110278507e-04 4.802808529735006990e-05 7.091692982586193263e-05 1.000000000000000021e-08
1.707145289060021335e-03 2.643613693375939516e-03 4.086322649821636475e-03 1.816965147287216958e-03 5.170620598507379845e-03 6.283281117407647776e-03 5.600173131518859995e-03 4.968206635343585219e-03 5.199177782338417278e-03 4.349193787604062160e-03 5.489817512622879175e-03 2.501372685765021475e-01 2.423495914079403235e-01 2.633233564937513260e-01 2.208928222209705639e-01 2.678027513966744211e-01 2.343708438321482068e-01 1.877213182270973946e-01 1.767511119987018597e-01 2.730810541644598244e-01 2.550451607854699598e-01 2.341708389245591992e-01 2.093652233788015904e-01 1.769518620604379200e-01 1.257186823119813557e-01 1.199399532693525561e-01 2.146854038302322687e-01 1.908506312630695312e-01 1.840215483954995845e-01 3.876493393545025622e-04 1.000000000000000021e-08 1.000000000000000021e-08 7.667365490608878055e-05 1.085003796201350584e-04 2.586857695871388422e-04 2.445172623396877102e-04 4.098679749577007923e-04
