output/water_depth_4800.asc
ncols 223
nrows 158
xllcorner 0.0
yllcorner 0.0
cellsize 30.0
[rows 68 to 84 of 158, columns 74 to 110 of 223]
1.417252091220064301e-04 1.703032533733915620e-04 7.406214118515640384e-04 6.626547776985982437e-05 5.052553806301965779e-05 6.127971097185465257e-05 3.130360249003201847e-04 2.522344436031909620e-04 1.348352506694447883e-04 5.329194040062728514e-05 2.939778496984498058e-05 3.963733540807944100e-04 9.078210855300869811e-04 1.225640231374257707e-03 2.658375052240943923e-03 3.422624316034133737e-03 6.089483025111976219e-04 4.261797036594922191e-04 1.314932532427453464e-04 3.123312763265686707e-04 5.520883737471519916e-04 3.572335489909510796e-03 4.031930896589435917e-03 5.629528858477471365e-03 3.911182561809013400e-03 3.705900291058016049e-03 3.922490418457370148e-03 5.416731101906555393e-03 3.612919930779027664e-03 7.995817092630353590e-03 7.250229620107290565e-03 1.163746202650768960e-02 5.080770278868895935e-03 5.526569350337623768e-03 8.255334094565110539e-04 5.642874565927039803e-04 1.739198887129622434e-04
1.850850210597975061e-03 1.582900250088930399e-03 3.820430970262897680e-04 1.200757768874765826e-04 1.979230143671263263e-04 1.556118937428200113e-04 6.581222903113752255e-04 4.309646203035175246e-04 3.028710290601971953e-04 2.055232009241437141e-04 1.622404899147407659e-04 3.351066019953016979e-04 5.971455838934371704e-04 1.142184553203817905e-04 4.218949108373274597e-04 5.428323533929427670e-04 7.982401936168295742e-04 3.939537257989651460e-04 4.602177724508399069e-04 3.836973245179236647e-04 1.189369981936221369e-03 1.049864666968172277e-03 1.128352349187479930e-03 9.669386865237630541e-04 1.068996133616933932e-03 1.704709019317027143e-03 4.831279520196885523e-03 3.262388119113575086e-03 3.375269671221552050e-03 1.875140640147152050e-03 5.863328347275422944e-03 4.202541530259546951e-03 8.651322025382397057e-03 5.135409107405704623e-03 4.697164648018924311e-03 1.656063189769446404e-03 1.529393402264821265e-03
1.867063340420332734e-03 1.377462887212765365e-03 3.643739039530317610e-04 5.793382312778364972e-04 4.540042060711541039e-04 5.628092062861434928e-04 5.628162452340405939e-04 7.614631762602934537e-04 7.602139794325707802e-04 8.864917000644138758e-04 6.458547694298701460e-04 7.623353214940020457e-04 6.165221188223527719e-04 4.732273930773603756e-04 6.655307475819094692e-04 8.308251850054914917e-04 5.198491746181136590e-04 1.360686013177325824e-03 5.944681958096738284e-04 3.655243616446071132e-03 4.742733121047200753e-03 6.107827253232949068e-03 5.653194075660896226e-03 7.377317893898073173e-03 4.851665287153614052e-03 6.259220149419393760e-03 3.300320197114539351e-03 6.311298952908904469e-03 2.048909039600563947e-03 1.733138018073697223e-03 2.081735722195617901e-03 2.486023024560312950e-03 4.036658247046071360e-03 8.449792869471428255e-03 7.215507916759466428e-03 1.061706100731628008e-02 9.697107731004014214e-03
2.622534786199420386e-03 3.927148755170197848e-04 2.455103125301203804e-04 2.462938726248564561e-04 4.093302075325702975e-04 5.661122073521995552e-04 9.292478808275854733e-04 8.103031629184160190e-04 8.633549561929116213e-04 7.472948568230069859e-04 5.520423871932399109e-04 5.043582568754162269e-04 7.093078952646406912e-04 3.178509446842943658e-03 2.007643601380656138e-03 1.047688746786069143e-03 2.006110416329455904e-03 2.048937778920626590e-03 8.732434625966865871e-03 6.129782216977153544e-03 4.070641530128460070e-03 2.975798262067707364e-03 1.615130270975806892e-03 9.192041728511031852e-04 3.274701578096787975e-03 2.149571384396602950e-03 3.315953517919653735e-03 2.150704191356958735e-03 1.318678160835026715e-03 2.151127576159741952e-03 1.722602069597764778e-03 2.560658077139235482e-03 2.769388869561808207e-03 4.754327718551485706e-03 8.014212325261988942e-03 5.708496071379482589e-03 4.789467636447095923e-03
1.523776976297625766e-03 2.890442035040269742e-03 9.973851931743232639e-04 1.201726579122685320e-03 1.151207118665770364e-03 1.301181679400974711e-03 9.089664658393642460e-04 1.064626895464910279e-03 3.762976948122276561e-04 3.721788668910323470e-04 2.896422220976073436e-04 5.525800397789484711e-04 5.537054308803739545e-04 7.971780636867480986e-04 8.237446085320707144e-04 1.274542880838612589e-03 1.468622868647293574e-03 1.995970503509235730e-03 2.977600448852517172e-03 1.686057131247731137e-03 9.736789292987119409e-04 5.523165514935084825e-04 3.508068949816084111e-04 3.884154676211991689e-04 1.362189416759028741e-03 1.294097996985064730e-03 1.888759680613031049e-03 1.233867391895478345e-03 2.064106937916346165e-03 1.682038748737686717e-03 1.419667013357088980e-03 1.552761808931141848e-03 2.499217285055026650e-03 2.859205939725661949e-03 4.223993583084901214e-03 6.590913624093125596e-03 3.311144136477341821e-03
1.550169493284041548e-03 2.253425658331629968e-03 4.415528030238350396e-04 3.367621496925447626e-04 2.144341794787124915e-04 1.565639682741977446e-04 1.974272186938344910e-04 2.687327011222561605e-04 8.702134905003613540e-04 8.992798033520705290e-04 1.446020160648581361e-03 1.082061690179598632e-03 1.438540885737405383e-03 1.038466492731682971e-03 1.326884109018883293e-03 9.356242526609055699e-04 1.548174040590786192e-03 1.333621083005496902e-03 1.630650344178427276e-03 1.713344112074950557e-03 2.011536186878870418e-03 1.412269338257897671e-03 1.549875748541172443e-03 1.080653489175448624e-03 8.553063870077729555e-04 3.995449885778005073e-04 8.689252685782655229e-04 2.217962536246322058e-03 1.325330870330506446e-03 2.261796635361065354e-03 2.387339383750426442e-03 3.045094380007355370e-03 2.438973340165087166e-03 3.295233145089827148e-03 6.853057256548516010e-03 7.185215981753096358e-03 5.166780178301775411e-03
1.000000000000000021e-08 1.481703310810123745e-03 1.754188052094419114e-03 1.351678228300673325e-03 8.989096287648763554e-04 7.323048169502251615e-04 6.439642636558534595e-04 7.626006282126139514e-05 3.043257398686373145e-04 7.565605664190860934e-04 1.074673053276567567e-03 1.458979847956772512e-03 1.095993382188194037e-03 1.662471227551035524e-03 1.288627603102450447e-03 3.113280950494303010e-03 1.594404587788020083e-03 3.383038039924457833e-04 3.710714145960332302e-04 3.368390510022208572e-04 2.602420253516350094e-03 1.107655998429555753e-03 1.038342760980571784e-03 1.426376342418090876e-03 7.131776869713467304e-04 1.502105430915710773e-03 5.229305471249662187e-04 1.223297785423667653e-03 6.416264822838971954e-03 1.576062078784053102e-03 2.428651401143518997e-03 1.157531679219640872e-03 2.262329697900589305e-03 1.173100927837589149e-03 6.066502367955246659e-03 1.001912692117497630e-02 3.870402926985066615e-03
1.000000000000000021e-08 1.982948761305793230e-05 2.923297132681438476e-05 2.577096216903384122e-05 1.190591507852642792e-04 2.077960945491223298e-04 3.808109999913539723e-04 4.237313196648312256e-04 5.492472140329067356e-04 4.362841047577549329e-04 5.900233175894782200e-04 6.493350560742366332e-04 1.103629959065389023e-03 9.561425261653808995e-04 2.753759543254954197e-03 2.655896450758380746e-03 2.480443941270090227e-03 4.335539959038544342e-04 1.429437142676793213e-04 2.295282642721751089e-04 1.655021197394953528e-04 3.556133343066031913e-04 4.679737139228639688e-04 9.942728863327181948e-04 5.205316023845924130e-03 5.564330016213300811e-03 6.942108339513341705e-03 4.563542233758800803e-03 3.565211574100308513e-03 4.325658979555951564e-03 1.713021093385037018e-03 3.084306225548429960e-03 1.268099193396505587e-03 1.934835306111135989e-03 3.082762568647612680e-03 7.255263552412062784e-03 5.780563033866165795e-03
4.684902006506795928e-05 1.000000000000000021e-08 1.000000000000000021e-08 1.888124952599352701e-05 1.000000000000000021e-08 1.000000000000000021e-08 4.445111649902331729e-05 1.461871940292194642e-04 7.657894531633170751e-05 2.085583243294062588e-04 1.830102082470543099e-04 1.067667874892276473e-03 1.154400861860896432e-04 9.957341564735522864e-05 1.787209017660559320e-03 2.584176542338512735e-03 2.355123457962642834e-03 8.999880619465904386e-04 6.636083219779553583e-04 2.105804259976306507e-04 3.464755309417043446e-04 2.842986521435152364e-04 3.921045673316454197e-04 1.095140714352071075e-03 1.056142073434380416e-04 3.473584309432881925e-04 2.512479231111590340e-04 1.206668145527050847e-03 8.130787599282388901e-04 1.525977965217150756e-03 1.388525645188372175e-03 2.089269113640162753e-03 7.202315123886806128e-03 4.909031714608410972e-03 9.225334474384460498e-03 1.730147063296254284e-02 4.089572041511001232e-02
1.676337064500094251e-04 1.540422317251002491e-04 1.258801839024228117e-04 1.000000000000000021e-08 1.000000000000000021e-08 1.353637840959918818e-05 1.000000000000000021e-08 1.000000000000000021e-08 6.900399240544650644e-05 3.122297404708183639e-05 7.413115048706174850e-05 8.205951551526466706e-05 7.481232602855597677e-04 7.338770053129227032e-05 1.245941983773050194e-03 1.768868641395921447e-03 2.369597468057032998e-03 4.770538732949220688e-04 3.517220834288204432e-04 8.459242891962487224e-04 6.364392019677933294e-04 7.642023649057725493e-04 1.598852016721927227e-03 1.085704971611917494e-03 7.016604192804173521e-04 3.738411713277907953e-04 3.579195033594388740e-05 3.843486414314685549e-04 9.181237492006400760e-04 7.603985793139530569e-04 8.569005478882543627e-04 2.327345524561396251e-03 2.057770501447878445e-03 1.460073700810802068e-03 1.076975843818461917e-03 9.466348784963719105e-04 8.542527778045674175e-03
2.113041972537407816e-05 8.626927797957404851e-05 1.174033655636342722e-05 1.000000000000000021e-08 1.147833280624772781e-04 2.194748437484401814e-05 1.000000000000000021e-08 2.302503477455243312e-05 7.258887989415127736e-05 7.693015796461608892e-05 7.730220031004071647e-05 2.503083905833665152e-04 3.220823572848550325e-04 1.212248162178897670e-03 1.179102160476502327e-03 1.560898401004615814e-03 4.885353406093374037e-04 6.917050534832079123e-04 7.503685855455440815e-04 2.707959007416192569e-04 5.192586116565968803e-04 4.779128463406937498e-04 8.809692392066789885e-04 1.947074199817766527e-03 1.477868730289333150e-03 1.052890668028978391e-03 1.041486230203735519e-04 3.930998646156691522e-04 4.053709890079083963e-04 1.653151676696123888e-03 1.696022076433044510e-03 3.933210290770343918e-03 3.078253155762525686e-03 5.971037860295837392e-04 4.031768702619803078e-04 4.527447758842506067e-04 8.603570605578156685e-03
1.000000000000000021e-08 1.065053005452533820e-05 1.000000000000000021e-08 1.000000000000000021e-08 1.000000000000000021e-08 1.079380031748000519e-05 1.532929758408227956e-05 2.125222232531610167e-05 1.000000000000000021e-08 7.610785835436624405e-05 5.384124316780940353e-05 5.007063108042415149e-05 1.080545560591240992e-04 1.317760637602293080e-04 2.203805509626767956e-04 4.797919564617896264e-04 1.938445344251822373e-03 6.410018590551129448e-04 9.857670654166480334e-04 1.488563364544556906e-03 4.841325002563743219e-04 4.346032532174892802e-04 4.474727338654611582e-04 2.046844362003375113e-03 4.995239156892232121e-04 5.470226907884882415e-04 4.116502329770538315e-04 5.903274184541428384e-04 1.257767461049824967e-03 1.284501752251095792e-03 2.027965950961769896e-03 2.965790062631566432e-03 2.471515403440144656e-03 9.508102218287840324e-04 8.247164278668761214e-04 6.211918063280174804e-04 1.247197349429749478e-03
1.000000000000000021e-08 1.000000000000000021e-08 1.000000000000000021e-08 1.000000000000000021e-08 1.000000000000000021e-08 1.000000000000000021e-08 4.229938083752342581e-05 6.854914229193598925e-05 2.774853767355145331e-05 4.265834452396985628e-05 5.740616839687172259e-05 4.066766516973751628e-05 1.540772618837075184e-05 1.096651048402828865e-04 1.039389079129576988e-04 1.251481310905982851e-04 5.480689464562564376e-04 6.623308879693175786e-04 7.590088713275316458e-04 1.082014993835729057e-03 9.599466695397785871e-04 4.380543522715761172e-04 4.023582266809568953e-04 7.503995330590996918e-04 1.182292337863816286e-03 8.776099878070067707e-04 1.315867971800300466e-03 9.773697650303195435e-04 3.711354178108255183e-03 2.420811393516487334e-03 1.664306703622412016e-03 1.988924305786537571e-03 2.024566105371318221e-03 3.394858839032333792e-03 5.410004673019259188e-04 4.788739868973493179e-04 5.246939957312588519e-04
1.000000000000000021e-08 1.000000000000000021e-08 1.000000000000000021e-08 1.000000000000000021e-08 1.000000000000000021e-08 1.000000000000000021e-08 4.834027557859323776e-05 1.000000000000000021e-08 4.831309040706469087e-05 6.573989931409562025e-05 1.212023356412406810e-04 1.812672883692148843e-05 6.527865716313544008e-05 1.643272936115860539e-04 3.994169160139145539e-04 1.658797476363774105e-04 1.810652706401968330e-04 2.023466825646425330e-04 2.410600665697998292e-04 3.079898517533451500e-04 9.783879937447137378e-04 9.723032035298838013e-04 9.427584667559725518e-04 2.368498786558512030e-03 4.971029103311231170e-04 5.442308680850507134e-04 7.993801494977668476e-04 1.899380777712513738e-03 1.403243894522711093e-03 2.027447090692058394e-03 1.904902643966154691e-03 4.796821897158239350e-04 9.875255871137453723e-04 8.186749093246513051e-03 1.046452796802422279e-02 4.291509392883457313e-03 5.173913842439812824e-03
1.000000000000000021e-08 1.000000000000000021e-08 1.000000000000000021e-08 1.000000000000000021e-08 1.000000000000000021e-08 1.000000000000000021e-08 1.000000000000000021e-08 1.000000000000000021e-08 5.679182857287849311e-05 9.893647013313849035e-05 1.574645091283242255e-04 4.846687685616031960e-05 4.789270656483001544e-05 6.453466617026756553e-05 6.825121485909291393e-05 3.588740954528956079e-04 1.700975573376291132e-04 1.544776664483441344e-04 5.410162874374746452e-05 6.279713086354255208e-05 2.522057153290947068e-04 1.099162591008861524e-03 1.612898811533461287e-03 1.969275142046957028e-03 2.896340874058261385e-03 1.993024368590597204e-03 2.357362126189725335e-03 3.956825205486960532e-03 3.013210998299757637e-03 2.615680458164489422e-03 7.282681188806648751e-04 5.724200948136342910e-04 7.943538635187043792e-04 1.961095410722030544e-03 1.244876645754729703e-04 1.606132786608378609e-03 1.474103178844264096e-03
1.000000000000000021e-08 1.000000000000000021e-08 1.000000000000000021e-08 1.000000000000000021e-08 1.000000000000000021e-08 1.000000000000000021e-08 1.000000000000000021e-08 1.000000000000000021e-08 8.180142157376275424e-05 1.022188024516261192e-04 1.341810849874408400e-04 1.232035491463307094e-04 1.220083842313852762e-04 1.164519821168710512e-04 1.231206585276510025e-04 3.521652141973710898e-05 1.674239197419365686e-04 1.014477331727473735e-04 1.330899211446803071e-04 6.192285368554775683e-05 6.462138492451392465e-05 1.000000000000000021e-08 1.751405601266866713e-05 1.813304098103100159e-05 8.232017516876734720e-05 1.556672471028331837e-03 2.734126172905330162e-03 3.282811106831994702e-03 3.244026757924026172e-03 4.668951145977270380e-03 3.895339598284244895e-03 2.665551691544659155e-03 2.016133027945283922e-03 1.323039814571286320e-03 1.217950398974347896e-03 1.318995014105062711e-03 1.114624571866518372e-03
1.000000000000000021e-08 1.000000000000000021e-08 1.000000000000000021e-08 1.000000000000000021e-08 1.000000000000000021e-08 1.000000000000000021e-08 1.000000000000000021e-08 1.000000000000000021e-08 1.000000000000000021e-08 1.000000000000000021e-08 1.000000000000000021e-08 1.000000000000000021e-08 1.000000000000000021e-08 4.170644024047779057e-05 4.139980820645958984e-05 1.000000000000000021e-08 5.281808947147439992e-05 1.324430270981037823e-04 8.373761366967712801e-05 1.251152140088252255e-04 5.998137906990897382e-05 5.881252684090460718e-05 5.207212057620674633e-05 6.982356078205731822e-05 2.291525725785461989e-05 9.584989640397074484e-04 7.945248530295574837e-04 2.360286128615996393e-03 3.794422618337847056e-03 2.468192499991131959e-03 4.078474996447596645e-03 3.436736119954381195e-03 9.266521371661499973e-04 4.408740490111023131e-04 9.328153612254346883e-04 1.368495952582954528e-03 1.151391957338303773e-03
