output/water_depth_840.asc
ncols 223
nrows 158
xllcorner 0.0
yllcorner 0.0
cellsize 30.0
[rows 34 to 50 of 158, columns 148 to 184 of 223]
9.897057780593543699e-03 9.835226169692332099e-03 9.632212445497799480e-03 9.117635884771090396e-03 8.095949386764483141e-03 6.437083636077234848e-03 4.231470128840626732e-03 2.707146907680869387e-03 1.365063431652143626e-03 4.871593516399735056e-03 1.899349826737293037e-03 1.370705926702938835e-03 7.283347504847001788e-04 1.610877207111621886e-04 2.115353465522078831e-04 4.394897815400340170e-04 4.875815420591802628e-04 9.059237215739142195e-04 4.916711370953433810e-04 1.034172280366799958e-03 3.830793212150916931e-03 8.703110595952721212e-03 9.262424420770484432e-03 7.137104362472717657e-03 5.449117583205170638e-03 7.289746793488601807e-03 8.707444411296394460e-03 9.437891940964194051e-03 9.381843142538386082e-02 4.240262408501610514e-02 4.506898000071849278e-03 4.425771993582890661e-03 4.452388802350474087e-03 4.617691716552581316e-03 2.813410661632625553e-03 1.000000100000000021e-05 1.000000100000000021e-05
9.907762446058341818e-03 9.881331751179030579e-03 9.782412368607341577e-03 9.497229155871110551e-03 8.863920863708272396e-03 7.785476676448098432e-03 6.397570770453542971e-03 4.943189743956698072e-03 5.028751083758472087e-03 5.298692391137164136e-03 2.068811062249385161e-03 1.695530424311385287e-03 8.975311142486976567e-04 4.099320590732260247e-04 2.850169082707887901e-04 7.146411540579085918e-04 1.042356696198313767e-03 6.813852318203745921e-04 1.065049748585191434e-03 1.239571842815933873e-03 7.660744491671468877e-04 4.768333389458737429e-03 7.114340954225128848e-03 7.443405463239773957e-03 6.905560652224747992e-03 7.563118006449743268e-03 8.503937722874553226e-03 7.595380933475170959e-02 5.361647911846466330e-02 2.288979900100436907e-03 2.290759579800279253e-03 1.646175274356014842e-03 1.546775505252130948e-03 1.176781361397233328e-03 1.000000100000000021e-05 1.000000100000000021e-05 1.000000100000000021e-05
9.911227103733410634e-03 9.898801717402901448e-03 9.850088925744356072e-03 9.701709514214177515e-03 9.355962310413390090e-03 8.756209565247932702e-03 8.023139511336494292e-03 7.459654628504295941e-03 7.217684660402965205e-03 6.444632654196110963e-03 3.494004346721200135e-03 2.780091580475879762e-03 1.363442891604120261e-03 1.147643941183665566e-03 8.773045900888564418e-04 9.106084912518481534e-04 7.526967824837902917e-04 5.674291369240497263e-04 1.499497828801432458e-03 1.299686920033882396e-03 1.874197070813606687e-03 3.622534394466081931e-03 6.120945357164177605e-03 7.381959430798393923e-03 7.816237258506159372e-03 8.316419065871319058e-03 8.905123304733503220e-03 4.222278204309816430e-02 7.994754574228086271e-04 8.004408648453860886e-04 1.444496017387550358e-03 1.455342760810347975e-03 1.743938270363806211e-03 1.123396589985922907e-02 1.000000100000000021e-05 1.000000100000000021e-05 1.000000100000000021e-05
9.912937217025984127e-03 9.907431784662121266e-03 9.885148205542948832e-03 9.815745148883734186e-03 9.652741918292599352e-03 9.376041895787726871e-03 9.064695961145419548e-03 8.863695334033338744e-03 8.689846373666595264e-03 7.910530899820090653e-03 5.672134178911700242e-03 4.368800051143766246e-03 3.174225102818162107e-03 1.676310792596497415e-03 1.725992027630924002e-03 1.180969048861957261e-03 1.014789113615052795e-03 1.039329029090210570e-03 1.189261431420974950e-03 2.825329970567135897e-03 6.554413015115631222e-03 1.586675585393891585e-02 2.599616200512273531e-02 1.745384795456951521e-02 1.298516987979704031e-02 1.089668499087886530e-02 2.182844312255182231e-02 2.979611815191890098e-02 1.268812431101020571e-03 9.732961041362645123e-04 5.628517238692160420e-04 5.489056548788604807e-04 4.145806604567194302e-04 1.000000100000000021e-05 1.000000100000000021e-05 1.000000100000000021e-05 1.000000100000000021e-05
9.668269548498038823e-03 1.012967287990201512e-02 9.903303877702936825e-03 9.875557457811306311e-03 9.809555856539675309e-03 9.701034499524698387e-03 9.593268153806573662e-03 9.543196027592362740e-03 9.450747862668806842e-03 8.954350500774605620e-03 7.817251641412016269e-03 6.508605493521402337e-03 4.918555902653254028e-03 3.211640226060349240e-03 1.954750892501994942e-03 1.694082164996982406e-03 7.513940046984450387e-04 5.540960373872373321e-03 2.322688046771597282e-03 7.413505913569632842e-04 1.876803414672581233e-03 1.264126562554318848e-03 9.439090779116575316e-04 9.092146675282760868e-03 1.092995110551194665e-02 1.072128674857915701e-02 4.145420034336306375e-02 1.407799905881589042e-02 1.927699967503801633e-03 1.058560145770530035e-03 9.889266351181724615e-04 7.442202050727826212e-04 2.399466541998053265e-04 6.448069425227144361e-04 8.080733899179649675e-04 1.172427985493631857e-02 1.000000100000000021e-05
1.429305075619916217e-02 3.100985577860549541e-02 9.911023058415166509e-03 9.901957591394902961e-03 9.879289440080835788e-03 9.842201893328393972e-03 9.810319959191047406e-03 9.805966792858753639e-03 9.772138542560730376e-03 9.529811072055536028e-03 8.947446429450367153e-03 8.092127642961291153e-03 6.810037717772072369e-03 4.952285007387468956e-03 4.374118481231367012e-03 3.059438778394261635e-03 3.821690704595827846e-03 5.178449708259954924e-03 1.778644988487580432e-03 1.175553656567064576e-03 1.342121813755529480e-03 1.227916918832280347e-03 1.512456400164645907e-03 5.176519574842064660e-03 8.127520728370227904e-03 9.347155324333953144e-03 5.346140665690977262e-02 9.759978968107619127e-03 4.131258506021287871e-03 4.539161446382424837e-03 4.782023331792751089e-03 1.001767554705500262e-03 7.337624019139481939e-04 1.926332334007810126e-03 2.007762719007059361e-03 2.711513885825368817e-03 5.574270431609246916e-04
4.899655520707434098e-02 5.184067511024566255e-02 3.358790979804697485e-02 9.911154991535598563e-03 9.904710167196325091e-03 9.893617239170935176e-03 9.884881031106063781e-03 9.887399559814666686e-03 9.879039474056782594e-03 9.783094921097957447e-03 9.516389505309717778e-03 9.019779219064306963e-03 8.172188371721435252e-03 6.964785417525063381e-03 5.876943980214066089e-03 5.149246280810556783e-03 4.412689528451935878e-03 3.816694187709747301e-03 4.217336037132947239e-03 8.776023773562607183e-04 1.136439446375593978e-03 1.698448423842419900e-03 1.718684726459066350e-03 4.459700397759234873e-03 6.934416241468653770e-03 8.536031183151439675e-03 6.050615888946916932e-02 8.838058904424118262e-03 5.574908761567288346e-03 3.557201384790254200e-03 8.964318716113678755e-04 9.347363058375043323e-04 5.087763864553766606e-04 3.516882665620926687e-03 3.176295323293761973e-03 2.213475492510789868e-03 1.757073009556698586e-03
4.879070327330160481e-03 4.891885417413899956e-02 6.466107113107845417e-02 4.114687555161163773e-02 9.912131963695655634e-03 9.909294292068380680e-03 9.906946760050713147e-03 9.908237845714696485e-03 9.906802610870299799e-03 9.874263634522803534e-03 9.764049322696820993e-03 9.506371322671413465e-03 8.991514595103155053e-03 8.182032288808413489e-03 7.203431575802396805e-03 6.199765258846608521e-03 5.079505118569783116e-03 4.849007630860651709e-03 3.685614835196690704e-03 1.757939088297180794e-03 9.500935183862401281e-04 1.710897632470224482e-03 2.532638567655265058e-03 4.731883693496941393e-03 6.974825787332094955e-03 4.096300525692052330e-02 3.143532266184004970e-02 8.447576584770584429e-03 6.015611461210510456e-03 3.208845376287941444e-03 1.146904874939205961e-03 1.140552886881407478e-03 7.701971627856698437e-04 2.790619016152926044e-03 7.205789893053107797e-03 4.049532462268452468e-03 3.606956271116212084e-03
2.021335254903923462e-03 2.048254792372158992e-03 3.032421739715866066e-02 5.797965834014283393e-02 3.567169056929595655e-02 1.005023362800403289e-02 9.912636539396347743e-03 9.912926313457803840e-03 9.912696669410733796e-03 9.902884865217427904e-03 9.861746139525652544e-03 9.742986801469240288e-03 9.466699154821553441e-03 8.969996877370727331e-03 8.254284805010256992e-03 7.327961847143827333e-03 6.001735514913465394e-03 4.431887363653391927e-03 3.930998379709504074e-03 1.660400306964116696e-03 1.147438962659128384e-03 1.488535596568323202e-03 2.309130195360881068e-03 5.040219087535238902e-03 7.192725938997254591e-03 2.274835118526746455e-02 5.138151373692702306e-02 8.779368948771912665e-03 7.579922461788348234e-03 5.246074661084676460e-03 4.028468088545480302e-03 4.783527987301706627e-03 8.064784169145305590e-03 1.483338456197543301e-02 9.225054018807282014e-03 5.516344219537634014e-03 5.050671237277941719e-03
1.023483298939801677e-03 6.452062188065012943e-04 9.004120529511268388e-04 2.392537528784628026e-02 3.881651712564909706e-02 2.519045444089753824e-02 1.017210562691140026e-02 9.913921557184523364e-03 9.913861520347859793e-03 9.911937210093610048e-03 9.903035993314485488e-03 9.860611158349942562e-03 9.692125874229101656e-03 9.255167715831656011e-03 9.180663507225395731e-03 8.206824392103529917e-03 6.866141663416357524e-03 4.947707220520239195e-03 3.208445466236979019e-03 1.727110621634398921e-03 6.857438819918432182e-04 1.736122568208944188e-03 2.531807996355617436e-03 5.047418152511028676e-03 7.285490080524627265e-03 4.782813895593202025e-02 2.707010551742635579e-02 8.610867028079869506e-03 7.127264117516724992e-03 6.287506764986956591e-03 5.425075659259701207e-03 5.862437578632431756e-03 5.098250184447306738e-03 3.067222803421462479e-04 2.346707133828861147e-03 5.735972549752245235e-03 9.957840483069370016e-03
2.223956937888428402e-03 2.150981277750168945e-03 1.645074723085248637e-03 1.485580359543556836e-03 2.566606781980029783e-02 2.307586978903012828e-02 3.446588014597504190e-02 6.580313032119337532e-03 4.312248939087283926e-03 2.084536181245152942e-02 8.549265405898518258e-03 7.508190409234506181e-03 6.173450822157218638e-03 1.116677234679483779e-02 4.509782955333029204e-03 2.034337613043573495e-02 7.423394917108026500e-03 5.006017683241859549e-03 3.122688129822922144e-03 1.746882646267142181e-03 7.600095177076181697e-04 1.597186768224784139e-03 2.422254229779163999e-03 5.017674780250247837e-03 7.992797226606073585e-03 5.898407925015627939e-02 1.849944130379620535e-02 1.340453169371679312e-02 1.813727270858501994e-02 2.821078354105388195e-02 2.715128213309990837e-02 1.617112004120164342e-02 6.038270560030993897e-03 7.285737198279906629e-04 3.910927842463292835e-04 2.862813667055667723e-03 8.241925185301276699e-03
1.087320116802917812e-02 6.162832454407690327e-03 4.213632490844059116e-03 3.343760561266589937e-03 5.313347234139407897e-03 3.157249487492481965e-02 9.834978338021801991e-02 5.029318416582270052e-03 2.246179076991829636e-03 1.068289322763276913e-02 1.030542249469181687e-02 1.544430568933876161e-02 1.125742746637677962e-02 4.901474721766330145e-03 4.666660432370646656e-03 1.165897613817529210e-02 2.718885590296142921e-02 5.036017246431920280e-03 2.580939903668101696e-03 1.502951590978392942e-03 1.093614736103533077e-03 2.098319537299648315e-03 2.780478750193302734e-03 5.048372454425865616e-03 4.835359551222385283e-02 4.561057291264981189e-02 4.459987126261814178e-02 3.591356971881692201e-02 2.641540430852899052e-02 8.905072341437201416e-03 7.520489872337479372e-04 5.782504621242940063e-04 6.481655729779689165e-04 7.399844825974140252e-04 5.505513920905077746e-04 3.206681982683519914e-03 5.576583369472291711e-03
1.748008703990064361e-02 2.394973413227179104e-02 1.377557825859800598e-02 8.679861257585267872e-03 7.134863629870851626e-03 4.557077993698753493e-02 8.720155170329320360e-02 5.984509736740555030e-02 2.539851637408249360e-02 3.285200913294853559e-02 4.537604822647241937e-02 7.787900773143940913e-02 3.256657206033415630e-02 2.471444981031676799e-02 5.389509154132735881e-03 1.961423469573404799e-02 2.769650076171356265e-02 4.689720276208685784e-03 3.364613857583026533e-03 1.529142443446825312e-03 1.365227322410596158e-03 2.158254290322623656e-03 3.353933159719385635e-03 3.285432204225501723e-02 2.985475421818004418e-02 1.968662702554776697e-02 5.170010184323102628e-04 4.506223197205085551e-04 6.740391587586136522e-04 9.189076835299527478e-04 1.118498113423639292e-03 1.063237178692695269e-03 9.523034391903860375e-04 6.408183870559491704e-04 9.976045083750523668e-04 2.246982255310094045e-03 4.733254798785794561e-03
4.878689470258983953e-03 2.375071898214558153e-03 3.270197820282513129e-02 4.808767823689038406e-02 9.366467480058619788e-02 6.831156600245899546e-02 1.760928747685250881e-03 1.894326522448796461e-03 3.595882070108770250e-03 4.813867844894396952e-03 7.001558184519657974e-03 8.764912337968356129e-03 4.374089068822607784e-02 6.132840000876379344e-02 8.664674278219593184e-02 6.527305296247182254e-02 1.003859803142111429e-01 6.709462466578704209e-02 5.627885489933990432e-02 7.127310708064424349e-02 2.178866469415736973e-03 1.157398877809856508e-03 2.528454753552123249e-02 2.276433283430699672e-02 1.685766433905294334e-02 9.018360071900407074e-03 1.425578550588468742e-03 1.463685324207588670e-03 1.638143135317266614e-03 1.465903173045633549e-03 1.549739536955601574e-03 1.316540616442286047e-03 1.108071141655317437e-03 6.374669836506124043e-04 2.696110976073610652e-03 5.030146410414662421e-03 1.135412921974790317e-02
3.857160266137312377e-03 2.561910907241608457e-02 2.009187650085871718e-02 1.450750590941746361e-02 2.722765831830080419e-02 3.311567207193988338e-02 2.392147814183191636e-03 1.403286193124447757e-03 2.213310126080559638e-03 3.601479619006033375e-03 6.446515676103172464e-03 9.256839325220003051e-03 1.107263304469009203e-02 1.022473669207423462e-02 8.828944070076914785e-03 1.588826936784564978e-02 1.232824700026278857e-02 9.020356440836199349e-03 7.329253229840579711e-03 4.066659119723975424e-02 8.077194010630264764e-02 7.261347372568689729e-02 6.962974374185036675e-02 4.882005765993403801e-02 1.070025423162727224e-02 6.227231261785648453e-03 2.954759938970451250e-03 3.153367308249156904e-03 3.481653775853738378e-03 3.394376379246696711e-03 2.615184905884792525e-03 1.768692485447576762e-03 1.740239272185185610e-03 2.059719826763796967e-03 3.777593688105014037e-03 1.290719308967497661e-02 7.858002336211930908e-03
4.197176875088683146e-02 2.444152571623229436e-02 1.752862570454775254e-02 1.071087221083283011e-02 1.386169009968719543e-02 4.160437677931996814e-02 3.123263129279319709e-03 1.497689470369859563e-03 2.535602768392961753e-03 3.817785368032394246e-03 8.477032766057825477e-03 1.063023831132662439e-02 1.247829970023625265e-02 9.133865258885209837e-03 7.159846634507201213e-03 2.399397351523223712e-02 9.674255880754420445e-03 6.280826642554107782e-03 4.448875199781042108e-03 4.384988868723263718e-03 5.082878046266623220e-03 7.084002886661919067e-03 8.706246835361614034e-03 7.960945124969073805e-02 4.957486073893303119e-02 6.815815932016936959e-03 5.626846106300520921e-03 5.871999576751049839e-03 6.080108933050298349e-03 5.935927183858011845e-03 5.191854290099880836e-03 4.237528138386125430e-03 3.517771835959308986e-03 4.144318507527286824e-03 4.649413710746165725e-03 5.585087235014775733e-03 1.105922432313554034e-02
2.555459937805929643e-02 1.278066984585487717e-02 1.340788618440622026e-02 4.503617040914171046e-03 1.914562634020830836e-02 3.263875265417965493e-02 4.461951944268827651e-03 2.128084617449995785e-03 2.958268205163713284e-03 4.089269601199850730e-03 1.238956304424333223e-02 1.105458578810107617e-02 1.420266433679139885e-02 5.180389539861602125e-03 5.035607748941373432e-03 2.292358519838152628e-02 1.410931289143122630e-02 2.813307287147637399e-03 2.157384145881941547e-03 2.721536654753759117e-03 4.201108741423441144e-03 6.632137089476177957e-03 8.272235131820283166e-03 9.256575031364476513e-03 8.062843672800068529e-02 4.974937780437248269e-02 7.767004834871414284e-03 7.905675986497528659e-03 8.018384122882280668e-03 7.870343964699289332e-03 7.224084464981869388e-03 6.223341502512569172e-03 5.434130292299896650e-03 5.148314319452343239e-03 4.650640751274822890e-03 4.920227945527044788e-03 4.363552013895441797e-03
