output/water_depth_8640.asc
ncols 223
nrows 158
xllcorner 0.0
yllcorner 0.0
cellsize 30.0
[rows 68 to 84 of 158, columns 37 to 73 of 223]
1.000000000000000021e-08 1.000000000000000021e-08 1.000000000000000021e-08 1.236582275519446342e-05 1.000000000000000021e-08 1.000000000000000021e-08 1.064852250199074223e-05 1.323313929456376650e-05 1.000000000000000021e-08 1.000000000000000021e-08 1.000000000000000021e-08 1.000000000000000021e-08 1.000000000000000021e-08 1.000000000000000021e-08 2.001087341570656687e-05 1.000000000000000021e-08 1.000000000000000021e-08 1.747500262441651381e-05 1.698473137295204393e-05 1.000000000000000021e-08 1.000000000000000021e-08 1.000000000000000021e-08 2.633090482769242699e-05 1.348962262683192029e-03 2.712474271751351223e-04 1.000000000000000021e-08 1.000000000000000021e-08 1.000000000000000021e-08 1.000000000000000021e-08 1.000000000000000021e-08 1.000000000000000021e-08 1.000000000000000021e-08 1.000000000000000021e-08 1.000000000000000021e-08 1.000000000000000021e-08 1.000000000000000021e-08 1.000000000000000021e-08
1.000000000000000021e-08 1.000000000000000021e-08 1.000000000000000021e-08 1.000000000000000021e-08 1.000000000000000021e-08 1.000000000000000021e-08 1.000000000000000021e-08 1.000000000000000021e-08 1.269263922660682205e-05 2.287486626175791454e-05 3.014779290993390974e-05 1.000000000000000021e-08 1.000000000000000021e-08 1.860413798367002564e-05 2.210981236945132195e-05 1.000000000000000021e-08 1.000000000000000021e-08 1.304340453346314296e-05 1.000000000000000021e-08 1.000000000000000021e-08 1.075259275159522682e-05 1.000000000000000021e-08 2.236551123227637126e-05 3.545813057266896772e-05 1.504161669228327113e-04 1.023278448902082468e-03 1.000000000000000021e-08 1.000000000000000021e-08 1.000000000000000021e-08 1.000000000000000021e-08 1.000000000000000021e-08 1.000000000000000021e-08 6.014409341469601449e-05 4.127712447846342220e-04 6.496617488325368310e-04 7.014217533004122066e-04 5.513306080347521541e-04
1.000000000000000021e-08 1.000000000000000021e-08 1.000000000000000021e-08 1.000000000000000021e-08 1.000000000000000021e-08 1.000000000000000021e-08 1.000000000000000021e-08 1.182441265136809688e-05 2.721079552485774185e-05 2.929833998385691381e-05 2.670037845824395966e-05 4.232733469964738158e-05 2.526713674197199409e-05 2.145354077978027605e-05 1.832928097234398686e-05 1.925832919329643298e-05 3.924899742827042394e-05 1.000000000000000021e-08 1.000000000000000021e-08 1.000000000000000021e-08 1.000000000000000021e-08 3.742707930581909285e-05 2.039268283121047296e-05 2.903053803954604037e-05 1.000000000000000021e-08 1.000000000000000021e-08 1.000000000000000021e-08 1.000000000000000021e-08 1.000000000000000021e-08 2.593879188933560066e-05 2.558813881360654075e-05 3.045963345760105824e-04 5.066408354338618886e-04 5.249352356425055367e-04 5.030075229932431989e-04 5.544730976653462848e-04 7.825548579213367035e-04
1.000000100000000021e-05 2.413593444439223769e-05 1.000000000000000021e-08 1.000000000000000021e-08 1.000000000000000021e-08 1.000000000000000021e-08 1.000000000000000021e-08 1.000000000000000021e-08 1.123898132595626230e-05 1.000000000000000021e-08 1.372036929115459246e-05 2.350956686618306421e-05 5.637868768842692969e-05 4.361298906589040219e-05 4.015095737822099850e-05 5.128528492453017826e-05 1.492394131904053241e-04 2.984603094569491730e-04 1.611705728253990701e-04 1.092676254530164007e-04 6.820836674822123734e-05 1.162238889447587341e-04 1.640538045115253743e-03 1.318291060245727216e-04 7.518807786036116965e-05 1.000000000000000021e-08 1.000000000000000021e-08 1.029195152788170870e-05 1.299749335233956120e-05 7.534957481359037541e-05 1.606955126538049650e-04 4.020351138672541356e-04 4.366046076053165881e-04 3.921544592820131641e-04 3.912311554305490961e-04 4.904942095027455115e-04 5.417211266696999022e-04
2.563622797392037415e-05 5.937108355078657391e-05 3.777846604462142924e-05 2.094137205424947788e-05 1.000000000000000021e-08 1.000000000000000021e-08 1.000000000000000021e-08 1.061371862591499022e-05 9.096708697569492791e-05 7.747326171930826201e-05 1.000000000000000021e-08 1.000000000000000021e-08 1.051035585046875524e-04 2.021634865561241622e-04 2.277715162701020660e-04 2.382279500932350780e-04 1.984999693279392431e-04 1.652098373246736643e-04 2.027696624675368237e-04 1.899410654885763975e-04 1.543135082116349368e-04 7.842481613363771499e-05 2.033961498427039750e-04 2.144458444512892606e-04 1.992240286784860610e-04 1.000000000000000021e-08 5.668702586341249931e-04 5.080085330076335864e-04 6.954905121342576336e-04 6.804130152940071011e-04 1.029146016957391968e-03 5.353446841181759433e-04 4.328286166475599022e-04 3.547560115494472876e-04 2.688622476939314752e-04 2.106154551921624615e-04 2.482082924483987015e-04
3.344511469573191166e-05 2.284570585017790012e-05 4.923758916360755210e-05 1.000000000000000021e-08 1.000000000000000021e-08 1.000000000000000021e-08 1.000000000000000021e-08 2.955122726618019831e-05 1.168320905351487500e-04 2.055872334073719030e-04 1.396254308548384527e-04 1.668667630159105975e-04 1.477679933307039155e-04 1.547209090343085029e-04 9.375800494143123553e-05 8.254393931143596370e-05 6.115968037674439362e-05 4.598107757564641294e-05 3.985029632684333213e-05 1.621364890869970109e-04 2.093878935795525894e-04 1.836280218395286369e-04 1.533726612196723937e-04 4.575664358243284658e-04 5.562714744519938609e-04 7.411545448199578648e-04 5.089264762462448457e-04 2.927513817037928168e-04 2.146130164696974591e-04 1.833334515019475520e-04 1.230922802524695803e-04 1.000569143784444266e-04 7.297396322749794711e-05 6.010870048845465025e-05 6.382508329060095802e-05 5.126570147624928448e-05 4.566829593444939435e-05
1.042157362111144011e-04 1.330748745664487003e-04 1.422260599781354851e-04 1.624817018612277652e-04 1.866906263893156775e-04 2.698765687886939355e-04 2.989942291887275299e-04 2.806270947227772921e-04 2.115142822554048343e-04 1.000000000000000021e-08 1.000000000000000021e-08 1.000000000000000021e-08 1.000000000000000021e-08 1.000000000000000021e-08 1.000000000000000021e-08 1.513294826697096483e-05 1.990377831607593526e-05 1.819737000070075126e-05 1.148583625569184816e-05 1.215532342168278442e-05 1.000000000000000021e-08 1.332645631792688890e-04 2.595315856717018564e-04 3.589407937985698740e-04 3.609831803752319587e-05 1.000000000000000021e-08 1.000000000000000021e-08 1.000000000000000021e-08 1.369151144363461002e-05 1.829758258616362483e-05 2.153299551412128236e-05 1.736080289042896626e-05 1.463926331955284844e-05 1.438693243426393968e-05 1.776831405794408286e-05 1.511240659152672513e-05 1.000000000000000021e-08
9.855723150680529079e-04 6.246458679864902257e-05 5.153702180956257678e-05 4.625611829629425447e-05 4.055934195955050877e-05 3.113476710598600907e-05 2.723723611418321853e-05 1.000000000000000021e-08 1.000000000000000021e-08 1.000000000000000021e-08 1.000000000000000021e-08 1.000000000000000021e-08 1.000000000000000021e-08 1.000000000000000021e-08 1.000000000000000021e-08 1.000000000000000021e-08 2.093396518023731928e-05 2.477698825579592083e-05 2.445249474402626022e-05 2.428517232496381337e-05 2.484916238283420140e-05 2.792243703171585112e-05 7.538599724994128745e-05 1.683353485388412618e-05 1.000000000000000021e-08 1.000000000000000021e-08 1.000000000000000021e-08 1.058137061873031346e-05 1.440412600538569737e-05 1.368271425656966982e-05 1.122068544364506114e-05 1.922447492017262022e-05 1.625865361535480162e-05 1.607429322272582991e-05 1.157618121049847597e-05 1.000000000000000021e-08 1.000000000000000021e-08
1.644346217483581187e-05 3.073389089591968413e-05 1.000000000000000021e-08 1.000000000000000021e-08 1.228147153644341597e-05 1.000000000000000021e-08 1.000000000000000021e-08 1.000000000000000021e-08 1.000000000000000021e-08 1.000000000000000021e-08 1.000000000000000021e-08 1.000000000000000021e-08 1.000000000000000021e-08 1.000000000000000021e-08 1.000000000000000021e-08 1.000000000000000021e-08 1.429467798424112856e-05 4.559949238389511924e-05 4.847224547719736584e-05 3.718138023482705861e-05 4.311835769336445299e-05 9.648095111129180055e-05 1.590646881704221098e-05 1.179336750502340923e-05 1.000000000000000021e-08 1.000000000000000021e-08 1.000000000000000021e-08 1.000000000000000021e-08 1.000000000000000021e-08 1.000000000000000021e-08 1.000000000000000021e-08 1.000000000000000021e-08 1.528772800962540724e-05 1.873001639724029087e-05 2.008214762080135068e-05 1.541933912225100820e-05 1.432376861891812385e-05
1.294389763327794206e-05 2.288509697266220537e-05 3.115962626267400061e-05 2.171592543313221352e-05 2.536289890309109736e-05 3.597512350523112789e-05 3.286218547263360779e-05 2.655697789287983246e-05 2.274917898574270911e-05 1.708872542500062741e-05 1.594659869036482730e-05 1.497906460555947512e-05 1.831052097299995851e-05 1.715420615331237283e-05 1.847363141031439814e-05 1.647556391754498157e-05 2.552709807143240547e-05 4.197057371309677770e-05 4.650271507369273260e-05 5.652766287396862913e-05 5.304998337784783385e-05 1.236697157706372844e-04 1.001144346863992317e-04 1.000000000000000021e-08 1.000000000000000021e-08 1.000000000000000021e-08 1.000000000000000021e-08 1.000000000000000021e-08 1.000000000000000021e-08 1.000000000000000021e-08 1.245496144078504291e-05 1.396554178712067130e-05 1.950929812197264707e-05 2.423236803317849848e-05 2.744071381538033087e-05 2.644864412873785750e-05 3.898121088037107251e-05
1.247297776529658136e-05 2.135754861207628190e-05 2.906232882765050017e-05 1.000000000000000021e-08 1.305401214214605567e-05 2.269871162605042691e-05 4.943485684073055755e-05 4.169547320085025525e-05 4.147911647484361865e-05 1.000000000000000021e-08 4.994000121624982450e-05 7.895259024494700659e-05 7.741104234655205431e-05 9.563796213706190878e-05 1.100078337733182018e-04 1.082114902564125991e-04 8.810428662654662998e-05 7.603218509466581085e-05 9.618414465292150339e-05 7.857404740777549669e-05 7.238784635160076504e-05 9.074667984087467784e-05 1.524424297730924685e-04 1.000000000000000021e-08 1.000000000000000021e-08 1.000000000000000021e-08 1.000000000000000021e-08 1.529396212669345450e-05 1.466095017025678755e-05 1.528551970949095114e-05 1.954367709465116917e-05 2.092736219355308130e-05 2.100076675919086783e-05 1.000000000000000021e-08 1.977367589112416485e-05 2.637240041659852358e-05 2.192030374368926176e-05
1.533046063527383521e-05 2.434582986225171619e-05 2.726082279008700196e-05 2.594570214711749352e-05 1.893473269582061300e-05 1.636085051748910509e-05 1.330337941663384434e-05 4.419021223992833207e-05 9.365839511124504906e-05 5.549054217871523246e-05 4.878450680318016435e-05 4.046498502402551218e-05 5.431979553419260479e-05 5.367456016821850034e-05 1.000000000000000021e-08 1.000000000000000021e-08 1.000000000000000021e-08 1.089153628495138290e-05 1.885694217218949982e-05 1.000000000000000021e-08 1.000000000000000021e-08 5.845268128794824558e-05 1.471275365628284997e-04 1.000000000000000021e-08 1.000000000000000021e-08 1.000000000000000021e-08 1.904603286803409695e-05 1.730750833859437176e-05 1.000000000000000021e-08 1.243554310179632210e-05 1.864523906093936762e-05 2.118930270286852174e-05 2.325596048209863719e-05 1.000000000000000021e-08 1.000000000000000021e-08 1.000000000000000021e-08 1.000000000000000021e-08
2.234706058063018111e-05 2.707944864772951501e-05 2.220097264942804462e-05 1.000000000000000021e-08 1.000000000000000021e-08 1.000000000000000021e-08 1.000000000000000021e-08 1.000000000000000021e-08 1.606159475756612466e-05 1.000000000000000021e-08 1.000000000000000021e-08 1.000000000000000021e-08 1.000000000000000021e-08 1.000000000000000021e-08 1.000000000000000021e-08 1.000000000000000021e-08 1.000000000000000021e-08 1.148426227892433832e-05 1.195194847185380586e-05 1.350341009771924432e-05 1.000000000000000021e-08 5.015772444043048309e-05 1.444445900274696193e-04 9.802646043596835055e-05 6.030897032886723606e-05 3.519890622785696785e-05 3.899727028969889308e-05 1.903490739313456611e-05 1.000000000000000021e-08 1.131921414374320887e-05 1.976916152051031505e-05 2.472199061572541442e-05 1.000000000000000021e-08 1.000000000000000021e-08 1.000000000000000021e-08 1.000000000000000021e-08 1.000000000000000021e-08
1.000000000000000021e-08 1.934455640203388245e-05 1.000000000000000021e-08 1.000000000000000021e-08 1.000000000000000021e-08 1.000000000000000021e-08 1.000000000000000021e-08 1.000000000000000021e-08 1.000000000000000021e-08 1.000000000000000021e-08 1.000000000000000021e-08 1.000000000000000021e-08 1.000000000000000021e-08 1.000000000000000021e-08 1.000000000000000021e-08 1.000000000000000021e-08 1.000000000000000021e-08 1.000000000000000021e-08 1.000000000000000021e-08 1.000000000000000021e-08 1.000000000000000021e-08 1.000000000000000021e-08 1.000000000000000021e-08 7.946347537230168427e-05 6.582259900900019217e-05 4.969323463603412649e-05 4.425408340220746302e-05 1.000000000000000021e-08 1.000000000000000021e-08 1.000000000000000021e-08 1.000000000000000021e-08 1.000000000000000021e-08 1.000000000000000021e-08 1.000000000000000021e-08 1.000000000000000021e-08 1.000000000000000021e-08 1.000000000000000021e-08
1.000000000000000021e-08 1.745093775656822636e-05 1.069504962365857344e-03 6.175660100025422540e-05 5.153947351150121083e-05 1.000000000000000021e-08 1.000000000000000021e-08 1.000000000000000021e-08 1.000000000000000021e-08 1.000000000000000021e-08 1.000000000000000021e-08 1.229779069721060865e-05 1.869015154055035730e-05 2.637140942626344306e-05 3.456786739243464154e-05 3.452681306013177532e-05 2.786870846105619955e-05 2.262192110688542588e-05 2.051094601571526951e-05 1.339703679543986800e-05 1.979935698349654006e-05 4.824381395688525601e-05 8.437148735605261816e-05 1.351593826243395859e-04 1.821616735033435833e-04 1.421049160222187101e-04 1.498682310303323388e-04 8.626839028931006107e-05 5.478905853884113975e-05 4.300223340367340206e-05 1.000000000000000021e-08 1.000000000000000021e-08 1.000000000000000021e-08 1.000000000000000021e-08 1.000000000000000021e-08 1.000000000000000021e-08 1.000000000000000021e-08
1.000000000000000021e-08 1.050621867670466945e-05 2.107594853591429718e-05 2.365004249371858847e-05 1.000000000000000021e-08 1.000000000000000021e-08 1.000000000000000021e-08 1.000000000000000021e-08 1.000000000000000021e-08 1.000000000000000021e-08 1.000000000000000021e-08 1.000000000000000021e-08 1.000000000000000021e-08 1.000000000000000021e-08 1.000000000000000021e-08 3.165050345733371465e-05 5.279561873231972488e-05 4.939557762073496530e-05 4.324153131900994237e-05 4.286203818259583557e-05 5.068006187489094896e-05 4.394355424541471629e-05 7.221367810303517068e-05 8.795971115431397435e-05 7.312631945041463859e-05 1.504578626313567808e-04 2.060327133104405354e-04 2.551683899991302198e-04 2.935943211289192408e-04 2.155792509372928131e-04 1.664179274149134768e-04 1.000000000000000021e-08 1.000000000000000021e-08 1.000000000000000021e-08 1.000000000000000021e-08 1.000000000000000021e-08 1.000000000000000021e-08
1.000000000000000021e-08 1.000000000000000021e-08 1.168644948577914439e-05 1.899836904348933402e-05 2.153278910823409173e-05 1.000000000000000021e-08 1.000000000000000021e-08 1.000000000000000021e-08 1.000000000000000021e-08 1.000000000000000021e-08 1.000000000000000021e-08 1.000000000000000021e-08 1.000000000000000021e-08 1.000000000000000021e-08 1.000000000000000021e-08 1.000000000000000021e-08 1.000000000000000021e-08 1.000000000000000021e-08 3.426515145894831358e-05 5.156932091661079744e-05 7.166618755474038938e-05 9.722035889276645180e-05 8.065074156956983853e-05 6.453074229324929484e-05 1.000000000000000021e-08 1.000000000000000021e-08 1.000000000000000021e-08 1.000000000000000021e-08 3.073032453922150474e-05 2.249603226324043141e-04 2.585060518091317270e-04 2.187210044258792140e-04 1.000000000000000021e-08 1.000000000000000021e-08 1.000000000000000021e-08 1.000000000000000021e-08 1.000000000000000021e-08
