output/water_depth_4680.asc
ncols 223
nrows 158
xllcorner 0.0
yllcorner 0.0
cellsize 30.0
[rows 68 to 84 of 158, columns 148 to 184 of 223]
6.054578679949974249e-05 1.261449141603220534e-05 1.000000000000000021e-08 1.000000000000000021e-08 1.000000000000000021e-08 1.000000000000000021e-08 1.000000000000000021e-08 1.000000000000000021e-08 3.444963573764274044e-05 1.802438089021206284e-05 1.000000000000000021e-08 1.000000000000000021e-08 2.754345348544594882e-05 1.000000000000000021e-08 1.075302474136410735e-05 1.000000000000000021e-08 1.000000000000000021e-08 1.000000000000000021e-08 1.000000000000000021e-08 3.613781416396086196e-05 4.535727840259366891e-05 1.000000000000000021e-08 1.000000000000000021e-08 1.000000000000000021e-08 1.000000000000000021e-08 2.108342189533860559e-05 1.000000000000000021e-08 1.000000000000000021e-08 3.375843349340320459e-03 6.295184472642990636e-01 1.000000000000000021e-08 1.000000000000000021e-08 1.000000000000000021e-08 1.000000000000000021e-08 1.438925796693062558e-05 1.432924895180872013e-05 3.136161071435394568e-05
1.000000000000000021e-08 4.833328626224338108e-05 1.000000000000000021e-08 1.000000000000000021e-08 1.000000000000000021e-08 1.000000000000000021e-08 1.000000000000000021e-08 1.000000000000000021e-08 3.603456768967430230e-05 3.786756581156972489e-05 1.000000000000000021e-08 1.000000000000000021e-08 3.554513803169053512e-05 2.042506609476638053e-05 2.306100903714901131e-05 1.000000000000000021e-08 1.000000000000000021e-08 1.000000000000000021e-08 1.000000000000000021e-08 1.000000000000000021e-08 1.000000000000000021e-08 1.636994203002748618e-05 1.000000000000000021e-08 1.000000000000000021e-08 1.000000000000000021e-08 1.000000000000000021e-08 1.000000000000000021e-08 1.000000000000000021e-08 1.000000000000000021e-08 5.726076679207919851e-01 4.683089595448825526e-01 2.447821757345753651e-05 1.000000000000000021e-08 1.000000000000000021e-08 1.000000000000000021e-08 1.292250127805019784e-05 1.000000000000000021e-08
1.474248263103510791e-05 1.000000000000000021e-08 1.000000000000000021e-08 1.000000000000000021e-08 1.000000000000000021e-08 1.000000000000000021e-08 1.000000000000000021e-08 1.000000000000000021e-08 1.000000000000000021e-08 4.491768743979417312e-05 1.000000000000000021e-08 1.000000000000000021e-08 3.545439459319826831e-05 4.146542945761522533e-05 3.321217947611144913e-05 2.482277258160064389e-05 1.000000000000000021e-08 1.000000000000000021e-08 1.000000000000000021e-08 1.000000000000000021e-08 1.000000000000000021e-08 1.617068954123189909e-05 2.328911843900725230e-05 1.000000000000000021e-08 1.000000000000000021e-08 1.000000000000000021e-08 1.000000000000000021e-08 1.000000000000000021e-08 1.000000000000000021e-08 6.114682771263878582e-05 5.669550846386223197e-01 4.623504722138536138e-01 1.000000000000000021e-08 1.000000000000000021e-08 1.000000000000000021e-08 1.635877406998996873e-05 1.000000000000000021e-08
2.559128149676532295e-05 1.000000000000000021e-08 1.000000000000000021e-08 1.000000000000000021e-08 1.000000000000000021e-08 1.000000000000000021e-08 1.000000000000000021e-08 1.000000000000000021e-08 1.000000000000000021e-08 6.916993345231553980e-05 1.216480731887083336e-05 1.000000000000000021e-08 5.786769355765614408e-05 4.720041531255836674e-05 3.405424963981140268e-05 4.204557876489167908e-05 1.000000000000000021e-08 1.000000000000000021e-08 1.000000000000000021e-08 1.000000000000000021e-08 1.000000000000000021e-08 1.000000000000000021e-08 1.000000000000000021e-08 1.000000000000000021e-08 1.000000000000000021e-08 1.000000000000000021e-08 1.000000000000000021e-08 1.682876785623007871e-05 1.000000000000000021e-08 1.000000000000000021e-08 1.043851352298633345e-03 7.293817669338326093e-01 6.607361473868910151e-01 6.596086439094097373e-04 1.000000000000000021e-08 1.000000000000000021e-08 1.000000000000000021e-08
1.991260820013470687e-05 1.000000000000000021e-08 1.311357210385294717e-05 2.020379949314724923e-05 1.012074849838189147e-05 1.966274431871750959e-05 1.000000000000000021e-08 1.000000000000000021e-08 1.000000000000000021e-08 6.340891335005094550e-05 7.431197258500668579e-05 5.743505272094731959e-05 6.839864586647261338e-05 3.520027623748593095e-05 5.632267286109092139e-05 4.114856780503135228e-05 1.000000000000000021e-08 1.000000000000000021e-08 1.000000000000000021e-08 1.000000000000000021e-08 1.014451506918052004e-05 1.000000000000000021e-08 1.000000000000000021e-08 1.000000000000000021e-08 1.000000000000000021e-08 1.000000000000000021e-08 1.000000000000000021e-08 1.000000000000000021e-08 1.000000000000000021e-08 1.000000000000000021e-08 1.000000000000000021e-08 1.063683664703878691e-03 5.819497822127329689e-01 5.029894141282268416e-01 4.906129185398251380e-01 5.678588492123306473e-05 1.000000000000000021e-08
1.000000000000000021e-08 1.897214656209509568e-05 1.768659292304812592e-05 2.960352310560360737e-05 2.400532880362890071e-05 1.512106062251236223e-05 1.730966153957375130e-05 1.000000000000000021e-08 1.000000000000000021e-08 6.664426835819893806e-05 1.000000000000000021e-08 1.000000000000000021e-08 6.140456923069989939e-05 6.900251269829229639e-05 6.576259893317799442e-05 2.719865801018851490e-05 1.000000000000000021e-08 1.000000000000000021e-08 2.067446384346016444e-05 1.000000000000000021e-08 1.833046302636119222e-05 1.000000000000000021e-08 1.000000000000000021e-08 1.000000000000000021e-08 1.000000000000000021e-08 1.000000000000000021e-08 1.000000000000000021e-08 1.000000000000000021e-08 1.000000000000000021e-08 1.000000000000000021e-08 1.000000000000000021e-08 1.000000000000000021e-08 1.000000000000000021e-08 4.537020797585162857e-01 4.384403815768057600e-01 5.114836005130796170e-01 4.333820289054866604e-01
2.394393021934172446e-05 4.496233641561968704e-05 1.000000000000000021e-08 1.000000000000000021e-08 1.532344775830413413e-04 1.305198037228870534e-05 2.265449414147798697e-05 1.000000000000000021e-08 1.905616311586313748e-05 7.579885506006578345e-05 1.787354253205059355e-04 1.344848517803076996e-04 1.675575051195338282e-04 6.963875104855524287e-05 1.138700092517068148e-04 4.287207267612769474e-05 1.000000000000000021e-08 1.000000000000000021e-08 4.130225970793159791e-05 1.000000000000000021e-08 3.675618758027035255e-05 3.434091579170327403e-05 1.428361381158302309e-05 1.000000000000000021e-08 1.000000000000000021e-08 1.000000000000000021e-08 2.165948344225928637e-04 2.503445293732120891e-05 1.000000000000000021e-08 1.000000000000000021e-08 1.000000000000000021e-08 1.074519520008600222e-05 1.000000000000000021e-08 2.077979331304970079e-05 2.308488774059426019e-04 1.272121741823034017e-04 2.161794468770639743e-01
2.643773520718050254e-04 1.548953260703024321e-04 1.225861798225268454e-04 1.246595245634734422e-04 1.462519296393905571e-02 9.739633734736543452e-03 6.447368971480882047e-03 4.296244534384816190e-03 2.886760581864494454e-03 2.246918156207380890e-03 4.509336909856293679e-02 4.481497809363423068e-02 5.378784815647447148e-02 5.003290894190814270e-02 1.755244743959273879e-01 1.474271729614999304e-01 7.470748094664725336e-02 1.527242391876372507e-01 8.090119898775173513e-02 7.000033238493996723e-02 1.566037662023527510e-01 6.872497045529810111e-02 3.227244659848327313e-02 3.082866003686919175e-05 4.327673792790649406e-05 1.000000000000000021e-08 3.087163134498431896e-02 3.690298902548393850e-02 2.327903462208872135e-02 2.301445544621408962e-02 2.388502314360770387e-02 9.087956615601101081e-05 1.000000000000000021e-08 1.328973741355571384e-05 1.000000000000000021e-08 5.470179415341416243e-05 1.078487292034800843e-01
3.889069318962574962e-02 5.191738558307538304e-02 1.455596509362519775e-01 1.157687018443807614e-01 4.414632352647993724e-02 4.862487073650461483e-02 5.228782931898588032e-02 5.527100021546750563e-02 1.607163392147098191e-01 1.271043816023915141e-01 3.512785614321753402e-02 2.610369863513081062e-02 1.542258037527722073e-02 3.095107372399952261e-02 1.924037123013424069e-02 1.910354327887755013e-02 1.000000000000000021e-08 8.112253140740824419e-05 1.404717248625385947e-04 2.600299226923536572e-02 1.748637853044303705e-02 1.592086098446788556e-01 9.453815865286929743e-02 9.778256231926540920e-02 1.013290997290373779e-01 1.052378201238832051e-01 8.656322804435767626e-02 7.552783046354290264e-02 9.565221756028181865e-02 1.123607450820440085e-01 1.297807017561914411e-01 1.350129718200254736e-01 7.178648496501721654e-02 3.642095575716508549e-02 2.262340516701824567e-02 1.320495869372873519e-02 5.899224649111660390e-02
5.176845102863762010e-02 1.280021258553636423e-02 1.165614433176426559e-02 3.341697087189305498e-03 8.209477940710229783e-05 1.379679717362131857e-04 8.406747075954859160e-05 5.899263198353668392e-05 3.394441650810461615e-05 6.176803360477560098e-05 1.000000000000000021e-08 1.000000000000000021e-08 1.000000000000000021e-08 5.473228862492880432e-05 4.301663257217782857e-05 4.005559592607400577e-05 1.000000000000000021e-08 8.029966111632651725e-05 1.217809629812091268e-04 9.565748396719810000e-05 8.433163369756001889e-05 2.553966477441688685e-04 5.468873285885112828e-05 1.000000000000000021e-08 1.837202549967091350e-05 2.879524697504555245e-05 1.000000000000000021e-08 1.000000000000000021e-08 5.147877839258120983e-05 6.680335000292482645e-05 7.310070964019360108e-05 4.765271996633111122e-05 6.867483509011967913e-02 1.096986977378755918e-01 1.341234559480266042e-01 7.308551508950963949e-02 6.604961454843644164e-02
1.248662838123989365e-04 1.000000000000000021e-08 1.000000000000000021e-08 1.000000000000000021e-08 1.121269549450732160e-04 1.007437969818412478e-04 2.958290523512339127e-05 3.046395556066758625e-05 1.000000000000000021e-08 2.772759880867724539e-05 1.594517039378089650e-05 1.000000000000000021e-08 1.000000000000000021e-08 2.159538725679061916e-05 2.396913609410008419e-05 1.458387276927642501e-05 1.000000000000000021e-08 9.230473824479854721e-05 1.006816993037260987e-04 1.000000000000000021e-08 2.029014154934158783e-05 6.004871691225906189e-05 1.000000000000000021e-08 1.000000000000000021e-08 1.462676754110724387e-05 1.464896445977128257e-05 1.188644792593702461e-05 1.000000000000000021e-08 1.000000000000000021e-08 1.000000000000000021e-08 1.000000000000000021e-08 1.000000000000000021e-08 2.294232792204286273e-04 4.363436912647846371e-05 2.217339396168505799e-05 7.534895351454368173e-02 7.430494449287118608e-02
1.386993193945604497e-05 1.000000000000000021e-08 1.000000000000000021e-08 1.000000000000000021e-08 1.129920991706989474e-04 6.977599990939897486e-05 2.480523477552986882e-05 2.576972129517263104e-05 1.000000000000000021e-08 2.223017099474604779e-05 1.699764531185564160e-05 1.000000000000000021e-08 1.000000000000000021e-08 1.694921145955363305e-05 1.000000000000000021e-08 1.000000000000000021e-08 1.000000000000000021e-08 1.059873558083633636e-04 1.000000000000000021e-08 1.000000000000000021e-08 1.268214145264210360e-05 3.308765765518970260e-05 1.000000000000000021e-08 1.000000000000000021e-08 1.000000000000000021e-08 1.000000000000000021e-08 1.000000000000000021e-08 1.000000000000000021e-08 1.000000000000000021e-08 1.000000000000000021e-08 1.000000000000000021e-08 1.000000000000000021e-08 3.609679299462251705e-05 1.000000000000000021e-08 1.509637375079806922e-05 1.000000000000000021e-08 7.120444818684748545e-02
2.295686182982133300e-05 1.000000000000000021e-08 1.000000000000000021e-08 1.000000000000000021e-08 1.132965535732847399e-04 1.000000000000000021e-08 1.030947058720123159e-05 1.560116241502115502e-05 1.000000000000000021e-08 1.577301842314347640e-05 1.165396093120379653e-05 1.000000000000000021e-08 1.000000000000000021e-08 1.901025654717416601e-05 2.927528976594603662e-05 1.000000000000000021e-08 1.000000000000000021e-08 7.498641003672477858e-05 3.801200296666077928e-05 1.000000000000000021e-08 1.352707743860344676e-05 2.597731365806355084e-05 1.000000000000000021e-08 1.000000000000000021e-08 1.000000000000000021e-08 1.737133835475659357e-05 1.000000000000000021e-08 1.000000000000000021e-08 1.000000000000000021e-08 1.000000000000000021e-08 1.000000000000000021e-08 3.325960878327994630e-05 3.428270764666962317e-05 1.000000000000000021e-08 1.000000000000000021e-08 1.000000000000000021e-08 5.085512192137728429e-05
2.026539542772317175e-05 9.401425689934919021e-05 1.048995271000910997e-05 1.000000000000000021e-08 7.693934458561140432e-05 1.000000000000000021e-08 1.000000000000000021e-08 1.000000000000000021e-08 1.000000000000000021e-08 1.000000000000000021e-08 1.000000000000000021e-08 1.000000000000000021e-08 1.000000000000000021e-08 2.090591205164664339e-05 1.603964165152383834e-05 2.395157818017572501e-05 1.000000000000000021e-08 2.998132221784389131e-05 4.011861603565914806e-05 1.067792487849953737e-05 1.565056459955479614e-05 1.723373666540104233e-05 2.354221046870459414e-05 2.314210208802825686e-05 1.000000000000000021e-08 1.000000000000000021e-08 1.000000000000000021e-08 1.000000000000000021e-08 1.000000000000000021e-08 2.870989508516223141e-05 3.257305881426419698e-05 3.646069240044797128e-05 1.000000000000000021e-08 1.000000000000000021e-08 1.045415046175847859e-05 1.000000000000000021e-08 1.000000000000000021e-08
1.000000000000000021e-08 5.479798039671607821e-05 1.000000000000000021e-08 1.000000000000000021e-08 4.561881016859048850e-05 6.606634989404665248e-05 1.000000000000000021e-08 1.000000000000000021e-08 1.000000000000000021e-08 1.000000000000000021e-08 1.000000000000000021e-08 1.000000000000000021e-08 1.000000000000000021e-08 1.000000000000000021e-08 1.983056676037788177e-05 1.000000000000000021e-08 1.000000000000000021e-08 1.151185487970360080e-05 1.647481753560489924e-05 1.436175036808411019e-05 1.276634150918671970e-05 3.235399873734551800e-05 5.999075767136467422e-05 8.655830698954868421e-05 7.490764362950844742e-05 1.000000000000000021e-08 1.000000000000000021e-08 1.000000000000000021e-08 1.000000000000000021e-08 2.272460501880079031e-05 1.000000000000000021e-08 1.000000000000000021e-08 1.000000000000000021e-08 1.000000000000000021e-08 1.021510607614631674e-05 1.000000000000000021e-08 1.000000000000000021e-08
8.342434114450451095e-05 2.293090882026892823e-05 1.000000000000000021e-08 1.572532579637990106e-05 6.109016889322018253e-05 1.200794720177811778e-05 1.000000000000000021e-08 1.000000000000000021e-08 1.000000000000000021e-08 2.232608995914400502e-05 1.542506836121240773e-05 1.000000000000000021e-08 1.000000000000000021e-08 3.373368173968788582e-05 1.569435011935428766e-05 1.330011748984285301e-05 1.078756172060091811e-05 1.052136800096131435e-05 1.117850691896492098e-05 1.970342057655053605e-05 2.469689906939385649e-05 1.000000000000000021e-08 1.000000000000000021e-08 1.000000000000000021e-08 1.000000000000000021e-08 1.000000000000000021e-08 1.000000000000000021e-08 1.000000000000000021e-08 1.000000000000000021e-08 1.000000000000000021e-08 1.000000000000000021e-08 1.000000000000000021e-08 1.000000000000000021e-08 1.000000000000000021e-08 1.000000000000000021e-08 1.672433348038309650e-05 4.379669253352247047e-05
4.490223180121828694e-05 1.286055283246964435e-05 1.000000000000000021e-08 1.152466617046420863e-05 3.084390909706706454e-05 1.000000000000000021e-08 1.000000000000000021e-08 1.000000000000000021e-08 1.500568774083741506e-05 1.159864010414082770e-05 1.000000000000000021e-08 1.000000000000000021e-08 1.000000000000000021e-08 2.231559071085399283e-05 1.637437004010599859e-05 2.151487848000838002e-05 1.000000000000000021e-08 1.371394693260684965e-05 1.000000000000000021e-08 1.000000000000000021e-08 1.000000000000000021e-08 1.000000000000000021e-08 1.000000000000000021e-08 1.000000000000000021e-08 1.000000000000000021e-08 1.000000000000000021e-08 1.000000000000000021e-08 1.451328099293259609e-05 2.510240646849053008e-05 3.088628952537755839e-05 6.324022733974621476e-05 1.098926421213888952e-04 1.096141335894060145e-04 8.339061288639784155e-05 7.437243579866272632e-05 7.901675511614204980e-05 5.815949856727692369e-05
