output/water_depth_3360.asc
ncols 223
nrows 158
xllcorner 0.0
yllcorner 0.0
cellsize 30.0
[rows 51 to 67 of 158, columns 37 to 73 of 223]
1.000000100000000021e-05 1.000000100000000021e-05 1.000000100000000021e-05 1.000000100000000021e-05 1.000000100000000021e-05 1.000000100000000021e-05 1.000000100000000021e-05 1.000000100000000021e-05 1.000000100000000021e-05 1.000000100000000021e-05 1.000000100000000021e-05 1.000000100000000021e-05 1.000000100000000021e-05 1.000000100000000021e-05 1.000000100000000021e-05 1.000000100000000021e-05 1.000000100000000021e-05 1.000000100000000021e-05 1.000000100000000021e-05 1.000000100000000021e-05 1.000000100000000021e-05 1.000000100000000021e-05 1.000000100000000021e-05 1.000000100000000021e-05 1.000000100000000021e-05 1.000000100000000021e-05 1.000000100000000021e-05 1.000000100000000021e-05 1.000000100000000021e-05 1.000000100000000021e-05 1.000000100000000021e-05 1.000000100000000021e-05 8.259094623113102701e-05 1.619622527399589040e-04 1.667467232433095942e-04 1.208377703375394259e-04 1.164053906219518660e-04
1.000000100000000021e-05 1.000000100000000021e-05 1.000000100000000021e-05 1.000000100000000021e-05 1.000000100000000021e-05 1.000000100000000021e-05 1.000000100000000021e-05 1.000000100000000021e-05 1.000000100000000021e-05 1.000000100000000021e-05 1.000000100000000021e-05 1.000000100000000021e-05 1.000000100000000021e-05 1.000000100000000021e-05 1.000000100000000021e-05 1.000000100000000021e-05 1.000000100000000021e-05 1.000000100000000021e-05 1.000000100000000021e-05 1.000000100000000021e-05 1.000000100000000021e-05 1.000000100000000021e-05 1.000000100000000021e-05 1.000000100000000021e-05 1.000000100000000021e-05 1.000000100000000021e-05 1.000000100000000021e-05 1.000000100000000021e-05 1.000000100000000021e-05 1.000000100000000021e-05 1.000000100000000021e-05 1.000000100000000021e-05 3.892895029385429911e-05 5.726288677410529287e-05 2.702431737220139683e-04 4.050092293196435808e-04 4.874490434655266708e-05
1.000000100000000021e-05 1.000000100000000021e-05 1.000000100000000021e-05 1.000000100000000021e-05 1.000000100000000021e-05 1.000000100000000021e-05 1.000000100000000021e-05 1.000000100000000021e-05 1.000000100000000021e-05 1.000000100000000021e-05 1.000000100000000021e-05 1.000000100000000021e-05 1.000000100000000021e-05 1.000000100000000021e-05 1.000000100000000021e-05 1.000000100000000021e-05 1.000000100000000021e-05 1.000000100000000021e-05 1.000000100000000021e-05 1.000000100000000021e-05 1.000000100000000021e-05 1.000000100000000021e-05 1.000000100000000021e-05 1.000000100000000021e-05 1.000000100000000021e-05 1.000000100000000021e-05 1.000000100000000021e-05 1.000000100000000021e-05 1.000000100000000021e-05 1.000000100000000021e-05 1.000000100000000021e-05 1.000000100000000021e-05 2.302623930927400928e-05 2.728936688297971125e-05 4.215180040182415485e-05 1.250062094933994774e-04 1.901856638459896768e-04
1.000000100000000021e-05 1.000000100000000021e-05 1.000000100000000021e-05 1.000000100000000021e-05 1.000000100000000021e-05 1.000000100000000021e-05 1.000000100000000021e-05 1.000000100000000021e-05 1.000000100000000021e-05 1.000000100000000021e-05 1.000000100000000021e-05 1.000000100000000021e-05 1.000000100000000021e-05 1.000000100000000021e-05 1.000000100000000021e-05 1.000000100000000021e-05 1.000000100000000021e-05 1.000000100000000021e-05 1.000000100000000021e-05 1.000000100000000021e-05 1.000000100000000021e-05 1.000000100000000021e-05 1.000000100000000021e-05 1.000000100000000021e-05 1.000000100000000021e-05 1.000000100000000021e-05 1.000000100000000021e-05 1.000000100000000021e-05 1.000000100000000021e-05 1.000000100000000021e-05 1.000000100000000021e-05 1.984410351102775728e-05 1.826849118719964989e-05 2.645515277802391513e-05 2.593371304751757015e-05 2.435298654324195202e-05 7.427487351964290427e-05
1.000000100000000021e-05 1.000000100000000021e-05 1.000000100000000021e-05 1.000000100000000021e-05 1.000000100000000021e-05 1.000000100000000021e-05 1.000000100000000021e-05 1.000000100000000021e-05 1.000000100000000021e-05 1.000000100000000021e-05 1.000000100000000021e-05 1.000000100000000021e-05 1.000000100000000021e-05 1.000000100000000021e-05 1.000000100000000021e-05 1.000000100000000021e-05 1.000000100000000021e-05 1.000000100000000021e-05 1.000000100000000021e-05 1.000000100000000021e-05 1.000000100000000021e-05 1.000000100000000021e-05 1.000000100000000021e-05 1.000000100000000021e-05 1.000000100000000021e-05 1.000000100000000021e-05 1.000000100000000021e-05 1.000000100000000021e-05 1.000000100000000021e-05 1.000000100000000021e-05 3.733657781870992193e-05 5.012494376035867065e-05 6.514252987965280385e-05 7.589743754956268485e-05 8.428815408000838556e-05 7.705396404088188194e-05 6.768762300754615059e-05
1.000000100000000021e-05 1.000000100000000021e-05 1.000000100000000021e-05 1.000000100000000021e-05 1.000000100000000021e-05 1.000000100000000021e-05 1.000000100000000021e-05 1.000000100000000021e-05 1.000000100000000021e-05 1.000000100000000021e-05 1.000000100000000021e-05 1.000000100000000021e-05 1.000000100000000021e-05 1.000000100000000021e-05 1.000000100000000021e-05 1.000000100000000021e-05 1.000000100000000021e-05 1.000000100000000021e-05 1.000000100000000021e-05 1.000000100000000021e-05 1.000000100000000021e-05 1.000000100000000021e-05 1.000000100000000021e-05 1.000000100000000021e-05 1.000000100000000021e-05 1.000000100000000021e-05 1.000000100000000021e-05 1.000000100000000021e-05 1.000000100000000021e-05 3.635182525644590774e-05 4.849678208397969516e-05 1.234565673864708739e-04 1.387135973192332717e-04 1.343138760657937747e-04 1.000000000000000021e-08 1.000000000000000021e-08 1.000000000000000021e-08
1.000000100000000021e-05 1.000000100000000021e-05 1.000000100000000021e-05 1.000000100000000021e-05 1.000000100000000021e-05 1.000000100000000021e-05 1.000000100000000021e-05 1.000000100000000021e-05 1.000000100000000021e-05 1.000000100000000021e-05 1.000000100000000021e-05 1.000000100000000021e-05 1.000000100000000021e-05 1.000000100000000021e-05 1.000000100000000021e-05 1.000000100000000021e-05 1.000000100000000021e-05 1.000000100000000021e-05 1.000000100000000021e-05 1.000000100000000021e-05 1.000000100000000021e-05 1.000000100000000021e-05 1.000000100000000021e-05 1.000000100000000021e-05 1.000000100000000021e-05 1.000000100000000021e-05 1.000000100000000021e-05 1.000000100000000021e-05 1.563365670764632563e-05 2.526313006818506210e-05 1.000000000000000021e-08 7.218973049468708862e-05 1.865174234574088711e-04 2.005691012788383401e-04 1.000000000000000021e-08 1.000000000000000021e-08 1.168485499968611241e-05
1.000000100000000021e-05 1.000000100000000021e-05 1.000000100000000021e-05 1.000000100000000021e-05 1.000000100000000021e-05 1.000000100000000021e-05 1.000000100000000021e-05 1.000000100000000021e-05 1.000000100000000021e-05 1.000000100000000021e-05 1.000000100000000021e-05 1.000000100000000021e-05 1.000000100000000021e-05 1.000000100000000021e-05 1.000000100000000021e-05 1.000000100000000021e-05 1.000000100000000021e-05 1.000000100000000021e-05 1.000000100000000021e-05 1.000000100000000021e-05 1.000000100000000021e-05 1.000000100000000021e-05 1.000000100000000021e-05 1.000000100000000021e-05 1.000000100000000021e-05 1.000000100000000021e-05 4.636451991813361621e-05 1.527605126532209347e-05 2.800349078432820587e-05 3.674885382755583245e-05 7.709896222655791256e-05 1.287162199702258372e-04 1.203182321645528775e-04 2.754953894024399848e-05 1.000000000000000021e-08 1.967758764143289396e-04 1.000000000000000021e-08
1.000000100000000021e-05 1.000000100000000021e-05 1.000000100000000021e-05 1.000000100000000021e-05 1.000000100000000021e-05 1.000000100000000021e-05 1.000000100000000021e-05 1.000000100000000021e-05 1.000000100000000021e-05 1.000000100000000021e-05 1.000000100000000021e-05 1.000000100000000021e-05 1.000000100000000021e-05 1.000000100000000021e-05 1.000000100000000021e-05 1.000000100000000021e-05 1.000000100000000021e-05 1.000000100000000021e-05 1.000000100000000021e-05 1.000000100000000021e-05 1.000000100000000021e-05 1.000000100000000021e-05 1.000000100000000021e-05 1.232706268078499583e-04 2.967225628281612904e-05 1.145095527259870035e-05 5.427359418403967839e-05 5.924041672898456066e-05 6.421082682409062249e-05 7.787955944502015333e-05 6.176519413458066014e-05 6.149713050007438089e-05 1.284365980388171456e-04 1.399902935466383787e-04 3.612678267857029660e-04 5.522495064153119110e-04 4.286375493841921062e-04
1.000000100000000021e-05 1.000000100000000021e-05 1.000000100000000021e-05 1.000000100000000021e-05 1.000000100000000021e-05 1.000000100000000021e-05 1.000000100000000021e-05 1.000000100000000021e-05 1.000000100000000021e-05 1.000000100000000021e-05 1.000000100000000021e-05 5.088839055680930329e-05 1.011731901525354701e-04 1.785554213517180839e-04 3.154434665521509661e-04 1.308530274514018311e-03 1.927670442844258694e-03 6.595070778315621773e-02 6.387030466718185417e-02 1.000000100000000021e-05 1.000000100000000021e-05 1.000000100000000021e-05 1.748029276834963167e-05 1.711859956188367996e-04 7.696543661561857080e-05 3.251654010535857486e-05 7.447063035491175180e-05 1.021523799612857492e-04 1.102575035864397179e-04 9.867531976921345438e-05 1.000000000000000021e-08 1.000000000000000021e-08 6.873276318967052364e-05 1.319191099054609886e-04 9.427272471166721790e-05 1.346618924570281773e-04 5.654292155313441794e-04
1.000000100000000021e-05 1.000000100000000021e-05 1.000000100000000021e-05 1.000000100000000021e-05 1.000000100000000021e-05 1.000000100000000021e-05 1.000000100000000021e-05 1.000000100000000021e-05 1.000000100000000021e-05 1.000000100000000021e-05 1.601032405731450859e-05 1.878462774690743250e-05 2.057745119025109455e-05 5.346921562318587720e-05 8.012065463392741406e-05 1.093647307911121405e-03 8.073172860531568516e-04 2.860343699219575903e-03 5.955188086142092219e-02 5.447634578228609248e-02 4.225459971652489183e-02 5.274126537529483238e-03 4.782556018607371159e-03 5.113697662141433210e-03 4.958994875300941525e-03 4.827960735797699797e-05 1.000000000000000021e-08 1.000000000000000021e-08 1.000000000000000021e-08 1.000000000000000021e-08 1.163812099948530081e-05 1.633635204776116604e-05 4.163385932068109269e-05 1.000000000000000021e-08 1.000000000000000021e-08 1.000000000000000021e-08 4.103159175114200479e-05
3.421516049424575207e-04 2.588614380925527273e-04 2.218166227969313280e-04 1.636794573707210112e-04 1.488543041678335474e-04 1.148801083099775888e-04 8.771875846603856730e-05 8.357955485789612721e-05 7.294315977361500217e-05 6.141056795760016355e-05 6.118772331117582866e-05 6.426584560028279715e-05 7.386548564528213885e-05 6.220000499732185914e-05 5.064535424113393927e-04 1.586042150633660891e-03 4.963967184942331533e-04 5.700422784011869659e-04 4.200347916102722436e-04 5.605566217908836829e-02 1.269976905714150684e-05 4.979609947919789829e-03 2.488464224003138214e-03 6.623517026621023734e-03 8.111494208572156417e-03 1.309614286137916273e-03 9.535411259099999524e-05 5.202237893983091945e-04 3.320996926039898730e-04 2.596699023807115189e-04 3.599703786065456320e-03 5.526567356429017835e-03 5.259812525381699945e-03 3.531643993586534337e-03 2.651817954508889786e-03 1.843692558742224654e-03 1.326774396144073890e-03
3.075635609975467121e-04 6.905464991711099355e-04 8.002937547047694802e-04 1.155372573930114584e-03 1.326548005171270840e-03 1.563448003698941378e-03 1.772980722978128709e-03 1.972266351922687903e-03 2.178627656442886414e-03 1.638847600464679848e-03 1.802010828236505361e-03 1.966773094578232184e-03 2.494749428706231637e-03 2.881961217677301255e-03 3.132101864586434546e-03 2.597881837366511435e-03 2.080311174544486122e-03 8.041494236177739851e-04 5.140625009609769644e-05 3.982124363713594858e-05 3.913999361588478001e-05 4.633596313391409420e-03 5.822105042002437281e-03 1.259031407704572052e-02 1.760189598081499107e-02 1.450061541269481030e-02 1.833367437502585878e-02 1.973348012172548155e-02 2.061080123758785021e-02 2.129156200320237238e-02 1.527906734975224660e-02 1.630659205170105139e-02 1.016130551839656768e-02 9.452539793511951713e-03 4.050411459361161377e-03 4.727522763990884939e-03 9.739821178998650172e-03
1.629070762945715488e-04 1.898020584004449717e-05 3.821672891935773582e-05 3.588889399572945315e-04 2.648530794750026491e-04 2.306944259570903571e-04 1.000000000000000021e-08 1.000000000000000021e-08 2.190929351190118492e-05 1.404795552163455932e-03 1.551152195647908984e-03 1.644951643766942714e-03 1.197146872758944386e-03 7.892247575210978696e-04 5.811360903837171129e-04 4.887988813348353306e-04 1.417989535931188242e-03 1.223482381867479823e-03 8.932888873433233881e-05 8.403725209992719196e-05 6.908671649016252434e-05 1.172605325759055350e-04 3.742033485160296564e-04 6.781788146559309413e-05 1.303529841636913802e-04 1.029200819499973089e-04 3.441531626386480289e-04 1.854691716161755658e-03 4.803935132708234059e-05 6.723937551510643449e-05 7.380405531842381913e-05 8.551863057007106977e-05 5.203457797901942308e-03 5.818371582568155308e-03 1.377596878790507580e-02 1.538622305644631733e-02 1.143813035981537142e-02
2.019022392914873742e-04 2.006498533853114281e-04 2.130914609842773314e-04 1.000000000000000021e-08 1.022461884662539521e-05 1.000000000000000021e-08 1.000000000000000021e-08 1.000000000000000021e-08 1.000000000000000021e-08 1.000000000000000021e-08 1.000000000000000021e-08 1.000000000000000021e-08 1.000000000000000021e-08 1.000000000000000021e-08 1.645463422623918287e-04 2.368292046373458653e-04 7.136377159374779171e-03 6.925656979833516927e-03 1.000000000000000021e-08 1.000000000000000021e-08 1.000000000000000021e-08 3.202652315843653564e-05 5.414285594203697765e-04 6.442063277602012817e-04 1.165702139893673266e-04 1.987318400476974244e-04 3.986804876700663280e-04 6.718360425986651921e-05 6.245242022273677989e-05 5.760429547958182805e-05 5.555389246954076939e-05 6.752196462095069534e-05 4.345092798336646842e-03 9.146256222648347853e-03 6.252733754562861748e-03 4.113674809666692522e-03 3.010123733769044189e-03
1.617918948880888396e-04 1.553901596414047383e-04 1.502906700724736624e-04 1.000000000000000021e-08 1.000000000000000021e-08 1.000000000000000021e-08 1.000000000000000021e-08 1.000000000000000021e-08 1.000000000000000021e-08 1.000000000000000021e-08 5.792737699852047820e-05 1.076335780303696129e-04 1.000000000000000021e-08 1.882824928055616687e-04 1.000000000000000021e-08 1.000000000000000021e-08 5.223811291297346133e-04 1.001679393420901328e-04 4.145819061307351770e-05 3.860146439330506608e-05 4.651422413913905456e-05 5.686234574870302266e-04 6.648542412567691072e-04 8.492422745834977017e-04 2.036595553408062688e-04 1.282226392969416039e-04 2.523554055663048833e-04 9.728313413607172643e-05 1.480950624978730987e-05 2.529259189283479471e-05 1.000000000000000021e-08 1.146562382424126902e-04 1.553877713863489158e-04 2.141453840430950720e-04 2.101965300443725201e-04 1.226109407896845390e-04 1.000000000000000021e-08
1.343177560811499268e-04 1.188488530011362892e-04 1.098800121398362130e-04 1.000000000000000021e-08 1.000000000000000021e-08 5.720767280046031912e-05 9.527747941941984249e-05 1.000000000000000021e-08 4.799179851740835944e-05 1.000000000000000021e-08 1.000000000000000021e-08 9.758236897465406834e-05 1.782596451496898306e-04 1.955851986899364301e-04 1.000000000000000021e-08 1.000000000000000021e-08 1.513522806723967624e-05 2.382931262596627424e-05 1.543727245253938212e-05 1.000000000000000021e-08 2.449176346002493568e-05 3.500201443804199051e-05 3.922435021268265193e-04 7.350490980660031150e-04 1.641618079125178810e-04 2.018246175961022136e-04 1.093145878443581355e-05 1.074838666983328131e-04 1.000000000000000021e-08 1.369206756881088480e-05 6.866306139087079716e-05 8.793688461280601415e-05 8.739252719723829071e-05 9.597847345653559548e-05 9.415362750818444346e-05 9.873946750143172278e-05 1.506809499591515577e-04
