output/water_depth_3360.asc
ncols 223
nrows 158
xllcorner 0.0
yllcorner 0.0
cellsize 30.0
[rows 136 to 152 of 158, columns 37 to 73 of 223]
1.156896099536414007e-05 1.000000000000000021e-08 1.000000000000000021e-08 1.000000000000000021e-08 1.000000000000000021e-08 1.000000000000000021e-08 1.000000000000000021e-08 1.082837845784000813e-05 1.984782719481099520e-05 2.733851453523746057e-05 1.000000000000000021e-08 6.459877656404355937e-05 1.000000000000000021e-08 1.000000000000000021e-08 1.000000000000000021e-08 1.000000000000000021e-08 1.000000000000000021e-08 1.000000000000000021e-08 1.000000000000000021e-08 1.000000000000000021e-08 1.000000000000000021e-08 1.268104828522652619e-05 4.671772166124887996e-05 1.000000000000000021e-08 1.000000000000000021e-08 1.000000000000000021e-08 1.675473262323316968e-05 1.594641702414029008e-03 9.980603850544840071e-04 8.108430214281982587e-03 9.895595559631171351e-03 1.205760825781459003e-02 1.395449584501046864e-02 1.542898505344695545e-05 1.827873044636574683e-05 2.227085557156508063e-05 1.000000000000000021e-08
1.000000000000000021e-08 1.000000000000000021e-08 1.000000000000000021e-08 1.000000000000000021e-08 1.000000000000000021e-08 1.000000000000000021e-08 1.000000000000000021e-08 1.000000000000000021e-08 1.172731179862697650e-05 1.995462913814418529e-05 1.000000000000000021e-08 2.880823865650591011e-05 5.167660122930432299e-05 1.000000000000000021e-08 1.000000000000000021e-08 1.000000000000000021e-08 1.000000000000000021e-08 1.000000000000000021e-08 1.000000000000000021e-08 1.000000000000000021e-08 1.000000000000000021e-08 1.000000000000000021e-08 1.234032037506770603e-05 1.904434792926231132e-05 6.615728612275927414e-04 1.416829298059257380e-04 1.198376264684083970e-04 2.916741396304266785e-03 2.433628004701266466e-03 1.009370710236459981e-02 1.319569255786932557e-02 7.646884934371497335e-03 4.844758371021220048e-03 1.121340436137352640e-05 1.022995019091361846e-05 1.179355108451967594e-05 1.000000000000000021e-08
1.000000000000000021e-08 1.055664772274387107e-05 1.000000000000000021e-08 1.000000000000000021e-08 1.000000000000000021e-08 1.000000000000000021e-08 1.000000000000000021e-08 1.000000000000000021e-08 1.000000000000000021e-08 1.238641753901652465e-05 1.000000000000000021e-08 1.225075105847990410e-05 4.796234778021629322e-05 1.000000000000000021e-08 1.000000000000000021e-08 1.000000000000000021e-08 1.000000000000000021e-08 1.000000000000000021e-08 1.000000000000000021e-08 1.000000000000000021e-08 1.000000000000000021e-08 1.000000000000000021e-08 1.000000000000000021e-08 8.370340775829376422e-04 2.467709678257900587e-03 6.842091568812361593e-03 1.250099392722390547e-02 1.354987301568757498e-02 2.138628177953702872e-02 2.013581517297798398e-02 1.199933834835399497e-02 3.868000418451136878e-05 1.188996088724000909e-04 1.253017958098258358e-05 1.000000000000000021e-08 1.000000000000000021e-08 1.000000000000000021e-08
1.000000000000000021e-08 1.000000000000000021e-08 1.000000000000000021e-08 1.000000000000000021e-08 1.000000000000000021e-08 1.000000000000000021e-08 1.000000000000000021e-08 1.000000000000000021e-08 1.220774803263820861e-05 1.000000000000000021e-08 1.000000000000000021e-08 1.276075169972161457e-05 4.323659725389007285e-05 8.560481324951248032e-05 1.000000000000000021e-08 1.000000000000000021e-08 1.000000000000000021e-08 1.000000000000000021e-08 1.033744172077448124e-05 1.000000000000000021e-08 1.000000000000000021e-08 1.000000000000000021e-08 1.000000000000000021e-08 8.882874056860036449e-04 3.056127564385728752e-03 5.333671417565025857e-03 4.250721630843290640e-03 7.635779386944338207e-03 9.495547057759840329e-03 1.021105937423886709e-02 3.074964448936988622e-03 5.243727746894126220e-05 1.018691646923046852e-04 1.333307761594206421e-04 8.479388161914902197e-05 1.000000000000000021e-08 1.000000000000000021e-08
1.000000000000000021e-08 1.000000000000000021e-08 1.000000000000000021e-08 1.263758953649955471e-05 1.000000000000000021e-08 1.000000000000000021e-08 1.000000000000000021e-08 1.469329559498964905e-05 1.000000000000000021e-08 1.000000000000000021e-08 1.011665431113850007e-05 1.000000000000000021e-08 4.172358968555744377e-05 7.007905544996547874e-05 9.238023145413765493e-05 1.000000000000000021e-08 1.000000000000000021e-08 1.000000000000000021e-08 1.000000000000000021e-08 1.000000000000000021e-08 1.000000000000000021e-08 1.000000000000000021e-08 1.000000000000000021e-08 1.000012319127355827e-03 3.876760127136817495e-03 3.957618752185614562e-03 6.985507560297825672e-03 5.160184237203689801e-03 9.149919155631373521e-03 6.030621501764789338e-03 2.699327633507462169e-05 1.000000000000000021e-08 1.000000000000000021e-08 1.358986651310651532e-04 7.978867066962255566e-05 6.043871852615934049e-05 4.667606998968029588e-05
1.000000000000000021e-08 1.000000000000000021e-08 1.000000000000000021e-08 1.000000000000000021e-08 2.265986728881330792e-05 1.000000000000000021e-08 1.000000000000000021e-08 1.240408297013799460e-05 1.562095261462746282e-05 1.000000000000000021e-08 1.000000000000000021e-08 1.000000000000000021e-08 3.830779252155697042e-05 5.997542581125016591e-05 6.044751257576358471e-05 4.822688821919632909e-05 1.000000000000000021e-08 1.000000000000000021e-08 1.000000000000000021e-08 1.000000000000000021e-08 1.261614208379232360e-05 2.135978737857319629e-05 3.759719616995707499e-05 2.888225027412851843e-03 3.870685466221094294e-03 6.767797890279768185e-03 4.988498469027265875e-03 7.507866321727675943e-03 4.250450512997475463e-03 1.943193727811459498e-03 1.000000000000000021e-08 1.583030583153225470e-05 1.000000000000000021e-08 5.515586071042443116e-05 3.998445432653277050e-05 4.046659391979935628e-05 4.418027429146998336e-05
1.000000000000000021e-08 1.491181765428399319e-05 1.000000000000000021e-08 1.000000000000000021e-08 1.503376225196883155e-05 2.451445173000655657e-05 8.812303587251799227e-05 1.411413277546398712e-04 1.000000000000000021e-08 1.708331904798300857e-05 2.482810528101163096e-05 2.873347309564253015e-05 3.635310821773865314e-05 3.763682672616877552e-05 3.399989838128669132e-05 1.000000000000000021e-08 1.000000000000000021e-08 1.000000000000000021e-08 1.295075959384912175e-05 2.910522991701590349e-05 3.949513552695242690e-05 4.130538554287006841e-05 2.786098750933853032e-05 3.933163588443900315e-03 7.514069658818849258e-03 4.613076170863738765e-03 6.773030199756269881e-03 5.456362823107856370e-03 2.438302835277171614e-05 2.157330200263033994e-05 1.000000000000000021e-08 2.430657437297547885e-05 9.264893117539010274e-05 6.431804537247035112e-05 1.617920911827027918e-05 1.000000000000000021e-08 4.211326913051000032e-05
1.000000000000000021e-08 1.000000000000000021e-08 1.805874462222646683e-05 1.000000000000000021e-08 1.000000000000000021e-08 1.295781775728209478e-05 2.844504850689815389e-05 9.580741232836287237e-05 1.000000000000000021e-08 1.000000000000000021e-08 1.000000000000000021e-08 1.218779735866844321e-05 1.156894012498887091e-05 1.071071649467051352e-05 1.000000000000000021e-08 1.000000000000000021e-08 1.000000000000000021e-08 1.159196377481517119e-05 7.304652786535196585e-04 3.680487260041391713e-03 2.723328684777879920e-03 2.940777845358485357e-03 1.006680386233540017e-02 1.550186007616671975e-02 5.997487052960777387e-03 5.033666233178890267e-03 1.817058975553529103e-03 2.905273265231420043e-03 1.000000000000000021e-08 1.755222716850308477e-05 2.210687969056754327e-05 1.000000000000000021e-08 5.489307966837376346e-05 8.723965592607012807e-05 2.005039409266062437e-05 1.000000100000000021e-05 1.000000100000000021e-05
1.000000000000000021e-08 1.000000000000000021e-08 1.000000000000000021e-08 1.000000000000000021e-08 1.000000000000000021e-08 1.000000000000000021e-08 1.316770454181265993e-05 1.000000000000000021e-08 1.457858047867670073e-05 2.182351225574947722e-05 3.085073564143953989e-05 3.607341414199548269e-05 1.000000000000000021e-08 1.000000000000000021e-08 1.000000000000000021e-08 1.000000000000000021e-08 1.000000000000000021e-08 5.116618227704413020e-05 2.730374836754002714e-03 4.753898082414654419e-03 1.084883915057255691e-02 1.204453156057173208e-02 9.581065774071370958e-03 8.512843766217059391e-03 8.337450776464628210e-04 6.410233814594165766e-05 5.084671046233233739e-05 4.891681062166640750e-05 1.000000000000000021e-08 1.000000000000000021e-08 1.636155103281820207e-05 1.000000000000000021e-08 4.699108787058222080e-05 3.737079628818208986e-05 2.763448060948460675e-05 1.000000100000000021e-05 1.000000100000000021e-05
1.049526454471006950e-04 1.569559417763845971e-04 1.000000000000000021e-08 1.000000000000000021e-08 1.000000000000000021e-08 1.000000000000000021e-08 2.315016274711263457e-05 1.000000000000000021e-08 1.000000000000000021e-08 1.000000000000000021e-08 1.000000000000000021e-08 1.000000000000000021e-08 1.000000000000000021e-08 1.000000000000000021e-08 5.305512194548817236e-03 3.457767969426988816e-03 2.104708997381397797e-03 6.619861024847588718e-03 6.202812040567719579e-03 6.420698546469405174e-03 3.145210364572024759e-03 3.210432356261647829e-03 1.270414940615570767e-03 1.960056573629358374e-03 8.093516903524740087e-04 2.851288198080081254e-05 3.418337597983927726e-05 1.000000000000000021e-08 1.000000000000000021e-08 1.000000000000000021e-08 1.752846074078203277e-05 1.000000000000000021e-08 3.357534665334393852e-05 1.000000000000000021e-08 1.000000000000000021e-08 1.000000100000000021e-05 1.000000100000000021e-05
3.547437590691722659e-05 4.863102841741187907e-05 1.000000000000000021e-08 2.090563548579711653e-05 1.000000000000000021e-08 1.138626509257465629e-03 1.027887922828950957e-03 8.989391245230802900e-04 1.103273029016661137e-04 9.376027469110290917e-05 6.150420402733929352e-05 1.959433366172130508e-05 3.485048365247566055e-05 3.029642365478343749e-05 5.136749785127745285e-03 8.996269030677904108e-03 1.195600978271646464e-02 7.817078913116001088e-03 7.297209867348462831e-03 3.086953163574061333e-03 2.561394165004507277e-03 8.014568694214613438e-04 6.764753556059791830e-04 2.118080392867229792e-04 3.897604681738804232e-04 6.288997386101347889e-05 3.852760209976971949e-05 7.580314398361897882e-05 1.000000000000000021e-08 1.000000000000000021e-08 1.059127331644965327e-05 9.755223824089110307e-05 1.557069587126115530e-05 5.272254216456191033e-05 1.000000100000000021e-05 1.000000100000000021e-05 1.000000100000000021e-05
7.938439528695278517e-05 1.000000000000000021e-08 2.188848495906520024e-03 3.057611493061311841e-03 4.104361441132443888e-03 4.302448412099662070e-03 6.958328928514984253e-03 7.202643640169948194e-03 9.428700875078840915e-03 8.974693809715401233e-03 1.139109237683811129e-02 1.075405710028523934e-02 1.260656958789265099e-02 1.143866281000876887e-02 1.236427862487902637e-02 4.473287191908294214e-03 1.624933871797363530e-03 1.294944927267476691e-03 3.999344776397322464e-04 3.355682147417451207e-04 2.534918399802147271e-04 1.000000000000000021e-08 1.000000000000000021e-08 1.000000000000000021e-08 1.000000000000000021e-08 6.231710129669873748e-05 2.935046806697808210e-05 6.429818961520152411e-05 1.000000000000000021e-08 1.000000000000000021e-08 1.000000000000000021e-08 4.568157770362803676e-05 1.000000100000000021e-05 1.000000100000000021e-05 1.000000100000000021e-05 1.000000100000000021e-05 1.000000100000000021e-05
2.180623007127730422e-05 1.346472612750788077e-03 2.057979207061411565e-03 4.246095239756979972e-03 1.433388458477935588e-03 2.413106997901882152e-03 4.314164270454256753e-03 2.990923117164349769e-03 5.662484228437715972e-04 4.292785536561317429e-04 1.488424823602022863e-04 1.434907493070391288e-04 4.698940368452244872e-05 6.208169643500137435e-05 7.264880353454207778e-04 1.000000000000000021e-08 1.000000000000000021e-08 1.000000000000000021e-08 1.000000000000000021e-08 1.000000000000000021e-08 1.000000000000000021e-08 1.000000000000000021e-08 1.147803959951555361e-05 1.000000000000000021e-08 1.302001677349451015e-05 3.421546066479351240e-05 1.000000000000000021e-08 7.536234262954557271e-05 1.000000100000000021e-05 1.000000100000000021e-05 1.000000100000000021e-05 1.000000100000000021e-05 1.000000100000000021e-05 1.000000100000000021e-05 1.000000100000000021e-05 1.000000100000000021e-05 1.000000100000000021e-05
5.830542707989162278e-03 6.979614309110660983e-03 4.679101813979061851e-03 4.479476350892999149e-03 2.770743928206659962e-03 1.966693926891700805e-03 2.566051000631083909e-03 1.688053009156285662e-03 2.655650097090598866e-04 7.901747384650464239e-05 6.522674478602629757e-05 1.935125652945448302e-05 1.000000000000000021e-08 3.119857163376976033e-05 3.778803722572868251e-05 1.000000000000000021e-08 1.000000000000000021e-08 2.207517649068633137e-05 1.000000000000000021e-08 1.000000000000000021e-08 1.000000000000000021e-08 1.000000000000000021e-08 1.000000000000000021e-08 1.000000000000000021e-08 1.000000000000000021e-08 1.619111034611618065e-05 8.165221569213072469e-05 1.000000100000000021e-05 1.000000100000000021e-05 1.000000100000000021e-05 1.000000100000000021e-05 1.000000100000000021e-05 1.000000100000000021e-05 1.000000100000000021e-05 1.000000100000000021e-05 1.000000100000000021e-05 1.000000100000000021e-05
1.108803197242293328e-04 9.449542244351667329e-05 2.945458585727540499e-05 2.641179315882193459e-04 1.535112908096117646e-05 1.000000000000000021e-08 1.000000000000000021e-08 1.000000000000000021e-08 1.000000000000000021e-08 1.000000000000000021e-08 1.000000000000000021e-08 1.000000000000000021e-08 1.828379369315912283e-05 2.258998275770752551e-04 4.382422913624424562e-05 1.000000000000000021e-08 1.000000000000000021e-08 1.203430517222536226e-05 1.000000000000000021e-08 1.000000000000000021e-08 1.000000000000000021e-08 1.000000000000000021e-08 1.000000000000000021e-08 1.000000000000000021e-08 1.000000000000000021e-08 1.270070648179268256e-05 1.000000100000000021e-05 1.000000100000000021e-05 1.000000100000000021e-05 1.000000100000000021e-05 1.000000100000000021e-05 1.000000100000000021e-05 1.000000100000000021e-05 1.000000100000000021e-05 1.000000100000000021e-05 1.000000100000000021e-05 1.000000100000000021e-05
1.069597606037301355e-05 1.000000000000000021e-08 1.000000000000000021e-08 6.479768848592230889e-05 8.389663849471870995e-05 1.000000000000000021e-08 1.000000000000000021e-08 1.000000000000000021e-08 1.000000000000000021e-08 1.000000000000000021e-08 1.000000000000000021e-08 1.086571302233552417e-05 1.520326188510376694e-05 1.625005315113983359e-04 3.416672263957228409e-05 1.000000000000000021e-08 1.000000000000000021e-08 1.000000000000000021e-08 1.000000000000000021e-08 1.000000000000000021e-08 1.000000000000000021e-08 1.000000000000000021e-08 1.498325241867888013e-05 1.000000100000000021e-05 1.000000100000000021e-05 1.000000100000000021e-05 1.000000100000000021e-05 1.000000100000000021e-05 1.000000100000000021e-05 1.000000100000000021e-05 1.000000100000000021e-05 1.000000100000000021e-05 1.000000100000000021e-05 1.000000100000000021e-05 1.000000100000000021e-05 1.000000100000000021e-05 1.000000100000000021e-05
5.367880427225857072e-05 5.897250163235177016e-05 7.632461876424700335e-05 6.855443850278343575e-05 6.851328843451018943e-05 1.000000000000000021e-08 1.000000000000000021e-08 1.000000000000000021e-08 1.000000000000000021e-08 1.000000000000000021e-08 1.000000000000000021e-08 1.000000000000000021e-08 1.000000000000000021e-08 1.620857612988753035e-04 3.278056670394877690e-05 1.000000000000000021e-08 1.000000000000000021e-08 1.000000000000000021e-08 1.000000000000000021e-08 1.000000000000000021e-08 2.509207428732970193e-05 1.000000000000000021e-08 1.578628628122698057e-04 1.000000100000000021e-05 1.000000100000000021e-05 1.000000100000000021e-05 1.000000100000000021e-05 1.000000100000000021e-05 1.000000100000000021e-05 1.000000100000000021e-05 1.000000100000000021e-05 1.000000100000000021e-05 1.000000100000000021e-05 1.000000100000000021e-05 1.000000100000000021e-05 1.000000100000000021e-05 1.000000100000000021e-05
