output/water_depth_9600.asc
ncols 223
nrows 158
xllcorner 0.0
yllcorner 0.0
cellsize 30.0
[rows 68 to 84 of 158, columns 185 to 221 of 223]
1.000000000000000021e-08 1.358970716343783845e-05 1.324458422132039491e-05 1.000000000000000021e-08 1.000000000000000021e-08 1.000000000000000021e-08 1.000000000000000021e-08 1.000000000000000021e-08 1.000000000000000021e-08 1.000000000000000021e-08 1.000000000000000021e-08 1.000000000000000021e-08 5.808390010030001189e-05 1.292200947305955055e-04 1.083577717751326591e-04 2.842115243801117950e-05 5.970688977997529949e-05 1.300618616879472059e-04 1.666330733865803134e-03 2.394649628267748207e-04 2.682900013143267072e-04 1.000000100000000021e-05 1.000000100000000021e-05 1.000000100000000021e-05 1.000000100000000021e-05 1.000000100000000021e-05 1.000000100000000021e-05 1.000000100000000021e-05 1.000000100000000021e-05 1.000000100000000021e-05 1.000000100000000021e-05 1.000000100000000021e-05 1.000000100000000021e-05 1.000000100000000021e-05 1.000000100000000021e-05 1.000000100000000021e-05 1.000000100000000021e-05
1.000000000000000021e-08 1.000000000000000021e-08 1.131977328727888539e-05 1.000000000000000021e-08 1.000000000000000021e-08 1.000000000000000021e-08 1.000000000000000021e-08 1.000000000000000021e-08 1.000000000000000021e-08 1.000000000000000021e-08 1.000000000000000021e-08 1.000000000000000021e-08 4.740375778133932574e-05 3.204619810502038445e-03 1.935083388841522443e-04 6.798116615228505771e-05 1.000000000000000021e-08 1.000000000000000021e-08 1.252840919583622051e-04 1.841940974634514181e-04 3.414274990159047113e-04 1.000000100000000021e-05 1.000000100000000021e-05 1.000000100000000021e-05 1.000000100000000021e-05 1.000000100000000021e-05 1.000000100000000021e-05 1.000000100000000021e-05 1.000000100000000021e-05 1.000000100000000021e-05 1.000000100000000021e-05 1.000000100000000021e-05 1.000000100000000021e-05 1.000000100000000021e-05 1.000000100000000021e-05 1.000000100000000021e-05 1.000000100000000021e-05
1.000000000000000021e-08 1.000000000000000021e-08 1.000000000000000021e-08 1.000000000000000021e-08 1.000000000000000021e-08 1.000000000000000021e-08 1.000000000000000021e-08 1.000000000000000021e-08 1.000000000000000021e-08 1.000000000000000021e-08 1.000000000000000021e-08 3.772648323630029026e-05 2.889649158607703340e-05 2.184542126823810240e-05 1.843123083821532010e-05 1.000000000000000021e-08 1.000000000000000021e-08 1.000000000000000021e-08 7.842781698654139320e-05 1.811112361336086462e-04 4.607003066648539149e-04 1.000000100000000021e-05 1.000000100000000021e-05 1.000000100000000021e-05 1.000000100000000021e-05 1.000000100000000021e-05 1.000000100000000021e-05 1.000000100000000021e-05 1.000000100000000021e-05 1.000000100000000021e-05 1.000000100000000021e-05 1.000000100000000021e-05 1.000000100000000021e-05 1.000000100000000021e-05 1.000000100000000021e-05 1.000000100000000021e-05 1.000000100000000021e-05
1.000000000000000021e-08 1.000000000000000021e-08 1.000000000000000021e-08 1.000000000000000021e-08 1.000000000000000021e-08 1.000000000000000021e-08 1.000000000000000021e-08 1.000000000000000021e-08 1.000000000000000021e-08 1.000000000000000021e-08 1.123034991593743824e-05 6.942172267069411813e-05 2.258367548761744381e-05 1.000000000000000021e-08 1.227426436609514813e-05 2.755730928305936885e-05 1.000000000000000021e-08 1.000000000000000021e-08 6.000329484367990858e-05 2.165101437636522404e-04 3.094753233170987076e-04 2.612183025101767579e-04 1.000000100000000021e-05 1.000000100000000021e-05 1.000000100000000021e-05 1.000000100000000021e-05 1.000000100000000021e-05 1.000000100000000021e-05 1.000000100000000021e-05 1.000000100000000021e-05 1.000000100000000021e-05 1.000000100000000021e-05 1.000000100000000021e-05 1.000000100000000021e-05 1.000000100000000021e-05 1.000000100000000021e-05 1.000000100000000021e-05
1.000000000000000021e-08 1.000000000000000021e-08 1.000000000000000021e-08 1.000000000000000021e-08 1.000000000000000021e-08 1.000000000000000021e-08 1.000000000000000021e-08 1.000000000000000021e-08 1.000000000000000021e-08 1.000000000000000021e-08 1.593048867144600887e-05 5.453026575273980258e-05 1.000000000000000021e-08 1.000000000000000021e-08 1.000000000000000021e-08 3.009095076668125748e-05 2.181512524077488757e-05 1.522552952717741721e-05 5.227181577931027539e-05 1.523014221440205092e-04 4.390842287041992007e-04 1.956317171110777246e-04 1.000000000000000021e-08 1.000000100000000021e-05 1.000000100000000021e-05 1.000000100000000021e-05 1.000000100000000021e-05 1.000000100000000021e-05 1.000000100000000021e-05 1.000000100000000021e-05 1.000000100000000021e-05 1.000000100000000021e-05 1.000000100000000021e-05 1.000000100000000021e-05 1.000000100000000021e-05 1.000000100000000021e-05 1.000000100000000021e-05
3.615531549153211031e-04 1.000000000000000021e-08 1.000000000000000021e-08 1.000000000000000021e-08 1.000000000000000021e-08 1.000000000000000021e-08 1.000000000000000021e-08 1.000000000000000021e-08 3.203166035143404185e-05 1.000000000000000021e-08 2.181655133220934727e-05 1.711868477320149134e-04 5.451640982788050568e-05 1.000000000000000021e-08 1.000000000000000021e-08 2.772213336877725438e-05 3.422974348794106052e-05 3.009920543999855072e-05 5.101672272040385519e-05 1.926056882812745750e-04 6.350474299371304055e-04 1.853795545378781565e-04 3.610911563237195288e-05 3.037179744688719136e-05 1.000000100000000021e-05 1.000000100000000021e-05 1.000000100000000021e-05 1.000000100000000021e-05 1.000000100000000021e-05 1.000000100000000021e-05 1.000000100000000021e-05 1.000000100000000021e-05 1.000000100000000021e-05 1.000000100000000021e-05 1.000000100000000021e-05 1.000000100000000021e-05 1.000000100000000021e-05
1.841454726951528842e-02 1.000000000000000021e-08 1.000000000000000021e-08 1.000000000000000021e-08 1.000000000000000021e-08 1.000000000000000021e-08 1.000000000000000021e-08 1.000000000000000021e-08 2.264409269476080471e-05 1.000000000000000021e-08 2.050841124023357540e-05 2.831247562569775005e-04 7.768196663990440916e-05 1.000000000000000021e-08 1.000000000000000021e-08 2.815976180066186865e-05 6.612551257663115873e-05 3.243002100596968184e-05 4.454015216586456152e-05 1.110562313415452875e-04 9.546916391805199522e-04 2.763114244541237086e-04 1.449246667690175083e-05 1.000000000000000021e-08 1.000000100000000021e-05 1.000000100000000021e-05 1.000000100000000021e-05 1.000000100000000021e-05 1.000000100000000021e-05 1.000000100000000021e-05 1.000000100000000021e-05 1.000000100000000021e-05 1.000000100000000021e-05 1.000000100000000021e-05 1.000000100000000021e-05 1.000000100000000021e-05 1.000000100000000021e-05
1.662821224619009247e-02 1.419852398447371544e-02 4.869257616948157184e-05 1.000000000000000021e-08 1.000000000000000021e-08 1.000000000000000021e-08 1.000000000000000021e-08 1.000000000000000021e-08 1.000000000000000021e-08 1.000000000000000021e-08 5.786062117060666952e-05 3.476162704071770375e-04 6.242926465289216594e-05 1.205067507301317579e-05 1.000000000000000021e-08 3.118832943348545531e-05 1.014552625975090420e-04 5.209867894455629190e-05 3.243789321865082588e-05 1.211119436186613996e-02 1.263595462133087523e-02 5.812989394032447987e-05 1.000000000000000021e-08 1.000000000000000021e-08 1.000000100000000021e-05 1.000000100000000021e-05 1.000000100000000021e-05 1.000000100000000021e-05 1.000000100000000021e-05 1.000000100000000021e-05 1.000000100000000021e-05 1.000000100000000021e-05 1.000000100000000021e-05 1.000000100000000021e-05 1.000000100000000021e-05 1.000000100000000021e-05 1.000000100000000021e-05
2.024933071067877566e-02 1.395499752653948933e-02 4.504198281308274609e-05 1.000000000000000021e-08 1.000000000000000021e-08 1.000000000000000021e-08 1.000000000000000021e-08 1.000000000000000021e-08 1.000000000000000021e-08 1.000000000000000021e-08 5.409799595925011750e-05 4.469247124981424275e-04 7.793258559546632238e-05 1.644900598996875581e-05 1.000000000000000021e-08 1.000000000000000021e-08 1.077750177958488508e-04 4.278336419623168503e-05 9.123447112090803460e-03 1.110583390863581835e-02 1.225053545708218103e-02 1.068396751218053279e-05 1.000000000000000021e-08 1.000000000000000021e-08 1.622873552535371343e-03 1.815270725110883866e-05 1.000000100000000021e-05 1.000000100000000021e-05 1.000000100000000021e-05 1.000000100000000021e-05 1.000000100000000021e-05 1.000000100000000021e-05 1.000000100000000021e-05 1.000000100000000021e-05 1.000000100000000021e-05 1.000000100000000021e-05 1.000000100000000021e-05
2.959046430640250788e-02 8.877245052159712935e-03 3.887842055544608866e-05 1.000000000000000021e-08 1.000000000000000021e-08 1.000000000000000021e-08 1.000000000000000021e-08 1.000000000000000021e-08 1.262363154859845781e-05 2.408177550956506200e-05 4.886361284542445576e-05 5.080843334800967366e-04 7.626606728663450725e-05 2.386970776968134149e-05 2.843336265948170650e-05 2.409592356648144400e-04 1.581520680662189477e-03 1.940192586800211375e-03 2.895064751305475442e-03 8.813375140080232165e-03 1.877412051974832493e-04 2.298930081818923842e-03 5.193732438487963553e-05 2.694069233549861958e-05 1.000000000000000021e-08 1.000000000000000021e-08 1.000000100000000021e-05 1.000000100000000021e-05 1.000000100000000021e-05 1.000000100000000021e-05 1.000000100000000021e-05 1.000000100000000021e-05 1.000000100000000021e-05 1.000000100000000021e-05 1.000000100000000021e-05 1.000000100000000021e-05 1.000000100000000021e-05
2.929974306558727482e-02 1.443509125433332756e-02 5.271550783427884641e-05 1.000000000000000021e-08 1.000000000000000021e-08 1.000000000000000021e-08 1.794570023272323058e-05 3.256033134010558050e-05 5.178710268559761178e-05 7.946859176522809301e-05 2.135161210475315565e-03 8.717603212808037886e-04 7.246542171732013289e-04 1.033746637895316314e-03 1.971757431016859553e-03 1.319252401745476741e-02 2.483441325767535637e-03 1.613435030010554891e-03 1.000000000000000021e-08 1.000000000000000021e-08 1.000000000000000021e-08 1.000000000000000021e-08 1.000000000000000021e-08 1.000000000000000021e-08 1.000000000000000021e-08 1.000000000000000021e-08 1.000000100000000021e-05 1.000000100000000021e-05 1.000000100000000021e-05 1.000000100000000021e-05 1.000000100000000021e-05 1.000000100000000021e-05 1.000000100000000021e-05 1.000000100000000021e-05 1.000000100000000021e-05 1.000000100000000021e-05 1.000000100000000021e-05
4.341430422184975463e-02 1.566372406473691414e-01 2.818981752330079445e-04 1.000000000000000021e-08 1.000000000000000021e-08 1.196777437874337901e-05 1.000000000000000021e-08 1.134297633243392882e-05 1.000000000000000021e-08 2.469377531707980314e-05 1.614700137039667917e-04 1.643216387936414710e-02 1.702830083144036806e-03 1.767770511438872044e-03 1.978773004300041737e-03 1.309379775225741945e-05 1.016225993880523212e-05 1.000000000000000021e-08 1.000000000000000021e-08 1.000000000000000021e-08 1.000000000000000021e-08 1.000000000000000021e-08 1.000000000000000021e-08 1.000000000000000021e-08 1.000000000000000021e-08 1.000000000000000021e-08 1.000000100000000021e-05 1.000000100000000021e-05 1.000000100000000021e-05 1.000000100000000021e-05 1.000000100000000021e-05 1.000000100000000021e-05 1.000000100000000021e-05 1.000000100000000021e-05 1.000000100000000021e-05 1.000000100000000021e-05 1.000000100000000021e-05
3.734419426010350041e-04 1.218408264620697984e-01 5.287017813882573941e-02 3.994000383220889963e-04 1.000000000000000021e-08 1.689542943213261496e-05 1.000000000000000021e-08 1.000000000000000021e-08 1.000000000000000021e-08 1.000000000000000021e-08 1.212632556824134138e-04 1.426503666911466475e-02 1.523101877886850856e-02 1.528459754409964861e-03 3.404819471287400825e-04 1.000000000000000021e-08 1.000000000000000021e-08 1.000000000000000021e-08 1.000000000000000021e-08 1.000000000000000021e-08 1.000000000000000021e-08 1.000000000000000021e-08 1.000000000000000021e-08 1.000000000000000021e-08 1.000000000000000021e-08 1.000000000000000021e-08 1.000000100000000021e-05 1.000000100000000021e-05 1.000000100000000021e-05 1.000000100000000021e-05 1.000000100000000021e-05 1.000000100000000021e-05 1.000000100000000021e-05 1.000000100000000021e-05 1.000000100000000021e-05 1.000000100000000021e-05 1.000000100000000021e-05
1.000000000000000021e-08 1.000000000000000021e-08 4.653362041367233720e-02 2.638975446315790577e-02 1.805970467940871613e-02 6.373434362003115722e-03 1.000000000000000021e-08 1.000000000000000021e-08 1.000000000000000021e-08 1.000000000000000021e-08 8.038671871210159136e-05 4.841709822708153803e-03 1.252415506716357714e-02 2.050478784020670164e-04 5.774696466003485508e-05 1.000000000000000021e-08 1.000000000000000021e-08 1.000000000000000021e-08 1.000000000000000021e-08 1.000000000000000021e-08 1.000000000000000021e-08 1.000000000000000021e-08 1.000000000000000021e-08 1.000000000000000021e-08 1.000000000000000021e-08 1.000000000000000021e-08 1.000000100000000021e-05 1.000000100000000021e-05 1.000000100000000021e-05 1.000000100000000021e-05 1.000000100000000021e-05 1.000000100000000021e-05 1.000000100000000021e-05 1.000000100000000021e-05 1.000000100000000021e-05 1.000000100000000021e-05 1.000000100000000021e-05
1.000000000000000021e-08 1.000000000000000021e-08 1.000000000000000021e-08 2.575244720784774025e-02 1.444617727707768473e-01 1.168791268372655207e-01 4.845634997837174052e-02 4.763279063196878865e-04 1.777468992310922327e-04 1.492191001754874808e-03 1.927729162053647615e-03 3.239579776367751147e-03 2.886326430830779837e-04 2.930500902038827259e-03 1.000000000000000021e-08 1.000000000000000021e-08 1.000000000000000021e-08 1.000000000000000021e-08 1.000000000000000021e-08 1.000000000000000021e-08 1.000000000000000021e-08 1.000000000000000021e-08 1.000000000000000021e-08 1.000000000000000021e-08 1.000000000000000021e-08 1.000000000000000021e-08 1.000000100000000021e-05 1.000000100000000021e-05 1.000000100000000021e-05 1.000000100000000021e-05 1.000000100000000021e-05 1.000000100000000021e-05 1.000000100000000021e-05 1.000000100000000021e-05 1.000000100000000021e-05 1.000000100000000021e-05 1.000000100000000021e-05
1.000000000000000021e-08 1.000000000000000021e-08 1.000000000000000021e-08 1.535479398795557200e-04 1.429729061361235997e-04 1.379902102939855658e-04 4.887986391823594123e-02 1.467784179733146004e-02 4.802088953249379101e-03 1.972468899242623298e-03 1.978998308581113828e-03 1.928806261399762219e-03 1.000000000000000021e-08 1.000000000000000021e-08 1.000000000000000021e-08 1.000000000000000021e-08 1.000000000000000021e-08 1.000000000000000021e-08 1.000000000000000021e-08 1.000000000000000021e-08 2.057798767459680176e-05 1.512303237677953502e-05 1.000000000000000021e-08 1.000000000000000021e-08 1.000000000000000021e-08 1.000000000000000021e-08 1.000000100000000021e-05 1.000000100000000021e-05 1.000000100000000021e-05 1.000000100000000021e-05 1.000000100000000021e-05 1.000000100000000021e-05 1.000000100000000021e-05 1.000000100000000021e-05 1.000000100000000021e-05 1.000000100000000021e-05 1.000000100000000021e-05
1.477257366660081212e-05 1.197206595077697956e-05 1.045070748316200849e-05 1.000000000000000021e-08 1.000000000000000021e-08 1.000000000000000021e-08 4.149684990325425149e-02 1.272801331553168325e-01 1.205487095658621943e-01 2.595567288674710017e-03 1.734650676060726189e-03 1.003626318097322438e-03 1.000000000000000021e-08 1.000000000000000021e-08 1.000000000000000021e-08 1.000000000000000021e-08 1.000000000000000021e-08 1.000000000000000021e-08 1.000000000000000021e-08 2.396309674689744412e-05 1.482444026116455323e-05 1.814466915322795638e-05 1.074245001142468802e-05 1.000000000000000021e-08 1.000000000000000021e-08 2.413081985892486775e-05 2.216787703446677560e-05 1.000000100000000021e-05 1.000000100000000021e-05 1.000000100000000021e-05 1.000000100000000021e-05 1.000000100000000021e-05 1.000000100000000021e-05 1.000000100000000021e-05 1.000000100000000021e-05 1.000000100000000021e-05 1.000000100000000021e-05
