output/water_depth_2280.asc
ncols 223
nrows 158
xllcorner 0.0
yllcorner 0.0
cellsize 30.0
[rows 68 to 84 of 158, columns 37 to 73 of 223]
9.565652535210522286e-05 1.276952723151122623e-04 1.806249255220710619e-04 2.136938934432399794e-04 1.871346745256701290e-05 2.216175365371032553e-04 2.545486614747501401e-04 2.236990820333352578e-04 1.850720281587428132e-05 1.000000000000000021e-08 1.000000000000000021e-08 1.950161114883236502e-04 3.446351210823263853e-04 5.733597234816347870e-05 6.371044365394266679e-04 1.378938837003707897e-04 7.924157839442316689e-04 2.443681318568015890e-04 1.577575114422698156e-04 1.677549713437106722e-04 1.568255817420430233e-04 3.231416924705616742e-04 1.430013826876103122e-03 9.175884942925753573e-03 2.762050864044222290e-03 1.252844674548948661e-05 1.000000000000000021e-08 1.000000000000000021e-08 1.000000000000000021e-08 1.000000000000000021e-08 2.178374295089521691e-05 6.135258716878889626e-05 6.504214196289587093e-05 7.310070241052845166e-05 1.028006951648939430e-04 7.239360712497648251e-05 6.679218447697740212e-05
5.440055260113892105e-05 6.762217520026652328e-05 1.006327917972751066e-04 1.086152220922122316e-04 1.031878766600808728e-04 1.099802610052520529e-04 1.501439813458321944e-04 1.549341882792815877e-04 1.838776740556971243e-04 4.082319554654255302e-05 6.224485795587382140e-05 4.479000312489316964e-05 2.708381414369909350e-05 4.035066333388902661e-04 4.300356939613846660e-04 1.487778849008704633e-04 6.539159344582459472e-04 1.581318714770842029e-04 2.032395235827127457e-04 2.787574744268760140e-04 1.112927260292169646e-03 3.361730457400244473e-04 1.179900217107705297e-03 1.199836698216713961e-03 1.534630607467975597e-03 3.585787869549590320e-03 2.010593085017001048e-05 1.000000000000000021e-08 1.000000000000000021e-08 1.000000000000000021e-08 1.624593231760728957e-05 1.000000000000000021e-08 1.526961400239938487e-03 1.091151273466508913e-02 1.567818909136289504e-02 1.531811202456038502e-02 9.515845214518243653e-03
5.778068551593773560e-05 1.667586077522027218e-05 5.599628514033730994e-05 5.661524446946110601e-05 1.000000000000000021e-08 4.445768950795458892e-05 9.315527971730403216e-05 2.536212473775676388e-04 5.078110841128858667e-04 1.301413893654803007e-04 2.127595405984389798e-04 2.353858526370289708e-04 2.846573051369320068e-04 2.308453696240647841e-04 2.996240377990621825e-04 2.835348165281935287e-04 1.758764835191223589e-03 2.456928127814997560e-04 7.161739644202148739e-04 5.485516292939630629e-04 4.711866510262513658e-04 1.533146343545741105e-03 8.896175482694724558e-04 7.895282517465250548e-04 7.930800174078127295e-05 1.000000000000000021e-08 1.967597634130183930e-04 1.742859920589449646e-04 2.292234012560832008e-05 1.591996820905024115e-03 5.368384377982399203e-04 9.120481700840624845e-03 1.296916514362564214e-02 1.316112257315540587e-02 1.330809253546204676e-02 1.145073749545431549e-02 1.674283852390416605e-02
1.000000100000000021e-05 1.791177502691748984e-04 2.832348966554369102e-05 5.560620786493063362e-05 7.054344008931590646e-05 1.000000000000000021e-08 5.866430779544282593e-05 1.097972278325550063e-04 2.424232676729419912e-04 2.557150865410924893e-04 3.773886481115636972e-04 1.261760150904588530e-03 1.883261806101617320e-03 1.436682236041199930e-03 1.230436056088256768e-03 1.933844703157212028e-03 3.018316041339787550e-03 8.432415477784184141e-03 4.746468335899578332e-03 3.088962196464697593e-03 3.081678165280269961e-03 3.934151639751604437e-03 2.096499728919033398e-02 1.675310571346294228e-03 1.181469828552985431e-03 3.938616488203389426e-04 1.222077352738539348e-03 9.667505917159186120e-04 6.874289605927910935e-04 6.919016566996109840e-03 1.108278133296523860e-02 1.312714243601517325e-02 1.163591270194589029e-02 1.186613254718468270e-02 9.091543022281373468e-03 1.243853214881543608e-02 1.149981410207042906e-02
2.174843110846300272e-04 4.726620091329400593e-04 3.653293774774925805e-04 2.404471870331788177e-04 1.666643375521905876e-05 1.000000000000000021e-08 1.000000000000000021e-08 2.985638899312203576e-04 1.085741984964511955e-03 9.581314643511181905e-04 7.292068512339905601e-04 8.763048048728069167e-04 1.393999082124534102e-03 3.171683624629886237e-03 3.620671862046788772e-03 4.974839462214939931e-03 3.673333790251193890e-03 4.448433958358662295e-03 5.555825762356492517e-03 6.529135226009376292e-03 4.682390223998360475e-03 3.703729333025635503e-03 5.461955407580521525e-03 7.641279484661939875e-03 2.754285202371317166e-03 2.321393893952240946e-03 1.823380672315166179e-02 1.785395274894556461e-02 2.527002804864595178e-02 2.297714077765048574e-02 2.923292616340815442e-02 1.594248359412362911e-02 1.163345217565378044e-02 9.828286802518822543e-03 7.050498366810642285e-03 5.145253358387530396e-03 4.908582240883382561e-03
2.570729089579408240e-04 1.890155398748984269e-04 4.057929320851743770e-04 4.078579632248624694e-05 2.695519638517069249e-04 2.694898831885411076e-04 2.650831297892666783e-04 6.622297607812427638e-04 8.931910319455680378e-04 1.595977623520719590e-03 1.745098530712824647e-03 1.649812193920381555e-03 2.109317929436787392e-03 1.607118026988083471e-03 1.758374288939059359e-03 1.340282229868928728e-03 1.585193115768893102e-03 2.079817044419480544e-03 8.092683131364600442e-04 6.760752512096524988e-03 7.125535856309682566e-03 5.609407421562527356e-03 5.807035097332446244e-03 1.639440896011522611e-02 1.768220377209856961e-02 2.314353899205476989e-02 1.632528594452391929e-02 1.050786657574006785e-02 6.700514634139712392e-03 5.326080987774713983e-03 4.063586786128290176e-03 3.146187379736286194e-03 2.076543281456432518e-03 1.348784825034811960e-03 4.445869575988422510e-04 3.336082761913125453e-04 3.844030395898340819e-04
5.796763774448032746e-04 8.661715674531367780e-04 1.182129224548839671e-03 1.495322567486132622e-03 1.847640502918571591e-03 2.371794686351018540e-03 2.846216332749185781e-03 3.144242629970545565e-03 2.315675819372196940e-03 5.658576010010605640e-04 5.227818864327566728e-04 6.384290217333979953e-04 2.149512413174225155e-04 1.918291567400133254e-04 2.303905745435181436e-04 9.235576501368489592e-04 7.946361005843635781e-04 5.080618923082586133e-04 3.164978595091009930e-04 2.433668084213223034e-04 1.595608092965821389e-04 5.862084444767013194e-03 9.331950415096769771e-03 1.030469861834248067e-02 2.019229440358481439e-03 6.543059677466303266e-04 1.219581495798298864e-04 1.991948428456421605e-04 2.223766514985537951e-04 2.307233415996026694e-04 2.293121149195452503e-04 1.965560160560987993e-04 1.821263393712350910e-04 1.753936482355749791e-04 2.010410350791532071e-04 1.886694213485966710e-04 2.839547352084353295e-05
3.576013789510255631e-03 4.054064167261241225e-04 9.728297483588519985e-05 1.344012754182418996e-04 1.369415039971520255e-04 5.319857289049455262e-04 4.532451041737540565e-04 2.182295022759999333e-05 3.843595091731501055e-05 3.890450476394668338e-05 5.849631360228077802e-05 5.754863241742231629e-05 8.515413624197378949e-05 8.311198812035586723e-05 4.474491884324395107e-04 3.858592487503321880e-04 5.182532070138701165e-04 5.740722110295484520e-04 5.067479798191842216e-04 4.267334767037552954e-04 3.571947571599325935e-04 9.637897328929354111e-04 1.698691271346510151e-03 3.090470614910931528e-04 5.081061164451182270e-05 7.526588851737408810e-05 1.248769421020636536e-04 1.414611627397414483e-04 1.732510613942046058e-04 1.553781879689373059e-04 1.074396292113961740e-04 2.000900159172292760e-04 1.854102583495694683e-04 1.770894393897006337e-04 1.324491923839179108e-04 1.565503716680061424e-05 1.406675432180513482e-05
1.471017818521904255e-04 2.470019777003582299e-04 2.594540362623991026e-05 1.000000000000000021e-08 1.751520251680291593e-05 1.000000000000000021e-08 1.000000000000000021e-08 4.482665902829856112e-05 6.010643362366310300e-05 8.125137640660431602e-05 8.075258797549865432e-05 7.751193067880772589e-05 6.227082199051863203e-05 6.138231822652331470e-05 5.554604986829594129e-05 1.187603566127205221e-04 5.180397850174935873e-04 1.286450368962906632e-03 1.236569826499171916e-03 9.950147894514189614e-04 9.592114232985169677e-04 1.886704363841786676e-03 2.633844601043541095e-04 1.395278872883646832e-04 4.423890473412328447e-05 7.308999026512771522e-05 5.485299508062240295e-05 7.521287884336652716e-05 5.951479788666872909e-05 6.805340438896839066e-05 1.114459892670985921e-04 1.083607906870740281e-04 1.940988520546935354e-04 2.287062379257002889e-04 2.277183923852042075e-04 1.881137631154086525e-04 1.694102837087261280e-04
1.290414987777179802e-04 1.900045261357115691e-04 2.384620866896162278e-04 6.366737941657145622e-05 5.137982466505023390e-05 7.150589782558949609e-05 3.947596129423969311e-04 3.412162059754953207e-04 3.430528123639585403e-04 3.418039748185354703e-04 3.527618049380293092e-04 3.322078787350928823e-04 3.151785096325729015e-04 2.840607997508412768e-04 2.541109631438046110e-04 2.223371259345404338e-04 1.356724381162352673e-03 2.370362275629013093e-03 2.009414034734965937e-03 1.980615665823192827e-03 1.640264145700909672e-03 2.354977861168311426e-03 2.538157161776398354e-03 1.053785184021851178e-05 7.101138176508477000e-05 1.179726264114667664e-04 1.102070214588474862e-04 1.322745607292812183e-04 1.329651439249028913e-04 1.293215451262687819e-04 1.803648893748248947e-04 1.830635157085847150e-04 2.440850418600192808e-04 3.045174632742165947e-04 3.427505959226168184e-04 3.503063944300356062e-04 5.426945538803348585e-04
1.219135042776864179e-04 1.551481317512259765e-04 1.869157971388137605e-04 3.514562692655549933e-05 7.235100806152411704e-05 1.339702821488108998e-04 4.028123816101058792e-04 4.059716219733250906e-04 5.978119822839748215e-04 1.570205479840288895e-03 2.732243437461204065e-03 2.999782242064538001e-03 3.824928525247435832e-03 3.777993490214709860e-03 5.375296968383162614e-03 5.145005238666903319e-03 6.305827764316071331e-03 6.003865765419670944e-03 8.342076625370698287e-03 5.739804722624121391e-03 5.503871818567324624e-03 2.762095804165230067e-03 4.936057266302138098e-03 5.781534301517527916e-05 1.000000000000000021e-08 1.157451793236438219e-04 1.673521363076055900e-04 2.120272318361076790e-04 1.985847844580602723e-04 2.023765660594736967e-04 2.433375471022095288e-04 2.455979471948922495e-04 2.772530156897864756e-04 9.190516916196531431e-05 1.233096623057941869e-04 2.081320932264954038e-04 1.770157422034802463e-04
1.557115307429901118e-04 2.159468292374954108e-04 1.756365534576531987e-04 1.689246382189161220e-04 1.591220651782998628e-04 3.743713809792782060e-04 4.195810552851128388e-04 8.601718299281709609e-04 2.956660058470024239e-03 2.139423644032427321e-03 1.545601921477248635e-03 1.142119263326769061e-03 1.594313687586470163e-03 1.280533329292408810e-03 2.392267865651702451e-04 8.124794379256748472e-05 1.510031643922842134e-04 6.518223784613676403e-04 1.977097770289169994e-04 3.951615784805153492e-03 4.374627993223219671e-03 5.202212960753575983e-03 5.520517311692718469e-03 2.772648428094934888e-03 9.377482124337036245e-04 4.951137028671113429e-04 1.513487738249089782e-04 2.509190704078026360e-04 4.586940327540805991e-05 1.842121671579742613e-04 2.785904276434642609e-04 3.099364566128014111e-04 3.598861180872967394e-04 2.974124358687287283e-05 2.655012696158686169e-05 1.664983354424896665e-05 2.490101755544077514e-05
2.500079172695848393e-04 3.197872517334396825e-04 1.502267312854268209e-04 8.351612505673488337e-05 2.128160892901708552e-04 1.198584045152936066e-04 6.995069361652793243e-04 6.817471897407388712e-04 2.047520929450598998e-04 6.261651186723665090e-05 1.000000000000000021e-08 1.000000000000000021e-08 1.000000000000000021e-08 7.035805028688669452e-05 6.695943726441310742e-05 6.953471179228565063e-05 1.680262895659868775e-04 1.968563038608806849e-04 1.931738607251282580e-04 2.685803849333483055e-04 2.548903576627268436e-03 6.737615633440837727e-03 1.010385343172509262e-02 5.391552830224835904e-03 5.793967999163798267e-03 3.145399782650683956e-03 1.416866569639154989e-03 4.910313383465716346e-04 1.335388706996106314e-04 2.094706781627899610e-04 3.175473901768905804e-04 3.793710081378083901e-04 6.957118155163983966e-05 3.906863361239431925e-04 4.101085093087702586e-05 4.413529392327324944e-05 2.359068380318680628e-05
1.229525192836492952e-04 2.509240878295139780e-04 7.070915029023547391e-05 1.049890752848406925e-04 4.079320044244119647e-05 6.978043820323652719e-05 9.106772740349586336e-05 4.379423447263886996e-05 5.150752578057328816e-05 1.747427934337428423e-05 3.404774672191292163e-05 1.000000000000000021e-08 1.387973362017037035e-05 1.901421537559083383e-04 2.419137970307255845e-04 2.609460751590321199e-04 4.498466466537102905e-05 3.585039981056124212e-05 4.464013713663598343e-05 1.247138451819636241e-04 1.566767907697399337e-04 1.301894800203215702e-04 5.231880541205246801e-03 9.347096480710571226e-03 6.019518361420709944e-03 6.976543631425575868e-03 3.494516127250617624e-03 1.410978720821097921e-03 1.953144656001143138e-03 5.395204679546653989e-04 1.918851613384088702e-04 8.659466581594506653e-05 7.113511662626016544e-05 3.293572817386624676e-04 1.247138674772993948e-04 1.858392559311777744e-05 3.778363182519138281e-05
1.170102465266570048e-04 2.372964672904062796e-04 4.570097142189764698e-03 5.146287896949512967e-04 1.416706964308741960e-04 1.084349183557859066e-04 4.640591683126996168e-05 4.170946933909739528e-05 1.446430056346620289e-05 3.126706144198684444e-05 4.399183048385791825e-05 1.610691452716560995e-04 1.996744084292610059e-04 3.848484858964363936e-04 5.000002963507410494e-04 7.121885819045353999e-04 5.987622126354248632e-04 7.672438624411988869e-04 6.086815954052475887e-04 6.532593902484056404e-04 6.206566862212916248e-04 1.250628739966458923e-03 2.171526063061735099e-03 7.628762025850541195e-03 1.566495642938793564e-02 1.147488863352742923e-02 1.354967459270047317e-02 7.743750237146996250e-03 3.843445098729541924e-03 4.584052444158610851e-03 1.479573105739000107e-03 7.047741203941289365e-04 1.257629554717190710e-04 1.724505108799881793e-04 5.177381767654063306e-05 6.019908972982716290e-05 3.344275278402384657e-05
1.011817025270229708e-04 1.671032958809330518e-04 2.689691774436725274e-04 3.052685055943157953e-04 4.192749819690651952e-05 2.381883900353902534e-05 3.275175008511264571e-05 3.151491947827021891e-05 4.805564673010681191e-05 4.918424721471934647e-05 1.111989567839337937e-04 3.847121313133017566e-05 7.842311520636020329e-05 7.991249755222328867e-05 1.226763144676642592e-04 3.094479036356721693e-04 7.190628594556395994e-04 7.441442263585796354e-04 1.036681574470636443e-03 9.039398861072452844e-04 1.362933845011921313e-03 1.055176689574968425e-03 2.036586455434369423e-03 2.357546450474948437e-03 2.856394266186593981e-03 1.271108595199527992e-02 2.037208831200942871e-02 3.131989198591377671e-02 3.478646416408247288e-02 1.950544054160487095e-02 1.422243858289273452e-02 7.026233471457684308e-03 4.425248307291670957e-03 1.483786911385568102e-03 1.073893927989126758e-03 8.530409879736923365e-04 1.550291660951106699e-04
8.460958496836732702e-05 1.341834991117419934e-04 1.839178517355815538e-04 2.669110249076446246e-04 2.829556211800065115e-04 2.996144180096462737e-05 1.367714943873513383e-05 2.544318383664623701e-05 4.622178355239437157e-05 6.490264992827632752e-05 2.152672883848310003e-05 4.209340210424386168e-05 4.159719714345961271e-05 6.179309029534156659e-05 6.080967921220924876e-05 2.649139243371141634e-05 2.507937181536222591e-05 2.852746010618780240e-04 5.280602385655749648e-04 1.164519421238615097e-03 1.801993124611708319e-03 2.948997178409740617e-03 2.262719744172764919e-03 2.685616161140908821e-03 6.816570506812282123e-04 3.565301619878227086e-04 1.303486003662148243e-03 4.595965722748136329e-04 8.539174757079159850e-03 2.994214037293265601e-02 2.589290317601084662e-02 1.805722257436916459e-02 1.439775030243439086e-02 1.197364188761808335e-02 2.600189329509890439e-03 7.536478843849218250e-04 1.259345948087804809e-04
