output/water_depth_5880.asc
ncols 223
nrows 158
xllcorner 0.0
yllcorner 0.0
cellsize 30.0
[rows 85 to 101 of 158, columns 74 to 110 of 223]
1.000000000000000021e-08 1.000000000000000021e-08 1.000000000000000021e-08 1.000000000000000021e-08 1.000000000000000021e-08 1.000000000000000021e-08 1.000000000000000021e-08 1.000000000000000021e-08 1.000000000000000021e-08 1.000000000000000021e-08 1.000000000000000021e-08 1.000000000000000021e-08 1.000000000000000021e-08 2.659858712668632778e-05 1.000000000000000021e-08 1.000000000000000021e-08 8.949808346889774407e-05 1.642048124745320854e-04 1.000000000000000021e-08 1.000000000000000021e-08 1.000000000000000021e-08 1.641775143976805082e-05 3.794355142870824995e-05 5.385238030587554200e-05 1.000000000000000021e-08 1.495774038735781300e-05 1.691865327803578929e-05 7.180619936582036600e-04 8.399775696669688685e-05 1.695625610314709824e-04 1.535718693376026073e-04 3.607247450507960530e-04 4.888430458674629126e-04 2.503675113584846734e-04 4.312923101124624598e-04 1.636704789097661455e-03 2.378876991744543297e-04
6.871339794017648035e-04 4.235580834074741639e-05 3.325723052348305750e-04 1.911595715068848639e-05 1.000000000000000021e-08 1.000000000000000021e-08 1.000000000000000021e-08 1.000000000000000021e-08 1.000000000000000021e-08 1.000000000000000021e-08 1.000000000000000021e-08 1.000000000000000021e-08 1.000000000000000021e-08 1.569315060751488001e-05 1.339310572875693507e-05 1.000000000000000021e-08 1.771918944479877809e-04 3.948035245707051189e-04 7.085467564603995308e-04 8.840323614723891122e-04 7.921288983993239174e-04 3.259458268196035980e-05 2.296696024477660032e-05 1.000000000000000021e-08 1.000000000000000021e-08 1.000000000000000021e-08 1.000000000000000021e-08 4.913830671561098776e-05 6.264505514051258448e-04 1.667413302848128271e-04 1.000610518897178131e-04 3.263930433802886364e-04 2.521068835096617949e-04 4.257395731271539823e-04 2.639408933141412436e-04 4.175723704902075837e-04 1.986648852137459266e-04
2.270270770331266698e-05 7.425173521023240692e-05 8.091713405219788820e-05 6.149524943013716339e-04 4.967732878667970454e-05 4.744637570380660652e-05 7.079209346398226336e-05 2.405096712318333780e-05 2.167534088064848152e-05 1.000000000000000021e-08 1.000000000000000021e-08 1.000000000000000021e-08 1.000000000000000021e-08 1.944732005087485271e-05 2.442726272393210585e-05 2.055828068941989022e-05 1.000000000000000021e-08 1.000000000000000021e-08 4.363547563118457418e-04 5.667036745426208685e-04 1.115360220557903240e-03 9.800400331223782686e-04 8.419741950447344318e-05 1.113870145048474059e-04 9.304947007334119684e-05 1.225065721587216690e-04 3.870734334740613724e-05 1.313569672449505367e-04 1.826684780579210829e-04 3.841964594107757577e-04 1.378748207846635255e-03 2.333482501733455839e-04 7.135471322662284913e-04 8.277459115241123317e-04 7.650774416507240966e-04 8.498483892428328971e-04 2.329325581003802940e-04
1.676144344076655856e-04 1.792331374161959859e-04 2.568860169687878724e-04 1.117575200305256315e-03 1.613083441411573707e-03 2.075302848885217551e-03 1.621911418403169719e-03 1.234806577243323855e-03 1.348784284046537166e-03 9.782097440707271906e-04 1.108802563423181686e-03 8.724764341658444028e-04 6.939971956033248951e-04 4.777553445562028058e-04 3.255198610213119455e-04 1.483816880968776144e-05 1.536069728504836900e-04 2.512380730665795227e-05 5.218467375216706517e-04 1.176030290213437050e-03 9.447797073732480590e-04 1.568341320142549846e-03 5.659212289754313261e-04 4.389528469082444834e-04 5.417031230078968784e-04 4.125182848987494588e-04 5.646583107025463736e-04 4.215363124406990426e-04 5.124629621532582032e-04 3.991933105294599997e-04 1.715580625571071476e-03 1.870100882827633888e-03 2.080466843117425592e-04 2.034550226600860567e-04 7.111439822685514545e-04 1.015961070496619514e-03 8.912150325113780275e-04
5.785589483817249988e-04 4.365949057642727767e-04 5.379130625113059169e-04 3.726181833777309849e-04 6.138105041933074454e-04 4.625245812922017296e-04 9.128681070277024035e-04 1.023484890480230638e-03 6.646082729341168394e-04 7.265747543519173162e-04 9.441368318389127892e-04 9.014903158174902321e-04 1.229761881302075376e-03 1.109251240825109537e-03 1.463984339544270076e-03 1.079334993698439224e-03 1.228480877292299246e-03 8.877769607640483484e-04 1.030459353025366814e-03 8.332799696898253190e-04 3.627232217123339906e-03 3.706851815209130391e-03 3.793946299162231743e-03 4.033624459579387977e-03 4.224301786026672320e-03 4.868753383260573421e-03 5.222054648533207451e-03 3.695670165382866114e-03 5.769568274545686191e-04 8.554825801069625407e-04 4.598064550424757653e-03 5.061731844417185350e-03 3.342571785385801443e-03 2.231421105799746060e-03 1.545123605295542447e-03 4.609285752231812505e-04 9.372643958841186083e-04
3.964029742919629885e-04 7.842826242303057617e-04 1.070168624857391988e-03 1.332791839634226132e-03 7.314234433590422217e-04 5.227133684189181565e-04 3.190360789020225290e-04 2.029631637845442915e-04 1.587667867672223855e-03 1.521092163693194509e-04 1.771878387489049479e-04 1.356039448028448018e-04 1.640148472431497478e-04 1.306069515403241984e-04 1.808018883361410219e-04 1.732443068475269252e-03 2.457698302972852883e-03 2.049375287288868024e-03 1.411170074609109908e-03 7.387134889550971140e-04 5.092255078133214267e-04 3.076325504211005826e-04 2.229033152597824894e-04 4.527215216705769799e-05 1.904449943176504461e-03 1.267506989580609138e-03 9.372143532850842540e-04 3.358616565148434159e-03 4.559519635970283973e-03 4.140390918272000842e-03 7.973890346184109128e-04 5.323213703805282099e-04 1.472201972094357722e-03 6.934921779506181966e-04 1.159186790599067967e-03 9.261343299233104663e-04 5.756980627925780249e-04
1.657519269588481189e-04 1.553657074829670952e-04 2.692605305391526020e-04 4.049963020290965263e-04 6.969777869136294102e-04 7.020994269767841982e-04 5.709659580416752813e-04 5.267823628847392381e-04 1.319844597311962834e-03 1.262204487774556483e-03 1.138238620114437089e-04 7.629489168564678641e-05 2.588476500416435024e-05 4.279383628046720689e-05 3.401926772060286249e-05 2.210074502949040999e-04 1.538235588230538111e-04 1.137474674363896402e-03 2.184893958662438259e-04 3.725830603780796589e-04 3.131820946980873278e-04 4.250525965884501727e-04 3.276914975047035754e-04 3.701218910538036071e-04 2.962944523019337057e-04 3.643251450737213117e-05 1.187538956794231124e-05 2.299880292575575864e-05 2.363124678745527979e-05 3.248700078800387421e-04 2.298042312132789482e-04 1.598491456984011457e-04 7.389090775606190018e-04 5.696949790810574774e-04 1.550964813803066980e-03 4.412521523048826234e-04 1.612956170236687185e-03
5.676664612920561168e-05 4.516662509665754244e-05 3.388210806386788405e-05 2.326482951218336815e-05 6.014943969979279648e-04 1.080526433878412204e-03 1.500273769370164467e-03 1.782713267872951040e-03 2.352458366310855760e-03 1.886057463767118469e-03 3.318909072286617109e-04 1.264201521053455435e-04 1.289476824147906073e-04 4.020654130367138198e-05 6.864753822576698293e-05 7.533039877259187765e-05 1.034978438986103907e-04 2.921705743042395977e-04 6.276899571644040110e-04 5.533273344559084400e-04 7.058174912250157100e-04 5.379905289482855802e-04 3.677013199064624403e-04 1.058349748004748948e-03 7.289349932985939680e-04 3.889646529554447975e-05 5.155592067165802155e-05 4.886393882390614458e-05 3.519294093140217070e-04 2.135127436464568707e-04 1.769717366321130788e-04 1.921501067965282198e-05 6.025410782715288557e-04 2.320104162801234216e-03 2.089597370540116281e-03 6.418927979021099703e-04 5.583195430339815430e-04
2.492078131587958738e-05 2.752167343549457042e-05 1.000000000000000021e-08 1.364650148493123099e-05 1.000000000000000021e-08 1.241691530917222520e-04 8.027235843933826220e-05 5.781241334186401322e-05 2.553718454192805938e-04 1.472385996935779689e-03 5.308565245656897283e-04 4.305627244997696414e-04 1.728362158151396273e-04 1.802792312765479749e-04 1.452714966947332882e-04 2.337874109670992758e-04 2.629439734294824940e-04 4.243953954128847181e-04 4.311689060648257635e-04 5.384277986956601328e-04 1.766388349296537741e-04 3.485791489027017034e-04 5.389038013992760150e-04 8.270161078238639574e-04 1.843210634791595448e-03 1.332889507343441426e-03 8.912620343167800821e-04 1.543618979959602471e-04 1.167005186381438154e-04 1.565244513083270618e-04 1.313176308841966804e-04 1.638877025547731583e-04 2.055701180689761983e-04 2.521482867629766447e-04 3.031301779727845359e-03 3.005289377746094785e-03 2.056839356721172542e-03
1.438461628519879015e-05 2.288502384764441849e-05 1.000000000000000021e-08 1.000000000000000021e-08 1.000000000000000021e-08 1.000000000000000021e-08 1.000000000000000021e-08 1.000000000000000021e-08 1.660612799490979283e-05 2.455953466966111264e-04 2.631606760614969539e-04 6.203551723977611659e-04 1.046768626648701033e-03 3.809227467586717816e-04 1.319927557689452597e-03 2.938662299989609522e-04 1.000000000000000021e-08 1.000000000000000021e-08 1.792255439814268450e-05 5.077139663879128175e-05 3.521131655751929147e-04 3.236578637185635030e-04 4.815923853670992676e-04 4.655910936620086585e-04 5.550408536589424967e-04 2.937694244159881249e-04 3.075929924085938120e-04 9.871772447978731596e-05 8.655940504937808080e-05 7.594729592096273853e-05 5.276654074821314488e-04 7.362829552200731743e-05 1.173591943398019134e-04 9.558037137884909024e-05 6.088015496373619514e-04 2.926267579090765115e-03 3.035653548733787711e-03
1.000000000000000021e-08 2.530470398801737330e-05 1.000000000000000021e-08 1.000000000000000021e-08 1.000000000000000021e-08 1.000000000000000021e-08 1.000000000000000021e-08 1.862171007714874573e-05 1.000000000000000021e-08 1.242912506429443671e-05 2.769853084248641447e-04 1.038419733505177773e-04 8.676335000808654222e-05 2.674614868740632888e-03 2.115931249100152112e-03 9.595422285025369561e-04 5.202760536152055681e-05 3.398617719453849784e-05 5.605168199919207436e-05 1.024967321050613233e-04 1.260099086537733236e-04 1.650936375071005487e-04 5.510115048316962627e-05 7.272066674372923271e-05 1.947121947745885089e-04 3.890235995193359279e-04 2.154657051020278965e-04 2.658147363253315584e-04 1.089763583047330056e-04 1.815810931868830911e-04 7.433257538162175385e-04 5.284671729174112050e-04 2.890019294330604016e-04 3.395632897719233901e-04 2.214234991941169215e-04 5.043673685975483484e-04 1.743594171745164751e-03
1.000000000000000021e-08 1.000000000000000021e-08 2.474261784197387940e-05 3.068099207151537590e-05 4.792956873393277315e-05 5.620739791614375968e-05 6.926958931543834407e-05 4.596613834379095184e-05 3.265582103123984640e-05 1.000000000000000021e-08 1.929227799429926302e-05 2.711602557448455271e-05 2.354037892718986949e-05 2.055789749576616033e-04 2.228851193308257160e-04 1.285171774902597972e-04 1.279158694817313893e-04 6.039232666547629926e-05 6.401455850963937567e-05 2.713268871785343896e-05 2.710559653813229223e-05 1.208478662219382302e-05 1.122721463840595761e-04 5.755680911885092201e-05 2.141796133082086594e-04 1.867411910522786319e-04 3.411950262311033103e-04 1.878246283423203229e-04 2.517043459164050589e-04 2.062075035969500834e-04 6.070245516311178672e-05 7.497670212093393853e-05 8.474723243455706853e-05 1.032827242883315859e-04 4.743212655215620272e-04 4.934399155483793278e-04 2.624231090545963178e-04
1.000000000000000021e-08 1.000000000000000021e-08 2.207723950701891212e-05 3.958564933480541537e-05 3.487016118748767691e-05 3.368341396145806463e-05 2.710890715886861164e-05 5.201083832110897474e-05 4.226815046217062517e-05 3.174195363298187367e-05 4.667848658570425402e-05 6.755799873184840671e-05 6.021488271769267217e-05 6.063206994507946420e-05 1.730397205779613348e-04 2.046640399095836309e-04 1.118186808300638543e-04 1.670009909495710375e-04 8.802577980464099735e-05 1.067482987684774485e-04 4.557338617990346367e-05 4.989095608632159541e-05 4.658298429006049062e-05 1.546343329095237976e-04 2.859304796296065882e-04 3.436737705298809628e-04 2.119483521099734728e-04 3.391152256935214566e-04 1.828929832734405708e-04 5.373654479104741618e-04 4.650514924056702915e-04 5.332279454260404835e-05 4.078430495331496815e-05 3.879368012737337859e-05 4.844640519900398116e-04 6.029804086305045593e-05 1.003421240708640385e-04
1.257826567376209059e-05 1.000000000000000021e-08 3.056355245202524646e-05 1.000000000000000021e-08 2.139754783286381901e-05 1.364705935695488450e-05 1.603479618122457618e-05 1.436071953289165265e-05 3.869038497808570967e-05 5.937318530065347215e-05 1.152774277993835517e-04 1.060046736453225993e-04 1.119632645440100553e-04 1.016259897624175498e-04 1.000000000000000021e-08 1.796921098510519880e-04 2.253517125810742703e-04 1.392100169123819398e-04 2.064101578553069753e-04 1.050042204909270433e-04 1.305092680852625194e-04 5.693619104242895860e-05 4.942627434695033334e-05 4.674147188146358326e-05 8.691057076257654459e-05 1.333951215899635947e-04 5.523840380260149020e-04 6.618927509529003118e-04 1.255031319930006517e-03 1.138709971307019309e-03 2.116605071884283384e-03 2.083828949047484939e-03 2.735132309197225910e-03 1.843769695634678209e-03 2.094555841532849162e-03 1.455312669526149421e-03 3.235079202403224469e-03
2.953416106454917494e-05 1.512607515813402327e-05 3.408923806595949519e-05 1.000000000000000021e-08 1.000000000000000021e-08 1.000000000000000021e-08 1.000000000000000021e-08 1.000000000000000021e-08 1.000000000000000021e-08 1.197379974174913313e-05 3.578786907009864275e-05 1.371659578893749893e-04 1.461453173273241982e-04 1.451789619206682118e-04 1.000000000000000021e-08 1.000000000000000021e-08 7.687718589619656445e-05 1.929626656033651760e-04 1.318360424431368443e-04 3.948919500681051043e-04 1.647603505182619458e-04 1.883327684074216884e-04 7.365312406649374003e-05 6.345427328527199532e-05 2.085871883469585811e-05 2.532925832061083660e-04 2.528858785627971680e-04 4.915639125079811602e-04 4.229126954588433517e-04 5.438285207649771460e-04 4.271631834198261375e-04 1.493732315810479983e-03 2.795397624669274128e-04 7.771502945293840611e-04 8.919140204189505462e-04 1.384022204827273792e-03 1.720929499898887858e-03
8.541002615134835009e-05 1.955974590302315139e-05 1.000000000000000021e-08 1.000000000000000021e-08 1.000000000000000021e-08 1.000000000000000021e-08 1.000000000000000021e-08 1.000000000000000021e-08 1.000000000000000021e-08 1.000000000000000021e-08 1.006363437946498125e-05 1.846085017650874179e-05 1.000000000000000021e-08 1.000000000000000021e-08 1.000000000000000021e-08 1.000000000000000021e-08 6.794793720828936072e-05 8.509913466787284741e-05 1.869047881955646952e-04 6.806182937267485117e-05 1.972897087641186178e-04 1.194808000385390399e-04 3.160730864068497141e-04 2.932256578127585139e-04 1.236809010681804788e-03 8.853457701665974362e-04 7.239551199455829559e-04 5.245321937065464341e-04 4.795338238688898083e-04 3.344005311575433468e-04 2.876819590675900738e-04 2.705490104784580817e-05 5.519027501080738560e-05 5.162137076285689807e-05 1.222494304225262896e-04 1.069077889337029783e-04 3.168385145879241971e-04
7.524420667030689886e-05 7.305567933505927296e-05 7.487607316185701772e-05 1.000000000000000021e-08 1.000000000000000021e-08 1.000000000000000021e-08 1.000000000000000021e-08 1.000000000000000021e-08 1.000000000000000021e-08 1.000000000000000021e-08 1.000000000000000021e-08 1.000000000000000021e-08 1.000000000000000021e-08 1.000000000000000021e-08 1.000000000000000021e-08 1.000000000000000021e-08 2.197768290045314218e-05 9.209439618108503870e-05 8.756061295636500836e-05 1.319927287445828460e-04 1.021659726240528528e-04 1.881792404283744635e-04 1.644279236883535366e-04 2.308725945872784147e-04 3.251805602871459975e-04 1.329390192454529048e-03 1.007989441464624989e-03 8.111347699539763660e-04 2.859100926497081419e-05 2.297263776064728462e-05 2.923929498172236669e-05 2.475160259527268245e-05 3.312774753628971503e-05 1.141624493083114993e-04 7.461841592437870173e-05 1.502784733662285935e-04 1.472876308205557183e-04
