output/water_depth_10800.asc
ncols 223
nrows 158
xllcorner 0.0
yllcorner 0.0
cellsize 30.0
[rows 68 to 84 of 158, columns 74 to 110 of 223]
1.575333172693509526e-05 2.168266759211832554e-05 1.615573273525570063e-04 1.000000000000000021e-08 1.000000000000000021e-08 1.000000000000000021e-08 1.000000000000000021e-08 1.105001981100477986e-05 1.110703577007756924e-05 1.014822296626805477e-05 1.000000000000000021e-08 2.323346008774483315e-04 2.699973568422607204e-04 3.456273179572832673e-04 8.921893596162005797e-04 1.263920501988568309e-03 3.138227404563581797e-04 9.916422284551473407e-05 8.031437110061091095e-05 8.427719798693222093e-05 5.690225677444419282e-04 8.217382591871778223e-04 1.131703030432345408e-03 9.609176220086820168e-04 1.017979853788524708e-03 5.833229665028951284e-04 8.137177908323967902e-04 6.555248848370493278e-04 7.111955606566533429e-04 7.427876312491531706e-04 1.155375884315060133e-03 1.221183090078965805e-03 8.157354752792802827e-04 5.360291242364038661e-04 6.177055145703403533e-05 1.842887135979762026e-05 1.000000000000000021e-08
3.353838523323603138e-04 3.074505061237137052e-04 2.053139336424114202e-04 1.567169665837446523e-04 1.143208633092983605e-04 9.123652528656658216e-05 7.412019784505102641e-05 5.431202868752992225e-05 4.424808665822568051e-05 3.298630785113113533e-05 2.885226142171241358e-05 1.330986717212638223e-04 1.884809104161667016e-04 3.437269679088300389e-05 8.427463472913565188e-05 2.226921109849013653e-04 1.619528568805159077e-04 2.169289374779914703e-04 8.956652979403127994e-05 1.433327588989869220e-04 1.814229482941549646e-04 2.139901427664977910e-04 1.431763124281447560e-04 1.825450863642969748e-04 1.252148647823505038e-04 2.822991572017599800e-04 4.248057445811525353e-04 4.618949046939593069e-04 3.113864477617109858e-04 3.279934821643433387e-04 4.451135013184381157e-04 5.192406559118092641e-04 8.355002267392021547e-04 9.085195350408653385e-04 2.947079932316446177e-04 2.599252565688693834e-04 7.823341139057615398e-05
3.755537454758354544e-04 2.655241631826944088e-04 3.524325409823932847e-04 2.870871395731812979e-04 2.625314226915673329e-04 2.313027614742351910e-04 2.755049865968091697e-04 3.067313992553450134e-04 4.531397899688707808e-04 3.187948101183402604e-04 2.185740962607375789e-04 1.590504291079799333e-04 1.694813317266297798e-04 1.972471633306948727e-05 1.255682632037732037e-04 1.050494842047633648e-04 2.223234947692300813e-04 3.002014828368093202e-04 2.688856601388368893e-04 5.058289663672091777e-04 8.497376255586155816e-04 7.591399752904193178e-04 1.006310493257041175e-03 8.458156333136509575e-04 9.004662994261547091e-04 7.292458572786183211e-04 6.830714457753358539e-04 1.119372813821467669e-03 1.935112622407754793e-04 2.453228035363708712e-04 1.873228167425382859e-04 2.718377536218866629e-04 3.675025428399066171e-04 9.093351815809033560e-04 1.287944157755062120e-03 1.185765754830264565e-03 1.561187063731529941e-03
3.881877143226642943e-04 3.321148016226388319e-05 1.000000000000000021e-08 1.878523641326340285e-04 3.041154883943268639e-04 4.534297754275152061e-04 5.248329211105255600e-04 5.443654442221717389e-04 3.107376776530157902e-04 3.425350827937022184e-04 3.738949905393392403e-05 1.805918962793103108e-04 1.754534923516419618e-04 3.231445159581865841e-04 2.423195023824787795e-04 1.977825982330872520e-04 2.946829881204882052e-04 4.285914964420429411e-04 1.787983356905915129e-03 1.266820736209229529e-03 8.504046484667372556e-04 6.508243704598198724e-04 3.689150593040993248e-04 2.308754614257949402e-04 4.618208173954523152e-04 3.089660263274703511e-04 4.896227782821576833e-04 8.156127637597727215e-04 2.401040855219428705e-04 1.909227848401378116e-04 2.394331162581546564e-04 1.948778363419118335e-04 2.750675003590416219e-04 3.755605279370482878e-04 1.127007605732775102e-03 7.901635887480895366e-04 9.874137409822880337e-04
2.535325984338768321e-04 2.404112401426872019e-04 1.786781501290471733e-04 2.656416005977266085e-04 2.887692716139009393e-04 2.332834637992674742e-04 1.755922655988367018e-04 1.512142937754397311e-04 2.288653940354392854e-04 2.554665697090147559e-04 4.515482822766815152e-05 1.412834469738364924e-04 1.684603103718838163e-04 1.789372493955058182e-04 1.969744789451450878e-04 2.692887438164288743e-04 4.161867179283148090e-04 4.222150676730440167e-04 2.830996309247332831e-04 1.618029216597221273e-04 9.330172502077162960e-05 4.613703638319252901e-05 1.938601595590086827e-04 1.967282096960268367e-04 3.381785884936336665e-04 3.400884279089634176e-04 3.641235259601046216e-04 1.587783173055293620e-04 1.201670902290515015e-04 2.059717473748636537e-04 7.112742697191746957e-05 1.316123516085705193e-04 1.199196063784797379e-04 1.948275598520943545e-04 1.905912105516225155e-04 8.089590226863079556e-04 4.607683627188130103e-04
2.512569781947054069e-04 2.856764332264402975e-04 2.684448339404610731e-05 3.656069046565832426e-05 1.000000000000000021e-08 1.000000000000000021e-08 1.000000000000000021e-08 6.491802751525556760e-05 1.632249938482278168e-04 2.321971496355059307e-04 2.112076327973541612e-04 1.346116817116242194e-04 9.385918499943673304e-05 5.365220024228565767e-05 1.327623077427516653e-04 9.070637912162021472e-05 1.212324443004740099e-04 1.334306064048008868e-04 1.316930843118937035e-04 2.123450669232418105e-04 1.894324277299136200e-04 1.443623538106791708e-04 1.721309073794311342e-04 1.859561778625585366e-04 3.696878696978368045e-05 5.277214998608442697e-05 9.840815199372948913e-05 5.969301694717912745e-04 1.780296063164613248e-04 1.447643928839324170e-04 2.705862170398248747e-04 2.025736836806418849e-04 2.430959093442334063e-04 1.871065404883214510e-04 8.779594763469741143e-04 8.697509398963310925e-04 6.921856779664546785e-04
1.000000000000000021e-08 2.465149025351986273e-04 4.195631069519066623e-04 4.154355463875434142e-04 3.318891191122582849e-04 2.443801167961036466e-04 1.721523865100312977e-04 1.000000000000000021e-08 1.587274996437432900e-04 2.565503071068469805e-04 2.986087429872568539e-04 2.117586188024001774e-04 1.338214322710470873e-04 9.835745381041102330e-05 9.823774992319270552e-05 9.742416265414959703e-05 4.790923430117309978e-05 3.057302387624795024e-05 3.427969012045364411e-05 5.292717750095819637e-05 1.552164518731279314e-04 1.637101405757616327e-04 1.878739486442002169e-04 2.354969122935948039e-04 4.221915159669835317e-05 7.067400952900933068e-05 4.937378169537116223e-05 4.779610693217341169e-04 9.018877162413606883e-04 1.538726249112163541e-04 1.342723857303402516e-04 9.825973851519749134e-05 9.485248835429286945e-05 7.178902699511964058e-05 6.343409814569943989e-04 1.292056727888057964e-03 4.451843723789865315e-04
1.000000000000000021e-08 1.000000000000000021e-08 1.000000000000000021e-08 1.000000000000000021e-08 1.758985305903312086e-04 2.140185095780388464e-04 2.022781607807048207e-04 1.509172060485173650e-04 9.105776941249564939e-05 5.691470186405537044e-05 5.160821318848711166e-05 1.112899394769736308e-04 1.240440135130617568e-04 1.080730015235031595e-04 1.090861685761065843e-04 9.783756573245294122e-05 9.249861912504647211e-05 6.492302908777822180e-05 5.810767089486253687e-05 4.510245411743954409e-05 3.026986754984859105e-05 9.329771901238554429e-05 1.467189253588944910e-04 2.539935668928682520e-04 4.120853708570194332e-04 4.387818787513099038e-04 5.898614775734765427e-04 5.301462265458933756e-04 4.299543908584277873e-04 5.553412593689136022e-04 1.431365209919025394e-04 1.736104228066646655e-04 1.152063922186918725e-04 5.610465104721445436e-05 5.574788856922239123e-04 9.571891917868606981e-04 7.391543540352955508e-04
1.120585545712684851e-05 1.000000000000000021e-08 1.000000000000000021e-08 1.000000000000000021e-08 1.000000000000000021e-08 1.000000000000000021e-08 1.398829516086097285e-04 1.490805935880628740e-04 1.000000000000000021e-08 3.175809306500341334e-05 2.603566974093286232e-05 6.364086445098698268e-05 1.000000000000000021e-08 1.000000000000000021e-08 6.138182929532971430e-05 8.598020163703939511e-05 8.911243942757090608e-05 8.599532029783426819e-05 8.382514658774902394e-05 1.000000000000000021e-08 2.529772503103196524e-05 5.511091563416684779e-05 9.295839613077581888e-05 7.521649646206463437e-05 1.000000000000000021e-08 4.537286843301336606e-05 3.027723647509338777e-05 3.192254342121121960e-04 5.684013397258287620e-05 6.583928236711695668e-05 9.100923868808227476e-05 8.588161400410140075e-05 7.544425242198136332e-04 1.001945809695876932e-03 1.296816481733977259e-03 1.894020397917718472e-03 8.458241311208992627e-03
3.460427270765419088e-05 3.432655981891966502e-05 2.919857153466277758e-05 1.000000000000000021e-08 1.000000000000000021e-08 1.000000000000000021e-08 1.000000000000000021e-08 1.000000000000000021e-08 1.000000000000000021e-08 1.000000000000000021e-08 1.585343207593647381e-05 1.000000000000000021e-08 1.186444525288132137e-05 1.000000000000000021e-08 3.887557205241797090e-05 6.322423962196638313e-05 8.498093820854574112e-05 1.000000000000000021e-08 1.000000000000000021e-08 1.000000000000000021e-08 1.678558121244905864e-05 3.771262018114718788e-05 7.158252482575518159e-05 4.978275813612993678e-05 4.025342423591839696e-05 2.682082368636036729e-05 1.000000000000000021e-08 2.305112566722389736e-05 2.389619057604860754e-05 6.257104979517169672e-05 2.127800735945990622e-05 1.629524568137296194e-04 1.474260013098255739e-04 1.118549994076610294e-04 9.056156844109102108e-05 8.682827728383130182e-05 1.026527953767142690e-03
1.555510483723280703e-05 3.270388668035950825e-05 1.000000000000000021e-08 1.000000000000000021e-08 1.000000000000000021e-08 1.000000000000000021e-08 1.000000000000000021e-08 1.000000000000000021e-08 1.414801202388522481e-05 1.000000000000000021e-08 1.121242188027060857e-05 1.593386275246333085e-05 2.202643185149755748e-05 2.658795091882240150e-05 3.436589603857490173e-05 5.890696924618641153e-05 1.000000000000000021e-08 1.000000000000000021e-08 1.000000000000000021e-08 1.000000000000000021e-08 1.016421784017474496e-05 2.199765731090672996e-05 4.388879804437520926e-05 5.300952226407987678e-05 5.002832352841597436e-05 4.742872565615330397e-05 1.000000000000000021e-08 1.000000000000000021e-08 1.987242687290609121e-05 6.165206711933839253e-05 1.061106092641490319e-04 3.948039786337880961e-04 2.600808512868656424e-04 1.471150560777665827e-05 1.844418704113752369e-05 1.394365255639942629e-05 9.930465806925259983e-04
1.000000000000000021e-08 1.000000000000000021e-08 1.000000000000000021e-08 1.000000000000000021e-08 1.000000000000000021e-08 1.000000000000000021e-08 1.000000000000000021e-08 1.000000000000000021e-08 1.000000000000000021e-08 1.000000000000000021e-08 1.000000000000000021e-08 1.000000000000000021e-08 2.978191628943838566e-05 1.000000000000000021e-08 1.000000000000000021e-08 4.239690152840450588e-05 3.980556115061900955e-05 4.253452312968074458e-05 4.782797756930218789e-05 3.917481160856238107e-05 1.000000000000000021e-08 1.000000000000000021e-08 2.935585003136469609e-05 4.745098626269042135e-05 1.000000000000000021e-08 3.830005885482149776e-05 1.000000000000000021e-08 1.000000000000000021e-08 1.531333540227760052e-05 2.297647838417118249e-05 2.282960253159032341e-05 9.224096251069958540e-05 4.526689235314813073e-05 4.365964562468385192e-05 1.321643351290407703e-05 2.177066076742312459e-05 2.724081096614280076e-05
1.000000000000000021e-08 1.000000000000000021e-08 1.000000000000000021e-08 1.000000000000000021e-08 1.000000000000000021e-08 1.000000000000000021e-08 1.000000000000000021e-08 1.000000000000000021e-08 1.000000000000000021e-08 1.252690202982831005e-05 1.433984138623676805e-05 1.000000000000000021e-08 1.000000000000000021e-08 1.000000000000000021e-08 1.000000000000000021e-08 1.000000000000000021e-08 3.060624003131541239e-05 4.521486891015388197e-05 8.919163096017543118e-05 9.320690528643074105e-05 1.000000000000000021e-08 1.000000000000000021e-08 1.000000000000000021e-08 3.662856919523535364e-05 3.387716347581530351e-05 4.188231271739271489e-05 4.221218086221173102e-05 3.970033580601241464e-05 7.528467661529065743e-05 5.889461377735465407e-05 5.729586982594344296e-05 8.511037734854789267e-05 7.284871596691545187e-05 8.661298140100695965e-05 1.000000000000000021e-08 1.000000000000000021e-08 1.920648158746315429e-05
1.000000000000000021e-08 1.000000000000000021e-08 1.000000000000000021e-08 1.000000000000000021e-08 1.000000000000000021e-08 1.000000000000000021e-08 1.000000000000000021e-08 1.000000000000000021e-08 1.000000000000000021e-08 1.000000000000000021e-08 1.085991182831686074e-05 1.000000000000000021e-08 1.000000000000000021e-08 1.957021702399941573e-05 2.888342514694754848e-05 1.000000000000000021e-08 2.812419895612956982e-05 3.926006001149280492e-05 3.084446772797925010e-05 5.896132529100803779e-05 4.938271857223454754e-05 1.000000000000000021e-08 1.000000000000000021e-08 3.609672936851597027e-05 1.000000000000000021e-08 3.440433183964121942e-05 4.241820548547942761e-05 5.639270342700135812e-05 4.682365312519721085e-05 6.985302480292145935e-05 7.933851141919015071e-05 6.462468117949953536e-05 1.000000000000000021e-08 5.942861205216208630e-04 7.520901557853486687e-04 4.478393259544237773e-04 4.840481617208872763e-04
1.000000000000000021e-08 1.000000000000000021e-08 1.000000000000000021e-08 1.000000000000000021e-08 1.000000000000000021e-08 1.000000000000000021e-08 1.000000000000000021e-08 1.000000000000000021e-08 1.000000000000000021e-08 1.000000000000000021e-08 1.273558946944125875e-05 1.495932686585307103e-05 2.136238899617438303e-05 1.994102239853238085e-05 2.899829854648099640e-05 2.454983783208202752e-05 1.000000000000000021e-08 1.000000000000000021e-08 1.000000000000000021e-08 1.000000000000000021e-08 3.189913488652253864e-05 2.923117646211639516e-05 2.668140012937722017e-05 5.281083140640861453e-05 7.392801879045725539e-05 7.845017485025476787e-05 9.199072482721168409e-05 1.035753729489649475e-04 1.002843527547182080e-04 1.020909850070435883e-04 1.000000000000000021e-08 3.685402460901666418e-05 2.255121564709061630e-05 6.323913231710347703e-05 4.206440249310058476e-05 2.782389051859732025e-04 3.176491694643357737e-04
1.000000000000000021e-08 1.000000000000000021e-08 1.000000000000000021e-08 1.000000000000000021e-08 1.000000000000000021e-08 1.000000000000000021e-08 1.000000000000000021e-08 1.000000000000000021e-08 1.314111131129055465e-05 1.667991727716840037e-05 2.399107661741215345e-05 2.262507607197156853e-05 2.119689954247919248e-05 2.036828038377827332e-05 2.212829132285448687e-05 1.000000000000000021e-08 1.000000000000000021e-08 1.000000000000000021e-08 1.000000000000000021e-08 1.000000000000000021e-08 1.000000000000000021e-08 1.000000000000000021e-08 1.000000000000000021e-08 1.000000000000000021e-08 1.000000000000000021e-08 5.132995148885137487e-05 1.146082056530106370e-04 1.157618754521752764e-04 1.273173233048932747e-04 2.107099045634412183e-04 1.908404942763909304e-04 1.583486219774033876e-04 1.416078912926268358e-04 1.134974053681154322e-04 1.116461937908956381e-04 2.011157416346905373e-04 1.549049984404951639e-04
1.000000000000000021e-08 1.000000000000000021e-08 1.000000000000000021e-08 1.000000000000000021e-08 1.000000000000000021e-08 1.000000000000000021e-08 1.000000000000000021e-08 1.000000000000000021e-08 1.000000000000000021e-08 1.000000000000000021e-08 1.000000000000000021e-08 1.000000000000000021e-08 1.000000000000000021e-08 1.196112899593817281e-05 1.404575150032192428e-05 1.000000000000000021e-08 1.000000000000000021e-08 1.000000000000000021e-08 1.000000000000000021e-08 1.000000000000000021e-08 1.000000000000000021e-08 1.000000000000000021e-08 1.000000000000000021e-08 1.000000000000000021e-08 1.000000000000000021e-08 3.303183416049434334e-05 3.889010675380959067e-05 1.064653693737037068e-04 2.058397179810906566e-04 1.873224274213886400e-04 2.926283869972593431e-04 2.794407569355149669e-04 2.023374236938033197e-05 1.888512183812574930e-05 2.357627372507245371e-05 1.550686007389127572e-04 1.501554194711116964e-04
