output/water_depth_1200.asc
ncols 223
nrows 158
xllcorner 0.0
yllcorner 0.0
cellsize 30.0
[rows 102 to 118 of 158, columns 148 to 184 of 223]
3.769631617514209321e-03 4.543429698502493563e-03 2.647906244940876827e-03 2.734068584227734855e-03 1.385738653596551521e-03 1.166713845408796349e-03 1.149717327656382248e-03 7.461231623204038748e-04 3.740801159508325906e-04 1.062699028311444346e-04 8.023133802423875176e-05 1.901244408534188046e-04 4.275522807716815549e-04 6.005362091977999636e-04 6.895310174676714697e-04 7.693136586513253054e-04 8.848752385111019556e-04 6.321006327200268940e-04 1.216178267711766001e-03 1.495336158772333059e-03 1.841756619059426933e-03 1.162255135451613092e-03 9.456586673788349665e-04 1.346528235949554213e-03 1.095110210153628708e-03 2.031103452603984488e-03 1.395154545957193962e-03 2.540068151104125233e-03 2.580333766043020442e-03 3.424078335325083777e-03 3.099659975043446425e-03 3.023388316711605843e-03 2.652905001415854953e-03 3.568930162515582694e-03 3.223040693498623044e-03 3.072789413573410143e-03 2.576056457720328832e-03
5.791174761383370041e-03 3.711850225406867695e-03 4.166404382495330835e-03 2.281648982690744152e-03 2.179902816534890105e-03 1.502461027983608343e-03 6.960701385558701413e-04 8.892483493599327282e-04 2.851728820452822315e-04 1.918203461690917808e-04 5.533502625737540869e-05 1.395325934355107385e-04 1.509547450806845601e-04 5.937629192338697527e-04 8.285990124539114503e-04 1.024666529620818587e-03 4.533732281955181161e-04 6.026642407725559068e-04 5.982006094138903485e-04 1.625358692598591901e-03 1.972577895075177702e-03 2.333362817110084305e-03 2.709404023400841487e-03 1.742662684404402799e-03 3.256493447225439902e-03 2.344774815938099194e-03 3.362140047641327088e-03 2.234630888725520296e-03 3.780932028481758921e-03 3.480081765405135426e-03 4.889892703700062480e-03 4.213428860047436011e-03 4.402308268505864854e-03 3.472756565348531031e-03 4.768871396266661025e-03 4.080606488592883677e-03 4.560885847236559321e-03
4.544660130748301788e-03 5.181034963898881011e-03 4.122809840892825706e-03 2.890605762826526856e-03 2.634393367941267362e-03 1.395849597209782283e-03 1.380899892920588916e-03 6.486785369850269455e-04 5.729959578922910659e-04 1.949512587431028550e-04 1.296875765418792001e-04 2.342642017608887904e-04 2.277536660636471073e-04 6.957246372891328105e-04 1.048034535720626919e-03 6.410655180057563607e-04 6.800613078499029383e-04 1.002320582063690553e-03 1.497135316580424768e-03 2.322954227004147588e-03 4.197014099774898192e-03 1.568296090633258463e-02 3.069402133348027653e-02 3.273755901934660012e-02 1.816779281043900615e-02 1.105823975285361721e-02 6.680343998057080603e-03 6.522688088066583116e-03 8.898854652492271464e-03 8.008745509386249600e-03 6.419728342776098717e-03 6.261068098066027363e-03 4.853301980022296791e-03 4.515140056160290780e-03 3.775369844801242623e-03 4.259592370524777072e-03 4.035749155151981474e-03
5.886949396283131138e-03 4.862926070570682165e-03 3.567095806680838609e-03 4.108192911223680806e-03 2.368541689814217515e-03 2.491084221470300612e-03 1.247699791722623342e-03 1.320551350607269882e-03 5.595089608216568394e-04 5.379141681862934649e-04 2.632222467494922257e-04 3.991457792699446352e-04 1.883649022072650609e-04 5.730503818778834519e-04 1.307550457753931103e-03 2.614366657072101068e-03 2.134195217922107632e-03 1.583789778960254750e-03 2.422407651780343792e-03 3.891222134268348780e-03 6.883828226457040442e-03 8.406207925488080879e-03 6.191315912533076199e-03 1.647346342354995968e-02 3.191712712979848099e-02 5.481716675312872655e-02 5.054041919719275133e-02 4.767399172578532657e-02 2.329122427006486903e-02 1.494457814567138124e-02 1.178660198532798659e-02 9.773000858172141425e-03 3.125708258046660387e-02 1.755877025541542277e-02 1.231960383689642557e-02 8.726911645265516757e-03 7.617888105712023947e-03
7.897324483799388409e-03 5.171176853630513916e-03 5.548835865711627610e-03 3.534987037672525107e-03 3.866987068806959811e-03 2.014193237461089046e-03 2.221277257444856032e-03 1.017819932232630169e-03 1.413587334979633445e-03 1.412368116920340163e-03 5.656108540445679497e-04 6.339043917353724602e-04 3.908446010734384184e-04 4.135487714990297736e-04 2.633294780197308668e-04 3.724723560124703118e-04 1.277824939562995869e-03 4.956038975588893808e-03 6.896308055527997430e-03 6.317666747554283660e-03 1.387901310288979125e-02 7.335991614444590733e-03 4.440046680197078793e-03 4.038824942566292264e-03 1.599343526971622881e-02 1.271418240453538878e-02 2.918774274301300792e-02 3.845123080547430128e-02 6.143111868020123545e-02 7.259393019334625663e-02 7.751822421643556060e-02 8.024582706059361914e-02 5.862162024325923149e-02 7.150261878894423329e-02 7.506124074205307306e-02 7.671375253537740524e-02 5.673763074438602921e-02
8.896743250278234261e-03 7.664229889816256101e-03 4.657379141735640271e-03 5.623202769761739481e-03 3.184011829086833955e-03 3.350293899206917975e-03 1.774814738338653013e-03 1.720527260035562434e-03 1.670283050771544141e-03 1.388223850273581205e-03 1.078368834563374259e-03 5.524877243746630605e-04 5.925465575521691487e-04 2.076468791006277936e-04 1.000000000000000021e-08 1.940121370112996566e-04 1.177803000603585160e-03 1.133894784799014711e-03 3.585059495683081202e-03 9.954668978195252080e-03 8.132616729704861269e-03 1.318194854231609023e-02 9.651496077807368915e-03 9.938214359304088988e-03 8.774755433253511594e-03 6.597612096284849979e-03 3.986604562443290221e-03 3.706260216197004159e-03 2.108359352871171273e-03 1.165602951335257273e-03 1.219216079169983466e-03 6.497536666443940769e-04 7.940929959008104265e-04 8.147963998496306291e-04 8.950956498365175446e-04 1.233881675004832668e-03 2.026155928339198539e-02
1.009833421567931343e-02 8.360266710652137709e-03 6.649866884022615464e-03 4.741040960829494277e-03 4.994205015106306655e-03 2.599914480702328681e-03 2.630204574848828830e-03 2.223036045376686198e-03 2.686914939536931210e-03 1.990210664916755839e-03 8.788545629148170665e-04 9.352784865331554513e-04 3.750167245307734192e-04 2.459038818833870696e-04 8.977551846998058506e-05 4.787233054998761735e-04 1.108988187762653937e-03 1.780191676158631667e-03 1.428471677330255419e-03 1.093758771881270069e-03 5.084971759442869247e-04 1.852244490947090993e-03 9.436949034325795710e-03 1.002637694299470493e-02 6.498976379744822451e-03 3.974224574396023960e-03 2.893693806434154830e-03 6.297153389740439136e-04 8.913456230089988669e-04 9.478028523884400808e-04 1.543168292328814944e-03 1.046063022264449253e-03 9.415107048707782849e-04 5.296179965632648746e-04 7.017821969493667246e-04 1.022445209168516790e-03 1.617837310584900904e-03
9.585583325544726543e-03 9.546620367311325905e-03 7.526938657212984066e-03 6.387788173738746626e-03 3.504338771616451360e-03 3.986725728956853204e-03 3.072511571244221622e-03 3.180370125799582628e-03 2.786884093054852775e-03 1.412815236172039381e-03 1.476759900200617188e-03 6.498286915257525404e-04 5.954834785674671801e-04 2.132703601624003336e-04 5.453497794848802737e-04 3.253901645236817876e-04 4.892165565713852251e-04 1.227909002336843186e-04 6.071185704437491730e-05 1.908771722746283419e-04 1.501920473844099821e-04 1.182871325175108030e-03 1.574926849741134808e-03 4.372300485293877429e-04 3.269899410071939018e-04 6.344260072335157616e-04 1.427795877568473117e-03 2.242291999166179037e-03 2.295433907024352696e-03 3.492557400556538325e-03 1.822910347245804228e-03 2.596233439217454815e-03 1.909206715253719414e-03 2.158196505853019441e-03 2.412512375149675550e-03 3.179191014145119586e-03 1.584724790645723400e-03
9.126841349025119690e-03 7.089807082923537881e-03 1.399560092383797527e-02 6.919670911509382023e-03 5.522776380811458830e-03 4.049835006286261335e-03 3.740645715110407429e-03 3.623265872219341970e-03 2.841157437207806388e-03 2.434260032590038030e-03 1.111543519738732947e-03 1.104728855148882395e-03 4.589182811697135964e-04 4.540983486201961893e-04 7.332108758682249344e-04 4.581779682432428943e-04 6.192567725305445211e-04 1.482594338608683249e-04 2.410488408484075847e-04 6.075773082096957891e-05 2.500948487556964978e-04 7.354107645996307147e-04 7.472534793517066802e-04 7.611247876284472306e-04 2.244313637624168422e-04 2.162983997088748530e-04 5.000197075337094480e-04 2.954172678515524283e-03 2.074002878793110034e-03 1.079558747154746052e-03 1.000131654688572042e-03 1.036178738083460898e-03 1.767494077014388886e-03 1.131196849590538657e-03 1.245914658713543222e-03 9.695050002914318722e-04 1.745965132860591816e-03
6.329796894371748049e-03 9.543905054771839938e-03 1.999100023851709332e-02 8.488928881466918305e-03 6.329635041510115780e-03 5.779898559533149308e-03 5.392458757572577734e-03 3.253388309545785992e-03 3.698682138372121064e-03 1.771182780608423222e-03 1.896784774739711937e-03 8.571535789773259729e-04 8.959635506929424734e-04 4.395577441621412304e-04 1.057705942434817182e-03 5.909978801879689578e-04 5.373614269056165233e-04 2.314921985440052913e-04 5.487313769354574579e-04 1.753141083898261763e-04 3.561724395086536240e-04 9.941720280083623205e-04 3.312278559231119192e-04 5.169980075007739404e-04 3.370113379438632851e-04 4.131971128414349483e-04 6.499650916058181613e-04 3.617053712121447162e-04 1.091367661179871475e-03 6.453967913548277081e-04 9.395112636339246655e-04 1.801283796667568597e-03 2.097688982664257153e-03 1.835982818814504156e-03 1.014205362302774381e-03 1.249517140172496559e-03 1.291584511143843966e-03
4.477976441244305682e-03 7.188836117797832784e-03 3.340901066054541985e-02 9.343373055192064763e-03 6.559973241015135126e-03 6.835872366767347177e-03 6.171534416823778839e-03 5.036731722101767290e-03 2.682782181928447009e-03 2.996530575904185738e-03 1.462916445432254752e-03 1.497446965392405707e-03 6.505174988561719532e-04 1.053645255160419892e-03 1.045252014100718843e-03 9.010881946279116362e-04 9.196031903218839692e-04 5.863887365046856594e-04 8.605297170337737871e-04 2.369753321645899418e-04 5.530438278826138327e-04 8.852657869145212719e-04 6.102849183365253137e-04 5.078877720026630203e-04 8.787208294590356794e-04 5.774090310926801618e-04 8.203671297740141406e-04 1.031653208324637052e-03 8.495317425597926752e-04 1.352001612743051204e-03 1.784180080862004169e-03 1.933254915283047623e-03 2.977545897285783279e-03 1.553156640563521911e-03 2.346704379330064125e-03 2.011733484338081284e-03 1.551032423449448614e-03
2.078551523572315807e-03 6.506011916048630092e-03 4.499836214578250421e-02 9.517252662036540523e-03 8.234120629877253808e-03 6.945741943620101395e-03 6.246525661039508889e-03 4.291820619565819665e-03 5.099836996134107445e-03 2.294278044160862756e-03 2.218600679685073240e-03 1.858648105262607729e-03 1.177169503123551980e-03 1.286452238118197030e-03 1.499940407225361459e-03 1.048022762573988997e-03 1.114110145269603391e-03 9.281786017025834721e-04 8.349935186682600537e-04 3.080241979588845859e-04 5.381598159143309665e-04 1.050806793975013823e-03 5.254956383435220937e-04 1.014988251391397370e-03 8.269204409053458474e-04 1.428333568663192003e-03 1.138742262337202622e-03 1.497239816045406631e-03 1.418750660901962370e-03 1.601252753361369005e-03 2.527463763247719559e-03 3.077477108225103695e-03 2.966245344781538555e-03 2.613063905956094536e-03 2.615293433347055593e-03 1.906792787401240166e-03 2.456416655470393135e-03
5.098253614744080453e-02 1.293923110274358343e-02 2.772764683787220727e-02 4.317223819570815968e-02 8.688077251199641596e-03 6.134557959800582445e-03 4.752141378475574322e-03 7.230892261620488343e-03 8.094869288840508131e-03 3.897478772426981111e-03 2.007941102293483212e-03 2.230253619737227865e-03 1.617024968739192922e-03 1.769561631284585594e-03 1.209230344584544649e-03 2.463262520286168232e-03 1.594152831142393130e-03 1.252715727255668829e-03 8.095753848787465897e-04 4.129445271108953463e-04 6.224114020572191295e-04 7.896074269441223127e-04 9.412982591301189729e-04 8.771666718841322850e-04 1.689735857048295983e-03 1.300378421943478241e-03 2.194884009379711228e-03 1.521960591082622671e-03 2.419765411812739228e-03 2.433559763216694340e-03 2.242862878602592570e-03 2.992893383810584385e-03 5.229696903931725302e-03 1.809494017935458013e-02 3.029161184130850851e-02 3.916373843784409087e-02 4.579855805006605857e-02
5.125998374172335836e-02 9.896150333698819357e-02 2.093515055894591137e-01 1.883542534246008537e-01 1.777188130640666164e-01 2.825610885456787420e-03 1.555642563894879538e-02 8.576051992342993702e-03 8.290941212443276101e-03 3.711384640046422410e-03 3.217870970054918615e-03 2.281809013809100659e-03 2.627195664148405680e-03 2.065515535746703484e-03 2.072025518200858001e-03 1.816583387381865387e-03 2.236108512262922291e-03 2.983952624327735020e-04 2.154910144816935685e-03 6.310176128786940770e-04 4.128334823424578953e-04 7.318347300260724707e-04 1.060336873001982167e-03 1.586292931249384678e-03 1.193008476296227895e-03 2.273484867704293061e-03 1.944373656383734366e-03 3.034312615186456411e-03 2.213858346733109210e-03 2.829003070009430184e-03 5.200490739211844834e-03 8.834330224110155394e-02 7.328784585557800157e-02 4.585033005200234157e-02 9.041356497475939308e-03 6.178515115743412993e-03 4.910902995710231256e-03
1.171247354778014588e-01 4.910699168275294707e-02 2.907538622997301800e-02 1.759913493077068791e-01 1.632032838012959508e-01 1.187111875736466121e-01 8.339015390099249747e-02 5.824317391221991991e-02 1.681524807677443889e-02 2.342284660975560776e-02 4.171519904029571957e-03 3.462878072681065990e-03 3.324431977910032553e-03 2.998955047967478710e-03 2.465524197087714392e-03 2.619229900108115908e-03 2.164758011759054367e-03 5.630964999535087315e-04 1.663400102343887046e-03 1.886220880454084724e-03 9.314276555536805382e-04 7.836097656879828510e-04 1.471535518301874020e-03 1.547879951846829923e-03 1.644108565674576436e-03 1.710517199592161532e-03 3.259789899887369398e-03 2.619662600615364333e-03 4.379381613947470886e-03 7.120573425182516458e-02 6.342409367210331828e-02 2.458054388843572413e-02 2.862523100804020794e-04 5.660576874134528387e-05 1.590178523566161543e-04 3.177762993451999692e-04 4.020832290704438395e-04
1.674486335648476404e-02 6.766315686768930096e-03 1.114820347297655612e-02 9.932329147055043647e-03 1.479873152464675212e-02 8.527242721813986168e-03 4.798878676834779367e-02 9.917690904038274635e-02 1.065794624304394755e-01 1.240493153031199669e-01 1.839575393489573107e-01 1.571967717525278585e-01 1.111955344427222395e-03 3.583039640806690365e-03 5.944089806293392786e-03 4.163300963446388628e-03 1.291057250649640118e-03 1.534407965529882394e-03 1.907249913123070179e-03 2.138465282500005143e-03 3.488416856676115289e-03 9.512234488354581220e-04 2.145920979753535192e-03 1.476893424913928001e-03 1.701042112201141873e-03 2.536350066746053712e-03 2.714745130776278007e-03 1.011515156478754729e-01 9.633974670831761677e-02 7.921228063155859311e-02 7.249613295579684924e-02 5.146214711530759092e-04 4.023094847105944697e-04 3.249475814588346037e-04 1.427068068416872785e-04 2.133827161553408379e-04 2.522007470147274918e-05
6.301123542880011398e-03 1.443430600256016307e-02 1.682771730622307713e-02 5.995019807284503871e-03 1.120347131514620211e-02 1.460543303567968070e-02 1.371609916403352877e-02 1.138944832103654797e-02 8.965483874620559790e-03 9.427665533694663119e-03 8.995884329602238730e-03 1.129546765048901058e-01 1.126627505134152885e-01 1.486959091105456154e-01 1.132244222332501604e-01 1.693417328806924860e-01 1.443680785853138082e-01 1.056804572623328137e-01 1.038576159737572002e-01 1.849950811263167127e-01 1.675570627513361388e-01 1.495347501400894896e-01 1.292095776337799096e-01 1.019380208809166494e-01 5.828346768097857067e-02 5.266847557247078537e-02 1.231847903377770032e-01 1.077440092118994580e-01 1.032115030553312635e-01 9.917835198597752238e-04 9.644018761350046454e-05 6.692628244961556518e-05 2.069320982551884941e-04 2.989521428129915826e-04 6.974830384293377724e-04 6.096689225042318085e-04 1.041411684547157140e-03
