output/water_depth_6720.asc
ncols 223
nrows 158
xllcorner 0.0
yllcorner 0.0
cellsize 30.0
[rows 68 to 84 of 158, columns 185 to 221 of 223]
1.000000000000000021e-08 2.663345484941479632e-05 2.478209432461139222e-05 1.000000000000000021e-08 1.000000000000000021e-08 1.000000000000000021e-08 1.000000000000000021e-08 3.176425490277650835e-05 1.000000000000000021e-08 2.706330893794992739e-05 1.000000000000000021e-08 1.000000000000000021e-08 1.157917270284715406e-04 2.393421898165631293e-04 1.775181641759620134e-04 8.860271516884973538e-05 1.810977408687561459e-04 3.798252538054437059e-04 3.157404988742383480e-03 5.143802695702031193e-04 5.758301647613662741e-04 1.000000100000000021e-05 1.000000100000000021e-05 1.000000100000000021e-05 1.000000100000000021e-05 1.000000100000000021e-05 1.000000100000000021e-05 1.000000100000000021e-05 1.000000100000000021e-05 1.000000100000000021e-05 1.000000100000000021e-05 1.000000100000000021e-05 1.000000100000000021e-05 1.000000100000000021e-05 1.000000100000000021e-05 1.000000100000000021e-05 1.000000100000000021e-05
1.000000000000000021e-08 1.000000000000000021e-08 2.138733271979908663e-05 1.000000000000000021e-08 1.076862782415766315e-05 1.524522073210871031e-05 1.000000000000000021e-08 1.000000000000000021e-08 1.000000000000000021e-08 1.000000000000000021e-08 1.000000000000000021e-08 1.000000000000000021e-08 1.100657283954765004e-04 5.854094741095847675e-03 4.013339593912173772e-04 1.895855322505519633e-04 1.000000000000000021e-08 1.000000000000000021e-08 2.941303831491229206e-04 3.517597566772573013e-04 6.857516824602439848e-04 1.000000100000000021e-05 1.000000100000000021e-05 1.000000100000000021e-05 1.000000100000000021e-05 1.000000100000000021e-05 1.000000100000000021e-05 1.000000100000000021e-05 1.000000100000000021e-05 1.000000100000000021e-05 1.000000100000000021e-05 1.000000100000000021e-05 1.000000100000000021e-05 1.000000100000000021e-05 1.000000100000000021e-05 1.000000100000000021e-05 1.000000100000000021e-05
1.000000000000000021e-08 1.000000000000000021e-08 1.000000000000000021e-08 1.000000000000000021e-08 1.772676187097160376e-05 1.000000000000000021e-08 1.000000000000000021e-08 1.000000000000000021e-08 1.000000000000000021e-08 1.000000000000000021e-08 2.084402258293189189e-05 1.355886629850630251e-04 6.367634162419665554e-05 7.290428037678280419e-05 4.947480241117599117e-05 2.559397838757177914e-05 1.000000000000000021e-08 1.000000000000000021e-08 1.750279542564335458e-04 3.169014062417514137e-04 9.286168769990542707e-04 1.000000100000000021e-05 1.000000100000000021e-05 1.000000100000000021e-05 1.000000100000000021e-05 1.000000100000000021e-05 1.000000100000000021e-05 1.000000100000000021e-05 1.000000100000000021e-05 1.000000100000000021e-05 1.000000100000000021e-05 1.000000100000000021e-05 1.000000100000000021e-05 1.000000100000000021e-05 1.000000100000000021e-05 1.000000100000000021e-05 1.000000100000000021e-05
1.000000000000000021e-08 1.000000000000000021e-08 1.000000000000000021e-08 1.000000000000000021e-08 1.000000000000000021e-08 1.000000000000000021e-08 1.000000000000000021e-08 1.000000000000000021e-08 1.000000000000000021e-08 1.000000000000000021e-08 4.855487280351870481e-05 2.613048089199292677e-04 1.170706564133896968e-04 2.254839581165582555e-05 3.417212371066161912e-05 6.831337999073033656e-05 1.112110020979341612e-05 1.269357125522590826e-05 1.115924298212735556e-04 3.309256947857220450e-04 6.859026089297212692e-04 5.619770948272179807e-04 1.000000100000000021e-05 1.000000100000000021e-05 1.000000100000000021e-05 1.000000100000000021e-05 1.000000100000000021e-05 1.000000100000000021e-05 1.000000100000000021e-05 1.000000100000000021e-05 1.000000100000000021e-05 1.000000100000000021e-05 1.000000100000000021e-05 1.000000100000000021e-05 1.000000100000000021e-05 1.000000100000000021e-05 1.000000100000000021e-05
1.000000000000000021e-08 1.000000000000000021e-08 1.000000000000000021e-08 1.000000000000000021e-08 1.000000000000000021e-08 1.000000000000000021e-08 1.000000000000000021e-08 1.000000000000000021e-08 1.000000000000000021e-08 1.000000000000000021e-08 5.965208332657719623e-05 9.856124546710587732e-05 4.179684092464074400e-05 1.926213070907813974e-05 2.793427786212973230e-05 7.415466386106569683e-05 5.227013205782917588e-05 3.638790601072252310e-05 5.945657714398120791e-05 2.142159780134696297e-04 9.453920377525406541e-04 4.512944138455059662e-04 1.000000000000000021e-08 1.000000100000000021e-05 1.000000100000000021e-05 1.000000100000000021e-05 1.000000100000000021e-05 1.000000100000000021e-05 1.000000100000000021e-05 1.000000100000000021e-05 1.000000100000000021e-05 1.000000100000000021e-05 1.000000100000000021e-05 1.000000100000000021e-05 1.000000100000000021e-05 1.000000100000000021e-05 1.000000100000000021e-05
1.202877770439734562e-03 1.000000000000000021e-08 1.000000000000000021e-08 1.000000000000000021e-08 1.000000000000000021e-08 1.000000000000000021e-08 1.000000000000000021e-08 1.000000000000000021e-08 6.846248488058561646e-05 1.902795867269574162e-05 8.025001508462014331e-05 8.748192303797863614e-05 9.010597378488101068e-05 1.608239348087514727e-05 2.114797952771741040e-05 6.796788423920740313e-05 8.267174373262027099e-05 7.039082962824633226e-05 8.046357856355184973e-05 2.465755085898349228e-04 1.240011812282818329e-03 4.180334102041167142e-04 6.557497208136915440e-05 5.930628818578901864e-05 1.000000100000000021e-05 1.000000100000000021e-05 1.000000100000000021e-05 1.000000100000000021e-05 1.000000100000000021e-05 1.000000100000000021e-05 1.000000100000000021e-05 1.000000100000000021e-05 1.000000100000000021e-05 1.000000100000000021e-05 1.000000100000000021e-05 1.000000100000000021e-05 1.000000100000000021e-05
5.372566147952482357e-02 1.000000000000000021e-08 1.000000000000000021e-08 1.000000000000000021e-08 1.000000000000000021e-08 1.000000000000000021e-08 1.000000000000000021e-08 1.239420251577855433e-05 5.089547467937268534e-05 1.000000000000000021e-08 6.326331948366426276e-05 1.005179409419200073e-03 5.088619460799385583e-04 3.105622015746948688e-05 1.893595993344883500e-05 6.456747726244110896e-05 1.442958022806476099e-04 6.354360657213678205e-05 9.791412116459604102e-05 1.655385283972031756e-04 1.868975348091649839e-03 5.974480687100791739e-04 3.452108925057640200e-05 1.346439322913632413e-05 1.000000100000000021e-05 1.000000100000000021e-05 1.000000100000000021e-05 1.000000100000000021e-05 1.000000100000000021e-05 1.000000100000000021e-05 1.000000100000000021e-05 1.000000100000000021e-05 1.000000100000000021e-05 1.000000100000000021e-05 1.000000100000000021e-05 1.000000100000000021e-05 1.000000100000000021e-05
5.278962466766506934e-02 4.448691249276805898e-02 1.992768770940209688e-04 1.000000000000000021e-08 1.000000000000000021e-08 1.082843911836843919e-05 1.000000000000000021e-08 1.000000000000000021e-08 1.000000000000000021e-08 1.000000000000000021e-08 1.470453837208963110e-04 1.011425941709847729e-03 3.243066707987101523e-04 3.814128108614191063e-05 1.785422920452004407e-05 7.315769759400531135e-05 2.182751778549016028e-04 1.002708410865376303e-04 8.230189367066138178e-05 1.975005214985484439e-02 2.080760149932103092e-02 1.460725265373986632e-04 1.293805212354642934e-05 1.262272623170651975e-05 1.000000100000000021e-05 1.000000100000000021e-05 1.000000100000000021e-05 1.000000100000000021e-05 1.000000100000000021e-05 1.000000100000000021e-05 1.000000100000000021e-05 1.000000100000000021e-05 1.000000100000000021e-05 1.000000100000000021e-05 1.000000100000000021e-05 1.000000100000000021e-05 1.000000100000000021e-05
6.501239860260007997e-02 4.382471017103754807e-02 1.684846595949566106e-04 1.000000000000000021e-08 1.434944731757430761e-05 1.000000000000000021e-08 1.000000000000000021e-08 1.000000000000000021e-08 1.000000000000000021e-08 1.000000000000000021e-08 1.314032352219675706e-04 8.823117451830064361e-04 3.044921979383706208e-04 4.479509847108645580e-05 2.022892840405061498e-05 1.000000000000000021e-08 2.317015861663741566e-04 9.001852356065609688e-05 1.500273002196924992e-02 1.814069739961028660e-02 2.008024318885087006e-02 5.416386381000271700e-05 5.444578479859600101e-05 1.000000000000000021e-08 2.286056798327283906e-03 3.749404417924545059e-05 1.000000100000000021e-05 1.000000100000000021e-05 1.000000100000000021e-05 1.000000100000000021e-05 1.000000100000000021e-05 1.000000100000000021e-05 1.000000100000000021e-05 1.000000100000000021e-05 1.000000100000000021e-05 1.000000100000000021e-05 1.000000100000000021e-05
9.904597101003188853e-02 3.696487097445329967e-02 1.217077196215287402e-04 1.363621199170637632e-05 1.059909895675514671e-05 1.000000000000000021e-08 1.000000000000000021e-08 1.314646117015941563e-05 2.937814830612642188e-05 5.410726091283193711e-05 1.185514947052519394e-04 7.295122709878111610e-04 2.711852465143906737e-04 5.922856899244514299e-05 7.610563872049891268e-05 5.773502623643795911e-04 2.959506595253204135e-03 3.563354558662299928e-03 5.298018709016883224e-03 1.427622576292466965e-02 3.479886564380895711e-04 3.705257647314436423e-03 2.024873833262386179e-04 1.126703642973592639e-04 1.354626027197771213e-05 1.171510225732937628e-05 1.000000100000000021e-05 1.000000100000000021e-05 1.000000100000000021e-05 1.000000100000000021e-05 1.000000100000000021e-05 1.000000100000000021e-05 1.000000100000000021e-05 1.000000100000000021e-05 1.000000100000000021e-05 1.000000100000000021e-05 1.000000100000000021e-05
1.001385665353240473e-01 4.998009653422499921e-02 5.808559745976690824e-04 1.760150035479239865e-05 1.000000000000000021e-08 1.077778521442741145e-05 3.965056816312837644e-05 7.214931464847428456e-05 1.195322833933831216e-04 1.829072750012659021e-04 3.610420468804629700e-03 1.513146530663368652e-03 1.554250455751877069e-03 2.076026940997395803e-03 3.806246411527991480e-03 2.157875656185340857e-02 4.921835972046339526e-03 3.060969949554076617e-03 1.000000000000000021e-08 1.000000000000000021e-08 1.000000000000000021e-08 1.000000000000000021e-08 1.000000000000000021e-08 1.000000000000000021e-08 1.000000000000000021e-08 1.000000000000000021e-08 1.000000100000000021e-05 1.000000100000000021e-05 1.000000100000000021e-05 1.000000100000000021e-05 1.000000100000000021e-05 1.000000100000000021e-05 1.000000100000000021e-05 1.000000100000000021e-05 1.000000100000000021e-05 1.000000100000000021e-05 1.000000100000000021e-05
1.163847712873530976e-01 3.838884010864669905e-01 2.105220441482612281e-03 2.181285485128803758e-05 1.351528091628392780e-05 2.912663938522665414e-05 1.000000000000000021e-08 2.347626129545986849e-05 1.250741651987668353e-05 5.663641808085527279e-05 3.180698195203652320e-04 2.644848214582516330e-02 3.140548801913716805e-03 3.291743350108985392e-03 3.710460241926979812e-03 3.000444679829423380e-05 3.089847772941282000e-05 1.133165114800625417e-05 1.000000000000000021e-08 1.562645503890621257e-05 1.000000000000000021e-08 1.000000000000000021e-08 1.000000000000000021e-08 1.000000000000000021e-08 1.000000000000000021e-08 1.000000000000000021e-08 1.000000100000000021e-05 1.000000100000000021e-05 1.000000100000000021e-05 1.000000100000000021e-05 1.000000100000000021e-05 1.000000100000000021e-05 1.000000100000000021e-05 1.000000100000000021e-05 1.000000100000000021e-05 1.000000100000000021e-05 1.000000100000000021e-05
1.857517126131869641e-03 3.132518849783375026e-01 1.890019915637427550e-01 1.978875180850310153e-03 1.915484429191439982e-05 4.230319885803433957e-05 1.211509834448303259e-05 1.000000000000000021e-08 1.000000000000000021e-08 1.000000000000000021e-08 2.491961748682651901e-04 2.342499481397431610e-02 2.545718007840705455e-02 2.934556980585045945e-03 7.620218288224233326e-04 1.000000000000000021e-08 1.000000000000000021e-08 1.000000000000000021e-08 1.010254365083722938e-05 1.000000000000000021e-08 1.000000000000000021e-08 1.000000000000000021e-08 1.000000000000000021e-08 1.000000000000000021e-08 1.000000000000000021e-08 1.000000000000000021e-08 1.000000100000000021e-05 1.000000100000000021e-05 1.000000100000000021e-05 1.000000100000000021e-05 1.000000100000000021e-05 1.000000100000000021e-05 1.000000100000000021e-05 1.000000100000000021e-05 1.000000100000000021e-05 1.000000100000000021e-05 1.000000100000000021e-05
1.000000000000000021e-08 1.000000000000000021e-08 1.959314536973581211e-01 9.977788422210445707e-02 7.810418770292699986e-02 2.669842227213573699e-02 1.000000000000000021e-08 1.000000000000000021e-08 1.000000000000000021e-08 1.000000000000000021e-08 1.680901675999382935e-04 9.070235799085385811e-03 2.115593133949510846e-02 4.911956615332213659e-04 1.465467874236492634e-04 1.819323518680058684e-05 1.036036446490364164e-05 1.000000000000000021e-08 1.000000000000000021e-08 1.000000000000000021e-08 1.000000000000000021e-08 1.000000000000000021e-08 1.000000000000000021e-08 1.000000000000000021e-08 1.000000000000000021e-08 1.000000000000000021e-08 1.000000100000000021e-05 1.000000100000000021e-05 1.000000100000000021e-05 1.000000100000000021e-05 1.000000100000000021e-05 1.000000100000000021e-05 1.000000100000000021e-05 1.000000100000000021e-05 1.000000100000000021e-05 1.000000100000000021e-05 1.000000100000000021e-05
1.000000000000000021e-08 1.000000000000000021e-08 1.000000000000000021e-08 1.033089111078567823e-01 3.751343351476490451e-01 3.374576358651021346e-01 2.277698922420704486e-01 5.024727293833078194e-03 4.881904715795683638e-04 3.134628610147337582e-03 3.767707611956791578e-03 6.117869185359065508e-03 5.598704739052630863e-04 4.884041403201496052e-03 1.000000000000000021e-08 1.000000000000000021e-08 1.000000000000000021e-08 1.000000000000000021e-08 1.000000000000000021e-08 1.000000000000000021e-08 1.000000000000000021e-08 1.000000000000000021e-08 1.000000000000000021e-08 1.000000000000000021e-08 1.000000000000000021e-08 1.000000000000000021e-08 1.000000100000000021e-05 1.000000100000000021e-05 1.000000100000000021e-05 1.000000100000000021e-05 1.000000100000000021e-05 1.000000100000000021e-05 1.000000100000000021e-05 1.000000100000000021e-05 1.000000100000000021e-05 1.000000100000000021e-05 1.000000100000000021e-05
1.000000000000000021e-08 1.000000000000000021e-08 1.000000000000000021e-08 3.239093277384479715e-04 9.238864563720052469e-04 1.750977797764827421e-03 1.652176803127357319e-01 5.776890053664517771e-02 2.594551041391516058e-02 4.053043167496410068e-03 3.848158818533213392e-03 3.780521313250708587e-03 1.000000000000000021e-08 1.000000000000000021e-08 1.000000000000000021e-08 1.000000000000000021e-08 1.000000000000000021e-08 1.000000000000000021e-08 1.000000000000000021e-08 1.000000000000000021e-08 3.934322639499809822e-05 2.898432979282988489e-05 1.627400909042294737e-05 1.000000000000000021e-08 1.000000000000000021e-08 1.000000000000000021e-08 1.000000100000000021e-05 1.000000100000000021e-05 1.000000100000000021e-05 1.000000100000000021e-05 1.000000100000000021e-05 1.000000100000000021e-05 1.000000100000000021e-05 1.000000100000000021e-05 1.000000100000000021e-05 1.000000100000000021e-05 1.000000100000000021e-05
2.833514279599344291e-05 2.256490766446134200e-05 1.955739359742408198e-05 1.000000000000000021e-08 1.000000000000000021e-08 1.000000000000000021e-08 1.697373878840709727e-01 3.206948317021843242e-01 3.056200392354507800e-01 8.319057310247788758e-03 3.383911929384258652e-03 2.071238038243817386e-03 1.000000000000000021e-08 1.810677744520151786e-05 1.717112454108300816e-05 1.000000000000000021e-08 1.420858380434788396e-05 1.000000000000000021e-08 1.000000000000000021e-08 4.778275517589083965e-05 2.807567658027922328e-05 3.395226996805377438e-05 2.094309408655007696e-05 1.000000000000000021e-08 1.000000000000000021e-08 5.202166748396764982e-05 4.988550660636380740e-05 1.000000100000000021e-05 1.000000100000000021e-05 1.000000100000000021e-05 1.000000100000000021e-05 1.000000100000000021e-05 1.000000100000000021e-05 1.000000100000000021e-05 1.000000100000000021e-05 1.000000100000000021e-05 1.000000100000000021e-05
