output/water_depth_5160.asc
ncols 223
nrows 158
xllcorner 0.0
yllcorner 0.0
cellsize 30.0
[rows 85 to 101 of 158, columns 185 to 221 of 223]
4.558106137259780935e-05 4.145493576616033282e-05 1.000000000000000021e-08 1.000000000000000021e-08 1.000000000000000021e-08 1.000000000000000021e-08 1.055946765781858162e-03 4.056087865200646014e-01 4.020141317625113841e-01 4.047747969338641449e-01 7.225429730880928922e-03 3.961652034302424151e-03 1.000000000000000021e-08 1.000000000000000021e-08 5.371547722070960784e-05 3.398313362861504625e-05 1.030666080761646693e-05 1.000000000000000021e-08 1.000000000000000021e-08 1.000000000000000021e-08 1.000000000000000021e-08 5.212082844049983053e-05 5.222416216260700525e-05 5.296914675185156353e-05 6.077376927722729640e-05 7.070768581511763988e-05 7.547973004524265595e-05 8.569797181369927252e-05 5.447495294753912365e-05 2.705845833922305846e-05 1.000000100000000021e-05 1.000000100000000021e-05 1.000000100000000021e-05 1.000000100000000021e-05 1.000000100000000021e-05 1.000000100000000021e-05 1.000000100000000021e-05
3.878322945605936861e-05 5.669762809043378500e-05 1.000000000000000021e-08 1.000000000000000021e-08 1.000000000000000021e-08 1.000000000000000021e-08 1.035525113191954131e-04 3.604753479806541705e-01 3.588688589889597047e-01 2.156059186818029463e-03 2.051442779203311792e-03 8.690433084010887451e-04 7.603743994652078684e-05 5.824904620436031541e-05 3.494933349370120813e-05 3.115669436848193390e-05 2.745549659497762351e-05 1.000000000000000021e-08 4.026014116903458933e-05 3.454693873738023285e-05 1.661706270242240360e-05 1.539179252385512788e-05 2.132346870868792929e-05 2.940527293628015148e-05 2.985714034570455280e-05 2.511737403780255865e-05 2.311535677041821944e-05 2.067454465521918237e-05 1.628349034034981543e-05 1.136872818171343610e-05 1.000000000000000021e-08 1.000000100000000021e-05 1.000000100000000021e-05 1.000000100000000021e-05 1.000000100000000021e-05 1.000000100000000021e-05 1.000000100000000021e-05
4.217449577420363192e-05 1.000000000000000021e-08 1.000000000000000021e-08 1.000000000000000021e-08 1.000000000000000021e-08 1.000000000000000021e-08 1.000000000000000021e-08 2.952207379858488578e-01 2.943899168983025172e-01 4.293272803694361952e-05 2.808084448706685954e-05 2.873351856555613786e-05 1.000000000000000021e-08 1.000000000000000021e-08 1.000000000000000021e-08 1.000000000000000021e-08 8.606277108626168566e-05 3.362032875798269017e-05 2.252506755843987265e-05 1.000000000000000021e-08 4.354992427372226144e-05 4.059186426934417317e-05 3.892213108445839655e-05 3.346478381558794549e-05 1.991040123479523351e-05 1.000000000000000021e-08 1.000000000000000021e-08 1.000000000000000021e-08 1.000000000000000021e-08 1.000000000000000021e-08 1.096798729715906499e-05 1.000000100000000021e-05 1.000000100000000021e-05 1.000000100000000021e-05 1.000000100000000021e-05 1.000000100000000021e-05 1.000000100000000021e-05
4.181882007032052098e-05 3.355261671260717022e-05 3.212084482988473766e-05 3.360285339482553768e-05 5.641684101222915385e-05 1.000000000000000021e-08 1.599368892891706175e-05 4.441581927291465282e-01 1.474724481633833406e-01 5.427545132673544279e-05 3.778404967860931257e-05 1.000000000000000021e-08 1.000000000000000021e-08 1.638798081839988778e-05 1.282604847562912724e-05 4.372476415625359356e-04 4.304998592392215995e-03 1.166482569123609449e-04 1.000000000000000021e-08 1.000000000000000021e-08 1.022239980895428855e-04 9.441924245815681480e-05 8.605529792843204879e-05 4.755122504855455238e-05 3.914765556779201041e-05 3.697910804757100503e-05 3.259523096249946689e-05 2.695907208449308573e-05 1.966191921656564774e-05 1.469243503644239913e-05 1.306163546199718670e-05 1.000000100000000021e-05 1.000000100000000021e-05 1.000000100000000021e-05 1.000000100000000021e-05 1.000000100000000021e-05 1.000000100000000021e-05
1.175151280224918070e-04 1.020199050940013067e-04 6.659399125425312263e-05 6.080969016240978648e-05 7.891008601501180598e-05 1.392353252179013060e-04 2.000023872538562477e-04 3.225280065428123843e-01 2.705735263706913751e-01 1.515186096092290772e-03 1.293958287564881664e-05 1.492913755527088187e-05 1.167932271405989979e-05 1.426669481103996984e-05 2.909509131305026866e-04 4.311792823555178861e-04 1.000000000000000021e-08 3.156688718484287930e-05 2.033469352955143711e-05 4.663093748429424762e-05 8.316039662711638717e-05 8.190829845505670525e-05 6.731794174770769563e-05 8.353743963614584402e-05 8.970237351360737534e-05 9.154639290827436412e-05 1.127479033675940777e-04 1.141981631181995100e-04 8.055835432912255808e-05 5.049825167459220780e-05 2.782030807997437464e-05 1.000000100000000021e-05 1.000000100000000021e-05 1.000000100000000021e-05 1.000000100000000021e-05 1.000000100000000021e-05 1.000000100000000021e-05
1.435393315883917904e-04 1.344066220015272700e-04 1.543055737054217454e-04 2.492714248051332011e-04 2.639574302833815099e-04 2.937477206750224441e-04 1.723068657264148181e-05 3.084396992440245344e-01 3.037949916338439915e-01 1.097195193453169310e-03 2.123957196554005948e-05 1.617814133003941070e-05 1.957775652821020716e-05 1.143868190184175482e-05 2.311252930286878220e-05 2.192929282922025471e-04 1.000000000000000021e-08 1.000000000000000021e-08 1.000000000000000021e-08 1.000000000000000021e-08 1.000000000000000021e-08 1.000000000000000021e-08 5.024259948111908775e-05 1.000000000000000021e-08 1.000000000000000021e-08 7.140655151675727192e-05 1.000000000000000021e-08 1.000000000000000021e-08 1.000000000000000021e-08 1.000000000000000021e-08 1.000000100000000021e-05 1.000000100000000021e-05 1.000000100000000021e-05 1.000000100000000021e-05 1.000000100000000021e-05 1.000000100000000021e-05 1.000000100000000021e-05
1.000000000000000021e-08 1.000000000000000021e-08 5.838196934865338386e-05 3.182062426423315835e-05 3.115646557620817486e-04 5.665047844674102161e-05 5.351211196879120460e-03 5.259809651739143499e-01 1.677184779158975847e-01 1.770555187314593352e-04 1.519103555935444924e-05 1.873830550035016836e-05 1.456661385611551992e-05 1.769743730814422894e-05 1.025800628962380263e-05 1.414464399188520931e-04 1.000000000000000021e-08 1.000000000000000021e-08 1.000000000000000021e-08 1.751361457091145111e-05 1.602015986027074479e-05 1.958863696289955575e-05 2.904220058351973481e-05 1.000000000000000021e-08 1.000000000000000021e-08 1.000000000000000021e-08 1.000000000000000021e-08 1.000000000000000021e-08 1.000000000000000021e-08 1.000000000000000021e-08 1.000000100000000021e-05 1.000000100000000021e-05 1.000000100000000021e-05 1.000000100000000021e-05 1.000000100000000021e-05 1.000000100000000021e-05 1.000000100000000021e-05
1.000000000000000021e-08 1.000000000000000021e-08 1.000000000000000021e-08 1.000000000000000021e-08 1.000000000000000021e-08 8.283733122782888992e-05 3.251625156036418011e-04 4.757271593716927427e-01 6.701417108217468110e-02 1.000000000000000021e-08 1.962744364498268933e-05 1.427328599417570768e-05 1.000000000000000021e-08 1.021316127362783302e-05 1.599582496885919482e-05 1.000000000000000021e-08 1.000000000000000021e-08 1.000000000000000021e-08 1.000000000000000021e-08 3.090375123480928955e-05 3.248413460993825676e-05 2.102345620813031934e-05 1.000000000000000021e-08 1.000000000000000021e-08 1.000000000000000021e-08 1.000000000000000021e-08 1.000000000000000021e-08 1.000000000000000021e-08 1.000000000000000021e-08 1.000000000000000021e-08 1.000000100000000021e-05 1.000000100000000021e-05 1.000000100000000021e-05 1.000000100000000021e-05 1.000000100000000021e-05 1.000000100000000021e-05 1.000000100000000021e-05
1.000000000000000021e-08 1.000000000000000021e-08 1.000000000000000021e-08 1.000000000000000021e-08 1.097529858317276446e-05 1.000000000000000021e-08 1.000000000000000021e-08 2.534147089610881420e-01 3.939325313692918495e-01 2.567059316334152890e-03 1.438592609118199061e-05 1.770068181366160026e-05 1.392304886868265028e-05 1.706654537002144013e-05 1.000000000000000021e-08 1.000000000000000021e-08 1.000000000000000021e-08 1.000000000000000021e-08 1.000000000000000021e-08 1.000000000000000021e-08 1.000000000000000021e-08 1.000000000000000021e-08 1.000000000000000021e-08 1.000000000000000021e-08 1.731528118829623198e-05 1.081110311363268225e-05 1.000000000000000021e-08 1.000000000000000021e-08 1.708158080053531538e-05 1.152197502154873578e-05 1.000000100000000021e-05 1.000000100000000021e-05 1.000000100000000021e-05 1.000000100000000021e-05 1.000000100000000021e-05 1.000000100000000021e-05 1.000000100000000021e-05
3.199296490682822681e-05 5.079936484120214360e-05 9.567654891950994056e-05 9.668070789127863819e-05 1.212852823734018707e-04 1.782916546493841178e-04 4.332879442252068392e-04 2.911361859221385240e-01 2.986922830001850770e-01 1.874727837387317768e-03 1.000000000000000021e-08 1.000000000000000021e-08 2.537743669792236545e-05 1.000000000000000021e-08 1.000000000000000021e-08 1.000000000000000021e-08 3.436593081311820660e-05 1.000000000000000021e-08 1.000000000000000021e-08 1.000000000000000021e-08 1.000000000000000021e-08 1.000000000000000021e-08 1.000000000000000021e-08 1.000000000000000021e-08 1.000000000000000021e-08 1.000000000000000021e-08 1.000000000000000021e-08 1.000000000000000021e-08 1.000000000000000021e-08 1.528553932898864834e-05 1.000000100000000021e-05 1.000000100000000021e-05 1.000000100000000021e-05 1.000000100000000021e-05 1.000000100000000021e-05 1.000000100000000021e-05 1.000000100000000021e-05
2.650434284324812407e-04 3.249741816160028451e-04 2.538223758367137576e-04 2.587240092358541045e-04 3.283901759826817878e-04 3.808982671273430432e-04 3.812464511449680784e-04 1.396050376928602010e-01 4.338196449654168618e-01 1.064101618075579672e-03 9.722521637965563976e-05 1.065617455450446847e-04 9.999690888446462059e-05 1.000000000000000021e-08 1.000000000000000021e-08 4.405056628363731891e-05 5.565046896659735102e-05 3.802685319541502563e-05 1.000000000000000021e-08 1.000000000000000021e-08 1.000000000000000021e-08 1.000000000000000021e-08 1.000000000000000021e-08 1.000000000000000021e-08 1.000000000000000021e-08 1.000000000000000021e-08 1.000000000000000021e-08 1.000000000000000021e-08 1.481369475066989374e-05 1.631717545453148811e-05 1.000000100000000021e-05 1.000000100000000021e-05 1.000000100000000021e-05 1.000000100000000021e-05 1.000000100000000021e-05 1.000000100000000021e-05 1.000000100000000021e-05
5.423686192576986629e-05 7.836372139101706693e-05 2.172704907135981044e-04 2.601282422843729982e-04 4.097261827185457654e-04 4.185035988303217294e-04 1.431413358358764407e-03 2.582832436833306655e-01 3.121295012320018381e-01 1.806199979579555036e-04 1.000000000000000021e-08 1.000000000000000021e-08 1.000000000000000021e-08 1.442946430988588857e-04 9.071659737816408322e-05 1.001323393518731498e-04 8.686805341142881276e-05 6.341509105866217216e-05 3.486495837548520357e-05 2.804454373837209121e-05 2.003095666956750825e-05 1.212033985397819712e-05 1.000000000000000021e-08 1.000000000000000021e-08 1.000000000000000021e-08 1.000000000000000021e-08 1.000000000000000021e-08 1.000000000000000021e-08 2.768323739687765070e-05 1.627972955925388493e-05 1.000000100000000021e-05 1.000000100000000021e-05 1.000000100000000021e-05 1.000000100000000021e-05 1.000000100000000021e-05 1.000000100000000021e-05 1.000000100000000021e-05
1.939453530181776587e-05 1.000000000000000021e-08 1.402101024198059679e-04 4.337402812122418652e-04 5.383403105420084484e-04 5.712030998966557797e-04 1.495003216261263194e-02 4.422951311736139091e-01 1.836145211824367629e-01 3.054223139474182102e-05 1.509265024860151228e-05 1.108605509215258428e-05 2.869118237096155693e-05 3.980500477297575909e-05 4.260433247121062973e-04 2.921373036252764900e-04 1.167540754995129734e-04 9.809806279503643174e-05 8.561505970002286517e-05 3.545203711661624351e-05 2.425084277884433846e-05 1.834488612060766562e-05 1.074674853323960162e-05 1.000000000000000021e-08 1.000000000000000021e-08 1.000000000000000021e-08 1.000000000000000021e-08 1.000000000000000021e-08 1.000000000000000021e-08 1.626097959516951123e-05 1.000000100000000021e-05 1.000000100000000021e-05 1.000000100000000021e-05 1.000000100000000021e-05 1.000000100000000021e-05 1.000000100000000021e-05 1.000000100000000021e-05
1.240259917155369878e-05 1.145598765901771094e-05 8.653234117462521742e-05 7.061560778905663313e-05 5.763291441631285825e-04 8.457282294742909056e-05 2.991121242749102734e-03 5.343309649550042062e-01 9.098314358612268060e-02 3.064669002782854901e-04 2.171911405838374668e-05 1.665980782483198513e-05 4.305119433164972199e-05 6.283668348646411449e-05 7.495537194150979398e-05 9.532426301409514682e-05 1.238173783216960436e-04 1.042064149743239309e-04 1.000000000000000021e-08 1.000000000000000021e-08 1.000000000000000021e-08 1.000000000000000021e-08 1.000000000000000021e-08 1.000000000000000021e-08 1.000000000000000021e-08 4.754894157256764185e-05 2.342004452516733545e-05 1.000000000000000021e-08 1.000000000000000021e-08 1.897219074972707659e-05 1.000000100000000021e-05 1.000000100000000021e-05 1.000000100000000021e-05 1.000000100000000021e-05 1.000000100000000021e-05 1.000000100000000021e-05 1.000000100000000021e-05
1.312477824119916058e-05 1.363280552313900993e-05 2.483889059294215482e-05 1.608179984801919144e-05 5.021785759664126815e-05 2.063378336312112100e-03 2.756990426003702033e-01 2.776413253363653744e-01 2.313827516206969082e-02 5.157737093611173954e-05 2.982061685035081343e-05 1.000000000000000021e-08 7.763222863886277091e-05 8.965983624175089775e-05 9.751376223673984467e-05 1.184415214839950106e-04 9.552747756408544032e-05 1.000000000000000021e-08 1.000000000000000021e-08 1.157334089901133334e-05 1.000000000000000021e-08 1.000000000000000021e-08 1.000000000000000021e-08 1.000000000000000021e-08 1.392643948516969390e-05 1.000000000000000021e-08 1.000000000000000021e-08 1.000000000000000021e-08 1.000000000000000021e-08 2.162910522389580186e-05 1.000000100000000021e-05 1.000000100000000021e-05 1.000000100000000021e-05 1.000000100000000021e-05 1.000000100000000021e-05 1.000000100000000021e-05 1.000000100000000021e-05
1.000000000000000021e-08 1.000000000000000021e-08 2.245242219566119784e-05 3.253350004876991023e-05 1.000000000000000021e-08 1.892366045488349125e-03 2.842484805738786369e-01 2.826883756112365531e-01 1.795734851895481807e-02 1.000000000000000021e-08 6.865285156998663795e-05 6.317027784723417284e-05 7.099975757839118947e-05 1.000000000000000021e-08 1.129140762095979280e-04 3.223841661309590823e-04 1.011374278970064602e-04 2.821258545827531818e-05 2.073667112468450499e-05 1.346746365138222762e-05 1.000000000000000021e-08 2.502137311145118250e-05 2.401119457648749497e-05 1.883906616392529111e-05 1.285224523109450158e-05 1.000000000000000021e-08 1.000000000000000021e-08 1.000000000000000021e-08 1.000000000000000021e-08 2.333944869846661430e-05 1.000000100000000021e-05 1.000000100000000021e-05 1.000000100000000021e-05 1.000000100000000021e-05 1.000000100000000021e-05 1.000000100000000021e-05 1.000000100000000021e-05
1.000000000000000021e-08 1.000000000000000021e-08 3.801388415640345628e-05 1.000000000000000021e-08 1.000000000000000021e-08 1.972688127602970889e-04 1.364908690656801427e-01 5.962575254691486748e-01 2.998066899460263834e-02 1.000000000000000021e-08 9.298901722144952710e-05 8.172765810957765588e-05 1.020042297833508564e-04 1.073894177326008005e-04 1.631351240533805941e-04 2.055813096822881774e-04 8.886035239238563015e-05 1.000000000000000021e-08 1.000000000000000021e-08 1.281664547936597048e-05 1.000000000000000021e-08 1.000000000000000021e-08 3.769822042843050381e-05 2.546600747583448914e-05 1.000000000000000021e-08 1.000000000000000021e-08 1.000000000000000021e-08 1.000000000000000021e-08 1.000000000000000021e-08 2.119072858943646896e-05 1.000000100000000021e-05 1.000000100000000021e-05 1.000000100000000021e-05 1.000000100000000021e-05 1.000000100000000021e-05 1.000000100000000021e-05 1.000000100000000021e-05
