output/water_depth_12000.asc
ncols 223
nrows 158
xllcorner 0.0
yllcorner 0.0
cellsize 30.0
[rows 136 to 152 of 158, columns 185 to 221 of 223]
1.000000000000000021e-08 2.946254111050120446e-05 2.210376084879643252e-04 3.071385532788461492e-01 7.808168622528066649e-02 1.000000000000000021e-08 4.253066082215344810e-05 7.363959755400049370e-05 1.394203261042150461e-04 2.198383829655189210e-04 4.113734461275308932e-04 6.019095003094879302e-04 2.404972455228725659e-04 6.067291498962438932e-05 3.709692147291979695e-05 2.685028759656397034e-05 1.923525697131701581e-05 1.257021644826203377e-05 1.000000000000000021e-08 1.000000000000000021e-08 1.000000000000000021e-08 1.000000000000000021e-08 1.000000000000000021e-08 1.000000000000000021e-08 1.000000100000000021e-05 1.000000100000000021e-05 1.000000100000000021e-05 1.000000100000000021e-05 1.000000100000000021e-05 1.000000100000000021e-05 1.000000100000000021e-05 1.000000100000000021e-05 1.000000100000000021e-05 1.000000100000000021e-05 1.000000100000000021e-05 1.000000100000000021e-05 1.000000100000000021e-05
1.931987677826697603e-05 1.691705676613099139e-05 3.508814899887760112e-05 2.979207674398576811e-01 2.952132520564960116e-01 2.735735962741150940e-01 7.230136971026269229e-04 4.877487518402138855e-05 2.782369180790200170e-05 6.642834311604536358e-05 4.597973954756769078e-04 5.744471844630203361e-04 1.875092179074231541e-04 1.000000000000000021e-08 1.000000000000000021e-08 1.000000000000000021e-08 1.000000000000000021e-08 1.000000000000000021e-08 1.000000000000000021e-08 1.000000000000000021e-08 1.000000000000000021e-08 1.000000000000000021e-08 1.000000000000000021e-08 1.000000000000000021e-08 1.000000000000000021e-08 1.000000100000000021e-05 1.000000100000000021e-05 1.000000100000000021e-05 1.000000100000000021e-05 1.000000100000000021e-05 1.000000100000000021e-05 1.000000100000000021e-05 1.000000100000000021e-05 1.000000100000000021e-05 1.000000100000000021e-05 1.000000100000000021e-05 1.000000100000000021e-05
1.000000000000000021e-08 1.000000000000000021e-08 1.000000000000000021e-08 4.790204305426896936e-04 6.739410147691395287e-04 2.434549311204317057e-01 2.131356134325707030e-01 1.685653539193648909e-01 5.888710617887207670e-04 1.194589188182268593e-04 4.244067803419862886e-04 5.733815080201606928e-05 1.988479813787525025e-05 1.000000000000000021e-08 1.000000000000000021e-08 1.000000000000000021e-08 1.000000000000000021e-08 1.000000000000000021e-08 1.000000000000000021e-08 1.000000000000000021e-08 1.000000000000000021e-08 1.000000000000000021e-08 1.000000000000000021e-08 1.000000000000000021e-08 1.000000000000000021e-08 1.000000100000000021e-05 1.000000100000000021e-05 1.000000100000000021e-05 1.000000100000000021e-05 1.000000100000000021e-05 1.000000100000000021e-05 1.000000100000000021e-05 1.000000100000000021e-05 1.000000100000000021e-05 1.000000100000000021e-05 1.000000100000000021e-05 1.000000100000000021e-05
5.205915569238569156e-05 8.269896479088920170e-05 1.000000000000000021e-08 1.000000000000000021e-08 1.000000000000000021e-08 2.679177089721429322e-04 2.133472080711624206e-04 1.107318413047908290e-01 5.935894951930550251e-02 5.059144018693991895e-04 7.826720695243690536e-05 4.422335876026731627e-05 1.000000000000000021e-08 1.000000000000000021e-08 1.116026761295649707e-05 1.000000000000000021e-08 1.000000000000000021e-08 1.000000000000000021e-08 1.000000000000000021e-08 1.000000000000000021e-08 1.000000000000000021e-08 1.000000000000000021e-08 1.000000000000000021e-08 1.000000000000000021e-08 1.000000000000000021e-08 1.000000100000000021e-05 1.000000100000000021e-05 1.000000100000000021e-05 1.000000100000000021e-05 1.000000100000000021e-05 1.000000100000000021e-05 1.000000100000000021e-05 1.000000100000000021e-05 1.000000100000000021e-05 1.000000100000000021e-05 1.000000100000000021e-05 1.000000100000000021e-05
3.360470905786861156e-05 1.968715482352944077e-05 1.890242582670193276e-05 1.141266398872596085e-05 1.000000000000000021e-08 1.000000000000000021e-08 1.000000000000000021e-08 5.557328396840231083e-02 1.160222186401532046e-01 8.102648966834464540e-04 2.579620360489463067e-04 4.705856847448916422e-05 1.000000000000000021e-08 1.000000000000000021e-08 1.000000000000000021e-08 1.000000000000000021e-08 1.000000000000000021e-08 1.000000000000000021e-08 1.000000000000000021e-08 1.000000000000000021e-08 1.000000000000000021e-08 1.000000000000000021e-08 1.000000000000000021e-08 1.000000000000000021e-08 1.000000000000000021e-08 1.000000100000000021e-05 1.000000100000000021e-05 1.000000100000000021e-05 1.000000100000000021e-05 1.000000100000000021e-05 1.000000100000000021e-05 1.000000100000000021e-05 1.000000100000000021e-05 1.000000100000000021e-05 1.000000100000000021e-05 1.000000100000000021e-05 1.000000100000000021e-05
1.000527769377151694e-04 8.016656089552168349e-05 7.750747074401533054e-05 3.446380329173505050e-03 3.845765702607850710e-04 2.160284760677620881e-04 3.021289378567719504e-05 2.773925325749315371e-02 1.453041244103862040e-01 1.542929918699759292e-04 1.475632502780665784e-04 1.000000000000000021e-08 1.000000000000000021e-08 1.000000000000000021e-08 1.000000000000000021e-08 1.248596102418718035e-05 1.147408433544391091e-05 1.000000000000000021e-08 1.000000000000000021e-08 1.000000000000000021e-08 1.000000000000000021e-08 1.000000000000000021e-08 1.000000000000000021e-08 1.000000000000000021e-08 1.000000100000000021e-05 1.000000100000000021e-05 1.000000100000000021e-05 1.000000100000000021e-05 1.000000100000000021e-05 1.000000100000000021e-05 1.000000100000000021e-05 1.000000100000000021e-05 1.000000100000000021e-05 1.000000100000000021e-05 1.000000100000000021e-05 1.000000100000000021e-05 1.000000100000000021e-05
2.556282009543391466e-04 3.075493813577754427e-04 4.202016432532718125e-04 3.017001015147946865e-04 5.211674349976399114e-04 5.378013736005007655e-04 5.647633854164980059e-04 2.552660849037126367e-02 1.702851181262915736e-01 1.298832003102046108e-04 8.221612503090965746e-05 1.000000000000000021e-08 1.000000000000000021e-08 1.275497056880974806e-05 1.546547164505162914e-05 1.725682552635633167e-05 1.041935877966141945e-05 1.000000000000000021e-08 1.000000000000000021e-08 1.000000000000000021e-08 1.000000000000000021e-08 1.000000000000000021e-08 1.000000000000000021e-08 1.000000000000000021e-08 1.000000100000000021e-05 1.000000100000000021e-05 1.000000100000000021e-05 1.000000100000000021e-05 1.000000100000000021e-05 1.000000100000000021e-05 1.000000100000000021e-05 1.000000100000000021e-05 1.000000100000000021e-05 1.000000100000000021e-05 1.000000100000000021e-05 1.000000100000000021e-05 1.000000100000000021e-05
2.326274959575462046e-05 3.033603658352922110e-05 1.916665612865633609e-05 1.969960003348901991e-05 1.594392925800835087e-05 3.942190215899326965e-05 8.613561397235121905e-05 8.033746464358053341e-03 1.297359689538899186e-01 7.710547169667093803e-02 3.458096237540602119e-04 1.000000000000000021e-08 1.000000000000000021e-08 1.000000000000000021e-08 1.000000000000000021e-08 1.000000000000000021e-08 1.000000000000000021e-08 1.000000000000000021e-08 1.000000000000000021e-08 1.000000000000000021e-08 1.000000000000000021e-08 1.000000000000000021e-08 1.000000000000000021e-08 1.000000000000000021e-08 1.000000100000000021e-05 1.000000100000000021e-05 1.000000100000000021e-05 1.000000100000000021e-05 1.000000100000000021e-05 1.000000100000000021e-05 1.000000100000000021e-05 1.000000100000000021e-05 1.000000100000000021e-05 1.000000100000000021e-05 1.000000100000000021e-05 1.000000100000000021e-05 1.000000100000000021e-05
2.429628591161235742e-05 1.627301753498849778e-05 2.831739753302059404e-03 1.000000000000000021e-08 1.000000000000000021e-08 5.079281322203559404e-05 3.992325860488716920e-05 5.857700022212921173e-05 6.737917657557203344e-02 1.980407017753233745e-01 3.252369608982080221e-04 2.457116695179132568e-05 1.301234927579366313e-05 1.000000000000000021e-08 1.000000000000000021e-08 1.000000000000000021e-08 1.000000000000000021e-08 1.000000000000000021e-08 1.000000000000000021e-08 1.000000000000000021e-08 1.000000000000000021e-08 1.000000000000000021e-08 1.000000000000000021e-08 1.000000000000000021e-08 1.000000100000000021e-05 1.000000100000000021e-05 1.000000100000000021e-05 1.000000100000000021e-05 1.000000100000000021e-05 1.000000100000000021e-05 1.000000100000000021e-05 1.000000100000000021e-05 1.000000100000000021e-05 1.000000100000000021e-05 1.000000100000000021e-05 1.000000100000000021e-05 1.000000100000000021e-05
3.002631426296170961e-05 3.019641955463206768e-05 2.021802423332400445e-03 1.923743958168863319e-04 1.638153832912740346e-04 8.841676489613621809e-05 7.049455104836985057e-05 4.602957860317093901e-05 1.836821585310287330e-02 1.615475130887989719e-01 1.911635862270057401e-04 1.000000000000000021e-08 1.000000000000000021e-08 1.000000000000000021e-08 1.000000000000000021e-08 1.000000000000000021e-08 1.000000000000000021e-08 1.000000000000000021e-08 1.000000000000000021e-08 1.000000000000000021e-08 1.000000000000000021e-08 1.000000000000000021e-08 1.000000000000000021e-08 1.000000100000000021e-05 1.000000100000000021e-05 1.000000100000000021e-05 1.000000100000000021e-05 1.000000100000000021e-05 1.000000100000000021e-05 1.000000100000000021e-05 1.000000100000000021e-05 1.000000100000000021e-05 1.000000100000000021e-05 1.000000100000000021e-05 1.000000100000000021e-05 1.000000100000000021e-05 1.000000100000000021e-05
1.893186357381312861e-05 4.907977901121841587e-05 3.322278325023649936e-04 3.573174861955074298e-03 1.000000000000000021e-08 4.747826703410939895e-05 6.508089616893033126e-05 1.584330398007465803e-04 7.052346114817195644e-02 1.110064344287390453e-01 1.361056174523383349e-04 1.000000000000000021e-08 1.000000000000000021e-08 1.000000000000000021e-08 1.000000000000000021e-08 1.000000000000000021e-08 1.000000000000000021e-08 1.000000000000000021e-08 1.000000000000000021e-08 1.000000000000000021e-08 1.000000000000000021e-08 1.000000000000000021e-08 1.000000000000000021e-08 1.000000100000000021e-05 1.000000100000000021e-05 1.000000100000000021e-05 1.000000100000000021e-05 1.000000100000000021e-05 1.000000100000000021e-05 1.000000100000000021e-05 1.000000100000000021e-05 1.000000100000000021e-05 1.000000100000000021e-05 1.000000100000000021e-05 1.000000100000000021e-05 1.000000100000000021e-05 1.000000100000000021e-05
1.000000000000000021e-08 4.926640347075790803e-05 1.158909302648633409e-04 6.309135436038089753e-04 3.438421303743825330e-04 3.670202756761206230e-04 5.149677696689982037e-04 6.436169506599240036e-04 2.647438930402741808e-01 2.630228826439822698e-01 2.604323016068360030e-01 2.103493854404207115e-04 1.000000000000000021e-08 1.000000000000000021e-08 1.000000000000000021e-08 1.000000000000000021e-08 1.000000000000000021e-08 1.000000000000000021e-08 1.000000000000000021e-08 1.000000000000000021e-08 1.000000000000000021e-08 1.000000000000000021e-08 1.000000000000000021e-08 1.000000000000000021e-08 1.000000100000000021e-05 1.000000100000000021e-05 1.000000100000000021e-05 1.000000100000000021e-05 1.000000100000000021e-05 1.000000100000000021e-05 1.000000100000000021e-05 1.000000100000000021e-05 1.000000100000000021e-05 1.000000100000000021e-05 1.000000100000000021e-05 1.000000100000000021e-05 1.000000100000000021e-05
6.140849979012065842e-05 4.637695016232272065e-05 3.755833440275549505e-05 1.012940387820823458e-04 2.877669340714363640e-04 3.370866540423949546e-04 2.303387794646267843e-04 1.787772764508954867e-04 2.629046499332891029e-01 2.578361406654824939e-01 2.586525650072277749e-01 4.735255045275554527e-04 1.000000000000000021e-08 1.000000000000000021e-08 1.000000000000000021e-08 1.000000000000000021e-08 1.000000000000000021e-08 1.000000000000000021e-08 1.000000000000000021e-08 1.000000000000000021e-08 1.000000000000000021e-08 1.000000000000000021e-08 1.000000000000000021e-08 1.000000000000000021e-08 1.000000100000000021e-05 1.000000100000000021e-05 1.000000100000000021e-05 1.000000100000000021e-05 1.000000100000000021e-05 1.000000100000000021e-05 1.000000100000000021e-05 1.000000100000000021e-05 1.000000100000000021e-05 1.000000100000000021e-05 1.000000100000000021e-05 1.000000100000000021e-05 1.000000100000000021e-05
1.000000000000000021e-08 1.000000000000000021e-08 1.000000000000000021e-08 1.074392640862029476e-05 1.861776770326983399e-04 1.171387424021898835e-04 8.318845468503914867e-05 6.344893238192968600e-05 9.234097725770863251e-04 2.461089026981556349e-01 2.535725183664115923e-01 1.000000000000000021e-08 1.000000000000000021e-08 1.000000000000000021e-08 1.000000000000000021e-08 1.000000000000000021e-08 1.000000000000000021e-08 1.000000000000000021e-08 1.000000000000000021e-08 1.000000000000000021e-08 1.000000000000000021e-08 1.000000000000000021e-08 1.000000000000000021e-08 1.000000000000000021e-08 1.000000100000000021e-05 1.000000100000000021e-05 1.000000100000000021e-05 1.000000100000000021e-05 1.000000100000000021e-05 1.000000100000000021e-05 1.000000100000000021e-05 1.000000100000000021e-05 1.000000100000000021e-05 1.000000100000000021e-05 1.000000100000000021e-05 1.000000100000000021e-05 1.000000100000000021e-05
1.000000000000000021e-08 1.000000000000000021e-08 2.139010840602658729e-05 1.938466920914882563e-03 1.993024911526943585e-04 1.000000000000000021e-08 1.000000000000000021e-08 1.000000000000000021e-08 2.674820131055809970e-05 2.141558797776706990e-01 2.078718092646152701e-04 1.785196529965625396e-05 2.641056737651303033e-05 1.000000000000000021e-08 1.000000000000000021e-08 1.000000000000000021e-08 1.000000000000000021e-08 1.000000000000000021e-08 1.000000000000000021e-08 1.000000000000000021e-08 1.000000000000000021e-08 1.000000000000000021e-08 1.000000000000000021e-08 1.000000000000000021e-08 1.000000100000000021e-05 1.000000100000000021e-05 1.000000100000000021e-05 1.000000100000000021e-05 1.000000100000000021e-05 1.000000100000000021e-05 1.000000100000000021e-05 1.000000100000000021e-05 1.000000100000000021e-05 1.000000100000000021e-05 1.000000100000000021e-05 1.000000100000000021e-05 1.000000100000000021e-05
1.000000000000000021e-08 1.000000000000000021e-08 1.000000000000000021e-08 1.088903226252476294e-05 1.299761195387112799e-05 1.000000000000000021e-08 1.000000000000000021e-08 1.000000000000000021e-08 1.000000000000000021e-08 1.597007259181864036e-01 1.050635048514939329e-01 5.281022736976569154e-02 5.338375670849968696e-02 1.000000000000000021e-08 1.000000000000000021e-08 1.000000000000000021e-08 1.000000000000000021e-08 1.000000000000000021e-08 1.000000000000000021e-08 1.000000000000000021e-08 1.000000000000000021e-08 1.000000000000000021e-08 1.000000000000000021e-08 1.000000000000000021e-08 1.000000000000000021e-08 1.000000100000000021e-05 1.000000100000000021e-05 1.000000100000000021e-05 1.000000100000000021e-05 1.000000100000000021e-05 1.000000100000000021e-05 1.000000100000000021e-05 1.000000100000000021e-05 1.000000100000000021e-05 1.000000100000000021e-05 1.000000100000000021e-05 1.000000100000000021e-05
1.259392156634673242e-05 1.527160926105853512e-05 1.000000000000000021e-08 1.000000000000000021e-08 1.000000000000000021e-08 1.000000000000000021e-08 1.000000000000000021e-08 1.480742672219107967e-04 1.330450194466840652e-01 1.408908230286669561e-01 9.941290715773612452e-02 1.539022676025457170e-01 1.538743320209564336e-01 1.077998135309008038e-01 2.344364752550548501e-04 1.000000000000000021e-08 1.000000000000000021e-08 1.000000000000000021e-08 1.000000000000000021e-08 1.000000000000000021e-08 1.000000000000000021e-08 1.000000000000000021e-08 1.000000000000000021e-08 1.000000000000000021e-08 1.000000000000000021e-08 1.000000100000000021e-05 1.000000100000000021e-05 1.000000100000000021e-05 1.000000100000000021e-05 1.000000100000000021e-05 1.000000100000000021e-05 1.000000100000000021e-05 1.000000100000000021e-05 1.000000100000000021e-05 1.000000100000000021e-05 1.000000100000000021e-05 1.000000100000000021e-05
