output/water_depth_11640.asc
ncols 223
nrows 158
xllcorner 0.0
yllcorner 0.0
cellsize 30.0
[rows 102 to 118 of 158, columns 185 to 221 of 223]
1.000000000000000021e-08 1.000000000000000021e-08 1.000000000000000021e-08 1.000000000000000021e-08 1.000000000000000021e-08 1.000000000000000021e-08 1.272370819152974890e-02 1.032108937945750843e-01 4.158230163758821563e-04 1.842135725939642878e-04 1.314925095805012840e-04 5.444363154015143978e-05 3.910937731387942144e-05 4.086959071763395852e-05 4.372716410149639907e-05 3.945136192085438911e-05 1.282003280537830986e-05 1.000000000000000021e-08 1.000000000000000021e-08 1.000000000000000021e-08 1.000000000000000021e-08 1.000000000000000021e-08 1.000000000000000021e-08 1.000000000000000021e-08 1.000000000000000021e-08 1.000000000000000021e-08 1.000000000000000021e-08 1.000000000000000021e-08 1.000000000000000021e-08 1.000000000000000021e-08 1.000000100000000021e-05 1.000000100000000021e-05 1.000000100000000021e-05 1.000000100000000021e-05 1.000000100000000021e-05 1.000000100000000021e-05 1.000000100000000021e-05
1.047823769408274797e-05 1.000000000000000021e-08 1.849110372242596909e-05 1.849933525345802792e-05 1.578700853958191032e-05 1.000000000000000021e-08 2.350296424814702061e-03 5.641660103030109175e-02 1.571857089149122943e-04 6.277282415970229096e-05 9.021273821396223183e-05 1.240086300255510666e-04 1.122604736686943545e-04 8.696003087208941133e-05 6.401591390265086565e-05 2.289794097949851814e-05 6.792345890840035508e-05 1.000000000000000021e-08 1.000000000000000021e-08 1.000000000000000021e-08 1.000000000000000021e-08 1.000000000000000021e-08 1.000000000000000021e-08 1.000000000000000021e-08 1.000000000000000021e-08 1.000000000000000021e-08 1.000000000000000021e-08 1.000000000000000021e-08 1.000000000000000021e-08 1.000000000000000021e-08 1.000000100000000021e-05 1.000000100000000021e-05 1.000000100000000021e-05 1.000000100000000021e-05 1.000000100000000021e-05 1.000000100000000021e-05 1.000000100000000021e-05
1.000000000000000021e-08 1.000000000000000021e-08 1.000000000000000021e-08 1.000000000000000021e-08 3.233616768773463917e-05 4.557500277351944499e-04 1.320991532659617496e-01 5.670529818384435067e-02 1.865230693360382159e-05 1.000000000000000021e-08 1.000000000000000021e-08 1.000000000000000021e-08 1.000000000000000021e-08 1.000000000000000021e-08 1.000000000000000021e-08 4.824729692418443884e-05 1.345304905168235308e-04 2.941567343923869913e-05 2.629884699568715378e-05 1.485302152708035524e-05 1.000000000000000021e-08 1.000000000000000021e-08 1.000000000000000021e-08 1.000000000000000021e-08 1.000000000000000021e-08 1.000000000000000021e-08 1.000000000000000021e-08 1.000000000000000021e-08 1.000000000000000021e-08 1.000000000000000021e-08 1.000000100000000021e-05 1.000000100000000021e-05 1.000000100000000021e-05 1.000000100000000021e-05 1.000000100000000021e-05 1.000000100000000021e-05 1.000000100000000021e-05
1.000000000000000021e-08 1.000000000000000021e-08 1.000000000000000021e-08 1.000000000000000021e-08 9.024478194784494689e-05 8.966911856302851869e-02 1.021454737216326014e-01 3.533657619878978034e-05 1.000000000000000021e-08 1.000000000000000021e-08 1.000000000000000021e-08 1.000000000000000021e-08 1.000000000000000021e-08 1.000000000000000021e-08 1.499299043740158954e-05 2.228599930773059035e-05 3.888964820094958485e-03 2.349361652505782986e-05 1.000000000000000021e-08 1.000000000000000021e-08 1.000000000000000021e-08 1.000000000000000021e-08 1.000000000000000021e-08 1.000000000000000021e-08 1.000000000000000021e-08 1.000000000000000021e-08 1.000000000000000021e-08 1.000000000000000021e-08 1.000000000000000021e-08 1.000000000000000021e-08 1.000000100000000021e-05 1.000000100000000021e-05 1.000000100000000021e-05 1.000000100000000021e-05 1.000000100000000021e-05 1.000000100000000021e-05 1.000000100000000021e-05
7.009514803191326437e-05 5.489933861911029482e-05 1.000000000000000021e-08 1.000000000000000021e-08 3.245407530124851093e-05 7.704941968435895239e-02 8.254217224671510367e-02 6.209200576293518771e-05 4.209694525875249532e-05 3.288906259570063248e-05 2.193176756059624584e-05 1.604658948964074073e-05 1.186977495959398837e-05 1.782753732033979304e-05 1.000000000000000021e-08 1.000000000000000021e-08 3.321000397194156638e-03 4.356388820653399368e-05 1.000000000000000021e-08 1.000000000000000021e-08 1.000000000000000021e-08 1.000000000000000021e-08 1.000000000000000021e-08 1.000000000000000021e-08 1.000000000000000021e-08 1.000000000000000021e-08 1.000000000000000021e-08 1.537551093987318549e-05 1.000000000000000021e-08 1.000000000000000021e-08 1.000000100000000021e-05 1.000000100000000021e-05 1.000000100000000021e-05 1.000000100000000021e-05 1.000000100000000021e-05 1.000000100000000021e-05 1.000000100000000021e-05
2.116785211624689291e-05 5.700358508914566726e-05 4.952086408125594891e-05 4.163679953508583550e-05 5.162398158949673392e-05 4.073577267627073728e-02 5.637579997497513956e-02 1.000000000000000021e-08 1.000000000000000021e-08 1.000000000000000021e-08 1.000000000000000021e-08 3.822927528456274642e-05 3.570657349296635239e-05 1.000000000000000021e-08 1.000000000000000021e-08 1.000000000000000021e-08 4.328277110301727770e-04 4.977892318257243079e-05 5.334057169257616697e-05 6.309983084001127851e-05 5.372344818350651601e-05 4.447518137145975182e-05 3.480214768297749045e-05 2.524489023350765305e-05 1.325411421764978193e-05 1.000000000000000021e-08 1.000000000000000021e-08 1.000000000000000021e-08 1.000000000000000021e-08 1.000000100000000021e-05 1.000000100000000021e-05 1.000000100000000021e-05 1.000000100000000021e-05 1.000000100000000021e-05 1.000000100000000021e-05 1.000000100000000021e-05 1.000000100000000021e-05
1.416913916502398128e-05 1.745588946595619541e-05 3.369441893891282999e-05 1.000000000000000021e-08 7.365279533486582947e-05 1.117323348788425985e-01 1.503912359921400800e-02 1.000000000000000021e-08 1.225631075475333471e-05 1.145234098853517114e-05 1.111337555046392483e-05 1.000000000000000021e-08 1.000000000000000021e-08 1.000000000000000021e-08 1.000000000000000021e-08 1.000000000000000021e-08 4.609956018276231238e-04 6.164212049432678676e-05 3.993176198902311587e-05 1.114994389031658908e-05 1.000000000000000021e-08 1.000000000000000021e-08 1.000000000000000021e-08 1.000000000000000021e-08 1.000000000000000021e-08 1.000000000000000021e-08 1.000000000000000021e-08 1.000000000000000021e-08 1.000000000000000021e-08 1.000000100000000021e-05 1.000000100000000021e-05 1.000000100000000021e-05 1.000000100000000021e-05 1.000000100000000021e-05 1.000000100000000021e-05 1.000000100000000021e-05 1.000000100000000021e-05
1.000000000000000021e-08 1.889868044207364866e-05 3.688953552223462186e-05 5.664643249910884598e-05 7.744592660417556895e-02 7.992900414646225693e-02 6.741363035590670905e-02 5.299607059281209867e-05 1.000000000000000021e-08 1.000000000000000021e-08 1.000000000000000021e-08 1.000000000000000021e-08 1.527508475867812913e-05 1.000000000000000021e-08 1.000000000000000021e-08 1.000000000000000021e-08 6.113386530422061475e-03 9.496101326158147701e-05 2.471012353975417347e-05 1.000000000000000021e-08 1.000000000000000021e-08 1.000000000000000021e-08 1.000000000000000021e-08 1.000000000000000021e-08 1.000000000000000021e-08 1.000000000000000021e-08 1.000000000000000021e-08 1.000000000000000021e-08 1.000000000000000021e-08 1.000000100000000021e-05 1.000000100000000021e-05 1.000000100000000021e-05 1.000000100000000021e-05 1.000000100000000021e-05 1.000000100000000021e-05 1.000000100000000021e-05 1.000000100000000021e-05
1.000000000000000021e-08 1.000000000000000021e-08 1.000000000000000021e-08 1.000000000000000021e-08 1.000000000000000021e-08 3.453148030834583826e-02 2.782630705722057701e-02 4.847751873092749218e-05 1.000000000000000021e-08 1.000000000000000021e-08 1.000000000000000021e-08 1.000000000000000021e-08 1.000000000000000021e-08 1.000000000000000021e-08 1.321011973089958303e-05 3.620943486880965397e-03 4.436608011672804955e-03 1.136056313142828982e-05 1.688286445005526484e-05 1.000000000000000021e-08 1.000000000000000021e-08 1.000000000000000021e-08 1.000000000000000021e-08 1.000000000000000021e-08 1.000000000000000021e-08 1.000000000000000021e-08 1.000000000000000021e-08 1.000000000000000021e-08 1.000000000000000021e-08 1.000000100000000021e-05 1.000000100000000021e-05 1.000000100000000021e-05 1.000000100000000021e-05 1.000000100000000021e-05 1.000000100000000021e-05 1.000000100000000021e-05 1.000000100000000021e-05
1.000000000000000021e-08 1.000000000000000021e-08 1.000000000000000021e-08 1.000000000000000021e-08 1.000000000000000021e-08 1.916597261862158091e-02 4.350938387538744873e-02 7.468977703062254644e-05 1.000000000000000021e-08 1.000000000000000021e-08 1.000000000000000021e-08 1.000000000000000021e-08 1.000000000000000021e-08 1.000000000000000021e-08 1.000000000000000021e-08 4.572302961653011439e-04 6.874104531477981004e-04 1.000000000000000021e-08 1.000000000000000021e-08 1.752402504771174502e-05 1.046356120614800308e-05 1.000000000000000021e-08 1.000000000000000021e-08 1.000000000000000021e-08 1.000000000000000021e-08 1.000000000000000021e-08 1.000000000000000021e-08 1.000000000000000021e-08 1.000000000000000021e-08 1.000000100000000021e-05 1.000000100000000021e-05 1.000000100000000021e-05 1.000000100000000021e-05 1.000000100000000021e-05 1.000000100000000021e-05 1.000000100000000021e-05 1.000000100000000021e-05
1.000000000000000021e-08 1.000000000000000021e-08 1.000000000000000021e-08 1.000000000000000021e-08 1.000000000000000021e-08 1.175307193248511378e-02 5.125648909225673233e-02 6.328413623383944851e-05 1.000000000000000021e-08 1.000000000000000021e-08 1.000000000000000021e-08 1.000000000000000021e-08 1.000000000000000021e-08 1.000000000000000021e-08 1.000000000000000021e-08 6.916595052892756572e-04 8.956569844699052458e-05 1.000000000000000021e-08 2.567589304269609851e-05 1.000000000000000021e-08 1.000000000000000021e-08 1.000000000000000021e-08 1.000000000000000021e-08 1.000000000000000021e-08 1.000000000000000021e-08 1.000000000000000021e-08 1.000000000000000021e-08 1.000000000000000021e-08 1.000000000000000021e-08 1.000000100000000021e-05 1.000000100000000021e-05 1.000000100000000021e-05 1.000000100000000021e-05 1.000000100000000021e-05 1.000000100000000021e-05 1.000000100000000021e-05 1.000000100000000021e-05
2.768976803882998544e-05 2.587525808788294243e-05 2.656475141673632671e-05 1.000000000000000021e-08 1.000000000000000021e-08 1.456182735768396519e-01 1.447990397637284599e-01 1.283544998849828200e-01 1.000000000000000021e-08 1.000000000000000021e-08 1.000000000000000021e-08 1.000000000000000021e-08 1.000000000000000021e-08 1.000000000000000021e-08 9.417643426961422662e-03 1.123285807675095550e-03 6.784628751895675021e-05 1.000000000000000021e-08 1.000000000000000021e-08 1.000000000000000021e-08 1.000000000000000021e-08 1.175189899980810030e-05 1.809231636382422546e-05 1.906852024660732730e-05 1.603046898589167722e-05 1.000000000000000021e-08 1.000000000000000021e-08 1.000000000000000021e-08 1.000000000000000021e-08 1.000000100000000021e-05 1.000000100000000021e-05 1.000000100000000021e-05 1.000000100000000021e-05 1.000000100000000021e-05 1.000000100000000021e-05 1.000000100000000021e-05 1.000000100000000021e-05
4.817488013232471000e-02 4.956099629190102718e-02 5.050899163254742030e-02 5.120119260642146120e-02 5.175255783302035867e-02 1.480474674956864245e-01 1.416166465477465553e-01 1.101808066050134344e-01 6.094103589184643455e-02 1.000000000000000021e-08 1.000000000000000021e-08 1.000000000000000021e-08 1.000000000000000021e-08 1.000000000000000021e-08 7.372947686669968637e-03 1.312171610922178945e-04 7.648241383481043157e-05 1.000000000000000021e-08 1.000000000000000021e-08 1.000000000000000021e-08 1.000000000000000021e-08 2.746012179676487813e-05 2.816506517927363899e-05 2.160262976250662293e-05 2.244557962173092798e-05 2.438256210184075535e-05 1.424462469193132273e-05 1.000000000000000021e-08 1.000000000000000021e-08 1.000000100000000021e-05 1.000000100000000021e-05 1.000000100000000021e-05 1.000000100000000021e-05 1.000000100000000021e-05 1.000000100000000021e-05 1.000000100000000021e-05 1.000000100000000021e-05
4.630562763087835501e-03 3.163156506708938998e-03 2.008493420126137088e-03 1.331858989503381142e-03 8.471204911430247220e-04 5.847423265230464141e-04 3.337212269982834365e-04 5.959146961168024226e-02 1.893163972930471395e-01 1.469089042503083919e-01 7.094503378250147400e-04 2.272103607675850375e-04 6.132491574706222992e-05 9.312678066256499000e-05 8.345668426103237643e-04 1.038837844489284710e-04 1.532898059930610049e-05 2.501105751184402667e-05 3.134902410102330877e-05 3.374145516072797694e-05 4.192698089077062396e-05 5.042981656888669391e-05 2.054322632939182579e-05 1.000000000000000021e-08 1.283447336101407846e-05 1.000000000000000021e-08 1.000000000000000021e-08 1.000000000000000021e-08 1.000000000000000021e-08 1.000000100000000021e-05 1.000000100000000021e-05 1.000000100000000021e-05 1.000000100000000021e-05 1.000000100000000021e-05 1.000000100000000021e-05 1.000000100000000021e-05 1.000000100000000021e-05
1.000000000000000021e-08 1.000000000000000021e-08 1.000000000000000021e-08 1.000000000000000021e-08 1.101965519328641584e-05 1.000000000000000021e-08 1.000000000000000021e-08 1.376651359049079913e-04 2.416074605878671820e-04 6.146167964439219061e-02 6.195125214962107080e-02 5.056982207358559807e-04 1.428786494569515256e-04 1.373313254349572520e-04 7.069208886086814168e-04 9.378252808249096185e-05 7.380026943407482810e-05 8.986847974400159202e-05 1.139254451553474163e-04 9.695729160795150405e-05 6.740222069896684935e-05 2.925489109361497115e-05 2.265017796023937753e-05 1.000000000000000021e-08 1.087201644441000395e-05 1.000000000000000021e-08 1.000000000000000021e-08 1.000000000000000021e-08 1.000000000000000021e-08 1.000000100000000021e-05 1.000000100000000021e-05 1.000000100000000021e-05 1.000000100000000021e-05 1.000000100000000021e-05 1.000000100000000021e-05 1.000000100000000021e-05 1.000000100000000021e-05
1.000000000000000021e-08 1.000000000000000021e-08 1.000000000000000021e-08 1.000000000000000021e-08 1.000000000000000021e-08 5.392321010592669153e-04 1.000000000000000021e-08 1.000000000000000021e-08 1.000000000000000021e-08 3.083233296700409881e-02 1.473975386702228163e-01 1.374521096897785288e-01 2.254837912920732432e-04 1.141872190975734677e-04 6.204643413359318916e-04 2.132868349861369588e-04 1.295633913268874453e-04 7.531395849435054170e-05 2.060092819335339112e-05 1.997840816655450100e-05 1.901519434959436070e-05 1.943715579241786989e-05 2.118002668353512237e-05 2.443849146789749531e-05 1.538172681398675972e-05 1.000000000000000021e-08 1.000000000000000021e-08 1.000000000000000021e-08 1.000000100000000021e-05 1.000000100000000021e-05 1.000000100000000021e-05 1.000000100000000021e-05 1.000000100000000021e-05 1.000000100000000021e-05 1.000000100000000021e-05 1.000000100000000021e-05 1.000000100000000021e-05
1.000000000000000021e-08 1.000000000000000021e-08 1.000000000000000021e-08 1.000000000000000021e-08 1.000000000000000021e-08 5.044145194982622375e-05 7.599359033569485383e-05 3.482559499368697577e-05 4.180422182623529949e-05 1.259901040790071258e-01 1.308790163810529539e-01 1.262797298783590594e-01 1.246826804017386464e-01 4.377078818358858502e-04 6.131806177958879411e-05 2.279427580648297409e-05 2.430631684242829841e-05 2.479171817136871186e-05 1.611066996002752863e-05 1.000000000000000021e-08 1.000000000000000021e-08 1.000000000000000021e-08 1.000000000000000021e-08 1.000000000000000021e-08 1.000000000000000021e-08 1.000000000000000021e-08 1.000000000000000021e-08 1.000000000000000021e-08 1.000000100000000021e-05 1.000000100000000021e-05 1.000000100000000021e-05 1.000000100000000021e-05 1.000000100000000021e-05 1.000000100000000021e-05 1.000000100000000021e-05 1.000000100000000021e-05 1.000000100000000021e-05
