output/water_depth_11040.asc
ncols 223
nrows 158
xllcorner 0.0
yllcorner 0.0
cellsize 30.0
[rows 85 to 101 of 158, columns 74 to 110 of 223]
1.000000000000000021e-08 1.000000000000000021e-08 1.000000000000000021e-08 1.000000000000000021e-08 1.000000000000000021e-08 1.000000000000000021e-08 1.000000000000000021e-08 1.000000000000000021e-08 1.000000000000000021e-08 1.000000000000000021e-08 1.000000000000000021e-08 1.000000000000000021e-08 1.000000000000000021e-08 1.000000000000000021e-08 1.000000000000000021e-08 1.000000000000000021e-08 1.000000000000000021e-08 1.000000000000000021e-08 1.000000000000000021e-08 1.000000000000000021e-08 1.000000000000000021e-08 1.000000000000000021e-08 1.000000000000000021e-08 1.000000000000000021e-08 1.000000000000000021e-08 1.000000000000000021e-08 1.000000000000000021e-08 5.931147402524496160e-05 1.000000000000000021e-08 1.000000000000000021e-08 1.000000000000000021e-08 1.215497889359331277e-05 2.082539570767798752e-05 1.155833893898613561e-05 2.280094342028796500e-05 2.159924098874374423e-04 1.930152974255809167e-05
1.656843888206610332e-04 1.000000000000000021e-08 2.574654982136283005e-05 1.000000000000000021e-08 1.000000000000000021e-08 1.000000000000000021e-08 1.000000000000000021e-08 1.000000000000000021e-08 1.000000000000000021e-08 1.000000000000000021e-08 1.000000000000000021e-08 1.000000000000000021e-08 1.000000000000000021e-08 1.000000000000000021e-08 1.000000000000000021e-08 1.000000000000000021e-08 1.005822147924504345e-05 2.268382570516167736e-05 6.226709677342491805e-05 8.267085494153635463e-05 7.669114079686607018e-05 1.000000000000000021e-08 1.000000000000000021e-08 1.000000000000000021e-08 1.000000000000000021e-08 1.000000000000000021e-08 1.000000000000000021e-08 1.000000000000000021e-08 1.000000000000000021e-08 1.000000000000000021e-08 1.000000000000000021e-08 1.000000000000000021e-08 1.000000000000000021e-08 1.000000000000000021e-08 1.000000000000000021e-08 1.000000000000000021e-08 1.000000000000000021e-08
1.017504938660141477e-05 1.000000000000000021e-08 1.000000000000000021e-08 2.663442924418594077e-05 3.718692681773549296e-05 4.687425658722667071e-05 4.755953873185660705e-05 4.267927363481261257e-05 1.000000000000000021e-08 1.000000000000000021e-08 1.000000000000000021e-08 1.000000000000000021e-08 1.000000000000000021e-08 1.000000000000000021e-08 1.000000000000000021e-08 1.000000000000000021e-08 1.000000000000000021e-08 1.000000000000000021e-08 6.033500507310337962e-05 7.514771667021349401e-05 1.279373692403954529e-04 1.070025772124972576e-04 1.000000000000000021e-08 1.000000000000000021e-08 1.000000000000000021e-08 1.000000000000000021e-08 1.000000000000000021e-08 1.000000000000000021e-08 1.020166083895758908e-05 1.777911566722643809e-05 2.250816708498889948e-05 1.000000000000000021e-08 1.000000000000000021e-08 1.248739306655762563e-05 1.000000000000000021e-08 1.063589242343192352e-05 1.000000000000000021e-08
7.520611268616123556e-05 6.124499848479897715e-05 5.847941955377174318e-05 1.454725467903380566e-04 1.931153256983017942e-04 3.120083247812977878e-04 2.654492786907840587e-04 2.073707576852048488e-04 2.307623314531792721e-04 1.718711317306199644e-04 1.940948126087044896e-04 1.613183687720828332e-04 1.350355783142028789e-04 1.011440000891847285e-04 7.248411583311677240e-05 1.000000000000000021e-08 1.000000000000000021e-08 1.000000000000000021e-08 8.945218812424492487e-05 2.194241781190166794e-04 1.803982940735201904e-04 2.263730333505935364e-04 2.403765975589803694e-04 1.920611834734866101e-04 1.572233579105137083e-04 1.066875059353143039e-04 8.521374612145102582e-05 5.117093179540620077e-05 3.346421643743611942e-05 2.455659731217909840e-05 3.137922048652192918e-05 4.021021940255418558e-05 3.622878983467000440e-05 3.784691796352989974e-05 6.376985331374615247e-05 1.000000000000000021e-08 1.041934381977247219e-05
3.130824763943690033e-04 2.387097327391833287e-04 2.041900271601601970e-04 1.425753567120640578e-04 2.817789883373255527e-04 2.288490161917787838e-04 3.658904232788248137e-04 4.905473031648656390e-04 3.234865437478404810e-04 4.218928427446052122e-04 4.507105361264277573e-04 5.069211370882194864e-04 5.503432389140610736e-04 5.947435035887865644e-04 6.256044255375195918e-04 4.805269385764293047e-04 3.230899375804638786e-04 2.562306491980438790e-04 2.023171935824423203e-04 2.083977957188241415e-04 3.232089995622742726e-04 3.567142978168967409e-04 3.815054983176482408e-04 4.376410056336067604e-04 4.934750112689083876e-04 5.998671979396437556e-04 6.551572294685898161e-04 5.035451642880944042e-04 5.031765721157552512e-05 6.605334836195413725e-05 6.044308825091989495e-04 7.045239015471976580e-04 4.929805094811568747e-04 3.357471977003229731e-04 2.449791358681420819e-04 1.634785466980847473e-05 1.000000000000000021e-08
7.433249857767665445e-05 2.533709543312278071e-04 3.358671994818390348e-04 3.921218083545370569e-04 2.237908306133101169e-04 1.627877755362772453e-04 9.758044225370735372e-05 6.081500726868826188e-05 2.526500471443544351e-04 1.188579747192657131e-04 7.193848139528401556e-05 5.632622994853113895e-05 3.390220966075858439e-05 2.553966636067773094e-05 5.574468193737777596e-05 3.534137853502626451e-04 6.179039380482537073e-04 4.497072552860919984e-04 3.232480399759197565e-04 1.795177203513445422e-04 1.264801668344620663e-04 7.522366067615750783e-05 5.750115892639263916e-05 1.000000000000000021e-08 3.344744554455133579e-04 2.186855564423350370e-04 1.798327453421297534e-04 4.361747125473999375e-04 6.225441083449362615e-04 6.366140136615666429e-04 4.171058571370372622e-04 3.268914617211921480e-04 4.167698912352281893e-04 6.170073585204814063e-05 1.065097118092726364e-04 3.318572646031168875e-04 2.764645460153164307e-05
4.274508475394374308e-05 3.941562474796238286e-05 6.543576527682208209e-05 8.086254282394264136e-05 1.708831380930208341e-04 1.830867864599261562e-04 1.564059379867247272e-04 1.422927172092180667e-04 2.173277734539458706e-04 1.981229998868490837e-04 1.000000000000000021e-08 1.000000000000000021e-08 1.000000000000000021e-08 1.000000000000000021e-08 1.000000000000000021e-08 1.000000000000000021e-08 1.000000000000000021e-08 2.349019529503473011e-04 3.413532017582213862e-05 6.116371116008032503e-05 4.977226086361052221e-05 6.572916164845813531e-05 4.955972831413233537e-05 5.717667145253488552e-05 4.568880899422770084e-05 1.000000000000000021e-08 1.000000000000000021e-08 1.885551286787737655e-05 1.000000000000000021e-08 1.905947077720145449e-05 1.605001878338179895e-05 1.449412049682255421e-05 2.493137665335673904e-04 6.089221902637206402e-05 2.396374194158248342e-04 4.396462623160827128e-05 8.824825356790335458e-05
1.551072867444889701e-05 1.413413426547439013e-05 1.113210215464374386e-05 1.000000000000000021e-08 1.361270900456311276e-04 2.391708177595215049e-04 3.182788659046253098e-04 3.591192384045220642e-04 4.281706272139178628e-04 3.245856143303287511e-04 3.227932796211489054e-05 1.000000000000000021e-08 1.000000000000000021e-08 1.000000000000000021e-08 1.000000000000000021e-08 2.155765520400046418e-05 2.129698917581911282e-05 2.026741463016311199e-04 3.732635098664245058e-04 3.950697906828968772e-04 4.087424909627740410e-04 3.228063387935697763e-04 2.190405740402178293e-04 1.584529565195561950e-04 1.027258666992191373e-04 1.000000000000000021e-08 1.000000000000000021e-08 2.370341811797209260e-05 2.732529185307601519e-05 1.881985914065920299e-05 1.939356287699892261e-05 1.000000000000000021e-08 1.673024810585421545e-04 4.800557884309726467e-04 3.995530757066748442e-04 7.168261704188440731e-05 5.722830625816586282e-05
1.026414556903014774e-05 1.279111502374903313e-05 1.000000000000000021e-08 1.000000000000000021e-08 1.000000000000000021e-08 1.823764357125432785e-05 1.168589320435641592e-05 1.000000000000000021e-08 2.547591388895112385e-05 2.284348566764619350e-04 5.605819303887648691e-05 3.308445206169263519e-05 1.000000000000000021e-08 1.000000000000000021e-08 1.000000000000000021e-08 1.008802544729125056e-04 1.303693289627731169e-04 1.362801431417252148e-04 1.607586094743605146e-04 1.088935575675663926e-04 6.865832677042844358e-05 1.657640715669856215e-04 2.356633057025138639e-04 2.145658010612079569e-04 1.797879165940667243e-04 1.213381596422222756e-04 7.878516099168379576e-05 4.119605426437392891e-05 2.678357915016773842e-05 2.871719694414115044e-05 2.822583781999490806e-05 2.980713097240280879e-05 1.670501689552285189e-04 1.412363403478463560e-04 4.451923580199773417e-04 5.156851557468808802e-04 3.532079817225230122e-04
1.000000000000000021e-08 1.000000000000000021e-08 1.000000000000000021e-08 1.000000000000000021e-08 1.000000000000000021e-08 1.000000000000000021e-08 1.000000000000000021e-08 1.000000000000000021e-08 1.000000000000000021e-08 1.217016500184935589e-04 1.134678805120471615e-04 3.660641424604257367e-05 3.077132422250313600e-04 2.151927398613281094e-04 1.760018773441608198e-04 9.830353247773278844e-05 1.000000000000000021e-08 1.000000000000000021e-08 1.000000000000000021e-08 1.000000000000000021e-08 3.347082542770651506e-05 1.379497110000381182e-04 2.265814425362155222e-04 2.446740272719854061e-04 3.135394052513825624e-05 1.000000000000000021e-08 1.000000000000000021e-08 1.000000000000000021e-08 1.000000000000000021e-08 1.677313351206076867e-05 3.377350352210599870e-05 5.024101462758528492e-05 7.543427701196005186e-05 7.231570591200749262e-05 7.035921383650854026e-05 4.678741891285759322e-04 5.212278106152827724e-04
1.000000000000000021e-08 1.000000000000000021e-08 1.000000000000000021e-08 1.000000000000000021e-08 1.000000000000000021e-08 1.000000000000000021e-08 1.000000000000000021e-08 1.000000000000000021e-08 1.000000000000000021e-08 1.000000000000000021e-08 5.349836174068520542e-05 7.697583757771966570e-05 6.819141725029137719e-05 2.808228538674759816e-04 2.532661436267311518e-04 1.957822983599152552e-04 1.000000000000000021e-08 1.000000000000000021e-08 1.000000000000000021e-08 1.000000000000000021e-08 2.061566761085478739e-05 1.639827207435280479e-05 1.000000000000000021e-08 1.000000000000000021e-08 1.000000000000000021e-08 1.000000000000000021e-08 1.000000000000000021e-08 1.000000000000000021e-08 1.000000000000000021e-08 1.341892833381654796e-05 2.499163112126674027e-05 2.216710218055346719e-05 1.473124139340988793e-05 2.975114101261408848e-05 2.601653359183130635e-05 6.190690886030948096e-05 3.071341406623905122e-04
1.000000000000000021e-08 1.000000000000000021e-08 1.000000000000000021e-08 1.000000000000000021e-08 1.000000000000000021e-08 1.524257986561513363e-05 2.905990635979475672e-05 2.168194108423955642e-05 1.674768747829598494e-05 1.000000000000000021e-08 1.000000000000000021e-08 1.000000000000000021e-08 1.000000000000000021e-08 1.000000000000000021e-08 1.000000000000000021e-08 1.000000000000000021e-08 1.000000000000000021e-08 1.000000000000000021e-08 1.000000000000000021e-08 1.000000000000000021e-08 1.000000000000000021e-08 1.000000000000000021e-08 1.000000000000000021e-08 1.000000000000000021e-08 1.000000000000000021e-08 1.000000000000000021e-08 1.000000000000000021e-08 1.000000000000000021e-08 1.000000000000000021e-08 1.127462938573691844e-05 1.000000000000000021e-08 1.000000000000000021e-08 1.363364892338681021e-05 1.361173214732794520e-05 2.117955643074928383e-05 4.801649917548141561e-05 2.745520533750057056e-05
1.000000000000000021e-08 1.000000000000000021e-08 1.000000000000000021e-08 1.000000000000000021e-08 1.000000000000000021e-08 1.094174030173342568e-05 1.838123274130187360e-05 3.781428589897795468e-05 3.075291887115924844e-05 2.649541233801030343e-05 2.068917065467831723e-05 1.652471979852887252e-05 1.235177914321650024e-05 1.230598187362692063e-05 1.193235697539749116e-05 1.000000000000000021e-08 1.000000000000000021e-08 1.000000000000000021e-08 1.000000000000000021e-08 1.000000000000000021e-08 1.000000000000000021e-08 1.000000000000000021e-08 1.000000000000000021e-08 1.000000000000000021e-08 1.000000000000000021e-08 1.000000000000000021e-08 1.000000000000000021e-08 1.000000000000000021e-08 1.000000000000000021e-08 1.165151345857185107e-05 1.129707713743513711e-05 1.000000000000000021e-08 1.000000000000000021e-08 1.476637315713030810e-05 2.255546550183318944e-05 1.000000000000000021e-08 1.000000000000000021e-08
1.000000000000000021e-08 1.000000000000000021e-08 1.000000000000000021e-08 1.000000000000000021e-08 1.000000000000000021e-08 1.000000000000000021e-08 1.030972966108497654e-05 1.000000000000000021e-08 2.920460461978727795e-05 4.334323946160376616e-05 5.966395184186642841e-05 4.205419213749418889e-05 3.488812246956834285e-05 2.933804376009620989e-05 1.000000000000000021e-08 1.326876832036698484e-05 1.000000000000000021e-08 1.000000000000000021e-08 1.000000000000000021e-08 1.000000000000000021e-08 1.000000000000000021e-08 1.000000000000000021e-08 1.000000000000000021e-08 1.000000000000000021e-08 1.000000000000000021e-08 1.000000000000000021e-08 1.000000000000000021e-08 1.000000000000000021e-08 8.512761173465986241e-05 1.161180043877168492e-04 1.671351618964873236e-04 2.171867212333784033e-04 2.683168643406840925e-04 2.125080590249104262e-04 1.744875215997765796e-04 1.333121664520357352e-04 1.261934187189903643e-04
1.000000000000000021e-08 1.000000000000000021e-08 1.000000000000000021e-08 1.000000000000000021e-08 1.000000000000000021e-08 1.000000000000000021e-08 1.000000000000000021e-08 1.000000000000000021e-08 1.000000000000000021e-08 1.000000000000000021e-08 1.000000000000000021e-08 4.149110334814357353e-05 4.191131460318607815e-05 3.888706271898199451e-05 1.000000000000000021e-08 1.000000000000000021e-08 1.000000000000000021e-08 1.000000000000000021e-08 1.000000000000000021e-08 1.000000000000000021e-08 1.000000000000000021e-08 1.000000000000000021e-08 1.000000000000000021e-08 1.000000000000000021e-08 1.000000000000000021e-08 1.000000000000000021e-08 1.000000000000000021e-08 5.909167867530089514e-05 5.744949708927207988e-05 5.758336357098672620e-05 5.762234188281999884e-05 6.460589658889753556e-05 4.163930457580209847e-05 1.446867370292303069e-04 1.720129876515872562e-04 1.959767941293247403e-04 1.944732238778345852e-04
1.436246872474232249e-05 1.000000000000000021e-08 1.000000000000000021e-08 1.000000000000000021e-08 1.000000000000000021e-08 1.000000000000000021e-08 1.000000000000000021e-08 1.000000000000000021e-08 1.000000000000000021e-08 1.000000000000000021e-08 1.000000000000000021e-08 1.000000000000000021e-08 1.000000000000000021e-08 1.000000000000000021e-08 1.000000000000000021e-08 1.000000000000000021e-08 1.000000000000000021e-08 1.000000000000000021e-08 1.000000000000000021e-08 1.000000000000000021e-08 1.000000000000000021e-08 1.000000000000000021e-08 1.000000000000000021e-08 1.000000000000000021e-08 1.585660713934876380e-05 1.976990383447823856e-05 2.892800020416687497e-05 3.103267984252532362e-05 3.173402368771587647e-05 2.558372512571424352e-05 3.206909966784111970e-05 2.658930149856582122e-05 1.000000000000000021e-08 1.000000000000000021e-08 1.000000000000000021e-08 1.000000000000000021e-08 1.444519834498147787e-04
1.376864058777724647e-05 1.284525383292605762e-05 1.331082581337162558e-05 1.000000000000000021e-08 1.000000000000000021e-08 1.000000000000000021e-08 1.000000000000000021e-08 1.000000000000000021e-08 1.000000000000000021e-08 1.000000000000000021e-08 1.000000000000000021e-08 1.000000000000000021e-08 1.000000000000000021e-08 1.000000000000000021e-08 1.000000000000000021e-08 1.000000000000000021e-08 1.000000000000000021e-08 1.000000000000000021e-08 1.000000000000000021e-08 1.000000000000000021e-08 1.000000000000000021e-08 1.000000000000000021e-08 1.000000000000000021e-08 1.000000000000000021e-08 1.661853114047956898e-05 2.659353301897902241e-05 3.461144338485597525e-05 3.733286864501164090e-05 1.000000000000000021e-08 1.000000000000000021e-08 1.000000000000000021e-08 1.612545132842966558e-05 1.575498594494422296e-05 2.847478317281000918e-05 1.000000000000000021e-08 1.000000000000000021e-08 1.000000000000000021e-08
