output/water_depth_9600.asc
ncols 223
nrows 158
xllcorner 0.0
yllcorner 0.0
cellsize 30.0
[rows 102 to 118 of 158, columns 111 to 147 of 223]
1.877748409664331232e-05 3.837313780731974803e-05 2.530581476832112229e-05 4.215754205934272073e-05 2.202074200826548199e-05 1.852036307684470451e-05 1.000000000000000021e-08 1.000000000000000021e-08 1.000000000000000021e-08 2.732562870460026567e-05 5.136432316711496052e-05 1.576431481812344028e-03 5.855725632658874066e-04 6.252804236823422787e-05 1.826636854022591007e-04 1.487686967306053344e-04 3.199626051201031381e-04 1.416400222241970003e-03 1.962241034967024920e-03 1.094500097651490700e-02 5.423329481283997635e-04 1.000000000000000021e-08 1.000000000000000021e-08 1.000000000000000021e-08 1.000000000000000021e-08 1.000000000000000021e-08 1.000000000000000021e-08 1.000000000000000021e-08 1.000000000000000021e-08 1.000000000000000021e-08 1.000000000000000021e-08 1.000000000000000021e-08 1.000000000000000021e-08 1.000000000000000021e-08 1.000000000000000021e-08 1.000000000000000021e-08 1.000000000000000021e-08
3.597951164439323435e-04 3.954868876707462759e-04 4.380717964911509752e-04 4.066789095434684802e-05 4.681057229731889026e-05 1.989095521614965545e-05 1.691181160998056143e-05 1.000000000000000021e-08 1.000000000000000021e-08 1.012294987415963306e-05 5.467233635126221878e-05 1.107406571158290817e-03 6.381441937906742572e-04 9.618887925977548338e-05 8.384855908728346889e-05 1.940593548154513051e-04 1.807040329955640276e-03 1.831438187677480664e-03 3.648229193925880357e-03 1.212082088333895843e-02 3.753042163521370760e-04 1.000000000000000021e-08 1.000000000000000021e-08 1.000000000000000021e-08 1.000000000000000021e-08 1.000000000000000021e-08 1.000000000000000021e-08 1.000000000000000021e-08 1.000000000000000021e-08 1.000000000000000021e-08 1.000000000000000021e-08 1.000000000000000021e-08 1.000000000000000021e-08 1.000000000000000021e-08 1.000000000000000021e-08 1.000000000000000021e-08 1.000000000000000021e-08
2.304884754144530235e-04 4.408407538016547366e-04 6.442254403229139871e-04 8.763072310464364292e-04 1.036162956422839775e-03 1.171918478219430510e-03 8.392046617981417569e-04 6.853734381879958426e-04 6.198201126262779716e-04 6.086776371250729554e-05 3.813045068865314805e-05 9.539795903535479293e-04 1.948824457572173987e-03 3.237438183574812070e-03 3.504793200999516047e-03 5.160707822157859642e-03 4.474093265108718132e-03 5.551181295271759818e-03 5.564681003159894362e-03 1.465423442045774537e-02 2.593905462071147703e-04 1.000000000000000021e-08 1.000000000000000021e-08 1.000000000000000021e-08 1.000000000000000021e-08 1.000000000000000021e-08 1.432345045172368811e-05 1.000000000000000021e-08 1.000000000000000021e-08 1.000000000000000021e-08 1.000000000000000021e-08 1.000000000000000021e-08 1.000000000000000021e-08 1.000000000000000021e-08 1.000000000000000021e-08 1.000000000000000021e-08 1.000000000000000021e-08
1.065218453837930309e-04 1.000000000000000021e-08 1.568836994088824895e-05 2.951207234110036264e-05 1.393473116473741187e-04 2.161897786488666971e-04 8.988480759434259700e-04 1.202234832131068637e-03 1.475529317794879117e-03 1.700230867003968242e-03 1.892008851161698993e-03 2.292419372753406667e-03 1.540966846124714774e-02 2.465752112975484311e-03 2.623626961386924927e-03 1.944714786975995603e-03 2.101308655292776720e-03 1.401286519141644238e-03 1.762634174277345929e-03 9.235982533515910489e-03 9.439938142986626160e-03 1.000000000000000021e-08 1.000000000000000021e-08 1.000000000000000021e-08 1.000000000000000021e-08 1.000000000000000021e-08 1.631447167022922424e-05 1.000925105368258514e-05 1.000000000000000021e-08 1.000000000000000021e-08 1.000000000000000021e-08 1.000000000000000021e-08 1.000000000000000021e-08 1.000000000000000021e-08 1.000000000000000021e-08 1.000000000000000021e-08 1.000000000000000021e-08
4.830782882930341785e-05 2.644618761840097262e-05 1.874832894979915654e-05 1.798188374302681341e-05 1.735317603389886112e-05 1.481284726726605762e-05 1.580760647023557938e-05 1.345153863665508835e-05 1.005492022755642343e-05 1.200206630857283229e-05 2.272641926075748254e-04 2.167864259969871780e-04 1.265000566632326032e-04 1.000000000000000021e-08 1.000000000000000021e-08 1.000000000000000021e-08 2.192996669185759493e-04 6.358824980841703656e-05 1.725457824966088996e-04 5.906692222897249982e-03 1.172174527254897687e-02 2.601412461237865605e-03 1.000000000000000021e-08 1.000000000000000021e-08 1.000000000000000021e-08 1.000000000000000021e-08 1.000000000000000021e-08 1.835523653187463912e-05 1.000000000000000021e-08 1.000000000000000021e-08 1.000000000000000021e-08 1.000000000000000021e-08 1.000000000000000021e-08 1.000000000000000021e-08 1.000000000000000021e-08 1.000000000000000021e-08 1.362499716204585547e-05
2.851213395994469689e-05 3.388671974709214709e-05 3.532289610749763162e-05 4.125146772271168482e-05 4.700986651840135405e-05 5.142479246453475640e-05 4.688914549804825907e-05 4.722804511288239247e-05 1.296700353173749437e-04 7.726973800106647593e-05 1.610323577523926236e-04 1.435392919719268425e-04 1.431276479374484596e-04 1.067824396310108036e-04 8.301896030427161890e-05 1.000000000000000021e-08 1.000000000000000021e-08 1.000000000000000021e-08 1.074293040015122274e-04 4.080137373230565551e-03 3.119356591806250398e-02 1.013236092868642114e-02 3.738400245310184912e-05 1.000000000000000021e-08 1.000000000000000021e-08 1.000000000000000021e-08 1.000000000000000021e-08 2.576835008742219124e-05 1.000000000000000021e-08 1.011345441347732714e-05 1.000000000000000021e-08 1.000000000000000021e-08 1.000000000000000021e-08 1.000000000000000021e-08 1.000000000000000021e-08 1.000000000000000021e-08 2.596704324604856475e-05
1.000000000000000021e-08 1.000000000000000021e-08 2.956161534459348695e-05 4.288743521760638382e-05 6.197015332809504401e-05 9.713853167633439189e-05 1.174316628856608263e-04 1.616108643480890260e-04 2.352092598760326168e-04 2.857264556290737309e-04 1.396605659786269492e-04 1.357043971369265890e-04 1.706476490875602384e-04 1.508927968615742486e-04 1.374147977846017633e-04 9.729265908129540224e-05 5.916739715839654739e-05 1.000000000000000021e-08 8.658501912599676472e-05 3.368581609953816454e-03 1.098681278327179496e-02 3.327849212458341283e-02 9.783792947524081254e-03 5.621785757098952941e-05 1.000000000000000021e-08 1.060012941784556063e-05 1.825071541744323618e-05 2.288154293072563268e-05 1.168427533662021995e-05 1.000000000000000021e-08 1.000000000000000021e-08 1.000000000000000021e-08 1.000000000000000021e-08 1.000000000000000021e-08 1.000000000000000021e-08 1.000000000000000021e-08 3.763165525527058133e-05
1.000000000000000021e-08 1.000000000000000021e-08 1.000000000000000021e-08 3.639041788242553075e-05 1.518958820778685626e-03 1.000000000000000021e-08 1.000000000000000021e-08 1.000000000000000021e-08 1.836330274769791695e-05 2.781840671379904304e-05 1.017435315316045564e-04 1.410341469642883191e-04 1.700615230250599450e-04 1.769361393762782474e-04 1.913044746366321857e-04 2.369032365114044116e-03 1.268274538244174993e-05 2.266889803487276618e-04 1.227172578352473992e-04 5.235307080149589681e-04 1.998005826498452730e-05 6.541110065421709002e-03 8.665947431276946680e-03 8.044684220575450129e-03 4.117627725684880709e-05 1.000000000000000021e-08 1.000000000000000021e-08 1.882634985383101043e-05 1.844134347931027305e-05 1.000000000000000021e-08 1.000000000000000021e-08 1.000000000000000021e-08 1.000000000000000021e-08 1.975024187319234507e-05 1.000000000000000021e-08 3.266130516055695745e-05 3.595682441141549669e-05
1.000000000000000021e-08 1.000000000000000021e-08 1.000000000000000021e-08 2.657718699002617488e-05 9.873910195454183231e-05 1.000000000000000021e-08 1.000000000000000021e-08 1.000000000000000021e-08 1.000000000000000021e-08 1.000000000000000021e-08 1.108993184453360828e-04 2.745142513746297785e-04 3.723375859521622618e-04 3.491256168503833156e-04 3.487335285666595132e-04 4.729573956206631607e-04 1.249941357833136025e-03 8.559754577299667419e-03 1.840244167972940239e-03 4.733300023559061025e-04 7.110919497871926462e-04 6.427068769794695192e-03 7.999375822070433836e-03 8.088119622067265271e-03 7.631022565291975882e-03 1.161160348031472188e-03 1.156507403519260952e-03 2.678667324654468904e-05 1.941707473592860765e-05 1.000000000000000021e-08 1.000000000000000021e-08 1.000000000000000021e-08 1.795010966799024071e-05 1.914633486371136105e-05 2.689699174715792248e-05 3.178181046202905111e-05 4.658584583108159587e-05
1.000000000000000021e-08 1.000000000000000021e-08 1.000000000000000021e-08 1.000000000000000021e-08 1.042892760187683515e-04 7.348266475900177717e-05 5.750151415831015621e-05 1.000000000000000021e-08 1.261335998661888941e-05 2.152282796450987170e-05 3.741774382652682528e-05 1.712369610073905392e-04 2.900121842075363511e-04 5.248452410409430854e-04 8.107855507492619076e-04 8.077805416970745877e-04 7.701267890504132161e-04 4.856962688327534010e-04 1.029431241832960350e-02 2.542236053587914723e-03 2.090956167859406648e-03 4.031137763042081518e-03 1.316923206491184273e-02 3.642618495870009881e-02 9.506826394259598398e-03 6.217211945234005915e-03 6.677591307691294401e-03 5.624395622853741589e-05 1.566047530441424783e-05 1.143813541024336795e-05 1.030539019835169132e-05 1.000000000000000021e-08 4.304576971964180996e-05 2.751786589033817804e-05 1.000000000000000021e-08 3.110565389801493280e-05 5.855759491385486161e-05
2.350923025504703183e-05 3.315518956103227316e-05 8.772484765511087289e-05 1.000000000000000021e-08 6.484814703312708785e-05 9.160844166970359866e-05 1.192918268062681785e-04 1.730349663661801625e-04 2.500801683498423853e-04 2.058671310277103959e-04 3.069359304263688049e-04 2.925616086447219632e-04 2.451582140302405112e-04 2.049120852504049265e-04 1.543033878342335357e-04 1.117009154134925307e-04 1.000000000000000021e-08 1.267623524869587737e-04 5.728897824129355030e-05 6.613917475880178823e-05 1.161534419620622649e-05 2.824758786597636549e-03 6.223681697656014561e-03 1.613164787516918955e-02 1.434645656242088292e-02 1.731744803352971290e-02 1.116731939818257080e-01 1.095016797568203193e-01 1.458790829606320880e-04 2.475528437129884352e-05 3.390865840310698561e-05 1.000000000000000021e-08 6.587475692538964298e-03 5.825158491241693576e-03 5.571189447607633973e-05 1.000000000000000021e-08 5.462801900012531826e-05
1.000000000000000021e-08 4.101030975095074131e-05 1.358763799506635403e-04 1.000000000000000021e-08 1.000000000000000021e-08 1.000000000000000021e-08 1.000000000000000021e-08 1.000000000000000021e-08 1.072390435016046599e-05 3.055145025144132215e-04 2.102372266799789322e-04 1.136285574875767359e-05 1.000000000000000021e-08 5.326193853072297028e-05 4.464972261170502320e-05 4.571448030811319760e-05 4.541978964819270656e-05 4.002111349864237796e-05 2.664522906384593471e-05 4.916851278066850683e-05 2.946380317669462096e-03 3.995939097045860498e-03 8.132329626453478275e-03 7.930507659021935815e-03 1.101491821302898189e-02 1.286307956820525837e-02 1.070907760382996815e-01 1.017619073269849933e-01 7.882087428870906964e-02 2.861542752663552916e-02 2.972762530839947320e-02 2.498235568991001229e-02 2.498538344604631783e-02 2.634797160040361699e-02 3.211585494816727310e-02 3.297277075966703608e-02 3.290486971959190776e-04
1.000000000000000021e-08 6.748684374540336265e-04 8.475303749947382627e-04 9.886308055931803795e-04 1.000000000000000021e-08 1.000000000000000021e-08 1.000000000000000021e-08 1.000000000000000021e-08 1.000000000000000021e-08 1.765242912797394836e-04 1.528457044224110315e-04 1.076394766326661736e-04 8.309580971187319697e-05 6.298886158534166006e-05 5.428299648866585444e-05 4.503423243594075029e-05 2.957508459374478028e-05 1.000000000000000021e-08 1.000000000000000021e-08 4.820631599619156708e-05 1.110566073591758018e-02 1.756932131128776872e-02 1.129417536950229860e-02 6.803212584553397328e-03 4.325496955527463432e-03 2.759543638816454748e-03 1.792289436345037438e-03 1.283719628807935415e-03 6.677630360213948884e-04 4.993774538911988905e-04 3.407050265953016563e-04 6.718990858829842518e-03 9.262618224880609166e-03 1.240983934656590508e-02 8.464579204491829573e-03 3.606428137229959752e-02 2.286480063094316686e-02
4.481646189306911880e-03 4.424459101593391955e-04 5.854024026041448501e-04 1.470173150593382565e-03 1.167222603916920169e-02 7.725470479738329697e-03 1.182792789311089797e-03 8.284250124738286487e-04 5.915715984746782808e-04 2.755881016136789560e-04 1.332823562692022116e-04 7.020333656636331267e-05 4.233503222392893603e-05 2.639390011430737558e-05 3.523150419231528058e-05 4.598382478976165215e-05 2.176275478755624205e-03 1.442447322231262419e-03 9.825592168206081622e-04 1.745701818175880021e-02 3.943599640800023870e-02 1.268835504300035860e-02 6.874959906817846168e-05 1.231830426817702575e-05 1.000000000000000021e-08 1.000000000000000021e-08 1.000000000000000021e-08 1.000000000000000021e-08 1.000000000000000021e-08 1.000000000000000021e-08 8.381188161415437522e-05 1.851107035504789486e-03 3.153087027861512306e-03 2.376607447862271339e-03 1.784959831447351965e-03 1.478040161822057616e-03 2.095887954061126726e-02
1.105105461970549351e-05 1.000000000000000021e-08 1.000000000000000021e-08 1.275448575436303347e-05 1.000000000000000021e-08 1.661797460061841718e-03 2.300055769937033034e-03 2.587924730745253931e-03 1.497654399484081621e-03 1.004888215245691068e-03 6.347168932583183458e-04 4.242688807628792395e-04 2.916400733674517280e-04 2.339381423653474250e-04 1.099993572196858449e-02 1.410196880337902248e-02 1.004680068697888853e-02 1.316188867595022814e-02 1.774709237099719034e-02 1.713947866497955719e-02 5.170653161607778256e-03 1.274605876409668685e-05 1.000000000000000021e-08 1.000000000000000021e-08 1.000000000000000021e-08 1.000000000000000021e-08 1.000000000000000021e-08 1.000000000000000021e-08 1.000000000000000021e-08 5.892343740982892422e-04 9.050998483972870230e-04 7.949971830912316070e-04 8.069547106196327171e-04 7.896468535897590646e-04 3.990181386478712402e-04 4.043879047548020324e-04 6.797797438548140031e-03
1.250157265861037576e-05 1.717060361763430006e-05 1.810533736587334604e-05 3.934016432400760683e-05 1.000000000000000021e-08 1.000000000000000021e-08 1.000000000000000021e-08 2.656590006067920812e-04 1.008492502654269058e-03 1.130856064876535963e-03 9.169221421759325133e-04 8.603921687891594866e-04 3.202556223904508281e-03 5.423924172900234514e-02 3.560293375255670772e-02 7.805764659764255139e-03 5.332033610526568448e-03 5.129518994191117898e-03 1.067021639615114374e-03 1.660004265633285197e-04 1.000000000000000021e-08 1.000000000000000021e-08 1.000000000000000021e-08 1.000000000000000021e-08 1.000000000000000021e-08 1.000000000000000021e-08 1.000000000000000021e-08 1.118325521210716768e-04 7.627214713005488851e-04 7.066947839000401561e-04 6.843356320023355564e-04 4.171722917172073636e-03 4.303812047858722044e-04 3.063185792553325872e-04 3.057288381871154021e-05 2.277225164140704410e-05 2.942869252328895519e-05
4.574401525081035421e-05 4.388149297297315471e-05 6.486611972470162756e-05 1.374063662607176830e-04 1.959939866590447072e-05 1.000000000000000021e-08 1.000000000000000021e-08 1.350107282651415749e-04 7.400849172803247332e-04 1.107009623731505191e-03 1.017562367852421767e-03 9.265526532028446963e-03 1.225910247798269077e-02 1.372190575794274107e-02 6.541185616314773230e-03 5.302323130530433963e-04 1.000000000000000021e-08 1.546724700612812258e-05 1.000000000000000021e-08 1.000000000000000021e-08 1.000000000000000021e-08 1.000000000000000021e-08 1.000000000000000021e-08 1.000000000000000021e-08 1.000000000000000021e-08 1.000000000000000021e-08 1.116738474975729036e-03 1.151733997400183115e-03 7.715353746918963843e-04 6.986771997520650193e-05 5.383899770390100387e-05 5.923032506347277587e-05 2.003995073766395599e-05 1.000000000000000021e-08 1.458854226263764678e-05 1.000000000000000021e-08 1.000000000000000021e-08
