output/water_depth_6360.asc
ncols 223
nrows 158
xllcorner 0.0
yllcorner 0.0
cellsize 30.0
[rows 17 to 33 of 158, columns 148 to 184 of 223]
1.000000000000000021e-08 1.137977800511490555e-05 1.217757838391310081e-05 1.715865411211848818e-05 1.253740328261498482e-04 7.047218449069112846e-05 1.168840977428716351e-05 1.958461679925899062e-05 2.128245074035572205e-05 6.560087666144315960e-03 1.000000000000000021e-08 1.000000000000000021e-08 2.030209641443818697e-05 5.811241019321956229e-05 1.000000000000000021e-08 1.079991995805782303e-05 1.000000000000000021e-08 1.000000000000000021e-08 1.306417108507112052e-05 4.299894541339851703e-04 6.672399056271692032e-04 1.186633830957063609e-04 9.743232499437389936e-05 6.234628273561781172e-04 4.646749426480960721e-04 3.161640617354584512e-04 9.148908137899949356e-04 1.370470777701141918e-03 1.112385715362274865e-03 8.585591105171541887e-04 1.277932250249477731e-04 1.977226165900602275e-05 2.275572396486929698e-05 4.175047881648162688e-05 1.000000000000000021e-08 1.161075128711075536e-05 2.734552823886291992e-03
1.000000000000000021e-08 1.000000000000000021e-08 1.236515200722741551e-05 1.000000000000000021e-08 1.000000000000000021e-08 6.754010447114859041e-05 1.000000000000000021e-08 1.000000000000000021e-08 1.000000000000000021e-08 1.000000000000000021e-08 1.000000000000000021e-08 1.000000000000000021e-08 1.148147039864242417e-05 2.745180982115838950e-05 1.000000000000000021e-08 1.596581351940307429e-05 2.038645496126954279e-05 9.557721612531488780e-04 1.071738629634733922e-03 6.035717129417534970e-04 8.420737317943239632e-04 1.229381619780860408e-03 1.077580816161364391e-02 2.797733841841784381e-03 2.491142850098122113e-03 3.271293890907731906e-03 2.008079939093399251e-03 2.090366994032510570e-03 2.944973260530089291e-03 4.171342842106844952e-03 2.630756634425205839e-02 3.680840313425605675e-05 5.164891312387403014e-05 6.722811175557431851e-05 6.831645392823006125e-05 1.515979024471151601e-05 1.432870579293076679e-02
1.000000000000000021e-08 1.398386583875863576e-05 1.000000000000000021e-08 1.000000000000000021e-08 1.748844110823276780e-05 4.529502232780174316e-05 1.000000000000000021e-08 1.000000000000000021e-08 1.000000000000000021e-08 1.000000000000000021e-08 1.000000000000000021e-08 1.000000000000000021e-08 1.000000000000000021e-08 1.987794162340860254e-05 2.583506566960473586e-05 4.405071658541303046e-05 1.561191578452199140e-04 4.861487917246938399e-03 2.554579726111563988e-05 1.000000000000000021e-08 1.044019056652015307e-05 1.760660967032396114e-05 4.112242096716149686e-05 3.613196410075648728e-05 4.785649600416966607e-05 4.589735199682368818e-05 1.225554534701819940e-03 9.751742286464903974e-04 7.710292456528860877e-05 6.662562491973897730e-04 1.978528435872584784e-02 5.380693576535951553e-03 4.812788030551830298e-03 3.376457680019870518e-03 2.413165919631674733e-03 4.024549127074615248e-03 2.207518740894472836e-03
1.000000000000000021e-08 1.000000000000000021e-08 1.000000000000000021e-08 1.000000000000000021e-08 1.742784178973021789e-05 2.438313734302377452e-05 4.347586156467006388e-05 1.000000000000000021e-08 1.000000000000000021e-08 1.000000000000000021e-08 1.000000000000000021e-08 1.000000000000000021e-08 1.000000000000000021e-08 2.061881712709971254e-05 1.000000000000000021e-08 1.000000000000000021e-08 1.000000000000000021e-08 2.611642013796685850e-05 2.405019530382418100e-05 1.000000000000000021e-08 1.000000000000000021e-08 1.000000000000000021e-08 3.557248448861739467e-05 1.000000000000000021e-08 3.120972578622024604e-05 2.951601434918245962e-05 7.591700374167558753e-04 5.957395973575408538e-03 5.614552108623100182e-04 2.314214235379511290e-05 2.066780298716731847e-04 1.000000000000000021e-08 1.000000000000000021e-08 2.007854206006837346e-03 3.553769663803340011e-03 4.075572261686427264e-03 1.295623694924246056e-03
1.000000000000000021e-08 1.000000000000000021e-08 1.000000000000000021e-08 1.000000000000000021e-08 1.300385432251464052e-05 2.392146450480099035e-05 3.195204018183043956e-05 1.000000000000000021e-08 3.350770600121463929e-05 7.226655565968166715e-05 5.542729223303733939e-05 5.002092357510201539e-05 9.707100443479899695e-05 8.784992378316729003e-05 2.587905241865632696e-05 1.000000000000000021e-08 1.099690599782085810e-05 1.810658982701400489e-05 1.900548630089268404e-05 4.034721094611175946e-05 6.247787629590009230e-05 6.594863467807136903e-05 5.979183448746438340e-05 5.475590100006662227e-05 5.049055634098081788e-05 8.586121613837867578e-05 8.864875083900983959e-04 1.621530531577976232e-03 1.499357518529418828e-03 1.594502472903120988e-03 1.696404556190858875e-03 1.151920987446533248e-03 7.880609772169128451e-05 1.208557205701207881e-03 1.390135613626373653e-02 6.249049864762996898e-03 7.493706041872426251e-04
1.000000000000000021e-08 1.000000000000000021e-08 1.000000000000000021e-08 1.000000000000000021e-08 1.000000000000000021e-08 1.846759604917860576e-05 3.018731186808959159e-05 4.188698482348468272e-05 8.238097678187917010e-05 9.737226281998321317e-05 1.378803915681686785e-04 1.953207912424692703e-04 3.953533368887249592e-04 1.657496444823596525e-04 1.000000000000000021e-08 1.000000000000000021e-08 1.000000000000000021e-08 1.000000000000000021e-08 1.000000000000000021e-08 1.000000000000000021e-08 1.071413252528081998e-05 1.149386184873551922e-05 1.365029805024612989e-05 1.070232053703131509e-05 1.077255380921135636e-05 1.264638291068210695e-05 4.753833871850135821e-05 5.561832951684659741e-05 3.213149015842466116e-04 1.465854092104141367e-04 7.903293466378122465e-05 7.422878266194433625e-04 7.859009805334278564e-04 1.144481814485115998e-03 2.387796259049246653e-03 2.630573236794311875e-02 5.925061856208744876e-04
1.000000000000000021e-08 1.000000000000000021e-08 1.000000000000000021e-08 1.000000000000000021e-08 1.000000000000000021e-08 1.705670927655149370e-05 2.748382218573977622e-05 3.210457539210972099e-05 3.541554451214193105e-05 6.008320430142353042e-05 5.938501962999422583e-05 2.073005032188542248e-04 1.283783446238895211e-04 1.000000000000000021e-08 2.089507143399039845e-05 1.362379152965081182e-04 1.000000000000000021e-08 1.000000000000000021e-08 1.000000000000000021e-08 1.070008866500415397e-05 1.007081629879950914e-05 3.617210701639865744e-05 6.386376962711458327e-05 6.309366576664682323e-05 6.192787248684441474e-05 9.598670238731198069e-05 5.423764817567690522e-05 3.362590717943099249e-05 2.638397100563544655e-05 9.818125160420749413e-05 1.000000000000000021e-08 4.194591401179721668e-05 7.348241707265959705e-04 1.050721476610741879e-03 8.095683591325128839e-03 6.875437833749739255e-03 3.472239394811218641e-05
1.000000000000000021e-08 1.000000000000000021e-08 1.000000000000000021e-08 1.000000000000000021e-08 1.922801763709657604e-05 2.481597731600288453e-05 2.213068254006079951e-05 1.765764558170834168e-05 1.805979725842576564e-05 2.318699296944114947e-05 1.299344487347991626e-04 8.959771093542563127e-05 1.000000000000000021e-08 1.976307631751553654e-05 2.301970535686622202e-05 1.784204126828675433e-05 1.955253839405576667e-05 2.006034838482612584e-05 2.515630752158216796e-05 1.000000000000000021e-08 2.144522668819101051e-05 1.000000000000000021e-08 1.164186248253222555e-04 1.162042158438527203e-04 1.146907886845986555e-04 8.548728041877809935e-05 7.705179370914058516e-05 6.874380010394837528e-05 5.444711428757176573e-05 1.000000000000000021e-08 1.000000000000000021e-08 2.538096551841644992e-05 5.611460624399941446e-04 6.122702263341853191e-02 8.260213167217636196e-03 6.362575919914068945e-05 6.534240901794338772e-05
1.000000000000000021e-08 1.000000000000000021e-08 1.000000000000000021e-08 1.000000000000000021e-08 1.000000000000000021e-08 1.000000000000000021e-08 1.000000000000000021e-08 1.000000000000000021e-08 1.000000000000000021e-08 1.000000000000000021e-08 1.090468795790628566e-05 1.720953909610386200e-05 4.450688507778583213e-05 1.000000000000000021e-08 1.000000000000000021e-08 1.557473558023794261e-05 2.631307681664024116e-05 3.589004145886640003e-05 1.000000000000000021e-08 1.000000000000000021e-08 1.000000000000000021e-08 3.150702173832921706e-05 2.229514683007653879e-05 6.822551008873037391e-05 1.122309917673987165e-04 1.000000000000000021e-08 1.000000000000000021e-08 4.865585912224659081e-05 1.000000000000000021e-08 1.000000000000000021e-08 1.000000000000000021e-08 2.317083280688907773e-04 4.324187091278955397e-02 5.391831789347711207e-02 1.135321446910772212e-05 1.000000000000000021e-08 1.000000000000000021e-08
1.000000000000000021e-08 1.000000000000000021e-08 1.000000000000000021e-08 1.000000000000000021e-08 1.000000000000000021e-08 1.000000000000000021e-08 1.099211650555300856e-05 1.665500137533342288e-05 2.132015820820333920e-05 5.259613551534505544e-05 1.000000000000000021e-08 1.000000000000000021e-08 1.000000000000000021e-08 1.000000000000000021e-08 1.192534945409170997e-05 2.227629631321641706e-05 7.654417648755012387e-05 6.612087041220471154e-05 3.410525089656255861e-05 2.078822437087933663e-05 1.801316067484314934e-05 1.707287525300783205e-05 2.758442486745335513e-05 5.035407041624512015e-05 8.915462434674701210e-05 1.000000000000000021e-08 1.000000000000000021e-08 1.000000000000000021e-08 1.000000000000000021e-08 1.000000000000000021e-08 1.334230804959932325e-05 6.593731277962915083e-03 2.632177923566696165e-02 1.000000000000000021e-08 1.000000000000000021e-08 2.478932601860365340e-05 3.241549381350405853e-05
1.000000000000000021e-08 1.000000000000000021e-08 1.000000000000000021e-08 1.000000000000000021e-08 1.000000000000000021e-08 1.000000000000000021e-08 2.341340793175720534e-05 3.988717811756406636e-05 6.734487778396556080e-05 6.305613888870702742e-05 1.000000000000000021e-08 1.000000000000000021e-08 1.000000000000000021e-08 1.523471793291033283e-05 2.005000284251339115e-05 4.168471417090400394e-05 4.935631579191158172e-05 1.317733029509172960e-04 1.017471247628473787e-04 8.503460125655867342e-05 6.666875240187166113e-05 5.047748785129326909e-05 5.027811177879107959e-05 5.921077000067712857e-05 1.000000000000000021e-08 1.000000000000000021e-08 1.000000000000000021e-08 1.000000000000000021e-08 1.000000000000000021e-08 1.000000000000000021e-08 2.621950238006912892e-05 5.467854467170099597e-02 7.334577493916228340e-03 6.435731166614831397e-05 5.930224350685587637e-05 5.548414553165301210e-05 4.155258312911400403e-05
1.000000000000000021e-08 1.000000000000000021e-08 1.000000000000000021e-08 1.000000000000000021e-08 1.000000000000000021e-08 1.000000000000000021e-08 1.000000000000000021e-08 1.000000000000000021e-08 1.000000000000000021e-08 1.000000000000000021e-08 1.000000000000000021e-08 1.590911971353080220e-05 2.081358266244077570e-05 1.000000000000000021e-08 1.606047945154733057e-05 1.445629404191160467e-05 1.241242092434761558e-05 1.352310723025382817e-05 9.796675788744990459e-05 1.678858447899682815e-04 1.450156738069137679e-04 1.193012716391225877e-04 1.000000000000000021e-08 1.000000000000000021e-08 1.000000000000000021e-08 1.000000000000000021e-08 1.000000000000000021e-08 1.000000000000000021e-08 1.338657342930048318e-05 5.470845007000897696e-05 1.226945166964803387e-02 4.174949498267626485e-02 5.999325931355084973e-05 5.305892957312183207e-05 6.849619789136890315e-05 8.584268141144081815e-05 6.494851464799437544e-05
1.000000000000000021e-08 1.000000000000000021e-08 1.000000000000000021e-08 1.000000000000000021e-08 1.000000000000000021e-08 1.000000000000000021e-08 1.000000000000000021e-08 1.000000000000000021e-08 1.000000000000000021e-08 1.000000000000000021e-08 2.756515878036040906e-05 1.000000000000000021e-08 2.646455939024403202e-05 1.000000000000000021e-08 1.369373310993009173e-05 1.357216714498622977e-05 1.351116273394287784e-05 1.575013773241205724e-05 2.599464854990551373e-05 3.071806821727674354e-05 1.061791028662605545e-04 1.000000000000000021e-08 1.000000000000000021e-08 1.921688421144554800e-05 1.000000000000000021e-08 1.000000000000000021e-08 1.000000000000000021e-08 1.000000000000000021e-08 2.344468949772100089e-05 8.637183234155640724e-03 8.537176608099361283e-03 3.419133700935240278e-05 1.000000000000000021e-08 1.000000000000000021e-08 1.000000000000000021e-08 1.000000100000000021e-05 1.000000100000000021e-05
1.000000000000000021e-08 1.000000000000000021e-08 1.000000000000000021e-08 1.000000000000000021e-08 1.000000000000000021e-08 1.000000000000000021e-08 1.000000000000000021e-08 1.000000000000000021e-08 1.000000000000000021e-08 2.814352713166345151e-05 4.286243671747394193e-05 6.586412263819569203e-05 6.329991268291977808e-05 1.179846879514766158e-04 1.500615008598132850e-04 2.499790646965189211e-04 1.000000000000000021e-08 1.000000000000000021e-08 1.000000000000000021e-08 2.569196239630155580e-05 1.000000000000000021e-08 4.259400851082831236e-05 5.822841103400844379e-05 5.993233940639087907e-05 1.000000000000000021e-08 1.000000000000000021e-08 1.000000000000000021e-08 1.000000000000000021e-08 2.377570170658292395e-05 1.029850816852646844e-02 5.370621946681767601e-03 4.671984647784751686e-05 1.713241909197550368e-05 1.000000000000000021e-08 1.000000000000000021e-08 1.000000100000000021e-05 1.000000100000000021e-05
1.000000000000000021e-08 1.000000000000000021e-08 1.000000000000000021e-08 1.000000000000000021e-08 1.000000000000000021e-08 1.000000000000000021e-08 1.000000000000000021e-08 1.000000000000000021e-08 1.000000000000000021e-08 1.000000000000000021e-08 1.481795332125215728e-05 1.257169697068371067e-05 6.537914262343431514e-05 7.112469471252645691e-05 6.625367056243457653e-05 6.272525912593654874e-05 5.245328825318772473e-05 3.072015961003968015e-05 1.531564776113705870e-04 1.000000000000000021e-08 1.000000000000000021e-08 3.198735309869819279e-05 4.598656980420941410e-05 6.181591434292330511e-05 1.000000000000000021e-08 1.000000000000000021e-08 1.000000000000000021e-08 1.000000000000000021e-08 2.652503887081361571e-05 1.193023971128601667e-02 3.727747586736962840e-03 1.000000000000000021e-08 1.430737794484605383e-05 1.297188321909330879e-05 1.000000000000000021e-08 1.000000100000000021e-05 1.000000100000000021e-05
1.000000000000000021e-08 1.000000000000000021e-08 1.000000000000000021e-08 1.000000000000000021e-08 1.000000000000000021e-08 1.000000000000000021e-08 1.000000000000000021e-08 1.000000000000000021e-08 1.000000000000000021e-08 1.000000000000000021e-08 1.151096916416817410e-05 2.254820547021962643e-05 4.421052009411419095e-05 3.964472957821643260e-05 1.000000000000000021e-08 1.450285903114822634e-05 2.119867219979760397e-05 2.581990411991369965e-05 2.686575652676108491e-05 2.284722225543327548e-05 1.481462591521716198e-05 1.247502168851354750e-05 1.265237073050102814e-05 1.037970802285748406e-05 2.273160552514727934e-05 2.366694125251660928e-05 1.000000000000000021e-08 1.000000000000000021e-08 3.970142072387622064e-05 1.276121769881139248e-02 2.238311832925366038e-03 4.076469203391335367e-05 2.553886412650187556e-05 1.854449301021819137e-05 1.043978413562860192e-05 1.000000100000000021e-05 1.000000100000000021e-05
1.000000000000000021e-08 1.000000000000000021e-08 1.000000000000000021e-08 1.000000000000000021e-08 1.000000000000000021e-08 1.000000000000000021e-08 1.000000000000000021e-08 1.000000000000000021e-08 1.000000000000000021e-08 1.268786129749149743e-05 1.221135121900694722e-05 1.000000000000000021e-08 1.000000000000000021e-08 1.000000000000000021e-08 1.012031879815331816e-05 1.626375987180133536e-05 1.657611303205444499e-05 1.725852002858335268e-05 1.875841210489592254e-05 2.041005582464730967e-05 3.589062112729838174e-05 1.000000000000000021e-08 1.000000000000000021e-08 1.000000000000000021e-08 1.000000000000000021e-08 1.000000000000000021e-08 1.000000000000000021e-08 2.030234764909713514e-05 8.252136234809083828e-03 3.096536678318891067e-02 1.849701138537103917e-03 1.000000000000000021e-08 1.000000000000000021e-08 1.000000000000000021e-08 1.411479202976130277e-05 1.000000100000000021e-05 1.000000100000000021e-05
