output/water_depth_9480.asc
ncols 223
nrows 158
xllcorner 0.0
yllcorner 0.0
cellsize 30.0
[rows 68 to 84 of 158, columns 74 to 110 of 223]
2.195453209632306429e-05 1.899881203940333364e-05 2.214778926453237948e-04 1.000000000000000021e-08 1.000000000000000021e-08 1.000000000000000021e-08 1.500377972314539454e-05 2.196616267923533677e-05 1.973371131483378176e-05 1.745863064931878564e-05 1.578376837064372027e-05 3.374531813027632581e-04 4.006099879612922700e-04 5.040384465469410812e-04 1.172625620554355354e-03 1.630545148314098153e-03 2.494742238709759196e-04 1.674920548376446672e-04 4.895605891459268359e-05 1.118832787118928654e-04 5.237550306553341627e-04 1.025541352845380557e-03 8.889552685158112321e-04 1.155681906180179705e-03 8.036619109429046608e-04 8.372903290583299293e-04 6.727170220572620263e-04 8.639922309375687145e-04 6.122621399709558604e-04 9.424945579582633516e-04 9.693654036642852930e-04 1.658679709440858850e-03 5.289102551197968731e-04 7.703804085258502809e-04 3.569116029145910266e-05 2.565737968518938479e-05 1.000000000000000021e-08
4.604890281783339764e-04 4.143129047230363019e-04 2.746296608194005858e-04 2.066672210626783676e-04 1.475117223340798294e-04 1.127457747986029943e-04 8.768540718659289970e-05 6.183763736632901051e-05 5.077662015272570438e-05 4.017053151825127695e-05 3.883205728818368130e-05 1.933400290035066434e-04 2.607406513274346141e-04 3.021249578002445759e-05 1.133798386215454843e-04 1.597484667851499778e-04 2.702850608732986892e-04 1.314972730325887303e-04 1.509714101138868493e-04 1.169669850350255297e-04 2.113982772102846863e-04 1.638820950486409556e-04 1.873918550222163808e-04 1.473946622119577329e-04 1.712226619726693155e-04 2.167266590918687946e-04 4.696040752472523160e-04 3.413001570139672595e-04 3.947286871075624220e-04 2.654211755590407803e-04 5.249718174969657909e-04 4.077861548344308010e-04 1.198494836884451747e-03 6.061651560614048822e-04 5.284651349488734629e-04 1.670955302056840162e-04 1.394504490756649480e-04
5.012674888777270479e-04 3.798251727718952907e-04 4.882023764604210767e-04 3.934080592118720438e-04 3.484464382297752533e-04 2.971093024616555927e-04 3.338125227126616831e-04 3.480481594278638673e-04 4.554372100398493880e-04 3.083502052808928030e-04 1.974603693993398894e-04 1.565515937838080920e-04 2.039808110778013387e-04 3.017520195242537893e-05 1.087715554917460727e-04 1.789153807560408768e-04 1.349534588951450487e-04 4.031380115892146563e-04 1.675462405102094569e-04 6.188540125544192633e-04 7.267422901725381808e-04 9.774494572365229755e-04 8.526254326666287374e-04 1.092979951196693675e-03 7.646102675548565111e-04 9.889679758079950554e-04 6.043228280498371590e-04 1.614592505731801252e-03 2.479714679875233418e-04 2.079474877794756850e-04 2.513462512551623484e-04 2.281888934376808981e-04 4.150547681114890599e-04 1.210199121392645846e-03 1.161917119811681351e-03 1.723824226451353865e-03 1.478392649699886586e-03
5.274261198208589655e-04 2.757785344914647472e-05 1.000000000000000021e-08 2.613045715255912478e-04 4.052233573075189870e-04 5.774415812346616814e-04 6.354934935140197933e-04 6.195274917031228044e-04 3.487113809031970341e-04 3.392107224386606518e-04 1.000000000000000021e-08 1.009025185960897813e-04 1.808985608214332672e-04 3.760571513882097019e-04 2.958799399284969367e-04 1.644411884526676216e-04 3.964708239616463121e-04 3.517454700317139502e-04 2.336315119064550586e-03 1.647239573780577516e-03 1.121100002888619556e-03 8.453209318675507797e-04 4.934679593283802269e-04 2.980610286649104158e-04 5.359293214213917654e-04 3.548645478583443394e-04 5.906466796802764801e-04 1.099257388995303385e-03 1.831999607699472891e-04 2.609934457807297666e-04 2.056518176375966801e-04 2.638981344604573488e-04 2.252999341400883471e-04 4.299595854512900891e-04 1.344276633289285747e-03 9.621568600679525482e-04 1.213624529571183299e-03
3.134974256155457204e-04 3.192936119412528861e-04 2.325841883051928984e-04 3.408737869415275133e-04 3.682778757908935531e-04 2.912674484984544682e-04 2.116173283199947706e-04 1.683450884809577512e-04 2.339983891543421786e-04 2.218900191468558994e-04 1.000000000000000021e-08 6.624789019433512051e-05 1.592823042919291486e-04 1.757949376888216949e-04 2.006417234739985022e-04 2.772013102521701778e-04 4.370999449105182491e-04 4.602998037472918720e-04 3.121791124388135163e-04 1.855584649354970314e-04 8.750734201459591226e-05 4.552966897998446307e-05 2.247604775894434528e-04 2.404309926998060652e-04 3.974609801527531020e-04 3.972916124009718674e-04 4.299445626144582518e-04 1.348669491563647574e-04 2.146687197852132560e-04 1.750497099423291107e-04 1.208137826813728889e-04 1.071253033724553868e-04 1.486757735663630066e-04 1.454175652805526258e-04 2.579054260526923714e-04 9.834817081569621321e-04 6.108578968363541188e-04
3.255945735852940753e-04 3.688917387408025147e-04 3.580737672774556132e-05 3.039446696665222970e-05 1.000000000000000021e-08 1.000000000000000021e-08 1.000000000000000021e-08 6.194859959035312687e-05 1.435666973395545367e-04 1.655749777803558790e-04 8.651828789889068187e-05 5.544203632336080486e-05 4.012997090701841952e-05 2.524926087653527716e-05 1.280692111798860746e-04 8.689834105122490695e-05 1.293887408673072021e-04 1.515514583156704219e-04 1.493416348876959563e-04 2.382562523519795130e-04 2.044920299692954302e-04 1.493725156647075954e-04 1.931250674456971579e-04 2.199185095017853434e-04 4.118805470587708219e-05 3.315712063096493508e-05 1.071865790267901111e-04 7.671090463107486154e-04 1.265706227828634499e-04 1.898043831952232882e-04 2.278413932364705698e-04 2.781786168956812584e-04 2.102543052208994409e-04 2.587179675151986507e-04 1.067844836237646054e-03 1.108794183312199590e-03 8.509925965165427179e-04
1.000000000000000021e-08 3.261963297148657128e-04 5.293083476868040791e-04 5.366000386175007230e-04 4.194532105528212419e-04 3.007616167106197218e-04 2.058357346142240492e-04 1.000000000000000021e-08 1.178580497182600084e-04 1.542398929148467964e-04 1.428280011899800081e-04 8.772753826207770002e-05 4.455044168916924005e-05 3.583335348467916380e-05 7.280723771154158175e-05 9.267209177511911684e-05 5.219993114273184097e-05 4.649530206645668105e-05 5.602563117193907485e-05 8.758623147039818521e-05 1.903735882592954979e-04 1.956648683524644667e-04 2.151527826551422767e-04 2.710325065951984516e-04 2.543622201567581414e-05 8.074107153594260700e-05 2.626862804637031501e-05 6.251528078817384163e-04 1.191531769605126169e-03 1.232018739619214433e-04 1.678255980135892503e-04 5.748608184566310499e-05 1.118254640639460105e-04 4.068921736848975392e-05 8.213197082489797967e-04 1.597780224757203334e-03 5.762433594558571612e-04
1.000000000000000021e-08 1.000000000000000021e-08 1.000000000000000021e-08 1.000000000000000021e-08 2.197449540555108244e-04 2.618620598151424981e-04 2.395411215051519303e-04 1.745562895055033923e-04 1.081911278257080750e-04 7.058489644819696538e-05 6.836517857451299216e-05 7.991872402425667567e-05 9.649504272806662614e-05 1.121277716772907986e-04 1.230001046719925986e-04 1.104078078889034285e-04 1.254964279715829289e-04 9.386588114607039804e-05 8.993695704553559547e-05 7.047563750251851274e-05 4.550847205172607590e-05 1.011098229440137803e-04 1.706942105753706874e-04 2.831189161366953234e-04 4.675425648909012984e-04 4.800071539038672035e-04 6.640425581267041374e-04 5.982255452946685492e-04 5.026214504044807180e-04 7.039246579403171146e-04 1.210335978024017288e-04 2.161112350898985351e-04 6.686406155724026437e-05 8.851587698248644296e-05 6.917745915276863515e-04 1.214032237504442851e-03 9.308266723414607667e-04
1.453098099666546166e-05 1.000000000000000021e-08 1.000000000000000021e-08 1.000000000000000021e-08 1.000000000000000021e-08 1.000000000000000021e-08 1.658278162859320331e-04 1.694315807918041878e-04 1.000000000000000021e-08 4.061166748327185542e-05 3.099463094864076827e-05 6.845544828684154781e-05 1.000000000000000021e-08 1.000000000000000021e-08 7.346069666188787776e-05 1.182646796014435526e-04 1.231957651668852177e-04 1.377111602178098546e-04 1.353688296603323201e-04 1.000000000000000021e-08 2.982312061121661034e-05 5.868246787169835259e-05 9.206606503306532727e-05 6.943140008204291402e-05 1.000000000000000021e-08 6.026329035086149970e-05 4.045709259543831123e-05 3.741334056669188570e-04 3.984807181941065688e-05 8.025278366536929499e-05 6.777376666559732968e-05 9.368086573600810753e-05 9.298548603630677140e-04 1.241019681184850603e-03 1.644516684858555880e-03 2.354579883895366495e-03 1.016609611132919012e-02
4.390278059827815561e-05 4.373035382661793065e-05 3.788557404793290752e-05 1.000000000000000021e-08 1.000000000000000021e-08 1.000000000000000021e-08 1.000000000000000021e-08 1.000000000000000021e-08 1.000000000000000021e-08 1.000000000000000021e-08 1.864056854433783074e-05 1.000000000000000021e-08 2.635611148984885028e-05 1.000000000000000021e-08 5.121609398320216034e-05 8.764266723745620341e-05 1.361361514603197083e-04 1.000000000000000021e-08 1.000000000000000021e-08 1.000000000000000021e-08 1.564972522259005551e-05 3.034027631926190262e-05 8.115283600263285466e-05 7.105406269688917178e-05 6.678171686686323037e-05 4.563660502429324689e-05 1.000000000000000021e-08 1.506214273165789416e-05 3.478296848660128660e-05 3.447024418314631201e-05 3.079641101431528256e-05 1.847824217367540335e-04 1.830927768321532253e-04 1.454913690689063296e-04 1.230366537308624449e-04 1.271562470141012445e-04 1.300654288993603183e-03
1.918622994858574531e-05 4.034376089505574664e-05 1.000000000000000021e-08 1.000000000000000021e-08 1.000000000000000021e-08 1.000000000000000021e-08 1.000000000000000021e-08 1.000000000000000021e-08 2.947385659416824772e-05 1.000000000000000021e-08 1.414473182018363429e-05 1.761405568457176526e-05 3.964070863887000278e-05 4.766605566859022163e-05 6.014514603456974596e-05 9.649653219467209928e-05 1.000000000000000021e-08 1.000000000000000021e-08 1.000000000000000021e-08 1.000000000000000021e-08 1.075035998622687685e-05 1.626511225581173329e-05 5.688627877262955720e-05 8.198048046070950483e-05 8.433559023603195005e-05 7.901206894697303089e-05 1.000000000000000021e-08 1.000000000000000021e-08 1.041836656002080386e-05 7.216415090777703338e-05 7.857540953941682309e-05 4.943155424244611955e-04 3.244503874465372545e-04 1.968904693147746990e-05 1.528422355960475923e-05 1.882968434397867707e-05 1.279815950971315052e-03
1.000000000000000021e-08 1.000000000000000021e-08 1.000000000000000021e-08 1.000000000000000021e-08 1.000000000000000021e-08 1.000000000000000021e-08 1.000000000000000021e-08 1.000000000000000021e-08 1.000000000000000021e-08 1.000000000000000021e-08 1.000000000000000021e-08 1.000000000000000021e-08 4.326454205521563883e-05 1.000000000000000021e-08 1.000000000000000021e-08 6.928525451902855896e-05 6.818380145867159901e-05 8.123138134789181786e-05 6.921633235827937588e-05 3.838755959633125876e-05 1.000000000000000021e-08 1.000000000000000021e-08 3.961144327769595963e-05 7.211400394024126178e-05 1.000000000000000021e-08 6.037773717081423370e-05 1.000000000000000021e-08 1.186792826453352779e-05 1.730329160212889451e-05 1.572207929834610430e-05 2.332176048510162508e-05 7.241575699297816580e-05 6.444977292821826094e-05 2.534613812930619820e-05 2.135075207127934139e-05 1.715247316110179901e-05 3.705992380486702062e-05
1.000000000000000021e-08 1.000000000000000021e-08 1.000000000000000021e-08 1.000000000000000021e-08 1.000000000000000021e-08 1.000000000000000021e-08 1.000000000000000021e-08 1.000000000000000021e-08 1.000000000000000021e-08 1.860541912981247318e-05 1.970524624406208610e-05 1.000000000000000021e-08 1.000000000000000021e-08 1.000000000000000021e-08 1.000000000000000021e-08 1.000000000000000021e-08 5.799571077291656665e-05 8.876756836205006358e-05 1.505482924960877033e-04 1.406218352889080357e-04 1.000000000000000021e-08 1.000000000000000021e-08 1.000000000000000021e-08 5.756017782601578504e-05 6.054082342241692767e-05 7.509041658420390140e-05 7.769741290889264971e-05 7.585840766636343978e-05 1.307262195642678443e-04 1.044489537209865711e-04 9.783808051369905466e-05 1.401718559345110904e-04 6.071766578207211419e-05 1.135414416753905862e-04 1.000000000000000021e-08 1.000000000000000021e-08 2.267047791948191779e-05
1.000000000000000021e-08 1.000000000000000021e-08 1.000000000000000021e-08 1.000000000000000021e-08 1.000000000000000021e-08 1.000000000000000021e-08 1.000000000000000021e-08 1.000000000000000021e-08 1.000000000000000021e-08 1.000000000000000021e-08 1.467239302376548073e-05 1.000000000000000021e-08 1.000000000000000021e-08 2.263410533765373753e-05 3.480722134898296666e-05 1.000000000000000021e-08 5.083014590066620224e-05 7.147220698256049525e-05 5.542464526312032352e-05 9.407110683501789775e-05 6.388616546148331865e-05 1.000000000000000021e-08 1.000000000000000021e-08 6.708077215713741201e-05 1.000000000000000021e-08 5.535875663047246960e-05 6.457411825927442518e-05 9.644641159438004324e-05 9.400269017387556886e-05 1.351824378707838965e-04 1.500455128496168498e-04 1.266565415576727314e-04 1.324828983154263209e-05 8.722155104969669340e-04 1.233809228909252004e-03 7.157038225148008859e-04 8.008224791862642066e-04
1.000000000000000021e-08 1.000000000000000021e-08 1.000000000000000021e-08 1.000000000000000021e-08 1.000000000000000021e-08 1.000000000000000021e-08 1.000000000000000021e-08 1.000000000000000021e-08 1.000000000000000021e-08 1.290248294023900229e-05 1.947273401307533295e-05 2.058632577113482916e-05 2.809192187566487192e-05 2.578268712530018536e-05 3.513269737978056610e-05 2.918206743013531383e-05 1.000000000000000021e-08 1.000000000000000021e-08 1.000000000000000021e-08 1.000000000000000021e-08 2.982786937745418297e-05 2.165160333260215673e-05 2.043826415317682356e-05 7.701884011597993007e-05 1.319295309523534033e-04 1.553085610604364164e-04 1.764444106365166995e-04 2.016746376851412035e-04 2.006716523599401598e-04 1.982462558238567128e-04 1.532441101563051440e-05 1.835754569967932621e-05 2.293215992488823295e-05 2.272248721597291672e-04 1.096355340009403935e-04 4.522990187500599093e-04 5.161259991219808779e-04
1.000000000000000021e-08 1.000000000000000021e-08 1.000000000000000021e-08 1.000000000000000021e-08 1.000000000000000021e-08 1.000000000000000021e-08 1.000000000000000021e-08 1.000000000000000021e-08 1.836585714637115795e-05 2.406452285598187059e-05 3.217927528641468773e-05 3.053007973375072381e-05 2.800954171773295000e-05 2.684549251830485822e-05 2.861310388634414993e-05 1.000000000000000021e-08 1.000000000000000021e-08 1.000000000000000021e-08 1.000000000000000021e-08 1.000000000000000021e-08 1.000000000000000021e-08 1.000000000000000021e-08 1.000000000000000021e-08 1.000000000000000021e-08 1.000000000000000021e-08 1.112177090622489683e-04 2.392030045749718914e-04 2.292990154333932799e-04 2.524167813082174409e-04 4.083119052582650653e-04 3.887673049343543376e-04 3.010247006183073984e-04 2.546876816308906431e-04 1.848105176019096440e-04 1.792708278105955807e-04 2.962745224973214130e-04 2.416893458287859738e-04
1.000000000000000021e-08 1.000000000000000021e-08 1.000000000000000021e-08 1.000000000000000021e-08 1.000000000000000021e-08 1.000000000000000021e-08 1.000000000000000021e-08 1.000000000000000021e-08 1.000000000000000021e-08 1.000000000000000021e-08 1.000000000000000021e-08 1.000000000000000021e-08 1.000000000000000021e-08 1.545410440999070857e-05 1.805580985398037462e-05 1.000000000000000021e-08 1.000000000000000021e-08 1.000000000000000021e-08 1.000000000000000021e-08 1.000000000000000021e-08 1.000000000000000021e-08 1.000000000000000021e-08 1.000000000000000021e-08 1.000000000000000021e-08 1.000000000000000021e-08 7.020563119611175846e-05 7.361524136206824994e-05 2.148749402762778081e-04 3.904527141935921868e-04 3.324940559860591234e-04 5.257619707894758488e-04 4.607409165285375908e-04 4.216142244369479005e-05 1.849562463957342829e-05 4.267210036785306748e-05 2.441311181511528943e-04 2.195004279258843663e-04
