output/water_depth_4200.asc
ncols 223
nrows 158
xllcorner 0.0
yllcorner 0.0
cellsize 30.0
[rows 51 to 67 of 158, columns 74 to 110 of 223]
1.000000000000000021e-08 1.000000000000000021e-08 1.000000000000000021e-08 2.678338887918286094e-05 3.598495716972045674e-05 4.542826322445338251e-05 5.331781321470794628e-05 6.368482098683094970e-05 7.648424754355517472e-05 6.242687481094506699e-05 9.436588498889566525e-05 6.514339115583829304e-05 6.360032962481893665e-05 4.481623942969324080e-05 5.001121386424116908e-05 6.357390174617680268e-05 4.762766504461525378e-05 3.737527421870063740e-05 3.240699073465979247e-05 1.389976981200167084e-04 1.300810424772851613e-04 1.000000000000000021e-08 1.000000000000000021e-08 4.967874546326427293e-05 7.545003516444399286e-05 1.000000000000000021e-08 1.750173777633978758e-05 4.888488404683886848e-05 5.046365757731849193e-05 5.049139661119776993e-05 7.599944100926545791e-05 1.000000000000000021e-08 1.181028682205548735e-04 3.444635576181540558e-04 6.130948237859130013e-05 1.057049498250019547e-05 1.992462609083441065e-05
2.378786234852711445e-05 3.086254753419582933e-05 2.580733728121826625e-05 3.450610090288232706e-05 2.932765208438491109e-05 3.923857982986372146e-05 2.474171253159651715e-04 2.127242530471360523e-04 2.121280888893424055e-04 2.221743616737055830e-04 1.039011903702105658e-05 1.000000000000000021e-08 3.169534524277410766e-05 3.068188689867854858e-05 4.316034581822198607e-05 1.161280971153918562e-04 7.695946116354781229e-05 1.000000000000000021e-08 1.000000000000000021e-08 9.664358233667646873e-05 1.209431355610957119e-04 1.221766034664336070e-04 1.271540961353353517e-04 9.400688044093774727e-05 7.773358163952141374e-05 4.601688431292426677e-05 3.101885032667342680e-05 2.910987805303838125e-05 5.278192459470135378e-05 1.009410483779371760e-04 1.014065679910131345e-04 1.079735920135771763e-04 1.054933762593570869e-04 9.073130534929871175e-05 1.053966570658562415e-05 1.119789990102540626e-05 1.107299550193153486e-05
1.656555662953261825e-04 1.585800419047234415e-04 1.578555200146435544e-04 1.000000000000000021e-08 1.000000000000000021e-08 1.000000000000000021e-08 2.261650728195085277e-05 2.422039022403013489e-04 2.211195024435249994e-04 2.189373621146425465e-04 2.141907798351548467e-04 1.000000000000000021e-08 1.000000000000000021e-08 1.464053775196920907e-05 1.357862357840487633e-05 1.000000000000000021e-08 1.015234923503277001e-04 1.000000000000000021e-08 1.000000000000000021e-08 8.424671717238310469e-05 1.341833989231405733e-04 1.390632244894794212e-04 1.000000000000000021e-08 1.000000000000000021e-08 1.000000000000000021e-08 1.000000000000000021e-08 1.000000000000000021e-08 1.000000000000000021e-08 4.570059382338082784e-05 5.284238033876482288e-05 5.652334464788748682e-05 8.808921368378123029e-05 8.691861635565954140e-05 1.060200252149067054e-04 1.000000000000000021e-08 4.183806368083609149e-05 3.741607805616831557e-05
5.686961810663108480e-05 1.041900357736022916e-04 1.000000000000000021e-08 1.000000000000000021e-08 1.000000000000000021e-08 1.000000000000000021e-08 4.129810876984601835e-05 1.114099804674674387e-05 1.747144143333607470e-05 1.345032191518190433e-05 2.292225301346812252e-04 1.568257987414312828e-05 1.857242973594488446e-04 1.477276944422322447e-05 1.264389118497552062e-05 1.545589914663370154e-04 1.878218487898399437e-04 1.400044292180170548e-04 1.000000000000000021e-08 4.762545939855580298e-05 1.201970116669930837e-04 1.000000000000000021e-08 1.000000000000000021e-08 1.000000000000000021e-08 1.000000000000000021e-08 1.000000000000000021e-08 1.000000000000000021e-08 1.000000000000000021e-08 5.971687699331813777e-05 5.936791467446115444e-05 6.859946661363133108e-05 1.000000000000000021e-08 1.000000000000000021e-08 7.544286461169731508e-05 2.127789923036961094e-04 2.589961384530975095e-04 1.167115918636549434e-04
5.608581028761496184e-05 1.000000000000000021e-08 1.000000000000000021e-08 1.000000000000000021e-08 1.000000000000000021e-08 1.000000000000000021e-08 4.505994082859431538e-05 1.481472163763173657e-04 1.020328233841019295e-05 1.786203813303124406e-05 2.375427111973199860e-04 1.691724407515557147e-05 1.930467305724528973e-05 1.000000000000000021e-08 7.231275320601071306e-05 1.000000000000000021e-08 1.000000000000000021e-08 1.000000000000000021e-08 1.000000000000000021e-08 1.000000000000000021e-08 7.611137827959016421e-05 2.492972742805307372e-05 1.000000000000000021e-08 1.000000000000000021e-08 1.000000000000000021e-08 1.000000000000000021e-08 3.194529878596122303e-05 1.206796670998664913e-04 6.245238268925035630e-05 6.818757222570173498e-05 7.625582183524403084e-05 5.916878552263387780e-05 5.423073238509332092e-05 7.328141901934289663e-05 6.437420208893726331e-05 2.072592264240848332e-04 2.813934684465225740e-04
1.000000000000000021e-08 1.000000000000000021e-08 1.000000000000000021e-08 1.000000000000000021e-08 1.032472825925998970e-05 1.000000000000000021e-08 3.232467031733695360e-05 1.000000000000000021e-08 1.000000000000000021e-08 1.000000000000000021e-08 2.008606843905342328e-04 2.261665071583848370e-05 1.316294319841577036e-05 1.000000000000000021e-08 3.736259362300507352e-05 1.000000000000000021e-08 1.000000000000000021e-08 1.000000000000000021e-08 1.204738842730844165e-05 2.163341752848104896e-05 6.420241010331779357e-05 8.233915740889861793e-05 7.976918520929598066e-05 1.000000000000000021e-08 1.000000000000000021e-08 1.883641741573197109e-05 1.417637904714535025e-04 1.876552858921902434e-04 1.414846068827552746e-04 1.407459838116964241e-04 1.000000000000000021e-08 1.000000000000000021e-08 1.000000000000000021e-08 4.957356625481715957e-05 1.000000000000000021e-08 1.000000000000000021e-08 2.904002834409994153e-04
1.078909469262839382e-05 1.415285994196697949e-05 1.000000000000000021e-08 1.178553785262553018e-05 1.000000000000000021e-08 1.000000000000000021e-08 2.528189003953669798e-05 1.000000000000000021e-08 1.000000000000000021e-08 1.000000000000000021e-08 1.512519727741482673e-04 3.279377462986585607e-05 1.000000000000000021e-08 1.000000000000000021e-08 1.000000000000000021e-08 1.086941688382293266e-04 1.000000000000000021e-08 1.000000000000000021e-08 1.159990356089965137e-05 1.612196290623108571e-05 2.996080965186068024e-05 1.405319672908190846e-04 1.000000000000000021e-08 4.285650949583434080e-05 4.859070449450322827e-05 1.000000000000000021e-08 1.000000000000000021e-08 1.049920566283890579e-04 1.771062505371398435e-04 1.674943152210131298e-04 1.000000000000000021e-08 1.003847146173893484e-05 1.000000000000000021e-08 3.531951810784614114e-05 4.326358575527137703e-05 1.108915941234499877e-04 2.807921289261114091e-04
1.014439268065837196e-05 1.364657459704732881e-05 1.320887205276077420e-05 1.000000000000000021e-08 1.000000000000000021e-08 1.000000000000000021e-08 1.000000000000000021e-08 1.249374367082714095e-05 1.000000000000000021e-08 1.000000000000000021e-08 1.313067719933699797e-04 2.548570955668954510e-05 1.000000000000000021e-08 1.000000000000000021e-08 1.000000000000000021e-08 5.696263728184757414e-05 1.000000000000000021e-08 1.000000000000000021e-08 2.013162947800186271e-05 2.718589030391870053e-05 3.714778002583764461e-05 1.952508516499954828e-04 1.000000000000000021e-08 1.815129574579658770e-04 1.852152269040480083e-04 1.000000000000000021e-08 1.000000000000000021e-08 1.906250924110084095e-04 2.443105493463648085e-04 2.092476762586662235e-04 2.050958721984137538e-04 1.000000000000000021e-08 9.262190098266352364e-05 1.000000000000000021e-08 6.204366537595199698e-05 1.207154325135565711e-04 1.742872528531374759e-05
2.576392209117382611e-05 2.207883247812021232e-05 2.925057779044485922e-05 2.606327408234909593e-05 3.412046483274262852e-05 1.069723487568898446e-05 1.973212725255234394e-05 1.708441105941197719e-05 2.251439527838020258e-05 1.891317928876076640e-04 1.168795802917538987e-05 1.540175592744796054e-05 1.000000000000000021e-08 1.000000000000000021e-08 1.000000000000000021e-08 1.000000000000000021e-08 2.078646148493471567e-05 3.077282330441052997e-05 1.000000000000000021e-08 1.000000000000000021e-08 4.771604210705757511e-05 1.321895513034486436e-04 1.000000000000000021e-08 1.000000000000000021e-08 1.502500456248852647e-04 1.000000000000000021e-08 1.000000000000000021e-08 1.028888412489510287e-04 2.334284198971373124e-04 2.265073584930469663e-04 3.254105738403979998e-05 1.000000000000000021e-08 1.000000000000000021e-08 4.607414276241773865e-05 9.852043253099672187e-05 1.000000000000000021e-08 8.718749222280422722e-05
3.711462418660369374e-05 4.413116019927746297e-05 3.972889510720097571e-05 1.027360124745728886e-04 1.158599144697557143e-04 1.934368029455600397e-04 1.823519496146985917e-04 2.568786616638405688e-04 2.052303870146237295e-04 2.949053851773896407e-04 2.705542708027848173e-04 3.781639612852823770e-04 1.189312764965608259e-04 2.010378766169732044e-04 1.673186041438350969e-04 1.101493474360692862e-04 9.767756891735203742e-05 1.185453634602499044e-04 1.000000000000000021e-08 1.000000000000000021e-08 3.133278062603775301e-05 1.000000000000000021e-08 1.000000000000000021e-08 1.000000000000000021e-08 7.283402928758116385e-05 1.000000000000000021e-08 1.000000000000000021e-08 2.539610534454022210e-05 1.300572233154465571e-04 1.998140764564188140e-04 4.350749991871883673e-05 1.000000000000000021e-08 1.000000000000000021e-08 1.000000000000000021e-08 1.366522003269098106e-04 4.590098512018862749e-05 2.993103281348700301e-05
3.779440376114828423e-04 4.814716174523331034e-04 5.859136001004465206e-04 5.052263375113243398e-04 3.296118528548656673e-04 2.935954521749458801e-04 2.577138134855234811e-04 2.375600591538817939e-04 4.442743181878119636e-04 5.746781461478879700e-04 6.806568984406701373e-04 7.999926136167590960e-04 3.966376344904014393e-04 3.591068771068883000e-04 4.504321860150723908e-04 1.771097625349861643e-04 2.170281518743418479e-04 7.377863072446011125e-05 6.337915983815057262e-05 3.498024262010762989e-04 2.449716724705655840e-04 1.651959938178559244e-04 1.000000000000000021e-08 1.000000000000000021e-08 1.000000000000000021e-08 1.000000000000000021e-08 4.017724055615038965e-05 1.000000000000000021e-08 1.000000000000000021e-08 1.000000000000000021e-08 4.388067437671623605e-04 2.819399420891685972e-05 1.000000000000000021e-08 1.000000000000000021e-08 9.194112287166010479e-05 1.000000000000000021e-08 1.000000000000000021e-08
4.245458563064236860e-04 3.361608256755013930e-04 2.631298271947921227e-04 1.274810601658725364e-05 2.291278911548124160e-05 1.000000000000000021e-08 1.000000000000000021e-08 6.312457957105327335e-05 7.625280279912062509e-05 7.550742599173038269e-05 1.065089602847620856e-04 1.000000000000000021e-08 1.000000000000000021e-08 1.000000000000000021e-08 1.410059928822801121e-05 1.631228461357049327e-04 1.211525788097392412e-04 1.683133465931282611e-04 1.911891641155970094e-04 2.916392847345911608e-04 8.808269959705591987e-04 9.731192311984420014e-05 3.065874521806709557e-05 2.628289483156706987e-05 1.125484793543639626e-04 1.000000000000000021e-08 7.624366035946971082e-05 3.355961860451473497e-05 1.000000000000000021e-08 1.000000000000000021e-08 2.041091167873685335e-05 1.570771598853329062e-05 1.575115419014301994e-05 1.000000000000000021e-08 1.259919683918572840e-04 1.000000000000000021e-08 1.000000000000000021e-08
3.128055068744476936e-03 2.283184151209963122e-03 7.795695585867672573e-04 1.143307063785462463e-03 8.170191197669293302e-04 1.879321133040646411e-03 1.331454908705471691e-03 8.924865915639803703e-04 7.105107476417446555e-04 5.625361208035027085e-04 1.033359829100444926e-04 8.210478994341186974e-05 5.257521263819474864e-05 1.615639412874366178e-05 2.505608273463004508e-05 5.939309039509476241e-05 1.560212908305094715e-04 1.038666844579390548e-04 1.977406858406511854e-04 1.854733056887935779e-04 4.142442300167937792e-04 3.845751879691094175e-04 5.010208580345851389e-04 3.875578632892492394e-04 3.397782943157215456e-05 4.440224259572192564e-05 1.000000000000000021e-08 4.780823875308061319e-05 3.046741668004279320e-05 2.035163362721286129e-05 1.000000000000000021e-08 1.000000000000000021e-08 1.000000000000000021e-08 1.000000000000000021e-08 1.000000000000000021e-08 1.000000000000000021e-08 3.802151939790517928e-05
6.878840082926869146e-03 1.020366856184792489e-02 1.042128278910989941e-02 8.689800919382822605e-03 7.079290879364256994e-03 5.017846212981152965e-03 5.103704901174404771e-03 3.352130233292073200e-03 4.805861278157290417e-03 7.813187387317715310e-03 7.202301696110468242e-03 4.355562665768015693e-03 3.449370454841961184e-03 1.048831960374617140e-03 5.031500026286056179e-04 8.702185569967397149e-04 7.379872248489021454e-04 8.352706637816419144e-03 5.298531548097405557e-03 3.463474526585023222e-03 2.319867218381006617e-03 1.615346543460290584e-03 1.191358992844244753e-03 1.698870705256810961e-03 2.855768441765008971e-04 2.627942886508317574e-04 1.000000000000000021e-08 1.000000000000000021e-08 4.845983081434071640e-05 2.582433277228170378e-05 1.000000000000000021e-08 1.898350884966778959e-05 1.000000000000000021e-08 1.000000000000000021e-08 2.641411032516351987e-05 1.000000000000000021e-08 3.838013471218470069e-05
9.804468202973004066e-04 9.572988004573428598e-04 2.436783779638349468e-04 5.654238673940003429e-03 7.090579483397130116e-03 9.599842500054221045e-03 9.758098993295327706e-03 1.281578651002456340e-02 1.083904068498813683e-02 9.685519950143857762e-03 8.031735665580779643e-03 6.342366020109233178e-03 6.991863564337393727e-03 7.261697382846677221e-03 7.380312757164352901e-03 8.035030781996585839e-03 1.072249113893084492e-02 6.916208704535953961e-03 1.013924250611720340e-02 4.779890018521259359e-03 5.419435463917538290e-03 3.609151358886569013e-03 5.731490100569051026e-03 1.692279693347019430e-03 1.362851780734736402e-03 1.075588061248807610e-03 3.317162596431692898e-04 5.217228862240077701e-04 7.043870808416525489e-05 1.368632080959575060e-05 1.000000000000000021e-08 2.437348761465520184e-05 1.529900363477793436e-05 1.000000000000000021e-08 1.000000000000000021e-08 1.000000000000000021e-08 7.324517719879026242e-05
8.153837764659445288e-04 7.564378071360423504e-04 5.560636501174567002e-04 6.075736867840541384e-04 7.399458765539433528e-04 5.475065918668850506e-04 6.485479202622434396e-04 4.905515551378650252e-04 3.633993603004211526e-03 1.084805166625661503e-03 5.050394223327168107e-03 7.133973725747789173e-03 1.095226962502025315e-02 9.630826268715463392e-03 1.025302761738223871e-02 4.944332453441706125e-03 5.140560662576408417e-03 4.031333940753592873e-03 4.370197506907334828e-03 6.565711163173696026e-03 6.514484906670345646e-03 5.274726524771592914e-03 5.938147191040990709e-03 4.592023607765172155e-03 3.452491582047005018e-03 2.662793563746392554e-03 2.106942922655877584e-03 8.130522109835737997e-04 1.252365196191266650e-03 2.161958824612026080e-04 3.072142396656476283e-05 3.069944426406723747e-05 1.000000000000000021e-08 1.160927864593698224e-05 1.000000000000000021e-08 1.000000000000000021e-08 9.234228628454243647e-05
3.544685656097187106e-04 3.743199405306593956e-04 3.546593456948399486e-04 2.866577208519668256e-04 2.230138904980148327e-04 2.796213663860218075e-04 2.805999902495409236e-04 1.495491115806457791e-03 1.128866417591593970e-03 5.202679800354598335e-04 7.109855701635483432e-04 1.244201428844230860e-03 1.604295418578614418e-03 1.922165513128003397e-03 6.028328861585286955e-03 5.777733485644274969e-03 2.159765749335049861e-03 2.524706135852378217e-03 3.179749258731913442e-03 6.343096420117723053e-03 5.498143725312208338e-03 5.143176292339158261e-03 4.467055704608694465e-03 5.517625555283043465e-03 9.394840049658357076e-03 1.347084960570436342e-02 8.988749004123362113e-03 1.173180990633260895e-02 1.263958939806751267e-02 1.106302444393814435e-02 4.762296589124245111e-03 4.864871436379448848e-03 1.839347067194924829e-03 3.887449220976121368e-04 4.093055973152289341e-05 1.000000000000000021e-08 1.000000000000000021e-08
