output/water_depth_8160.asc
ncols 223
nrows 158
xllcorner 0.0
yllcorner 0.0
cellsize 30.0
[rows 136 to 152 of 158, columns 0 to 36 of 223]
1.000000100000000021e-05 1.000000100000000021e-05 1.000000100000000021e-05 1.000000100000000021e-05 1.000000100000000021e-05 1.000000100000000021e-05 1.000000100000000021e-05 1.000000100000000021e-05 1.000000100000000021e-05 1.000000100000000021e-05 1.000000100000000021e-05 1.000000100000000021e-05 1.000000100000000021e-05 1.000000000000000021e-08 1.000000000000000021e-08 1.000000000000000021e-08 1.000000000000000021e-08 1.000000000000000021e-08 1.000000000000000021e-08 1.000000000000000021e-08 1.000000000000000021e-08 1.000000000000000021e-08 1.000000000000000021e-08 1.000000000000000021e-08 1.000000000000000021e-08 1.000000000000000021e-08 1.000000000000000021e-08 1.000000000000000021e-08 1.000000000000000021e-08 1.000000000000000021e-08 1.000000000000000021e-08 1.000000000000000021e-08 1.000000000000000021e-08 1.000000000000000021e-08 1.256356707854390070e-05 1.000000000000000021e-08 1.000000000000000021e-08
1.000000100000000021e-05 1.000000100000000021e-05 1.000000100000000021e-05 1.000000100000000021e-05 1.000000100000000021e-05 1.000000100000000021e-05 1.000000100000000021e-05 1.000000100000000021e-05 1.000000100000000021e-05 1.000000100000000021e-05 1.000000100000000021e-05 1.000000100000000021e-05 1.000000100000000021e-05 1.000000000000000021e-08 1.000000000000000021e-08 1.000000000000000021e-08 1.000000000000000021e-08 1.000000000000000021e-08 1.000000000000000021e-08 1.000000000000000021e-08 1.000000000000000021e-08 1.000000000000000021e-08 1.000000000000000021e-08 1.000000000000000021e-08 1.000000000000000021e-08 1.000000000000000021e-08 1.000000000000000021e-08 1.000000000000000021e-08 1.000000000000000021e-08 1.000000000000000021e-08 1.000000000000000021e-08 1.000000000000000021e-08 1.000000000000000021e-08 1.000000000000000021e-08 1.165917558867924003e-05 1.000000000000000021e-08 1.000000000000000021e-08
1.000000100000000021e-05 1.000000100000000021e-05 1.000000100000000021e-05 1.000000100000000021e-05 1.000000100000000021e-05 1.000000100000000021e-05 1.000000100000000021e-05 1.000000100000000021e-05 1.072130208187296188e-05 1.765411331336186137e-05 2.672927562379189472e-05 3.662729274072374508e-05 3.113403103957411981e-05 1.000000000000000021e-08 1.000000000000000021e-08 1.000000000000000021e-08 1.000000000000000021e-08 1.000000000000000021e-08 1.000000000000000021e-08 1.000000000000000021e-08 1.000000000000000021e-08 1.000000000000000021e-08 1.000000000000000021e-08 1.000000000000000021e-08 1.000000000000000021e-08 1.000000000000000021e-08 1.000000000000000021e-08 1.000000000000000021e-08 1.000000000000000021e-08 1.376672763226785905e-05 2.502103237431912362e-05 1.561694200193893065e-05 1.000000000000000021e-08 1.178998263959801374e-05 1.000000000000000021e-08 1.000000000000000021e-08 1.000000000000000021e-08
1.000000100000000021e-05 1.000000100000000021e-05 1.000000100000000021e-05 1.000000100000000021e-05 1.000000100000000021e-05 1.000000100000000021e-05 1.000000100000000021e-05 1.000000100000000021e-05 1.000000100000000021e-05 1.000000000000000021e-08 1.000000000000000021e-08 1.000000000000000021e-08 2.139769961109376029e-05 2.012915650845443032e-05 2.083573822975390413e-05 1.726190481063873922e-05 1.588485647578057890e-05 1.504868737740525176e-05 1.417476400776898796e-05 1.670348638003044445e-05 1.732936231736851697e-05 1.000000000000000021e-08 1.000000000000000021e-08 1.000000000000000021e-08 1.000000000000000021e-08 1.000000000000000021e-08 1.000000000000000021e-08 1.672785147618490657e-05 1.988555844749043670e-05 2.902555840376648473e-05 1.616268116513673868e-05 2.673641037660209462e-05 1.000000000000000021e-08 1.000000000000000021e-08 1.000000000000000021e-08 1.000000000000000021e-08 1.000000000000000021e-08
1.000000100000000021e-05 1.000000100000000021e-05 1.000000100000000021e-05 1.000000100000000021e-05 1.000000100000000021e-05 1.000000100000000021e-05 1.000000100000000021e-05 1.000000100000000021e-05 1.000000100000000021e-05 1.000000000000000021e-08 1.000000000000000021e-08 1.000000000000000021e-08 1.733976503424810399e-05 2.428204951242465638e-05 2.763264877155517793e-05 2.623260304627590873e-05 2.637385039640504784e-05 3.100404565032029212e-05 4.607674914780000500e-05 6.234772518427596937e-05 1.000000000000000021e-08 1.000000000000000021e-08 1.000000000000000021e-08 1.000000000000000021e-08 1.000000000000000021e-08 1.000000000000000021e-08 1.000000000000000021e-08 2.001459803789824388e-05 4.922274836183278003e-05 1.484302792742759091e-05 2.455609157698867483e-05 1.000000000000000021e-08 1.000000000000000021e-08 1.000000000000000021e-08 1.000000000000000021e-08 1.000000000000000021e-08 1.000000000000000021e-08
1.000000100000000021e-05 1.000000100000000021e-05 1.000000100000000021e-05 1.000000100000000021e-05 1.000000100000000021e-05 1.000000100000000021e-05 1.000000100000000021e-05 1.000000100000000021e-05 1.000000100000000021e-05 1.000000000000000021e-08 1.000000000000000021e-08 1.000000000000000021e-08 1.646563047463321701e-05 1.000000000000000021e-08 1.000000000000000021e-08 2.427223742711312698e-05 2.989308120572333187e-05 1.000000000000000021e-08 1.000000000000000021e-08 1.000000000000000021e-08 1.000000000000000021e-08 1.000000000000000021e-08 1.000000000000000021e-08 1.000000000000000021e-08 1.000000000000000021e-08 2.237103957141337268e-05 1.374684121126207954e-05 6.637465636935656994e-05 5.151728865926473271e-05 1.000000000000000021e-08 1.000000000000000021e-08 1.000000000000000021e-08 1.000000000000000021e-08 1.000000000000000021e-08 1.000000000000000021e-08 1.000000000000000021e-08 1.000000000000000021e-08
1.000000100000000021e-05 1.000000100000000021e-05 1.000000100000000021e-05 1.000000100000000021e-05 1.000000100000000021e-05 1.000000100000000021e-05 1.000000100000000021e-05 1.000000100000000021e-05 1.000000100000000021e-05 1.000000000000000021e-08 1.000000000000000021e-08 1.000000000000000021e-08 1.895420646678808209e-05 1.729346643777487740e-05 1.425297756687719398e-05 2.408118462043604371e-05 1.000000000000000021e-08 1.000000000000000021e-08 1.000000000000000021e-08 1.000000000000000021e-08 1.000000000000000021e-08 1.000000000000000021e-08 1.000000000000000021e-08 1.000000000000000021e-08 1.000000000000000021e-08 1.358107743823422492e-05 4.521263197058237866e-05 8.686234235409773089e-05 1.000000000000000021e-08 1.000000000000000021e-08 1.000000000000000021e-08 1.236703388800198167e-05 1.031602530307589583e-05 1.000000000000000021e-08 1.000000000000000021e-08 1.000000000000000021e-08 1.000000000000000021e-08
1.000000100000000021e-05 1.000000100000000021e-05 1.000000100000000021e-05 1.000000100000000021e-05 1.000000100000000021e-05 1.000000100000000021e-05 1.000000100000000021e-05 1.000000100000000021e-05 1.000000100000000021e-05 1.245038797715059246e-05 2.112715838047793848e-05 4.264721427440935962e-05 4.456356952651995234e-05 4.111614927235627995e-05 3.385392062125346839e-05 1.000000000000000021e-08 1.000000000000000021e-08 2.198666095986660392e-05 1.794880420897479602e-05 1.000000000000000021e-08 1.000000000000000021e-08 1.000000000000000021e-08 1.000000000000000021e-08 7.147303327344435499e-05 1.000000000000000021e-08 4.510302052788780531e-05 4.056632953091982192e-05 6.835977590444011797e-05 6.545592538621688950e-05 4.723251241228665820e-05 1.000000000000000021e-08 1.000000000000000021e-08 1.000000000000000021e-08 1.000000000000000021e-08 1.000000000000000021e-08 1.000000000000000021e-08 1.000000000000000021e-08
1.000000100000000021e-05 1.000000100000000021e-05 1.000000100000000021e-05 1.000000100000000021e-05 1.000000100000000021e-05 1.000000100000000021e-05 1.000000100000000021e-05 1.000000100000000021e-05 1.000000100000000021e-05 1.000000100000000021e-05 1.000000100000000021e-05 1.000000100000000021e-05 3.143731073709969069e-05 8.150129503668440548e-05 1.809051973567282398e-04 1.035644598312442349e-04 3.956462912325763980e-04 4.214162269449055545e-03 7.692083466861958764e-04 1.000000000000000021e-08 1.000000000000000021e-08 1.000000000000000021e-08 1.000000000000000021e-08 7.089455630574790015e-04 1.016483838416527277e-03 7.001801546328151327e-05 8.958675492479009920e-05 5.641660129066548900e-05 5.260480162607084124e-05 1.000000000000000021e-08 1.175302771104164628e-05 1.000000000000000021e-08 1.000000000000000021e-08 1.000000000000000021e-08 1.000000000000000021e-08 1.000000000000000021e-08 1.000000000000000021e-08
1.000000100000000021e-05 1.000000100000000021e-05 1.000000100000000021e-05 1.000000100000000021e-05 1.000000100000000021e-05 1.000000100000000021e-05 1.000000100000000021e-05 1.000000100000000021e-05 1.000000100000000021e-05 1.000000100000000021e-05 1.000000100000000021e-05 1.000000100000000021e-05 3.642405176046828246e-05 1.476501508356743383e-04 2.459422804639657158e-04 3.325468438580667812e-04 2.796026550883334025e-04 1.749161044465573367e-04 5.601183001566607117e-03 1.120610717764267041e-03 1.180676837052620221e-03 1.020133013920989252e-03 7.050420152829701102e-03 7.820378928886847223e-04 6.094286981997695590e-04 8.354643240929807060e-04 6.428887733402205982e-05 2.790828148829661810e-05 1.409078831440239360e-05 1.321956278715944488e-05 1.000000000000000021e-08 1.000000000000000021e-08 1.000000000000000021e-08 1.000000000000000021e-08 1.000000000000000021e-08 1.000000000000000021e-08 1.000000000000000021e-08
1.000000100000000021e-05 1.000000100000000021e-05 1.000000100000000021e-05 1.000000100000000021e-05 1.000000100000000021e-05 1.000000100000000021e-05 1.000000100000000021e-05 1.000000100000000021e-05 1.000000100000000021e-05 1.000000100000000021e-05 1.000000100000000021e-05 1.000000100000000021e-05 6.593109045874103228e-05 1.391557286672451916e-03 1.203151505693621568e-04 9.323019904972718117e-05 1.098484890013534336e-05 1.200488816222756141e-05 1.170708147784101789e-05 1.466016346240571572e-05 4.310905218013141469e-05 1.675642209049292824e-03 1.000000000000000021e-08 1.000000000000000021e-08 1.000000000000000021e-08 4.499984408027713563e-04 3.433600295317232776e-04 1.955182038025677792e-04 1.595742050249200563e-04 3.669442738786806823e-05 1.000000000000000021e-08 1.000000000000000021e-08 1.000000000000000021e-08 1.000000000000000021e-08 1.000000000000000021e-08 1.000000000000000021e-08 1.000000000000000021e-08
1.000000100000000021e-05 1.000000100000000021e-05 1.000000100000000021e-05 1.000000100000000021e-05 1.000000100000000021e-05 1.000000100000000021e-05 1.000000100000000021e-05 1.000000100000000021e-05 1.000000100000000021e-05 1.000000100000000021e-05 1.000000100000000021e-05 1.000000100000000021e-05 1.000000100000000021e-05 5.245108317468010492e-05 6.033634823306908258e-05 1.000000000000000021e-08 1.000000000000000021e-08 1.000000000000000021e-08 1.000000000000000021e-08 1.000000000000000021e-08 4.593670332440186709e-05 6.255064322869723699e-05 1.185197546974832672e-04 2.813698063853129166e-04 3.361314703286222782e-04 6.868260464359304861e-04 7.672980164077470395e-04 1.199893425702476578e-03 1.150433036396693136e-02 2.502889728980519968e-05 5.514300013160582353e-05 1.000000000000000021e-08 1.000000000000000021e-08 1.000000000000000021e-08 1.000000000000000021e-08 1.000000000000000021e-08 1.000000000000000021e-08
1.000000100000000021e-05 1.000000100000000021e-05 1.000000100000000021e-05 1.000000100000000021e-05 1.000000100000000021e-05 1.000000100000000021e-05 1.000000100000000021e-05 1.000000100000000021e-05 1.000000100000000021e-05 1.000000100000000021e-05 1.000000100000000021e-05 1.000000100000000021e-05 1.000000100000000021e-05 3.196204539962458767e-05 4.174266463702571475e-05 1.000000000000000021e-08 2.245528109339945639e-05 3.494396973786718317e-05 5.981328133788307584e-05 8.310871099095840043e-05 7.039807260913898319e-05 5.288995691839044145e-05 5.987878692101933895e-05 3.107029577510521802e-04 1.467220062839185986e-04 1.000000000000000021e-08 2.206414803778002320e-05 3.398851521167022937e-05 8.789904640521950877e-03 1.948823951309875411e-03 1.122966470072980089e-03 7.231955552325788168e-04 5.990700536292807940e-05 3.749116717542642636e-04 1.957547238733255894e-04 1.261899943011322270e-04 1.000000000000000021e-08
1.000000100000000021e-05 1.000000100000000021e-05 1.000000100000000021e-05 1.000000100000000021e-05 1.000000100000000021e-05 1.000000100000000021e-05 1.000000100000000021e-05 1.000000100000000021e-05 1.000000100000000021e-05 1.000000100000000021e-05 1.000000100000000021e-05 1.000000100000000021e-05 1.000000100000000021e-05 3.923640785495272065e-05 1.000000000000000021e-08 1.000000000000000021e-08 1.000000000000000021e-08 1.000000000000000021e-08 1.000000000000000021e-08 1.000000000000000021e-08 1.078611338727397738e-05 1.351485576740192151e-05 1.000000000000000021e-08 2.827475496041197242e-04 1.000000000000000021e-08 2.113880567213700354e-05 1.602218565785623898e-05 2.311874149060112889e-05 1.997021824472300396e-05 1.649152374422379388e-05 8.353345310026499132e-04 1.342718674956079974e-04 1.518814098049133703e-04 1.395567090286043083e-03 1.640599873192404631e-03 1.853048033143165447e-03 1.967037751737486968e-03
1.000000100000000021e-05 1.000000100000000021e-05 1.000000100000000021e-05 1.000000100000000021e-05 1.000000100000000021e-05 1.000000100000000021e-05 1.000000100000000021e-05 1.000000100000000021e-05 1.000000100000000021e-05 1.000000100000000021e-05 1.000000100000000021e-05 1.000000100000000021e-05 1.000000100000000021e-05 1.289328812636832994e-05 1.725073532502915401e-05 1.000000000000000021e-08 1.000000000000000021e-08 1.000000000000000021e-08 1.000000000000000021e-08 1.000000000000000021e-08 1.000000000000000021e-08 1.786699543597722599e-05 2.552606927909718479e-03 4.018690276947158350e-04 6.705785381156419329e-05 3.129254379234171370e-05 3.342640540387905424e-05 2.268493744815555565e-05 1.000000000000000021e-08 1.000000000000000021e-08 1.713117447888361819e-04 1.248012828049761195e-04 1.000121372119203590e-03 7.398333940275721426e-04 6.291232857837228453e-04 3.987222402276576535e-04 1.415913325905550452e-05
1.000000100000000021e-05 1.000000100000000021e-05 1.000000100000000021e-05 1.000000100000000021e-05 1.000000100000000021e-05 1.000000100000000021e-05 1.000000100000000021e-05 1.000000100000000021e-05 1.000000100000000021e-05 1.000000100000000021e-05 1.000000100000000021e-05 1.000000100000000021e-05 1.000000100000000021e-05 1.000000000000000021e-08 1.000000000000000021e-08 1.000000000000000021e-08 1.000000000000000021e-08 1.000000000000000021e-08 1.000000000000000021e-08 1.000000000000000021e-08 1.000000000000000021e-08 1.000000000000000021e-08 1.116184321086058693e-04 1.515200743344949594e-05 1.000000000000000021e-08 2.456109825907371974e-05 4.502830744406044765e-05 1.503978408397957703e-04 2.521116747087181077e-04 1.835111194449017761e-04 1.486101584414520446e-04 1.117368382087713152e-04 2.844999551470250181e-04 3.579664036005169745e-04 3.713334146088812752e-05 7.170317368959092282e-05 1.000000000000000021e-08
1.000000100000000021e-05 1.000000100000000021e-05 1.000000100000000021e-05 1.000000100000000021e-05 1.000000100000000021e-05 1.000000100000000021e-05 1.000000100000000021e-05 1.000000100000000021e-05 1.000000100000000021e-05 1.000000100000000021e-05 1.000000100000000021e-05 1.000000100000000021e-05 1.000000100000000021e-05 1.000000000000000021e-08 1.000000000000000021e-08 1.000000000000000021e-08 1.000000000000000021e-08 1.384364230276466348e-05 2.059899645178457484e-05 3.309517883608680249e-05 4.592721935391569669e-05 8.118518443539191564e-05 5.717279000824855779e-05 6.982687664781856525e-05 8.704520012640605184e-05 1.023054037867180414e-04 1.186019686563557406e-04 1.204644580580674053e-04 6.955614067420452676e-05 1.000000000000000021e-08 1.000000000000000021e-08 1.000000000000000021e-08 1.000000000000000021e-08 1.000000000000000021e-08 1.738168677007761027e-05 5.500898330542136627e-05 1.000000000000000021e-08
