output/water_depth_10560.asc
ncols 223
nrows 158
xllcorner 0.0
yllcorner 0.0
cellsize 30.0
[rows 68 to 84 of 158, columns 185 to 221 of 223]
1.000000000000000021e-08 1.042912601288736330e-05 1.089746623418318397e-05 1.000000000000000021e-08 1.000000000000000021e-08 1.000000000000000021e-08 1.000000000000000021e-08 1.000000000000000021e-08 1.000000000000000021e-08 1.000000000000000021e-08 1.000000000000000021e-08 1.000000000000000021e-08 4.624724419954157582e-05 1.099964693695761059e-04 9.451920913410946537e-05 2.187572578332081592e-05 4.569056337133019577e-05 1.028928153344432203e-04 1.437110066454912226e-03 2.008865520109653945e-04 2.246042496172649477e-04 1.000000100000000021e-05 1.000000100000000021e-05 1.000000100000000021e-05 1.000000100000000021e-05 1.000000100000000021e-05 1.000000100000000021e-05 1.000000100000000021e-05 1.000000100000000021e-05 1.000000100000000021e-05 1.000000100000000021e-05 1.000000100000000021e-05 1.000000100000000021e-05 1.000000100000000021e-05 1.000000100000000021e-05 1.000000100000000021e-05 1.000000100000000021e-05
1.000000000000000021e-08 1.000000000000000021e-08 1.000000000000000021e-08 1.000000000000000021e-08 1.000000000000000021e-08 1.000000000000000021e-08 1.000000000000000021e-08 1.000000000000000021e-08 1.000000000000000021e-08 1.000000000000000021e-08 1.000000000000000021e-08 1.000000000000000021e-08 3.742070268430747366e-05 2.811285014523561780e-03 1.618848969147427500e-04 5.396638571091782007e-05 1.000000000000000021e-08 1.000000000000000021e-08 1.031616745493595631e-04 1.543415851523434142e-04 2.857530929772582437e-04 1.000000100000000021e-05 1.000000100000000021e-05 1.000000100000000021e-05 1.000000100000000021e-05 1.000000100000000021e-05 1.000000100000000021e-05 1.000000100000000021e-05 1.000000100000000021e-05 1.000000100000000021e-05 1.000000100000000021e-05 1.000000100000000021e-05 1.000000100000000021e-05 1.000000100000000021e-05 1.000000100000000021e-05 1.000000100000000021e-05 1.000000100000000021e-05
1.000000000000000021e-08 1.000000000000000021e-08 1.000000000000000021e-08 1.000000000000000021e-08 1.000000000000000021e-08 1.000000000000000021e-08 1.000000000000000021e-08 1.000000000000000021e-08 1.000000000000000021e-08 1.000000000000000021e-08 1.000000000000000021e-08 3.111143693463678107e-05 2.883126757279770184e-05 2.206755955684098057e-05 1.428806206135504060e-05 1.000000000000000021e-08 1.000000000000000021e-08 1.000000000000000021e-08 6.477751572952781590e-05 1.437302477288759949e-04 3.883268621482537032e-04 1.000000100000000021e-05 1.000000100000000021e-05 1.000000100000000021e-05 1.000000100000000021e-05 1.000000100000000021e-05 1.000000100000000021e-05 1.000000100000000021e-05 1.000000100000000021e-05 1.000000100000000021e-05 1.000000100000000021e-05 1.000000100000000021e-05 1.000000100000000021e-05 1.000000100000000021e-05 1.000000100000000021e-05 1.000000100000000021e-05 1.000000100000000021e-05
1.000000000000000021e-08 1.000000000000000021e-08 1.000000000000000021e-08 1.000000000000000021e-08 1.000000000000000021e-08 1.000000000000000021e-08 1.000000000000000021e-08 1.000000000000000021e-08 1.000000000000000021e-08 1.000000000000000021e-08 1.000000000000000021e-08 5.442629608600499467e-05 2.232248854120697757e-05 1.000000000000000021e-08 1.000000000000000021e-08 2.074712214002398227e-05 1.000000000000000021e-08 1.000000000000000021e-08 4.872204841978108886e-05 1.751594156047411410e-04 2.486872797358982766e-04 2.256058041931811560e-04 1.000000100000000021e-05 1.000000100000000021e-05 1.000000100000000021e-05 1.000000100000000021e-05 1.000000100000000021e-05 1.000000100000000021e-05 1.000000100000000021e-05 1.000000100000000021e-05 1.000000100000000021e-05 1.000000100000000021e-05 1.000000100000000021e-05 1.000000100000000021e-05 1.000000100000000021e-05 1.000000100000000021e-05 1.000000100000000021e-05
1.000000000000000021e-08 1.000000000000000021e-08 1.000000000000000021e-08 1.000000000000000021e-08 1.000000000000000021e-08 1.000000000000000021e-08 1.000000000000000021e-08 1.000000000000000021e-08 1.000000000000000021e-08 1.000000000000000021e-08 1.080178172838623206e-05 5.946386450144628289e-05 1.000000000000000021e-08 1.000000000000000021e-08 1.000000000000000021e-08 2.213130956549607252e-05 1.752740015496210367e-05 1.281097607494900816e-05 4.386342686259496384e-05 1.235164703896892780e-04 3.598748248083362584e-04 1.616582591981290682e-04 1.000000000000000021e-08 1.000000100000000021e-05 1.000000100000000021e-05 1.000000100000000021e-05 1.000000100000000021e-05 1.000000100000000021e-05 1.000000100000000021e-05 1.000000100000000021e-05 1.000000100000000021e-05 1.000000100000000021e-05 1.000000100000000021e-05 1.000000100000000021e-05 1.000000100000000021e-05 1.000000100000000021e-05 1.000000100000000021e-05
2.206777251978783532e-04 1.000000000000000021e-08 1.000000000000000021e-08 1.000000000000000021e-08 1.000000000000000021e-08 1.000000000000000021e-08 1.000000000000000021e-08 1.000000000000000021e-08 2.661271180861918005e-05 1.000000000000000021e-08 1.585436926862931339e-05 1.055467106855297759e-04 2.478172001257120387e-05 1.000000000000000021e-08 1.000000000000000021e-08 2.133745531272700747e-05 2.653220405030991234e-05 2.485305852360096109e-05 4.246394092398320157e-05 1.577465322774353207e-04 5.247331872414943282e-04 1.467698631726455463e-04 2.974796380314050892e-05 2.543123690952691260e-05 1.000000100000000021e-05 1.000000100000000021e-05 1.000000100000000021e-05 1.000000100000000021e-05 1.000000100000000021e-05 1.000000100000000021e-05 1.000000100000000021e-05 1.000000100000000021e-05 1.000000100000000021e-05 1.000000100000000021e-05 1.000000100000000021e-05 1.000000100000000021e-05 1.000000100000000021e-05
1.588764210910913188e-02 1.000000000000000021e-08 1.000000000000000021e-08 1.000000000000000021e-08 1.000000000000000021e-08 1.000000000000000021e-08 1.000000000000000021e-08 1.000000000000000021e-08 1.835102373182428666e-05 1.000000000000000021e-08 1.540510204061353719e-05 1.657045185442241047e-04 3.941395815123451826e-05 1.000000000000000021e-08 1.000000000000000021e-08 2.239582482126875178e-05 5.342267908006535754e-05 2.570469566792629002e-05 3.764774530506412537e-05 9.151587700050470915e-05 7.847841443716620452e-04 2.197379076011114947e-04 1.166376014708568966e-05 1.000000000000000021e-08 1.000000100000000021e-05 1.000000100000000021e-05 1.000000100000000021e-05 1.000000100000000021e-05 1.000000100000000021e-05 1.000000100000000021e-05 1.000000100000000021e-05 1.000000100000000021e-05 1.000000100000000021e-05 1.000000100000000021e-05 1.000000100000000021e-05 1.000000100000000021e-05 1.000000100000000021e-05
1.511664333740352605e-02 1.234215464090221252e-02 3.180919682640718951e-05 1.000000000000000021e-08 1.000000000000000021e-08 1.000000000000000021e-08 1.000000000000000021e-08 1.000000000000000021e-08 1.000000000000000021e-08 1.000000000000000021e-08 4.232775582032893434e-05 2.054179053068464714e-04 3.602309666807810076e-05 1.000000000000000021e-08 1.000000000000000021e-08 2.399806957787487736e-05 8.106668734640437492e-05 4.466857682245990708e-05 2.742593974060365499e-05 1.069817036159421454e-02 1.109659524763261830e-02 4.526977358049380761e-05 1.000000000000000021e-08 1.000000000000000021e-08 1.000000100000000021e-05 1.000000100000000021e-05 1.000000100000000021e-05 1.000000100000000021e-05 1.000000100000000021e-05 1.000000100000000021e-05 1.000000100000000021e-05 1.000000100000000021e-05 1.000000100000000021e-05 1.000000100000000021e-05 1.000000100000000021e-05 1.000000100000000021e-05 1.000000100000000021e-05
1.960539031347277583e-02 1.332535607245166447e-02 3.176003040783888606e-05 1.000000000000000021e-08 1.000000000000000021e-08 1.000000000000000021e-08 1.000000000000000021e-08 1.000000000000000021e-08 1.000000000000000021e-08 1.000000000000000021e-08 3.980957860879633071e-05 2.885494341033947017e-04 5.173434355269167603e-05 1.105758408069505202e-05 1.000000000000000021e-08 1.000000000000000021e-08 8.939406817831644530e-05 3.417285160751684989e-05 8.056413589697724795e-03 9.811973042169325199e-03 1.079371480876819243e-02 1.000000000000000021e-08 1.000000000000000021e-08 1.000000000000000021e-08 1.478696828970187463e-03 1.512388944804394661e-05 1.000000100000000021e-05 1.000000100000000021e-05 1.000000100000000021e-05 1.000000100000000021e-05 1.000000100000000021e-05 1.000000100000000021e-05 1.000000100000000021e-05 1.000000100000000021e-05 1.000000100000000021e-05 1.000000100000000021e-05 1.000000100000000021e-05
2.860223366637898446e-02 8.534086217515595568e-03 2.803674791498510902e-05 1.000000000000000021e-08 1.000000000000000021e-08 1.000000000000000021e-08 1.000000000000000021e-08 1.000000000000000021e-08 1.023935698872306883e-05 1.943601424841278111e-05 3.623944041195402676e-05 3.543358328994229895e-04 5.356094105283923959e-05 1.848387420652170283e-05 2.123705893249203808e-05 1.954740324364962845e-04 1.403451033796432887e-03 1.610550059173890269e-03 2.512208525920230692e-03 7.857479066441646134e-03 1.600480049503305742e-04 2.025081905052141060e-03 3.799589578499291980e-05 2.011288655894541064e-05 1.000000000000000021e-08 1.000000000000000021e-08 1.000000100000000021e-05 1.000000100000000021e-05 1.000000100000000021e-05 1.000000100000000021e-05 1.000000100000000021e-05 1.000000100000000021e-05 1.000000100000000021e-05 1.000000100000000021e-05 1.000000100000000021e-05 1.000000100000000021e-05 1.000000100000000021e-05
3.054404854473485170e-02 1.404040232244495139e-02 3.777814812349340030e-05 1.000000000000000021e-08 1.000000000000000021e-08 1.000000000000000021e-08 1.478458288521513910e-05 2.622525885456172123e-05 4.215437296346205841e-05 6.461489214127168039e-05 1.819257146279749287e-03 6.852022733807967229e-04 5.913521284303278544e-04 8.741543661176214963e-04 1.684471546345320649e-03 1.169826573479988002e-02 2.146810889899531099e-03 1.428908840133700673e-03 1.000000000000000021e-08 1.000000000000000021e-08 1.000000000000000021e-08 1.000000000000000021e-08 1.000000000000000021e-08 1.000000000000000021e-08 1.000000000000000021e-08 1.000000000000000021e-08 1.000000100000000021e-05 1.000000100000000021e-05 1.000000100000000021e-05 1.000000100000000021e-05 1.000000100000000021e-05 1.000000100000000021e-05 1.000000100000000021e-05 1.000000100000000021e-05 1.000000100000000021e-05 1.000000100000000021e-05 1.000000100000000021e-05
3.661907688933236510e-02 1.342479003399977833e-01 1.768234119255306298e-04 1.000000000000000021e-08 1.000000000000000021e-08 1.000000000000000021e-08 1.000000000000000021e-08 1.000000000000000021e-08 1.000000000000000021e-08 1.997201294489120985e-05 1.308251196712610415e-04 1.450081657904843217e-02 1.384046256657902717e-03 1.497445432346952970e-03 1.725429209670438458e-03 1.000000000000000021e-08 1.000000000000000021e-08 1.000000000000000021e-08 1.000000000000000021e-08 1.000000000000000021e-08 1.000000000000000021e-08 1.000000000000000021e-08 1.000000000000000021e-08 1.000000000000000021e-08 1.000000000000000021e-08 1.000000000000000021e-08 1.000000100000000021e-05 1.000000100000000021e-05 1.000000100000000021e-05 1.000000100000000021e-05 1.000000100000000021e-05 1.000000100000000021e-05 1.000000100000000021e-05 1.000000100000000021e-05 1.000000100000000021e-05 1.000000100000000021e-05 1.000000100000000021e-05
2.333118087567571648e-04 1.052590267719941131e-01 4.670436727007152428e-02 2.366718943094663367e-04 1.000000000000000021e-08 1.314103686269106807e-05 1.000000000000000021e-08 1.000000000000000021e-08 1.000000000000000021e-08 1.000000000000000021e-08 9.916718100096866978e-05 1.261155552256520117e-02 1.338486323723025485e-02 1.364759664536491918e-03 2.726500847275000134e-04 1.000000000000000021e-08 1.000000000000000021e-08 1.000000000000000021e-08 1.000000000000000021e-08 1.000000000000000021e-08 1.000000000000000021e-08 1.000000000000000021e-08 1.000000000000000021e-08 1.000000000000000021e-08 1.000000000000000021e-08 1.000000000000000021e-08 1.000000100000000021e-05 1.000000100000000021e-05 1.000000100000000021e-05 1.000000100000000021e-05 1.000000100000000021e-05 1.000000100000000021e-05 1.000000100000000021e-05 1.000000100000000021e-05 1.000000100000000021e-05 1.000000100000000021e-05 1.000000100000000021e-05
1.000000000000000021e-08 1.000000000000000021e-08 4.646457952001734060e-02 2.349655387321610694e-02 2.026337393664314271e-02 3.904230263984965685e-03 1.000000000000000021e-08 1.000000000000000021e-08 1.000000000000000021e-08 1.000000000000000021e-08 6.650795096554887981e-05 4.164658970026120961e-03 1.101147425839909405e-02 1.601891874564878397e-04 4.372127304043558815e-05 1.000000000000000021e-08 1.000000000000000021e-08 1.000000000000000021e-08 1.000000000000000021e-08 1.000000000000000021e-08 1.000000000000000021e-08 1.000000000000000021e-08 1.000000000000000021e-08 1.000000000000000021e-08 1.000000000000000021e-08 1.000000000000000021e-08 1.000000100000000021e-05 1.000000100000000021e-05 1.000000100000000021e-05 1.000000100000000021e-05 1.000000100000000021e-05 1.000000100000000021e-05 1.000000100000000021e-05 1.000000100000000021e-05 1.000000100000000021e-05 1.000000100000000021e-05 1.000000100000000021e-05
1.000000000000000021e-08 1.000000000000000021e-08 1.000000000000000021e-08 2.419033252128125616e-02 1.264561878079728530e-01 1.034778297149520909e-01 4.796155142273173660e-02 2.995040328008090227e-04 1.413165886932080052e-04 1.274043544335023113e-03 1.633819344463172292e-03 2.671827380832479150e-03 2.375333528918274718e-04 2.579784531304969535e-03 1.000000000000000021e-08 1.000000000000000021e-08 1.000000000000000021e-08 1.000000000000000021e-08 1.000000000000000021e-08 1.000000000000000021e-08 1.000000000000000021e-08 1.000000000000000021e-08 1.000000000000000021e-08 1.000000000000000021e-08 1.000000000000000021e-08 1.000000000000000021e-08 1.000000100000000021e-05 1.000000100000000021e-05 1.000000100000000021e-05 1.000000100000000021e-05 1.000000100000000021e-05 1.000000100000000021e-05 1.000000100000000021e-05 1.000000100000000021e-05 1.000000100000000021e-05 1.000000100000000021e-05 1.000000100000000021e-05
1.000000000000000021e-08 1.000000000000000021e-08 1.000000000000000021e-08 9.393402196441663957e-05 9.131525232795729128e-05 5.165441094673598794e-05 4.053087414574058078e-02 1.035274564167129249e-02 3.286167960549036572e-03 1.669842219985391389e-03 1.680079617790578581e-03 1.631937852682697424e-03 1.000000000000000021e-08 1.000000000000000021e-08 1.000000000000000021e-08 1.000000000000000021e-08 1.000000000000000021e-08 1.000000000000000021e-08 1.000000000000000021e-08 1.000000000000000021e-08 1.703281341704739792e-05 1.190166301307978488e-05 1.000000000000000021e-08 1.000000000000000021e-08 1.000000000000000021e-08 1.000000000000000021e-08 1.000000100000000021e-05 1.000000100000000021e-05 1.000000100000000021e-05 1.000000100000000021e-05 1.000000100000000021e-05 1.000000100000000021e-05 1.000000100000000021e-05 1.000000100000000021e-05 1.000000100000000021e-05 1.000000100000000021e-05 1.000000100000000021e-05
1.222417691353541482e-05 1.005566819530366137e-05 1.000000000000000021e-08 1.000000000000000021e-08 1.000000000000000021e-08 1.000000000000000021e-08 4.140632430431430422e-02 1.110777534300561448e-01 1.049532631212962835e-01 2.144389651852481732e-03 1.464270728618002459e-03 8.595310765188712843e-04 1.000000000000000021e-08 1.000000000000000021e-08 1.000000000000000021e-08 1.000000000000000021e-08 1.000000000000000021e-08 1.000000000000000021e-08 1.000000000000000021e-08 2.015976240075722931e-05 1.239011155927738494e-05 1.420021620526397128e-05 1.000000000000000021e-08 1.000000000000000021e-08 1.000000000000000021e-08 1.978003806359722688e-05 1.801208306568534174e-05 1.000000100000000021e-05 1.000000100000000021e-05 1.000000100000000021e-05 1.000000100000000021e-05 1.000000100000000021e-05 1.000000100000000021e-05 1.000000100000000021e-05 1.000000100000000021e-05 1.000000100000000021e-05 1.000000100000000021e-05
