output/water_depth_9960.asc
ncols 223
nrows 158
xllcorner 0.0
yllcorner 0.0
cellsize 30.0
[rows 17 to 33 of 158, columns 74 to 110 of 223]
1.000000100000000021e-05 1.000000100000000021e-05 1.000000100000000021e-05 1.000000100000000021e-05 1.000000100000000021e-05 1.000000100000000021e-05 1.000000100000000021e-05 1.000000100000000021e-05 1.000000100000000021e-05 1.000000100000000021e-05 1.000000100000000021e-05 1.000000100000000021e-05 1.000000100000000021e-05 1.000000100000000021e-05 1.000000100000000021e-05 1.000000100000000021e-05 1.000000100000000021e-05 1.000000100000000021e-05 1.000000100000000021e-05 1.000000100000000021e-05 1.000000100000000021e-05 1.000000100000000021e-05 1.000000100000000021e-05 1.000000100000000021e-05 1.000000100000000021e-05 1.000000100000000021e-05 1.000000100000000021e-05 1.000000100000000021e-05 1.000000000000000021e-08 1.000000000000000021e-08 1.000000000000000021e-08 1.000000000000000021e-08 1.000000000000000021e-08 1.000000000000000021e-08 1.000000000000000021e-08 1.000000000000000021e-08 1.000000000000000021e-08
1.000000100000000021e-05 1.000000100000000021e-05 1.000000100000000021e-05 1.000000100000000021e-05 1.000000100000000021e-05 1.000000100000000021e-05 1.000000100000000021e-05 1.000000100000000021e-05 1.000000100000000021e-05 1.000000100000000021e-05 1.000000100000000021e-05 1.000000100000000021e-05 1.000000100000000021e-05 1.000000100000000021e-05 1.000000100000000021e-05 1.000000100000000021e-05 1.000000100000000021e-05 1.000000100000000021e-05 1.000000100000000021e-05 1.000000100000000021e-05 1.000000100000000021e-05 1.000000100000000021e-05 1.000000100000000021e-05 1.000000100000000021e-05 1.000000100000000021e-05 1.000000100000000021e-05 1.000000100000000021e-05 1.000000000000000021e-08 1.000000000000000021e-08 1.000000000000000021e-08 1.000000000000000021e-08 1.000000000000000021e-08 1.000000000000000021e-08 1.000000000000000021e-08 1.000000000000000021e-08 1.000000000000000021e-08 1.000000000000000021e-08
1.000000100000000021e-05 1.000000100000000021e-05 1.000000100000000021e-05 1.000000100000000021e-05 1.000000100000000021e-05 1.000000100000000021e-05 1.000000100000000021e-05 1.000000100000000021e-05 1.000000100000000021e-05 1.000000100000000021e-05 1.000000100000000021e-05 1.000000100000000021e-05 1.000000100000000021e-05 1.000000100000000021e-05 1.000000100000000021e-05 1.000000100000000021e-05 1.000000100000000021e-05 1.000000100000000021e-05 1.000000100000000021e-05 1.000000100000000021e-05 1.000000100000000021e-05 1.000000100000000021e-05 1.000000100000000021e-05 1.000000100000000021e-05 1.000000100000000021e-05 1.000000000000000021e-08 1.000000000000000021e-08 1.000000000000000021e-08 1.000000000000000021e-08 1.000000000000000021e-08 1.000000000000000021e-08 1.134720761766124428e-05 1.490148819286541432e-05 1.522222245582279463e-05 1.487589020171116937e-05 1.443615258568914199e-05 1.769439093482623901e-05
1.000000100000000021e-05 1.000000100000000021e-05 1.000000100000000021e-05 1.000000100000000021e-05 1.000000100000000021e-05 1.000000100000000021e-05 1.000000100000000021e-05 1.000000100000000021e-05 1.000000100000000021e-05 1.000000100000000021e-05 1.000000100000000021e-05 1.000000100000000021e-05 1.000000100000000021e-05 1.000000100000000021e-05 1.000000100000000021e-05 1.000000100000000021e-05 1.000000100000000021e-05 1.000000100000000021e-05 1.000000100000000021e-05 1.000000100000000021e-05 1.000000100000000021e-05 1.000000100000000021e-05 1.000000100000000021e-05 1.007203421415923383e-05 2.006785445814820740e-05 3.208940367032094899e-05 2.593154085093535009e-05 2.673207159161330459e-05 2.201697517297972447e-05 2.488633536026346326e-05 2.996527716756459397e-05 2.909509388482458886e-05 2.344634213508598437e-05 2.348825952905873507e-05 2.799702588599905628e-05 4.961299198583222093e-05 1.000000000000000021e-08
1.000000100000000021e-05 1.000000100000000021e-05 1.000000100000000021e-05 1.000000100000000021e-05 1.000000100000000021e-05 1.000000100000000021e-05 1.000000100000000021e-05 1.000000100000000021e-05 1.000000100000000021e-05 1.000000100000000021e-05 1.000000100000000021e-05 1.000000100000000021e-05 1.000000100000000021e-05 1.000000100000000021e-05 1.000000100000000021e-05 1.000000100000000021e-05 1.000000100000000021e-05 1.000000100000000021e-05 1.000000100000000021e-05 1.000000100000000021e-05 1.000000100000000021e-05 1.000000100000000021e-05 1.000000000000000021e-08 1.000000000000000021e-08 1.000000000000000021e-08 1.000000000000000021e-08 2.109718716429486723e-05 2.821215823416536769e-05 2.929729632881656441e-05 3.047911993430568552e-05 3.807405838521154347e-05 4.381777226327982481e-05 4.022665295992133882e-05 3.671175867908944276e-05 3.880395109566128114e-05 3.914528033118264334e-05 6.925834440686514857e-05
1.000000100000000021e-05 1.000000100000000021e-05 1.000000100000000021e-05 1.000000100000000021e-05 1.000000100000000021e-05 1.000000100000000021e-05 1.000000100000000021e-05 1.000000100000000021e-05 1.000000100000000021e-05 1.000000100000000021e-05 1.000000100000000021e-05 1.000000100000000021e-05 1.000000100000000021e-05 1.000000100000000021e-05 1.000000100000000021e-05 1.000000100000000021e-05 1.000000100000000021e-05 1.000000100000000021e-05 1.000000100000000021e-05 1.000000100000000021e-05 1.000000000000000021e-08 1.000000000000000021e-08 1.000000000000000021e-08 1.000000000000000021e-08 1.000000000000000021e-08 1.000000000000000021e-08 1.380850224763889515e-05 2.664886330872938115e-05 3.024489972244637741e-05 3.451965116437080255e-05 1.000000000000000021e-08 2.512352149180502035e-05 4.900261991089019468e-05 5.144709203143346270e-05 6.650340860791368225e-05 6.886574154626830453e-05 4.894733613562080661e-05
1.000000100000000021e-05 1.000000100000000021e-05 1.000000100000000021e-05 1.000000100000000021e-05 1.000000100000000021e-05 1.000000100000000021e-05 1.000000100000000021e-05 1.000000100000000021e-05 1.000000100000000021e-05 1.000000100000000021e-05 1.000000100000000021e-05 1.000000100000000021e-05 1.000000100000000021e-05 1.000000100000000021e-05 1.000000100000000021e-05 1.000000100000000021e-05 1.000000100000000021e-05 1.000000000000000021e-08 1.340854744113462071e-05 1.245527847793593557e-05 1.249816662383568671e-05 1.490682069520626983e-05 1.603522523398304332e-05 1.039940911790775404e-05 1.000000000000000021e-08 1.000000000000000021e-08 1.109408158564423867e-05 2.695923671489601023e-05 4.525716963446950008e-05 6.671220727649606426e-05 8.691747636631344206e-05 9.542851401836280811e-05 9.918053997215118937e-05 1.178652689236305538e-04 1.182313003628258794e-04 1.127798162972834290e-04 9.759687890284606958e-05
1.000000100000000021e-05 1.000000100000000021e-05 1.000000100000000021e-05 1.000000100000000021e-05 1.000000100000000021e-05 1.000000100000000021e-05 1.000000100000000021e-05 1.000000100000000021e-05 1.000000100000000021e-05 1.000000100000000021e-05 1.000000100000000021e-05 1.000000100000000021e-05 1.000000100000000021e-05 1.000000100000000021e-05 1.000000100000000021e-05 1.000000100000000021e-05 1.000000100000000021e-05 1.000000000000000021e-08 1.000000000000000021e-08 2.923526102344549361e-05 4.638008398106104421e-05 5.717581941654806331e-05 1.000000000000000021e-08 1.000000000000000021e-08 1.000000000000000021e-08 1.000000000000000021e-08 1.269262172934973543e-05 1.000000000000000021e-08 1.000000000000000021e-08 1.000000000000000021e-08 1.000000000000000021e-08 1.000000000000000021e-08 1.000000000000000021e-08 1.000000000000000021e-08 1.000000000000000021e-08 1.000000000000000021e-08 1.000000000000000021e-08
1.000000100000000021e-05 1.000000100000000021e-05 1.000000100000000021e-05 1.000000100000000021e-05 1.000000100000000021e-05 1.066675763776310516e-05 1.010931331721495732e-05 1.000000100000000021e-05 1.000000100000000021e-05 1.000000100000000021e-05 1.000000100000000021e-05 1.000000100000000021e-05 1.000000100000000021e-05 1.000000100000000021e-05 1.000000100000000021e-05 1.000000000000000021e-08 1.000000000000000021e-08 1.298604583005132794e-05 2.226418134313678818e-05 2.430715831335922736e-05 2.331308422379916762e-05 2.896652791387703858e-05 1.000000000000000021e-08 1.000000000000000021e-08 1.000000000000000021e-08 1.000000000000000021e-08 1.000000000000000021e-08 1.000000000000000021e-08 1.000000000000000021e-08 1.000000000000000021e-08 1.000000000000000021e-08 1.000000000000000021e-08 1.000000000000000021e-08 1.000000000000000021e-08 1.000000000000000021e-08 1.000000000000000021e-08 1.000000000000000021e-08
1.000000100000000021e-05 1.000000100000000021e-05 1.000000100000000021e-05 1.000000100000000021e-05 1.000000100000000021e-05 2.107313049837434725e-05 3.019969435586509238e-05 1.509350584109837939e-05 1.239618583853286724e-05 1.334152232025356159e-05 1.000000000000000021e-08 1.000000100000000021e-05 1.000000100000000021e-05 1.000000000000000021e-08 1.000000000000000021e-08 1.000000000000000021e-08 1.000000000000000021e-08 1.000000000000000021e-08 1.000000000000000021e-08 1.000000000000000021e-08 1.000000000000000021e-08 1.000000000000000021e-08 1.000000000000000021e-08 1.000000000000000021e-08 1.940241099846960716e-05 3.119686477314656238e-05 4.585376446729365660e-05 3.614248083751859234e-05 2.149824249308721150e-05 2.143699523278624094e-05 1.000000000000000021e-08 1.000000000000000021e-08 1.000000000000000021e-08 1.000000000000000021e-08 1.000000000000000021e-08 1.539037613961200080e-05 2.434449005842452080e-05
1.000000100000000021e-05 1.000000100000000021e-05 1.000000100000000021e-05 1.000000100000000021e-05 1.000000100000000021e-05 1.736461776396704809e-04 1.193177789686310176e-03 4.019337740518457070e-05 2.172037629099914205e-05 1.000000000000000021e-08 1.000000000000000021e-08 1.000000000000000021e-08 1.000000000000000021e-08 1.000000000000000021e-08 1.000000000000000021e-08 1.000000000000000021e-08 1.000000000000000021e-08 1.083830358562472305e-05 1.000000000000000021e-08 1.000000000000000021e-08 1.000000000000000021e-08 1.000000000000000021e-08 1.000000000000000021e-08 1.000000000000000021e-08 1.000000000000000021e-08 1.000000000000000021e-08 1.000000000000000021e-08 3.312462044893860154e-05 3.491853146026455688e-05 2.790840061968404446e-05 1.000000000000000021e-08 1.000000000000000021e-08 1.000000000000000021e-08 1.187128989950960048e-05 3.364754992385357043e-05 9.806231874211825432e-05 1.000000000000000021e-08
1.000000100000000021e-05 1.000000100000000021e-05 1.000000100000000021e-05 1.000000100000000021e-05 1.000000100000000021e-05 2.687042289698937311e-03 1.654056299826695800e-04 1.000000000000000021e-08 1.000000000000000021e-08 1.000000000000000021e-08 1.000000000000000021e-08 1.000000000000000021e-08 1.000000000000000021e-08 1.000000000000000021e-08 1.000000000000000021e-08 1.000000000000000021e-08 1.582407721157479344e-05 1.745487723854814908e-05 1.000000000000000021e-08 1.000000000000000021e-08 1.000000000000000021e-08 1.000000000000000021e-08 1.000000000000000021e-08 1.000000000000000021e-08 1.000000000000000021e-08 1.000000000000000021e-08 1.000000000000000021e-08 1.000000000000000021e-08 3.403841536164418317e-05 7.157783854962327579e-05 4.702896130335576969e-05 1.000000000000000021e-08 1.000000000000000021e-08 1.000000000000000021e-08 1.000000000000000021e-08 2.213707325381161474e-05 3.303324222388291274e-05
1.000000100000000021e-05 1.000000100000000021e-05 1.000000100000000021e-05 1.000000100000000021e-05 1.000000100000000021e-05 3.724274263634251873e-04 4.522997776921685307e-05 1.000000000000000021e-08 1.000000000000000021e-08 1.000000000000000021e-08 1.000000000000000021e-08 1.000000000000000021e-08 1.000000000000000021e-08 1.000000000000000021e-08 1.000000000000000021e-08 1.000000000000000021e-08 1.000000000000000021e-08 1.000000000000000021e-08 1.000000000000000021e-08 1.000000000000000021e-08 1.000000000000000021e-08 1.000000000000000021e-08 1.000000000000000021e-08 1.000000000000000021e-08 1.000000000000000021e-08 1.000000000000000021e-08 1.000000000000000021e-08 1.000000000000000021e-08 1.000000000000000021e-08 1.000000000000000021e-08 1.000000000000000021e-08 1.000000000000000021e-08 1.000000000000000021e-08 1.000000000000000021e-08 1.000000000000000021e-08 1.000000000000000021e-08 1.312774667811986684e-05
1.000000100000000021e-05 1.000000100000000021e-05 1.000000100000000021e-05 1.000000000000000021e-08 2.592323809600651915e-05 3.191506903814436149e-04 1.000000000000000021e-08 1.000000000000000021e-08 1.000000000000000021e-08 1.000000000000000021e-08 1.000000000000000021e-08 1.000000000000000021e-08 1.000000000000000021e-08 1.000000000000000021e-08 1.000000000000000021e-08 1.000000000000000021e-08 1.000000000000000021e-08 1.000000000000000021e-08 1.000000000000000021e-08 1.000000000000000021e-08 1.000000000000000021e-08 1.000000000000000021e-08 1.000000000000000021e-08 1.000000000000000021e-08 1.000000000000000021e-08 1.000000000000000021e-08 1.000000000000000021e-08 1.000000000000000021e-08 1.000000000000000021e-08 1.000000000000000021e-08 1.000000000000000021e-08 1.000000000000000021e-08 1.000000000000000021e-08 1.000000000000000021e-08 1.000000000000000021e-08 1.000000000000000021e-08 1.000000000000000021e-08
1.000000100000000021e-05 1.000000100000000021e-05 1.000000000000000021e-08 1.000000000000000021e-08 4.892107435380031266e-05 3.351005807836329514e-04 1.000000000000000021e-08 1.000000000000000021e-08 1.000000000000000021e-08 1.000000000000000021e-08 1.000000000000000021e-08 1.000000000000000021e-08 1.000000000000000021e-08 1.000000000000000021e-08 1.000000000000000021e-08 1.000000000000000021e-08 1.000000000000000021e-08 1.000000000000000021e-08 1.000000000000000021e-08 1.000000000000000021e-08 1.000000000000000021e-08 1.000000000000000021e-08 1.000000000000000021e-08 1.000000000000000021e-08 1.000000000000000021e-08 1.000000000000000021e-08 1.000000000000000021e-08 1.000000000000000021e-08 1.000000000000000021e-08 1.000000000000000021e-08 1.000000000000000021e-08 1.000000000000000021e-08 1.000000000000000021e-08 1.000000000000000021e-08 1.000000000000000021e-08 1.000000000000000021e-08 1.000000000000000021e-08
1.000000000000000021e-08 1.000000000000000021e-08 1.000000000000000021e-08 1.000000000000000021e-08 3.858315916461077565e-04 5.065776768695993493e-04 1.000000000000000021e-08 1.000000000000000021e-08 1.000000000000000021e-08 1.000000000000000021e-08 1.000000000000000021e-08 1.000000000000000021e-08 1.000000000000000021e-08 1.000000000000000021e-08 1.000000000000000021e-08 1.000000000000000021e-08 1.000000000000000021e-08 1.000000000000000021e-08 1.000000000000000021e-08 1.000000000000000021e-08 1.000000000000000021e-08 1.000000000000000021e-08 1.000000000000000021e-08 1.000000000000000021e-08 1.000000000000000021e-08 1.000000000000000021e-08 1.000000000000000021e-08 1.000000000000000021e-08 1.000000000000000021e-08 1.000000000000000021e-08 1.000000000000000021e-08 1.000000000000000021e-08 1.000000000000000021e-08 1.000000000000000021e-08 1.000000000000000021e-08 1.000000000000000021e-08 1.303335278997812757e-05
7.513269637725964204e-04 1.058655518170997789e-03 7.320102538541427371e-04 5.609852576849934163e-04 3.254402526368015353e-04 4.671421130859116548e-04 4.074917391142552107e-04 3.482367463125925813e-05 2.413941500674717886e-05 1.372546008110509695e-05 1.000000000000000021e-08 1.000000000000000021e-08 1.000000000000000021e-08 1.000000000000000021e-08 1.000000000000000021e-08 1.000000000000000021e-08 1.000000000000000021e-08 1.000000000000000021e-08 1.000000000000000021e-08 1.000000000000000021e-08 1.000000000000000021e-08 1.000000000000000021e-08 1.000000000000000021e-08 1.000000000000000021e-08 1.000000000000000021e-08 1.000000000000000021e-08 1.000000000000000021e-08 1.000000000000000021e-08 1.000000000000000021e-08 1.000000000000000021e-08 1.000000000000000021e-08 1.000000000000000021e-08 1.000000000000000021e-08 1.000000000000000021e-08 1.000000000000000021e-08 1.000000000000000021e-08 1.000000000000000021e-08
