output/water_depth_7320.asc
ncols 223
nrows 158
xllcorner 0.0
yllcorner 0.0
cellsize 30.0
[rows 51 to 67 of 158, columns 74 to 110 of 223]
1.000000000000000021e-08 1.000000000000000021e-08 1.000000000000000021e-08 1.000000000000000021e-08 1.000000000000000021e-08 1.101286207166060544e-05 1.480802298343196687e-05 1.911856512641448469e-05 2.374833696393108959e-05 2.066417466944794976e-05 3.286712639239312915e-05 2.710267825922524866e-05 2.847300408606678152e-05 2.455580885688390805e-05 2.433077464592524826e-05 2.501952756064182814e-05 1.456455573798983859e-05 1.074947660139421283e-05 1.366614554303349257e-05 5.464174905346163950e-05 4.967576948948527473e-05 1.000000000000000021e-08 1.000000000000000021e-08 3.944871227387524224e-05 4.996195972106268326e-05 1.000000000000000021e-08 1.162047245778121626e-05 1.562087544578346862e-05 1.347119870440991761e-05 1.288398994098007911e-05 2.109937770361098103e-05 1.000000000000000021e-08 2.731742516725562596e-05 1.090389556538030625e-04 1.914344154226837444e-05 1.000000000000000021e-08 1.000000000000000021e-08
1.000000000000000021e-08 1.000000000000000021e-08 1.000000000000000021e-08 1.000000000000000021e-08 1.000000000000000021e-08 1.321202284648157461e-05 2.675084530394921252e-05 3.748901401272355092e-05 5.112825306553199262e-05 6.308382307019841481e-05 1.000000000000000021e-08 1.000000000000000021e-08 2.092873114524310084e-05 3.015471234326783085e-05 4.783611077675700376e-05 6.165339808512699702e-05 3.097521541057100027e-05 1.000000000000000021e-08 1.000000000000000021e-08 3.755650651836435169e-05 4.776475292411152499e-05 4.733108797362814288e-05 4.880464037682531351e-05 4.294570571168451398e-05 4.049828900123750980e-05 2.452647717120061215e-05 1.581974310289431114e-05 1.120452716298273874e-05 1.555408579096494268e-05 2.892841005412498154e-05 2.920444971602013376e-05 3.347128259585955347e-05 3.313319375923599414e-05 3.127190057282608956e-05 1.000000000000000021e-08 1.000000000000000021e-08 1.000000000000000021e-08
5.553324170802436213e-05 5.261260926947672507e-05 5.226191448901915110e-05 1.000000000000000021e-08 1.000000000000000021e-08 1.000000000000000021e-08 1.000000000000000021e-08 3.639920838735779309e-05 4.861401187702629159e-05 5.695543436523421672e-05 4.634705098803051113e-05 1.000000000000000021e-08 1.000000000000000021e-08 1.780076691427996127e-05 1.318417828115819378e-05 1.000000000000000021e-08 2.701156559467852018e-05 1.000000000000000021e-08 1.000000000000000021e-08 2.940036094443420218e-05 4.936511682286216736e-05 4.503521824340961643e-05 1.000000000000000021e-08 1.000000000000000021e-08 1.000000000000000021e-08 1.000000000000000021e-08 1.000000000000000021e-08 1.000000000000000021e-08 1.202174931236437131e-05 1.538436766315948672e-05 1.788195271965065870e-05 3.072394619973311831e-05 3.297770877623332864e-05 3.906692917191908191e-05 1.000000000000000021e-08 1.317600442370108598e-05 1.236468497113581853e-05
1.941748708402516298e-05 3.756252795114322924e-05 1.000000000000000021e-08 1.000000000000000021e-08 1.000000000000000021e-08 1.000000000000000021e-08 1.000000000000000021e-08 1.000000000000000021e-08 1.000000000000000021e-08 1.000000000000000021e-08 3.509908304770123396e-05 1.000000000000000021e-08 1.323993076714458469e-05 1.000000000000000021e-08 1.000000000000000021e-08 1.164253810052779433e-05 2.941624793058071616e-05 3.106948186414176523e-05 1.000000000000000021e-08 2.304316621796260089e-05 4.147049191612629636e-05 1.000000000000000021e-08 1.000000000000000021e-08 1.000000000000000021e-08 1.000000000000000021e-08 1.000000000000000021e-08 1.000000000000000021e-08 1.000000000000000021e-08 1.922438309151959106e-05 1.789714655779656030e-05 2.360831537682459553e-05 1.000000000000000021e-08 1.000000000000000021e-08 3.313745763554472572e-05 8.574911081933543340e-05 9.271945317262230292e-05 4.105267812467195445e-05
1.946967954355125765e-05 1.000000000000000021e-08 1.000000000000000021e-08 1.000000000000000021e-08 1.000000000000000021e-08 1.000000000000000021e-08 1.019910707955985771e-05 1.637902592397287867e-05 1.000000000000000021e-08 1.000000000000000021e-08 3.088153036804366361e-05 1.000000000000000021e-08 1.000000000000000021e-08 1.000000000000000021e-08 1.000000000000000021e-08 1.000000000000000021e-08 1.000000000000000021e-08 1.000000000000000021e-08 1.000000000000000021e-08 1.000000000000000021e-08 3.409306772026183266e-05 2.728787225460278297e-05 1.000000000000000021e-08 1.000000000000000021e-08 1.000000000000000021e-08 1.000000000000000021e-08 1.000000000000000021e-08 2.988518277221061765e-05 2.033137101057310963e-05 2.199873043533233120e-05 2.596952651617426196e-05 2.129198360287886364e-05 1.977066784636706756e-05 3.113644353784394595e-05 2.880402918504634132e-05 6.905910586783784290e-05 8.830133992302449566e-05
1.000000000000000021e-08 1.000000000000000021e-08 1.000000000000000021e-08 1.000000000000000021e-08 1.000000000000000021e-08 1.000000000000000021e-08 1.192376038678503030e-05 1.000000000000000021e-08 1.000000000000000021e-08 1.000000000000000021e-08 3.048661199498923087e-05 1.000000000000000021e-08 1.000000000000000021e-08 1.000000000000000021e-08 1.041064273896302197e-05 1.000000000000000021e-08 1.000000000000000021e-08 1.000000000000000021e-08 1.000000000000000021e-08 1.000000000000000021e-08 3.094521380878610152e-05 3.896074968391816112e-05 2.961436762006448083e-05 1.000000000000000021e-08 1.000000000000000021e-08 1.000000000000000021e-08 1.389725977504647945e-05 3.257001484077855067e-05 2.851985888573936419e-05 3.500718580353907747e-05 1.000000000000000021e-08 1.000000000000000021e-08 1.000000000000000021e-08 2.301213686386234124e-05 1.000000000000000021e-08 1.000000000000000021e-08 9.241241284524682163e-05
1.000000000000000021e-08 1.000000000000000021e-08 1.000000000000000021e-08 1.000000000000000021e-08 1.000000000000000021e-08 1.000000000000000021e-08 1.272633395766761936e-05 1.000000000000000021e-08 1.000000000000000021e-08 1.000000000000000021e-08 2.529780804135440379e-05 2.814666941525610457e-05 1.000000000000000021e-08 1.000000000000000021e-08 1.000000000000000021e-08 1.000000000000000021e-08 1.000000000000000021e-08 1.000000000000000021e-08 1.000000000000000021e-08 1.000000000000000021e-08 2.380669454344993592e-05 3.718143467549345682e-05 1.000000000000000021e-08 1.000000000000000021e-08 1.310167864148828843e-05 1.000000000000000021e-08 1.000000000000000021e-08 2.924940883457774119e-05 4.826220878639435531e-05 4.639962283315756731e-05 1.000000000000000021e-08 1.000000000000000021e-08 1.000000000000000021e-08 2.082095254508234210e-05 1.650867304477695967e-05 1.889894996036061960e-05 7.840690824736747306e-05
1.000000000000000021e-08 1.000000000000000021e-08 1.000000000000000021e-08 1.000000000000000021e-08 1.000000000000000021e-08 1.000000000000000021e-08 1.000000000000000021e-08 1.000000000000000021e-08 1.000000000000000021e-08 1.000000000000000021e-08 2.478485394573501515e-05 1.000000000000000021e-08 1.000000000000000021e-08 1.000000000000000021e-08 1.000000000000000021e-08 1.211356738061444637e-05 1.000000000000000021e-08 1.000000000000000021e-08 1.000000000000000021e-08 1.090257183867127714e-05 2.284259372421423173e-05 4.180182152926955447e-05 1.000000000000000021e-08 1.270862507109162161e-05 2.989000005568874705e-05 1.000000000000000021e-08 1.000000000000000021e-08 3.708718547735097249e-05 5.612472501693648128e-05 5.358846663453357419e-05 5.900604999258482350e-05 1.000000000000000021e-08 1.000000000000000021e-08 1.000000000000000021e-08 1.562043809302118979e-05 2.283454567085405775e-05 1.000000000000000021e-08
1.000000000000000021e-08 1.000000000000000021e-08 1.000000000000000021e-08 1.000000000000000021e-08 1.000000000000000021e-08 1.000000000000000021e-08 1.000000000000000021e-08 1.000000000000000021e-08 1.000000000000000021e-08 1.378460360776047992e-05 1.000000000000000021e-08 1.000000000000000021e-08 1.000000000000000021e-08 1.000000000000000021e-08 1.000000000000000021e-08 1.000000000000000021e-08 1.000000000000000021e-08 1.000000000000000021e-08 1.000000000000000021e-08 1.000000000000000021e-08 1.913257102926910262e-05 2.779508287431358980e-05 1.000000000000000021e-08 1.000000000000000021e-08 2.988958240884924435e-05 1.000000000000000021e-08 1.000000000000000021e-08 3.270363675156474627e-05 5.961908446723553307e-05 5.856733125267069620e-05 4.882156307166635216e-05 1.000000000000000021e-08 1.000000000000000021e-08 1.000000000000000021e-08 1.821639883534701828e-05 1.000000000000000021e-08 1.000000000000000021e-08
1.000000000000000021e-08 1.000000000000000021e-08 1.000000000000000021e-08 8.849664828390352983e-05 1.141983679338345702e-04 1.214306866765556584e-04 1.171386874716485939e-04 1.108213977328043347e-04 7.464457458816289620e-05 6.469586669982879765e-05 5.049172388200266791e-05 4.808226920686528046e-05 2.727208853810065450e-05 1.839713445308596362e-05 1.661216950588787495e-05 1.000000000000000021e-08 1.000000000000000021e-08 1.134885812737358825e-05 1.000000000000000021e-08 1.000000000000000021e-08 1.415091382310866180e-05 1.000000000000000021e-08 1.000000000000000021e-08 1.000000000000000021e-08 2.961111011733664423e-05 1.000000000000000021e-08 1.000000000000000021e-08 2.976607307657075756e-05 5.836097294841576660e-05 6.375785432614283559e-05 6.127374391948035978e-05 1.000000000000000021e-08 1.000000000000000021e-08 1.000000000000000021e-08 2.779449448665401799e-05 1.963079119166918744e-05 2.341271475524628050e-05
1.210785224737298706e-04 1.414043533433623310e-04 1.616848533182916974e-04 1.402901015851017673e-04 1.016724778743125884e-04 9.143724938572486542e-05 8.327859538716094422e-05 7.655880672717873322e-05 1.172781743571202513e-04 1.469569072299301308e-04 1.581680530009621066e-04 1.744088958615612592e-04 2.089620868146267318e-04 2.139258147078140792e-04 1.545531402942096897e-04 8.429933607697609054e-05 1.000000000000000021e-08 1.000000000000000021e-08 1.000000000000000021e-08 1.764412473360775632e-05 2.388972933880095993e-05 2.345829771815944963e-05 1.000000000000000021e-08 1.000000000000000021e-08 1.000000000000000021e-08 1.000000000000000021e-08 1.000000000000000021e-08 1.000000000000000021e-08 1.000000000000000021e-08 1.000000000000000021e-08 7.298930297006371180e-05 5.059006731753630596e-05 1.000000000000000021e-08 1.000000000000000021e-08 2.610969004163265976e-05 1.000000000000000021e-08 1.000000000000000021e-08
1.655285303250382696e-04 1.301345421196069480e-04 1.060196806866598043e-04 1.000000000000000021e-08 4.721557508879062239e-05 1.000000000000000021e-08 1.000000000000000021e-08 1.000000000000000021e-08 1.000000000000000021e-08 1.000000000000000021e-08 2.049089557601306360e-05 1.000000000000000021e-08 1.000000000000000021e-08 1.000000000000000021e-08 1.000000000000000021e-08 1.000000000000000021e-08 1.000000000000000021e-08 1.000000000000000021e-08 1.000000000000000021e-08 2.069031546244897945e-05 4.794594043568410928e-05 1.000000000000000021e-08 1.000000000000000021e-08 1.000000000000000021e-08 1.000000000000000021e-08 1.000000000000000021e-08 1.020636323805548243e-05 1.207577197791328274e-05 1.000000000000000021e-08 1.000000000000000021e-08 3.688142881802941315e-05 1.000000000000000021e-08 1.000000000000000021e-08 1.000000000000000021e-08 2.715417972401805167e-05 1.000000000000000021e-08 1.000000000000000021e-08
2.269957758832194961e-03 3.037810238447406189e-04 9.401000659055355876e-05 1.514163026436893809e-04 1.185063859327343719e-04 6.353651794373394845e-04 5.002211402482412096e-04 3.304249752595811614e-04 2.715109967722049576e-04 2.346333790519422471e-04 1.794520075268687790e-04 1.420919905761073654e-04 1.000000000000000021e-08 1.000000000000000021e-08 1.000000000000000021e-08 1.000000000000000021e-08 1.000000000000000021e-08 1.000000000000000021e-08 1.000000000000000021e-08 1.874084806535786165e-05 4.599023509755529308e-05 4.235409673974985207e-05 3.501978355858928715e-05 2.741962934636572126e-05 1.000000000000000021e-08 1.000000000000000021e-08 1.000000000000000021e-08 1.682224558440555666e-05 1.585999698797130450e-05 1.000000000000000021e-08 1.000000000000000021e-08 1.000000000000000021e-08 1.000000000000000021e-08 1.000000000000000021e-08 1.000000000000000021e-08 1.000000000000000021e-08 1.000000000000000021e-08
4.653522614661114755e-03 5.350857094978396337e-03 5.810302243731614580e-03 4.030952208342652131e-03 2.858307912037472923e-03 2.161796699881770277e-03 1.638517300021580855e-03 1.271629214624336781e-03 1.743670276891312078e-03 4.607949506331196661e-03 3.224641566658748449e-03 2.072665682809761434e-03 1.318472395069054297e-03 7.682185885131012984e-04 3.171188493029416904e-04 9.194068657982683648e-05 5.039318399252365368e-05 2.409269177623598029e-03 1.572314125001666573e-03 1.036203113372910099e-03 6.875756473697492268e-04 4.565617954455921746e-04 3.035136914259296327e-04 2.367209855656331164e-04 1.000000000000000021e-08 1.000000000000000021e-08 1.000000000000000021e-08 1.000000000000000021e-08 2.613760563341509935e-05 1.000000000000000021e-08 1.000000000000000021e-08 1.000000000000000021e-08 1.000000000000000021e-08 1.000000000000000021e-08 1.000000000000000021e-08 1.000000000000000021e-08 1.000000000000000021e-08
6.107269353436736280e-04 5.234656155844023308e-04 4.877990826248012842e-04 3.661214999330563054e-03 4.946680796066509761e-03 5.736880211932815672e-03 6.257923702630095904e-03 6.633391574371554425e-03 6.364405883761002809e-03 4.431845637708499083e-03 3.943057049199157581e-03 3.095230344604411876e-03 2.566582366103565844e-03 2.951714388209704214e-03 2.106166909223132142e-03 3.253982042635788011e-03 3.905466090771597502e-03 2.828408686389119291e-03 3.550262313395043633e-03 2.518522134997462462e-03 1.800132834030665572e-03 1.257989084711437890e-03 1.011076093964358722e-03 9.551980672896645747e-05 7.482511894694730587e-05 4.729309655187880629e-05 1.429125982709270854e-05 2.375025503347585220e-05 1.000000000000000021e-08 1.000000000000000021e-08 1.000000000000000021e-08 1.000000000000000021e-08 1.000000000000000021e-08 1.000000000000000021e-08 1.000000000000000021e-08 1.000000000000000021e-08 1.000000000000000021e-08
4.402317212437400996e-04 3.540989426446345604e-04 3.838054497251502158e-04 3.346618768484102189e-04 2.603865322029287914e-04 1.933502238392046421e-04 1.571070927560931966e-04 1.425916907017110128e-04 9.824736235096453735e-04 6.047914068951887974e-04 3.353440703512941112e-03 4.924766336933944846e-03 5.865927770793488011e-03 5.649473397005376832e-03 4.273372587655371521e-03 2.395933238021736699e-03 1.730396048348619743e-03 1.667393514002149090e-03 1.370348026402596221e-03 2.260878824153550980e-03 2.063903784535693967e-03 1.919228096507320184e-03 1.455893417372638825e-03 1.255238943696417768e-03 1.259223077365286610e-04 1.332537288297147126e-04 9.633301926116964568e-05 3.625475864747214989e-05 5.955054768545479932e-05 1.000000000000000021e-08 1.000000000000000021e-08 1.000000000000000021e-08 1.000000000000000021e-08 1.000000000000000021e-08 1.000000000000000021e-08 1.000000000000000021e-08 1.170470868516330625e-05
8.717551002661122711e-05 2.264725782985153261e-05 2.763971747942666293e-04 1.261579800015218803e-05 1.005685997943788638e-05 1.261757410548790590e-05 1.153767765057737547e-05 2.907008381617453771e-04 2.724890972942631403e-04 3.785311498519522292e-04 5.506552692779410289e-04 7.109354883338577218e-04 3.946275408253075941e-04 6.503846349360472602e-04 2.681846941117576114e-03 2.344428969326899960e-03 1.699393649494419832e-03 1.692126375752531697e-03 2.278431937748522096e-03 3.208106662107146085e-03 2.698101276852952080e-03 5.511044658793342026e-04 6.282524257920693968e-04 8.556641435773686480e-04 9.542381573577620683e-04 1.347884254470798314e-03 1.021792935688487294e-03 1.372818765929407613e-03 1.272772098491290567e-03 1.426332257253234764e-03 4.369215546664462365e-04 6.596551426423348866e-04 5.772566318761109005e-05 3.945537769282778584e-05 1.000000000000000021e-08 1.000000000000000021e-08 1.000000000000000021e-08
