output/water_depth_6960.asc
ncols 223
nrows 158
xllcorner 0.0
yllcorner 0.0
cellsize 30.0
[rows 85 to 101 of 158, columns 111 to 147 of 223]
7.172257945954144684e-04 1.292035080473707747e-03 1.328255379189451730e-03 1.067206535751982072e-03 8.206982575158141419e-04 2.204963346830548002e-04 3.338812566353697043e-04 3.326869991436936982e-03 5.294692125347101770e-03 1.645877729846284771e-03 2.990377850746356618e-04 2.204084362013087781e-04 1.606007396746610941e-04 1.658011241634655406e-04 9.148146489635065090e-05 6.157218592374541998e-05 5.613200513416753630e-05 6.966863436286231323e-05 1.000000000000000021e-08 1.000000000000000021e-08 1.000000000000000021e-08 1.000000000000000021e-08 1.448733654210031968e-04 6.516908425940671535e-05 1.000000000000000021e-08 1.000000000000000021e-08 1.000000000000000021e-08 6.169851190226552189e-05 6.427613865954473536e-05 3.664403321354690657e-05 1.288448771844883235e-05 1.000000000000000021e-08 1.000000000000000021e-08 1.000000000000000021e-08 1.000000000000000021e-08 5.566466828288247698e-05 2.191102905190573188e-05
1.062261803876376380e-03 6.851399324411863029e-04 8.093204735325874193e-05 1.661124510945914472e-04 1.034161547147743150e-03 1.280012396770146004e-04 3.773271444337517435e-04 2.406531049578852690e-03 1.042672083961851404e-02 1.201587493337688897e-03 1.639534134510549346e-04 1.911523041504243172e-04 1.953449212764678386e-04 1.000000000000000021e-08 1.000000000000000021e-08 5.273066207186933191e-05 7.095215428757873320e-05 1.065444346387709259e-04 1.000000000000000021e-08 1.000000000000000021e-08 1.000000000000000021e-08 1.000000000000000021e-08 1.972472655745952509e-04 8.052859604300118186e-05 1.588078820789804948e-05 2.097434653805907136e-05 1.000000000000000021e-08 7.602150390354953883e-05 3.896668033921710461e-05 2.216183656127112942e-05 1.000000000000000021e-08 1.000000000000000021e-08 1.000000000000000021e-08 1.000000000000000021e-08 1.000000000000000021e-08 3.245606015354349168e-05 1.698034327680440913e-05
1.826802101417093240e-04 6.461527592772065812e-05 1.000000000000000021e-08 1.265807306257453674e-04 7.210889028665805897e-04 1.098352627564188472e-03 4.267108840759460350e-04 3.478906113262773131e-02 1.614203559634044827e-02 9.550591813686573617e-04 1.000000000000000021e-08 1.302942934770818660e-04 1.000000000000000021e-08 1.000000000000000021e-08 1.000000000000000021e-08 3.689432559406040997e-05 9.765359937772413799e-05 9.517347200942619209e-05 5.502029933789078338e-05 1.870006869589763422e-05 1.000000000000000021e-08 1.391066416839275980e-04 1.981994223009223173e-04 1.447645037939985417e-04 6.212134541195147956e-05 3.821034376282689477e-05 2.534213749509274351e-05 1.000000000000000021e-08 1.000000000000000021e-08 1.000000000000000021e-08 1.000000000000000021e-08 1.000000000000000021e-08 1.000000000000000021e-08 1.000000000000000021e-08 1.000000000000000021e-08 1.436132545755289775e-05 1.000000000000000021e-08
2.489443011757205056e-04 1.429122033705339107e-05 1.000000000000000021e-08 1.000000000000000021e-08 4.813313789686572805e-04 6.636111511017303165e-05 6.600020356632288812e-05 2.006255567889106970e-05 1.686060329782879119e-02 7.540325538905734556e-04 1.345685748675460218e-05 9.656597385244023910e-05 6.850602974717173743e-05 5.288754646681406425e-05 4.698739972070865650e-05 6.429229224728278422e-05 1.055547027997188792e-04 1.720212117530475087e-04 4.041636995504823874e-05 1.012546727709550244e-04 1.432891542531017229e-04 2.265929807568375746e-04 2.267768620595567533e-04 5.773025043691528980e-05 3.627538029229102621e-05 3.124289105891604821e-05 2.972013291597737811e-05 3.661884086405363918e-05 2.111122219693865908e-05 1.000000000000000021e-08 1.000000000000000021e-08 1.000000000000000021e-08 1.000000000000000021e-08 1.000000000000000021e-08 1.000000000000000021e-08 1.000000000000000021e-08 1.000000000000000021e-08
4.930740471597264574e-04 6.896442737474710880e-05 1.000000000000000021e-08 1.000000000000000021e-08 1.736987285419982642e-05 1.137052319271662705e-04 2.120585463446000420e-05 6.793657392266729282e-05 1.096405870870323200e-02 1.056707808916054932e-02 9.461266005793339464e-05 6.436799060957196694e-05 1.000000000000000021e-08 1.000000000000000021e-08 1.000000000000000021e-08 1.000000000000000021e-08 1.000000000000000021e-08 1.547516442433697617e-04 1.000000000000000021e-08 7.981328943235113595e-05 8.420038265716360559e-05 1.000000000000000021e-08 2.762875551998340162e-05 1.382537226958515228e-05 1.264221242962152307e-05 1.004649714213671565e-05 1.169730591137820589e-05 1.164233731158309222e-05 1.403205571162509575e-05 1.149041035727481593e-05 1.000000000000000021e-08 1.000000000000000021e-08 1.000000000000000021e-08 1.000000000000000021e-08 1.000000000000000021e-08 1.000000000000000021e-08 1.000000000000000021e-08
5.931507512174662416e-04 2.422057634027697127e-03 2.988730416680281888e-05 1.000000000000000021e-08 1.000000000000000021e-08 9.241545009528655090e-05 3.935769587103078379e-05 5.441777195412271967e-05 6.975065367813618016e-03 5.885240530080979894e-03 4.239558951292013086e-03 6.341654048611411508e-04 1.000000000000000021e-08 1.000000000000000021e-08 1.000000000000000021e-08 1.000000000000000021e-08 1.000000000000000021e-08 1.314660442826739138e-04 8.727455311836821025e-05 5.717251295126698677e-05 5.368584792598170557e-05 1.000000000000000021e-08 1.000000000000000021e-08 1.000000000000000021e-08 1.000000000000000021e-08 1.000000000000000021e-08 1.000000000000000021e-08 1.000000000000000021e-08 1.000000000000000021e-08 1.000000000000000021e-08 1.000000000000000021e-08 1.000000000000000021e-08 1.000000000000000021e-08 1.000000000000000021e-08 1.000000000000000021e-08 1.000000000000000021e-08 1.000000000000000021e-08
1.362313571485056305e-03 2.078055892706015539e-03 6.564096635630848470e-04 5.485148291696664673e-04 1.680110498617419339e-04 1.271850069041029554e-03 9.588170601459433933e-04 8.959982823128731207e-05 4.511727665423036215e-03 4.824503841117169789e-03 5.804753356313598588e-03 4.941874580084596423e-03 1.853780494717956239e-04 1.000000000000000021e-08 1.000000000000000021e-08 1.000000000000000021e-08 1.283229146168105535e-05 1.403914192298559810e-04 2.248010219180651323e-04 4.109040475480543151e-05 1.000000000000000021e-08 1.000000000000000021e-08 1.000000000000000021e-08 1.000000000000000021e-08 1.000000000000000021e-08 1.000000000000000021e-08 1.000000000000000021e-08 1.000000000000000021e-08 1.000000000000000021e-08 1.000000000000000021e-08 1.000000000000000021e-08 1.000000000000000021e-08 1.000000000000000021e-08 1.000000000000000021e-08 1.000000000000000021e-08 1.000000000000000021e-08 1.000000000000000021e-08
4.981071747859152537e-04 6.267973287731270051e-04 9.430229933149134611e-04 4.563152495010699755e-04 5.259771929408682068e-04 2.458556007594543463e-04 5.149882083467688431e-04 1.851229343082483835e-04 3.273606318089923410e-03 1.164078398092634192e-02 1.469513114582040453e-02 1.057739569859973174e-02 2.422067722731121447e-03 1.561911850058360536e-03 1.095287863954474928e-03 1.481201160124284190e-03 1.945479910221605945e-03 2.432250648996029611e-03 6.681922604769208532e-03 8.164977159816871725e-05 1.000000000000000021e-08 1.000000000000000021e-08 1.000000000000000021e-08 1.000000000000000021e-08 1.000000000000000021e-08 1.000000000000000021e-08 1.000000000000000021e-08 1.000000000000000021e-08 1.000000000000000021e-08 1.000000000000000021e-08 1.000000000000000021e-08 1.000000000000000021e-08 1.000000000000000021e-08 1.000000000000000021e-08 1.000000000000000021e-08 1.000000000000000021e-08 1.000000000000000021e-08
1.568391965687212196e-03 3.966470758664556676e-04 4.099703256237059029e-04 7.286377758814479265e-04 3.836181362353276105e-04 2.397647145988429825e-03 1.732087510511502639e-03 2.451235878042956444e-03 3.221713800749575769e-03 3.246518687395877085e-03 1.455100604495012826e-03 6.489994548506008640e-03 2.967871161207202499e-03 2.881100258673037137e-03 4.359689803460047551e-03 3.657785271226039660e-03 3.908966696881135960e-03 3.102100848232248759e-03 8.351769472170162550e-03 7.412022258525558481e-03 1.649400257984987909e-05 1.000000000000000021e-08 1.000000000000000021e-08 1.000000000000000021e-08 1.000000000000000021e-08 1.000000000000000021e-08 1.000000000000000021e-08 1.066181880250618302e-05 1.000000000000000021e-08 1.000000000000000021e-08 1.000000000000000021e-08 1.000000000000000021e-08 1.000000000000000021e-08 1.000000000000000021e-08 1.000000000000000021e-08 1.000000000000000021e-08 1.000000000000000021e-08
1.163415016358048488e-03 8.369062721058965169e-04 8.309946221859384509e-04 4.448895712159025781e-03 2.302621002819205120e-02 6.433137455307710167e-03 4.710734948990702269e-03 3.108536856152520692e-03 3.534102857121178189e-03 3.167502014655306040e-03 2.433320741615672619e-03 1.767127777759005267e-03 5.875408512427444593e-03 5.358957875578277547e-03 2.388832536049440101e-03 1.417354952681951132e-03 9.819083303806890387e-04 8.429356653347126228e-04 7.786943067813714876e-03 1.292109243830163318e-02 2.762599048977915848e-05 1.000000000000000021e-08 1.000000000000000021e-08 1.000000000000000021e-08 1.000000000000000021e-08 1.105129302549578276e-05 1.211626042618953861e-05 1.409435880888323066e-05 1.000000000000000021e-08 1.000000000000000021e-08 1.000000000000000021e-08 1.000000000000000021e-08 1.000000000000000021e-08 1.000000000000000021e-08 1.000000000000000021e-08 1.000000000000000021e-08 1.000000000000000021e-08
2.273708287555697451e-04 2.378392616304722757e-04 2.581600919020132431e-04 7.961991257861654849e-04 6.502921394462476403e-04 8.731405595399533304e-04 3.035344252742074814e-03 4.814278176268194445e-03 4.621132782727521704e-03 6.054445635493174889e-03 6.862184806885484982e-03 6.118864215141010809e-03 5.929803512593442502e-03 5.334188653158311415e-03 4.075971488807987424e-03 2.840674034438674198e-03 1.864239039342964607e-03 2.101585016942427928e-03 1.124826158760062816e-03 1.330305464643528890e-02 2.908380485316947587e-05 1.000000000000000021e-08 1.000000000000000021e-08 1.000000000000000021e-08 1.000000000000000021e-08 1.000000000000000021e-08 1.000000000000000021e-08 1.571135002044637917e-05 1.000000000000000021e-08 1.000000000000000021e-08 1.000000000000000021e-08 1.000000000000000021e-08 1.000000000000000021e-08 1.000000000000000021e-08 1.000000000000000021e-08 1.000000000000000021e-08 1.000000000000000021e-08
1.088392690664129414e-04 9.958723681459073090e-05 8.627443367611355575e-05 9.965888674051128718e-05 4.490300537702534428e-04 7.280419075626530859e-04 1.792462309741699828e-03 1.623007194869311755e-03 5.151512527068165606e-03 3.122470125513932167e-03 2.577339386558484546e-03 4.605036611193670179e-03 5.652348081551940295e-03 5.565452107610589956e-03 1.862551414762456635e-03 9.105354467224384147e-04 1.554113976500777136e-03 1.072667286553752536e-03 2.876384625075128001e-03 1.394049956752427266e-02 3.308106359508591383e-05 1.000000000000000021e-08 1.000000000000000021e-08 1.000000000000000021e-08 1.000000000000000021e-08 1.000000000000000021e-08 1.000000000000000021e-08 1.000000000000000021e-08 1.000000000000000021e-08 1.000000000000000021e-08 1.000000000000000021e-08 1.000000000000000021e-08 1.000000000000000021e-08 1.000000000000000021e-08 1.000000000000000021e-08 1.000000000000000021e-08 1.000000000000000021e-08
2.486982131325078411e-04 3.392842285485311334e-05 2.993307701398373826e-05 2.576676464701002010e-05 4.169825775693639580e-04 7.020279430473597452e-04 1.337563302033254256e-03 1.343352380750751588e-03 2.333036349106694211e-04 3.568017977836008929e-03 2.373061052630737644e-04 8.386957965832787017e-04 1.021966485111027974e-03 1.847106788951829049e-03 1.139864962833848005e-03 1.643149638746739527e-03 1.324496294258886448e-03 1.637411630185283806e-03 3.686739917806916914e-03 1.550308747594336331e-02 3.582906260861016233e-05 1.000000000000000021e-08 1.000000000000000021e-08 1.000000000000000021e-08 1.000000000000000021e-08 1.000000000000000021e-08 1.000000000000000021e-08 1.000000000000000021e-08 1.000000000000000021e-08 1.000000000000000021e-08 1.000000000000000021e-08 1.000000000000000021e-08 1.000000000000000021e-08 1.000000000000000021e-08 1.000000000000000021e-08 1.000000000000000021e-08 1.000000000000000021e-08
1.229988777193645596e-04 1.234133153802137580e-04 4.723583597689545293e-05 8.170119135192071397e-05 1.108122961461304004e-05 3.861121338647252051e-05 1.151919015255607217e-04 2.124376849309308731e-04 1.365245963168329447e-04 2.596194024596806382e-03 9.370848725315989759e-04 2.903700744247331676e-04 9.448868630728804495e-04 8.524582174317142918e-04 2.738068968514795459e-03 5.273517204693719575e-03 3.816253530225965484e-03 2.814254084057636260e-03 5.096882381021713808e-03 1.769804448625346416e-02 7.343770884366626758e-05 1.000000000000000021e-08 1.000000000000000021e-08 1.000000000000000021e-08 1.000000000000000021e-08 1.000000000000000021e-08 1.000000000000000021e-08 1.000000000000000021e-08 1.000000000000000021e-08 1.000000000000000021e-08 1.000000000000000021e-08 1.000000000000000021e-08 1.000000000000000021e-08 1.000000000000000021e-08 1.000000000000000021e-08 1.000000000000000021e-08 1.000000000000000021e-08
1.336472636607104712e-03 1.369757814955078557e-04 1.410102461696738992e-04 7.058982863552958900e-05 6.919108567990790671e-05 3.375460119446577434e-05 1.032069859915020688e-04 9.692651623836298419e-05 3.741215219409223854e-04 2.190245745854506147e-03 2.665070206490559746e-03 1.290917954691364958e-03 2.734360184658425727e-04 9.469781042722798421e-04 5.000853827578342643e-04 4.328036334968090107e-03 1.415355362118791201e-03 7.741239840200252274e-04 6.819748205519665565e-04 1.742408234339157605e-02 3.957750464938240148e-03 1.079848767182745113e-05 1.000000000000000021e-08 1.000000000000000021e-08 1.000000000000000021e-08 1.000000000000000021e-08 1.000000000000000021e-08 1.000000000000000021e-08 1.000000000000000021e-08 1.000000000000000021e-08 1.000000000000000021e-08 1.000000000000000021e-08 1.178012148476180925e-05 1.000000000000000021e-08 1.000000000000000021e-08 1.000000000000000021e-08 1.000000000000000021e-08
1.124132614955722348e-04 1.816480547445714720e-04 1.038784845886727614e-04 1.516306654367912646e-04 7.085058140440835591e-05 9.048881626869345759e-05 6.073025452370316922e-05 1.337641901077229144e-04 5.009918901352678372e-05 3.248388611117194015e-04 2.175461371828082274e-03 1.557605884717326843e-03 4.690551433557875417e-04 2.964497331024449137e-04 1.143132504445412570e-03 6.605280098213397750e-04 1.132624940659740032e-03 1.146425771584896197e-03 5.613858129929140579e-04 1.157807826432268559e-02 2.845348383940805512e-03 1.000000000000000021e-08 1.253688090904567654e-05 1.180000414625425822e-05 1.000000000000000021e-08 1.000000000000000021e-08 1.000000000000000021e-08 1.000000000000000021e-08 1.000000000000000021e-08 1.000000000000000021e-08 1.000000000000000021e-08 1.000000000000000021e-08 1.648789240621543936e-05 1.000000000000000021e-08 1.000000000000000021e-08 1.000000000000000021e-08 1.000000000000000021e-08
1.036811056519359835e-04 9.256700778022290070e-05 1.714740368343848720e-04 1.043402212389739391e-04 1.524087569576008298e-04 7.787121977225077265e-05 1.193080688747979990e-04 7.900239504218749308e-05 1.088951857945150744e-04 1.327583776503488101e-04 3.970004363462626708e-04 5.674770806439784730e-03 4.664214588476406137e-04 2.698427332860167693e-04 4.323658075678636398e-04 7.860341165311261280e-04 5.948447761355780874e-04 8.497615412105396929e-04 1.787861735250767352e-03 1.074364297550543107e-02 1.852685816045877756e-03 1.000000000000000021e-08 1.000000000000000021e-08 1.000000000000000021e-08 1.820857613044142873e-05 1.267484120177913312e-05 1.069387183383616891e-05 1.000000000000000021e-08 1.000000000000000021e-08 1.000000000000000021e-08 1.000000000000000021e-08 1.000000000000000021e-08 1.000000000000000021e-08 1.000000000000000021e-08 1.000000000000000021e-08 1.000000000000000021e-08 1.000000000000000021e-08
