output/water_depth_9960.asc
ncols 223
nrows 158
xllcorner 0.0
yllcorner 0.0
cellsize 30.0
[rows 85 to 101 of 158, columns 111 to 147 of 223]
1.719577183561614550e-04 3.569530471934242674e-04 3.777369661632688997e-04 3.413812692438651891e-04 2.909528092348204588e-04 5.137753384259638272e-05 2.169725872566298898e-04 1.101377982017189526e-03 4.093664564089266079e-03 8.468863785346946197e-04 1.241685195806389245e-04 9.068291886499396377e-05 6.775663318381694889e-05 5.949180190136324096e-05 3.644271798016657970e-05 2.498538845311724973e-05 2.349760032183046660e-05 3.034037618732011936e-05 1.000000000000000021e-08 1.000000000000000021e-08 1.000000000000000021e-08 1.000000000000000021e-08 7.221621708360043211e-05 3.419561083527150418e-05 1.000000000000000021e-08 1.000000000000000021e-08 1.000000000000000021e-08 3.064079280965919519e-05 3.185104066121434218e-05 1.663879061045497472e-05 1.000000000000000021e-08 1.000000000000000021e-08 1.000000000000000021e-08 1.000000000000000021e-08 1.000000000000000021e-08 2.388064677859447289e-05 1.000000000000000021e-08
2.810894117981101430e-04 2.030786030353187114e-04 1.462718733274587572e-05 4.395091255629770990e-05 3.448087245488765671e-04 6.229139132323328854e-05 8.435102181203788614e-05 1.359171938637072745e-03 4.542934119801063375e-03 5.939648250573680141e-04 6.802224994093613252e-05 8.349176159900665607e-05 8.275363914199320835e-05 1.000000000000000021e-08 1.000000000000000021e-08 2.423878328812252529e-05 3.101942883586885627e-05 4.776027152018380865e-05 1.000000000000000021e-08 1.000000000000000021e-08 1.000000000000000021e-08 1.000000000000000021e-08 1.048121147811975526e-04 4.170255748328199880e-05 1.900569365626658992e-05 1.542346966894266836e-05 1.000000000000000021e-08 3.461574014186526307e-05 1.667671009144415211e-05 1.000000000000000021e-08 1.000000000000000021e-08 1.000000000000000021e-08 1.000000000000000021e-08 1.000000000000000021e-08 1.000000000000000021e-08 1.101259379708870094e-05 1.000000000000000021e-08
2.684854285131943244e-05 1.386264558323048690e-05 1.000000000000000021e-08 3.275489775146747028e-05 2.812981045972169853e-04 4.257508235473553867e-04 1.892100773518875221e-04 1.798110266703590102e-02 6.727796697342521698e-03 4.736734585637170309e-04 1.000000000000000021e-08 5.615085139525829983e-05 1.000000000000000021e-08 1.000000000000000021e-08 1.000000000000000021e-08 2.364665496999395137e-05 4.752603914202563145e-05 4.629436558421955498e-05 3.188587488992021893e-05 1.030479526848092433e-05 1.000000000000000021e-08 6.881661579050742539e-05 9.946411649996891435e-05 7.095604635625449069e-05 3.104701444813793350e-05 1.874772337881048769e-05 1.210681418647198314e-05 1.000000000000000021e-08 1.000000000000000021e-08 1.000000000000000021e-08 1.000000000000000021e-08 1.000000000000000021e-08 1.000000000000000021e-08 1.000000000000000021e-08 1.000000000000000021e-08 1.000000000000000021e-08 1.000000000000000021e-08
2.461061861260390449e-05 1.000000000000000021e-08 1.000000000000000021e-08 1.000000000000000021e-08 2.012255749760560235e-04 3.338011770564814804e-05 1.398648254903175691e-05 1.000000000000000021e-08 7.611403954061368195e-03 3.838503337488866334e-04 1.000000000000000021e-08 4.160092562669041622e-05 2.942710881779541643e-05 2.745008930887134338e-05 2.917345008552071981e-05 3.673015538635144585e-05 5.270615495160109020e-05 8.477490209524795965e-05 3.218401069237502714e-05 6.944132870378977437e-05 6.899143403301240219e-05 1.083726645463205858e-04 1.067547216020955426e-04 2.761291183910879270e-05 1.762943812250435745e-05 1.539435890294994379e-05 1.428804629062141919e-05 1.649350051877782793e-05 1.000000000000000021e-08 1.000000000000000021e-08 1.000000000000000021e-08 1.000000000000000021e-08 1.000000000000000021e-08 1.000000000000000021e-08 1.000000000000000021e-08 1.000000000000000021e-08 1.000000000000000021e-08
8.331497388275667414e-05 1.000000000000000021e-08 1.000000000000000021e-08 1.000000000000000021e-08 1.000000000000000021e-08 2.634905268885456240e-05 1.000000000000000021e-08 1.000000000000000021e-08 4.729626905806774001e-03 4.219171352163797982e-03 2.277797624884736211e-05 2.747250399097553064e-05 1.000000000000000021e-08 1.000000000000000021e-08 1.000000000000000021e-08 1.000000000000000021e-08 1.000000000000000021e-08 7.569829794238688684e-05 1.000000000000000021e-08 8.175851717259471961e-05 5.083258158979457044e-05 1.000000000000000021e-08 1.038057817788164707e-05 1.000000000000000021e-08 1.000000000000000021e-08 1.000000000000000021e-08 1.000000000000000021e-08 1.000000000000000021e-08 1.000000000000000021e-08 1.000000000000000021e-08 1.000000000000000021e-08 1.000000000000000021e-08 1.000000000000000021e-08 1.000000000000000021e-08 1.000000000000000021e-08 1.000000000000000021e-08 1.000000000000000021e-08
4.980789194448846191e-05 5.974556636770203414e-04 1.000000000000000021e-08 1.000000000000000021e-08 1.000000000000000021e-08 3.284303670884858409e-05 1.869817952494957965e-05 1.552116421823705758e-05 3.019530304409433728e-03 2.494921992280249058e-03 2.501824148586533417e-03 3.019430471751650795e-04 1.000000000000000021e-08 1.000000000000000021e-08 1.000000000000000021e-08 1.000000000000000021e-08 1.000000000000000021e-08 6.297632683161204150e-05 8.013381720344236710e-05 8.480398355532233205e-05 4.326236639930370616e-05 1.000000000000000021e-08 1.000000000000000021e-08 1.000000000000000021e-08 1.000000000000000021e-08 1.000000000000000021e-08 1.000000000000000021e-08 1.000000000000000021e-08 1.000000000000000021e-08 1.000000000000000021e-08 1.000000000000000021e-08 1.000000000000000021e-08 1.000000000000000021e-08 1.000000000000000021e-08 1.000000000000000021e-08 1.000000000000000021e-08 1.000000000000000021e-08
1.041200070720556519e-03 9.545170764340167721e-04 6.786033112254937893e-04 4.520868641277386380e-04 3.195902073293986796e-04 3.633665906613226990e-04 2.629077431573624123e-04 1.000000000000000021e-08 1.935260644453321716e-03 3.562115455046181538e-03 3.446228921874628249e-03 2.849958209892178383e-03 7.402317881594645810e-05 1.000000000000000021e-08 1.000000000000000021e-08 1.000000000000000021e-08 1.000000000000000021e-08 6.301051723953421141e-05 1.433974900896208460e-04 7.852715923339152987e-05 1.000000000000000021e-08 1.000000000000000021e-08 1.000000000000000021e-08 1.000000000000000021e-08 1.000000000000000021e-08 1.000000000000000021e-08 1.000000000000000021e-08 1.000000000000000021e-08 1.000000000000000021e-08 1.000000000000000021e-08 1.000000000000000021e-08 1.000000000000000021e-08 1.000000000000000021e-08 1.000000000000000021e-08 1.000000000000000021e-08 1.000000000000000021e-08 1.000000000000000021e-08
7.929447191740274215e-05 7.491422324190843626e-04 1.153298005179431457e-04 1.157495567805352300e-04 5.186605643244222321e-05 6.331120022401949738e-05 7.503745577815650178e-05 4.618108286099573123e-05 1.296587158691250114e-03 3.956972485823949219e-03 6.665843399450436559e-03 4.908050561722322042e-03 1.463701585468864773e-03 4.562462367229098243e-04 6.711190535243120132e-04 5.600785263951897934e-04 1.078775284333725751e-03 8.688025154274417287e-04 3.248911159777431897e-03 4.246445396311988114e-05 1.000000000000000021e-08 1.000000000000000021e-08 1.000000000000000021e-08 1.000000000000000021e-08 1.000000000000000021e-08 1.000000000000000021e-08 1.000000000000000021e-08 1.000000000000000021e-08 1.000000000000000021e-08 1.000000000000000021e-08 1.000000000000000021e-08 1.000000000000000021e-08 1.000000000000000021e-08 1.000000000000000021e-08 1.000000000000000021e-08 1.000000000000000021e-08 1.000000000000000021e-08
5.419478243059237376e-04 6.619598826485318960e-04 1.482995843509236444e-04 8.035901945365631776e-05 1.079834106763239880e-04 6.053336649376734983e-04 4.300315984298384419e-04 6.069748387732295082e-04 1.206647104361232691e-03 9.672851638631635093e-04 4.360885720233443849e-04 2.753243963834110884e-03 9.360068225702502728e-04 1.739872936368036657e-03 1.641870061488321297e-03 2.089357328375609710e-03 1.403606894761166585e-03 1.769241815730307693e-03 3.648354505847412055e-03 3.340865918993690328e-03 1.000000000000000021e-08 1.000000000000000021e-08 1.000000000000000021e-08 1.000000000000000021e-08 1.000000000000000021e-08 1.000000000000000021e-08 1.000000000000000021e-08 1.000000000000000021e-08 1.000000000000000021e-08 1.000000000000000021e-08 1.000000000000000021e-08 1.000000000000000021e-08 1.000000000000000021e-08 1.000000000000000021e-08 1.000000000000000021e-08 1.000000000000000021e-08 1.000000000000000021e-08
4.201871610047326383e-04 5.731384058284583497e-04 2.335753520391441998e-04 1.596501134225558789e-03 1.166082066938204168e-02 2.486488302992681965e-03 1.859605677862845785e-03 1.270699332668266549e-03 1.420598212286872455e-03 1.083516120462077893e-03 7.909794807938330544e-04 5.511876057951746238e-04 2.903991142789060821e-03 2.454678396872237399e-03 1.144602752226868674e-03 6.483262054042704826e-04 4.832243974228125753e-04 4.177717547473520140e-04 3.528596364481207965e-03 6.240227014222441033e-03 1.000000000000000021e-08 1.000000000000000021e-08 1.000000000000000021e-08 1.000000000000000021e-08 1.000000000000000021e-08 1.000000000000000021e-08 1.000000000000000021e-08 1.000000000000000021e-08 1.000000000000000021e-08 1.000000000000000021e-08 1.000000000000000021e-08 1.000000000000000021e-08 1.000000000000000021e-08 1.000000000000000021e-08 1.000000000000000021e-08 1.000000000000000021e-08 1.000000000000000021e-08
5.807721128449212620e-05 1.410664085401427904e-04 1.028295040771765257e-04 4.681335138596868150e-04 4.575993082776329615e-04 3.603192763764006645e-04 1.162408332727173045e-03 1.897228360204271727e-03 1.916342278230778176e-03 2.387644403651611666e-03 2.708343710734241634e-03 2.629220801084577400e-03 2.463930154121044946e-03 2.348212029520581421e-03 1.753186251059684437e-03 1.242534480178163073e-03 8.085524162341357337e-04 9.387377229372980596e-04 5.075819510652417564e-04 6.478096736684304732e-03 1.045684053575955960e-05 1.000000000000000021e-08 1.000000000000000021e-08 1.000000000000000021e-08 1.000000000000000021e-08 1.000000000000000021e-08 1.000000000000000021e-08 1.000000000000000021e-08 1.000000000000000021e-08 1.000000000000000021e-08 1.000000000000000021e-08 1.000000000000000021e-08 1.000000000000000021e-08 1.000000000000000021e-08 1.000000000000000021e-08 1.000000000000000021e-08 1.000000000000000021e-08
5.562097998587338800e-05 2.002142332672713075e-05 3.947189220984529973e-05 2.944752067255287126e-05 2.190484626484859353e-04 3.289104975553415662e-04 6.760036141843800027e-04 6.043243540990853903e-04 2.198375393208240082e-03 1.237161438643091327e-03 9.345048012022506585e-04 1.777505566894585064e-03 2.432374661555371850e-03 2.405292798778311137e-03 6.441131708408186825e-04 5.874025808171364632e-04 5.440113818344590770e-04 5.836245644993064922e-04 1.180159207531029973e-03 6.239628779253207636e-03 1.210049638392107096e-05 1.000000000000000021e-08 1.000000000000000021e-08 1.000000000000000021e-08 1.000000000000000021e-08 1.000000000000000021e-08 1.000000000000000021e-08 1.000000000000000021e-08 1.000000000000000021e-08 1.000000000000000021e-08 1.000000000000000021e-08 1.000000000000000021e-08 1.000000000000000021e-08 1.000000000000000021e-08 1.000000000000000021e-08 1.000000000000000021e-08 1.000000000000000021e-08
5.937361989626633972e-05 1.802754566468868123e-05 1.000000000000000021e-08 2.318872949197510935e-05 1.598179993958597205e-04 2.948313711578632972e-04 5.031382045207982798e-04 4.892564555005481748e-04 5.465661579706313519e-05 1.416675906069284323e-03 8.666465366113545500e-05 2.341908190346007532e-04 5.014201159073321604e-04 5.481857246781407077e-04 7.788776470328793999e-04 4.125802949885496568e-04 6.935630557996851986e-04 5.448086548053349869e-04 1.642770840227730919e-03 6.914285272502763459e-03 1.354241965424978289e-05 1.000000000000000021e-08 1.000000000000000021e-08 1.000000000000000021e-08 1.000000000000000021e-08 1.000000000000000021e-08 1.000000000000000021e-08 1.000000000000000021e-08 1.000000000000000021e-08 1.000000000000000021e-08 1.000000000000000021e-08 1.000000000000000021e-08 1.000000000000000021e-08 1.000000000000000021e-08 1.000000000000000021e-08 1.000000000000000021e-08 1.000000000000000021e-08
5.240310281211982659e-05 2.145534777925778855e-05 1.804380681708271403e-05 1.498012789094375490e-05 1.000000000000000021e-08 1.665311831233299580e-04 4.515292920602722405e-05 4.812136546143317236e-05 6.767421158051964121e-05 1.043804576911349811e-03 2.747417081691326058e-04 1.545855441087003678e-04 1.983951379029135354e-04 5.404946162753949523e-04 8.615294977006072736e-04 2.492787835212543872e-03 1.606869372794463621e-03 1.219706082197702726e-03 2.238258812868652945e-03 7.874263687261387826e-03 2.330453583360324595e-05 1.000000000000000021e-08 1.000000000000000021e-08 1.000000000000000021e-08 1.000000000000000021e-08 1.000000000000000021e-08 1.000000000000000021e-08 1.000000000000000021e-08 1.000000000000000021e-08 1.000000000000000021e-08 1.000000000000000021e-08 1.000000000000000021e-08 1.000000000000000021e-08 1.000000000000000021e-08 1.000000000000000021e-08 1.000000000000000021e-08 1.000000000000000021e-08
4.287892352937588730e-04 4.802093590264285103e-05 2.007548656164541217e-05 2.631205768021277028e-05 1.000000000000000021e-08 1.000000000000000021e-08 1.368129634380625822e-05 4.480121100171423614e-05 8.632217217515235450e-05 8.967012119775706613e-04 1.100642548240568811e-03 3.629301690549889439e-04 1.612837816630075351e-04 2.119906954677088483e-04 2.815085806919147759e-04 1.773972163821568252e-03 4.544801473139123697e-04 4.408497163097542353e-04 1.530724027586688918e-04 7.906671207159236478e-03 1.418423795191716113e-03 1.000000000000000021e-08 1.000000000000000021e-08 1.000000000000000021e-08 1.000000000000000021e-08 1.000000000000000021e-08 1.000000000000000021e-08 1.000000000000000021e-08 1.000000000000000021e-08 1.000000000000000021e-08 1.000000000000000021e-08 1.000000000000000021e-08 1.000000000000000021e-08 1.000000000000000021e-08 1.000000000000000021e-08 1.000000000000000021e-08 1.000000000000000021e-08
4.150293093547804127e-05 2.719281192016394404e-05 3.969022605693361028e-05 2.005422613016960386e-05 1.684302127621251636e-05 1.000000000000000021e-08 1.000000000000000021e-08 1.358261964090820087e-05 1.000000000000000021e-08 7.340587017859521567e-05 8.503733137750653630e-04 6.307084926036787744e-04 1.270138011213578489e-04 1.815144962265452305e-04 3.316223509352643592e-04 3.407663661991836576e-04 3.799832606519925812e-04 3.565616086997692763e-04 3.477306598265744882e-04 4.710277228357638048e-03 9.954325499712253326e-04 1.000000000000000021e-08 1.000000000000000021e-08 1.000000000000000021e-08 1.000000000000000021e-08 1.000000000000000021e-08 1.000000000000000021e-08 1.000000000000000021e-08 1.000000000000000021e-08 1.000000000000000021e-08 1.000000000000000021e-08 1.000000000000000021e-08 1.000000000000000021e-08 1.000000000000000021e-08 1.000000000000000021e-08 1.000000000000000021e-08 1.000000000000000021e-08
1.701408210129147383e-05 3.715409096213005745e-05 2.338636870900373047e-05 3.650872859558913812e-05 1.623005437396742452e-05 1.000000000000000021e-08 1.000000000000000021e-08 1.000000000000000021e-08 1.000000000000000021e-08 4.830588778156439403e-05 9.767129847299845348e-05 2.028691036484719760e-03 1.792682164140235073e-04 5.841841218881108674e-05 2.621643330872111934e-04 1.826685045988529158e-04 3.791499890424110788e-04 4.138373512660585736e-04 5.291309679760370505e-04 5.631233620415218577e-03 6.506513601848293651e-04 1.000000000000000021e-08 1.000000000000000021e-08 1.000000000000000021e-08 1.000000000000000021e-08 1.000000000000000021e-08 1.000000000000000021e-08 1.000000000000000021e-08 1.000000000000000021e-08 1.000000000000000021e-08 1.000000000000000021e-08 1.000000000000000021e-08 1.000000000000000021e-08 1.000000000000000021e-08 1.000000000000000021e-08 1.000000000000000021e-08 1.000000000000000021e-08
