output/water_depth_6840.asc
ncols 223
nrows 158
xllcorner 0.0
yllcorner 0.0
cellsize 30.0
[rows 17 to 33 of 158, columns 148 to 184 of 223]
1.000000000000000021e-08 1.002673838300370161e-05 1.040368212472934447e-05 1.464019063818135161e-05 1.102774342144102380e-04 6.192147483939899389e-05 1.000000000000000021e-08 1.619112961148391397e-05 1.760027105486207212e-05 6.086096504490831095e-03 1.000000000000000021e-08 1.000000000000000021e-08 1.619045774053725590e-05 5.061116457068365982e-05 1.000000000000000021e-08 1.000000000000000021e-08 1.000000000000000021e-08 1.000000000000000021e-08 1.052676249653634302e-05 4.156803727439265764e-04 6.322820540300729117e-04 6.629534751946937953e-05 9.937279895165832769e-05 5.421568285639072815e-04 4.173486826071243650e-04 2.769427647594782573e-04 8.186162776240622860e-04 1.229627733916624803e-03 9.897550073955905820e-04 7.538938877858473867e-04 1.100342226600176045e-04 1.670931917959969727e-05 1.921664409341919123e-05 3.617803906920916975e-05 1.000000000000000021e-08 1.000000000000000021e-08 2.415900561784169436e-03
1.000000000000000021e-08 1.000000000000000021e-08 1.026234196239364961e-05 1.000000000000000021e-08 1.000000000000000021e-08 5.925513948553731149e-05 1.000000000000000021e-08 1.000000000000000021e-08 1.000000000000000021e-08 1.000000000000000021e-08 1.000000000000000021e-08 1.000000000000000021e-08 1.000000000000000021e-08 2.310674705803675828e-05 1.000000000000000021e-08 1.386621189867782972e-05 1.714116715541097685e-05 8.096062383057066976e-04 9.089139269435862496e-04 5.174207050048774915e-04 8.254580244495904068e-04 1.232137420911105568e-03 9.892904290713386631e-03 2.478002668082549768e-03 2.148070243296513332e-03 2.813908259317879183e-03 1.699963442671110570e-03 1.772071656403861667e-03 2.519128598677449447e-03 3.648416089581146132e-03 2.406227810433450576e-02 3.056557583937194336e-05 4.379385294127024456e-05 5.712940786550276635e-05 6.079411739542880797e-05 1.302449263666543200e-05 1.315574879455482307e-02
1.000000000000000021e-08 1.134184720708665085e-05 1.000000000000000021e-08 1.000000000000000021e-08 1.490098894283053957e-05 3.899284961876350175e-05 1.000000000000000021e-08 1.000000000000000021e-08 1.000000000000000021e-08 1.000000000000000021e-08 1.000000000000000021e-08 1.000000000000000021e-08 1.000000000000000021e-08 1.603286520262690097e-05 2.198187660211009566e-05 3.665489447707729145e-05 1.201275353909096901e-04 4.282653150840031418e-03 2.208576516392088776e-05 1.000000000000000021e-08 1.000000000000000021e-08 1.401068207928819816e-05 3.565849206188841721e-05 3.121367667739802145e-05 4.130082562858940237e-05 3.968864714168169000e-05 1.039303584822794026e-03 8.184392735735278876e-04 7.577254273271366212e-05 5.153505990491930944e-04 1.805956628471196840e-02 4.788379793121759834e-03 4.228809093412398516e-03 2.983602189215808949e-03 2.152669284428116326e-03 3.601618121342348502e-03 1.961140834014615288e-03
1.000000000000000021e-08 1.000000000000000021e-08 1.000000000000000021e-08 1.000000000000000021e-08 1.426127683165489248e-05 2.111049514820812311e-05 3.827184737026266212e-05 1.000000000000000021e-08 1.000000000000000021e-08 1.000000000000000021e-08 1.000000000000000021e-08 1.000000000000000021e-08 1.000000000000000021e-08 1.802470629516108539e-05 1.000000000000000021e-08 1.000000000000000021e-08 1.000000000000000021e-08 2.581115659409739373e-05 2.047255019248137055e-05 1.000000000000000021e-08 1.000000000000000021e-08 1.000000000000000021e-08 3.082312507364757821e-05 1.000000000000000021e-08 2.732388169653096336e-05 2.658856843638299284e-05 6.392750407008517812e-04 5.364073402792456959e-03 4.865487074838241877e-04 1.655956166032160391e-04 1.264644272106504419e-04 1.000000000000000021e-08 1.000000000000000021e-08 1.760809480112338673e-03 3.131456283588267362e-03 3.596250886419159049e-03 1.141677420697885179e-03
1.000000000000000021e-08 1.000000000000000021e-08 1.000000000000000021e-08 1.000000000000000021e-08 1.020814901696667007e-05 2.043496913062717670e-05 2.791741897040896163e-05 1.000000000000000021e-08 2.805039037589355486e-05 6.149305021443292872e-05 4.631348553957964056e-05 4.196061437467782547e-05 8.343500756503150384e-05 1.489256502291578447e-04 5.950860101434105807e-05 1.000000000000000021e-08 1.000000000000000021e-08 1.432977405794601025e-05 1.534823720928957054e-05 3.418490280117834169e-05 5.372988459133172355e-05 5.796087188518773270e-05 5.213695197098008991e-05 4.767037395447022306e-05 4.376664404355831939e-05 7.537636727356612451e-05 7.660577268918460862e-04 1.413029158172686862e-03 1.313865554446147412e-03 1.399029869089577632e-03 1.489278248277847196e-03 1.002495950639184941e-03 7.857480643018842511e-05 1.035842100345693920e-03 1.270696762366013526e-02 5.575424411821665142e-03 6.543617181075323192e-04
1.000000000000000021e-08 1.000000000000000021e-08 1.000000000000000021e-08 1.000000000000000021e-08 1.000000000000000021e-08 1.534011662366506628e-05 2.628584507080805946e-05 3.686753585178865241e-05 7.264131612505164378e-05 8.571030446856218305e-05 1.207434756002987195e-04 1.705612112691692417e-04 3.486607543170142727e-04 1.823627804646115987e-04 1.000000000000000021e-08 1.000000000000000021e-08 1.000000000000000021e-08 1.000000000000000021e-08 1.000000000000000021e-08 1.000000000000000021e-08 1.000000000000000021e-08 1.000000000000000021e-08 1.179090100722036324e-05 1.000000000000000021e-08 1.000000000000000021e-08 1.057488187456309254e-05 4.163611728764204749e-05 4.950966207474036517e-05 2.771381853366445386e-04 1.271837798816659250e-04 6.736277979611545298e-05 6.507180436452340193e-04 6.759798770128096516e-04 9.985003452972990388e-04 2.105181361645536240e-03 2.405349565675996351e-02 5.097954551509628791e-04
1.000000000000000021e-08 1.000000000000000021e-08 1.000000000000000021e-08 1.000000000000000021e-08 1.000000000000000021e-08 1.474107810810417572e-05 2.380994508644016316e-05 2.807018234135230767e-05 3.077003499213696019e-05 5.265117377634396286e-05 5.175690575158854235e-05 1.827560807237814562e-04 1.146099655080203358e-04 1.000000000000000021e-08 2.044893613192108045e-05 1.117992964504603082e-04 1.000000000000000021e-08 1.000000000000000021e-08 1.000000000000000021e-08 1.000000000000000021e-08 1.000000000000000021e-08 2.698346519115556747e-05 5.048429890885162925e-05 5.077188008872097477e-05 5.132296998380276595e-05 8.277374185272167015e-05 4.621704141262635430e-05 2.988000034233599761e-05 2.226590828820935533e-05 8.379036649497322703e-05 1.000000000000000021e-08 3.839623731574550168e-05 6.409800465516715673e-04 9.197955063602016512e-04 7.123537959854332399e-03 6.055579184860433554e-03 3.020120900234466791e-05
1.000000000000000021e-08 1.000000000000000021e-08 1.000000000000000021e-08 1.000000000000000021e-08 1.683362478143733335e-05 2.197480381908158500e-05 1.931115620701279775e-05 1.541448445541112905e-05 1.582661411275187955e-05 2.037363817383759990e-05 1.142128814517902167e-04 8.024676549385755539e-05 1.000000000000000021e-08 1.617292105493117394e-05 1.879944647053446356e-05 1.464831103109452877e-05 1.677019020429181090e-05 1.735330478372860464e-05 2.146189508246383951e-05 1.000000000000000021e-08 1.837914866728758840e-05 1.000000000000000021e-08 9.499674731583690869e-05 9.526708543037365289e-05 9.410164308009893682e-05 7.078302358488227351e-05 6.620286712200224054e-05 6.024340329944130005e-05 4.862797810582909850e-05 1.000000000000000021e-08 1.000000000000000021e-08 1.168528885562108063e-05 4.993273342149980552e-04 5.649081618577070363e-02 7.266727953559279883e-03 5.535429904640045486e-05 5.739214326569688822e-05
1.000000000000000021e-08 1.000000000000000021e-08 1.000000000000000021e-08 1.000000000000000021e-08 1.000000000000000021e-08 1.000000000000000021e-08 1.000000000000000021e-08 1.000000000000000021e-08 1.000000000000000021e-08 1.000000000000000021e-08 1.000000000000000021e-08 1.438873526724608521e-05 3.811088307188400143e-05 1.000000000000000021e-08 1.000000000000000021e-08 1.356463950344824766e-05 2.328678924687045820e-05 3.126649629886059172e-05 1.000000000000000021e-08 1.000000000000000021e-08 1.000000000000000021e-08 2.635463660368031903e-05 1.882931379872644653e-05 5.790906641037856358e-05 9.312666743731838799e-05 1.000000000000000021e-08 1.000000000000000021e-08 4.407033469098823160e-05 1.000000000000000021e-08 1.000000000000000021e-08 1.000000000000000021e-08 2.046267564962877476e-04 3.982286174156843273e-02 4.972877665520689106e-02 1.087661805660181568e-05 1.000000000000000021e-08 1.000000000000000021e-08
1.000000000000000021e-08 1.000000000000000021e-08 1.000000000000000021e-08 1.000000000000000021e-08 1.000000000000000021e-08 1.000000000000000021e-08 1.000000000000000021e-08 1.391448112780975521e-05 1.855671285701035252e-05 4.597227340174659500e-05 1.000000000000000021e-08 1.000000000000000021e-08 1.000000000000000021e-08 1.000000000000000021e-08 1.000000000000000021e-08 1.881556980517414950e-05 6.767887700102102422e-05 5.979707766375391058e-05 3.140856612328156932e-05 1.995592747037566137e-05 1.610651531550195135e-05 1.489482796969139765e-05 2.366469125955348980e-05 4.645098948928760233e-05 8.137508990180641693e-05 1.000000000000000021e-08 1.000000000000000021e-08 1.000000000000000021e-08 1.000000000000000021e-08 1.000000000000000021e-08 1.220640476009299410e-05 5.827943872606736360e-03 2.416424052380993295e-02 1.000000000000000021e-08 1.000000000000000021e-08 2.215754565094998920e-05 2.886039634191819644e-05
1.000000000000000021e-08 1.000000000000000021e-08 1.000000000000000021e-08 1.000000000000000021e-08 1.000000000000000021e-08 1.000000000000000021e-08 1.987645096409915345e-05 3.476961757297754438e-05 5.877638700936283758e-05 5.541444044387305244e-05 1.000000000000000021e-08 1.000000000000000021e-08 1.000000000000000021e-08 1.234033412221750720e-05 1.688728883308976232e-05 3.711269202447139108e-05 4.485524724410571253e-05 1.205070324426657855e-04 9.426565323784675589e-05 7.691929233520522382e-05 5.939691751775430355e-05 4.380547401901629099e-05 4.353579853688012966e-05 5.311252614966512585e-05 1.000000000000000021e-08 1.000000000000000021e-08 1.000000000000000021e-08 1.000000000000000021e-08 1.000000000000000021e-08 1.000000000000000021e-08 2.277885943260261729e-05 5.039160781240781956e-02 6.501769335725431087e-03 5.611436437668512056e-05 5.178357666304225061e-05 4.913146686681905663e-05 3.653071996290726896e-05
1.000000000000000021e-08 1.000000000000000021e-08 1.000000000000000021e-08 1.000000000000000021e-08 1.000000000000000021e-08 1.000000000000000021e-08 1.000000000000000021e-08 1.000000000000000021e-08 1.000000000000000021e-08 1.000000000000000021e-08 1.000000000000000021e-08 1.321906879378324626e-05 1.710956342746884973e-05 1.000000000000000021e-08 1.440244462493599898e-05 1.349980244658495808e-05 1.181011069268007602e-05 1.217418297010775456e-05 8.643140346712104070e-05 1.482218977389428659e-04 1.256960965888861785e-04 1.036355001392272400e-04 1.000000000000000021e-08 1.000000000000000021e-08 1.000000000000000021e-08 1.000000000000000021e-08 1.000000000000000021e-08 1.000000000000000021e-08 1.081142379135960525e-05 4.970776767223365994e-05 1.088160027206254085e-02 3.837947122891398333e-02 5.261100990875848061e-05 4.679863804511641043e-05 6.102743788193808986e-05 7.585748169920372057e-05 5.766527748292174234e-05
1.000000000000000021e-08 1.000000000000000021e-08 1.000000000000000021e-08 1.000000000000000021e-08 1.000000000000000021e-08 1.000000000000000021e-08 1.000000000000000021e-08 1.000000000000000021e-08 1.000000000000000021e-08 1.000000000000000021e-08 2.298980150029708710e-05 1.000000000000000021e-08 2.217717532612742732e-05 1.000000000000000021e-08 1.292100101732631799e-05 1.319017158981988692e-05 1.325995247633091976e-05 1.386623957818438267e-05 2.225468962380488361e-05 2.583101240770521115e-05 9.212935033606400382e-05 1.000000000000000021e-08 1.000000000000000021e-08 1.435020695267647362e-05 1.000000000000000021e-08 1.000000000000000021e-08 1.000000000000000021e-08 1.000000000000000021e-08 1.913239070955832690e-05 7.746004220894726899e-03 7.659607523532195594e-03 2.978970412995024438e-05 1.000000000000000021e-08 1.000000000000000021e-08 1.000000000000000021e-08 1.000000100000000021e-05 1.000000100000000021e-05
1.000000000000000021e-08 1.000000000000000021e-08 1.000000000000000021e-08 1.000000000000000021e-08 1.000000000000000021e-08 1.000000000000000021e-08 1.000000000000000021e-08 1.000000000000000021e-08 1.000000000000000021e-08 2.344300040105508671e-05 3.705784109494780076e-05 5.762596721756032094e-05 5.504395897483555037e-05 1.020286564681694493e-04 1.293545317794061902e-04 2.187606720236750970e-04 1.000000000000000021e-08 1.000000000000000021e-08 1.000000000000000021e-08 2.202001430032865797e-05 1.000000000000000021e-08 2.873240865365962301e-05 4.158207800967259722e-05 4.489697933900324952e-05 1.000000000000000021e-08 1.000000000000000021e-08 1.000000000000000021e-08 1.000000000000000021e-08 1.961175109808005251e-05 9.100486465297626462e-03 4.784089131787819422e-03 4.046715628808735459e-05 1.434252467863694025e-05 1.000000000000000021e-08 1.000000000000000021e-08 1.000000100000000021e-05 1.000000100000000021e-05
1.000000000000000021e-08 1.000000000000000021e-08 1.000000000000000021e-08 1.000000000000000021e-08 1.000000000000000021e-08 1.000000000000000021e-08 1.000000000000000021e-08 1.000000000000000021e-08 1.000000000000000021e-08 1.000000000000000021e-08 1.232895180826310847e-05 1.104366690627253354e-05 5.655835034759533204e-05 6.159811327419100033e-05 5.692563465203241257e-05 5.340908913004700792e-05 5.808038114709160993e-05 4.244287875039746516e-05 1.171837382407280763e-04 1.000000000000000021e-08 1.000000000000000021e-08 3.124389214752729366e-05 4.824762876382516569e-05 7.022488996239892518e-05 1.000000000000000021e-08 1.000000000000000021e-08 1.000000000000000021e-08 1.000000000000000021e-08 2.326721593321699530e-05 1.056048630504589046e-02 3.336503155725627050e-03 1.000000000000000021e-08 1.228551276532411629e-05 1.038122211624729634e-05 1.000000000000000021e-08 1.000000100000000021e-05 1.000000100000000021e-05
1.000000000000000021e-08 1.000000000000000021e-08 1.000000000000000021e-08 1.000000000000000021e-08 1.000000000000000021e-08 1.000000000000000021e-08 1.000000000000000021e-08 1.000000000000000021e-08 1.000000000000000021e-08 1.000000000000000021e-08 1.000000000000000021e-08 1.952360809311824767e-05 3.862577647424912550e-05 3.472566466083592873e-05 1.000000000000000021e-08 1.335354878925875584e-05 2.006130409480190422e-05 2.381161348490476947e-05 2.512294606911006408e-05 2.666496133946701344e-05 1.679195904936111165e-05 1.231656948527724077e-05 1.196600352288103808e-05 1.000000000000000021e-08 1.914576561758253996e-05 2.119779708470081870e-05 1.000000000000000021e-08 1.000000000000000021e-08 2.950468509538094926e-05 1.129312940997479094e-02 1.988355270644501412e-03 3.597927205438399397e-05 2.238970552216336092e-05 1.554759131727696174e-05 1.000000000000000021e-08 1.000000100000000021e-05 1.000000100000000021e-05
1.000000000000000021e-08 1.000000000000000021e-08 1.000000000000000021e-08 1.000000000000000021e-08 1.000000000000000021e-08 1.000000000000000021e-08 1.000000000000000021e-08 1.000000000000000021e-08 1.000000000000000021e-08 1.065201500630269426e-05 1.030524472809031369e-05 1.000000000000000021e-08 1.000000000000000021e-08 1.000000000000000021e-08 1.000000000000000021e-08 1.331477900621029399e-05 1.430922485168092956e-05 1.491076866257539082e-05 1.617432203698033241e-05 1.782870301057571367e-05 3.122158263923725607e-05 1.000000000000000021e-08 1.000000000000000021e-08 1.000000000000000021e-08 1.000000000000000021e-08 1.000000000000000021e-08 1.000000000000000021e-08 1.766759110589998126e-05 7.287714613902930051e-03 2.839046218223324758e-02 1.620344168916313353e-03 1.000000000000000021e-08 1.000000000000000021e-08 1.000000000000000021e-08 1.166949205443903328e-05 1.000000100000000021e-05 1.000000100000000021e-05
