output/water_depth_7560.asc
ncols 223
nrows 158
xllcorner 0.0
yllcorner 0.0
cellsize 30.0
[rows 102 to 118 of 158, columns 185 to 221 of 223]
1.494615230443813534e-05 1.606482577882692781e-05 2.032582413576398587e-05 2.178836702690176237e-05 1.000000000000000021e-08 1.000000000000000021e-08 3.894876120282377008e-02 2.525802206713230746e-01 3.959086687860428021e-03 3.983109279169799884e-04 2.820256000238969803e-04 1.195406663352426767e-04 9.387210401767390785e-05 9.575265211401269225e-05 1.038127787754320017e-04 1.089169236884589032e-04 3.536261106986557053e-05 1.664600225903744245e-05 1.327959379064104090e-05 1.056897829566873557e-05 1.000000000000000021e-08 1.000000000000000021e-08 1.000000000000000021e-08 1.000000000000000021e-08 1.000000000000000021e-08 1.000000000000000021e-08 1.000000000000000021e-08 1.000000000000000021e-08 1.000000000000000021e-08 1.411302468657255298e-05 1.000000100000000021e-05 1.000000100000000021e-05 1.000000100000000021e-05 1.000000100000000021e-05 1.000000100000000021e-05 1.000000100000000021e-05 1.000000100000000021e-05
2.449303010773707114e-05 2.117241949568194541e-05 3.859940308147151504e-05 3.909886609453084845e-05 3.337826010171198989e-05 1.000000000000000021e-08 1.157867756950235229e-02 1.675223157536533392e-01 1.395120103493405813e-03 1.414123826186042742e-04 1.936964268595000682e-04 2.639179249095071787e-04 2.339459483034319253e-04 1.859185656140957934e-04 1.387552236723902700e-04 5.488024579894866891e-05 1.578172816849659175e-04 3.401671275936121058e-05 3.221568436174970638e-05 2.086529991800523028e-05 1.112034900953628141e-05 1.000000000000000021e-08 1.000000000000000021e-08 1.000000000000000021e-08 1.000000000000000021e-08 1.000000000000000021e-08 1.000000000000000021e-08 1.000000000000000021e-08 1.000000000000000021e-08 1.043578799175851149e-05 1.000000100000000021e-05 1.000000100000000021e-05 1.000000100000000021e-05 1.000000100000000021e-05 1.000000100000000021e-05 1.000000100000000021e-05 1.000000100000000021e-05
1.000000000000000021e-08 1.000000000000000021e-08 1.000000000000000021e-08 1.000000000000000021e-08 1.885724227739486313e-04 6.884541805926172250e-03 3.404584413995921932e-01 1.737173680000198006e-01 3.066253917367739185e-04 1.000000000000000021e-08 1.000000000000000021e-08 1.000000000000000021e-08 1.000000000000000021e-08 1.000000000000000021e-08 1.000000000000000021e-08 1.060306286022874502e-04 2.928150812596102409e-04 7.909874065926976287e-05 6.688696777111504592e-05 4.415075863270574350e-05 2.771329230865793444e-05 1.308279868042955306e-05 1.000000000000000021e-08 1.000000000000000021e-08 1.000000000000000021e-08 1.000000000000000021e-08 1.000000000000000021e-08 1.000000000000000021e-08 1.000000000000000021e-08 1.000000000000000021e-08 1.000000100000000021e-05 1.000000100000000021e-05 1.000000100000000021e-05 1.000000100000000021e-05 1.000000100000000021e-05 1.000000100000000021e-05 1.000000100000000021e-05
1.000000000000000021e-08 1.000000000000000021e-08 1.000000000000000021e-08 1.000000000000000021e-08 1.029405883726190914e-03 2.220749588447998857e-01 2.590490002979136674e-01 1.308852489278801987e-04 1.336105392535921006e-05 1.884671116719985220e-05 1.535477257003202225e-05 1.236357043004996327e-05 1.000000000000000021e-08 1.000000000000000021e-08 2.764695333688744222e-05 4.421385781356323589e-05 6.482497441549179423e-03 5.320831959538203573e-05 1.000000000000000021e-08 1.000000000000000021e-08 1.000000000000000021e-08 1.000000000000000021e-08 1.000000000000000021e-08 1.000000000000000021e-08 1.000000000000000021e-08 1.000000000000000021e-08 1.731144972114863418e-05 1.413647393831860149e-05 1.107972384018275251e-05 1.000000000000000021e-08 1.000000100000000021e-05 1.000000100000000021e-05 1.000000100000000021e-05 1.000000100000000021e-05 1.000000100000000021e-05 1.000000100000000021e-05 1.000000100000000021e-05
9.053765143788570808e-05 7.081612741377024320e-05 1.000000000000000021e-08 1.000000000000000021e-08 4.923048742058559746e-04 1.953829858384537044e-01 2.168132441988885328e-01 1.579388038704432383e-04 9.178765960260266076e-05 7.336015701891826924e-05 4.724354886276467389e-05 3.215703668178047410e-05 2.607077089095900094e-05 3.636331741254195338e-05 1.000000000000000021e-08 2.082381077271448596e-05 5.541631873983193964e-03 1.011065293540955009e-04 1.000000000000000021e-08 1.000000000000000021e-08 1.000000000000000021e-08 1.000000000000000021e-08 1.000000000000000021e-08 1.000000000000000021e-08 1.000000000000000021e-08 1.000000000000000021e-08 1.000000000000000021e-08 4.481474473389707066e-05 3.020141088373890241e-05 1.768812024286210892e-05 1.000000100000000021e-05 1.000000100000000021e-05 1.000000100000000021e-05 1.000000100000000021e-05 1.000000100000000021e-05 1.000000100000000021e-05 1.000000100000000021e-05
5.594299498591324157e-05 9.908815696792388562e-05 9.291840919033782990e-05 8.942813447741956823e-05 6.144501598179002337e-04 1.260410388902706014e-01 1.594807150292657238e-01 2.322218093898079414e-05 1.000000000000000021e-08 1.854076895255162897e-05 1.000000000000000021e-08 7.501672796939407668e-05 7.071859989928357874e-05 1.909313158759121429e-05 1.000000000000000021e-08 1.000000000000000021e-08 8.606102524424307171e-04 1.350180246972626681e-04 1.357834346914878806e-04 1.671951292394337988e-04 1.422006134530909923e-04 1.188482464200758977e-04 9.441730043351405919e-05 7.304480316124382499e-05 5.107950159487128003e-05 3.047383114908944812e-05 1.482206804269696311e-05 1.000000000000000021e-08 1.079342849117940241e-05 1.000000100000000021e-05 1.000000100000000021e-05 1.000000100000000021e-05 1.000000100000000021e-05 1.000000100000000021e-05 1.000000100000000021e-05 1.000000100000000021e-05 1.000000100000000021e-05
3.465525765170051812e-05 3.917740687442186441e-05 7.161732072662349796e-05 1.000000000000000021e-08 1.339886755409894995e-03 2.918140596709213330e-01 5.920863131190563095e-02 1.000000000000000021e-08 2.905737645715367155e-05 2.733791651422478306e-05 2.699088246385914871e-05 1.724078778057846622e-05 1.000000000000000021e-08 1.000000000000000021e-08 1.000000000000000021e-08 1.000000000000000021e-08 9.337643302386504579e-04 1.713036412002750684e-04 9.953790138562580042e-05 2.788001720949443002e-05 2.578252801606339284e-05 2.137130781438840486e-05 2.021380903540082464e-05 1.654125780273407894e-05 1.579516016101082401e-05 1.533649879636777568e-05 1.000000000000000021e-08 1.000000000000000021e-08 1.000000000000000021e-08 1.000000100000000021e-05 1.000000100000000021e-05 1.000000100000000021e-05 1.000000100000000021e-05 1.000000100000000021e-05 1.000000100000000021e-05 1.000000100000000021e-05 1.000000100000000021e-05
1.563581162659164733e-05 4.174491440842640450e-05 8.309580372052907096e-05 1.163136295258264017e-04 2.062650870311886486e-01 2.166645747979563386e-01 1.834007790618332467e-01 6.107848989031204080e-04 1.000000000000000021e-08 2.570690498587975052e-05 1.343961086974895625e-05 1.000000000000000021e-08 2.836957382246057876e-05 1.000000000000000021e-08 1.000000000000000021e-08 1.671094058818979448e-05 1.038641290774277616e-02 2.393932483822905821e-04 5.647794130420586122e-05 1.000000000000000021e-08 1.000000000000000021e-08 1.000000000000000021e-08 1.000000000000000021e-08 1.000000000000000021e-08 1.000000000000000021e-08 1.000000000000000021e-08 1.000000000000000021e-08 1.000000000000000021e-08 1.000000000000000021e-08 1.000000100000000021e-05 1.000000100000000021e-05 1.000000100000000021e-05 1.000000100000000021e-05 1.000000100000000021e-05 1.000000100000000021e-05 1.000000100000000021e-05 1.000000100000000021e-05
1.000000000000000021e-08 1.000000000000000021e-08 1.000000000000000021e-08 1.378458444311220107e-05 1.478784293368569932e-05 1.246570293937439150e-01 1.036486475633169313e-01 6.802149786545169663e-04 1.000000000000000021e-08 1.000000000000000021e-08 1.000000000000000021e-08 1.000000000000000021e-08 1.000000000000000021e-08 1.000000000000000021e-08 3.262048958942460056e-05 5.977194581168442274e-03 7.509954131517888702e-03 2.878254262953022365e-05 3.768606201440568003e-05 1.000000000000000021e-08 1.000000000000000021e-08 1.000000000000000021e-08 1.000000000000000021e-08 1.000000000000000021e-08 1.000000000000000021e-08 1.671787220148614769e-05 1.383865300973608461e-05 1.327987131416746310e-05 1.600805969854320076e-05 1.000000100000000021e-05 1.000000100000000021e-05 1.000000100000000021e-05 1.000000100000000021e-05 1.000000100000000021e-05 1.000000100000000021e-05 1.000000100000000021e-05 1.000000100000000021e-05
1.000000000000000021e-08 1.000000000000000021e-08 1.000000000000000021e-08 1.000000000000000021e-08 1.000000000000000021e-08 7.200502261921098990e-02 1.629430554250906604e-01 1.084000473578931390e-03 1.000000000000000021e-08 1.202005556506370448e-05 1.000000000000000021e-08 1.000000000000000021e-08 1.000000000000000021e-08 1.000000000000000021e-08 1.000000000000000021e-08 9.221928631237215389e-04 1.373518462450786654e-03 1.000000000000000021e-08 1.000000000000000021e-08 2.180815223349173788e-05 1.950393095744366157e-05 1.304462407119082824e-05 1.000000000000000021e-08 2.658220174197783650e-05 2.442708364150371158e-05 2.193757373770190630e-05 1.660031398771267503e-05 1.213823989627583456e-05 1.000000000000000021e-08 1.000000100000000021e-05 1.000000100000000021e-05 1.000000100000000021e-05 1.000000100000000021e-05 1.000000100000000021e-05 1.000000100000000021e-05 1.000000100000000021e-05 1.000000100000000021e-05
1.000000000000000021e-08 1.000000000000000021e-08 1.000000000000000021e-08 1.000000000000000021e-08 1.000000000000000021e-08 4.558090476201188956e-02 1.963329026358321960e-01 1.104231447432152315e-03 1.522085247597701599e-05 1.409400282976646494e-05 1.000000000000000021e-08 1.000000000000000021e-08 1.000000000000000021e-08 1.000000000000000021e-08 1.000000000000000021e-08 1.450061541170522342e-03 1.035724359608744603e-04 1.000000000000000021e-08 6.683907142191184336e-05 1.000000000000000021e-08 1.132553094614710554e-05 1.507565143156619666e-05 1.000000000000000021e-08 1.000000000000000021e-08 2.924489055638170712e-05 2.172126536174748276e-05 1.803494952326016286e-05 1.091508348025501802e-05 1.000000000000000021e-08 1.000000100000000021e-05 1.000000100000000021e-05 1.000000100000000021e-05 1.000000100000000021e-05 1.000000100000000021e-05 1.000000100000000021e-05 1.000000100000000021e-05 1.000000100000000021e-05
3.287950194349542957e-04 2.669313024308152911e-04 1.990219772984713070e-04 1.000000000000000021e-08 2.501446057920773589e-05 4.834937173618460982e-01 4.865625146756430430e-01 4.376287957471333145e-01 1.000000000000000021e-08 1.000000000000000021e-08 1.143956600819214695e-05 1.000000000000000021e-08 1.000000000000000021e-08 1.740301403384949405e-05 1.595146173754322105e-02 2.274568702933558399e-03 1.286558027819573993e-04 1.000000000000000021e-08 1.423172571092318198e-05 1.000000000000000021e-08 1.000000000000000021e-08 2.726211419942718475e-05 4.033199971790586783e-05 4.775290851316889719e-05 4.820295264884938359e-05 2.987214932754979780e-05 2.231543615241550661e-05 1.238823255126504281e-05 1.000000000000000021e-08 1.000000100000000021e-05 1.000000100000000021e-05 1.000000100000000021e-05 1.000000100000000021e-05 1.000000100000000021e-05 1.000000100000000021e-05 1.000000100000000021e-05 1.000000100000000021e-05
2.366819582568972513e-01 2.516711114901810653e-01 2.645181321429920795e-01 2.762506759221983188e-01 2.877203520860736607e-01 4.940089835465042989e-01 4.839905252829962423e-01 4.056174290936317428e-01 3.118293038404070239e-01 1.755643505043794487e-05 1.764261681082493477e-05 1.518204874994935896e-05 1.020658895799229518e-05 1.000000000000000021e-08 1.237870535901129318e-02 3.933428793165600246e-04 1.445937631306577493e-04 1.000000000000000021e-08 1.000000000000000021e-08 1.000000000000000021e-08 1.000000000000000021e-08 5.973990125481349391e-05 6.467597480671432566e-05 5.259094280705989017e-05 5.917323689589241959e-05 6.661388481876302499e-05 4.552467296284532075e-05 2.649843044906638120e-05 1.303162092493267388e-05 1.000000100000000021e-05 1.000000100000000021e-05 1.000000100000000021e-05 1.000000100000000021e-05 1.000000100000000021e-05 1.000000100000000021e-05 1.000000100000000021e-05 1.000000100000000021e-05
2.386611240202237555e-02 1.613158384002684465e-02 1.034283793278394786e-02 6.704215152326416585e-03 4.492105994323074974e-03 3.401989925773756494e-03 3.935658191703030051e-03 2.938497438369792603e-01 7.085250044301091288e-01 5.627674645956847188e-01 3.130161679011417980e-02 5.611628785589414499e-04 5.514215199218067706e-05 1.820123229351687099e-04 1.667177966601251018e-03 2.312285681469891880e-04 3.363619127713127438e-05 5.769609119575298698e-05 7.645863438391259414e-05 7.757089060384111338e-05 9.458260743483815709e-05 1.127148546544170940e-04 4.867023077370984075e-05 1.000000000000000021e-08 3.851274578374374777e-05 1.618110786577171056e-05 1.062053308594288643e-05 1.000000000000000021e-08 1.000000000000000021e-08 1.000000100000000021e-05 1.000000100000000021e-05 1.000000100000000021e-05 1.000000100000000021e-05 1.000000100000000021e-05 1.000000100000000021e-05 1.000000100000000021e-05 1.000000100000000021e-05
1.000000000000000021e-08 1.000000000000000021e-08 1.000000000000000021e-08 1.000000000000000021e-08 2.785307160111088337e-05 1.000000000000000021e-08 1.000000000000000021e-08 7.956811749793329036e-04 6.165721510426863845e-03 3.463193588112593591e-01 3.518829845774335552e-01 1.344674018570804833e-02 2.747704430972838807e-04 1.358766901505491210e-04 1.460412510713479661e-03 1.829786359535509783e-04 1.540294030603805075e-04 1.905517149178056861e-04 2.260755957348659854e-04 1.979118610060157752e-04 1.425890968102682570e-04 7.284710287732849821e-05 5.869551459121597219e-05 1.000000000000000021e-08 3.728910880484993774e-05 1.840976458883462072e-05 1.000000000000000021e-08 1.000000000000000021e-08 1.000000000000000021e-08 1.000000100000000021e-05 1.000000100000000021e-05 1.000000100000000021e-05 1.000000100000000021e-05 1.000000100000000021e-05 1.000000100000000021e-05 1.000000100000000021e-05 1.000000100000000021e-05
1.000000000000000021e-08 1.000000000000000021e-08 1.000000000000000021e-08 1.000000000000000021e-08 1.589169436346056974e-05 8.279736681993915114e-04 1.000000000000000021e-08 1.000000000000000021e-08 1.000000000000000021e-08 1.679479695493966418e-01 5.598384404236740330e-01 5.260663512455748814e-01 4.545437614211707581e-04 2.131671474178972801e-04 1.185975770123879952e-03 3.193029349497773068e-04 1.887953285061999824e-04 1.280728099312243996e-04 5.034660999232387987e-05 5.029242800577249199e-05 4.542164474998368584e-05 5.041099575941171412e-05 5.694109729857382282e-05 6.548919486870906923e-05 4.973007378795543453e-05 1.704624662490188944e-05 1.000000000000000021e-08 1.000000000000000021e-08 1.000000100000000021e-05 1.000000100000000021e-05 1.000000100000000021e-05 1.000000100000000021e-05 1.000000100000000021e-05 1.000000100000000021e-05 1.000000100000000021e-05 1.000000100000000021e-05 1.000000100000000021e-05
2.310061862819550344e-05 2.551307708157428571e-05 1.000000000000000021e-08 1.000000000000000021e-08 1.000000000000000021e-08 8.471424838158740840e-05 1.340335760417855427e-04 6.325959106096605219e-05 1.244915884091432308e-03 4.902025790019104434e-01 5.225710193731845088e-01 4.950511697217526708e-01 4.985715045860937278e-01 8.361919667247564702e-04 1.516110967349342269e-04 5.608760856797312150e-05 5.286760593325251446e-05 4.814732641597169714e-05 3.780129616379657756e-05 1.622353220087969676e-05 2.007563242352221539e-05 1.925326105505341542e-05 2.068365794038372896e-05 1.000000000000000021e-08 1.000000000000000021e-08 1.180491527102673010e-05 1.188689788403541870e-05 1.045160905918608801e-05 1.000000100000000021e-05 1.000000100000000021e-05 1.000000100000000021e-05 1.000000100000000021e-05 1.000000100000000021e-05 1.000000100000000021e-05 1.000000100000000021e-05 1.000000100000000021e-05 1.000000100000000021e-05
