output/water_depth_3240.asc
ncols 223
nrows 158
xllcorner 0.0
yllcorner 0.0
cellsize 30.0
[rows 102 to 118 of 158, columns 185 to 221 of 223]
1.930584006794986408e-05 2.102374693387566338e-05 3.380309637306369748e-04 3.128234788333767542e-04 2.600386439565380089e-05 1.015154430046927639e-04 5.619679505237866468e-02 3.446537865342998441e-01 7.138993382218972346e-03 3.507218925921706375e-03 2.555710900598087958e-03 9.249840560226361887e-04 6.610529434919791775e-04 7.229261633994506914e-04 7.645227877654158432e-04 7.444947397953503637e-04 3.335761061895542532e-04 1.869773753872579084e-04 1.391756518972018912e-04 1.244982231940641823e-04 1.013234129827599337e-04 8.237972332984696546e-05 1.000000000000000021e-08 2.153822876388488276e-05 1.917965231003716987e-05 1.820925248695184914e-05 1.152318569788502677e-05 1.000000000000000021e-08 1.000000000000000021e-08 5.870216641346238446e-05 1.000000100000000021e-05 1.000000100000000021e-05 1.000000100000000021e-05 1.000000100000000021e-05 1.000000100000000021e-05 1.000000100000000021e-05 1.000000100000000021e-05
2.231257765777216052e-05 2.991171775815614512e-05 1.972586776185852539e-04 1.867644388282033380e-04 3.075045939191153741e-05 1.158851261514438815e-03 1.359440463694738636e-02 2.902354222791215799e-01 2.674225031310334660e-03 1.190636565372854994e-03 1.700884488492635394e-03 2.465241199215810475e-03 2.182978329715107996e-03 1.654900504112077767e-03 1.144854349406289979e-03 4.800630051613104265e-04 1.301170497386850171e-03 8.011580876723544862e-05 8.596374615375953696e-05 5.661719621317339815e-05 3.645935563331410920e-05 1.000000000000000021e-08 1.000000000000000021e-08 1.000000000000000021e-08 1.000000000000000021e-08 1.637433078608287090e-05 1.062576860207177779e-05 1.000000000000000021e-08 1.000000000000000021e-08 4.829659619831550894e-05 1.000000100000000021e-05 1.000000100000000021e-05 1.000000100000000021e-05 1.000000100000000021e-05 1.000000100000000021e-05 1.000000100000000021e-05 1.000000100000000021e-05
1.000000000000000021e-08 1.000000000000000021e-08 1.825056522790787064e-05 1.416607820286904914e-05 2.671839071007481325e-04 6.391876284199148918e-03 3.590877587392682924e-01 2.876770870585709239e-01 4.718068295624175271e-04 3.814635722066030262e-05 3.068403835339469888e-05 4.494678704663711142e-05 5.076745110233735246e-05 3.687228019880644706e-05 1.733250004722999182e-05 8.480359120108098845e-04 2.382561612395872348e-03 4.612445242527489367e-04 3.789912786162107951e-04 2.478044584095166866e-04 1.537020126189548176e-04 8.492455611451953513e-05 3.368425360520339092e-05 2.126146831151264169e-05 1.234031529908617369e-05 1.000000000000000021e-08 5.618217437099206333e-05 4.832225236548062059e-05 4.422305050853829006e-05 4.540605346074690925e-05 1.000000100000000021e-05 1.000000100000000021e-05 1.000000100000000021e-05 1.000000100000000021e-05 1.000000100000000021e-05 1.000000100000000021e-05 1.000000100000000021e-05
2.228606409464252923e-04 7.200670322375554147e-05 1.279556170582282076e-04 1.100575173304084041e-04 1.108799424594398642e-03 2.439183965372329066e-01 2.773505032934936443e-01 1.772109364919567827e-04 4.928113723564567662e-05 7.315708392916227634e-05 7.883718724960856383e-05 6.417086410626054820e-05 1.676326177044287213e-05 1.029023428439866074e-05 9.447630365171050075e-05 2.798089088008824101e-04 2.453254872244525417e-02 4.381783887479069714e-04 1.406772838780851472e-05 1.156402271748547681e-05 1.000000000000000021e-08 1.000000000000000021e-08 9.519400924616552991e-05 1.137942236864902511e-05 1.000000000000000021e-08 1.000000000000000021e-08 9.929269073350654930e-05 7.829073447708300533e-05 5.894338286170629508e-05 3.998763684216442713e-05 1.000000100000000021e-05 1.000000100000000021e-05 1.000000100000000021e-05 1.000000100000000021e-05 1.000000100000000021e-05 1.000000100000000021e-05 1.000000100000000021e-05
2.203777420934763254e-03 2.477247644988867566e-03 8.545611192664017601e-04 1.266571087580613091e-03 9.591002362212485647e-04 2.188864086450835189e-01 2.335683273245410529e-01 8.641850523924855939e-04 6.294223604649461191e-04 5.073914563587844694e-04 3.399278106898490320e-04 1.424419417959479374e-04 1.114241545470080942e-04 1.506026265035369347e-04 2.910072635312471723e-05 1.148903536209117067e-04 2.112596451163608474e-02 1.072388831319431987e-03 5.593036966797535002e-05 6.861172872919373954e-05 5.131282750726679691e-05 5.987044534080659811e-05 4.579590776498045795e-05 4.753178162063225436e-05 3.631888135389494971e-05 4.348518360957838219e-05 3.704918431021338301e-05 2.689831088725799877e-04 1.641301739255908237e-04 8.286738180424091068e-05 1.000000100000000021e-05 1.000000100000000021e-05 1.000000100000000021e-05 1.000000100000000021e-05 1.000000100000000021e-05 1.000000100000000021e-05 1.000000100000000021e-05
1.129190792567327708e-03 2.976721581269410957e-03 2.279707762515442888e-03 1.801641567966486435e-03 1.349130178605501083e-03 1.646776261466389446e-01 1.779238011453593282e-01 3.804018391806249385e-04 2.426400634861390561e-05 1.771141029612294932e-04 1.219265532817709078e-05 3.131182705965183163e-04 2.830846406996284041e-04 8.172660867286578160e-05 1.429891155757581205e-05 3.294714930589135528e-05 5.803423470896905065e-03 7.779362333676943233e-04 9.216974075068664349e-04 1.257930024938478135e-03 1.090197709490506274e-03 9.273031626721024408e-04 7.506974564624029631e-04 5.868500347771828498e-04 4.317023403320203860e-04 2.804101961719423857e-04 1.449917987461610855e-04 1.000000000000000021e-08 5.566085517603911955e-05 1.000000100000000021e-05 1.000000100000000021e-05 1.000000100000000021e-05 1.000000100000000021e-05 1.000000100000000021e-05 1.000000100000000021e-05 1.000000100000000021e-05 1.000000100000000021e-05
4.792697482740843995e-04 7.035689506857262243e-04 6.004778335420242258e-04 6.701479811852618972e-04 1.468983557726693916e-03 2.995879955111825921e-01 6.790421913951251442e-02 8.038665371551784687e-05 1.107041302606496272e-04 1.381097654402931550e-04 1.374415554124864842e-04 8.311886603807626720e-05 1.000000000000000021e-08 3.060821803490898437e-05 2.758054222749267291e-05 4.491501360316400480e-05 6.407365896764606952e-03 1.016178855865692513e-03 7.454903961409144707e-04 2.074295130227099754e-04 1.517993166124604395e-04 9.320895386112699912e-05 8.309244310706909989e-05 7.605894652980267981e-05 8.111079928288557881e-05 9.213933281738051397e-05 6.661024264617396065e-05 3.639670823382485309e-05 1.000000000000000021e-08 1.000000100000000021e-05 1.000000100000000021e-05 1.000000100000000021e-05 1.000000100000000021e-05 1.000000100000000021e-05 1.000000100000000021e-05 1.000000100000000021e-05 1.000000100000000021e-05
6.991596694397058233e-05 4.889081415601888390e-04 1.233651772129774936e-03 3.155849993579057204e-03 2.255782235084815013e-01 2.328695209044223391e-01 2.095230437498583898e-01 3.630258825643147631e-04 1.000000000000000021e-08 1.547879556614692920e-04 8.820156702235911080e-05 1.000000000000000021e-08 9.493933547954986805e-05 3.941862893710457307e-05 5.023865661308762794e-05 9.664562706424150861e-05 3.643990572899587221e-02 1.496760773487553712e-03 9.756249703103792134e-05 1.218181149396424713e-05 1.000000000000000021e-08 1.000000000000000021e-08 1.000000000000000021e-08 1.000000000000000021e-08 1.000000000000000021e-08 4.135696416393833325e-05 3.808121129743062598e-05 3.415988679659962273e-05 2.808913148402841244e-05 1.000000100000000021e-05 1.000000100000000021e-05 1.000000100000000021e-05 1.000000100000000021e-05 1.000000100000000021e-05 1.000000100000000021e-05 1.000000100000000021e-05 1.000000100000000021e-05
1.000000000000000021e-08 1.425670206505079444e-05 1.841146847793952493e-04 2.199065789792134138e-04 2.292896911373550626e-04 1.636835364976967355e-01 1.519719404158841880e-01 3.973699968300889690e-04 1.000000000000000021e-08 4.825550124124876133e-05 4.341403182944212567e-05 3.010837492817208333e-05 1.441622914877363966e-05 5.226981982729812738e-05 1.659905887496529811e-04 2.058067514871497403e-02 2.612335817065427473e-02 9.510788893019674105e-05 1.161736596783455327e-04 1.000000000000000021e-08 1.000000000000000021e-08 1.037491689019429881e-05 1.000000000000000021e-08 1.000000000000000021e-08 1.000000000000000021e-08 7.992289882825302197e-05 6.846049819510728422e-05 6.529739481311910962e-05 8.104031993817798439e-05 1.000000100000000021e-05 1.000000100000000021e-05 1.000000100000000021e-05 1.000000100000000021e-05 1.000000100000000021e-05 1.000000100000000021e-05 1.000000100000000021e-05 1.000000100000000021e-05
1.000000000000000021e-08 7.161131785156516622e-05 6.308717654932501930e-05 5.331796370393550495e-05 4.856046155705057773e-05 8.243894603677580368e-02 2.382705951461813743e-01 3.727842107044375544e-05 1.000000000000000021e-08 6.720003911726002963e-05 4.964695158670783361e-05 3.466855225840930561e-05 1.653068303554769018e-05 5.076864140758883821e-05 4.821295280776347937e-05 5.451306463302591117e-03 7.521433024673380638e-03 1.000000000000000021e-08 1.000000000000000021e-08 1.439109513214468665e-05 1.565546610773777613e-05 1.100110741912805648e-05 1.176385649298589158e-05 1.204702098264184780e-04 1.204576750799058105e-04 1.175262144259679069e-04 8.742388829671691075e-05 6.071049130808666870e-05 1.008132976236050030e-05 1.000000100000000021e-05 1.000000100000000021e-05 1.000000100000000021e-05 1.000000100000000021e-05 1.000000100000000021e-05 1.000000100000000021e-05 1.000000100000000021e-05 1.000000100000000021e-05
1.000000000000000021e-08 1.000000000000000021e-08 4.165229703016789099e-05 7.191300582577989564e-05 8.233503158142581910e-05 4.153683151668696727e-02 2.846331889707355289e-01 5.078122473771032135e-05 6.244821298331998166e-05 7.421274264669229786e-05 5.268770065486122288e-05 3.477640005061539697e-05 2.681009641707628061e-05 5.368920861266231491e-05 5.453518937009827557e-05 8.739560093360788234e-03 2.056896668571207409e-03 4.786024024783108884e-05 6.680649822728731806e-04 3.536413156032595614e-05 2.819663254305747579e-05 3.451546371741088268e-05 2.496050066261385346e-05 3.137362648946448538e-05 1.521005872069704234e-04 1.210926632529480318e-04 9.738048037080139756e-05 5.902543321620810338e-05 1.864932657275004401e-05 1.000000100000000021e-05 1.000000100000000021e-05 1.000000100000000021e-05 1.000000100000000021e-05 1.000000100000000021e-05 1.000000100000000021e-05 1.000000100000000021e-05 1.000000100000000021e-05
6.328915947072382710e-05 3.765176499232469751e-05 5.334428168868261605e-05 1.000000000000000021e-08 6.632248139029499649e-05 3.941891731155670597e-01 4.011728713586322215e-01 3.612450330730550552e-01 1.000000000000000021e-08 1.000000000000000021e-08 6.868691514680779343e-05 4.553558207744507852e-05 2.358520823404551781e-05 1.047207097448864385e-04 5.110297412557079227e-02 1.108681495722358031e-02 2.624903644691644299e-03 5.766767059790282542e-05 1.184516139358336300e-04 4.513351154129463045e-05 1.000000000000000021e-08 7.630336178498509905e-05 1.269082474790085980e-04 1.849580110824443292e-04 2.390183269440491662e-04 1.597156682060973585e-04 1.200005528759605112e-04 7.289351952009425677e-05 2.684036892103448604e-05 1.000000100000000021e-05 1.000000100000000021e-05 1.000000100000000021e-05 1.000000100000000021e-05 1.000000100000000021e-05 1.000000100000000021e-05 1.000000100000000021e-05 1.000000100000000021e-05
2.372203441874129182e-01 2.310053171530144778e-01 2.244869777587035486e-01 2.167403597969034534e-01 2.083975006355283655e-01 3.988434893860621222e-01 3.948295426584845225e-01 3.328011773448478761e-01 2.650742008663694027e-01 1.003585321168369007e-03 1.054925866752681930e-04 9.043705318593578684e-05 6.569678765590832665e-05 6.803806919097017485e-05 3.996327551252878280e-02 2.549101152380985665e-03 1.053142391888934248e-03 8.733479676302437385e-05 9.751538957366156916e-05 1.046210208414496768e-05 1.259450207305275287e-05 2.148100245198340374e-04 2.586061705384009300e-04 2.511573238819265487e-04 3.089371365138964464e-04 3.910011138837321759e-04 2.799867833090872700e-04 1.655673973073912059e-04 7.402352957011710719e-05 1.000000100000000021e-05 1.000000100000000021e-05 1.000000100000000021e-05 1.000000100000000021e-05 1.000000100000000021e-05 1.000000100000000021e-05 1.000000100000000021e-05 1.000000100000000021e-05
1.971287075270132527e-02 8.918179210508284452e-03 9.101856751739740084e-03 5.400240706025094019e-03 3.271492237516848613e-03 2.053321400166909904e-03 2.181482625951171317e-03 2.556117367128064033e-01 5.346870000598386019e-01 4.544780969162122708e-01 1.015609665447956764e-02 2.517203897719090880e-03 1.059731834802200845e-03 3.092726316687665310e-03 8.701483244395015818e-03 2.027567199838736355e-03 1.776113561370420480e-04 2.865400947448614290e-04 3.727004407710778999e-04 3.903521678381595005e-04 4.959255683262074176e-04 6.115266216904051422e-04 3.875009823545027968e-04 2.438653805743696025e-05 2.157506457983257716e-04 8.943877788955808595e-05 7.400850212076274777e-05 4.619754582111980639e-05 2.706516958374317904e-05 1.000000100000000021e-05 1.000000100000000021e-05 1.000000100000000021e-05 1.000000100000000021e-05 1.000000100000000021e-05 1.000000100000000021e-05 1.000000100000000021e-05 1.000000100000000021e-05
4.467799179875267594e-05 4.231954532754193175e-05 4.450940999088654734e-05 7.001793362697360072e-05 1.956610425809192279e-04 1.791166314270354248e-05 1.000000000000000021e-08 4.390394907390418057e-04 1.401534476739979378e-03 2.235243000184429507e-01 2.379717435724318653e-01 7.064247047288713804e-03 2.641217523840670885e-03 2.321133656560744538e-03 6.712515133788788703e-03 3.757550386107999106e-04 4.134429410776414631e-04 3.240534177147750237e-04 3.831136878355079277e-04 2.647918225300565503e-04 2.391168162960645622e-04 1.082114946251957121e-04 1.011601362789102084e-04 4.457353001839867856e-05 2.239972897437995404e-04 1.289438121746864336e-04 4.004855891878474213e-05 2.658905320682396228e-05 1.811336989804108866e-05 1.000000100000000021e-05 1.000000100000000021e-05 1.000000100000000021e-05 1.000000100000000021e-05 1.000000100000000021e-05 1.000000100000000021e-05 1.000000100000000021e-05 1.000000100000000021e-05
1.353141727824044719e-05 1.658856572657467740e-05 3.134579524424340076e-05 5.169648224715104728e-05 1.086642373460330744e-04 1.970778315641036164e-03 1.000000000000000021e-08 1.000000000000000021e-08 1.319316862258367521e-05 1.142246545900015564e-01 3.618085824887511959e-01 3.403994343238282427e-01 2.116561468413135846e-03 3.917042390671492472e-03 3.475406631686986901e-03 7.393891670981913135e-04 1.233015702515730171e-04 6.755315241984731424e-05 2.196812726186009247e-04 2.116345559419982342e-04 2.129471753501627814e-04 2.660182150991198579e-04 3.366651126432359826e-04 4.275751326595664628e-04 3.183858223139101294e-04 1.063639864759482350e-04 1.174003444552945123e-05 1.000000000000000021e-08 1.000000100000000021e-05 1.000000100000000021e-05 1.000000100000000021e-05 1.000000100000000021e-05 1.000000100000000021e-05 1.000000100000000021e-05 1.000000100000000021e-05 1.000000100000000021e-05 1.000000100000000021e-05
1.129811743974505633e-04 1.248829852936030147e-04 1.000000000000000021e-08 1.000000000000000021e-08 6.240013066032478947e-05 2.993428979861385950e-04 4.853640223844016342e-04 2.553762839817287330e-04 3.908258085344254191e-04 3.139582301257559105e-01 3.309530176897513276e-01 3.170628272701543904e-01 3.172015553603507176e-01 2.497256293251893470e-03 8.015278590001072767e-04 2.841199355700976792e-04 3.055039032998599249e-04 2.630214829528549009e-04 1.895594973169864529e-04 6.366071318650353013e-05 5.259980384402349914e-05 6.671689380956813691e-05 1.019469423062885160e-04 1.000000000000000021e-08 1.000000000000000021e-08 6.066022950731715484e-05 6.177168401365729469e-05 4.985024821049023239e-05 1.000000100000000021e-05 1.000000100000000021e-05 1.000000100000000021e-05 1.000000100000000021e-05 1.000000100000000021e-05 1.000000100000000021e-05 1.000000100000000021e-05 1.000000100000000021e-05 1.000000100000000021e-05
