output/water_depth_6960.asc
ncols 223
nrows 158
xllcorner 0.0
yllcorner 0.0
cellsize 30.0
[rows 102 to 118 of 158, columns 111 to 147 of 223]
4.114148154132068471e-05 1.167875801881428820e-04 9.323001711402720943e-05 1.719465499852138621e-04 1.042201121315263287e-04 1.575404619124063136e-04 8.774269134241864383e-05 1.426000658316063034e-04 7.830179235732785659e-05 1.783896403384800373e-04 1.754465571316059323e-04 3.933363060119579070e-03 1.604785395280650942e-03 2.073516829906216197e-04 5.088376180493089365e-04 3.919892110647232386e-04 8.220524027738916953e-04 3.185765999124712342e-03 4.284005733708414788e-03 2.221329349908690576e-02 1.265931995276456173e-03 1.000000000000000021e-08 1.000000000000000021e-08 1.000000000000000021e-08 1.000000000000000021e-08 1.000000000000000021e-08 1.968815758632357326e-05 1.774980012593420980e-05 1.184759185252417909e-05 1.000000000000000021e-08 1.000000000000000021e-08 1.163274015092796333e-05 1.000000000000000021e-08 1.000000000000000021e-08 1.000000000000000021e-08 1.000000000000000021e-08 1.000000000000000021e-08
7.593914808137073105e-04 8.076756903037867830e-04 9.751541981268725418e-04 1.206500843856645990e-04 1.784626820775422331e-04 1.057637144725804472e-04 1.656395589011093439e-04 9.641094276325436554e-05 1.488848720817268531e-04 1.012111156027725977e-04 2.333681683129031580e-04 2.808028511504093161e-03 1.737034041989017879e-03 3.221102015684880471e-04 2.509348958013419249e-04 5.373233405085786141e-04 4.647717818748661744e-03 4.424693146007350683e-03 8.326207029423228143e-03 2.504359400838812241e-02 8.339409361519119863e-04 1.000000000000000021e-08 1.000000000000000021e-08 1.000000000000000021e-08 1.000000000000000021e-08 1.000000000000000021e-08 2.377254866939254479e-05 1.873827491206969076e-05 1.000000000000000021e-08 1.000000000000000021e-08 1.000000000000000021e-08 2.180679741005359080e-05 1.000000000000000021e-08 1.000000000000000021e-08 1.323115096875439683e-05 1.000000000000000021e-08 1.000000000000000021e-08
6.830340009394871015e-04 1.201701273679342541e-03 1.604370858282137781e-03 2.353230131968709390e-03 3.038851045511537213e-03 3.774101903977864977e-03 2.759873197809856963e-03 2.384944095385561815e-03 2.071589587630953862e-03 3.495556351801763426e-04 1.803659679724527198e-04 2.498062068865472031e-03 4.530800424273655896e-03 9.203927635372975355e-03 9.709369386218170972e-03 1.304138251184442168e-02 1.205333417157185109e-02 1.512139271076122504e-02 1.458838698279360177e-02 3.256263720685102087e-02 6.407459361665226311e-04 1.000000000000000021e-08 1.000000000000000021e-08 1.000000000000000021e-08 1.000000000000000021e-08 1.000000000000000021e-08 3.066786809127980493e-05 1.818595293060752693e-05 1.000000000000000021e-08 1.000000000000000021e-08 1.000000000000000021e-08 1.000000000000000021e-08 1.000000000000000021e-08 1.000000000000000021e-08 1.425715889528225607e-05 1.000000000000000021e-08 1.000000000000000021e-08
3.565051138330561161e-04 2.412551727476984904e-05 2.528650017731178115e-05 3.012303765322936130e-04 7.400652885692473107e-04 1.204717581220161307e-03 3.669841860140897385e-03 4.920636505260845249e-03 5.905594878644327556e-03 6.741813140091578241e-03 7.173397329214555550e-03 8.219993099841838013e-03 3.415932013355076069e-02 7.161619060079282839e-03 7.644494409035328987e-03 5.361419042516221527e-03 5.951452872828466058e-03 3.921217560077840288e-03 5.220528568871380011e-03 2.157991034816816173e-02 2.203737820701077987e-02 1.000000000000000021e-08 1.586985544007376431e-05 1.000000000000000021e-08 1.000000000000000021e-08 1.000000000000000021e-08 3.025299972969277220e-05 2.067756688762162465e-05 1.000000000000000021e-08 1.000000000000000021e-08 1.000000000000000021e-08 1.000000000000000021e-08 1.000000000000000021e-08 1.000000000000000021e-08 1.832197238565664384e-05 1.000000000000000021e-08 1.510141367627599722e-05
2.176167227653299379e-04 1.538356789781231897e-04 1.084817877282109823e-04 7.891143546301591081e-05 6.079595701050025515e-05 4.272932325230270948e-05 4.279226205831674419e-05 3.756908902758589365e-05 2.764940739139905686e-05 3.199283682556132766e-05 1.205637935858723054e-03 9.932663425564784362e-04 5.576551206325281633e-04 1.000000000000000021e-08 1.655200089222609887e-05 1.000000000000000021e-08 8.240530530534800587e-04 2.503954818027887908e-04 7.229922526725160404e-04 1.380231659023240659e-02 2.648775092444399445e-02 7.581399980374378851e-03 1.000000000000000021e-08 1.000000000000000021e-08 1.000000000000000021e-08 1.000000000000000021e-08 1.000000000000000021e-08 3.351384845083530095e-05 1.741686420176939487e-05 1.000000000000000021e-08 1.000000000000000021e-08 1.000000000000000021e-08 1.543983295375605776e-05 1.000000000000000021e-08 1.000000000000000021e-08 1.000000000000000021e-08 3.474396669577719480e-05
1.356838429075393889e-04 1.795314274188523451e-04 1.695037648779667834e-04 1.515822736565595032e-04 1.391132543124011154e-04 1.332046303720124767e-04 1.176741490872290109e-04 1.087421430153709048e-04 2.902909014936554555e-04 1.704871906246664519e-04 4.538989238693554181e-04 3.550885357328485313e-04 4.191229995394864065e-04 2.905480088948768705e-04 1.982804853771008222e-04 1.000000000000000021e-08 3.103745903237603538e-05 2.879369902204787702e-05 5.354057011728440441e-04 9.199281547405274012e-03 5.709091985923854529e-02 2.164337030802850406e-02 1.406468238302263900e-04 1.000000000000000021e-08 1.000000000000000021e-08 1.000000000000000021e-08 1.000000000000000021e-08 4.685149149235911603e-05 2.025971498274024973e-05 2.136126114948004950e-05 1.000000000000000021e-08 1.355376753053871750e-05 1.000000000000000021e-08 1.000000000000000021e-08 1.050228468855833675e-05 1.000000000000000021e-08 5.794095935023854975e-05
1.000000000000000021e-08 1.000000000000000021e-08 1.063805491173293603e-04 1.218456711765059303e-04 1.586579435651986399e-04 2.368250337543506838e-04 3.310205472328584865e-04 4.408547760954498055e-04 6.391707626413273627e-04 7.364733922304224790e-04 3.821971983440476477e-04 3.400771432877921032e-04 4.301244087612720538e-04 2.823891832493375889e-05 2.507883488479873877e-05 2.011371400508132882e-05 4.171281399050391002e-05 1.000000000000000021e-08 4.134877671782563407e-04 8.143930182650542873e-03 2.358785706182890685e-02 6.142909702963512270e-02 2.240320335009316280e-02 1.588449722193705741e-04 1.481342280572386668e-05 1.837427654300765096e-05 3.322452745409329303e-05 4.359766627271326000e-05 2.579272205028523721e-05 1.000000000000000021e-08 1.000000000000000021e-08 1.000000000000000021e-08 1.000000000000000021e-08 2.044348991509565793e-05 1.000000000000000021e-08 1.180429210599137695e-05 8.018260757155312604e-05
1.000000000000000021e-08 1.000000000000000021e-08 1.000000000000000021e-08 6.385382460678006207e-05 2.532752006339783393e-03 1.000000000000000021e-08 1.105425049762420958e-05 1.034039380602994167e-05 1.430263456380489800e-04 1.314482620319598432e-04 3.062070949035003323e-04 3.478935393071451638e-04 3.909944782720758375e-04 4.058468187257182063e-04 3.777833936423846640e-04 4.088335702411877159e-03 4.034914284676538432e-05 6.786645126396386851e-04 4.936409418481123561e-04 1.615809444455265729e-03 9.777592634033483419e-05 1.528957751006109964e-02 1.929675000430384341e-02 1.963489616755848682e-02 8.794026777647425438e-05 1.000000000000000021e-08 1.000000000000000021e-08 3.767937671211683278e-05 3.883014584904053313e-05 1.000000000000000021e-08 1.000000000000000021e-08 1.000000000000000021e-08 1.000000000000000021e-08 4.166871546559365933e-05 1.000000000000000021e-08 6.845373918763184322e-05 7.659961613224379278e-05
1.000000000000000021e-08 1.000000000000000021e-08 1.000000000000000021e-08 2.378237372474897990e-05 1.923836254627064120e-04 1.000000000000000021e-08 1.000000000000000021e-08 1.000000000000000021e-08 1.000000000000000021e-08 1.000000000000000021e-08 2.876974509411302553e-04 6.508000555344872632e-04 7.982431341375515648e-04 6.855051917789784302e-04 6.176172114980035648e-04 9.268379489211291903e-04 2.425846622838572549e-03 1.516740724047289934e-02 3.765168714511234627e-03 1.443802900977164943e-03 2.098642922024929018e-03 1.500159413822949733e-02 1.749443368289453626e-02 1.878901596086279130e-02 1.722265010078111863e-02 3.602719667267328951e-03 3.821187423751179740e-03 5.574756761127470722e-05 4.074400699584630698e-05 1.000000000000000021e-08 1.000000000000000021e-08 1.000000000000000021e-08 3.393144443476082121e-05 3.817661168731221322e-05 4.805299312263223380e-05 6.270605001186054406e-05 1.022053894323628372e-04
1.000000000000000021e-08 1.000000000000000021e-08 1.079139018392801797e-05 1.000000000000000021e-08 1.915898334206050555e-04 6.713220306121010642e-05 2.503546645008139680e-05 1.000000000000000021e-08 7.516034639116849392e-05 9.495391726258147966e-05 1.357300639328893135e-04 4.773281794456936638e-04 8.112478889609958188e-04 1.314331361900662612e-03 1.718752962785004539e-03 1.763193681827237604e-03 1.530825053094348126e-03 1.032522663011971840e-03 1.859185758390432402e-02 5.537911508512962169e-03 4.976566194112233207e-03 1.101842361599165293e-02 2.914506161054978770e-02 6.878177413270429585e-02 2.301679516417099239e-02 1.524763346775378885e-02 1.685401858452368826e-02 2.174040145946853041e-04 3.103726225093825859e-05 2.254077555387462502e-05 1.904322487317702901e-05 1.763403510281062633e-05 1.620437030390794336e-04 6.537100453215882257e-05 1.000000000000000021e-08 5.565177754923108274e-05 1.279366514184832179e-04
2.070285401724994737e-04 4.527782944190501823e-05 4.817798160686691798e-04 1.000000000000000021e-08 1.282927640711796827e-04 1.474885423736035570e-04 1.932812417197312077e-04 3.277060602790430243e-04 5.764548094975817123e-04 5.158344203046325233e-04 8.199753379540392333e-04 7.710265815548759385e-04 6.937383695670139858e-04 6.260207455786368337e-04 4.674232246056673578e-04 3.058412039662357211e-04 1.311412130176652545e-05 5.713936190568932134e-04 2.546243234650016440e-04 2.846890158482395751e-04 5.853849996011053038e-05 7.220343613462808056e-03 1.318184834645438896e-02 3.566326172478279100e-02 3.547240308891722732e-02 3.595479297873522412e-02 2.053825909684980910e-01 1.991420849138710314e-01 5.335660587593331946e-04 8.603033776346844072e-05 1.143882871205115871e-04 1.000000000000000021e-08 1.531219028109082579e-02 1.538613401765490975e-02 2.630401467985468721e-04 1.000000000000000021e-08 1.158925948786589138e-04
3.431939625801950144e-05 2.085047541828784830e-04 6.297531031151902547e-04 1.000000000000000021e-08 1.000000000000000021e-08 1.000000000000000021e-08 1.000000000000000021e-08 1.990367120565286521e-05 2.897448366763930605e-05 7.459818912205828456e-04 5.123736564539317900e-04 3.394845171717446292e-05 2.903144119093957988e-05 3.309808811016380539e-05 9.864842278572612808e-05 1.088321951258133384e-04 1.259027433135557550e-04 1.251938255580604497e-04 9.963542127162224526e-05 2.230147162860481914e-04 7.982339234206343309e-03 1.062149219884819459e-02 1.710504505477695308e-02 1.630467426486638394e-02 2.450322176071420555e-02 2.644807096257500295e-02 1.912661753314612023e-01 1.826954054364719193e-01 1.421366063224697440e-01 6.096544496635294963e-02 6.257514974214842263e-02 5.680411311776450284e-02 4.928841098863915443e-02 5.121836099583030461e-02 7.855248275746708198e-02 7.919761148594309241e-02 1.752078545079573070e-03
1.674859999154877438e-04 3.224506186499588589e-03 3.750901091385096600e-03 4.081100322678276292e-03 3.484574813573363024e-05 1.000000000000000021e-08 1.418469398853938689e-05 1.181503424937386806e-05 1.000000000000000021e-08 4.625519652037670738e-04 3.622045007608638498e-04 2.497453873648010445e-04 1.955476468318758114e-04 1.508524337143649985e-04 1.361487970811183651e-04 1.155668130484650315e-04 8.924734756589574984e-05 1.000000000000000021e-08 3.151886274542781830e-05 2.129441057208266374e-04 2.266711303136298775e-02 3.495804073869020895e-02 2.220574056406126456e-02 1.290862527393560333e-02 7.671684162172948476e-03 4.741610584103813329e-03 2.949536602869183392e-03 2.096548775207768365e-03 1.125831267182008169e-03 8.792074211414271923e-04 6.622423422800071324e-04 1.769069095854115467e-02 2.301374501860790553e-02 3.247812174030109689e-02 2.180247921387047996e-02 8.766913679246828017e-02 5.565499848179722431e-02
1.383121456018213992e-02 1.929759518959476595e-03 2.228650605451301930e-03 5.570517072729609317e-03 2.685106003613900796e-02 1.723756432255950724e-02 3.282415026591063451e-03 2.253877793924422782e-03 1.582898456595045961e-03 7.821093521883142269e-04 3.432111070114249535e-04 1.780420659864495950e-04 1.117136391420410697e-04 7.020608448459099296e-05 1.332898571739991563e-04 1.727630845677192680e-04 6.149726787922984994e-03 4.166054468756477842e-03 2.784756703656132704e-03 3.505407383160328433e-02 6.898963559850719574e-02 2.695962894482294842e-02 2.370741900766124770e-04 3.005236251520190821e-05 1.333590298792851711e-05 1.660255869469997147e-05 1.000000000000000021e-08 1.000000000000000021e-08 1.000000000000000021e-08 1.000000000000000021e-08 2.165112271364938727e-04 6.559109831144997911e-03 1.083548261862220252e-02 7.691855248604554524e-03 5.401509053044979518e-03 4.874713808426124791e-03 4.857239991196654616e-02
3.136524871126459803e-05 2.265649372944129427e-05 1.888385012012020589e-05 4.198924479412705400e-05 1.000000000000000021e-08 4.345118334287661165e-03 6.032070619938159454e-03 6.618676354882972387e-03 4.028560199627435716e-03 2.735037537471847902e-03 3.347133460645055486e-04 2.187255928157287609e-04 1.756852689230950244e-04 8.431694769285690699e-04 2.065744591323830093e-02 2.901665148175687839e-02 2.250267545101419450e-02 2.488103653322946279e-02 3.933926634164829766e-02 3.383057607568640962e-02 1.338897498920586272e-02 6.752627788616421059e-05 1.000000000000000021e-08 1.000000000000000021e-08 1.405163053459741263e-05 1.398441966311245650e-05 1.000000000000000021e-08 1.000000000000000021e-08 1.000000000000000021e-08 1.310434826592073079e-03 1.981942172493636120e-03 1.651052739151608051e-03 1.565229097407218372e-03 1.536608253826592628e-03 8.089928490101608088e-04 1.079218232710921557e-03 2.110420126569002158e-02
3.178441375299077110e-05 4.372184592306957213e-05 4.452734428011304019e-05 8.495177102105023516e-05 1.000000000000000021e-08 1.000000000000000021e-08 1.526832630896032798e-05 8.618681057837099257e-04 2.782217725611081660e-03 2.839735598440200955e-03 2.447153732863424982e-03 2.177520440693015997e-03 7.122353385806445489e-03 8.908220778634418080e-02 5.932799982731120497e-02 1.548927734743403214e-02 1.031723201076720220e-02 9.774489966799632459e-03 2.638291894036374520e-03 5.779183589814368806e-04 1.225082736911237094e-05 1.000000000000000021e-08 1.000000000000000021e-08 1.000000000000000021e-08 1.000000000000000021e-08 1.058979037979723478e-05 1.311956739632688741e-05 2.704714663249196439e-04 1.683432108334729106e-03 1.538864988207785381e-03 1.472233412760133239e-03 6.997239393984420325e-03 8.793937980972585432e-04 6.850896499421229614e-04 8.021060186427707793e-05 6.157054061898085148e-05 1.451891549914609584e-04
1.304774411977872796e-04 1.259163653363752796e-04 1.856875890101842403e-04 3.478210320030087526e-04 5.261232413773781315e-05 1.000000000000000021e-08 1.414907437213745098e-05 4.415992078351921833e-04 2.131560738032402345e-03 2.855648652098643006e-03 2.715575410896866899e-03 1.662190905675419925e-02 2.164888488476940376e-02 2.586397652399308189e-02 1.381285648473523815e-02 1.342103547433952425e-03 1.000000000000000021e-08 3.957122085504520087e-05 1.277759923967485715e-05 1.000000000000000021e-08 1.000000000000000021e-08 1.000000000000000021e-08 1.000000000000000021e-08 1.000000000000000021e-08 1.000000000000000021e-08 2.225427458737599701e-05 2.281946167806896825e-03 2.341227015907040854e-03 1.580901624335674096e-03 1.657054665531452792e-04 1.297130766394467925e-04 1.605043219395718777e-04 5.081807453576852164e-05 1.878027059893115758e-05 3.163847404726339587e-05 1.000000000000000021e-08 1.000000000000000021e-08
