output/water_depth_3120.asc
ncols 223
nrows 158
xllcorner 0.0
yllcorner 0.0
cellsize 30.0
[rows 119 to 135 of 158, columns 185 to 221 of 223]
2.805793290994795862e-04 2.447826280332125412e-04 2.081343307674647517e-04 1.000000000000000021e-08 2.806121170935087065e-05 5.840649015506795124e-05 7.033899590469837933e-05 2.573259165198134193e-04 1.297286809607405564e-03 2.823361523667033968e-01 3.062626938897597961e-01 2.846250645506239185e-01 2.956030808936166432e-01 2.065681978615394217e-03 6.329054138126496325e-04 1.394914322098464682e-04 2.377424132544488783e-04 4.149160339253447753e-04 5.084993934224476533e-04 4.235182518079045309e-05 2.906403612788138540e-05 2.590222925667242323e-05 1.781072679313989581e-04 1.596548045851728327e-04 1.218664884868257117e-04 1.000000000000000021e-08 4.750088974299517794e-05 1.000000100000000021e-05 1.000000100000000021e-05 1.000000100000000021e-05 1.000000100000000021e-05 1.000000100000000021e-05 1.000000100000000021e-05 1.000000100000000021e-05 1.000000100000000021e-05 1.000000100000000021e-05 1.000000100000000021e-05
8.239972227094100824e-05 1.240286323103086715e-05 1.828435838164697003e-05 1.519192787004972238e-05 1.118931337267605348e-04 6.444487421447189909e-05 9.634232848153257648e-05 1.000000000000000021e-08 1.502936324679403444e-04 2.155749506609525301e-01 2.108005694827679775e-05 2.180348800006370047e-01 1.378328776833434230e-03 1.798683754721077440e-03 6.457828361999455678e-04 3.288735909670260547e-04 4.961411054648121955e-05 6.075298883304059967e-05 1.739650721368295422e-05 2.670667522744198347e-04 1.333523051831959818e-04 1.473554150909723648e-04 1.252520516951498829e-04 1.255193963417494207e-04 1.386388715369584162e-04 1.506411399475520785e-04 8.796348377008155492e-05 1.000000100000000021e-05 1.000000100000000021e-05 1.000000100000000021e-05 1.000000100000000021e-05 1.000000100000000021e-05 1.000000100000000021e-05 1.000000100000000021e-05 1.000000100000000021e-05 1.000000100000000021e-05 1.000000100000000021e-05
5.169806211476558666e-05 1.000000000000000021e-08 1.521349587256699492e-05 2.832762758227694668e-04 4.122324846563732545e-04 9.815531929447230232e-05 1.000000000000000021e-08 1.017080896624293393e-05 3.208482265724208610e-04 2.290833499539755014e-01 2.206231654375205853e-01 1.020692236402276215e-01 5.666694025319030797e-02 2.576876326012806674e-03 1.440937318948649166e-03 1.074297960521479293e-03 8.754359604477180302e-04 3.493909208600725898e-04 4.107812217739055375e-04 1.885088059062105725e-04 1.709519581074680616e-04 8.681533691903184607e-05 4.452065399929492603e-05 2.265893868003210566e-05 1.257233414034558485e-05 1.058798493540838781e-05 1.000000100000000021e-05 1.000000100000000021e-05 1.000000100000000021e-05 1.000000100000000021e-05 1.000000100000000021e-05 1.000000100000000021e-05 1.000000100000000021e-05 1.000000100000000021e-05 1.000000100000000021e-05 1.000000100000000021e-05 1.000000100000000021e-05
2.446275601367531164e-05 1.149528377081082643e-04 1.000000000000000021e-08 1.030154027105473150e-05 8.508918918076875887e-05 1.009994602718687988e-05 1.000000000000000021e-08 1.909412633048057206e-03 3.911206395211291875e-01 4.702024432367787332e-01 1.802445634047565581e-01 2.171171660727480579e-01 1.827703319043511715e-02 1.169770150028083642e-04 1.343101964378848724e-04 2.548021427406873705e-04 3.695566519158987565e-04 3.682563388084426925e-04 7.487547910825571753e-05 7.690213828864793800e-05 7.623787325544134218e-05 5.892406661201122245e-05 3.226373455366181249e-05 3.708677060530472303e-05 3.092111856371375567e-05 2.048328791801480830e-05 1.000000100000000021e-05 1.000000100000000021e-05 1.000000100000000021e-05 1.000000100000000021e-05 1.000000100000000021e-05 1.000000100000000021e-05 1.000000100000000021e-05 1.000000100000000021e-05 1.000000100000000021e-05 1.000000100000000021e-05 1.000000100000000021e-05
1.000000000000000021e-08 8.316781787529419477e-05 1.230242045308122694e-04 1.000000000000000021e-08 9.436296561926780222e-05 1.548280263890147168e-01 2.172827906093573458e-01 3.354386457182847447e-01 3.828028830564885743e-01 8.542313887352371432e-04 4.115700798902566194e-04 4.551248507765676870e-04 1.894381910924237565e-04 9.697184025666888071e-05 1.000000000000000021e-08 1.000000000000000021e-08 1.000000000000000021e-08 3.235623671142019291e-05 1.840259519872800570e-05 1.000000000000000021e-08 3.917166359738121617e-05 5.199836983176897505e-05 7.056747306924392464e-05 6.621737295913130415e-05 4.553219523151921447e-05 3.258625219112077921e-05 1.000000100000000021e-05 1.000000100000000021e-05 1.000000100000000021e-05 1.000000100000000021e-05 1.000000100000000021e-05 1.000000100000000021e-05 1.000000100000000021e-05 1.000000100000000021e-05 1.000000100000000021e-05 1.000000100000000021e-05 1.000000100000000021e-05
3.090829496238849453e-05 6.529459372907769107e-05 1.123111724566615977e-04 6.761337041347560218e-04 1.800246619266782089e-01 1.828591946255807843e-01 2.141156144857550292e-01 1.922212213358476143e-04 2.738964311737820977e-04 2.427956244475951088e-05 1.766418089125983883e-05 2.418795831490154512e-05 4.708862201213930547e-05 8.671916894055766377e-05 5.888125733339210423e-05 8.527964549941850542e-05 1.138639557606794389e-04 1.245263980015360455e-04 9.631041833569428288e-05 1.000000000000000021e-08 1.000000000000000021e-08 1.000000000000000021e-08 9.564910581903795855e-05 7.447608443217236388e-05 5.912001944030530540e-05 3.559250229826124002e-05 1.000000100000000021e-05 1.000000100000000021e-05 1.000000100000000021e-05 1.000000100000000021e-05 1.000000100000000021e-05 1.000000100000000021e-05 1.000000100000000021e-05 1.000000100000000021e-05 1.000000100000000021e-05 1.000000100000000021e-05 1.000000100000000021e-05
1.197113635191447782e-04 1.280126207607546112e-05 2.451911287321630428e-05 5.465384172185611903e-04 4.204441658139501659e-01 4.159536124775610189e-01 1.613129594926944878e-04 1.343038193852390904e-05 1.010079621182329977e-05 1.000000000000000021e-08 1.000000000000000021e-08 7.587880265278708423e-05 9.971365239584804516e-03 1.196404836490375448e-02 1.726370673564844654e-04 1.980569226304936816e-04 1.943906062028166910e-04 2.182778796319657477e-04 1.924395111274792205e-05 1.544710485502041796e-05 1.093198678980369614e-05 1.000000000000000021e-08 1.000000000000000021e-08 9.151862506807122339e-05 6.669048160303536516e-05 3.882335881401177788e-05 1.000000100000000021e-05 1.000000100000000021e-05 1.000000100000000021e-05 1.000000100000000021e-05 1.000000100000000021e-05 1.000000100000000021e-05 1.000000100000000021e-05 1.000000100000000021e-05 1.000000100000000021e-05 1.000000100000000021e-05 1.000000100000000021e-05
7.386954569301821822e-05 1.000000000000000021e-08 2.182496711905222052e-05 6.856953520933373961e-04 4.115039935045449182e-01 4.031667389369854027e-01 2.129089604152574022e-04 5.174022570758941456e-05 4.195866375626761466e-05 3.602143469666488026e-05 2.584964304197585097e-05 7.605551748797489183e-05 2.414770445793893664e-03 4.608444927536989902e-05 6.175749736643067255e-05 1.000000000000000021e-08 7.346833092682521747e-05 1.531958994693299704e-05 1.000000000000000021e-08 1.447352724549061085e-05 1.613511812519803577e-05 1.200429719295350369e-05 1.382440742365155349e-05 1.412692935144542700e-04 8.482358940859331372e-05 4.832182430779625646e-05 1.000000100000000021e-05 1.000000100000000021e-05 1.000000100000000021e-05 1.000000100000000021e-05 1.000000100000000021e-05 1.000000100000000021e-05 1.000000100000000021e-05 1.000000100000000021e-05 1.000000100000000021e-05 1.000000100000000021e-05 1.000000100000000021e-05
3.396998539127759394e-05 4.372324466399769469e-05 5.321306983817035582e-05 8.980103448578329126e-04 4.037418276940545336e-01 3.840684544185756777e-01 1.024514320615559733e-03 9.791235462712854598e-05 7.046222333680871334e-05 5.446526969165486020e-05 4.014957889038237140e-05 1.267008880143398704e-05 2.630634443082805547e-04 1.607454015425329548e-03 4.301955275720667862e-04 2.655941752001527443e-04 3.840386143218359259e-05 2.775354651340661898e-05 1.898728900801418889e-05 1.000000000000000021e-08 1.458361837342789824e-05 1.644125294449537029e-05 1.237758483173240272e-05 1.324776730593834470e-05 8.695856738034395063e-05 4.675404998446615101e-05 1.000000100000000021e-05 1.000000100000000021e-05 1.000000100000000021e-05 1.000000100000000021e-05 1.000000100000000021e-05 1.000000100000000021e-05 1.000000100000000021e-05 1.000000100000000021e-05 1.000000100000000021e-05 1.000000100000000021e-05 1.000000100000000021e-05
4.727073416465495240e-05 3.594073986484102451e-04 6.915237168914757475e-04 5.609387658339999236e-04 2.139399235050378628e-03 3.238769052988569319e-01 5.113539302257015702e-04 1.112742690459885643e-04 8.568830644829476969e-05 6.457097775354985044e-05 3.831076645281713850e-05 2.504301603574366318e-05 3.228127994364535713e-04 2.413446441057278020e-03 7.044366431621354365e-04 4.822754383594949159e-04 5.693198434101179924e-04 8.044659156317745868e-04 9.767031114889983615e-04 8.189275769903370207e-04 6.569470411919302484e-04 5.147804334738977821e-04 3.862288732058889056e-04 2.922886243257190298e-04 1.498397337588674137e-04 4.319730380170344592e-05 1.000000100000000021e-05 1.000000100000000021e-05 1.000000100000000021e-05 1.000000100000000021e-05 1.000000100000000021e-05 1.000000100000000021e-05 1.000000100000000021e-05 1.000000100000000021e-05 1.000000100000000021e-05 1.000000100000000021e-05 1.000000100000000021e-05
1.584386223152184142e-03 1.222577458137987481e-03 1.451811490092966598e-04 2.404261381327322947e-04 7.934647156446835055e-04 2.202876102900933053e-01 1.318218757111228046e-01 1.373179164764906891e-05 9.558598759405666462e-05 7.695186594111620541e-05 5.592593661732308494e-05 3.126733481412559965e-05 2.943610788578549832e-03 2.604851599736301461e-03 2.443049164182913881e-03 1.243902837463451306e-03 6.670562383380611651e-04 4.819431367296436427e-04 5.760597385120479105e-05 2.581190070222396689e-05 1.876612269829974522e-05 1.000000000000000021e-08 2.444019411500893330e-04 1.695577436937245803e-04 1.702401291324427181e-04 9.671917058747489819e-05 1.000000100000000021e-05 1.000000100000000021e-05 1.000000100000000021e-05 1.000000100000000021e-05 1.000000100000000021e-05 1.000000100000000021e-05 1.000000100000000021e-05 1.000000100000000021e-05 1.000000100000000021e-05 1.000000100000000021e-05 1.000000100000000021e-05
1.759009193236025018e-03 2.451062508838193965e-04 8.283064953115214062e-04 4.850754552898438169e-04 3.114100944454787018e-04 1.044103116794585229e-01 2.326840926355218386e-01 1.289962871739222007e-03 6.705419260772145637e-04 8.870923667990838601e-04 1.204940645103095556e-03 1.903882710960686994e-03 2.493566134531551275e-03 1.706457906871745650e-03 4.006647989734026406e-04 4.428503291450183732e-04 4.821168614330188063e-05 5.430206454796959942e-05 3.941128072454834952e-05 4.405942842427986404e-05 3.564933718097641464e-05 2.762731321368380407e-04 1.000000000000000021e-08 1.000000000000000021e-08 3.873202423051971859e-05 3.621788678471964644e-05 1.000000100000000021e-05 1.000000100000000021e-05 1.000000100000000021e-05 1.000000100000000021e-05 1.000000100000000021e-05 1.000000100000000021e-05 1.000000100000000021e-05 1.000000100000000021e-05 1.000000100000000021e-05 1.000000100000000021e-05 1.000000100000000021e-05
1.995070099022121929e-03 9.475678674775708582e-04 8.606368639679575243e-04 1.067571813030287857e-03 7.806574003142646235e-04 5.212473817460779729e-02 3.915359294205037477e-01 3.951817020519649004e-01 3.714417588808192547e-03 3.274806541008103665e-03 2.803840898612977584e-03 1.125733198975728891e-02 2.157688107840669174e-03 1.947493140014379170e-04 2.506913407227775499e-05 2.089575902311438386e-04 3.521125698446448521e-04 1.856633017668800060e-05 2.140254601468945847e-05 1.629079401130634506e-05 1.934573483192334633e-05 1.773414433186317992e-04 1.970143906216574646e-04 1.099716900941074632e-04 8.293524247589856313e-05 2.728011302448474652e-05 1.000000100000000021e-05 1.000000100000000021e-05 1.000000100000000021e-05 1.000000100000000021e-05 1.000000100000000021e-05 1.000000100000000021e-05 1.000000100000000021e-05 1.000000100000000021e-05 1.000000100000000021e-05 1.000000100000000021e-05 1.000000100000000021e-05
8.010240647879120213e-04 3.166809025531536551e-03 3.804253284230975623e-03 2.774669876738715055e-03 2.126655678843559355e-03 3.227324293402280414e-02 3.582344121173903773e-01 1.988950855105808607e-04 4.920483104857558960e-05 1.000000000000000021e-08 1.000000000000000021e-08 1.807340507990605255e-03 2.831063780362321619e-02 7.824809502666773067e-04 1.000000000000000021e-08 2.077369014476419871e-05 4.667524744181180779e-05 1.901164652018181011e-05 1.000000000000000021e-08 1.000000000000000021e-08 1.000000000000000021e-08 4.410510070282717932e-05 5.686372361830022978e-05 5.614020442332182467e-05 4.125324973249541136e-05 1.000000100000000021e-05 1.000000100000000021e-05 1.000000100000000021e-05 1.000000100000000021e-05 1.000000100000000021e-05 1.000000100000000021e-05 1.000000100000000021e-05 1.000000100000000021e-05 1.000000100000000021e-05 1.000000100000000021e-05 1.000000100000000021e-05 1.000000100000000021e-05
3.532855796503004179e-04 6.370615909577448074e-05 6.051652658096153502e-05 6.508565799116871426e-04 2.011952318043010775e-03 3.907400807581507540e-01 2.844201602468581780e-01 4.753548795881933807e-05 3.480480882397746711e-05 3.278737007149864921e-05 1.112898252259530873e-05 2.056591615116635380e-02 2.434410184083198730e-02 2.559097506338516015e-02 4.309376862914750765e-05 1.000000000000000021e-08 2.992638990087689561e-05 2.525426005848809631e-05 2.180893588985667277e-05 1.121294434825062284e-05 1.000000000000000021e-08 1.000000000000000021e-08 1.000000000000000021e-08 3.010720210764599946e-05 2.520884306146116050e-05 1.000000100000000021e-05 1.000000100000000021e-05 1.000000100000000021e-05 1.000000100000000021e-05 1.000000100000000021e-05 1.000000100000000021e-05 1.000000100000000021e-05 1.000000100000000021e-05 1.000000100000000021e-05 1.000000100000000021e-05 1.000000100000000021e-05 1.000000100000000021e-05
2.595064298476466180e-05 4.353654109262673007e-05 8.001553408539453414e-05 8.942535445311693056e-04 2.955763042224486270e-01 3.021631060693600879e-01 2.397555031629766676e-04 2.992822267278706481e-05 3.208526456690713468e-05 1.935932828676588697e-05 2.941172592286061405e-05 6.799421159257290452e-03 1.642571649780887391e-02 1.435051101745918236e-04 1.098438056512976267e-04 7.667841060980382149e-05 1.742577227065998487e-05 1.044967409537875399e-05 1.000000000000000021e-08 1.000000000000000021e-08 1.000000000000000021e-08 6.065021931082448909e-05 5.521758744768706271e-05 1.000000000000000021e-08 1.000000100000000021e-05 1.000000100000000021e-05 1.000000100000000021e-05 1.000000100000000021e-05 1.000000100000000021e-05 1.000000100000000021e-05 1.000000100000000021e-05 1.000000100000000021e-05 1.000000100000000021e-05 1.000000100000000021e-05 1.000000100000000021e-05 1.000000100000000021e-05 1.000000100000000021e-05
2.447882448849292240e-05 4.248598043705725558e-05 5.540926907308200955e-05 6.108199283966979191e-04 2.873470745228949852e-01 1.015733919626624255e-04 4.683629104431714279e-05 4.974925068609715290e-05 3.638377196741925606e-05 6.710579023144167292e-05 1.000000000000000021e-08 8.913688456200011268e-03 2.559855613291771304e-03 6.388961517912749872e-05 1.000000000000000021e-08 1.000000000000000021e-08 1.143141881511802407e-04 1.000000000000000021e-08 2.522024330613865985e-05 1.000000000000000021e-08 1.000000000000000021e-08 1.000000000000000021e-08 1.000000000000000021e-08 3.851048082030407920e-05 1.000000100000000021e-05 1.000000100000000021e-05 1.000000100000000021e-05 1.000000100000000021e-05 1.000000100000000021e-05 1.000000100000000021e-05 1.000000100000000021e-05 1.000000100000000021e-05 1.000000100000000021e-05 1.000000100000000021e-05 1.000000100000000021e-05 1.000000100000000021e-05 1.000000100000000021e-05
