output/water_depth_9360.asc
ncols 223
nrows 158
xllcorner 0.0
yllcorner 0.0
cellsize 30.0
[rows 51 to 67 of 158, columns 37 to 73 of 223]
1.000000100000000021e-05 1.000000100000000021e-05 1.000000100000000021e-05 1.000000100000000021e-05 1.000000100000000021e-05 1.000000100000000021e-05 1.000000100000000021e-05 1.000000100000000021e-05 1.000000100000000021e-05 1.000000100000000021e-05 1.000000100000000021e-05 1.000000100000000021e-05 1.000000100000000021e-05 1.000000100000000021e-05 1.000000100000000021e-05 1.000000100000000021e-05 1.000000100000000021e-05 1.000000100000000021e-05 1.000000100000000021e-05 1.000000100000000021e-05 1.000000100000000021e-05 1.000000100000000021e-05 1.000000100000000021e-05 1.000000100000000021e-05 1.000000100000000021e-05 1.000000100000000021e-05 1.000000100000000021e-05 1.000000100000000021e-05 1.000000100000000021e-05 1.000000100000000021e-05 1.000000100000000021e-05 1.000000100000000021e-05 1.200873527914218091e-05 2.543878474293201935e-05 3.034565126214453968e-05 1.766502826453913763e-05 1.757632327128944979e-05
1.000000100000000021e-05 1.000000100000000021e-05 1.000000100000000021e-05 1.000000100000000021e-05 1.000000100000000021e-05 1.000000100000000021e-05 1.000000100000000021e-05 1.000000100000000021e-05 1.000000100000000021e-05 1.000000100000000021e-05 1.000000100000000021e-05 1.000000100000000021e-05 1.000000100000000021e-05 1.000000100000000021e-05 1.000000100000000021e-05 1.000000100000000021e-05 1.000000100000000021e-05 1.000000100000000021e-05 1.000000100000000021e-05 1.000000100000000021e-05 1.000000100000000021e-05 1.000000100000000021e-05 1.000000100000000021e-05 1.000000100000000021e-05 1.000000100000000021e-05 1.000000100000000021e-05 1.000000100000000021e-05 1.000000100000000021e-05 1.000000100000000021e-05 1.000000100000000021e-05 1.000000100000000021e-05 1.000000100000000021e-05 1.000000000000000021e-08 1.000000000000000021e-08 3.796725480238469442e-05 5.980566193785477667e-05 1.000000000000000021e-08
1.000000100000000021e-05 1.000000100000000021e-05 1.000000100000000021e-05 1.000000100000000021e-05 1.000000100000000021e-05 1.000000100000000021e-05 1.000000100000000021e-05 1.000000100000000021e-05 1.000000100000000021e-05 1.000000100000000021e-05 1.000000100000000021e-05 1.000000100000000021e-05 1.000000100000000021e-05 1.000000100000000021e-05 1.000000100000000021e-05 1.000000100000000021e-05 1.000000100000000021e-05 1.000000100000000021e-05 1.000000100000000021e-05 1.000000100000000021e-05 1.000000100000000021e-05 1.000000100000000021e-05 1.000000100000000021e-05 1.000000100000000021e-05 1.000000100000000021e-05 1.000000100000000021e-05 1.000000100000000021e-05 1.000000100000000021e-05 1.000000100000000021e-05 1.000000100000000021e-05 1.000000100000000021e-05 1.000000100000000021e-05 1.000000000000000021e-08 1.000000000000000021e-08 1.000000000000000021e-08 1.508343624530448246e-05 2.272152447034119174e-05
1.000000100000000021e-05 1.000000100000000021e-05 1.000000100000000021e-05 1.000000100000000021e-05 1.000000100000000021e-05 1.000000100000000021e-05 1.000000100000000021e-05 1.000000100000000021e-05 1.000000100000000021e-05 1.000000100000000021e-05 1.000000100000000021e-05 1.000000100000000021e-05 1.000000100000000021e-05 1.000000100000000021e-05 1.000000100000000021e-05 1.000000100000000021e-05 1.000000100000000021e-05 1.000000100000000021e-05 1.000000100000000021e-05 1.000000100000000021e-05 1.000000100000000021e-05 1.000000100000000021e-05 1.000000100000000021e-05 1.000000100000000021e-05 1.000000100000000021e-05 1.000000100000000021e-05 1.000000100000000021e-05 1.000000100000000021e-05 1.000000100000000021e-05 1.000000100000000021e-05 1.000000100000000021e-05 1.000000000000000021e-08 1.000000000000000021e-08 1.000000000000000021e-08 1.000000000000000021e-08 1.000000000000000021e-08 1.000000000000000021e-08
1.000000100000000021e-05 1.000000100000000021e-05 1.000000100000000021e-05 1.000000100000000021e-05 1.000000100000000021e-05 1.000000100000000021e-05 1.000000100000000021e-05 1.000000100000000021e-05 1.000000100000000021e-05 1.000000100000000021e-05 1.000000100000000021e-05 1.000000100000000021e-05 1.000000100000000021e-05 1.000000100000000021e-05 1.000000100000000021e-05 1.000000100000000021e-05 1.000000100000000021e-05 1.000000100000000021e-05 1.000000100000000021e-05 1.000000100000000021e-05 1.000000100000000021e-05 1.000000100000000021e-05 1.000000100000000021e-05 1.000000100000000021e-05 1.000000100000000021e-05 1.000000100000000021e-05 1.000000100000000021e-05 1.000000100000000021e-05 1.000000100000000021e-05 1.000000100000000021e-05 1.000000000000000021e-08 1.000000000000000021e-08 1.000000000000000021e-08 1.000000000000000021e-08 1.000000000000000021e-08 1.032755917585831442e-05 1.000000000000000021e-08
1.000000100000000021e-05 1.000000100000000021e-05 1.000000100000000021e-05 1.000000100000000021e-05 1.000000100000000021e-05 1.000000100000000021e-05 1.000000100000000021e-05 1.000000100000000021e-05 1.000000100000000021e-05 1.000000100000000021e-05 1.000000100000000021e-05 1.000000100000000021e-05 1.000000100000000021e-05 1.000000100000000021e-05 1.000000100000000021e-05 1.000000100000000021e-05 1.000000100000000021e-05 1.000000100000000021e-05 1.000000100000000021e-05 1.000000100000000021e-05 1.000000100000000021e-05 1.000000100000000021e-05 1.000000100000000021e-05 1.000000100000000021e-05 1.000000100000000021e-05 1.000000100000000021e-05 1.000000100000000021e-05 1.000000100000000021e-05 1.000000100000000021e-05 1.000000000000000021e-08 1.000000000000000021e-08 1.542661770226403105e-05 1.874289985920253761e-05 1.850806573080553667e-05 1.000000000000000021e-08 1.000000000000000021e-08 1.000000000000000021e-08
1.000000100000000021e-05 1.000000100000000021e-05 1.000000100000000021e-05 1.000000100000000021e-05 1.000000100000000021e-05 1.000000100000000021e-05 1.000000100000000021e-05 1.000000100000000021e-05 1.000000100000000021e-05 1.000000100000000021e-05 1.000000100000000021e-05 1.000000100000000021e-05 1.000000100000000021e-05 1.000000100000000021e-05 1.000000100000000021e-05 1.000000100000000021e-05 1.000000100000000021e-05 1.000000100000000021e-05 1.000000100000000021e-05 1.000000100000000021e-05 1.000000100000000021e-05 1.000000100000000021e-05 1.000000100000000021e-05 1.000000100000000021e-05 1.000000100000000021e-05 1.000000100000000021e-05 1.000000100000000021e-05 1.000000100000000021e-05 1.000000000000000021e-08 1.000000000000000021e-08 1.000000000000000021e-08 1.000000000000000021e-08 2.401969852170501157e-05 2.570925201954067063e-05 1.000000000000000021e-08 1.000000000000000021e-08 1.000000000000000021e-08
1.000000100000000021e-05 1.000000100000000021e-05 1.000000100000000021e-05 1.000000100000000021e-05 1.000000100000000021e-05 1.000000100000000021e-05 1.000000100000000021e-05 1.000000100000000021e-05 1.000000100000000021e-05 1.000000100000000021e-05 1.000000100000000021e-05 1.000000100000000021e-05 1.000000100000000021e-05 1.000000100000000021e-05 1.000000100000000021e-05 1.000000100000000021e-05 1.000000100000000021e-05 1.000000100000000021e-05 1.000000100000000021e-05 1.000000100000000021e-05 1.000000100000000021e-05 1.000000100000000021e-05 1.000000100000000021e-05 1.000000100000000021e-05 1.000000100000000021e-05 1.000000100000000021e-05 1.000000000000000021e-08 1.000000000000000021e-08 1.000000000000000021e-08 1.000000000000000021e-08 1.000000000000000021e-08 1.650308056075513010e-05 1.559968904270921282e-05 1.000000000000000021e-08 1.000000000000000021e-08 1.000000000000000021e-08 1.000000000000000021e-08
1.000000100000000021e-05 1.000000100000000021e-05 1.000000100000000021e-05 1.000000100000000021e-05 1.000000100000000021e-05 1.000000100000000021e-05 1.000000100000000021e-05 1.000000100000000021e-05 1.000000100000000021e-05 1.000000100000000021e-05 1.000000100000000021e-05 1.000000100000000021e-05 1.000000100000000021e-05 1.000000100000000021e-05 1.000000100000000021e-05 1.000000100000000021e-05 1.000000100000000021e-05 1.000000100000000021e-05 1.000000100000000021e-05 1.000000100000000021e-05 1.000000100000000021e-05 1.000000100000000021e-05 1.000000100000000021e-05 2.456929304941340465e-05 1.000000000000000021e-08 1.000000000000000021e-08 1.000000000000000021e-08 1.000000000000000021e-08 1.000000000000000021e-08 1.000000000000000021e-08 1.000000000000000021e-08 1.000000000000000021e-08 1.664022600391767458e-05 1.782436892134761744e-05 3.596184672478746263e-05 5.271075730275465355e-05 3.973134233249115381e-05
1.000000100000000021e-05 1.000000100000000021e-05 1.000000100000000021e-05 1.000000100000000021e-05 1.000000100000000021e-05 1.000000100000000021e-05 1.000000100000000021e-05 1.000000100000000021e-05 1.000000100000000021e-05 1.000000100000000021e-05 1.000000100000000021e-05 1.000000000000000021e-08 1.162577206745005162e-05 2.266231884989721704e-05 3.962947671704756083e-05 1.637958769013948942e-04 3.697168258335818800e-04 1.903781979257778909e-02 1.845035809587328504e-02 1.000000100000000021e-05 1.000000100000000021e-05 1.000000100000000021e-05 1.000000000000000021e-08 2.700739153331340776e-05 1.028073914953482012e-05 1.000000000000000021e-08 1.000000000000000021e-08 1.352313116337777905e-05 1.486946849029886832e-05 1.432999690306962389e-05 1.000000000000000021e-08 1.000000000000000021e-08 1.035670216570219836e-05 2.181308240611209160e-05 2.332987152811616133e-05 3.318060605872611069e-05 7.131097965705521875e-05
1.000000100000000021e-05 1.000000100000000021e-05 1.000000100000000021e-05 1.000000100000000021e-05 1.000000100000000021e-05 1.000000100000000021e-05 1.000000100000000021e-05 1.000000100000000021e-05 1.000000100000000021e-05 1.000000100000000021e-05 1.000000000000000021e-08 1.000000000000000021e-08 1.000000000000000021e-08 1.000000000000000021e-08 1.000000000000000021e-08 1.597082219611242000e-04 2.259203502879885079e-04 3.281058304543178110e-04 1.716315415024383118e-02 1.565858993750707598e-02 1.197023642693706078e-02 4.527651248869434442e-04 3.238938601945309586e-04 1.103471010881538475e-03 8.777218040923584876e-04 1.000000000000000021e-08 1.000000000000000021e-08 1.000000000000000021e-08 1.000000000000000021e-08 1.000000000000000021e-08 1.000000000000000021e-08 1.000000000000000021e-08 1.149815591176818194e-05 1.000000000000000021e-08 1.000000000000000021e-08 1.000000000000000021e-08 1.000000000000000021e-08
5.778167696661137050e-05 4.340072806897719561e-05 4.014879619298278247e-05 2.593033947794787952e-05 2.394072193697367043e-05 1.935791225450216811e-05 1.405031198994702788e-05 1.316846884945131967e-05 1.164812855005984281e-05 1.031706363388994234e-05 1.014621010302442616e-05 1.084172693084031594e-05 1.280863453200455447e-05 1.000000000000000021e-08 5.254537410120362084e-05 2.417819886083366274e-04 2.792028133553033434e-04 2.729475653530275366e-05 1.000000000000000021e-08 1.606438863221770416e-02 1.000000000000000021e-08 3.267603740647513915e-04 2.287863488209553574e-04 1.220955273360298937e-03 1.485611655162682966e-03 1.546499212075260084e-04 1.000000000000000021e-08 1.000000000000000021e-08 1.287738488224226810e-05 1.579340071060942463e-05 3.540045448969739443e-04 5.741887809982443736e-04 5.703646759285482294e-04 3.560328458305525665e-04 2.747906701310940791e-04 2.089881464204158433e-04 1.659665323368226565e-04
4.345183888315899077e-05 1.043164985636889857e-04 1.226260503504603204e-04 1.684264125452826608e-04 1.802190414033513321e-04 1.883255515909756776e-04 1.987289482901777316e-04 2.453560972090597717e-04 3.039237368407303008e-04 2.001872568055557426e-04 2.245405044290858375e-04 2.417260350076608287e-04 3.011791563642695659e-04 3.613668238522614313e-04 4.856887678007393988e-04 4.259418361300242603e-04 3.442206561592823524e-04 2.407576936062561966e-04 1.000000000000000021e-08 1.000000000000000021e-08 1.236314071045760693e-05 3.211137333110365005e-04 2.202418832328925657e-04 1.931984885795092963e-03 3.303374485541573941e-03 2.813805903500257635e-03 2.877786903098178937e-03 2.949285490486369676e-03 3.616118158022572655e-03 3.074201758137362281e-03 3.062303010439730837e-03 3.053690759032113601e-03 2.204496492459791061e-03 1.488743485533472423e-03 2.146222342093717108e-04 1.717777196640370683e-04 2.234217829477379725e-03
2.581138212650254345e-05 1.000000000000000021e-08 3.478219116914757611e-05 3.553783050983066837e-05 2.350635828586089817e-05 1.987930475050243883e-05 1.000000000000000021e-08 1.000000000000000021e-08 1.000000000000000021e-08 1.483566704083599981e-04 1.648082335998913412e-04 1.993882083393840434e-04 1.643411681406113287e-04 1.192199529440083694e-04 8.935643271609254785e-05 6.681675962405206077e-05 2.221385307455781900e-04 1.885772288189856713e-04 1.000000000000000021e-08 1.000000000000000021e-08 1.016999222446890198e-05 1.331850460447236636e-05 2.476466702633197748e-05 4.413963961286618959e-05 5.919471584029749572e-05 5.568562681690179529e-05 7.944320356104201026e-05 1.624116447092317209e-04 1.000000000000000021e-08 1.000000000000000021e-08 1.000000000000000021e-08 1.184623590985420552e-05 1.272221047961683048e-03 1.403799567088746900e-03 2.426857553421352728e-03 2.875519492788414233e-03 2.143749674737896113e-03
2.994809038495353494e-05 3.178963055177343010e-05 3.220157520144257331e-05 1.000000000000000021e-08 1.000000000000000021e-08 1.000000000000000021e-08 1.000000000000000021e-08 1.000000000000000021e-08 1.000000000000000021e-08 1.000000000000000021e-08 1.000000000000000021e-08 1.000000000000000021e-08 1.000000000000000021e-08 1.000000000000000021e-08 1.000000000000000021e-08 1.000000000000000021e-08 1.860670653668243480e-03 1.857146552370400779e-03 1.000000000000000021e-08 1.000000000000000021e-08 1.000000000000000021e-08 1.000000000000000021e-08 2.915434540562986129e-05 5.728158061098973631e-05 6.741669558776976288e-05 1.000000000000000021e-08 8.620374006650300845e-05 1.000000000000000021e-08 1.000000000000000021e-08 1.000000000000000021e-08 1.000000000000000021e-08 1.000000000000000021e-08 9.848422093175284667e-04 1.898341527599423789e-03 1.390079286459940848e-03 8.937757257616685096e-04 6.850139348291977171e-04
2.401654955178056904e-05 2.215697653961735437e-05 2.085370996855593533e-05 1.000000000000000021e-08 1.000000000000000021e-08 1.000000000000000021e-08 1.000000000000000021e-08 1.000000000000000021e-08 1.000000000000000021e-08 1.000000000000000021e-08 1.000000000000000021e-08 1.000000000000000021e-08 1.000000000000000021e-08 1.664042521870307605e-05 1.000000000000000021e-08 1.000000000000000021e-08 3.241365387939504968e-05 1.305701976880837120e-05 3.091923655695841565e-05 3.615465795221673665e-05 3.167496689151532070e-05 4.844681787273925699e-05 4.317310114619242955e-05 8.226386810303391037e-05 7.804094692180437343e-05 1.000000000000000021e-08 5.023287340891333856e-05 1.170432203775330802e-05 1.000000000000000021e-08 1.000000000000000021e-08 1.000000000000000021e-08 1.204866738112304560e-05 1.865799148875574604e-05 2.702242819399391346e-05 2.668504546736520690e-05 2.378434132168850791e-05 1.000000000000000021e-08
1.957588960834403985e-05 1.637764345509812907e-05 1.473213500168378954e-05 1.000000000000000021e-08 1.000000000000000021e-08 1.000000000000000021e-08 1.004340666876211143e-05 1.000000000000000021e-08 1.000000000000000021e-08 1.000000000000000021e-08 1.000000000000000021e-08 1.000000000000000021e-08 1.095773101357803125e-05 1.532614083013155161e-05 1.000000000000000021e-08 1.000000000000000021e-08 1.000000000000000021e-08 1.136942178478127288e-05 1.968341882299058234e-05 1.000000000000000021e-08 1.000000000000000021e-08 1.000000000000000021e-08 3.012832429452765013e-05 1.032592965392400308e-04 1.000000000000000021e-08 1.053674396379353157e-05 1.000000000000000021e-08 1.441537634589092888e-05 1.000000000000000021e-08 1.000000000000000021e-08 1.000000000000000021e-08 1.000000000000000021e-08 1.000000000000000021e-08 1.043915466186507613e-05 1.130285919179195347e-05 1.178355528277573768e-05 1.745271260981932321e-05
