output/water_depth_2400.asc
ncols 223
nrows 158
xllcorner 0.0
yllcorner 0.0
cellsize 30.0
[rows 68 to 84 of 158, columns 37 to 73 of 223]
8.540371442733800356e-05 1.145945890121858620e-04 1.623361892321348028e-04 1.925246985334859255e-04 1.471296872350799672e-05 1.977415046527412565e-04 2.268202988632205756e-04 1.995750900869595250e-04 1.425236821089257600e-05 1.000000000000000021e-08 1.000000000000000021e-08 1.801238369399384110e-04 2.831289507148273968e-04 3.810657500304339307e-05 5.259838172113391217e-04 9.371115235346964096e-05 6.554482512678170896e-04 1.701607683096719706e-04 1.056553001933692849e-04 1.063276150798769511e-04 9.954632416841449529e-05 2.087106233138357120e-04 1.214138710101402615e-03 8.674287246632933837e-03 2.603033463133426831e-03 1.121978731838175317e-05 1.000000000000000021e-08 1.000000000000000021e-08 1.000000000000000021e-08 1.000000000000000021e-08 2.002845072651072270e-05 5.390718788097473204e-05 5.653526821894205173e-05 7.012605734205085227e-05 9.269645220638206241e-05 6.479538746104440130e-05 6.002863614703218197e-05
4.866506597034542697e-05 6.044218507916977186e-05 8.950249636397840044e-05 9.694213885236816928e-05 9.169988461692856862e-05 9.607118340907869149e-05 1.330564929917589555e-04 1.369212748192931894e-04 1.619149321031566847e-04 3.443705721147288670e-05 4.433229126217316123e-05 3.005922631420892795e-05 1.655661498336725214e-05 3.249776261688443169e-04 3.510609727000201289e-04 9.895252919321629020e-05 5.381323265799182499e-04 1.097496521481939631e-04 1.365034425176552273e-04 1.800424368141183187e-04 8.859918532466931704e-04 2.374912780423005482e-04 1.009565590033781627e-03 1.060299691454326962e-03 1.413098760592703187e-03 3.423831157274778280e-03 1.698949361911721620e-05 1.000000000000000021e-08 1.000000000000000021e-08 1.000000000000000021e-08 1.514405919045280430e-05 1.000000000000000021e-08 1.294094549959567443e-03 9.842975953466285427e-03 1.465795921253094242e-02 1.641678216303670002e-02 9.775643442705549829e-03
5.161519053639864298e-05 1.464880423800506754e-05 4.999398862530844955e-05 5.062156053263704538e-05 1.000000000000000021e-08 3.866973153547311262e-05 8.101553720466882008e-05 2.232051522140338594e-04 4.408051482842761937e-04 2.169393568345683271e-04 1.889789575861300656e-04 2.181281123500689414e-04 1.783519333444444160e-04 1.823935343282342871e-04 1.918681397015131480e-04 2.397149378578116504e-04 1.335755555357239898e-03 1.640310570639940757e-04 5.789222302501529803e-04 4.332297845893478996e-04 3.777347869759370121e-04 1.272510763447176488e-03 7.439888067785916390e-04 6.866217326218282185e-04 7.219612865970494457e-05 1.000000000000000021e-08 1.833301823983490234e-04 1.597560697711520922e-04 1.837446891127031743e-05 1.361114721905964118e-03 4.651395222119260927e-04 6.946531901680078405e-03 1.286030831579292391e-02 1.104529391670623292e-02 1.233497931892154481e-02 1.153513913640400075e-02 1.713403279479096264e-02
1.000000100000000021e-05 1.628771387554472558e-04 2.532363420121447803e-05 4.992649798837501998e-05 6.323405923777404005e-05 1.000000000000000021e-08 4.802285208091120204e-05 9.550372248034646051e-05 2.067734296902931873e-04 2.194926483483032457e-04 3.148953119699719229e-04 1.012206527921603871e-03 1.536654615031436948e-03 1.193880649698558002e-03 1.036374230251987244e-03 1.587444745240401212e-03 2.125203855226305994e-03 7.019829194906401781e-03 3.650794334895857314e-03 2.451309487866286472e-03 2.570756784230422785e-03 3.213014348607202714e-03 1.914659289034201586e-02 1.299785473944686147e-03 9.079753484768421021e-04 2.994786094103730166e-04 1.069122841004992251e-03 8.802489322387016318e-04 6.451168776004680399e-04 5.008815668359130856e-03 9.846653659550062485e-03 1.067348752316932790e-02 1.047468923368844763e-02 1.098236841661218675e-02 8.340222579395220603e-03 1.168310134836064197e-02 1.105987835401073434e-02
1.971438913630318805e-04 4.285802692250128545e-04 3.312193531024385114e-04 2.178963535774309807e-04 1.339659890413628763e-05 1.000000000000000021e-08 1.000000000000000021e-08 2.443269512844177798e-04 9.039889618522730600e-04 8.097233548370101836e-04 5.144204070523699171e-04 6.418327208685366877e-04 1.020952884277253952e-03 2.344076075638576624e-03 2.750910691678111562e-03 3.926362297259549522e-03 2.911797087140679911e-03 3.671766827036593642e-03 4.408198717060344586e-03 5.232149631666678340e-03 3.790548504995211801e-03 3.145713588579469519e-03 4.616878583792868689e-03 6.845777954300023491e-03 2.186577718990167195e-03 1.816324124263620681e-03 1.512006417680926418e-02 1.618896699596003574e-02 1.865638945897850343e-02 1.930181579223156502e-02 2.337940524966575576e-02 1.255910291244045213e-02 1.203454132692016558e-02 7.838933244354480412e-03 6.389753794301131565e-03 4.902977867850526021e-03 4.886202010126600159e-03
2.353802192607065550e-04 1.719781354871068979e-04 3.678860770831890556e-04 3.262029650953134714e-05 2.434034318050615697e-04 2.395510184048038149e-04 2.354178600119190192e-04 5.739250160946045764e-04 7.171068480888196728e-04 1.253318355887868014e-03 1.418420415180638014e-03 1.340201269703149853e-03 1.750829462927638250e-03 1.353650175040287465e-03 1.513397240305009057e-03 1.161023034650566447e-03 1.383607193624267467e-03 1.956438275629147992e-03 6.989746494007074637e-04 5.604456856795485969e-03 7.944282128343896701e-03 5.868979568713912631e-03 4.275757016829252223e-03 1.339505041304155444e-02 1.690897027920738177e-02 1.900917811219109826e-02 1.317519138068771849e-02 8.519393706363880686e-03 5.822045008684505890e-03 4.321975988565084428e-03 3.016471750839364811e-03 2.453526575255074622e-03 1.779171868697002751e-03 1.255072958375251426e-03 4.031896810781799428e-04 3.146390561951888229e-04 3.700876397067993148e-04
5.379522126764277540e-04 7.921336346837374101e-04 1.073104318212841565e-03 1.350468874646867153e-03 1.659691421380691439e-03 2.134928115772476587e-03 2.541973025825244609e-03 2.819343635195898246e-03 2.096229115699703091e-03 4.553898631111979642e-04 4.156318199541547231e-04 5.151980904292410499e-04 1.705463530679782722e-04 1.508165595315822142e-04 1.782640737425305005e-04 8.070680270680395197e-04 6.959950766451227910e-04 4.488515055821273273e-04 2.791756684656670389e-04 2.192752632291982892e-04 1.485693396107912103e-04 5.159765794409187922e-03 7.807691608690643312e-03 8.768310701908262061e-03 1.648731814250567864e-03 4.493433958545248836e-04 6.903366669789060776e-05 1.646144910332796496e-04 1.978936285089663723e-04 2.096150761028163685e-04 2.080647856190336324e-04 1.776994875481527770e-04 1.628506871494946138e-04 1.572091455434699138e-04 1.810822912683492005e-04 1.701949843666669855e-04 2.267491121577117614e-05
3.387536997805739962e-03 3.717188529232198389e-04 7.942356692999786270e-05 1.011424791458390821e-04 9.477066561148953883e-05 4.602993180642138611e-04 4.077905908346076357e-04 1.697391549827986849e-05 2.992377759908682709e-05 3.085885591455053353e-05 4.668819004711901709e-05 4.541224480202906935e-05 6.562700613880949958e-05 6.232747718479368789e-05 3.846586781024306139e-04 3.380502645185322992e-04 4.624968336320801530e-04 5.170608266397308007e-04 4.568448123064337385e-04 3.927308282058403232e-04 3.341638263049642905e-04 8.100684865415066788e-04 1.488722675055454510e-03 2.791008020385037612e-04 4.605321595204199596e-05 6.819490389494583496e-05 1.135656182778544657e-04 1.279879246412089018e-04 1.564743145405624665e-04 1.403952445574881114e-04 9.700218073870451078e-05 1.801702753483124062e-04 1.656614537157576170e-04 1.590907859421302481e-04 1.198182632382616570e-04 1.243510327118755794e-05 1.120056487112764544e-05
1.330104528442297546e-04 2.231263203265029848e-04 2.056018733713993091e-05 1.000000000000000021e-08 1.889149541342174837e-05 1.000000000000000021e-08 1.000000000000000021e-08 3.793241011508813201e-05 5.164649510730401138e-05 7.060767964700215347e-05 7.087116725418861395e-05 6.871638760960071765e-05 5.577370363895682283e-05 5.528689307245379057e-05 5.001993623141786857e-05 1.051170057738469801e-04 4.181101071057422101e-04 1.061016459262658848e-03 1.036141102650031676e-03 8.376396096103494449e-04 8.257394565323650020e-04 1.634772995555431544e-03 2.339766403921339857e-04 1.256033918003816993e-04 3.974225152412720288e-05 6.579295373004868128e-05 4.944851272543334335e-05 6.779003763224686005e-05 5.360906696574572789e-05 6.127465077913787743e-05 1.004707675405635962e-04 9.704538853234304790e-05 1.736354790332543345e-04 2.055229262439447991e-04 2.057017605235844583e-04 1.704637109627279642e-04 1.532721525905602559e-04
1.172083093023639606e-04 1.755907778217278073e-04 2.154971451021070472e-04 8.690144618858072550e-05 5.572366146883690687e-05 7.191886998560430722e-05 2.831888618825962440e-04 2.990059083401367507e-04 2.933312063371780031e-04 2.831469984080483638e-04 2.992443309364888212e-04 2.908774590865590109e-04 2.820805486211282729e-04 2.572372556263807981e-04 2.321075700511037929e-04 2.016272022214412110e-04 1.069588528605510064e-03 1.886613311434240034e-03 1.643578695311200466e-03 1.643643486386200817e-03 1.377319052939088339e-03 2.023546811858277852e-03 2.134743211107818003e-03 1.000000000000000021e-08 6.324162766658843594e-05 1.058928203691465383e-04 9.863328830160618291e-05 1.184791844237382456e-04 1.194079385657403219e-04 1.161837413248081760e-04 1.623075039534134403e-04 1.637500206257173029e-04 2.183725104100845749e-04 2.731485217812222544e-04 3.083229025047266934e-04 3.160184548283989517e-04 4.889916818419980452e-04
1.107832674291407080e-04 1.518604970826878636e-04 1.773567476964780967e-04 2.730559539948726149e-05 5.096883153121667604e-05 8.693357280714953425e-05 2.518532549145774727e-04 2.712903571703481880e-04 4.171640448742234566e-04 1.164500043647734035e-03 2.072399860008010495e-03 2.304726655595236082e-03 3.065923666895726922e-03 3.042686157215093549e-03 4.387036931951680298e-03 4.177251110174798852e-03 5.098122096353904092e-03 4.736489544673100870e-03 6.784177026300555226e-03 4.589515737937472153e-03 4.658174182094751772e-03 2.232781375691851849e-03 4.125762598008398709e-03 5.214875642593399797e-05 1.000000000000000021e-08 1.029521589321939973e-04 1.493556608329910801e-04 1.880445700519143681e-04 1.767626019378739613e-04 1.810305368903934373e-04 2.179928132887883074e-04 2.195708259389352599e-04 2.461343707470442965e-04 7.209298939286113729e-05 9.754906788340737508e-05 1.665872995738986156e-04 1.434615477432953014e-04
1.413435068612126067e-04 2.112614932680160010e-04 1.754711446852345652e-04 1.386505188120797322e-04 1.281479687899068085e-04 3.008687495511141357e-04 3.392479185408484575e-04 6.569335245272914540e-04 2.544239581008623814e-03 1.844485287062415163e-03 1.342020093018077157e-03 9.985911240459530418e-04 1.375849183690023431e-03 1.124997004248461585e-03 1.839531922123661869e-04 6.199658176086770417e-05 1.136385279758954782e-04 5.391245056829464550e-04 1.363693778331058210e-04 2.915473283990561125e-03 3.299719152114516732e-03 4.138543573871391115e-03 4.640866257176656275e-03 2.157557558391264702e-03 6.093946060523169200e-04 5.371663733261792693e-04 9.776899915365013254e-05 2.208234800892167906e-04 3.553028374111370774e-05 1.623073998305522825e-04 2.466738002289748689e-04 2.730697036721324144e-04 3.165091529149532978e-04 2.270102106752369705e-05 1.944241672437862169e-05 1.153737321584145078e-05 1.706896062188803162e-05
2.259194425314683008e-04 2.860588856411646849e-04 1.204638864754740968e-04 6.651355451429418766e-05 1.701763187121278884e-04 9.474337140083196121e-05 6.258681736905828772e-04 6.085400905734093119e-04 1.619975144424723869e-04 4.344819722597998129e-05 1.000000000000000021e-08 1.000000000000000021e-08 1.000000000000000021e-08 5.940480421903658267e-05 5.726998732976325187e-05 6.054890656520513844e-05 1.502526466660858841e-04 1.766501570031883748e-04 1.730963549766097631e-04 2.305205950289989010e-04 1.855539761618620618e-03 4.908367283572887679e-03 8.555335754089763572e-03 4.268933015571027903e-03 4.878135697946026084e-03 3.043756788026161578e-03 1.774812218586049612e-03 3.952908628856454418e-04 9.755949574273690592e-05 1.816205851466416569e-04 2.811057420473092052e-04 3.357341774150367848e-04 5.337341483550772696e-05 3.424025468596910001e-04 3.104089286282908953e-05 3.230212433647253813e-05 1.674505633158777403e-05
1.110953935330972152e-04 2.257914536741888265e-04 5.717471852120206872e-05 8.406968266558920296e-05 3.163960285061949472e-05 5.475345625525328020e-05 7.128837721159588816e-05 3.405444688299214158e-05 3.978726297396585604e-05 1.333748381956865690e-05 2.561013763825985634e-05 1.000000000000000021e-08 1.300661542211674607e-05 1.490981890530902818e-04 1.988913273514903465e-04 2.239932270448691471e-04 3.392017411450191699e-05 2.828759418688777088e-05 3.640347665572051271e-05 9.260730569819047853e-05 1.202593013322358174e-04 1.029488508966199190e-04 3.839846225639926506e-03 7.738713876117591164e-03 4.693076083676405233e-03 5.536673309582280586e-03 1.888225275086476054e-03 7.691863718143092041e-04 1.318878795682081745e-03 3.490381853851506726e-04 1.222553786627043697e-04 6.384041538100763784e-05 5.341186625871212893e-05 2.867767601614341043e-04 9.509164337843185790e-05 1.304442826608660132e-05 2.660828347638957209e-05
1.056308197228035957e-04 2.133514547821844024e-04 4.281772300374634549e-03 4.677221135730813377e-04 1.146891266807116420e-04 8.639187420651281001e-05 3.644398259284673132e-05 3.251968269604083083e-05 1.109603449351371428e-05 2.319121774148328636e-05 2.969105405431612856e-05 1.073256382988794025e-04 1.250521802550617532e-04 2.349286725410661570e-04 3.073049854130747039e-04 4.650151666160924429e-04 4.178047684799523890e-04 5.608096426968021400e-04 4.673799494919640826e-04 5.258119370835443850e-04 5.021881135574136727e-04 9.660553245454802859e-04 1.541307040780818399e-03 5.603787523129831818e-03 1.330450603982415679e-02 1.002279797066876407e-02 1.158362731075728014e-02 5.521262752727649180e-03 2.541228882673661569e-03 3.422353851518030073e-03 9.903475665297596653e-04 4.181244615387030589e-04 7.020502470692877332e-05 1.186178909792475541e-04 3.703427862121777715e-05 4.329689101198699088e-05 2.374640246343524483e-05
9.121691733255940309e-05 1.506980602481543924e-04 2.414159601867055954e-04 2.739491901300088531e-04 3.274451313568304352e-05 1.837281044611492847e-05 2.515982835665315899e-05 2.408267471884318893e-05 3.632802724497947446e-05 3.656613591306440137e-05 8.297377944703922660e-05 2.811050011083492993e-05 5.617283936028071256e-05 5.647953469444013113e-05 8.631168025813218034e-05 1.842637588897243846e-04 4.321321907743687438e-04 4.859006729943188491e-04 7.228237157233371925e-04 6.694027573261806478e-04 1.028121766158305531e-03 8.222722156973989380e-04 1.551513499499874429e-03 1.932797068875403198e-03 2.391188212696878160e-03 1.056090409556704329e-02 1.489247891985221069e-02 1.807468723324550872e-02 2.215303406301005404e-02 1.417968543137891960e-02 1.154475801887964830e-02 5.314939345056285055e-03 3.439683184754534391e-03 1.007240453157550938e-03 8.328260335393072346e-04 7.249493835541424543e-04 1.165463481068078837e-04
7.569008309958645889e-05 1.197646893100427616e-04 1.635617215713414975e-04 2.380732431253693333e-04 2.528398983592019525e-04 2.321267493623070831e-05 1.055752603470884834e-05 1.957457387721918900e-05 3.613973809017922674e-05 5.055706907236262034e-05 1.662617571544722434e-05 3.158532744940929961e-05 3.038283259072847262e-05 4.462639085376191538e-05 4.383161962967721271e-05 1.105388356907147027e-05 1.421159235201742751e-05 1.532117718295862401e-04 3.142258466995709234e-04 7.352346317932821618e-04 1.257950363039684770e-03 2.118808807349597569e-03 1.688006346744022742e-03 2.876362627237131955e-03 7.481229241275057923e-04 2.862994164883156823e-04 1.046626707992486839e-03 3.233710786836597171e-04 4.688780763311075836e-03 1.878358286143491304e-02 1.956594137286114116e-02 1.465585847453991508e-02 1.191536470800165851e-02 1.029658221255415514e-02 2.246212337953368450e-03 6.403520100207716042e-04 9.695831378959496403e-05
