output/water_depth_6480.asc
ncols 223
nrows 158
xllcorner 0.0
yllcorner 0.0
cellsize 30.0
[rows 68 to 84 of 158, columns 185 to 221 of 223]
1.000000000000000021e-08 2.846092840627877424e-05 2.647471086781051281e-05 1.000000000000000021e-08 1.000000000000000021e-08 1.000000000000000021e-08 1.000000000000000021e-08 3.604384133371872384e-05 1.000000000000000021e-08 3.242795774016659255e-05 1.000000000000000021e-08 1.000000000000000021e-08 1.272631421806425759e-04 2.576864718883587640e-04 1.877156098763828492e-04 1.032011535298006926e-04 2.094448412818389880e-04 4.331861228807692087e-04 3.400934572221150660e-03 5.595578441391042346e-04 6.328166385005409801e-04 1.000000100000000021e-05 1.000000100000000021e-05 1.000000100000000021e-05 1.000000100000000021e-05 1.000000100000000021e-05 1.000000100000000021e-05 1.000000100000000021e-05 1.000000100000000021e-05 1.000000100000000021e-05 1.000000100000000021e-05 1.000000100000000021e-05 1.000000100000000021e-05 1.000000100000000021e-05 1.000000100000000021e-05 1.000000100000000021e-05 1.000000100000000021e-05
1.000000000000000021e-08 1.000000000000000021e-08 2.285213565735712708e-05 1.000000000000000021e-08 1.192612856818578177e-05 1.672039106378114598e-05 1.000000000000000021e-08 1.000000000000000021e-08 1.000000000000000021e-08 1.000000000000000021e-08 1.000000000000000021e-08 1.017573788533384526e-05 1.256241131636352706e-04 6.343564767517917598e-03 4.445201353349219320e-04 2.147490085420125292e-04 1.000000000000000021e-08 1.000000000000000021e-08 3.230220249939589543e-04 2.424475659094291993e-04 7.505161243385186564e-04 1.000000100000000021e-05 1.000000100000000021e-05 1.000000100000000021e-05 1.000000100000000021e-05 1.000000100000000021e-05 1.000000100000000021e-05 1.000000100000000021e-05 1.000000100000000021e-05 1.000000100000000021e-05 1.000000100000000021e-05 1.000000100000000021e-05 1.000000100000000021e-05 1.000000100000000021e-05 1.000000100000000021e-05 1.000000100000000021e-05 1.000000100000000021e-05
1.000000000000000021e-08 1.000000000000000021e-08 1.000000000000000021e-08 1.000000000000000021e-08 1.984265404846528361e-05 1.000000000000000021e-08 1.000000000000000021e-08 1.000000000000000021e-08 1.000000000000000021e-08 1.000000000000000021e-08 2.559426711010191269e-05 1.631867571200868729e-04 9.699764206199835569e-05 7.026698208222644914e-05 5.636822088446323987e-05 2.860546631995904826e-05 1.000000000000000021e-08 1.000000000000000021e-08 1.865625715817586562e-04 3.156965569268541019e-04 1.061989950538105637e-03 1.000000100000000021e-05 1.000000100000000021e-05 1.000000100000000021e-05 1.000000100000000021e-05 1.000000100000000021e-05 1.000000100000000021e-05 1.000000100000000021e-05 1.000000100000000021e-05 1.000000100000000021e-05 1.000000100000000021e-05 1.000000100000000021e-05 1.000000100000000021e-05 1.000000100000000021e-05 1.000000100000000021e-05 1.000000100000000021e-05 1.000000100000000021e-05
1.000000000000000021e-08 1.000000000000000021e-08 1.000000000000000021e-08 1.000000000000000021e-08 1.000000000000000021e-08 1.000000000000000021e-08 1.000000000000000021e-08 1.000000000000000021e-08 1.000000000000000021e-08 1.000000000000000021e-08 5.778086240085875266e-05 3.197519200682723381e-04 1.144198412016016924e-04 4.564461115660614973e-05 3.844879123233486832e-05 7.544697342999525649e-05 1.216021813338620857e-05 1.374891051063176968e-05 9.910398488733384117e-05 3.404683563609304771e-04 7.838074767194050255e-04 6.258589651932280461e-04 1.000000100000000021e-05 1.000000100000000021e-05 1.000000100000000021e-05 1.000000100000000021e-05 1.000000100000000021e-05 1.000000100000000021e-05 1.000000100000000021e-05 1.000000100000000021e-05 1.000000100000000021e-05 1.000000100000000021e-05 1.000000100000000021e-05 1.000000100000000021e-05 1.000000100000000021e-05 1.000000100000000021e-05 1.000000100000000021e-05
1.000000000000000021e-08 1.000000000000000021e-08 1.000000000000000021e-08 1.000000000000000021e-08 1.000000000000000021e-08 1.000000000000000021e-08 1.000000000000000021e-08 1.000000000000000021e-08 1.000000000000000021e-08 1.000000000000000021e-08 7.043989425018779623e-05 1.051663669473301628e-04 8.528282333191147889e-05 1.424940102951066571e-05 3.153183693738698888e-05 8.115980348739703200e-05 5.742098603433975888e-05 3.961243939975344583e-05 4.498623249998104536e-05 2.005613877745831750e-04 1.037637474190563876e-03 4.968524310591391135e-04 1.000000000000000021e-08 1.000000100000000021e-05 1.000000100000000021e-05 1.000000100000000021e-05 1.000000100000000021e-05 1.000000100000000021e-05 1.000000100000000021e-05 1.000000100000000021e-05 1.000000100000000021e-05 1.000000100000000021e-05 1.000000100000000021e-05 1.000000100000000021e-05 1.000000100000000021e-05 1.000000100000000021e-05 1.000000100000000021e-05
1.202877770439734562e-03 1.000000000000000021e-08 1.000000000000000021e-08 1.000000000000000021e-08 1.000000000000000021e-08 1.000000000000000021e-08 1.000000000000000021e-08 1.000000000000000021e-08 7.461727623927037073e-05 2.158571969232513500e-05 9.153404539123622882e-05 1.409069071821936734e-04 8.858960675301468153e-05 2.468220910778420754e-05 2.341435481864479878e-05 7.485078823301958932e-05 8.992815075264079560e-05 7.637443434160301893e-05 9.280674801599024558e-05 2.518655639481815985e-04 1.331979844217823531e-03 4.540368220599713114e-04 6.977945317366031071e-05 6.314136503260236847e-05 1.000000100000000021e-05 1.000000100000000021e-05 1.000000100000000021e-05 1.000000100000000021e-05 1.000000100000000021e-05 1.000000100000000021e-05 1.000000100000000021e-05 1.000000100000000021e-05 1.000000100000000021e-05 1.000000100000000021e-05 1.000000100000000021e-05 1.000000100000000021e-05 1.000000100000000021e-05
9.028694332725034633e-02 1.000000000000000021e-08 1.000000000000000021e-08 1.000000000000000021e-08 1.000000000000000021e-08 1.000000000000000021e-08 1.000000000000000021e-08 1.378682583115164015e-05 5.543782075493403278e-05 1.000000000000000021e-08 7.155630090427857594e-05 9.738715183638924598e-04 5.873647200841344059e-04 3.591129244974831252e-05 2.075371352968724217e-05 7.046888767590147001e-05 1.570081275204101233e-04 6.811709364000003580e-05 1.151627967272313553e-04 1.859593440187337469e-04 2.026109190177192900e-03 6.450679848136794264e-04 3.703007202553643042e-05 1.469191651915017915e-05 1.000000100000000021e-05 1.000000100000000021e-05 1.000000100000000021e-05 1.000000100000000021e-05 1.000000100000000021e-05 1.000000100000000021e-05 1.000000100000000021e-05 1.000000100000000021e-05 1.000000100000000021e-05 1.000000100000000021e-05 1.000000100000000021e-05 1.000000100000000021e-05 1.000000100000000021e-05
7.661343195079081680e-02 6.357110707245178238e-02 1.987805198605699473e-04 1.105744840671610521e-05 1.000000000000000021e-08 1.206232467907861478e-05 1.000000000000000021e-08 1.000000000000000021e-08 1.000000000000000021e-08 1.000000000000000021e-08 1.546339479019353245e-04 7.793615109855335163e-04 3.650283645674704393e-04 4.341493097472559544e-05 1.938434630923034576e-05 7.936142529771624877e-05 2.382056387741236705e-04 1.078319377252400868e-04 9.560173613096162911e-05 2.086411790853063067e-02 2.197520875535882365e-02 1.596367799283015219e-04 1.393627133187824205e-05 1.395914657075819534e-05 1.000000100000000021e-05 1.000000100000000021e-05 1.000000100000000021e-05 1.000000100000000021e-05 1.000000100000000021e-05 1.000000100000000021e-05 1.000000100000000021e-05 1.000000100000000021e-05 1.000000100000000021e-05 1.000000100000000021e-05 1.000000100000000021e-05 1.000000100000000021e-05 1.000000100000000021e-05
8.990890732774425853e-02 7.850619487503093796e-02 1.798634033746058754e-04 1.002476140718848983e-05 1.607393114530555460e-05 1.000000000000000021e-08 1.000000000000000021e-08 1.000000000000000021e-08 1.000000000000000021e-08 1.000000000000000021e-08 1.461360188317808594e-04 5.952462385152590971e-04 3.405391686754896457e-04 4.971176750807759255e-05 2.183331054980016224e-05 1.000000000000000021e-08 2.506462923471689734e-04 9.765076231881873541e-05 1.585938077942717142e-02 1.916363150055866438e-02 2.120799381993256072e-02 6.634962163194406501e-05 7.183547722848285222e-05 1.000000000000000021e-08 2.367887584935381758e-03 4.002951193041799134e-05 1.000000100000000021e-05 1.000000100000000021e-05 1.000000100000000021e-05 1.000000100000000021e-05 1.000000100000000021e-05 1.000000100000000021e-05 1.000000100000000021e-05 1.000000100000000021e-05 1.000000100000000021e-05 1.000000100000000021e-05 1.000000100000000021e-05
1.444328004961095424e-01 4.905466007105796500e-02 1.333078446039605985e-04 1.495631284033728624e-05 1.112365843036839251e-05 1.000000000000000021e-08 1.000000000000000021e-08 1.440934866561144691e-05 3.209001120159912980e-05 5.956509655065108326e-05 1.320701212023358477e-04 5.250441084211874025e-04 3.043663586592413369e-04 6.485309255789076526e-05 8.390722381959935070e-05 6.341593129631760157e-04 3.199977844091691625e-03 3.824764126185080642e-03 5.686806287803385269e-03 1.509851259125898071e-02 3.711161779019519612e-04 3.873487749798992102e-03 2.375733984743253239e-04 1.386891359136327244e-04 1.466300106735859712e-05 1.321519123635545747e-05 1.000000100000000021e-05 1.000000100000000021e-05 1.000000100000000021e-05 1.000000100000000021e-05 1.000000100000000021e-05 1.000000100000000021e-05 1.000000100000000021e-05 1.000000100000000021e-05 1.000000100000000021e-05 1.000000100000000021e-05 1.000000100000000021e-05
1.347808983183597376e-01 8.465357472162426955e-02 7.341793910634586938e-04 1.900658270428548928e-05 1.000000000000000021e-08 1.198237818590164180e-05 4.306577544206594818e-05 7.841537808509658352e-05 1.312355635585945928e-04 1.997879522637418896e-04 3.803006145712996625e-03 1.415035536549044161e-03 1.689610149159018930e-03 2.244120561631077638e-03 4.097269762169519942e-03 2.277498289060307657e-02 5.324765113916787862e-03 3.312758207112465048e-03 1.000000000000000021e-08 1.000000000000000021e-08 1.000000000000000021e-08 1.000000000000000021e-08 1.000000000000000021e-08 1.000000000000000021e-08 1.000000000000000021e-08 1.000000000000000021e-08 1.000000100000000021e-05 1.000000100000000021e-05 1.000000100000000021e-05 1.000000100000000021e-05 1.000000100000000021e-05 1.000000100000000021e-05 1.000000100000000021e-05 1.000000100000000021e-05 1.000000100000000021e-05 1.000000100000000021e-05 1.000000100000000021e-05
1.373775376973086215e-01 4.611823980931124001e-01 2.664945728296120187e-03 2.383297257426858924e-05 1.493998255718879119e-05 3.170998135928911722e-05 1.000000000000000021e-08 2.544253372632110223e-05 1.358490020678028278e-05 6.168470797177899438e-05 3.447573174121879025e-04 2.829651479955992005e-02 3.358601505948856283e-03 3.533268255414761822e-03 3.989179798486776514e-03 3.262753165193975542e-05 3.342644120964029648e-05 1.147794193971652002e-05 1.000000000000000021e-08 1.740844418586059197e-05 1.000000000000000021e-08 1.000000000000000021e-08 1.000000000000000021e-08 1.000000000000000021e-08 1.000000000000000021e-08 1.000000000000000021e-08 1.000000100000000021e-05 1.000000100000000021e-05 1.000000100000000021e-05 1.000000100000000021e-05 1.000000100000000021e-05 1.000000100000000021e-05 1.000000100000000021e-05 1.000000100000000021e-05 1.000000100000000021e-05 1.000000100000000021e-05 1.000000100000000021e-05
1.848557326288819552e-03 3.849323159812491624e-01 2.580863283791730578e-01 1.976438595929291223e-03 2.081568918925437848e-05 4.627720320158530291e-05 1.342511487342968675e-05 1.000000000000000021e-08 1.000000000000000021e-08 1.000000000000000021e-08 2.740467031630612637e-04 2.509682914240965457e-02 2.713759701565298527e-02 3.174457542191171187e-03 8.314189262242029132e-04 1.000000000000000021e-08 1.000000000000000021e-08 1.000000000000000021e-08 1.114598359409679816e-05 1.000000000000000021e-08 1.000000000000000021e-08 1.000000000000000021e-08 1.000000000000000021e-08 1.000000000000000021e-08 1.000000000000000021e-08 1.000000000000000021e-08 1.000000100000000021e-05 1.000000100000000021e-05 1.000000100000000021e-05 1.000000100000000021e-05 1.000000100000000021e-05 1.000000100000000021e-05 1.000000100000000021e-05 1.000000100000000021e-05 1.000000100000000021e-05 1.000000100000000021e-05 1.000000100000000021e-05
1.000000000000000021e-08 1.000000000000000021e-08 2.674567575372480688e-01 1.362498854104137458e-01 1.010315238708799079e-01 4.015469454629727597e-02 1.000000000000000021e-08 1.000000000000000021e-08 1.000000000000000021e-08 1.000000000000000021e-08 1.844460130487285768e-04 9.885138310550583424e-03 2.256998992553463021e-02 5.338288841563026141e-04 1.606310628019557481e-04 1.901062303775826915e-05 1.095455828123794582e-05 1.000000000000000021e-08 1.000000000000000021e-08 1.000000000000000021e-08 1.000000000000000021e-08 1.000000000000000021e-08 1.000000000000000021e-08 1.000000000000000021e-08 1.000000000000000021e-08 1.000000000000000021e-08 1.000000100000000021e-05 1.000000100000000021e-05 1.000000100000000021e-05 1.000000100000000021e-05 1.000000100000000021e-05 1.000000100000000021e-05 1.000000100000000021e-05 1.000000100000000021e-05 1.000000100000000021e-05 1.000000100000000021e-05 1.000000100000000021e-05
1.000000000000000021e-08 1.000000000000000021e-08 1.000000000000000021e-08 1.411683947613679990e-01 4.490308989334573231e-01 4.128281828451380586e-01 3.070678678871963663e-01 6.588871834495276317e-03 5.508492491009327630e-04 3.469211231448107030e-03 4.139360491377535797e-03 6.669896863158536644e-03 6.033696998687149322e-04 5.158705589527947701e-03 1.000000000000000021e-08 1.000000000000000021e-08 1.000000000000000021e-08 1.000000000000000021e-08 1.000000000000000021e-08 1.000000000000000021e-08 1.000000000000000021e-08 1.000000000000000021e-08 1.000000000000000021e-08 1.000000000000000021e-08 1.000000000000000021e-08 1.000000000000000021e-08 1.000000100000000021e-05 1.000000100000000021e-05 1.000000100000000021e-05 1.000000100000000021e-05 1.000000100000000021e-05 1.000000100000000021e-05 1.000000100000000021e-05 1.000000100000000021e-05 1.000000100000000021e-05 1.000000100000000021e-05 1.000000100000000021e-05
1.000000000000000021e-08 1.000000000000000021e-08 1.000000000000000021e-08 3.239093258221882317e-04 1.093783877869070270e-03 2.318632199092489615e-03 2.065054549505659087e-01 8.352302513378488669e-02 3.571351611363800249e-02 4.583978557325350638e-03 4.229032941882189187e-03 4.153754675966545712e-03 1.000000000000000021e-08 1.000000000000000021e-08 1.000000000000000021e-08 1.000000000000000021e-08 1.000000000000000021e-08 1.000000000000000021e-08 1.000000000000000021e-08 1.000000000000000021e-08 4.251270963326344936e-05 3.069800775967053386e-05 1.715184470300804671e-05 1.000000000000000021e-08 1.000000000000000021e-08 1.000000000000000021e-08 1.000000100000000021e-05 1.000000100000000021e-05 1.000000100000000021e-05 1.000000100000000021e-05 1.000000100000000021e-05 1.000000100000000021e-05 1.000000100000000021e-05 1.000000100000000021e-05 1.000000100000000021e-05 1.000000100000000021e-05 1.000000100000000021e-05
3.028814187012579732e-05 2.416347471877934396e-05 2.082586646699282178e-05 1.000000000000000021e-08 1.000000000000000021e-08 1.000000000000000021e-08 2.105925330530002693e-01 3.633915614529088511e-01 3.499474977309446344e-01 1.008272005902494280e-02 3.708503397099174870e-03 2.287216170889470011e-03 1.000000000000000021e-08 1.952012719365141361e-05 1.862538459908632128e-05 1.000000000000000021e-08 1.517657144659915348e-05 1.000000000000000021e-08 1.000000000000000021e-08 5.168107531271262488e-05 3.001273997553968501e-05 3.624266835457321309e-05 2.225592914174693267e-05 1.000000000000000021e-08 1.000000000000000021e-08 5.617418114263265352e-05 5.393399102121746146e-05 1.000000100000000021e-05 1.000000100000000021e-05 1.000000100000000021e-05 1.000000100000000021e-05 1.000000100000000021e-05 1.000000100000000021e-05 1.000000100000000021e-05 1.000000100000000021e-05 1.000000100000000021e-05 1.000000100000000021e-05
