output/water_depth_5640.asc
ncols 223
nrows 158
xllcorner 0.0
yllcorner 0.0
cellsize 30.0
[rows 136 to 152 of 158, columns 148 to 184 of 223]
1.000000000000000021e-08 1.000000000000000021e-08 1.000000000000000021e-08 1.179425785431768701e-05 1.000000000000000021e-08 1.000000000000000021e-08 2.099557411321904335e-05 1.000000000000000021e-08 1.000000000000000021e-08 1.000000000000000021e-08 1.505905288893432535e-05 2.589761954435711394e-05 2.140194614615298211e-05 1.000000000000000021e-08 1.000000000000000021e-08 1.000000000000000021e-08 1.000000000000000021e-08 1.499779976102512986e-05 3.053978617478949427e-05 5.821178632100025791e-05 1.000000000000000021e-08 1.000000000000000021e-08 1.000000000000000021e-08 1.000000000000000021e-08 1.000000000000000021e-08 1.629385282992309720e-05 1.000000000000000021e-08 1.000000000000000021e-08 1.000000000000000021e-08 1.000000000000000021e-08 1.000000000000000021e-08 1.000000000000000021e-08 1.000000000000000021e-08 1.000000000000000021e-08 1.000000000000000021e-08 1.000000000000000021e-08 2.132399599394384676e-05
1.000000000000000021e-08 1.000000000000000021e-08 1.000000000000000021e-08 1.309336143281108205e-05 1.316731926706362724e-05 1.230483587743369011e-05 1.000000000000000021e-08 1.000000000000000021e-08 1.000000000000000021e-08 1.000000000000000021e-08 1.000000000000000021e-08 1.000000000000000021e-08 1.434728619356044448e-05 1.839955789556676710e-04 2.584072433057041374e-04 3.072773615569770176e-04 3.698578525058499500e-04 4.666252541051558339e-04 5.303565593605183556e-04 5.515423522262406049e-04 4.768394033650298603e-04 7.120336378918914804e-04 6.236692548484845276e-04 8.234203672520790628e-04 6.240020326396456451e-05 8.320303630383418889e-05 7.455194035562873070e-05 1.000000000000000021e-08 1.000000000000000021e-08 1.000000000000000021e-08 1.000000000000000021e-08 1.000000000000000021e-08 1.000000000000000021e-08 1.000000000000000021e-08 1.000000000000000021e-08 1.042330449212682328e-05 1.005530840260135617e-04
1.000000000000000021e-08 1.000000000000000021e-08 1.000000000000000021e-08 1.076449533605266770e-05 1.000000000000000021e-08 1.000000000000000021e-08 1.000000000000000021e-08 1.000000000000000021e-08 1.000000000000000021e-08 3.084015043530389914e-05 5.915481881862652585e-05 9.573218835594641098e-05 2.099516606426977158e-04 1.710153185298263776e-04 1.329776724862550207e-04 9.681595225710900904e-05 5.956634849839738172e-05 2.685591493848672436e-04 1.000000000000000021e-08 1.000000000000000021e-08 1.000000000000000021e-08 1.000000000000000021e-08 1.000000000000000021e-08 1.000000000000000021e-08 8.653521121691298921e-05 5.383030307442782976e-05 4.856015830264152607e-05 4.210613627912717006e-05 1.000000000000000021e-08 1.000000000000000021e-08 1.000000000000000021e-08 1.000000000000000021e-08 1.000000000000000021e-08 1.000000000000000021e-08 1.000000000000000021e-08 9.883044581411141733e-05 9.945271641170069722e-05
3.008877885536095364e-05 3.440462853111536960e-05 3.799112055270906013e-05 3.722384791652108690e-05 1.000000000000000021e-08 1.000000000000000021e-08 1.000000000000000021e-08 1.574774451745511973e-05 5.021502408926936320e-05 1.000000000000000021e-08 5.387892768326691008e-05 1.000000000000000021e-08 1.029903351854429743e-04 1.000000000000000021e-08 1.000000000000000021e-08 1.000000000000000021e-08 1.000000000000000021e-08 1.000000000000000021e-08 1.000000000000000021e-08 1.446896575561146573e-05 1.000000000000000021e-08 1.000000000000000021e-08 1.000000000000000021e-08 1.000000000000000021e-08 1.100750407654523937e-05 9.899812491528113859e-05 1.249689070140894186e-04 2.176241217793439624e-04 7.569954831990322172e-04 5.658362709622641090e-05 3.671873443571752683e-05 1.159828487495405171e-05 1.000000000000000021e-08 1.000000000000000021e-08 1.010625564979842900e-05 2.822803787404797211e-04 3.541377679083265815e-04
2.636540528903304279e-05 3.123334138019637972e-05 3.543115196337755734e-05 4.645137307626753771e-05 3.663611054803443733e-05 2.686509534349285398e-05 2.507456491519107319e-05 2.353522981454915299e-05 9.786894404926771993e-05 1.218494074409508563e-04 9.203209580477618348e-05 8.140933622867006119e-05 6.852077787920544060e-05 1.000000000000000021e-08 1.000000000000000021e-08 1.000000000000000021e-08 1.000000000000000021e-08 1.000000000000000021e-08 1.000000000000000021e-08 1.105992419840526343e-05 1.000000000000000021e-08 1.067794130231839543e-05 1.000000000000000021e-08 1.000000000000000021e-08 1.000000000000000021e-08 1.000000000000000021e-08 2.503291968591804138e-04 4.984290247062973323e-04 1.234046459326705505e-03 1.044884029054351854e-03 2.402097546398213523e-04 4.461084696430945608e-04 3.903549929999439194e-04 2.501287221831570949e-04 1.997885143565593575e-04 2.394730578821125170e-04 1.974788877160348587e-04
1.000000000000000021e-08 1.000000000000000021e-08 1.000000000000000021e-08 1.000000000000000021e-08 1.000000000000000021e-08 1.000000000000000021e-08 1.000000000000000021e-08 1.086820311757459318e-04 8.308199506792572154e-05 1.201069669933539934e-04 1.000000000000000021e-08 1.000000000000000021e-08 1.000000000000000021e-08 1.000000000000000021e-08 1.000000000000000021e-08 1.000000000000000021e-08 1.414395965641962076e-05 1.270701787686646610e-05 1.076776574765403903e-05 1.000000000000000021e-08 1.000000000000000021e-08 1.000000000000000021e-08 1.000000000000000021e-08 1.000000000000000021e-08 1.000000000000000021e-08 1.000000000000000021e-08 1.100724702510307549e-05 1.170524248049822405e-05 1.187609843315845215e-05 1.126864741386625042e-03 1.286844975810820914e-03 1.019208924749037725e-03 1.144019677308952005e-03 4.473033451217889181e-04 2.221281724895225306e-03 1.647399138635714366e-03 1.292639687138582086e-03
1.000000000000000021e-08 1.000000000000000021e-08 1.000000000000000021e-08 1.000000000000000021e-08 1.000000000000000021e-08 1.000000000000000021e-08 1.000000000000000021e-08 1.000000000000000021e-08 4.095051088770426526e-05 1.622880840283754124e-05 1.000000000000000021e-08 1.000000000000000021e-08 1.000000000000000021e-08 1.000000000000000021e-08 1.000000000000000021e-08 1.000000000000000021e-08 1.501379346552423679e-05 1.929343171046644394e-05 2.459580911409162850e-05 2.529556353437728856e-05 1.000000000000000021e-08 1.010658077501321135e-05 1.092534149489575110e-05 1.145127243497845065e-05 1.045925011638480522e-05 1.223166920507993632e-05 1.224291670217464797e-05 1.000000000000000021e-08 1.000000000000000021e-08 1.000000000000000021e-08 1.000000000000000021e-08 1.000000000000000021e-08 1.139157051747730900e-05 2.573282163821377191e-05 5.288306456335997008e-05 1.439821702716143938e-03 2.052566514245140420e-03
1.000000000000000021e-08 1.000000000000000021e-08 1.000000000000000021e-08 1.000000000000000021e-08 1.000000000000000021e-08 1.000000000000000021e-08 1.000000000000000021e-08 1.000000000000000021e-08 1.000000000000000021e-08 1.000000000000000021e-08 1.000000000000000021e-08 1.000000000000000021e-08 1.000000000000000021e-08 1.000000000000000021e-08 1.245439858292539437e-05 1.379644441504116456e-05 1.432397599970667563e-05 1.000000000000000021e-08 1.000000000000000021e-08 2.126863054777845707e-05 2.196658751419408332e-05 2.226764558409868042e-05 2.344082473036878186e-05 2.607602222002649732e-05 2.697537571857479434e-05 3.778442806192793425e-05 4.068359407534350764e-05 1.000000000000000021e-08 1.000000000000000021e-08 1.000000000000000021e-08 1.000000000000000021e-08 1.022926632799677564e-05 1.000000000000000021e-08 1.568786121024067496e-05 4.158572068443538327e-05 3.764651051166716551e-05 2.239572942453478110e-04
1.000000000000000021e-08 1.000000000000000021e-08 1.000000000000000021e-08 1.000000000000000021e-08 1.000000000000000021e-08 1.000000000000000021e-08 1.000000000000000021e-08 1.000000000000000021e-08 1.000000000000000021e-08 1.000000000000000021e-08 1.000000000000000021e-08 1.000000000000000021e-08 1.000000000000000021e-08 1.000000000000000021e-08 1.636342391517841429e-05 1.000000000000000021e-08 1.000000000000000021e-08 1.000000000000000021e-08 1.000000000000000021e-08 1.624191683857289557e-05 1.934747685605347378e-05 3.924983061362598513e-05 6.420000045794215784e-05 1.000000000000000021e-08 2.166253157506976967e-05 3.064504843378165251e-05 4.008853951708882756e-05 2.186392089490937096e-05 1.000000000000000021e-08 1.000000000000000021e-08 1.270714886832934471e-05 1.598468325790202674e-05 2.250265358194102882e-05 3.156102002963847523e-05 3.475991580621284394e-05 5.737890580536046529e-05 1.570834415118072103e-05
1.000000000000000021e-08 1.000000000000000021e-08 1.000000000000000021e-08 1.000000000000000021e-08 1.000000000000000021e-08 1.000000000000000021e-08 1.000000000000000021e-08 1.000000000000000021e-08 1.000000000000000021e-08 1.000000000000000021e-08 1.000000000000000021e-08 1.511068219787813994e-05 1.864401525850677537e-05 2.205779668430904781e-05 3.011921801130501718e-05 5.805062617094405652e-05 4.640351574035157160e-05 1.000000000000000021e-08 4.299094050936763157e-05 4.799626324841259014e-05 7.990597980090978698e-05 1.000000000000000021e-08 1.000000000000000021e-08 1.000000000000000021e-08 1.000000000000000021e-08 1.000000000000000021e-08 1.004962446130010631e-05 1.000000000000000021e-08 1.000000000000000021e-08 1.000000000000000021e-08 1.000000000000000021e-08 2.597673597046621760e-05 1.000000000000000021e-08 1.000000000000000021e-08 1.000000000000000021e-08 1.000000000000000021e-08 1.000000000000000021e-08
1.928802064308300949e-05 1.828716631207801067e-05 2.311349504662691185e-05 3.805524942202789302e-05 3.608400007991741841e-05 3.305280227926544323e-05 3.107078333914537935e-05 3.683912347459455998e-05 1.000000000000000021e-08 1.187094027843298198e-05 1.755892065677417551e-05 1.000000000000000021e-08 1.000000000000000021e-08 1.000000000000000021e-08 2.253077354228428318e-05 2.767809773611030021e-05 5.779740892595855418e-05 6.167114984954077516e-05 4.917327219228611050e-05 9.033041753670000929e-05 9.837831750060780798e-05 7.445313225585433966e-05 1.000000000000000021e-08 1.000000000000000021e-08 1.000000000000000021e-08 1.000000000000000021e-08 1.077876859900167813e-05 1.460989984775048014e-05 1.000000000000000021e-08 1.000000000000000021e-08 1.000000000000000021e-08 1.000000000000000021e-08 1.000000000000000021e-08 1.000000000000000021e-08 1.000000000000000021e-08 1.000000000000000021e-08 1.110839989510108394e-04
1.000000000000000021e-08 1.000000000000000021e-08 2.075327724977926602e-05 4.233327531349511508e-05 7.725667844390325049e-05 7.003251349608950402e-05 1.000000000000000021e-08 1.000000000000000021e-08 1.000000000000000021e-08 1.477260815789912512e-05 2.622325245974130349e-05 3.093472538199533412e-05 3.442062599321294678e-05 3.161841092083955891e-05 3.179246336175295520e-05 1.000000000000000021e-08 1.000000000000000021e-08 1.000000000000000021e-08 1.000000000000000021e-08 1.000000000000000021e-08 1.000000000000000021e-08 1.000000000000000021e-08 1.000000000000000021e-08 1.000000000000000021e-08 1.000000000000000021e-08 1.000000000000000021e-08 1.105238684952913925e-05 1.000000000000000021e-08 1.000000000000000021e-08 1.138771860468276571e-05 1.632057128559600794e-05 1.000000000000000021e-08 1.000000000000000021e-08 1.000000000000000021e-08 1.000000000000000021e-08 1.966648381197773555e-05 2.691476151288598666e-05
1.606108812398719367e-05 2.110456220987849509e-05 2.208509041779047906e-05 1.573286034444630071e-05 1.000000000000000021e-08 1.000000000000000021e-08 1.000000000000000021e-08 1.000000000000000021e-08 1.000000000000000021e-08 1.000000000000000021e-08 3.757753458712831109e-05 6.371741811831312509e-05 6.113807733067671635e-05 1.000000000000000021e-08 2.372079179133417180e-05 1.600170588017938949e-05 1.143064717992880426e-05 1.080531705551226038e-05 4.085812460691240174e-05 3.973807766853879405e-05 2.962950156921171832e-05 2.501501653023754004e-05 1.720194154362148759e-05 1.626418236483851353e-05 1.558561161440756462e-05 1.674068003521323903e-05 1.792160315726786484e-05 2.089282777104546380e-05 3.228596999460296371e-05 2.970422295712068725e-05 3.218207527211285426e-05 2.968463473851314945e-05 2.893304349140154964e-05 3.008292251034765040e-05 3.404367244266982395e-05 3.533278315229750147e-05 4.591836212291564392e-04
5.008703960604875684e-05 5.705785889427979430e-05 5.447546675692933378e-05 4.244772484606936511e-05 3.758299715813397102e-05 6.167163404199504028e-05 9.983549698464596418e-05 8.497755662194883303e-05 5.434298170461715683e-05 1.000000000000000021e-08 1.002831256190102994e-05 1.335538342884202665e-05 1.812261007422737990e-05 2.276322905841674378e-05 1.890066898286115095e-05 2.432256472230749287e-05 1.986006337020045090e-05 1.000000000000000021e-08 1.629351163790852469e-05 2.166543284639434048e-05 2.083376744690699036e-05 9.726251656381916316e-05 1.000000000000000021e-08 1.058708895750304471e-05 1.231895029476620359e-05 1.362679353790153473e-05 1.485743483479010829e-05 1.237009238642524322e-05 1.132716909865391629e-05 2.155712985409947546e-05 5.910944447226824835e-05 8.215305663806106006e-05 4.737437856726297051e-05 3.764760193366916227e-05 4.470315695684798601e-05 3.005891467523485864e-04 3.968962518443826313e-04
4.873934092095865453e-05 9.264849999189922664e-05 1.413146191614630086e-04 1.902785294641556478e-04 2.356003866349673222e-04 2.746514912721204201e-04 2.918410922729576393e-05 2.616994304985153380e-05 3.475996537780862779e-05 2.882860327270165966e-05 3.709223873754238630e-05 3.077143068497755033e-05 1.944934558653890804e-05 1.000000000000000021e-08 1.000000000000000021e-08 1.000000000000000021e-08 1.000000000000000021e-08 1.222579632372453357e-05 1.617857251805615663e-05 1.670661784751548509e-05 1.000000000000000021e-08 1.000000000000000021e-08 6.418950381960812190e-05 1.000000000000000021e-08 1.000000000000000021e-08 1.216475961956666095e-05 1.529002098526466427e-05 1.617134382019831646e-05 2.414111291633818705e-05 1.000000000000000021e-08 8.098258966297098974e-05 1.188623842297754934e-04 1.130928671541045385e-04 1.000000000000000021e-08 1.000000000000000021e-08 1.000000000000000021e-08 1.000000000000000021e-08
1.000000000000000021e-08 1.742020740005068163e-05 1.000000000000000021e-08 1.000000000000000021e-08 1.000000000000000021e-08 1.000000000000000021e-08 1.000000000000000021e-08 1.000000000000000021e-08 1.000000000000000021e-08 1.000000000000000021e-08 3.499324514111084948e-05 1.000000000000000021e-08 1.000000000000000021e-08 1.000000000000000021e-08 1.000000000000000021e-08 1.000000000000000021e-08 4.444029289671699986e-05 7.352945662750640283e-05 7.570037363925920487e-05 6.898474065741438965e-05 3.437322427223401465e-05 2.226669976743992973e-05 6.740729221159134997e-05 1.000000000000000021e-08 7.533901850136777401e-05 1.000000000000000021e-08 1.068290751559301716e-05 1.274307088953048041e-05 1.191652010990832188e-05 7.624532597801209305e-05 4.188292423078559607e-05 6.419520901362013685e-05 7.062083823917506410e-05 2.326543138628962566e-04 2.264123493264757320e-04 1.609331346834390965e-05 1.669351377968550083e-05
2.274364903353079967e-05 1.972063204290069386e-05 1.000000000000000021e-08 1.000000000000000021e-08 1.000000000000000021e-08 1.000000000000000021e-08 1.000000000000000021e-08 1.000000000000000021e-08 1.000000000000000021e-08 1.000000000000000021e-08 1.000000000000000021e-08 1.463821074286477669e-05 1.521868884410871271e-05 1.225663039492819948e-05 1.466756971314033526e-05 2.117659838645810560e-05 1.000000000000000021e-08 1.000000000000000021e-08 1.592334694566789057e-05 1.000000000000000021e-08 1.000000000000000021e-08 1.000000000000000021e-08 1.000000000000000021e-08 1.777421655464629178e-05 7.474826016149477433e-05 1.271090022560343678e-04 1.000000000000000021e-08 1.185084291268014535e-05 1.481966843293942435e-05 1.502838196575142292e-05 2.256286562232093530e-05 9.402386314733251604e-05 1.929318373879450907e-04 3.042630469562797226e-04 2.666910529956886735e-04 1.941096137359393022e-04 1.317445472851622482e-04
