output/water_depth_2520.asc
ncols 223
nrows 158
xllcorner 0.0
yllcorner 0.0
cellsize 30.0
[rows 34 to 50 of 158, columns 111 to 147 of 223]
8.744335238463687434e-05 1.000000000000000021e-08 1.001744600547090873e-05 6.853590049493326600e-05 1.569640048600664476e-04 4.084346297549326090e-04 1.703982029118026123e-05 2.904781683661859286e-05 5.937727198214650271e-04 1.486248672833694485e-03 1.182182199829519839e-03 9.915514777467234961e-04 5.085237560694755646e-04 8.759717816916947914e-04 1.497673343477310651e-04 1.676341990052889472e-04 4.592706674790309894e-05 1.000000000000000021e-08 1.942750305700288277e-05 6.993039476171518170e-05 5.068491780242110397e-05 9.128168981994564041e-05 3.427624667492120162e-04 6.735509643253889374e-04 1.200082774717835802e-04 1.427002060285520197e-04 1.954883893243774607e-04 1.814839446739728926e-03 9.058134585513664266e-03 3.243970623387404384e-02 5.589852528355983285e-02 9.388317982738240974e-02 4.467228098926800256e-02 8.428664044475702734e-05 1.000000000000000021e-08 1.000000000000000021e-08 1.000000000000000021e-08
4.312803525837102250e-05 1.580334837823301104e-05 5.589353637416393081e-05 1.284978859112602986e-04 1.010003933715260287e-04 8.105379334588034808e-05 1.656498051486058129e-05 1.597462074839704055e-05 2.288246360607249267e-05 1.048526719630701312e-03 1.483664859802979888e-03 1.582365038694577997e-03 2.429429323727427988e-03 2.098535330016130206e-03 2.448130418905550190e-03 5.017315024840154946e-04 7.949784286794414222e-05 5.008831344156329838e-05 6.763953569325744709e-05 1.033796949169515521e-04 5.494752091183984806e-05 1.871998904959090346e-04 4.013426899655263974e-04 1.613212875251372183e-03 3.626153170010321916e-04 1.661789457867870296e-04 5.832380012800507472e-04 1.749446745707781102e-03 4.172510793446595687e-03 6.099226906210847288e-02 8.790532546145110593e-02 5.616088321396268956e-02 2.644780880352335176e-02 1.119072970189939110e-04 3.503989059905107103e-05 1.000000000000000021e-08 1.000000000000000021e-08
2.990259467147531047e-04 1.686355270431787266e-04 1.072882914088696437e-04 1.507812327733417922e-05 6.394290991600536827e-05 1.000000000000000021e-08 1.000000000000000021e-08 1.596554882930472334e-05 1.000000000000000021e-08 2.617417528210083991e-04 5.462949993375749427e-04 1.372984822849243006e-03 1.763851150755493249e-03 3.332860385564163051e-03 4.496890321133156440e-03 3.449267484243307563e-03 1.252012189439568896e-03 6.192452308297670578e-03 2.024231036419087398e-03 3.067611983661560661e-03 1.072738928618222412e-03 8.151537224037103124e-02 1.599634545621333448e-01 1.984698820661148777e-01 2.154802390692056868e-01 2.243846732449562842e-01 2.282705999842052358e-01 2.303800393164205651e-01 2.331871941036353646e-01 1.839646573174472666e-01 1.676444159002046796e-01 1.099945437001738219e-01 5.886723903971617655e-02 1.627964450023081794e-02 6.485893186866406959e-05 1.000000000000000021e-08 1.000000000000000021e-08
1.555219366115292913e-04 3.111893534640971484e-04 1.101423446246576415e-05 1.459586500605007637e-05 5.917680529997744265e-05 1.000000000000000021e-08 1.000000000000000021e-08 1.000000000000000021e-08 1.000000000000000021e-08 1.000000000000000021e-08 1.000000000000000021e-08 1.000000000000000021e-08 2.903368519274003153e-05 1.000000000000000021e-08 1.737969045079606784e-04 1.204988291437425127e-03 3.156363315618759564e-03 2.369186413427743221e-01 2.384083459403561756e-01 2.391660279632071007e-01 2.389836010865871718e-01 1.574143600094752293e-01 7.848095962587245400e-02 3.911557128046634635e-02 2.100263273147864873e-02 1.859001124615484654e-02 1.150283578430420089e-02 3.761566937398401131e-03 3.510014223948666138e-03 1.099459519776991995e-01 2.759570216615835347e-01 3.826531298317337737e-01 2.902451592246374501e-01 2.365659501770551176e-01 1.877035736039238552e-04 1.000000000000000021e-08 1.000000000000000021e-08
2.768949958752479207e-02 1.336018859258847509e-02 6.634088842341063011e-03 2.863803011216674126e-03 5.784865803270956407e-04 1.919657747988410212e-04 1.674806695752492115e-04 5.109610824389639559e-04 4.222106247702650349e-05 3.557527526639610012e-05 1.160278374378521490e-05 1.000000000000000021e-08 3.690481992340041939e-05 8.097002294083795572e-05 8.790720126246852079e-05 1.181715570659631759e-01 3.094291826375095145e-01 2.356503727630737122e-01 3.224598326912755074e-04 2.268393232872517877e-04 2.179336773046284002e-05 1.000000000000000021e-08 1.000000000000000021e-08 1.000000000000000021e-08 2.261864757435742815e-05 1.000000000000000021e-08 1.000000000000000021e-08 1.000000000000000021e-08 1.000000000000000021e-08 5.091923054826079864e-05 8.330735456572555290e-04 2.790323745640844143e-04 2.111492844402297897e-01 4.958331717247517201e-01 4.269377601563499325e-01 1.012295601405798911e-04 1.000000000000000021e-08
1.491949999500792601e-01 1.663155067914193486e-01 1.215845958597730619e-01 6.157435054912239331e-02 3.114984977695958723e-02 1.812545796033501397e-02 8.320119213270006642e-03 5.373800231380486576e-03 3.347984782636291307e-03 1.110412027168332762e-03 9.214296947887799794e-04 6.322303801532682494e-04 1.129348831786941149e-01 2.284259089138456211e-01 2.310677666259093876e-01 1.160875316457451456e-01 1.169275470600109473e-01 1.000000000000000021e-08 2.866701041962017881e-05 1.615441982962920964e-05 1.338895040060634654e-05 2.529749827444868429e-05 2.574182438623181843e-05 3.057324141258138613e-05 1.000000000000000021e-08 1.000000000000000021e-08 1.000000000000000021e-08 1.000000000000000021e-08 1.000000000000000021e-08 1.000000000000000021e-08 1.441689010615083824e-05 2.212143299843291275e-05 1.118371349130777459e-04 3.067507711518032234e-04 3.669718933876108258e-01 2.452292439710986871e-01 1.208048145141834423e-01
1.483672234855087533e-03 1.909600249180467505e-03 5.368377288864966540e-02 1.173200109264969371e-01 1.499983682598754753e-01 1.689412222515064010e-01 8.878132151021045360e-02 9.106640913171949736e-02 1.399676007099289188e-01 1.678438866415022379e-01 1.871773231381528013e-01 2.191891578307387234e-01 1.106354343800356882e-01 1.124694319289783195e-01 3.705191882163620730e-04 3.124826610159820437e-05 7.376231687120080364e-05 1.599212277150603047e-05 1.537827681636815818e-05 1.000000000000000021e-08 1.000000000000000021e-08 1.440780931142802855e-05 1.545199753977224597e-05 1.705290948861429490e-05 1.000000000000000021e-08 1.000000000000000021e-08 1.000000000000000021e-08 1.000000000000000021e-08 1.422867871878740174e-05 1.000000000000000021e-08 1.000000000000000021e-08 2.181400146187637413e-05 4.606721946384253010e-05 2.704897723489703068e-05 1.731192682336341775e-04 1.607351573087532903e-01 2.713927033785670795e-01
1.000000000000000021e-08 1.000000000000000021e-08 2.362380458995702473e-05 2.792241056614072582e-04 4.907608099180464992e-04 9.342998566628724012e-05 8.889492756169949106e-02 9.096298253464409067e-02 4.684712943038876753e-02 2.517468050536353016e-02 1.810055252144931320e-02 2.729420386253456066e-02 4.443441820727104104e-05 3.518253051388060414e-05 7.409189942589573341e-05 1.000000000000000021e-08 5.056673055975899941e-05 1.316766836863278080e-05 1.000000000000000021e-08 1.000000000000000021e-08 1.362935451722132926e-05 1.000000000000000021e-08 1.000000000000000021e-08 1.000000000000000021e-08 1.000000000000000021e-08 1.000000000000000021e-08 1.000000000000000021e-08 1.000000000000000021e-08 1.000000000000000021e-08 1.000000000000000021e-08 1.000000000000000021e-08 5.298833879898917019e-05 2.528546667007630666e-05 2.532828526903029335e-05 2.333804159313146502e-05 1.319505461389512918e-04 4.957498701338627217e-04
1.000000000000000021e-08 1.000000000000000021e-08 1.000000000000000021e-08 5.384302648198989943e-05 1.000000000000000021e-08 1.000000000000000021e-08 2.456776554211469610e-05 2.410331712201068804e-05 2.359805194857689855e-03 5.984474056950656040e-03 9.731007161837184130e-03 1.089217496895185378e-02 2.760868002731629831e-05 3.209561128267054248e-05 7.238177091087876381e-05 1.000000000000000021e-08 3.242333194908081015e-05 1.230918784953061542e-05 1.000000000000000021e-08 1.000000000000000021e-08 1.000000000000000021e-08 1.000000000000000021e-08 1.000000000000000021e-08 2.469467904927917929e-05 2.947046734175090758e-05 3.458256387580721416e-05 7.961023082165591565e-05 1.166060871188244442e-04 1.089096663575966889e-04 1.688227279707701217e-04 2.087117141234700083e-04 5.129247832194840572e-04 1.423893118408134611e-04 2.016683514481153281e-04 3.785303382343572663e-04 3.579759422098151745e-04 2.638095156342337103e-04
4.405585284024226531e-05 1.000000000000000021e-08 1.000000000000000021e-08 1.000000000000000021e-08 1.077030002113952751e-05 4.225469379494739514e-05 1.000000000000000021e-08 1.000000000000000021e-08 5.380403408710402076e-03 7.725647899114918352e-03 1.028869476660736540e-02 7.236457093263123745e-03 2.554397959935569278e-05 1.939369999984995015e-05 6.947403769774925224e-05 7.320535121289871731e-05 2.395783688795862960e-05 1.000000000000000021e-08 1.000000000000000021e-08 1.000000000000000021e-08 1.000000000000000021e-08 1.000000000000000021e-08 1.638202796330433716e-05 4.381833549640282117e-05 8.622572515538082011e-05 1.030122406518688301e-04 1.535745911923707644e-04 1.410706172803373893e-04 2.092288103260506139e-04 1.830055378366479127e-04 2.489278948023214552e-04 2.116865759953782847e-04 3.088227058672965170e-04 2.571072053520092313e-04 7.336291161892147901e-04 4.429211563063356963e-04 3.540290709208440754e-04
1.835063427471559009e-05 2.495474244034468219e-05 3.765354569817318600e-05 3.944904159178251634e-05 1.000000000000000021e-08 1.742585739902153204e-05 2.418460013182551516e-05 7.838755129497560609e-05 1.265613543170723658e-02 1.346647009887302036e-02 9.937339979418490649e-03 6.768514760037440045e-05 1.285965806241582500e-05 1.604358497493378345e-05 2.785076226272241060e-05 5.926281334127527336e-05 1.502147831614219391e-04 1.415399734713872009e-04 2.403294688847696433e-04 2.503224973733698456e-04 3.591847005131174113e-05 4.847056345394682532e-05 2.853629950348617939e-04 2.324427202579207373e-04 1.901172429255632468e-04 1.647706484719260419e-04 1.520559389874948889e-04 1.154382934573540946e-04 1.000000000000000021e-08 1.000000000000000021e-08 5.419537218204047510e-05 7.443657412412793539e-05 1.000000000000000021e-08 1.000000000000000021e-08 4.607726781412747690e-04 3.431647015237197806e-04 2.924356883078305601e-04
6.073216475734033969e-05 6.613268028757850376e-05 1.000000000000000021e-08 2.183320662396420430e-05 5.560334601556432110e-05 8.368145983812931251e-05 5.116357259476345121e-03 1.888690494284899629e-02 1.695164940970462011e-02 3.897497715622162857e-03 4.345786636792933652e-05 2.357019327733148988e-05 2.273141342230182785e-05 2.458257321117071804e-05 2.427156505774239265e-05 5.460541724899557769e-05 1.460611972534325647e-04 1.275067720924106716e-04 5.169565265945576883e-05 7.535134390755274898e-05 7.422150524288909079e-05 6.245908413818964007e-05 5.702563267788845607e-05 5.095570204283049492e-05 4.294120029279037024e-05 4.022540788852420085e-05 4.097366172613575551e-05 1.000000000000000021e-08 1.010513713069595598e-05 1.172066190446559892e-05 1.321147539277974395e-05 1.013216915337146733e-03 2.878230378627047101e-03 3.354928768144534602e-03 5.543621264197326655e-03 3.587964246439689746e-03 2.609662978075299143e-03
1.285680190075109443e-04 1.490078156433212670e-04 6.977825532076111035e-05 3.117001612379312076e-03 9.796405894941838735e-03 1.456775149481860480e-02 2.014861199431023167e-02 2.016569953067814946e-02 6.012274766064042131e-05 2.295206546137767842e-05 2.749143837824933516e-05 2.045314339899084811e-05 1.344692359456608663e-04 4.015467462350366212e-04 1.136594881430677599e-05 1.270406522357434725e-04 1.542785719298663840e-04 1.526043474831903111e-04 7.731432857778010889e-05 8.328024900825603354e-05 8.594398483385234076e-05 9.662589307287294154e-05 1.076599138219190484e-04 1.070771266248814158e-04 1.115122708491345555e-04 2.493439343619055699e-04 3.242050137127901709e-04 8.211821556677203040e-04 7.741212635952818971e-04 7.293061427234005757e-04 1.679907900111656666e-04 2.556229542574708826e-03 2.003138556680688319e-03 4.695240825829526989e-03 3.401681005007053081e-03 7.195733526638806513e-03 7.263229340401825170e-03
7.538916746595488230e-03 1.107018733112661441e-02 1.241730669386647418e-02 1.209032434021670328e-02 9.800229512730063847e-03 4.290013401942095565e-03 3.156126799311319373e-03 6.118734313467229626e-04 3.906611084196415565e-05 2.326798452619311739e-05 2.690377541800143170e-05 1.921629811175253516e-05 9.461276560488932194e-05 1.460403895205003859e-04 1.609748070296854910e-04 3.163151732229250274e-05 3.859195841657669636e-05 5.974434123300158804e-05 7.291940670073477346e-05 8.460303502126606859e-05 1.033855813324856358e-04 1.246878713994766994e-04 2.771933705348758538e-04 5.070888586222096215e-04 8.544771822568404500e-04 1.348297804108421595e-03 2.401563561389705344e-03 2.303693711151946679e-03 4.235792883433304318e-03 4.854492200175977538e-03 6.457764126342514961e-03 4.225442604376968871e-03 5.566134967198238526e-03 3.674047983260471904e-03 4.913119725243737107e-03 3.512017910898345124e-03 3.875104096138799054e-03
7.740860409386425382e-03 3.104334615142778121e-03 1.099713289834882216e-03 1.570577092659256003e-03 2.840268774379711789e-04 3.313083542838282875e-04 3.704193361690839761e-04 6.907696871076453434e-04 4.284262080696094689e-05 1.568544296926999864e-05 6.868769550952454062e-05 1.789570301177790198e-05 5.519360524473387311e-05 8.280609976331838103e-05 6.641984866515396899e-05 1.913339342531419568e-05 1.000000000000000021e-08 9.559560383898488560e-05 2.066127655174402700e-04 4.083819285706790400e-04 3.532823967916653984e-04 5.766199960900082223e-04 5.037835115215452252e-04 9.042425401411698354e-04 1.364211562130595700e-03 1.824526113507683647e-03 1.389240649712990359e-03 2.196059679432126217e-03 3.004103433904615084e-03 2.153741763421201938e-03 8.322379744326938167e-04 7.573414831002282495e-04 1.249074899218947324e-03 1.108956742623146488e-03 1.125104898015199346e-03 7.209786390720962891e-04 1.202418006506779727e-03
8.851995530472284352e-05 2.671843979238923726e-05 1.000000000000000021e-08 2.056676527765752065e-05 8.508164870956891215e-05 1.084801332709496330e-04 1.822224825246905101e-04 3.607665039446542846e-04 2.822146027123795492e-04 1.522791557834585446e-05 1.504049086919397331e-04 1.000000000000000021e-08 1.027092860612572171e-05 9.682901947507667972e-05 3.196308081891666869e-04 4.454925913009954275e-05 7.611074365441329169e-05 7.612592438482986739e-04 7.838560867058453957e-04 7.974439917702206377e-04 1.115782718788398869e-03 1.234062379119137305e-03 1.355603277888232103e-03 9.861259166528363405e-04 1.165600275347983055e-03 2.351355305370701450e-04 2.693682900811702661e-04 2.536736285094266276e-04 3.353891373991165631e-04 4.492786718533174498e-04 3.229342791958824863e-04 8.136960706864652905e-04 1.788300093836049979e-04 2.193947911453877886e-04 5.130097577153807081e-04 6.032578263901401845e-04 2.437599596955364843e-03
1.653419298879583565e-04 2.398528977007790213e-05 8.711207310458412884e-05 1.773049928504047098e-04 1.000000000000000021e-08 8.905965728611160833e-05 1.434035033706552802e-04 1.681044882835304455e-04 1.747483433011401887e-04 1.060321368508984898e-05 1.993088422714102610e-04 2.272483252991045987e-05 2.927212660009660369e-05 6.422719456152887942e-04 8.150313278812676247e-04 1.197099595116961216e-03 1.558960772244846272e-03 1.263669901351040280e-03 9.706162759740989254e-04 7.108546899253176355e-04 8.618074310203324056e-05 2.894621242395756800e-05 2.621703463691731694e-05 2.675843534356243865e-05 7.044157148932236228e-05 9.151610685507624262e-05 1.455351537899535587e-04 7.299114370955629217e-05 1.526892426233832859e-04 1.747912927496426841e-04 4.189102141689517644e-04 6.919292182578330123e-04 1.181325298937884426e-03 1.499672571289315838e-03 2.505870322982541205e-03 3.433171633553500513e-03 1.011427618645804882e-02
