output/water_depth_10560.asc
ncols 223
nrows 158
xllcorner 0.0
yllcorner 0.0
cellsize 30.0
[rows 85 to 101 of 158, columns 74 to 110 of 223]
1.000000000000000021e-08 1.000000000000000021e-08 1.000000000000000021e-08 1.000000000000000021e-08 1.000000000000000021e-08 1.000000000000000021e-08 1.000000000000000021e-08 1.000000000000000021e-08 1.000000000000000021e-08 1.000000000000000021e-08 1.000000000000000021e-08 1.000000000000000021e-08 1.000000000000000021e-08 1.063204354074873730e-05 1.000000000000000021e-08 1.000000000000000021e-08 1.000000000000000021e-08 1.000000000000000021e-08 1.000000000000000021e-08 1.000000000000000021e-08 1.000000000000000021e-08 1.000000000000000021e-08 1.000000000000000021e-08 1.000000000000000021e-08 1.000000000000000021e-08 1.000000000000000021e-08 1.000000000000000021e-08 7.005181626654896567e-05 1.000000000000000021e-08 1.000000000000000021e-08 1.000000000000000021e-08 1.516768659820119864e-05 2.571367336492166536e-05 1.427162124557321489e-05 2.818789356169469214e-05 2.559326331168938198e-04 2.225947711098714686e-05
1.833583248799329078e-04 1.000000000000000021e-08 3.855483586439670387e-05 1.000000000000000021e-08 1.000000000000000021e-08 1.000000000000000021e-08 1.000000000000000021e-08 1.000000000000000021e-08 1.000000000000000021e-08 1.000000000000000021e-08 1.000000000000000021e-08 1.000000000000000021e-08 1.000000000000000021e-08 1.000000000000000021e-08 1.000000000000000021e-08 1.000000000000000021e-08 1.162432429042396418e-05 2.658995793263956559e-05 6.761782216724853431e-05 9.050084094752697782e-05 8.885869629468278190e-05 1.000000000000000021e-08 1.000000000000000021e-08 1.000000000000000021e-08 1.000000000000000021e-08 1.000000000000000021e-08 1.000000000000000021e-08 1.000000000000000021e-08 1.016873904322462806e-05 1.000000000000000021e-08 1.000000000000000021e-08 1.000000000000000021e-08 1.000000000000000021e-08 1.000000000000000021e-08 1.000000000000000021e-08 1.569237362263438545e-05 1.153207328450210097e-05
1.167086018181727818e-05 1.000000000000000021e-08 1.000000000000000021e-08 4.025880237633510571e-05 5.316995365998858965e-05 6.275040444504205320e-05 5.967157384556124363e-05 5.094687049289735873e-05 1.000000000000000021e-08 1.000000000000000021e-08 1.000000000000000021e-08 1.000000000000000021e-08 1.000000000000000021e-08 1.000000000000000021e-08 1.000000000000000021e-08 1.000000000000000021e-08 1.000000000000000021e-08 1.000000000000000021e-08 6.584958456328898193e-05 8.062080279090505215e-05 1.401941978629025825e-04 1.200364304784554950e-04 1.000000000000000021e-08 1.000000000000000021e-08 1.000000000000000021e-08 1.000000000000000021e-08 1.000000000000000021e-08 1.000000000000000021e-08 1.283416314122146851e-05 2.128966300232890279e-05 2.748086753451696278e-05 1.000000000000000021e-08 1.000000000000000021e-08 1.587348459366647946e-05 1.000000000000000021e-08 1.263207282387297834e-05 1.000000000000000021e-08
8.384014664551181137e-05 6.895971551839915703e-05 6.652293876925098604e-05 1.736527167248490906e-04 2.349688365100011372e-04 3.657342846405434948e-04 3.071096224502128090e-04 2.379943959692559991e-04 2.561423762839690459e-04 1.905719205484331102e-04 2.127807522760244657e-04 1.754878368791123642e-04 1.460521049991676758e-04 1.088525291069240668e-04 7.796243656038806947e-05 1.000000000000000021e-08 1.000000000000000021e-08 1.000000000000000021e-08 9.621879175699582824e-05 2.364086698120294807e-04 1.928337055423309950e-04 2.399515439111671842e-04 2.525846705078315280e-04 2.009189905030159956e-04 1.643921030514380367e-04 1.095095984197741267e-04 8.257818530440496642e-05 4.593548513380238608e-05 3.055678779838717052e-05 2.556738262682501397e-05 3.645154036759474619e-05 5.057987597151725781e-05 4.575720443274791356e-05 4.787082185285040334e-05 9.763639897892969946e-05 1.000000000000000021e-08 1.275607002626891183e-05
3.521925152812343260e-04 2.683728932511710128e-04 2.298762234183301478e-04 1.603450935095305737e-04 3.150423104556990955e-04 2.535584642481251050e-04 4.034070867849999173e-04 5.304675685494313455e-04 3.480533449654149808e-04 4.515496615184049238e-04 4.795502562044235361e-04 5.399229985312026811e-04 5.872191459725369447e-04 6.353660171297644595e-04 6.696717164526668799e-04 5.138388587523043697e-04 3.451163710064950778e-04 2.739671065915007231e-04 2.162627982998077659e-04 2.243592191328708230e-04 3.469018577948145541e-04 3.806627649010659704e-04 4.034397241287795196e-04 4.591309230160685014e-04 5.147098125761058159e-04 6.289814213147270575e-04 6.856198741927326847e-04 5.242191271601790098e-04 4.871257723341171478e-05 6.367830133447806350e-05 6.428112666971299519e-04 7.686323899959134889e-04 5.422710606947379582e-04 3.727132525637659563e-04 2.798612532684533112e-04 1.887973393657470944e-05 1.000000000000000021e-08
8.403434808676794843e-05 2.874954536316655677e-04 3.813831866621043972e-04 4.439382921031515667e-04 2.516370006473859296e-04 1.809482609820381753e-04 1.087326956495076452e-04 6.655099245435328243e-05 2.696977884585420029e-04 1.259060690315306650e-04 7.570464338696476358e-05 5.906565436356024272e-05 3.548902480362897753e-05 2.611527944292798837e-05 5.949001705733626444e-05 3.817601985125532692e-04 6.691533296426805787e-04 4.978384572125155822e-04 3.549499263282441110e-04 1.952133857489495093e-04 1.358821503019822701e-04 8.219199546806168707e-05 6.189938818921519978e-05 1.000000000000000021e-08 3.593622916970285169e-04 2.376515339119436197e-04 1.940668111014155598e-04 4.606593584737052913e-04 6.550394679467434755e-04 6.721743759164327398e-04 4.448934563925509462e-04 3.522711231534715538e-04 4.605766724074356966e-04 6.638489713171197033e-05 1.173344636698873955e-04 3.884293828136534750e-04 3.256253297066095622e-05
4.685538606564651070e-05 4.344940034499935640e-05 7.257644404856091955e-05 9.001898151942630013e-05 1.912452089172857227e-04 2.024677066598253668e-04 1.701857339939705541e-04 1.512891827294145339e-04 2.281711342931810893e-04 2.075485103511189218e-04 1.000000000000000021e-08 1.000000000000000021e-08 1.000000000000000021e-08 1.000000000000000021e-08 1.000000000000000021e-08 1.000000000000000021e-08 1.000000000000000021e-08 2.426022460286669682e-04 3.451729084359484898e-05 6.244648736359528632e-05 5.060027642622272868e-05 6.614592698918613390e-05 4.985004321101792635e-05 5.770415463173204907e-05 4.619625297518279008e-05 1.000000000000000021e-08 1.000000000000000021e-08 2.134716274794125351e-05 1.000000000000000021e-08 2.168918036530699146e-05 1.837127331809894844e-05 1.689722523231131153e-05 2.799081081778831458e-04 6.582825509482747109e-05 2.676088766567675950e-04 5.015974994679578397e-05 1.073456589777026563e-04
1.761163310842074869e-05 1.588124325369769148e-05 1.236091777982670745e-05 1.000000000000000021e-08 1.481734514196343991e-04 2.560339006846697163e-04 3.343140492554725284e-04 3.698454153901446924e-04 4.385467531102156275e-04 3.329609525963004896e-04 3.060702978259558616e-05 1.000000000000000021e-08 1.000000000000000021e-08 1.000000000000000021e-08 1.000000000000000021e-08 2.428043119764622436e-05 2.435810626601586689e-05 2.168376673062126178e-04 4.026253896667294271e-04 4.257581924925344296e-04 4.378171532381024502e-04 3.430372834913366091e-04 2.301081919220959184e-04 1.644652030433163233e-04 1.056721740943247317e-04 1.000000000000000021e-08 1.000000000000000021e-08 2.638595793278399480e-05 3.052213104376790188e-05 2.132747643182251568e-05 2.199832400805585737e-05 1.000000000000000021e-08 1.924738391432492433e-04 5.451828146026350876e-04 4.585379775984217742e-04 8.144154080977911571e-05 6.576349684910387896e-05
1.061483034282886129e-05 1.378027882614192722e-05 1.000000000000000021e-08 1.000000000000000021e-08 1.000000000000000021e-08 2.005386917605671941e-05 1.287185360977628380e-05 1.010122163785793721e-05 2.836859481779680718e-05 2.422170388144277481e-04 5.491005613520565651e-05 3.224550151488970312e-05 1.000000000000000021e-08 1.000000000000000021e-08 1.000000000000000021e-08 1.183686035606053191e-04 1.464957917996739898e-04 1.429081440630262326e-04 1.550240075583406434e-04 9.816154772907743670e-05 5.798430325315736649e-05 1.703061839068774710e-04 2.451191315935064593e-04 2.217134934338271465e-04 1.857288501327846114e-04 1.258005473753068054e-04 8.291591741165367209e-05 4.439932129695718579e-05 2.968223491933854414e-05 3.229719831161460630e-05 3.180800058414441807e-05 3.364672121083277034e-05 1.971517496014825129e-04 1.669537992893721143e-04 5.246048156527597641e-04 6.011660974756438593e-04 4.123853725446513540e-04
1.000000000000000021e-08 1.085034884172257389e-05 1.000000000000000021e-08 1.000000000000000021e-08 1.000000000000000021e-08 1.000000000000000021e-08 1.000000000000000021e-08 1.000000000000000021e-08 1.000000000000000021e-08 1.248144864809050945e-04 1.206111106520209130e-04 3.607583960451299230e-05 3.306567997309444178e-04 2.375347939143304286e-04 2.024448765760063630e-04 1.165173323068511809e-04 1.000000000000000021e-08 1.000000000000000021e-08 1.000000000000000021e-08 1.000000000000000021e-08 2.692720522592211065e-05 1.375030708781892241e-04 2.266185692903795580e-04 2.494748731213482966e-04 2.978148208322760085e-05 1.000000000000000021e-08 1.000000000000000021e-08 1.000000000000000021e-08 1.000000000000000021e-08 1.874802531132640661e-05 3.849935946327416787e-05 5.787574245599038910e-05 8.800556182783021209e-05 8.425357885343082664e-05 8.230900911074345123e-05 5.435812578523001792e-04 6.127720196161343807e-04
1.000000000000000021e-08 1.000000000000000021e-08 1.000000000000000021e-08 1.000000000000000021e-08 1.000000000000000021e-08 1.000000000000000021e-08 1.000000000000000021e-08 1.000000000000000021e-08 1.000000000000000021e-08 1.000000000000000021e-08 5.778273501063702007e-05 8.448569858219827518e-05 7.589438812023935940e-05 3.216529819102830249e-04 2.956699235293623910e-04 2.301260034735837646e-04 1.000000000000000021e-08 1.000000000000000021e-08 1.000000000000000021e-08 1.000000000000000021e-08 1.876131384890893040e-05 1.601718205209274698e-05 1.000000000000000021e-08 1.000000000000000021e-08 1.000000000000000021e-08 1.000000000000000021e-08 1.000000000000000021e-08 1.000000000000000021e-08 1.000000000000000021e-08 1.486943321309817576e-05 2.765320905461821527e-05 2.532296089517643503e-05 1.724488221621097952e-05 3.488397110481008227e-05 3.086866585189523723e-05 7.387633780669751341e-05 3.589396121118677168e-04
1.000000000000000021e-08 1.000000000000000021e-08 1.000000000000000021e-08 1.000000000000000021e-08 1.021039478230974854e-05 1.789615448190981441e-05 3.200655379129786516e-05 2.364689773065510687e-05 1.807896142284010852e-05 1.000000000000000021e-08 1.000000000000000021e-08 1.000000000000000021e-08 1.000000000000000021e-08 1.000000000000000021e-08 1.662063835733518604e-05 1.632890978401857837e-05 1.000000000000000021e-08 1.000000000000000021e-08 1.000000000000000021e-08 1.000000000000000021e-08 1.000000000000000021e-08 1.000000000000000021e-08 1.000000000000000021e-08 1.000000000000000021e-08 1.000000000000000021e-08 1.000000000000000021e-08 1.000000000000000021e-08 1.000000000000000021e-08 1.000000000000000021e-08 1.209998331807354790e-05 1.000000000000000021e-08 1.000000000000000021e-08 1.602998107565401691e-05 1.575615334801699295e-05 2.437660152560787322e-05 5.629475408555764194e-05 3.247562841050172548e-05
1.000000000000000021e-08 1.000000000000000021e-08 1.000000000000000021e-08 1.000000000000000021e-08 1.000000000000000021e-08 1.257677160120059627e-05 2.019151624180737960e-05 4.056559183417527044e-05 3.280077550524464073e-05 2.793076965212671774e-05 2.159557180973796229e-05 1.737526995560377172e-05 1.318678510754952954e-05 1.362589928970097876e-05 1.367701650634327369e-05 2.043964572060885467e-05 1.000000000000000021e-08 1.000000000000000021e-08 1.000000000000000021e-08 1.000000000000000021e-08 1.000000000000000021e-08 1.000000000000000021e-08 1.000000000000000021e-08 1.000000000000000021e-08 1.000000000000000021e-08 1.000000000000000021e-08 1.000000000000000021e-08 1.000000000000000021e-08 1.000000000000000021e-08 1.284782856101419775e-05 1.278234780635921776e-05 1.000000000000000021e-08 1.000000000000000021e-08 1.618326709170526660e-05 2.555227366847668294e-05 1.000000000000000021e-08 1.000000000000000021e-08
1.000000000000000021e-08 1.000000000000000021e-08 1.000000000000000021e-08 1.000000000000000021e-08 1.000000000000000021e-08 1.000000000000000021e-08 1.159470324118061996e-05 1.047901464921794078e-05 3.094012628304398406e-05 4.479976884515591889e-05 6.129778454371873357e-05 4.324606265671535244e-05 3.627594608758730156e-05 3.118322361028304343e-05 1.000000000000000021e-08 1.634671276135077385e-05 1.000000000000000021e-08 1.000000000000000021e-08 1.000000000000000021e-08 1.000000000000000021e-08 1.000000000000000021e-08 1.000000000000000021e-08 1.000000000000000021e-08 1.000000000000000021e-08 1.000000000000000021e-08 1.000000000000000021e-08 1.000000000000000021e-08 1.157729971356359138e-05 1.022507464365410274e-04 1.410059720689059285e-04 2.048594402778261851e-04 2.675395785375751746e-04 3.307273755470081572e-04 2.599631079147220170e-04 2.108249260972150276e-04 1.595495084599832507e-04 1.872950242040892282e-04
1.000000000000000021e-08 1.000000000000000021e-08 1.000000000000000021e-08 1.000000000000000021e-08 1.000000000000000021e-08 1.000000000000000021e-08 1.000000000000000021e-08 1.000000000000000021e-08 1.000000000000000021e-08 1.000000000000000021e-08 1.000000000000000021e-08 4.363748789980543224e-05 4.432057215665998422e-05 4.156489851332918658e-05 1.000000000000000021e-08 1.000000000000000021e-08 1.000000000000000021e-08 1.000000000000000021e-08 1.000000000000000021e-08 1.000000000000000021e-08 1.000000000000000021e-08 1.000000000000000021e-08 1.000000000000000021e-08 1.000000000000000021e-08 1.000000000000000021e-08 1.000000000000000021e-08 1.000000000000000021e-08 7.137227551471612410e-05 6.837005445867541404e-05 6.948649192585944093e-05 6.888811130273125459e-05 7.595641615950807484e-05 4.994233234314627971e-05 1.775575885343392722e-04 2.098597837373550280e-04 2.390289819242704251e-04 2.402596412430309421e-04
1.647840061406154750e-05 1.000000000000000021e-08 1.000000000000000021e-08 1.000000000000000021e-08 1.000000000000000021e-08 1.000000000000000021e-08 1.000000000000000021e-08 1.000000000000000021e-08 1.000000000000000021e-08 1.000000000000000021e-08 1.000000000000000021e-08 1.000000000000000021e-08 1.000000000000000021e-08 1.000000000000000021e-08 1.000000000000000021e-08 1.000000000000000021e-08 1.000000000000000021e-08 1.000000000000000021e-08 1.000000000000000021e-08 1.000000000000000021e-08 1.000000000000000021e-08 1.000000000000000021e-08 1.000000000000000021e-08 1.000000000000000021e-08 1.998810698931845892e-05 2.451999029662112103e-05 3.602566733015442803e-05 3.806289237073619985e-05 3.837605022281434438e-05 3.056441047324103016e-05 3.773683225843268817e-05 3.145856495142859130e-05 1.000000000000000021e-08 1.000000000000000021e-08 1.000000000000000021e-08 1.000000000000000021e-08 1.827982710049856716e-04
1.554276323946066462e-05 1.435770758579221855e-05 1.498532716443715136e-05 1.000000000000000021e-08 1.000000000000000021e-08 1.000000000000000021e-08 1.000000000000000021e-08 1.000000000000000021e-08 1.000000000000000021e-08 1.000000000000000021e-08 1.000000000000000021e-08 1.000000000000000021e-08 1.000000000000000021e-08 1.000000000000000021e-08 1.000000000000000021e-08 1.000000000000000021e-08 1.000000000000000021e-08 1.000000000000000021e-08 1.000000000000000021e-08 1.000000000000000021e-08 1.000000000000000021e-08 1.000000000000000021e-08 1.000000000000000021e-08 1.000000000000000021e-08 2.040881984928994664e-05 3.238095873230636534e-05 4.151595757399988216e-05 4.560988394378033084e-05 1.000000000000000021e-08 1.000000000000000021e-08 1.000000000000000021e-08 1.834979653859537352e-05 1.780693417978232654e-05 3.970442745435602105e-05 1.000000000000000021e-08 1.000000000000000021e-08 1.000000000000000021e-08
