output/water_depth_8760.asc
ncols 223
nrows 158
xllcorner 0.0
yllcorner 0.0
cellsize 30.0
[rows 68 to 84 of 158, columns 37 to 73 of 223]
1.000000000000000021e-08 1.000000000000000021e-08 1.000000000000000021e-08 1.176652485455748540e-05 1.000000000000000021e-08 1.000000000000000021e-08 1.013972072416833836e-05 1.272870065200347117e-05 1.000000000000000021e-08 1.000000000000000021e-08 1.000000000000000021e-08 1.000000000000000021e-08 1.000000000000000021e-08 1.000000000000000021e-08 1.947762000160908414e-05 1.000000000000000021e-08 1.000000000000000021e-08 1.682093755870829005e-05 1.652585819088918024e-05 1.000000000000000021e-08 1.000000000000000021e-08 1.000000000000000021e-08 2.526115257043071982e-05 1.327654105586232192e-03 2.660161329846939988e-04 1.000000000000000021e-08 1.000000000000000021e-08 1.000000000000000021e-08 1.000000000000000021e-08 1.000000000000000021e-08 1.000000000000000021e-08 1.000000000000000021e-08 1.000000000000000021e-08 1.000000000000000021e-08 1.000000000000000021e-08 1.000000000000000021e-08 1.000000000000000021e-08
1.000000000000000021e-08 1.000000000000000021e-08 1.000000000000000021e-08 1.000000000000000021e-08 1.000000000000000021e-08 1.000000000000000021e-08 1.000000000000000021e-08 1.000000000000000021e-08 1.217745080823095216e-05 2.234649466637704589e-05 2.927397587599240355e-05 1.000000000000000021e-08 1.000000000000000021e-08 1.808632425601562930e-05 2.166508849012585794e-05 1.000000000000000021e-08 1.000000000000000021e-08 1.262209325357485904e-05 1.000000000000000021e-08 1.000000000000000021e-08 1.032089669170201636e-05 1.000000000000000021e-08 2.158040805217888920e-05 3.424120092852273457e-05 1.479391821532039322e-04 1.010518449441809253e-03 1.000000000000000021e-08 1.000000000000000021e-08 1.000000000000000021e-08 1.000000000000000021e-08 1.000000000000000021e-08 1.000000000000000021e-08 5.774778322629074359e-05 3.974787986528185665e-04 6.259087813819089359e-04 6.763379739216461833e-04 5.328405966822254668e-04
1.000000000000000021e-08 1.000000000000000021e-08 1.000000000000000021e-08 1.000000000000000021e-08 1.000000000000000021e-08 1.000000000000000021e-08 1.000000000000000021e-08 1.148788917067259080e-05 2.651195410423468231e-05 2.825682134925437550e-05 2.606331062665927643e-05 4.130256143541663591e-05 2.454572379772905071e-05 2.096932223345322340e-05 1.781751495684560710e-05 1.883530447300945916e-05 3.859356174638345355e-05 1.000000000000000021e-08 1.000000000000000021e-08 1.000000000000000021e-08 1.000000000000000021e-08 3.628191050102363025e-05 1.971424891816976559e-05 2.829415354342237532e-05 1.000000000000000021e-08 1.000000000000000021e-08 1.000000000000000021e-08 1.000000000000000021e-08 1.000000000000000021e-08 2.508625716534044816e-05 2.479862791242160098e-05 2.936396256090719240e-04 4.891649825868860362e-04 5.074209583790573923e-04 4.870104309761594513e-04 5.363153059648827605e-04 7.567639723817537077e-04
1.000000100000000021e-05 2.367242425665820943e-05 1.000000000000000021e-08 1.000000000000000021e-08 1.000000000000000021e-08 1.000000000000000021e-08 1.000000000000000021e-08 1.000000000000000021e-08 1.095088900392720257e-05 1.000000000000000021e-08 1.304911653667028256e-05 2.289849673462014546e-05 5.507269935322951977e-05 4.235741432492293667e-05 3.925898631901875049e-05 5.009659771500822828e-05 1.488983925364676688e-04 2.998014542046674598e-04 1.605242449896140684e-04 1.097544227102826230e-04 6.753128539902120305e-05 1.154461971012251987e-04 1.616538533365998549e-03 1.295639154487672939e-04 7.327449677710848037e-05 1.000000000000000021e-08 1.000000000000000021e-08 1.000000000000000021e-08 1.243855535102036028e-05 7.282122592639685295e-05 1.548306819930184619e-04 3.909691870878362341e-04 4.234063601876539317e-04 3.808647636896155789e-04 3.798101603875253204e-04 4.762482377059399719e-04 5.254706515260650817e-04
2.512641140921466175e-05 5.823061282427037738e-05 3.693006704277659066e-05 2.058151027846358920e-05 1.000000000000000021e-08 1.000000000000000021e-08 1.000000000000000021e-08 1.034105440976324114e-05 8.947474808512104834e-05 7.570154827486342956e-05 1.000000000000000021e-08 1.000000000000000021e-08 1.023137706400153107e-04 1.979528473136427157e-04 2.255708128719097270e-04 2.368319447964065930e-04 1.989329012919273474e-04 1.652799112757273776e-04 2.044792233378377037e-04 1.891800348710894429e-04 1.546628456741221916e-04 7.735122627090736417e-05 2.002784047876681969e-04 2.082661454637920004e-04 1.947024037797831487e-04 1.000000000000000021e-08 5.554670382317362714e-04 4.943319178526752464e-04 6.805711772421257477e-04 6.605222567742282660e-04 1.003735217489242935e-03 5.199444400564077031e-04 4.213679273753430420e-04 3.451447971982235866e-04 2.618794905188438771e-04 2.048177381703477783e-04 2.414232504694121607e-04
3.278584187553406016e-05 2.241540128024847216e-05 4.853038364222802311e-05 1.000000000000000021e-08 1.000000000000000021e-08 1.000000000000000021e-08 1.000000000000000021e-08 2.858026099135011115e-05 1.139439046212189333e-04 2.008636460650952392e-04 1.348968856114506195e-04 1.607819250228036936e-04 1.426386799965559697e-04 1.505943440383712662e-04 9.123291268249380018e-05 8.166006477361919483e-05 6.052985815325813304e-05 4.587244052374185127e-05 3.906784561137027041e-05 1.619096356582576499e-04 2.069567380068723043e-04 1.820075205957378856e-04 1.505781281435041973e-04 4.503357674607726710e-04 5.408468264669674458e-04 7.274665060476470007e-04 4.922403618222643325e-04 2.878137031928771272e-04 2.078288216926478863e-04 1.793459932867071420e-04 1.188947171959701780e-04 9.754429695795559414e-05 7.067181592857879884e-05 5.834350492820070507e-05 6.203868040447565893e-05 4.994691910562389022e-05 4.444755951898460061e-05
1.026266450144160949e-04 1.310222577577808923e-04 1.396535505303483319e-04 1.593460495120997580e-04 1.828630398499022822e-04 2.649444553540654108e-04 2.931957303623131637e-04 2.748462397955333419e-04 2.081061140386227860e-04 1.000000000000000021e-08 1.000000000000000021e-08 1.000000000000000021e-08 1.000000000000000021e-08 1.000000000000000021e-08 1.000000000000000021e-08 1.432025281218394788e-05 1.926256155322188769e-05 1.762348206056301735e-05 1.110936758628321292e-05 1.176732110767181019e-05 1.000000000000000021e-08 1.306540124112730858e-04 2.546145310654247210e-04 3.504218263126160533e-04 3.507447896817769749e-05 1.000000000000000021e-08 1.000000000000000021e-08 1.000000000000000021e-08 1.324717432460419751e-05 1.776910963922465238e-05 2.105332176123029994e-05 1.702747350193761840e-05 1.425730496392833473e-05 1.406056095234813935e-05 1.739020194610967047e-05 1.472261519543759886e-05 1.000000000000000021e-08
9.733965012560753458e-04 6.121302159914541693e-05 5.073445494779931484e-05 4.529331114026983405e-05 3.993320820570070542e-05 3.044698072636836425e-05 2.676857196110096046e-05 1.000000000000000021e-08 1.000000000000000021e-08 1.000000000000000021e-08 1.000000000000000021e-08 1.000000000000000021e-08 1.000000000000000021e-08 1.000000000000000021e-08 1.000000000000000021e-08 1.000000000000000021e-08 2.009720756649912535e-05 2.407030916597351091e-05 2.384588821282186151e-05 2.353542757615297509e-05 2.402554636776906943e-05 2.725923103202789084e-05 7.339161757039617813e-05 1.639752608659693640e-05 1.000000000000000021e-08 1.000000000000000021e-08 1.000000000000000021e-08 1.020434029514917523e-05 1.395574223662904263e-05 1.337894234815245388e-05 1.088685954217775144e-05 1.882213645322415092e-05 1.594319299796911410e-05 1.573957777040685499e-05 1.127897392511593519e-05 1.000000000000000021e-08 1.000000000000000021e-08
1.614759135090421821e-05 3.012994251665999346e-05 1.000000000000000021e-08 1.000000000000000021e-08 1.203429190953737835e-05 1.000000000000000021e-08 1.000000000000000021e-08 1.000000000000000021e-08 1.000000000000000021e-08 1.000000000000000021e-08 1.000000000000000021e-08 1.000000000000000021e-08 1.000000000000000021e-08 1.000000000000000021e-08 1.000000000000000021e-08 1.000000000000000021e-08 1.380985012248718437e-05 4.435874662015946019e-05 4.677739305674345332e-05 3.630343991041806468e-05 4.196618711058381306e-05 9.390740189254857188e-05 1.553979048583403180e-05 1.154485889907419276e-05 1.000000000000000021e-08 1.000000000000000021e-08 1.000000000000000021e-08 1.000000000000000021e-08 1.000000000000000021e-08 1.000000000000000021e-08 1.000000000000000021e-08 1.000000000000000021e-08 1.474468718913130583e-05 1.821207215891664009e-05 1.966541476467852377e-05 1.504246213266885431e-05 1.399606531979726278e-05
1.265798347564619811e-05 2.239537145484981451e-05 3.044556594991957240e-05 2.134037805655461417e-05 2.493998510430439679e-05 3.528173476296520271e-05 3.236544601230507056e-05 2.598126734842447647e-05 2.232808136795731113e-05 1.683528120947070839e-05 1.560519258313167973e-05 1.465686432713940478e-05 1.780624519088739460e-05 1.673694100723668811e-05 1.798899866287795353e-05 1.609302266638713871e-05 2.488166387842407105e-05 4.096611545532324693e-05 4.554869637454367359e-05 5.483685273272231934e-05 5.157869434715290090e-05 1.207537422726898200e-04 9.746400816274783559e-05 1.000000000000000021e-08 1.000000000000000021e-08 1.000000000000000021e-08 1.000000000000000021e-08 1.000000000000000021e-08 1.000000000000000021e-08 1.000000000000000021e-08 1.182651536909085141e-05 1.342037773133882258e-05 1.904834351213895543e-05 2.374066812292466411e-05 2.675030487750428799e-05 2.590946789139884871e-05 3.796236997573669265e-05
1.216774697085056794e-05 2.096253459269339277e-05 2.831471100019231229e-05 1.000000000000000021e-08 1.289182696714732027e-05 2.264620464966765121e-05 4.873955098220258009e-05 4.131996155886607472e-05 4.084328661651552339e-05 1.000000000000000021e-08 4.902826980580093653e-05 7.746437940700142408e-05 7.663400729050097861e-05 9.469025841599138090e-05 1.096295176678034838e-04 1.090901343322499143e-04 8.963125241698180305e-05 7.824596721047409999e-05 9.707618348968240912e-05 7.871271185168613241e-05 7.140882007451906639e-05 8.871131984729735452e-05 1.489182587511151247e-04 1.000000000000000021e-08 1.000000000000000021e-08 1.000000000000000021e-08 1.000000000000000021e-08 1.451706476202785655e-05 1.410869899522762822e-05 1.469465117131308551e-05 1.890755141888655867e-05 2.043676814975967348e-05 2.054841516521918281e-05 1.000000000000000021e-08 1.941190548900000796e-05 2.570439833412526686e-05 2.147534556128476361e-05
1.501762642811316334e-05 2.372068523254962651e-05 2.676383247018277841e-05 2.537013944591790614e-05 1.866886921541440232e-05 1.615588258825627037e-05 1.313047134072455253e-05 4.329186228500540488e-05 9.203765253369554811e-05 5.424764833506989309e-05 4.782025367307565463e-05 3.960314642203724189e-05 5.293245615052785962e-05 5.232223578900829114e-05 1.000000000000000021e-08 1.000000000000000021e-08 1.000000000000000021e-08 1.058708585235630839e-05 1.833163361438345872e-05 1.000000000000000021e-08 1.000000000000000021e-08 5.758101098057350251e-05 1.438575575858629270e-04 1.000000000000000021e-08 1.000000000000000021e-08 1.000000000000000021e-08 1.815734420452941384e-05 1.680374135036210914e-05 1.000000000000000021e-08 1.207969829145093026e-05 1.822599731008774356e-05 2.062267090278271735e-05 2.272396686678412075e-05 1.000000000000000021e-08 1.000000000000000021e-08 1.000000000000000021e-08 1.000000000000000021e-08
2.163620555251709611e-05 2.644020735566205050e-05 2.161128678465394374e-05 1.000000000000000021e-08 1.000000000000000021e-08 1.000000000000000021e-08 1.000000000000000021e-08 1.000000000000000021e-08 1.531231621162343950e-05 1.000000000000000021e-08 1.000000000000000021e-08 1.000000000000000021e-08 1.000000000000000021e-08 1.000000000000000021e-08 1.000000000000000021e-08 1.000000000000000021e-08 1.000000000000000021e-08 1.099795893829327193e-05 1.161890747796267980e-05 1.317265041610774240e-05 1.000000000000000021e-08 4.965359580034145687e-05 1.418664035912699012e-04 9.712372144470154413e-05 5.993950437435931151e-05 3.520144427426446918e-05 3.816855547625350658e-05 1.854688975082191728e-05 1.000000000000000021e-08 1.103644609523776124e-05 1.922423033052093650e-05 2.414500660658415934e-05 1.000000000000000021e-08 1.000000000000000021e-08 1.000000000000000021e-08 1.000000000000000021e-08 1.000000000000000021e-08
1.000000000000000021e-08 1.858033004654429209e-05 1.000000000000000021e-08 1.000000000000000021e-08 1.000000000000000021e-08 1.000000000000000021e-08 1.000000000000000021e-08 1.000000000000000021e-08 1.000000000000000021e-08 1.000000000000000021e-08 1.000000000000000021e-08 1.000000000000000021e-08 1.000000000000000021e-08 1.000000000000000021e-08 1.000000000000000021e-08 1.000000000000000021e-08 1.000000000000000021e-08 1.000000000000000021e-08 1.000000000000000021e-08 1.000000000000000021e-08 1.000000000000000021e-08 1.000000000000000021e-08 1.000000000000000021e-08 7.929085786405150522e-05 6.684883792468934520e-05 5.035603682659158464e-05 4.400157791531498304e-05 1.000000000000000021e-08 1.000000000000000021e-08 1.000000000000000021e-08 1.000000000000000021e-08 1.000000000000000021e-08 1.000000000000000021e-08 1.000000000000000021e-08 1.000000000000000021e-08 1.000000000000000021e-08 1.000000000000000021e-08
1.000000000000000021e-08 1.684524422266857305e-05 1.055189990451088546e-03 6.077693163126933110e-05 5.061901559706123786e-05 1.000000000000000021e-08 1.000000000000000021e-08 1.000000000000000021e-08 1.000000000000000021e-08 1.000000000000000021e-08 1.000000000000000021e-08 1.192298134988810136e-05 1.830252330670940973e-05 2.585049143818181027e-05 3.391335000605542784e-05 3.362477292288600171e-05 2.731311653773924421e-05 2.207761158117422170e-05 2.012778308183166411e-05 1.307104430119240137e-05 1.931291954750670957e-05 4.708922927835498497e-05 8.215263768648503292e-05 1.334896700872718661e-04 1.817044195975373326e-04 1.425954833502472772e-04 1.491124020885899269e-04 8.589549749545348728e-05 5.355117489775599611e-05 4.183302333116359085e-05 1.000000000000000021e-08 1.000000000000000021e-08 1.000000000000000021e-08 1.000000000000000021e-08 1.000000000000000021e-08 1.000000000000000021e-08 1.000000000000000021e-08
1.000000000000000021e-08 1.000000000000000021e-08 2.042969543064975641e-05 2.297618353438103705e-05 1.000000000000000021e-08 1.000000000000000021e-08 1.000000000000000021e-08 1.000000000000000021e-08 1.000000000000000021e-08 1.000000000000000021e-08 1.000000000000000021e-08 1.000000000000000021e-08 1.000000000000000021e-08 1.000000000000000021e-08 1.000000000000000021e-08 3.098300445118847311e-05 5.157786259140206532e-05 4.844520757390737746e-05 4.227017659509770323e-05 4.206832378988537713e-05 4.963324485555771530e-05 4.308451883869937615e-05 7.041700435494461423e-05 8.561283150634967489e-05 7.132071473363657543e-05 1.486331757941966212e-04 2.029076259144173831e-04 2.498987811536344241e-04 2.866123940028430465e-04 2.101560431350819305e-04 1.621368079038919600e-04 1.000000000000000021e-08 1.000000000000000021e-08 1.000000000000000021e-08 1.000000000000000021e-08 1.000000000000000021e-08 1.000000000000000021e-08
1.000000000000000021e-08 1.000000000000000021e-08 1.102822334347965126e-05 1.832324222556829847e-05 2.103223062724306989e-05 1.000000000000000021e-08 1.000000000000000021e-08 1.000000000000000021e-08 1.000000000000000021e-08 1.000000000000000021e-08 1.000000000000000021e-08 1.000000000000000021e-08 1.000000000000000021e-08 1.000000000000000021e-08 1.000000000000000021e-08 1.000000000000000021e-08 1.000000000000000021e-08 1.000000000000000021e-08 3.368337653858749644e-05 5.057596728042227963e-05 7.007828828672027662e-05 9.468217975463252400e-05 7.851877320889935554e-05 6.300382192650432161e-05 1.000000000000000021e-08 1.000000000000000021e-08 1.000000000000000021e-08 1.000000000000000021e-08 2.952259955938543200e-05 2.177459074483687092e-04 2.506404798311346769e-04 2.131986950910138819e-04 1.000000000000000021e-08 1.000000000000000021e-08 1.000000000000000021e-08 1.000000000000000021e-08 1.000000000000000021e-08
