output/water_depth_6720.asc
ncols 223
nrows 158
xllcorner 0.0
yllcorner 0.0
cellsize 30.0
[rows 68 to 84 of 158, columns 111 to 147 of 223]
1.000000000000000021e-08 5.781860682534272259e-05 1.000000000000000021e-08 1.315319858274005931e-05 1.000000000000000021e-08 1.915349470354606989e-05 1.000000000000000021e-08 1.000000000000000021e-08 1.652365603667833453e-05 3.458502727270325035e-04 2.226303477123155118e-04 1.294211612809751267e-04 1.019348147834709615e-05 1.000000000000000021e-08 1.000000000000000021e-08 1.000000000000000021e-08 1.000000000000000021e-08 1.000000000000000021e-08 1.000000000000000021e-08 1.000000000000000021e-08 1.000000000000000021e-08 1.000000000000000021e-08 1.000000000000000021e-08 1.000000000000000021e-08 1.000000000000000021e-08 1.004945629107784491e-05 1.012690830633379518e-05 2.897002899717363887e-05 3.902918337805378300e-03 4.945293719818665956e-04 1.000000000000000021e-08 1.000000000000000021e-08 3.558453545829116764e-05 3.644526116925796719e-05 1.000000000000000021e-08 1.000000000000000021e-08 1.633734185569873034e-05
6.701447036149590615e-05 5.047608968854340157e-04 1.722708718332816068e-03 6.111969358010910063e-03 8.007783359389132258e-03 5.472728586103790122e-03 4.945975646108811442e-03 1.469249809617818208e-05 1.775735268515379642e-05 1.247302908366073100e-05 1.014123180435337672e-04 1.000000000000000021e-08 1.000000000000000021e-08 1.000000000000000021e-08 1.000000000000000021e-08 1.000000000000000021e-08 1.000000000000000021e-08 1.000000000000000021e-08 1.000000000000000021e-08 1.000000000000000021e-08 1.000000000000000021e-08 1.380140352284370366e-05 2.645320783287894733e-05 1.000000000000000021e-08 1.000000000000000021e-08 1.000000000000000021e-08 1.000000000000000021e-08 1.000000000000000021e-08 1.192900486281963536e-05 6.160952177556936740e-04 4.267990901346811359e-04 3.161673489985919721e-04 7.344779365430026906e-05 4.165692274913585170e-05 1.000000000000000021e-08 1.000000000000000021e-08 1.498868237277162262e-05
3.493327486141397167e-03 8.773675662145858853e-03 8.828238818918714495e-03 6.021368677930541598e-03 4.195320962325489907e-03 7.897667741571459329e-03 9.798070380274474106e-03 2.482827222527605668e-03 1.000000000000000021e-08 1.000000000000000021e-08 1.000000000000000021e-08 1.000000000000000021e-08 1.000000000000000021e-08 1.000000000000000021e-08 1.170843940900038340e-05 1.000000000000000021e-08 1.000000000000000021e-08 1.000000000000000021e-08 1.000000000000000021e-08 1.000000000000000021e-08 1.000000000000000021e-08 2.500448846705244049e-05 1.000000000000000021e-08 1.000000000000000021e-08 1.000000000000000021e-08 1.000000000000000021e-08 1.000000000000000021e-08 1.000000000000000021e-08 1.000000000000000021e-08 5.681320419301659377e-05 3.731858847784333519e-04 4.716925242239029711e-05 1.000000000000000021e-08 4.607508272501657673e-05 1.000000000000000021e-08 1.000000000000000021e-08 1.344523352495878930e-05
2.020600260900730274e-03 2.894242807515431688e-03 1.400078206412706935e-04 1.000000000000000021e-08 1.000000000000000021e-08 1.000000000000000021e-08 9.894695926545854156e-03 1.017836459206173348e-02 1.618654506548953618e-05 1.000000000000000021e-08 1.000000000000000021e-08 1.000000000000000021e-08 1.000000000000000021e-08 1.000000000000000021e-08 1.000000000000000021e-08 1.000000000000000021e-08 1.000000000000000021e-08 1.000000000000000021e-08 1.000000000000000021e-08 1.000000000000000021e-08 1.000000000000000021e-08 2.618684470377290803e-05 3.023035233605995910e-05 1.000000000000000021e-08 1.000000000000000021e-08 1.000000000000000021e-08 1.000000000000000021e-08 1.000000000000000021e-08 1.256954675253949124e-05 7.058311433683876898e-05 4.144329143730855541e-04 1.000418387648739161e-03 1.672630595731177208e-04 3.654547145324001681e-05 1.000000000000000021e-08 1.000000000000000021e-08 1.548702687159629667e-05
1.153297956464457074e-03 1.463838995969145556e-03 2.208044826822758307e-04 1.000000000000000021e-08 1.000000000000000021e-08 1.000000000000000021e-08 2.660217725556581272e-03 1.129817965974990422e-02 5.484532772996547438e-05 1.000000000000000021e-08 1.000000000000000021e-08 1.000000000000000021e-08 1.000000000000000021e-08 1.000000000000000021e-08 1.000000000000000021e-08 1.000000000000000021e-08 1.000000000000000021e-08 1.000000000000000021e-08 1.000000000000000021e-08 1.000000000000000021e-08 1.000000000000000021e-08 1.000000000000000021e-08 4.627571587352552474e-05 1.000000000000000021e-08 1.000000000000000021e-08 1.000000000000000021e-08 1.000000000000000021e-08 1.246270337085240511e-05 1.000000000000000021e-08 1.000000000000000021e-08 1.000000000000000021e-08 8.769266180289742290e-04 1.249111058718413176e-03 2.535209626577632626e-05 1.000000000000000021e-08 1.000000000000000021e-08 1.000000000000000021e-08
1.290959736776680299e-04 1.117719827702876815e-03 1.549282710800596358e-04 1.799654068636561040e-04 1.691183151592029910e-04 2.621106149582268338e-04 2.301687901179477356e-04 4.124804837962461890e-02 1.203308911359604258e-02 6.114286178329261378e-05 1.000000000000000021e-08 1.000000000000000021e-08 1.000000000000000021e-08 1.000000000000000021e-08 1.000000000000000021e-08 1.000000000000000021e-08 1.000000000000000021e-08 1.000000000000000021e-08 1.000000000000000021e-08 1.000000000000000021e-08 1.000000000000000021e-08 1.000000000000000021e-08 6.472710205769560633e-05 1.000000000000000021e-08 1.000000000000000021e-08 1.000000000000000021e-08 1.000000000000000021e-08 1.000000000000000021e-08 1.000000000000000021e-08 1.000000000000000021e-08 1.000000000000000021e-08 1.000000000000000021e-08 6.500003274987536722e-04 4.608909774256235523e-04 2.385628359326390788e-04 1.499041558654545965e-04 1.067502409602538450e-04
1.619271541168146354e-03 1.939486514196483058e-04 1.719420019573476087e-05 1.170143545418055732e-05 1.416467276389922372e-04 1.169933230774648151e-04 1.000000000000000021e-08 1.000000000000000021e-08 1.161997919350059479e-02 2.144396105117715983e-03 1.000000000000000021e-08 1.000000000000000021e-08 1.000000000000000021e-08 1.000000000000000021e-08 1.000000000000000021e-08 1.000000000000000021e-08 1.000000000000000021e-08 1.000000000000000021e-08 3.857010809405663957e-05 1.000000000000000021e-08 1.000000000000000021e-08 2.335421937108305329e-05 8.467835709856674526e-05 1.000000000000000021e-08 1.000000000000000021e-08 1.000000000000000021e-08 1.000000000000000021e-08 1.000000000000000021e-08 1.000000000000000021e-08 1.000000000000000021e-08 1.000000000000000021e-08 1.000000000000000021e-08 4.648098304628596412e-05 4.938278094886959773e-04 3.756106272980421954e-04 2.624542626403012359e-04 1.000000000000000021e-08
2.854824132860188726e-03 1.626662289929723477e-04 1.372551197035727271e-05 1.581433325598183271e-05 1.605618535189083854e-05 3.312904774497804302e-05 1.000000000000000021e-08 1.000000000000000021e-08 1.175414121031998632e-02 7.018431402832252253e-02 6.170287149208769639e-02 1.217176203346825207e-04 1.000000000000000021e-08 1.000000000000000021e-08 1.285667281703168755e-05 1.391067744490339916e-05 1.976004347086911006e-05 1.000000000000000021e-08 1.715740891239382962e-02 1.698874929333077724e-02 1.717713319790864154e-02 1.719324197113170083e-02 1.651942049648209149e-02 1.088629525423254370e-02 1.061712960351988977e-02 2.609840046868033885e-05 1.000000000000000021e-08 1.000000000000000021e-08 1.000000000000000021e-08 1.000000000000000021e-08 1.000000000000000021e-08 1.000000000000000021e-08 2.910993701201998007e-04 4.364113055574762867e-04 4.474743785765200729e-04 2.921660074937173514e-04 1.226570530822381237e-04
6.065468744341278792e-03 1.576520058547633846e-04 1.187604507963322069e-05 4.166049972135975571e-05 5.722384398264447744e-05 3.635987834438185516e-05 2.937702893976587381e-05 1.000000000000000021e-08 2.490728325600728341e-05 3.480749733566902666e-05 4.503318453568862928e-02 1.487736470228072025e-02 1.479128459539860198e-02 1.540635932236973649e-02 1.540982794269154903e-02 1.576258761401715114e-02 1.611576226013244212e-02 1.642771028110836390e-02 1.708742327298535396e-02 1.000000000000000021e-08 1.000000000000000021e-08 1.000000000000000021e-08 3.632520572429646412e-03 1.339226041564097955e-02 8.011835336849819356e-02 6.204767105736042065e-02 2.588904171533245343e-04 3.071077888685365740e-05 2.100742578302239964e-05 1.000000000000000021e-08 1.000000000000000021e-08 1.000000000000000021e-08 1.181675786281275765e-02 1.971784656138837744e-02 2.206613297599285817e-02 2.277856605305196569e-02 5.189320314455777433e-02
7.209834258955275660e-03 1.426640322001280960e-03 1.894180879953513160e-05 1.000000000000000021e-08 1.000000000000000021e-08 1.000000000000000021e-08 1.000000000000000021e-08 1.289784275687680031e-05 1.492485613075702630e-05 1.609813070382652985e-05 2.668081174905481378e-05 1.000000000000000021e-08 4.028110679345239353e-05 8.249616469672457861e-05 1.000000000000000021e-08 2.012370150914481764e-05 1.000000000000000021e-08 1.014651514179418396e-05 1.000000000000000021e-08 1.000000000000000021e-08 1.837306411911213813e-05 1.000000000000000021e-08 1.438647201325860026e-05 2.672283645070194135e-05 5.092326781812735555e-05 2.093851881059129519e-02 2.134363491718978614e-02 2.173623488965270578e-02 2.212544410635304895e-02 2.251006894542030221e-02 2.288388487703257174e-02 2.323281486829693182e-02 1.476464017198981203e-02 9.387593580380521052e-03 2.006372921120700738e-03 1.275402300171030309e-03 4.301474119647593491e-02
5.824238090204250998e-03 5.783056035172206254e-03 3.382636294470226451e-05 1.000000000000000021e-08 1.000000000000000021e-08 1.103072949885124542e-05 1.464162130116282324e-05 1.000000000000000021e-08 1.000000000000000021e-08 1.000000000000000021e-08 1.000000000000000021e-08 4.743538652607235474e-05 4.996053030202470761e-05 7.544369393016940541e-05 1.000000000000000021e-08 1.000000000000000021e-08 1.000000000000000021e-08 1.000000000000000021e-08 1.000000000000000021e-08 1.000000000000000021e-08 1.043760277514734501e-05 1.361555144255240054e-05 1.434969493018097711e-05 1.658712609858289884e-05 1.000000000000000021e-08 6.612868093609330618e-05 1.000000000000000021e-08 4.586701597398800805e-05 1.000000000000000021e-08 2.814270088270283358e-05 1.704055097878925154e-05 1.000000000000000021e-08 1.000000000000000021e-08 1.000000000000000021e-08 1.000000000000000021e-08 1.000000000000000021e-08 8.985830598671958351e-05
3.938984060150116200e-03 5.002677758432323533e-03 5.205472154983967550e-03 3.289228367413205245e-05 1.000000000000000021e-08 1.297995896878787833e-05 1.920371897015687350e-05 3.014422557834189594e-05 1.000000000000000021e-08 1.000000000000000021e-08 7.070464726954569341e-05 6.621958243060486831e-05 3.695756984294690288e-05 3.651922195282565988e-05 1.000000000000000021e-08 1.000000000000000021e-08 1.000000000000000021e-08 1.000000000000000021e-08 1.000000000000000021e-08 1.000000000000000021e-08 1.000000000000000021e-08 1.000000000000000021e-08 1.123338763901145659e-05 1.106339519545222186e-05 1.229383715205115742e-05 1.000000000000000021e-08 1.506534091998800579e-05 1.000000000000000021e-08 1.000000000000000021e-08 1.000000000000000021e-08 1.000000000000000021e-08 1.000000000000000021e-08 1.000000000000000021e-08 1.000000000000000021e-08 1.151013138689393513e-05 1.000000000000000021e-08 5.559879703526741495e-05
5.151311568248916235e-03 9.842950330488453928e-03 6.140657824965737449e-02 5.421360832903153459e-02 4.275135746318874108e-02 9.539488109313350520e-03 8.384209742661364803e-03 1.589675408256401154e-03 9.395159691663943066e-04 7.430095568957629983e-04 1.148491523500478310e-04 1.000000000000000021e-08 1.000000000000000021e-08 1.000000000000000021e-08 1.000000000000000021e-08 1.000000000000000021e-08 1.285903944787315681e-05 1.415017935891124603e-05 1.000000000000000021e-08 1.000000000000000021e-08 1.000000000000000021e-08 1.000000000000000021e-08 1.000000000000000021e-08 1.000000000000000021e-08 1.000000000000000021e-08 2.713738212612128427e-05 1.037759119783282112e-05 1.561407670615864686e-05 1.000000000000000021e-08 1.000000000000000021e-08 1.000000000000000021e-08 1.000000000000000021e-08 1.000000000000000021e-08 1.000000000000000021e-08 1.074621547670924138e-05 1.000000000000000021e-08 3.945106153637650462e-05
2.501500357607838558e-03 2.089193030908097735e-03 1.345867770679601456e-03 8.701057185258961489e-04 3.815284689910689183e-04 6.131665782502370744e-03 7.405635088950547271e-03 1.567556743790216598e-03 2.210856212162225914e-03 5.919056153877424922e-04 7.379687473788331981e-05 1.000000000000000021e-08 1.000000000000000021e-08 1.000000000000000021e-08 1.188784723879717867e-05 1.445097748506857046e-05 3.400886449844497473e-05 1.000000000000000021e-08 1.000000000000000021e-08 1.000000000000000021e-08 1.223800022678682262e-05 1.670516132126704105e-05 1.224876472592745299e-05 1.458107142028034093e-05 4.614134340953224002e-05 1.611600242826614820e-05 1.047470930423500647e-05 1.000000000000000021e-08 1.000000000000000021e-08 1.000000000000000021e-08 1.000000000000000021e-08 1.000000000000000021e-08 1.000000000000000021e-08 1.000000000000000021e-08 1.170109962584018754e-05 1.000000000000000021e-08 4.104796450873049419e-05
1.703025881139111266e-03 9.237332320212674744e-04 4.637817041335439219e-04 2.587583849693142306e-04 2.645629401750716173e-04 1.357303033338072128e-03 1.840152320384083042e-03 3.679532541436095726e-03 2.544477143472497621e-03 5.202593378035471998e-04 6.393235999275165640e-05 1.000000000000000021e-08 1.000000000000000021e-08 1.133428319034350517e-05 1.893550518026751583e-05 2.700744496081994357e-05 1.000000000000000021e-08 1.000000000000000021e-08 1.050734407564370192e-05 1.519013968085961519e-05 2.053047101633091723e-05 2.878812798841699688e-05 4.335272937292220820e-05 1.078568143243399799e-04 1.011270430735499717e-04 1.000000000000000021e-08 1.000000000000000021e-08 1.000000000000000021e-08 1.000000000000000021e-08 1.000000000000000021e-08 1.000000000000000021e-08 1.000000000000000021e-08 1.000000000000000021e-08 1.000000000000000021e-08 1.219516046343246451e-05 1.000000000000000021e-08 4.767967325410114588e-05
3.672362957944926378e-04 1.809382130242543588e-04 3.134665513172236280e-04 2.861150048994455758e-04 2.741364334434074875e-04 4.280320869845444156e-04 1.616375749783137894e-03 4.076882192467399212e-03 3.422238394377784959e-03 3.403931775069295976e-04 5.172398439187598921e-05 1.000000000000000021e-08 1.000000000000000021e-08 1.685387857404824626e-05 2.046580949362366043e-05 2.718188217187340910e-05 2.534379896270480063e-05 1.876730421194241225e-05 1.000000000000000021e-08 1.635742481446137873e-05 1.000000000000000021e-08 9.952816894015547103e-05 7.107831977452683085e-05 7.179843796865405248e-05 1.000000000000000021e-08 1.073969794957470501e-05 1.465282005648485737e-05 1.000000000000000021e-08 1.000000000000000021e-08 1.000000000000000021e-08 1.000000000000000021e-08 1.221145163803535262e-05 1.000000000000000021e-08 1.000000000000000021e-08 1.054186046320293561e-05 1.000000000000000021e-08 5.004634298321412433e-05
7.119319423690681264e-05 2.737316946027879380e-05 7.444906071492618787e-05 4.638673949738942714e-04 3.834226915462114792e-04 3.728067618515372005e-04 6.083741354528423694e-04 1.294028279652592942e-02 2.315029378379549179e-03 1.000000000000000021e-08 8.624918454565781527e-05 1.932924866365456543e-05 1.000000000000000021e-08 1.000000000000000021e-08 2.111306694340418165e-05 1.000000000000000021e-08 2.039217661911352038e-05 3.360523832218393535e-05 1.000000000000000021e-08 1.000000000000000021e-08 1.000000000000000021e-08 6.534061203967081043e-05 1.418619682314040857e-04 5.182944808928874499e-05 1.000000000000000021e-08 1.000000000000000021e-08 1.399298129769383849e-05 1.000000000000000021e-08 3.951841751924730804e-05 3.300317902277552192e-05 3.469607517307012859e-05 1.483201809390150386e-05 1.000000000000000021e-08 1.000000000000000021e-08 1.000000000000000021e-08 7.957838244042214778e-05 3.847509231938916005e-05
