output/water_depth_5760.asc
ncols 223
nrows 158
xllcorner 0.0
yllcorner 0.0
cellsize 30.0
[rows 136 to 152 of 158, columns 111 to 147 of 223]
1.000000000000000021e-08 1.312793173310555210e-05 1.000000000000000021e-08 1.000000000000000021e-08 1.000000000000000021e-08 9.473383246516413336e-05 1.743761543820258495e-03 5.302358499408201930e-04 1.485708613578883854e-04 2.236135868807829054e-04 2.388164932710109363e-04 2.777848993896434851e-04 4.656629033374291523e-04 3.558513077172158900e-05 1.154613029655689375e-05 1.000000000000000021e-08 1.000000000000000021e-08 1.000000000000000021e-08 1.000000000000000021e-08 1.000000000000000021e-08 1.000000000000000021e-08 8.557605205765969180e-05 8.245283426345476237e-05 4.459992561471228233e-05 1.070466872200086738e-05 1.000000000000000021e-08 1.000000000000000021e-08 1.000000000000000021e-08 1.000000000000000021e-08 1.000000000000000021e-08 1.000000000000000021e-08 1.000000000000000021e-08 1.621865098950727471e-05 1.000000000000000021e-08 1.028429798428616525e-05 1.427980187755089497e-05 1.000000000000000021e-08
1.000000000000000021e-08 1.000000000000000021e-08 1.000000000000000021e-08 1.000000000000000021e-08 4.558698231286407369e-05 9.573319653013808881e-04 1.582892804530537916e-03 8.238799028325607910e-04 6.247282776290784311e-04 5.422856324889751374e-04 4.243613799262691542e-04 3.871794424862374574e-04 4.102431081364436155e-04 2.311098968811480702e-05 1.000000000000000021e-08 1.000000000000000021e-08 1.000000000000000021e-08 1.000000000000000021e-08 1.000000000000000021e-08 1.000000000000000021e-08 2.102067913126282159e-05 1.000000000000000021e-08 1.000000000000000021e-08 1.000000000000000021e-08 1.000000000000000021e-08 1.000000000000000021e-08 1.000000000000000021e-08 1.000000000000000021e-08 1.000000000000000021e-08 1.000000000000000021e-08 1.000000000000000021e-08 1.000000000000000021e-08 1.312342644187230427e-05 1.000000000000000021e-08 1.000000000000000021e-08 1.000000000000000021e-08 1.000000000000000021e-08
1.000000000000000021e-08 1.000000000000000021e-08 1.000000000000000021e-08 1.000000000000000021e-08 1.401507030143585243e-04 8.418310600889114103e-04 6.477244296596902260e-04 8.675635448613528821e-04 4.777860243604736628e-05 1.520645154687924837e-05 1.000000000000000021e-08 1.000000000000000021e-08 4.722776937132146442e-04 1.480513051020224591e-05 1.000000000000000021e-08 1.000000000000000021e-08 1.000000000000000021e-08 1.000000000000000021e-08 1.000000000000000021e-08 2.329523806457946305e-05 2.854439613369119422e-05 1.000000000000000021e-08 1.000000000000000021e-08 1.000000000000000021e-08 1.000000000000000021e-08 1.000000000000000021e-08 1.000000000000000021e-08 1.000000000000000021e-08 1.000000000000000021e-08 1.000000000000000021e-08 1.000000000000000021e-08 1.000000000000000021e-08 1.000000000000000021e-08 1.000000000000000021e-08 1.000000000000000021e-08 1.000000000000000021e-08 1.424010779540937255e-05
1.000000000000000021e-08 1.000000000000000021e-08 1.172801142234423961e-05 2.308897340640204230e-05 7.435839320887271096e-05 5.405359551088560462e-05 1.566484725194583841e-04 1.351841731216888798e-03 6.970693879501731020e-05 1.820842355582773247e-05 1.000000000000000021e-08 7.671610456892972985e-05 6.878656786170839286e-04 1.221648227745014277e-05 1.000000000000000021e-08 1.000000000000000021e-08 1.766317329774069362e-05 1.000000000000000021e-08 1.000000000000000021e-08 1.000000000000000021e-08 2.426059388917096643e-05 1.000000000000000021e-08 1.000000000000000021e-08 1.000000000000000021e-08 1.000000000000000021e-08 1.000000000000000021e-08 1.000000000000000021e-08 1.000000000000000021e-08 1.000000000000000021e-08 1.000000000000000021e-08 1.000000000000000021e-08 1.000000000000000021e-08 1.000000000000000021e-08 1.000000000000000021e-08 1.192991802487454380e-05 1.735559871360183067e-05 2.370661979166051593e-05
1.000000000000000021e-08 1.000000000000000021e-08 1.000000000000000021e-08 1.057722998829156491e-05 1.612456667380465533e-05 1.971669488988873919e-05 3.165268470011341450e-05 1.621092239643093106e-03 5.667900002578883959e-04 1.713464442863639538e-05 1.000000000000000021e-08 1.000000000000000021e-08 6.429325648782838274e-04 1.000000000000000021e-08 1.000000000000000021e-08 1.882476787528917979e-05 1.454096116295995062e-05 1.000000000000000021e-08 1.000000000000000021e-08 1.000000000000000021e-08 1.505599055343669320e-05 1.000000000000000021e-08 7.813798824701848045e-05 1.000000000000000021e-08 1.000000000000000021e-08 1.045272375526410718e-05 1.000000000000000021e-08 1.000000000000000021e-08 3.091230602581367657e-05 1.000000000000000021e-08 1.000000000000000021e-08 1.000000000000000021e-08 1.730766000714164401e-05 3.327867098639918287e-05 5.600809530847555850e-05 1.000000000000000021e-08 2.157216538355760709e-05
1.000000000000000021e-08 1.000000000000000021e-08 1.000000000000000021e-08 1.000000000000000021e-08 1.000000000000000021e-08 1.000000000000000021e-08 1.544154536135064623e-05 1.369947539100766463e-03 3.542750579037324057e-04 2.214506795772626773e-05 1.302386518957334112e-05 1.172131754874681619e-04 4.108900327412560137e-03 2.354304242777128305e-04 7.212647751598352168e-05 2.250933075226809393e-05 1.000000000000000021e-08 1.000000000000000021e-08 1.000000000000000021e-08 1.000000000000000021e-08 1.000000000000000021e-08 8.660951905083201594e-05 9.767295850183917410e-05 5.948115016630499760e-05 1.000000000000000021e-08 1.000000000000000021e-08 1.000000000000000021e-08 2.427562974589952182e-05 3.456406877413029441e-05 3.074539380891268308e-05 1.000000000000000021e-08 1.000000000000000021e-08 1.980143703482601143e-05 3.414503634550663418e-05 3.947806291194148187e-05 1.000000000000000021e-08 1.000000000000000021e-08
1.000000000000000021e-08 1.000000000000000021e-08 1.000000000000000021e-08 1.000000000000000021e-08 1.000000000000000021e-08 1.000000000000000021e-08 1.000000000000000021e-08 8.292496658218310480e-04 4.892384323017282899e-04 2.344281927883405480e-05 1.906619251539074449e-05 7.135511846829806183e-05 1.198728388884668641e-04 9.621335701714025222e-05 9.281832076978275648e-05 1.034917236643860810e-04 7.290007798284454368e-05 5.329022135252300778e-05 1.309908280931894632e-05 1.000000000000000021e-08 1.000000100000000021e-05 8.600720666298047564e-05 6.150956595348029839e-05 7.598923463822208066e-05 8.756300535032029975e-05 1.084568016876246983e-04 7.460936899522879837e-05 5.387606049629719819e-05 2.663282164177061388e-05 2.101297528944033840e-05 2.050702055128935411e-05 1.000000000000000021e-08 1.000000000000000021e-08 3.032604241782357424e-05 6.797954720935970088e-05 1.000000000000000021e-08 1.000000000000000021e-08
1.000000000000000021e-08 1.000000000000000021e-08 1.000000000000000021e-08 1.000000000000000021e-08 1.000000000000000021e-08 1.000000000000000021e-08 1.000000000000000021e-08 8.694994137128097015e-04 4.505695571234650393e-03 1.000000000000000021e-08 1.600425167581499261e-05 1.007579538438915609e-05 2.484281154449263852e-05 1.743614243934241573e-05 1.000000000000000021e-08 4.798834387948570706e-05 5.995598525762112598e-05 2.947406024701101302e-05 2.362785266300063304e-05 1.000000100000000021e-05 1.000000100000000021e-05 1.000000100000000021e-05 1.000000100000000021e-05 1.000000100000000021e-05 1.000000100000000021e-05 1.000000100000000021e-05 1.000000100000000021e-05 1.000000100000000021e-05 1.000000100000000021e-05 1.000000100000000021e-05 1.000000100000000021e-05 1.000000100000000021e-05 1.592066062653375272e-05 1.517179135248621483e-05 2.034747838166770404e-05 1.000000000000000021e-08 1.000000000000000021e-08
1.000000000000000021e-08 1.000000000000000021e-08 1.000000000000000021e-08 1.000000000000000021e-08 1.207735572954424705e-05 1.000000000000000021e-08 1.000000000000000021e-08 2.554193522077795111e-05 6.430774477557211870e-03 3.958779667025504653e-05 1.207211857940788846e-05 1.000000000000000021e-08 1.000000000000000021e-08 1.771933679581671729e-05 1.000000100000000021e-05 1.000000100000000021e-05 1.000000100000000021e-05 1.000000100000000021e-05 1.000000100000000021e-05 1.000000100000000021e-05 1.000000100000000021e-05 1.000000100000000021e-05 1.000000100000000021e-05 1.000000100000000021e-05 1.000000100000000021e-05 1.000000100000000021e-05 1.000000100000000021e-05 1.000000100000000021e-05 1.000000100000000021e-05 1.000000100000000021e-05 1.000000100000000021e-05 1.000000100000000021e-05 1.000000100000000021e-05 1.000000000000000021e-08 1.000000000000000021e-08 1.000000000000000021e-08 1.000000000000000021e-08
1.000000000000000021e-08 1.000000000000000021e-08 1.000000000000000021e-08 1.693593384619122879e-05 1.000000000000000021e-08 1.000000000000000021e-08 1.000000000000000021e-08 1.000000000000000021e-08 1.592816532687004144e-04 1.000000000000000021e-08 1.000000100000000021e-05 1.000000100000000021e-05 1.000000100000000021e-05 1.000000100000000021e-05 1.000000100000000021e-05 1.000000100000000021e-05 1.000000100000000021e-05 1.000000100000000021e-05 1.000000100000000021e-05 1.000000100000000021e-05 1.000000100000000021e-05 1.000000100000000021e-05 1.000000100000000021e-05 1.000000100000000021e-05 1.000000100000000021e-05 1.000000100000000021e-05 1.000000100000000021e-05 1.000000100000000021e-05 1.000000100000000021e-05 1.000000100000000021e-05 1.000000100000000021e-05 1.000000100000000021e-05 1.000000100000000021e-05 1.000000100000000021e-05 1.000000000000000021e-08 1.000000000000000021e-08 1.000000000000000021e-08
2.157590251578410463e-05 3.022328535446869381e-05 1.000000000000000021e-08 5.896050212908320433e-05 7.732568249946537256e-05 6.879710368705614578e-05 6.849603165521650971e-05 1.000000000000000021e-08 1.205344269270571374e-04 1.000000100000000021e-05 1.000000100000000021e-05 1.000000100000000021e-05 1.000000100000000021e-05 1.000000100000000021e-05 1.000000100000000021e-05 1.000000100000000021e-05 1.000000100000000021e-05 1.000000100000000021e-05 1.000000100000000021e-05 1.000000100000000021e-05 1.000000100000000021e-05 1.000000100000000021e-05 1.000000100000000021e-05 1.000000100000000021e-05 1.000000100000000021e-05 1.000000100000000021e-05 1.000000100000000021e-05 1.000000100000000021e-05 1.000000100000000021e-05 1.000000100000000021e-05 1.000000100000000021e-05 1.000000100000000021e-05 1.000000100000000021e-05 1.000000100000000021e-05 1.000000000000000021e-08 1.000000000000000021e-08 1.360827639172645889e-05
4.036939106604362187e-05 3.632529754669769123e-05 4.205207076127143195e-05 4.207339281057252331e-05 3.637344649529039884e-05 6.630122945268109946e-05 7.328619088704951020e-05 7.582010790817852964e-05 1.101681510012923683e-04 1.000000100000000021e-05 1.000000100000000021e-05 1.000000100000000021e-05 1.000000100000000021e-05 1.000000100000000021e-05 1.000000100000000021e-05 1.000000100000000021e-05 1.000000100000000021e-05 1.000000100000000021e-05 1.000000100000000021e-05 1.000000100000000021e-05 1.000000100000000021e-05 1.000000100000000021e-05 1.000000100000000021e-05 1.000000100000000021e-05 1.000000100000000021e-05 1.000000100000000021e-05 1.000000100000000021e-05 1.000000100000000021e-05 1.000000100000000021e-05 1.000000100000000021e-05 1.000000100000000021e-05 1.000000100000000021e-05 1.000000100000000021e-05 1.000000100000000021e-05 1.000000000000000021e-08 1.000000000000000021e-08 1.000000000000000021e-08
1.000000100000000021e-05 1.000000100000000021e-05 1.000000100000000021e-05 1.000000100000000021e-05 1.000000100000000021e-05 1.000000100000000021e-05 1.000000100000000021e-05 1.000000100000000021e-05 1.000000100000000021e-05 1.000000100000000021e-05 1.000000100000000021e-05 1.000000100000000021e-05 1.000000100000000021e-05 1.000000100000000021e-05 1.000000100000000021e-05 1.000000100000000021e-05 1.000000100000000021e-05 1.000000100000000021e-05 1.000000100000000021e-05 1.000000100000000021e-05 1.000000100000000021e-05 1.000000100000000021e-05 1.000000100000000021e-05 1.000000100000000021e-05 1.000000100000000021e-05 1.000000100000000021e-05 1.000000100000000021e-05 1.000000100000000021e-05 1.000000100000000021e-05 1.000000100000000021e-05 1.000000100000000021e-05 1.000000100000000021e-05 1.000000100000000021e-05 1.000000100000000021e-05 1.000000100000000021e-05 1.000000000000000021e-08 1.000000000000000021e-08
1.000000100000000021e-05 1.000000100000000021e-05 1.000000100000000021e-05 1.000000100000000021e-05 1.000000100000000021e-05 1.000000100000000021e-05 1.000000100000000021e-05 1.000000100000000021e-05 1.000000100000000021e-05 1.000000100000000021e-05 1.000000100000000021e-05 1.000000100000000021e-05 1.000000100000000021e-05 1.000000100000000021e-05 1.000000100000000021e-05 1.000000100000000021e-05 1.000000100000000021e-05 1.000000100000000021e-05 1.000000100000000021e-05 1.000000100000000021e-05 1.000000100000000021e-05 1.000000100000000021e-05 1.000000100000000021e-05 1.000000100000000021e-05 1.000000100000000021e-05 1.000000100000000021e-05 1.000000100000000021e-05 1.000000100000000021e-05 1.000000100000000021e-05 1.000000100000000021e-05 1.000000100000000021e-05 1.000000100000000021e-05 1.000000100000000021e-05 1.000000100000000021e-05 1.000000100000000021e-05 1.898120330343721921e-05 2.653649321900369224e-05
1.000000100000000021e-05 1.000000100000000021e-05 1.000000100000000021e-05 1.000000100000000021e-05 1.000000100000000021e-05 1.000000100000000021e-05 1.000000100000000021e-05 1.000000100000000021e-05 1.000000100000000021e-05 1.000000100000000021e-05 1.000000100000000021e-05 1.000000100000000021e-05 1.000000100000000021e-05 1.000000100000000021e-05 1.000000100000000021e-05 1.000000100000000021e-05 1.000000100000000021e-05 1.000000100000000021e-05 1.000000100000000021e-05 1.000000100000000021e-05 1.000000100000000021e-05 1.000000100000000021e-05 1.000000100000000021e-05 1.000000100000000021e-05 1.000000100000000021e-05 1.000000100000000021e-05 1.000000100000000021e-05 1.000000100000000021e-05 1.000000100000000021e-05 1.000000100000000021e-05 1.000000100000000021e-05 1.000000100000000021e-05 1.000000100000000021e-05 1.000000100000000021e-05 1.000000100000000021e-05 1.000000100000000021e-05 2.957191505658370663e-05
1.000000100000000021e-05 1.000000100000000021e-05 1.000000100000000021e-05 1.000000100000000021e-05 1.000000100000000021e-05 1.000000100000000021e-05 1.000000100000000021e-05 1.000000100000000021e-05 1.000000100000000021e-05 1.000000100000000021e-05 1.000000100000000021e-05 1.000000100000000021e-05 1.000000100000000021e-05 1.000000100000000021e-05 1.000000100000000021e-05 1.000000100000000021e-05 1.000000100000000021e-05 1.000000100000000021e-05 1.000000100000000021e-05 1.000000100000000021e-05 1.000000100000000021e-05 1.000000100000000021e-05 1.000000100000000021e-05 1.000000100000000021e-05 1.000000100000000021e-05 1.000000100000000021e-05 1.000000100000000021e-05 1.000000100000000021e-05 1.000000100000000021e-05 1.000000100000000021e-05 1.000000100000000021e-05 1.000000100000000021e-05 1.000000100000000021e-05 1.000000100000000021e-05 1.000000100000000021e-05 1.000000100000000021e-05 1.000000100000000021e-05
1.000000100000000021e-05 1.000000100000000021e-05 1.000000100000000021e-05 1.000000100000000021e-05 1.000000100000000021e-05 1.000000100000000021e-05 1.000000100000000021e-05 1.000000100000000021e-05 1.000000100000000021e-05 1.000000100000000021e-05 1.000000100000000021e-05 1.000000100000000021e-05 1.000000100000000021e-05 1.000000100000000021e-05 1.000000100000000021e-05 1.000000100000000021e-05 1.000000100000000021e-05 1.000000100000000021e-05 1.000000100000000021e-05 1.000000100000000021e-05 1.000000100000000021e-05 1.000000100000000021e-05 1.000000100000000021e-05 1.000000100000000021e-05 1.000000100000000021e-05 1.000000100000000021e-05 1.000000100000000021e-05 1.000000100000000021e-05 1.000000100000000021e-05 1.000000100000000021e-05 1.000000100000000021e-05 1.000000100000000021e-05 1.000000100000000021e-05 1.000000100000000021e-05 1.000000100000000021e-05 1.000000100000000021e-05 1.000000100000000021e-05
