output/water_depth_8160.asc
ncols 223
nrows 158
xllcorner 0.0
yllcorner 0.0
cellsize 30.0
[rows 102 to 118 of 158, columns 185 to 221 of 223]
1.309131012045451766e-05 1.436618338944437845e-05 1.800760865887447346e-05 1.893607392158808863e-05 1.000000000000000021e-08 1.000000000000000021e-08 2.529867648340270586e-02 1.803844437381394161e-01 2.053718934207440523e-03 3.510261801248394653e-04 2.438439143716959973e-04 1.042739568612012990e-04 8.155889715347634035e-05 8.363692858310789132e-05 8.974170222379005573e-05 9.609930914385065800e-05 3.009960931505658159e-05 1.387750314842737777e-05 1.010916781554140520e-05 1.000000000000000021e-08 1.000000000000000021e-08 1.000000000000000021e-08 1.000000000000000021e-08 1.000000000000000021e-08 1.000000000000000021e-08 1.000000000000000021e-08 1.000000000000000021e-08 1.000000000000000021e-08 1.000000000000000021e-08 1.172153487727526169e-05 1.000000100000000021e-05 1.000000100000000021e-05 1.000000100000000021e-05 1.000000100000000021e-05 1.000000100000000021e-05 1.000000100000000021e-05 1.000000100000000021e-05
2.180648064711970452e-05 1.928196344355637005e-05 3.492146759625202863e-05 3.482352056763799553e-05 2.924779006924291128e-05 1.000000000000000021e-08 6.418089867580939467e-03 9.941185057402773806e-02 7.482579046030733315e-04 1.193896780973638009e-04 1.677898390710069320e-04 2.276645009434690326e-04 2.029721726349391884e-04 1.603926780378003359e-04 1.204515623842802201e-04 4.743964347718108277e-05 1.371427269607034764e-04 2.914521897067404770e-05 2.746292864370593158e-05 1.611153798024038874e-05 1.000000000000000021e-08 1.000000000000000021e-08 1.000000000000000021e-08 1.000000000000000021e-08 1.000000000000000021e-08 1.000000000000000021e-08 1.000000000000000021e-08 1.000000000000000021e-08 1.000000000000000021e-08 1.000000000000000021e-08 1.000000100000000021e-05 1.000000100000000021e-05 1.000000100000000021e-05 1.000000100000000021e-05 1.000000100000000021e-05 1.000000100000000021e-05 1.000000100000000021e-05
1.000000000000000021e-08 1.000000000000000021e-08 1.000000000000000021e-08 1.000000000000000021e-08 1.231663045921766418e-04 3.224850571832492841e-03 2.492352358457418371e-01 1.025967166061271668e-01 1.553876218216419423e-04 1.000000000000000021e-08 1.000000000000000021e-08 1.000000000000000021e-08 1.000000000000000021e-08 1.000000000000000021e-08 1.000000000000000021e-08 9.251555590985293157e-05 2.550176577402038969e-04 6.824932718678045269e-05 5.812460493607311850e-05 3.799595957624501952e-05 2.335737975446335943e-05 1.104352068565191868e-05 1.000000000000000021e-08 1.000000000000000021e-08 1.000000000000000021e-08 1.000000000000000021e-08 1.000000000000000021e-08 1.000000000000000021e-08 1.000000000000000021e-08 1.000000000000000021e-08 1.000000100000000021e-05 1.000000100000000021e-05 1.000000100000000021e-05 1.000000100000000021e-05 1.000000100000000021e-05 1.000000100000000021e-05 1.000000100000000021e-05
1.000000000000000021e-08 1.000000000000000021e-08 1.000000000000000021e-08 1.000000000000000021e-08 5.331544341464633388e-04 1.624186241635391659e-01 1.895162647705948000e-01 9.997525669697967599e-05 1.157396606024865391e-05 1.643361770322086896e-05 1.326324692078275190e-05 1.074542599596096568e-05 1.000000000000000021e-08 1.000000000000000021e-08 2.484253538691016315e-05 3.904239855597239456e-05 5.898274809026426806e-03 4.633911862068695398e-05 1.000000000000000021e-08 1.000000000000000021e-08 1.000000000000000021e-08 1.000000000000000021e-08 1.000000000000000021e-08 1.000000000000000021e-08 1.000000000000000021e-08 1.000000000000000021e-08 1.387478849262519744e-05 1.057995388388944138e-05 1.000000000000000021e-08 1.000000000000000021e-08 1.000000100000000021e-05 1.000000100000000021e-05 1.000000100000000021e-05 1.000000100000000021e-05 1.000000100000000021e-05 1.000000100000000021e-05 1.000000100000000021e-05
8.820260826820322834e-05 6.930452431247493259e-05 1.000000000000000021e-08 1.000000000000000021e-08 2.426510277462322644e-04 1.412936731475049890e-01 1.566649546356978506e-01 1.259192217630748345e-04 8.013936480282110239e-05 6.442527857411118751e-05 4.139325069720577389e-05 2.845284518481874643e-05 2.310467155867591493e-05 3.198841977482308241e-05 1.000000000000000021e-08 1.816416965211116387e-05 5.038813862377805076e-03 8.652552171089299506e-05 1.000000000000000021e-08 1.000000000000000021e-08 1.000000000000000021e-08 1.000000000000000021e-08 1.000000000000000021e-08 1.000000000000000021e-08 1.000000000000000021e-08 1.000000000000000021e-08 1.000000000000000021e-08 3.811977002202571462e-05 2.540277156514637681e-05 1.474043359848909339e-05 1.000000100000000021e-05 1.000000100000000021e-05 1.000000100000000021e-05 1.000000100000000021e-05 1.000000100000000021e-05 1.000000100000000021e-05 1.000000100000000021e-05
4.665195269313069477e-05 8.709162762204212995e-05 8.148331199807123731e-05 7.720830356285165086e-05 3.257530964462883164e-04 8.337168803738813361e-02 1.119050482105617139e-01 1.853369684388908028e-05 1.000000000000000021e-08 1.639638727121682808e-05 1.000000000000000021e-08 6.687616420675659198e-05 6.245961383556198970e-05 1.695705854909399622e-05 1.000000000000000021e-08 1.000000000000000021e-08 7.504848496803478292e-04 1.156938074112528520e-04 1.162097736050329231e-04 1.408035192909205672e-04 1.196180166332888139e-04 9.972229089694474818e-05 7.921813223995935232e-05 6.217014518647862595e-05 4.253820918105896763e-05 2.504229075221613173e-05 1.206434062458584592e-05 1.000000000000000021e-08 1.000000000000000021e-08 1.000000100000000021e-05 1.000000100000000021e-05 1.000000100000000021e-05 1.000000100000000021e-05 1.000000100000000021e-05 1.000000100000000021e-05 1.000000100000000021e-05 1.000000100000000021e-05
2.950279650215285139e-05 3.343479502741835498e-05 6.183051908379975686e-05 1.000000000000000021e-08 6.270588176243099441e-04 2.121075682526519235e-01 3.673230345936592117e-02 1.000000000000000021e-08 2.548250271142887539e-05 2.377802765167152566e-05 2.352444252783438783e-05 1.510915038894953763e-05 1.000000000000000021e-08 1.000000000000000021e-08 1.000000000000000021e-08 1.000000000000000021e-08 8.121663798725111761e-04 1.456506126297201908e-04 8.414933592756038301e-05 2.405944920869116044e-05 2.249975597119135975e-05 1.878942789515652503e-05 1.766847692778067232e-05 1.411468984871343400e-05 1.298924633044383786e-05 1.166880065775034936e-05 1.000000000000000021e-08 1.000000000000000021e-08 1.000000000000000021e-08 1.000000100000000021e-05 1.000000100000000021e-05 1.000000100000000021e-05 1.000000100000000021e-05 1.000000100000000021e-05 1.000000100000000021e-05 1.000000100000000021e-05 1.000000100000000021e-05
1.456546635148057700e-05 3.588945054241578854e-05 6.937745681291339361e-05 9.843872366977190211e-05 1.470942669909748313e-01 1.546262814254448226e-01 1.285409911084507417e-01 3.395865805463296077e-04 1.000000000000000021e-08 2.224457825480967934e-05 1.157651746027677506e-05 1.000000000000000021e-08 2.546033533933074981e-05 1.000000000000000021e-08 1.000000000000000021e-08 1.330105257244375370e-05 9.434261682159855722e-03 2.058648384320882626e-04 4.730223121737185010e-05 1.000000000000000021e-08 1.000000000000000021e-08 1.000000000000000021e-08 1.000000000000000021e-08 1.000000000000000021e-08 1.000000000000000021e-08 1.000000000000000021e-08 1.000000000000000021e-08 1.000000000000000021e-08 1.000000000000000021e-08 1.000000100000000021e-05 1.000000100000000021e-05 1.000000100000000021e-05 1.000000100000000021e-05 1.000000100000000021e-05 1.000000100000000021e-05 1.000000100000000021e-05 1.000000100000000021e-05
1.000000000000000021e-08 1.000000000000000021e-08 1.000000000000000021e-08 1.038764217381358008e-05 1.182186697279757162e-05 7.936503253761353904e-02 5.882026328406016191e-02 3.939230486917722558e-04 1.000000000000000021e-08 1.000000000000000021e-08 1.000000000000000021e-08 1.000000000000000021e-08 1.000000000000000021e-08 1.000000000000000021e-08 2.741888065345917422e-05 5.443627689830783135e-03 6.823833164301786221e-03 2.430465875536970446e-05 3.190783127857667935e-05 1.000000000000000021e-08 1.000000000000000021e-08 1.000000000000000021e-08 1.000000000000000021e-08 1.000000000000000021e-08 1.000000000000000021e-08 1.458763082095506045e-05 1.201009392441059582e-05 1.150702369268542084e-05 1.388893567299261412e-05 1.000000100000000021e-05 1.000000100000000021e-05 1.000000100000000021e-05 1.000000100000000021e-05 1.000000100000000021e-05 1.000000100000000021e-05 1.000000100000000021e-05 1.000000100000000021e-05
1.000000000000000021e-08 1.000000000000000021e-08 1.000000000000000021e-08 1.000000000000000021e-08 1.000000000000000021e-08 4.555069024668012556e-02 9.172703234930189298e-02 5.632125659228478642e-04 1.000000000000000021e-08 1.000000000000000021e-08 1.000000000000000021e-08 1.000000000000000021e-08 1.000000000000000021e-08 1.000000000000000021e-08 1.000000000000000021e-08 8.076334687810935711e-04 1.211510053412111166e-03 1.000000000000000021e-08 1.000000000000000021e-08 2.192374322322861719e-05 1.926685909265951380e-05 1.249917952110848909e-05 1.000000000000000021e-08 2.306837570761848243e-05 2.103344104585416221e-05 1.902695660977262761e-05 1.448815510466090363e-05 1.054383224681796197e-05 1.000000000000000021e-08 1.000000100000000021e-05 1.000000100000000021e-05 1.000000100000000021e-05 1.000000100000000021e-05 1.000000100000000021e-05 1.000000100000000021e-05 1.000000100000000021e-05 1.000000100000000021e-05
1.000000000000000021e-08 1.000000000000000021e-08 1.000000000000000021e-08 1.000000000000000021e-08 1.000000000000000021e-08 3.193715384215201764e-02 1.096826028546889348e-01 5.341094811145146067e-04 1.295247801424114112e-05 1.074660937061669213e-05 1.000000000000000021e-08 1.000000000000000021e-08 1.000000000000000021e-08 1.000000000000000021e-08 1.000000000000000021e-08 1.252018870934720534e-03 1.171609681518916331e-04 1.000000000000000021e-08 5.615668050248779052e-05 1.000000000000000021e-08 1.060064402853964705e-05 1.353912334649545105e-05 1.000000000000000021e-08 1.000000000000000021e-08 2.511702558849635231e-05 1.883493346095565360e-05 1.520471891927241766e-05 1.000000000000000021e-08 1.000000000000000021e-08 1.000000100000000021e-05 1.000000100000000021e-05 1.000000100000000021e-05 1.000000100000000021e-05 1.000000100000000021e-05 1.000000100000000021e-05 1.000000100000000021e-05 1.000000100000000021e-05
1.825816211206840391e-04 1.591778411781618588e-04 1.494522151511578538e-04 1.000000000000000021e-08 1.705473407307604386e-05 3.155086250105283985e-01 3.185116370433051514e-01 2.807896105665416142e-01 1.000000000000000021e-08 1.000000000000000021e-08 1.000000000000000021e-08 1.000000000000000021e-08 1.000000000000000021e-08 1.394816993609354878e-05 1.449092487241189324e-02 2.023186869161532411e-03 9.027881544381276681e-05 1.000000000000000021e-08 1.131634181428483328e-05 1.000000000000000021e-08 1.000000000000000021e-08 2.380569616430654699e-05 3.513511517880220023e-05 4.102490574506887733e-05 4.107504055949602422e-05 2.583866374185021114e-05 1.941041604290656927e-05 1.035010539082114898e-05 1.000000000000000021e-08 1.000000100000000021e-05 1.000000100000000021e-05 1.000000100000000021e-05 1.000000100000000021e-05 1.000000100000000021e-05 1.000000100000000021e-05 1.000000100000000021e-05 1.000000100000000021e-05
1.180263490285365091e-01 1.242649977368862207e-01 1.290936487493307416e-01 1.334222033919223449e-01 1.376212389383090484e-01 3.240081119604917292e-01 3.148259498734377049e-01 2.501590534011419176e-01 1.589267111105179542e-01 1.000000000000000021e-08 1.372459984402348116e-05 1.176502700645785597e-05 1.000000000000000021e-08 1.000000000000000021e-08 1.126304503212967843e-02 3.340798768782526646e-04 1.241194784648143540e-04 1.000000000000000021e-08 1.000000000000000021e-08 1.000000000000000021e-08 1.000000000000000021e-08 5.245798317008155108e-05 5.625160216179971934e-05 4.534965396953142327e-05 5.043848339725585879e-05 5.602270042417428769e-05 3.842907109162336593e-05 2.260045230691557852e-05 1.115620494116683504e-05 1.000000100000000021e-05 1.000000100000000021e-05 1.000000100000000021e-05 1.000000100000000021e-05 1.000000100000000021e-05 1.000000100000000021e-05 1.000000100000000021e-05 1.000000100000000021e-05
1.607735335835621185e-02 9.784287881327683595e-03 6.338754735651339588e-03 4.087908927060821679e-03 2.651555878673744326e-03 1.960633936944460639e-03 1.765556917022608396e-03 1.503833745138261624e-01 4.394362771529423117e-01 3.397724963889175998e-01 1.081513506763711989e-02 4.172543344790674222e-04 8.091115719252517586e-05 1.263241719141367403e-04 1.471280575080526542e-03 2.005050987080822544e-04 2.964040197245648126e-05 5.053125270204319097e-05 6.727940572341221416e-05 6.780320771349194261e-05 8.302957486252362563e-05 9.729351114915351284e-05 4.164472482517804394e-05 1.000000000000000021e-08 3.230941638010322611e-05 1.263712057487249728e-05 1.000000000000000021e-08 1.000000000000000021e-08 1.000000000000000021e-08 1.000000100000000021e-05 1.000000100000000021e-05 1.000000100000000021e-05 1.000000100000000021e-05 1.000000100000000021e-05 1.000000100000000021e-05 1.000000100000000021e-05 1.000000100000000021e-05
1.000000000000000021e-08 1.000000000000000021e-08 1.000000000000000021e-08 1.000000000000000021e-08 2.347962021845836840e-05 1.000000000000000021e-08 1.000000000000000021e-08 7.956811749793329036e-04 2.599796088139832376e-03 1.624536346641524409e-01 1.700185146668276859e-01 4.899499347301777483e-03 1.911103320189267883e-04 1.738772397646042370e-04 1.299887538484939369e-03 1.623031618815926383e-04 1.403483121444487624e-04 1.706692609561308652e-04 2.021412932961560538e-04 1.757372607921727707e-04 1.252731061877776378e-04 6.308851257359163363e-05 5.019193125872583542e-05 1.000000000000000021e-08 3.135336616463845535e-05 1.520967689580256200e-05 1.000000000000000021e-08 1.000000000000000021e-08 1.000000000000000021e-08 1.000000100000000021e-05 1.000000100000000021e-05 1.000000100000000021e-05 1.000000100000000021e-05 1.000000100000000021e-05 1.000000100000000021e-05 1.000000100000000021e-05 1.000000100000000021e-05
1.000000000000000021e-08 1.000000000000000021e-08 1.000000000000000021e-08 1.000000000000000021e-08 1.334486948839649039e-05 7.686220389531238763e-04 1.000000000000000021e-08 1.000000000000000021e-08 1.000000000000000021e-08 8.240162930065486613e-02 3.570229826775569437e-01 3.320780023598913222e-01 4.954517030620386514e-04 1.376462566076329050e-04 1.062578813345680740e-03 3.247980701624999448e-04 1.990282667267757768e-04 1.242491469802044246e-04 4.424213477887865105e-05 4.376073784449021248e-05 3.951606925532118994e-05 4.310048239730965628e-05 4.848213803101566159e-05 5.542650315889728586e-05 4.188520691105768065e-05 1.451688732844397366e-05 1.000000000000000021e-08 1.000000000000000021e-08 1.000000100000000021e-05 1.000000100000000021e-05 1.000000100000000021e-05 1.000000100000000021e-05 1.000000100000000021e-05 1.000000100000000021e-05 1.000000100000000021e-05 1.000000100000000021e-05 1.000000100000000021e-05
2.001081537733469162e-05 2.235523048458087222e-05 1.000000000000000021e-08 1.000000000000000021e-08 1.000000000000000021e-08 7.713705423730430797e-05 1.205927517752120016e-04 5.657405461820306478e-05 5.858849035499816369e-04 3.056526551000277592e-01 3.268562657397532378e-01 3.087246284738560109e-01 3.108673174405307549e-01 7.620267735664118395e-04 1.290916638776820093e-04 4.915399619541884223e-05 4.645658106557773773e-05 4.322008904402413731e-05 3.341692515012799445e-05 1.441142160686765779e-05 1.747382521076158094e-05 1.649126827845531356e-05 1.779733653948222468e-05 1.000000000000000021e-08 1.000000000000000021e-08 1.000000000000000021e-08 1.000000000000000021e-08 1.000000000000000021e-08 1.000000100000000021e-05 1.000000100000000021e-05 1.000000100000000021e-05 1.000000100000000021e-05 1.000000100000000021e-05 1.000000100000000021e-05 1.000000100000000021e-05 1.000000100000000021e-05 1.000000100000000021e-05
