output/water_depth_1560.asc
ncols 223
nrows 158
xllcorner 0.0
yllcorner 0.0
cellsize 30.0
[rows 85 to 101 of 158, columns 37 to 73 of 223]
1.969517614902022531e-04 3.270396438614949332e-04 3.897906155477858046e-04 4.558698821796293909e-04 4.356596152125393026e-04 2.948382358456908079e-04 2.946299233071884914e-04 5.633648719535766253e-04 5.515555238664483903e-04 1.558304345699002512e-04 2.322129739477712604e-05 7.202431046504910949e-05 6.934641637241412322e-05 1.528212443389294123e-04 1.307698696258393104e-04 1.857365987041417494e-04 1.899160681697239508e-04 6.495069766730314021e-04 6.232015647808127924e-03 7.721615474807952753e-03 6.569265338438727911e-03 4.540454667529372247e-03 1.800898119679294031e-03 2.346941973844272975e-03 3.110250589258620798e-03 1.193742565580403064e-03 4.273899778113117074e-04 7.359001564232811729e-04 5.345898264910563941e-04 9.941186597163681211e-04 3.671047120065810965e-02 5.148584355277205371e-02 3.451767660074760158e-02 2.586421110493897224e-02 1.668974965632369009e-02 9.253642852108218478e-03 4.016015336623561006e-03
1.683401205916690334e-04 1.803530123923261918e-04 2.830484444677785452e-04 3.310508162961600036e-04 3.574769253214919187e-04 3.900699843682795920e-04 3.802047653795443370e-04 8.615166249281629792e-05 3.879865627178589581e-04 1.096630502938223805e-04 2.184347908499193955e-04 2.067350094952066959e-04 3.039580768666027156e-04 2.313698821960348789e-04 4.199235477052637357e-04 2.511100211098442163e-03 1.873531622697411541e-03 2.730994068536944392e-03 1.149971934093840971e-03 1.534388028335148058e-03 1.429245231612038571e-03 1.051966966873620979e-03 1.594430569686831542e-03 1.472016967281758199e-03 2.240263270209733645e-03 9.695120084664934131e-04 9.340373564630487235e-04 5.568972255479371974e-04 6.742064523301049064e-04 6.297240198598914179e-04 8.808427353714351829e-03 2.236133024490405061e-02 2.811721854762573927e-02 2.663091564339405484e-02 2.271724341386275464e-02 2.647165911633445404e-02 3.193619160930787765e-02
1.101016927263654685e-04 1.752214828365582399e-05 1.507039029226875425e-04 1.507215704288465555e-04 3.105021109111244038e-04 4.651247820141151670e-04 5.087550197468235919e-04 4.744422450486745439e-04 8.804965994927068133e-04 6.996820916295460463e-04 1.089253604455457571e-04 2.311326288085253455e-04 7.406604726365793694e-04 3.182693418316242975e-04 6.852101939992889714e-04 1.382363189491935332e-03 5.766066894988148292e-04 5.572030522708239383e-05 2.656392608508520632e-04 1.860744550100727995e-04 3.279755003991137907e-04 1.362097326073508953e-03 2.969772091650668255e-03 2.340067306228545488e-03 2.183262785128095400e-03 1.434439657923780153e-03 1.673279581338449123e-03 1.499156204310914077e-03 1.083923713394913547e-03 1.373042686255957975e-03 2.564756371712621254e-03 2.504086508357011853e-03 2.884581256603446775e-02 2.793937198270804445e-02 2.335414119398339372e-02 1.623044901746191482e-02 6.396291401510583591e-03
8.236751195932968039e-04 7.447033741590465073e-04 6.459473399628940047e-04 5.430564698517397490e-04 5.466771646988125011e-04 6.307691401286933622e-04 1.770126472331988584e-04 2.564011962468753722e-04 1.901682111889335821e-04 3.686795561882460787e-04 6.369709522677408390e-04 5.722776783418222169e-04 9.384644349453637614e-04 7.997063887909064417e-04 1.274062573110052322e-03 4.206082329144422314e-04 8.245378071558212086e-04 6.808791449871023048e-04 2.180440555580124293e-04 3.049121401352748143e-04 4.332605344064100568e-04 7.412010733957016600e-04 1.105519663669141681e-03 2.146703026590919376e-03 1.754523534269733075e-03 2.156950559672860500e-03 1.673347243220469314e-03 1.882018938690007076e-03 1.325601231406916668e-03 1.759597538972062841e-03 1.544893449072704027e-03 1.201834000136664700e-03 1.543150938217681791e-03 2.699271034637966415e-02 4.886827701148148406e-02 3.144680751415605130e-02 1.688254657248774299e-02
9.521112799978878095e-05 4.720578978211980941e-04 2.766805170612070697e-04 2.627799990950991727e-04 3.648972941194611940e-04 1.109358757701576353e-03 2.528670677415525915e-04 2.339224607872544229e-04 1.595036060180705993e-04 2.051401184542019909e-04 1.273246100324628609e-04 4.241773728749932259e-04 5.786628680102376583e-04 9.678300055315443339e-04 1.026543629889745384e-03 1.867859251731692491e-03 1.468545436967655989e-03 1.339573773981884378e-03 2.021601850704143454e-03 2.208753898258316185e-03 2.282267622411566447e-03 7.776986313839474646e-04 7.202992864563022377e-04 1.207812544132685689e-03 1.958465592359145621e-03 2.749546289892272795e-03 1.047530615958246723e-03 1.570583792312546479e-03 1.468307826503235502e-03 1.730815054304939149e-03 9.576017780166497847e-04 1.142511990659513541e-03 1.114080796853955798e-03 1.912231869058430168e-03 9.262656406150804149e-04 3.095961812111393957e-02 3.914413756181634590e-02
1.377438513337778766e-05 1.355973954377005114e-04 2.431469824152672390e-04 1.883769529867620411e-04 2.377151923560187510e-04 2.831437688772375631e-04 4.370277545150150168e-04 2.562320695943648939e-04 4.039418448719411803e-04 2.384762998003067029e-04 3.623340526156135981e-04 1.856767255962795283e-04 2.874649841413270501e-04 2.325544215226538821e-04 4.471996897261226907e-04 9.503915018472330152e-04 1.539043512855534871e-03 1.318642301935254654e-03 1.198021149880255411e-03 8.288016633274033085e-04 9.320242345445200289e-04 8.158484382930002946e-04 1.786045575156164659e-03 1.094481743166528763e-03 1.466586445638681530e-03 2.579340578048374202e-03 2.464245750102040701e-03 2.801959490303417791e-03 2.265288320463453367e-03 2.008228140671584547e-03 2.236206713975651302e-03 1.531238262949220861e-03 1.954924558682153302e-03 3.040353505056896024e-04 6.996619876746857118e-04 1.895610636060990600e-03 1.130025807342978361e-02
2.358036986954686475e-04 3.294900359941010286e-05 2.810581162734932935e-05 2.094831646075198889e-04 1.772207417691850978e-04 4.132080775131707732e-04 3.303465602199650610e-04 5.756482341574500504e-04 3.845575481451178352e-04 6.140613543516414011e-04 3.888584403026323628e-04 5.709778504543803861e-04 3.521170533928847214e-04 5.792295270777599167e-04 4.182915009206651874e-04 1.029063074641039209e-03 3.204175634028401474e-04 5.355971434391932099e-04 3.582245897004295780e-04 4.693894610243285912e-04 2.663667287512747430e-04 6.405530935025281801e-04 1.524456871542656175e-03 4.464089414731153144e-04 6.539291132666624675e-04 7.867947875902246485e-04 2.124326715952399962e-03 2.191495726097065187e-03 2.881315268354671562e-03 2.568759622404575681e-03 2.928042127924465783e-03 3.231634722092102414e-03 1.840473883129787203e-03 2.418934096761607162e-03 1.322440841178432712e-03 2.850619144728193822e-03 1.726200033615665807e-03
4.910289931096017860e-05 5.028532063766598528e-05 6.599440318799329203e-05 1.117107160777913006e-04 2.943988661490306137e-04 2.863299338444035957e-04 6.132312007890092231e-04 9.909192089299326441e-04 1.141515479220300226e-03 6.792923238323779738e-04 1.038029144238449952e-03 6.348318980170773469e-04 9.819608625184507965e-04 6.302238709414747153e-04 1.027640221572407577e-03 1.462405263997958215e-03 6.760614911624923413e-04 4.713021387032051662e-04 7.534255552411833843e-04 4.526823534399710162e-04 6.590925742050257694e-04 3.267065783489280059e-04 1.548254928794053379e-03 6.652577603875387859e-04 4.768015404314518185e-04 1.153618215985040968e-03 8.498628928245504591e-04 1.461906521241071368e-03 1.812882620031219328e-03 2.921088895345468409e-03 2.632215600573232887e-03 4.281243637558673071e-03 3.006932158872833213e-03 1.872410630493500641e-03 1.991311649509816539e-03 2.158899356908459966e-03 1.702226087214571979e-03
1.646739361500517925e-04 6.411790882637404682e-04 2.887541241798055516e-04 6.382420201893317796e-04 7.973130468128877824e-04 1.770677634860051697e-03 1.783575192015731791e-03 2.358202866489288955e-03 2.255472580200161038e-03 2.376178981717068373e-03 1.273967656107294344e-03 3.136627839342992149e-03 1.764608006681573239e-03 2.232886071097200074e-03 2.097613526263902156e-03 1.797432338236152260e-03 9.356521525995510841e-04 1.307724049837941625e-03 7.709111980220019998e-04 1.158965908665451775e-03 6.882601100595374388e-04 9.476293399064232830e-04 6.349562368193591502e-04 8.588947533360385359e-04 9.543420732537588038e-04 8.243576042527408967e-04 1.526944027819691126e-03 1.116669097859182384e-03 1.630583490398551964e-03 1.897140824279442512e-03 3.681123519688536249e-03 2.506978653366849323e-03 1.549888355728072783e-03 2.171842977862484345e-03 4.294214449326917878e-03 2.405331410608764139e-03 8.283823091229543505e-04
1.943371699840303925e-03 3.026152956952020065e-03 3.940915859241431174e-03 5.864601474532231754e-03 6.614499981904647247e-03 6.036942418738853490e-03 9.405842659068765904e-03 1.724165150480409803e-02 2.125500298165306293e-02 1.484310695740513955e-02 1.016333498086417417e-02 5.853365624132815873e-03 6.104096512115816595e-03 4.487530935443875997e-03 4.815205096396097187e-03 2.404878486694522841e-03 2.853383664590797460e-03 1.485650709998974795e-03 2.033694492557838653e-03 1.200195341787660278e-03 1.745502807844406508e-03 9.931667528444909285e-04 1.433916927164661809e-03 8.145779321111891545e-04 1.280088860882784953e-03 1.485983893588553378e-03 1.136176067102448624e-03 2.071701814462145741e-03 1.356467930848807846e-03 1.868170321930371627e-03 3.313985062774947327e-03 2.740402408847373347e-03 1.901912871891433144e-03 1.818837466354604904e-03 5.591190626533555511e-04 1.074287226654727697e-03 4.918658852575139625e-04
1.010120132757237046e-03 4.061649840155726748e-04 4.014029376785329404e-04 1.980892644191869926e-04 5.042066193307256916e-04 4.610353727789238791e-03 4.330225337845245749e-03 4.126975298472034155e-03 8.177439305191963603e-03 1.198455053883504609e-02 1.245872985099235122e-02 1.053431934673094289e-02 8.109288150428564657e-03 7.279304481312610757e-03 4.684109378353716949e-03 5.530664973648284632e-03 3.224537125006440071e-03 3.933085075902361880e-03 2.224978132171907819e-03 3.035057956330391472e-03 1.873149103849345307e-03 2.533920312604260889e-03 1.396408664797493988e-03 1.930927707672746175e-03 1.174400693256176780e-03 1.521523942841711274e-03 2.115593397811922106e-03 1.494365453602752251e-03 2.506017047883477705e-03 2.419338188875901074e-03 4.375397993946707545e-03 3.292667568064793111e-03 1.884821639857872915e-03 2.921572579900826028e-03 2.097922206456052669e-03 9.924929985554329856e-04 1.176354438095857016e-03
1.733926534128482329e-03 1.703783197472656013e-03 5.391924518834212768e-04 5.436140321573520746e-04 5.751507840908902727e-04 1.328948568357090493e-03 4.313435663417538690e-04 7.979075747019555558e-04 4.943268021545333454e-04 6.130477282234338826e-03 1.125225917181942904e-02 1.094920468288332858e-02 1.135523600244692406e-02 8.484234512208577855e-03 8.550510639756449954e-03 7.406097425668257961e-03 9.281517851377858383e-03 1.914664979849892493e-02 1.456793422637817081e-02 8.851797057291334661e-03 8.113449818882014289e-03 4.472196976576926428e-03 4.332522909890910989e-03 2.401413095148014713e-03 2.988773666092481643e-03 2.816774188817561600e-03 1.611987525732271141e-03 2.577307372321509596e-03 1.806630411230719224e-03 2.487792983896129021e-03 2.090867960724035642e-03 2.552577531856176606e-03 3.486352414896740082e-03 2.246298041043762878e-03 4.022281758100459959e-03 2.017046296183622103e-03 1.136422061713652848e-03
2.046244588658951025e-03 7.251350533974766687e-04 8.777689290707811533e-04 7.650234725897037905e-04 8.106068989616833703e-04 5.049242876138588555e-04 7.133111684385669152e-04 5.169227545135705003e-04 6.524729884538152955e-04 3.792125855018953565e-03 6.335831874644621588e-03 1.043913210571078588e-02 1.012450305104126841e-02 1.115868782098985643e-02 1.058943429900853668e-02 1.480704777862509348e-02 2.101578398396737601e-02 1.378727833822294795e-02 2.486263980688406885e-02 1.935105443766532360e-02 1.469579416262322552e-02 1.123465545248869026e-02 7.609559226270037544e-03 7.063534088354032209e-03 5.348759728678067343e-03 5.032599933461856002e-03 2.860927961182244128e-03 2.022883324682738654e-03 4.042468462590651998e-03 1.766281233963532763e-03 2.980815822793575834e-03 3.210697951113510203e-03 2.660146040015729831e-03 4.469480758740974197e-03 3.246362995288089824e-03 3.975391149040881193e-03 2.462924458933198751e-03
9.498956142647626156e-04 4.647558295466115426e-04 1.479150417041526135e-03 4.935025050446202122e-04 2.592177844029317771e-04 3.196339635172225444e-04 3.747571771956721741e-04 3.345274505587968595e-04 3.604698755909386556e-04 1.885126486963256383e-03 3.852502374397424358e-03 7.739737242801007604e-03 7.572926889336904256e-03 7.974668423960423053e-03 8.440614481717966661e-03 8.183609840589948017e-03 4.166333685858787661e-03 3.336156900412471857e-03 1.445342979025017807e-03 9.453615780354456682e-03 1.230391644738295688e-02 1.101294757222663449e-02 1.074431161967614318e-02 8.748574550789587831e-03 9.175474302389198186e-03 5.555501855877343839e-03 5.485770477936308641e-03 5.384440860668120860e-03 4.090944416163762309e-03 2.821356411949111232e-03 3.210678168247270078e-03 4.859804307304509650e-03 7.701354399249914044e-03 6.568720377664096291e-03 7.200602092162483765e-03 6.610597793059120285e-03 3.128079384824218254e-03
7.241150908859881902e-04 1.109293832570181979e-03 7.131534306768344805e-04 7.667671403776706550e-04 7.941349332983749405e-04 4.190851848062269384e-04 4.575348031823980323e-04 2.838084322295930228e-04 3.043028873896228849e-04 8.734221766649857008e-04 3.787748210090885730e-03 4.975979111643480217e-03 8.917405268582855385e-03 8.758695495771896128e-03 1.027516305169934308e-02 7.814882174530843328e-03 4.702430574177477764e-03 3.848280241412126330e-03 2.298759362673563969e-03 5.394434469576604198e-03 7.906623054366464232e-03 9.770876104242706001e-03 1.024902789676614134e-02 1.188945670479338128e-02 9.868913104342777465e-03 1.043702238476582229e-02 7.818788679334017985e-03 9.726963877005537565e-03 4.537799666263359066e-03 1.822520625350369577e-03 2.702482178076404291e-03 1.989522924748204306e-03 2.078057079857335496e-03 3.601568294865029399e-03 4.004508159497825910e-03 6.547757260832452395e-03 6.448242943005581471e-03
1.275034582313753833e-03 9.210063393244562668e-04 1.485036391909892034e-03 1.372700102445504038e-03 8.490659647880693982e-04 1.163084275193306937e-03 5.964469816912517687e-04 8.107570163867344748e-04 3.939206591287506263e-04 1.144484679521431177e-03 2.005057402828844260e-03 5.325204285518814369e-03 5.691509010121458337e-03 9.083834912349238525e-03 6.780386399033178253e-03 7.336984574491025451e-03 7.432996919537726219e-03 4.243248040161675880e-03 4.514041640700206318e-03 5.427770256649406752e-03 5.454199994194471393e-03 7.204103733090511802e-03 6.111488659745346885e-03 7.029701642328317450e-03 7.386778662446110214e-03 8.154385523363866239e-03 1.041142341259766388e-02 7.836055446154153309e-03 6.476723495785451958e-03 4.968720708776227200e-03 3.497030165241046037e-03 3.385242992579818797e-03 1.713042403396599234e-03 2.728623875350678560e-03 5.075945480850312802e-03 4.686116784753800724e-03 8.340552569507086664e-03
8.523022769342999136e-04 1.668420375942105023e-03 1.191583752735741325e-03 1.547232930195109038e-03 1.897556073329626555e-03 1.083293407298791845e-03 1.511002539570740523e-03 8.218856806661112117e-04 1.103583773342770458e-03 8.074915082300263393e-04 2.454729677580028222e-03 2.957946973995717772e-03 6.678987688005184019e-03 5.678397042939231122e-03 8.516087081398039660e-03 6.726866606984177079e-03 5.255777819191230146e-03 6.984689493099285884e-03 5.662400956955465983e-03 4.402911981907704254e-03 6.817863136732473829e-03 6.173841772276695943e-03 7.408077997988087027e-03 6.652503226297941906e-03 8.081678457791417747e-03 8.554681862382576552e-03 7.230932307898831242e-03 9.059224833252058767e-03 7.306736787231424453e-03 6.280347579148191570e-03 5.634327312746246173e-03 3.925700620655659528e-03 2.806513008396260313e-03 4.170141525725025618e-03 3.426463143183500898e-03 6.385251880707737415e-03 5.752603962762558275e-03
