output/water_depth_6600.asc
ncols 223
nrows 158
xllcorner 0.0
yllcorner 0.0
cellsize 30.0
[rows 68 to 84 of 158, columns 185 to 221 of 223]
1.000000000000000021e-08 2.756998411203577556e-05 2.563114471769702978e-05 1.000000000000000021e-08 1.000000000000000021e-08 1.000000000000000021e-08 1.000000000000000021e-08 3.381824727274731557e-05 1.000000000000000021e-08 2.962163920499975869e-05 1.000000000000000021e-08 1.000000000000000021e-08 1.214315109847962883e-04 2.479585123082579906e-04 1.826372169533872281e-04 9.550079217812256892e-05 1.948411034515721923e-04 4.054239200461598339e-04 3.277490405761039442e-03 5.350743365751644068e-04 6.052136780769551069e-04 1.000000100000000021e-05 1.000000100000000021e-05 1.000000100000000021e-05 1.000000100000000021e-05 1.000000100000000021e-05 1.000000100000000021e-05 1.000000100000000021e-05 1.000000100000000021e-05 1.000000100000000021e-05 1.000000100000000021e-05 1.000000100000000021e-05 1.000000100000000021e-05 1.000000100000000021e-05 1.000000100000000021e-05 1.000000100000000021e-05 1.000000100000000021e-05
1.000000000000000021e-08 1.000000000000000021e-08 2.208568607787040803e-05 1.000000000000000021e-08 1.132594133015830967e-05 1.598815901046277967e-05 1.000000000000000021e-08 1.000000000000000021e-08 1.000000000000000021e-08 1.000000000000000021e-08 1.000000000000000021e-08 1.000000000000000021e-08 1.171770951635815706e-04 6.092434819236218664e-03 4.218449031789514906e-04 2.018097677689553509e-04 1.000000000000000021e-08 1.000000000000000021e-08 3.075263954965478069e-04 3.210196988984127461e-04 7.072081230359944471e-04 1.000000100000000021e-05 1.000000100000000021e-05 1.000000100000000021e-05 1.000000100000000021e-05 1.000000100000000021e-05 1.000000100000000021e-05 1.000000100000000021e-05 1.000000100000000021e-05 1.000000100000000021e-05 1.000000100000000021e-05 1.000000100000000021e-05 1.000000100000000021e-05 1.000000100000000021e-05 1.000000100000000021e-05 1.000000100000000021e-05 1.000000100000000021e-05
1.000000000000000021e-08 1.000000000000000021e-08 1.000000000000000021e-08 1.000000000000000021e-08 1.877487289002315464e-05 1.000000000000000021e-08 1.000000000000000021e-08 1.000000000000000021e-08 1.000000000000000021e-08 1.000000000000000021e-08 2.306930246869510530e-05 1.484634463146476116e-04 8.747595816030306469e-05 6.357374278541281728e-05 5.288419045826834176e-05 2.707735608539134530e-05 1.000000000000000021e-08 1.000000000000000021e-08 1.820284825017482583e-04 3.072142111375628809e-04 9.867439573898843796e-04 1.000000100000000021e-05 1.000000100000000021e-05 1.000000100000000021e-05 1.000000100000000021e-05 1.000000100000000021e-05 1.000000100000000021e-05 1.000000100000000021e-05 1.000000100000000021e-05 1.000000100000000021e-05 1.000000100000000021e-05 1.000000100000000021e-05 1.000000100000000021e-05 1.000000100000000021e-05 1.000000100000000021e-05 1.000000100000000021e-05 1.000000100000000021e-05
1.000000000000000021e-08 1.000000000000000021e-08 1.000000000000000021e-08 1.000000000000000021e-08 1.000000000000000021e-08 1.000000000000000021e-08 1.000000000000000021e-08 1.000000000000000021e-08 1.000000000000000021e-08 1.000000000000000021e-08 5.288273994757067698e-05 2.887800984119778770e-04 1.031736396292625427e-04 4.123209340994626247e-05 3.614792757583157855e-05 7.186515279998909619e-05 1.162409018939371627e-05 1.320865653930713526e-05 1.070957906869278279e-04 3.339912670789704384e-04 7.328189926991755636e-04 5.956344014575302472e-04 1.000000100000000021e-05 1.000000100000000021e-05 1.000000100000000021e-05 1.000000100000000021e-05 1.000000100000000021e-05 1.000000100000000021e-05 1.000000100000000021e-05 1.000000100000000021e-05 1.000000100000000021e-05 1.000000100000000021e-05 1.000000100000000021e-05 1.000000100000000021e-05 1.000000100000000021e-05 1.000000100000000021e-05 1.000000100000000021e-05
1.000000000000000021e-08 1.000000000000000021e-08 1.000000000000000021e-08 1.000000000000000021e-08 1.000000000000000021e-08 1.000000000000000021e-08 1.000000000000000021e-08 1.000000000000000021e-08 1.000000000000000021e-08 1.000000000000000021e-08 6.492519312270885726e-05 9.253015811074066972e-05 7.677524727783904292e-05 1.284823697101863349e-05 2.975554434634410174e-05 7.747425516905782341e-05 5.488856058680675898e-05 3.792959432227194726e-05 5.223762507262614087e-05 2.088748642965429785e-04 9.941571661073310851e-04 4.745783040404725085e-04 1.000000000000000021e-08 1.000000100000000021e-05 1.000000100000000021e-05 1.000000100000000021e-05 1.000000100000000021e-05 1.000000100000000021e-05 1.000000100000000021e-05 1.000000100000000021e-05 1.000000100000000021e-05 1.000000100000000021e-05 1.000000100000000021e-05 1.000000100000000021e-05 1.000000100000000021e-05 1.000000100000000021e-05 1.000000100000000021e-05
1.202877770439734562e-03 1.000000000000000021e-08 1.000000000000000021e-08 1.000000000000000021e-08 1.000000000000000021e-08 1.000000000000000021e-08 1.000000000000000021e-08 1.000000000000000021e-08 7.147794914381658184e-05 2.028296025656768853e-05 8.555371230107757647e-05 1.234899399181587493e-04 7.968794201107091176e-05 2.221823583973514437e-05 2.221512069114374817e-05 7.148338177776090085e-05 8.607961383925338047e-05 7.352517087026861611e-05 8.576874289553965017e-05 2.483805365214939841e-04 1.285971558408457397e-03 4.367941604682319700e-04 6.759852591377730211e-05 6.120560904494993810e-05 1.000000100000000021e-05 1.000000100000000021e-05 1.000000100000000021e-05 1.000000100000000021e-05 1.000000100000000021e-05 1.000000100000000021e-05 1.000000100000000021e-05 1.000000100000000021e-05 1.000000100000000021e-05 1.000000100000000021e-05 1.000000100000000021e-05 1.000000100000000021e-05 1.000000100000000021e-05
7.421170894348848301e-02 1.000000000000000021e-08 1.000000000000000021e-08 1.000000000000000021e-08 1.000000000000000021e-08 1.000000000000000021e-08 1.000000000000000021e-08 1.306293906477333446e-05 5.318895512306128209e-05 1.000000000000000021e-08 6.746234024267334928e-05 1.008453604263696455e-03 5.528661078303931083e-04 3.335690527949932349e-05 1.981629861450445276e-05 6.750471858276530868e-05 1.504538605086527142e-04 6.581400549399417941e-05 1.056648267432675110e-04 1.744460398245060279e-04 1.946739694043380558e-03 6.202109215937338894e-04 3.574016220100211422e-05 1.408718783576037429e-05 1.000000100000000021e-05 1.000000100000000021e-05 1.000000100000000021e-05 1.000000100000000021e-05 1.000000100000000021e-05 1.000000100000000021e-05 1.000000100000000021e-05 1.000000100000000021e-05 1.000000100000000021e-05 1.000000100000000021e-05 1.000000100000000021e-05 1.000000100000000021e-05 1.000000100000000021e-05
6.554674873168921112e-02 5.005433677256343472e-02 1.990550145777910524e-04 1.047129495451696552e-05 1.000000000000000021e-08 1.142419197563678586e-05 1.000000000000000021e-08 1.000000000000000021e-08 1.000000000000000021e-08 1.000000000000000021e-08 1.499651781262170420e-04 9.297946858335361846e-04 3.429395118848472309e-04 4.078028909474752976e-05 1.860081967046863649e-05 7.608352158892866071e-05 2.284229202020030458e-04 1.038381889152357811e-04 8.896349861449269350e-05 2.030054654449942042e-02 2.138431470440244064e-02 1.527152899682996062e-04 1.343856772242753478e-05 1.326347208449640122e-05 1.000000100000000021e-05 1.000000100000000021e-05 1.000000100000000021e-05 1.000000100000000021e-05 1.000000100000000021e-05 1.000000100000000021e-05 1.000000100000000021e-05 1.000000100000000021e-05 1.000000100000000021e-05 1.000000100000000021e-05 1.000000100000000021e-05 1.000000100000000021e-05 1.000000100000000021e-05
7.697888745486153317e-02 6.318980384154802843e-02 1.767980094663147326e-04 1.000000000000000021e-08 1.520191521022953745e-05 1.000000000000000021e-08 1.000000000000000021e-08 1.000000000000000021e-08 1.000000000000000021e-08 1.000000000000000021e-08 1.384717857248943371e-04 7.429780591215138239e-04 3.217275522330699327e-04 4.726799350503201367e-05 2.101069330331816105e-05 1.000000000000000021e-08 2.407052183268851286e-04 9.400242777170899093e-05 1.542677368067222124e-02 1.864667428765721946e-02 2.063708931290430051e-02 6.017298214112337207e-05 6.223543407996048296e-05 1.000000000000000021e-08 2.326920127528946721e-03 3.873410591749015005e-05 1.000000100000000021e-05 1.000000100000000021e-05 1.000000100000000021e-05 1.000000100000000021e-05 1.000000100000000021e-05 1.000000100000000021e-05 1.000000100000000021e-05 1.000000100000000021e-05 1.000000100000000021e-05 1.000000100000000021e-05 1.000000100000000021e-05
1.224100655000050636e-01 4.129862390068286815e-02 1.274461884732278549e-04 1.430808596362678858e-05 1.085655252370245056e-05 1.000000000000000021e-08 1.000000000000000021e-08 1.377277072627661426e-05 3.067184588588118139e-05 5.681095404338738184e-05 1.248530801300196905e-04 6.150830205077278869e-04 2.878167346104505242e-04 6.189317570769588229e-05 7.999173618823029108e-05 6.053356367601929987e-04 3.078198524641186269e-03 3.692016381776910220e-03 5.489642398174972467e-03 1.468239178229545881e-02 3.605093170600157885e-04 3.790070605338117724e-03 2.199351688107630443e-04 1.246926845096419257e-04 1.408951516949828134e-05 1.245036085682895698e-05 1.000000100000000021e-05 1.000000100000000021e-05 1.000000100000000021e-05 1.000000100000000021e-05 1.000000100000000021e-05 1.000000100000000021e-05 1.000000100000000021e-05 1.000000100000000021e-05 1.000000100000000021e-05 1.000000100000000021e-05 1.000000100000000021e-05
1.177128319307396281e-01 7.023363544650886026e-02 6.633509983323430600e-04 1.826905288829980934e-05 1.000000000000000021e-08 1.135746188094948740e-05 4.135136190656294982e-05 7.514266851856635763e-05 1.254463157750093085e-04 1.908437636297381399e-04 3.704148471205506027e-03 1.476377362811862656e-03 1.620624890492697789e-03 2.159016344774703725e-03 3.950032155051385815e-03 2.217347965879961150e-02 5.120478633874881759e-03 3.185071844397112384e-03 1.000000000000000021e-08 1.000000000000000021e-08 1.000000000000000021e-08 1.000000000000000021e-08 1.000000000000000021e-08 1.000000000000000021e-08 1.000000000000000021e-08 1.000000000000000021e-08 1.000000100000000021e-05 1.000000100000000021e-05 1.000000100000000021e-05 1.000000100000000021e-05 1.000000100000000021e-05 1.000000100000000021e-05 1.000000100000000021e-05 1.000000100000000021e-05 1.000000100000000021e-05 1.000000100000000021e-05 1.000000100000000021e-05
1.266568346549443724e-01 4.236199066954973169e-01 2.381325670919589091e-03 2.284311500577967773e-05 1.420146602316058431e-05 3.041538147838533153e-05 1.000000000000000021e-08 2.443916762660460092e-05 1.305533550031846299e-05 5.911911343814831395e-05 3.306622385710541469e-04 2.730605449088890566e-02 3.248408007264537434e-03 3.411067208068535323e-03 3.848301495690690903e-03 3.125542732223998943e-05 3.216171645565780069e-05 1.140492009084244339e-05 1.000000000000000021e-08 1.647916754997779074e-05 1.000000000000000021e-08 1.000000000000000021e-08 1.000000000000000021e-08 1.000000000000000021e-08 1.000000000000000021e-08 1.000000000000000021e-08 1.000000100000000021e-05 1.000000100000000021e-05 1.000000100000000021e-05 1.000000100000000021e-05 1.000000100000000021e-05 1.000000100000000021e-05 1.000000100000000021e-05 1.000000100000000021e-05 1.000000100000000021e-05 1.000000100000000021e-05 1.000000100000000021e-05
1.853006206994191893e-03 3.490428868711536459e-01 2.220087371581291602e-01 1.977676950725437439e-03 1.997495890425879755e-05 4.424434383480390926e-05 1.275777354934203162e-05 1.000000000000000021e-08 1.000000000000000021e-08 1.000000000000000021e-08 2.617979302405764913e-04 2.421831525893420461e-02 2.627694426562005720e-02 3.052799493904169870e-03 7.963262303254559516e-04 1.000000000000000021e-08 1.000000000000000021e-08 1.000000000000000021e-08 1.060545562302360596e-05 1.000000000000000021e-08 1.000000000000000021e-08 1.000000000000000021e-08 1.000000000000000021e-08 1.000000000000000021e-08 1.000000000000000021e-08 1.000000000000000021e-08 1.000000100000000021e-05 1.000000100000000021e-05 1.000000100000000021e-05 1.000000100000000021e-05 1.000000100000000021e-05 1.000000100000000021e-05 1.000000100000000021e-05 1.000000100000000021e-05 1.000000100000000021e-05 1.000000100000000021e-05 1.000000100000000021e-05
1.000000000000000021e-08 1.000000000000000021e-08 2.297623353524322898e-01 1.169786187277755685e-01 8.905901220309450639e-02 3.204596525157450693e-02 1.000000000000000021e-08 1.000000000000000021e-08 1.000000000000000021e-08 1.000000000000000021e-08 1.756244627689491759e-04 9.461382119082059269e-03 2.185479219301464035e-02 5.111931445174569847e-04 1.535912983787993298e-04 1.859304707473635791e-05 1.065923605781928688e-05 1.000000000000000021e-08 1.000000000000000021e-08 1.000000000000000021e-08 1.000000000000000021e-08 1.000000000000000021e-08 1.000000000000000021e-08 1.000000000000000021e-08 1.000000000000000021e-08 1.000000000000000021e-08 1.000000100000000021e-05 1.000000100000000021e-05 1.000000100000000021e-05 1.000000100000000021e-05 1.000000100000000021e-05 1.000000100000000021e-05 1.000000100000000021e-05 1.000000100000000021e-05 1.000000100000000021e-05 1.000000100000000021e-05 1.000000100000000021e-05
1.000000000000000021e-08 1.000000000000000021e-08 1.000000000000000021e-08 1.210874337773966691e-01 4.116960845301995131e-01 3.741002439376563404e-01 2.665870440710459977e-01 5.819302740431370885e-03 5.193429986350564867e-04 3.297847889657686080e-03 3.947766019067890618e-03 6.381238300559506985e-03 5.821308122096233812e-04 5.020484893027081508e-03 1.000000000000000021e-08 1.000000000000000021e-08 1.000000000000000021e-08 1.000000000000000021e-08 1.000000000000000021e-08 1.000000000000000021e-08 1.000000000000000021e-08 1.000000000000000021e-08 1.000000000000000021e-08 1.000000000000000021e-08 1.000000000000000021e-08 1.000000000000000021e-08 1.000000100000000021e-05 1.000000100000000021e-05 1.000000100000000021e-05 1.000000100000000021e-05 1.000000100000000021e-05 1.000000100000000021e-05 1.000000100000000021e-05 1.000000100000000021e-05 1.000000100000000021e-05 1.000000100000000021e-05 1.000000100000000021e-05
1.000000000000000021e-08 1.000000000000000021e-08 1.000000000000000021e-08 3.239093267848150198e-04 1.012539750530469605e-03 2.047259370946426845e-03 1.861550991736055094e-01 7.045601377640471619e-02 2.801286862486454879e-02 4.311195496602590951e-03 4.032791679197230555e-03 3.961172013307032343e-03 1.000000000000000021e-08 1.000000000000000021e-08 1.000000000000000021e-08 1.000000000000000021e-08 1.000000000000000021e-08 1.000000000000000021e-08 1.000000000000000021e-08 1.000000000000000021e-08 4.096116519894508915e-05 2.978896972524276295e-05 1.673270259146411189e-05 1.000000000000000021e-08 1.000000000000000021e-08 1.000000000000000021e-08 1.000000100000000021e-05 1.000000100000000021e-05 1.000000100000000021e-05 1.000000100000000021e-05 1.000000100000000021e-05 1.000000100000000021e-05 1.000000100000000021e-05 1.000000100000000021e-05 1.000000100000000021e-05 1.000000100000000021e-05 1.000000100000000021e-05
2.928784233077017340e-05 2.337654883024273850e-05 2.017480547333173728e-05 1.000000000000000021e-08 1.000000000000000021e-08 1.000000000000000021e-08 1.907807064714044376e-01 3.436137041101770540e-01 3.303940490605303260e-01 9.270048271547494043e-03 3.543126923230228553e-03 2.174880798431643412e-03 1.000000000000000021e-08 1.882385512553253051e-05 1.787375122298547642e-05 1.000000000000000021e-08 1.468312864739179289e-05 1.000000000000000021e-08 1.000000000000000021e-08 4.970769195311012959e-05 2.900309236440640982e-05 3.514002989041827804e-05 2.157380621831946898e-05 1.000000000000000021e-08 1.000000000000000021e-08 5.412357214644408332e-05 5.186460256623220472e-05 1.000000100000000021e-05 1.000000100000000021e-05 1.000000100000000021e-05 1.000000100000000021e-05 1.000000100000000021e-05 1.000000100000000021e-05 1.000000100000000021e-05 1.000000100000000021e-05 1.000000100000000021e-05 1.000000100000000021e-05
