output/water_depth_8040.asc
ncols 223
nrows 158
xllcorner 0.0
yllcorner 0.0
cellsize 30.0
[rows 102 to 118 of 158, columns 111 to 147 of 223]
2.638087403148381044e-05 5.483808201847806111e-05 3.655964071302956098e-05 6.266942222044131409e-05 3.507287026718342319e-05 5.079215768332273606e-05 2.749438807345502183e-05 4.746999919857696263e-05 2.668794677405765198e-05 7.559614102617622335e-05 9.025815719190383700e-05 2.531173124702189824e-03 9.385975731240058266e-04 1.007136906012932973e-04 2.714569739704570718e-04 2.167089815009612072e-04 4.644098245885752013e-04 2.112669063623048415e-03 2.912490218526049470e-03 1.564717002854577182e-02 8.873877091110483157e-04 1.000000000000000021e-08 1.000000000000000021e-08 1.000000000000000021e-08 1.000000000000000021e-08 1.000000000000000021e-08 1.297199316972112293e-05 1.057730929151685725e-05 1.000000000000000021e-08 1.000000000000000021e-08 1.000000000000000021e-08 1.000000000000000021e-08 1.000000000000000021e-08 1.000000000000000021e-08 1.000000000000000021e-08 1.000000000000000021e-08 1.000000000000000021e-08
4.149245351177893813e-04 4.826513560394245163e-04 5.603595475449229960e-04 5.028161568045970084e-05 6.476349697045181400e-05 3.479871912009214292e-05 5.203470429494184193e-05 2.999231693259491442e-05 4.744022738926017841e-05 3.739704942621382153e-05 1.074843352897075408e-04 1.798312241286212409e-03 1.038376055729786814e-03 1.587784154760037971e-04 1.314185962973185508e-04 2.929665310969113224e-04 2.979630678002158795e-03 2.935280740965336577e-03 5.740985641987012694e-03 1.720583150898032446e-02 6.184172024999817470e-04 1.000000000000000021e-08 1.000000000000000021e-08 1.000000000000000021e-08 1.000000000000000021e-08 1.000000000000000021e-08 1.772023733302328661e-05 1.336216160749493565e-05 1.000000000000000021e-08 1.000000000000000021e-08 1.000000000000000021e-08 1.441842940916767626e-05 1.000000000000000021e-08 1.000000000000000021e-08 1.000000000000000021e-08 1.000000000000000021e-08 1.000000000000000021e-08
2.172876301187020437e-04 5.476798990784713123e-04 8.664084514504816420e-04 1.238850557429878622e-03 1.517548579639554744e-03 1.781329913731276738e-03 1.296187804974144493e-03 1.110195325006815099e-03 1.011684261805439631e-03 1.180895651111072830e-04 6.896912328761124983e-05 1.561907523451937143e-03 3.061387556928598340e-03 5.775090313491039636e-03 6.213603341885846724e-03 8.749377440122569488e-03 7.915504825239899275e-03 9.936391961032667655e-03 9.784584713166196920e-03 2.212270083407381904e-02 4.573392124380147366e-04 1.000000000000000021e-08 1.000000000000000021e-08 1.000000000000000021e-08 1.000000000000000021e-08 1.000000000000000021e-08 2.338179176099684182e-05 1.367627661063371648e-05 1.000000000000000021e-08 1.000000000000000021e-08 1.000000000000000021e-08 1.000000000000000021e-08 1.000000000000000021e-08 1.000000000000000021e-08 1.000000000000000021e-08 1.000000000000000021e-08 1.000000000000000021e-08
1.075159570456609586e-04 1.000000000000000021e-08 2.521453043804070950e-05 7.387703786685560412e-05 2.746851979522758175e-04 4.654284953759954221e-04 1.554730675008723440e-03 2.097892198453919603e-03 2.585723169985334677e-03 3.039466530932604521e-03 3.402307797331132356e-03 4.160140543084779076e-03 2.347303203698076352e-02 4.363362364440216690e-03 4.742582539571090459e-03 3.431017885173649837e-03 3.833658038603802217e-03 2.535647404972586096e-03 3.322292710676937565e-03 1.463982095851877260e-02 1.504658642422703092e-02 1.000000000000000021e-08 1.207462991545359945e-05 1.000000000000000021e-08 1.000000000000000021e-08 1.000000000000000021e-08 2.320600347695841751e-05 1.585241155198642590e-05 1.000000000000000021e-08 1.000000000000000021e-08 1.000000000000000021e-08 1.000000000000000021e-08 1.000000000000000021e-08 1.000000000000000021e-08 1.308580422441072226e-05 1.000000000000000021e-08 1.000000000000000021e-08
6.001941362211572723e-05 4.392706769282146955e-05 4.124261898732936539e-05 4.123401381502593793e-05 3.698286658905645415e-05 2.785848117670328264e-05 2.717884649621184361e-05 2.300659797512509411e-05 1.707397401096131959e-05 2.016489461632645222e-05 5.194763619286794617e-04 5.056372490461701584e-04 2.969824114435777184e-04 1.000000000000000021e-08 1.000000000000000021e-08 1.000000000000000021e-08 4.836267671071143421e-04 1.268693777969113980e-04 3.968187532526511250e-04 9.390985089559397356e-03 1.847649228263133908e-02 4.888982382683189007e-03 1.000000000000000021e-08 1.000000000000000021e-08 1.000000000000000021e-08 1.000000000000000021e-08 1.000000000000000021e-08 2.563006554289740026e-05 1.261344634123728324e-05 1.000000000000000021e-08 1.000000000000000021e-08 1.000000000000000021e-08 1.074554291402632695e-05 1.000000000000000021e-08 1.000000000000000021e-08 1.000000000000000021e-08 2.333807397876067757e-05
4.643420991671199304e-05 7.017609978036356449e-05 8.165376109457366199e-05 8.816856252669776246e-05 9.197428336576882147e-05 9.206385051090316312e-05 8.012702930577578339e-05 7.447519420641682503e-05 2.001441439477461383e-04 1.191960039258710776e-04 2.740233501108687653e-04 2.459139567436620529e-04 2.742683048689095607e-04 1.995928922625941687e-04 1.510027416107753283e-04 1.000000000000000021e-08 1.379230459910297583e-05 1.000000000000000021e-08 2.538077171656810530e-04 6.397561285916334405e-03 4.407063360542267522e-02 1.571558515437527712e-02 7.712455427911663899e-05 1.000000000000000021e-08 1.000000000000000021e-08 1.000000000000000021e-08 1.000000000000000021e-08 3.560111021041053393e-05 1.452634558136567451e-05 1.554893143584073622e-05 1.000000000000000021e-08 1.000000000000000021e-08 1.000000000000000021e-08 1.000000000000000021e-08 1.000000000000000021e-08 1.000000000000000021e-08 4.063669000822709825e-05
1.000000000000000021e-08 1.000000000000000021e-08 6.371847859214441927e-05 8.518491328049188451e-05 1.134150422299400014e-04 1.581698060901155247e-04 1.968517330882480138e-04 2.581368717195089242e-04 3.850024148344260446e-04 4.666871543922872841e-04 2.387495854657815551e-04 2.298791641058114043e-04 2.996455381167393412e-04 2.612267703225985512e-04 2.256380792644272805e-04 1.200738675397024436e-04 2.328012776807951355e-05 1.000000000000000021e-08 2.002353561918092254e-04 5.520367854229676560e-03 1.698185130196146544e-02 4.746350689622245989e-02 1.578332887344288324e-02 1.070789794423248454e-04 1.189415165500658997e-05 1.428787934400166745e-05 2.516228984950304902e-05 3.270009301593618261e-05 1.849092808089333311e-05 1.000000000000000021e-08 1.000000000000000021e-08 1.000000000000000021e-08 1.000000000000000021e-08 1.414500318713272488e-05 1.000000000000000021e-08 1.000000000000000021e-08 5.662604279193578964e-05
1.000000000000000021e-08 1.000000000000000021e-08 1.000000000000000021e-08 6.360885657382897508e-05 1.993976082564850524e-03 1.000000000000000021e-08 1.086579740461722752e-05 1.000000000000000021e-08 4.498194850797637348e-05 6.044861470419427214e-05 1.863452979715024039e-04 2.420943755856821739e-04 2.905459157213376967e-04 3.097057838656506828e-04 2.990020183794386312e-04 3.010664645594665102e-03 2.258571922248070314e-05 3.965937847141787166e-04 2.609655569628378216e-04 1.003037032968151455e-03 4.690344175062272991e-05 1.069155557407042503e-02 1.374788429225080183e-02 1.341845989664838638e-02 7.050543961188948357e-05 1.000000000000000021e-08 1.000000000000000021e-08 2.764431377265340307e-05 2.738029385700397543e-05 1.000000000000000021e-08 1.000000000000000021e-08 1.000000000000000021e-08 1.000000000000000021e-08 3.008744124635920892e-05 1.000000000000000021e-08 4.897578646227277236e-05 5.384292579628201361e-05
1.000000000000000021e-08 1.000000000000000021e-08 1.000000000000000021e-08 3.479485167307205188e-05 1.401743832901298223e-04 1.000000000000000021e-08 1.000000000000000021e-08 1.000000000000000021e-08 1.000000000000000021e-08 1.000000000000000021e-08 2.015020021732837118e-04 4.681652124345441184e-04 6.376391700232440308e-04 5.771508271945567908e-04 5.310910799802556282e-04 7.065199151501409596e-04 1.880069282424975605e-03 1.157492496653392614e-02 2.652646043255235155e-03 8.982845063071453594e-04 1.278267617646316285e-03 1.040932206378959550e-02 1.251221633534717152e-02 1.308968321126949969e-02 1.212281089772632506e-02 2.199814295478238254e-03 2.314506094773797779e-03 4.007088416713485969e-05 2.943316773645392534e-05 1.000000000000000021e-08 1.000000000000000021e-08 1.000000000000000021e-08 2.531812659746562812e-05 2.794720856617929973e-05 3.737289182779923252e-05 4.703435294407711241e-05 7.046004810836005515e-05
1.000000000000000021e-08 1.000000000000000021e-08 1.000000000000000021e-08 1.000000000000000021e-08 1.465037232150100447e-04 9.633429868073540724e-05 6.111305806202255218e-05 1.000000000000000021e-08 2.918736615508680097e-05 4.513270337803653429e-05 7.309999069256751831e-05 2.982792206434663695e-04 5.342285692376630641e-04 9.626572539853994531e-04 1.355997426706647292e-03 1.387482656039510688e-03 1.228628023584855695e-03 7.834210025817247300e-04 1.381022200926370486e-02 3.729831796077991580e-03 3.183489519277542690e-03 6.665758323533249596e-03 1.962701607845036139e-02 5.098394990321741815e-02 1.534640221764178858e-02 1.011245092192739406e-02 1.105052638784293287e-02 1.122750944294934993e-04 2.314401567064570012e-05 1.660488233101135660e-05 1.453558197540172544e-05 1.349992270342235773e-05 7.872100523195539286e-05 4.305059257832258903e-05 1.000000000000000021e-08 4.436547012767724562e-05 9.028460924285224454e-05
1.053556775394276219e-04 1.079451916959580954e-04 1.936052657143500866e-04 1.000000000000000021e-08 9.353622782195595534e-05 1.192039945383503865e-04 1.459588977503544036e-04 2.240738875531398235e-04 3.608101699715760219e-04 3.190719748189265706e-04 5.074249509684368355e-04 4.889116140951863454e-04 4.504106013675420188e-04 4.190611716178996109e-04 3.071624218491993824e-04 2.039123308681335862e-04 1.000000000000000021e-08 2.600690971670040772e-04 1.167864829173433783e-04 1.307231261527638149e-04 2.502507671539103005e-05 4.385339528484407529e-03 8.767538505266504051e-03 2.387343262294021329e-02 2.251232979695892006e-02 2.297407294316316725e-02 1.532923484530474834e-01 1.486061560896386746e-01 3.102322124461054874e-04 4.721531397510628447e-05 6.186458522716488135e-05 1.000000000000000021e-08 1.014257343829513651e-02 9.555255169391221881e-03 1.111500926932948576e-04 1.000000000000000021e-08 8.531333423278493683e-05
1.000000000000000021e-08 1.758717952935688990e-04 3.291891339604769567e-04 1.000000000000000021e-08 1.000000000000000021e-08 1.000000000000000021e-08 1.000000000000000021e-08 1.210064730521864694e-05 1.924297299708941324e-05 5.005174373767325071e-04 3.375077291379880709e-04 1.876592024533839796e-05 1.566457684138907873e-05 1.741019391858476015e-05 6.091269827094968346e-05 7.042138820709767540e-05 7.419351284038133969e-05 6.931924128146113790e-05 4.852404105581849925e-05 1.022460318776141652e-04 4.742832964159674619e-03 6.351077882465753360e-03 1.142417572768078017e-02 1.102059358545283939e-02 1.600879809204925133e-02 1.909608700662152048e-02 1.437114224457390899e-01 1.366490077373026524e-01 1.060498608741926030e-01 4.227468235754973380e-02 4.383028980613154491e-02 3.564201049456724307e-02 3.549175075314988520e-02 3.802068414878156249e-02 4.839282021017336788e-02 4.991741801686608304e-02 7.598664191210666207e-04
4.737484601679756288e-05 1.779879726235355326e-03 2.072526413848457122e-03 2.263053279689234993e-03 1.818266239039954601e-05 1.000000000000000021e-08 1.000000000000000021e-08 1.000000000000000021e-08 1.000000000000000021e-08 3.047947760359728375e-04 2.386623346503045646e-04 1.660983549381733564e-04 1.264022717532342687e-04 9.636182519065575054e-05 8.562052098940589671e-05 7.293107875722507647e-05 4.860853473919396424e-05 1.000000000000000021e-08 1.230547022700132207e-05 1.003971072775303999e-04 1.552839899782382412e-02 2.417651489593597436e-02 1.541754910086621036e-02 9.622863152054933478e-03 6.114586746310758832e-03 3.897451309598539207e-03 2.495790938928040253e-03 1.810491953604771330e-03 9.565568267375187299e-04 7.313280560346477896e-04 5.247809140589410320e-04 1.040393430594061669e-02 1.425088617714895083e-02 1.976498928658501630e-02 1.333983976763431466e-02 5.488939730350093221e-02 3.480651390943521190e-02
8.874058937628756527e-03 1.068603624484263347e-03 1.298752051532522846e-03 3.166822018963486723e-03 1.853441027739400823e-02 1.203494616361757731e-02 2.079325216230438859e-03 1.441622555183299983e-03 1.023205926999059883e-03 5.059924674891509364e-04 2.229909249293619464e-04 1.155155391313106479e-04 7.213664623976843288e-05 4.533001426997142956e-05 7.731082168552297080e-05 9.502928989890784526e-05 3.545105142710316005e-03 2.323237416672554664e-03 1.533344178537773177e-03 2.447881304006862407e-02 5.174979467873553479e-02 1.821571118464902425e-02 1.375417965929233281e-04 2.089784191703631438e-05 1.000000000000000021e-08 1.181796313968344249e-05 1.000000000000000021e-08 1.000000000000000021e-08 1.000000000000000021e-08 1.000000000000000021e-08 1.470203905284742086e-04 3.283493058971422972e-03 5.593537315559817848e-03 4.081717617776043326e-03 2.954484525392168416e-03 2.560438933000095535e-03 3.113604004150923033e-02
1.933571782057183963e-05 1.458356558803275023e-05 1.246460556523282545e-05 2.485725926255891028e-05 1.000000000000000021e-08 2.819050231476071845e-03 3.915031451403410551e-03 4.351303811302944906e-03 2.532943809531352716e-03 1.748561119573268426e-03 1.145304299098412687e-03 7.712550942847568557e-04 5.212253298777690331e-04 3.873572115448410094e-04 1.561920763636424903e-02 2.101607607133013436e-02 1.546612251002464286e-02 1.654174737236054418e-02 2.745486885044158207e-02 2.393009685567917127e-02 8.329059705347084328e-03 3.111335115976498138e-05 1.000000000000000021e-08 1.000000000000000021e-08 1.000000000000000021e-08 1.000000000000000021e-08 1.000000000000000021e-08 1.000000000000000021e-08 1.000000000000000021e-08 9.078741271876610399e-04 1.389913433768584419e-03 1.184988084496483478e-03 1.160430427626001721e-03 1.134559284112183694e-03 5.891457186252817974e-04 5.902975593773170798e-04 1.177878348255826692e-02
2.058252977425858443e-05 2.884027947795061387e-05 3.010420305818264274e-05 6.033177699625741645e-05 1.000000000000000021e-08 1.000000000000000021e-08 1.021146814579069376e-05 5.058457188106727604e-04 1.765614735872306435e-03 1.856106872179967083e-03 1.576431290984331999e-03 1.467411589878407684e-03 5.514280000246608165e-03 7.286522456655473989e-02 4.792983274748967293e-02 1.157711406552777017e-02 7.730717195997536574e-03 7.273137804258145156e-03 1.716758748130548266e-03 3.071302935936584674e-04 1.000000000000000021e-08 1.000000000000000021e-08 1.000000000000000021e-08 1.000000000000000021e-08 1.000000000000000021e-08 1.000000000000000021e-08 1.000000000000000021e-08 1.783036014339013154e-04 1.174873404868325170e-03 1.087733810273766285e-03 1.049016627431314640e-03 5.538964482067585890e-03 6.357371012561650620e-04 4.703099575999269521e-04 5.056087526444186735e-05 3.707387193567070145e-05 6.164079366424761669e-05
8.052040394129203124e-05 7.557474948242880164e-05 1.127835501626091080e-04 2.198860240885277238e-04 3.242769160794730315e-05 1.000000000000000021e-08 1.125187434205146583e-05 2.547864050658038798e-04 1.341357004447295016e-03 1.871529359510151064e-03 1.758438286208857584e-03 1.415743793719135245e-02 1.844723707554602604e-02 1.976743476047286910e-02 1.019499811941852394e-02 9.404771309798954423e-04 1.000000000000000021e-08 2.569211586807455542e-05 1.000000000000000021e-08 1.000000000000000021e-08 1.000000000000000021e-08 1.000000000000000021e-08 1.000000000000000021e-08 1.000000000000000021e-08 1.000000000000000021e-08 1.444608229320531453e-05 1.651453040110441653e-03 1.696039948338502225e-03 1.142466245135437524e-03 1.049080273466708457e-04 8.171851575043657273e-05 9.580690499144886986e-05 3.366168543842008837e-05 1.427307785861071300e-05 2.278730058269647297e-05 1.000000000000000021e-08 1.000000000000000021e-08
