output/water_depth_4920.asc
ncols 223
nrows 158
xllcorner 0.0
yllcorner 0.0
cellsize 30.0
[rows 136 to 152 of 158, columns 0 to 36 of 223]
1.000000100000000021e-05 1.000000100000000021e-05 1.000000100000000021e-05 1.000000100000000021e-05 1.000000100000000021e-05 1.000000100000000021e-05 1.000000100000000021e-05 1.000000100000000021e-05 1.000000100000000021e-05 1.000000100000000021e-05 1.000000100000000021e-05 1.000000100000000021e-05 1.000000100000000021e-05 1.000000000000000021e-08 1.016578586147039932e-05 1.629427653186883864e-05 2.472340380149280634e-05 2.322938208352573494e-05 1.000000000000000021e-08 1.000000000000000021e-08 1.000000000000000021e-08 1.000000000000000021e-08 1.000000000000000021e-08 1.000000000000000021e-08 1.000000000000000021e-08 1.000000000000000021e-08 1.000000000000000021e-08 1.741759474500707421e-05 6.881529784751532581e-05 6.456779381756365074e-05 1.398802921756078137e-04 1.015353729835885094e-04 1.647898828216219419e-04 9.475074584947233822e-05 2.980506396946914311e-04 1.993100111366481029e-05 1.000000000000000021e-08
1.000000100000000021e-05 1.000000100000000021e-05 1.000000100000000021e-05 1.000000100000000021e-05 1.000000100000000021e-05 1.000000100000000021e-05 1.000000100000000021e-05 1.000000100000000021e-05 1.000000100000000021e-05 1.000000100000000021e-05 1.000000100000000021e-05 1.000000100000000021e-05 1.000000100000000021e-05 1.000000000000000021e-08 1.000000000000000021e-08 1.000000000000000021e-08 1.777595408395620631e-05 1.000000000000000021e-08 1.000000000000000021e-08 1.000000000000000021e-08 1.000000000000000021e-08 1.205273875023032180e-05 1.000000000000000021e-08 1.000000000000000021e-08 1.000000000000000021e-08 1.000000000000000021e-08 1.187216226351689723e-05 5.565799517740810420e-05 6.360015994126390153e-05 1.401044090244135134e-04 1.004110399845654342e-04 1.877528117327731622e-04 9.217575408095596691e-05 1.391660145527150465e-04 1.144356346698645533e-04 1.000000000000000021e-08 1.998224213515595310e-05
1.000000100000000021e-05 1.000000100000000021e-05 1.000000100000000021e-05 1.000000100000000021e-05 1.000000100000000021e-05 1.000000100000000021e-05 1.000000100000000021e-05 1.000000100000000021e-05 2.452432956839449763e-05 4.212088962828230618e-05 6.402283384536144287e-05 8.883589909598929547e-05 7.773833574692527737e-05 1.000000000000000021e-08 1.000000000000000021e-08 1.418685019147322366e-05 1.375771138406856923e-05 1.351522762101026851e-05 1.139318210960653301e-05 1.114390615833366982e-05 1.000000000000000021e-08 1.000000000000000021e-08 1.000000000000000021e-08 1.178665167035681217e-05 1.393877476455890431e-05 1.000000000000000021e-08 3.397005668571864787e-05 5.294433632924309480e-05 1.492139156799491650e-04 1.016525312366119193e-04 1.849315956978522335e-04 1.206264963969526160e-04 1.064774934760919975e-04 9.460207307382338649e-05 1.895049932881306542e-05 1.000000000000000021e-08 1.000000000000000021e-08
1.000000100000000021e-05 1.000000100000000021e-05 1.000000100000000021e-05 1.000000100000000021e-05 1.000000100000000021e-05 1.000000100000000021e-05 1.000000100000000021e-05 1.000000100000000021e-05 1.000000100000000021e-05 1.000000000000000021e-08 1.000000000000000021e-08 1.000000000000000021e-08 5.406016413621282792e-05 5.232512044199160345e-05 5.689012945741447332e-05 4.938051620618701283e-05 4.737849184699664937e-05 4.547114206242287295e-05 4.380935146978157617e-05 5.203687172208994676e-05 2.381765933825398318e-05 1.000000000000000021e-08 1.000000000000000021e-08 1.000000000000000021e-08 1.000000000000000021e-08 2.981253928839115369e-05 3.622591745600037830e-05 1.327235968191952840e-04 1.228092125869857578e-04 1.800616582823898572e-04 1.167139156959261269e-04 2.007061832457523250e-04 1.000000000000000021e-08 1.000000000000000021e-08 2.279810864586898826e-05 1.000000000000000021e-08 1.000000000000000021e-08
1.000000100000000021e-05 1.000000100000000021e-05 1.000000100000000021e-05 1.000000100000000021e-05 1.000000100000000021e-05 1.000000100000000021e-05 1.000000100000000021e-05 1.000000100000000021e-05 1.000000100000000021e-05 1.000000000000000021e-08 1.000000000000000021e-08 1.513130337756388608e-05 4.763160409789139179e-05 6.463812537148452928e-05 7.350418311551773693e-05 7.006953721885449430e-05 7.188878726667028470e-05 8.617995406158701925e-05 1.353779932867487247e-04 1.936654277076101430e-04 1.000000000000000021e-08 1.000000000000000021e-08 1.000000000000000021e-08 1.000000000000000021e-08 1.000000000000000021e-08 3.507372209560690200e-05 8.684446535260905114e-05 1.202996468159374616e-04 2.653123733143591587e-04 9.548944717138792434e-05 1.967409833314088564e-04 1.000000000000000021e-08 1.000000000000000021e-08 1.277407910426885569e-05 2.181577559175238598e-05 1.000000000000000021e-08 1.000000000000000021e-08
1.000000100000000021e-05 1.000000100000000021e-05 1.000000100000000021e-05 1.000000100000000021e-05 1.000000100000000021e-05 1.000000100000000021e-05 1.000000100000000021e-05 1.000000100000000021e-05 1.000000100000000021e-05 1.182527601146917621e-05 1.634418255086781549e-05 2.435904912814499125e-05 5.131640443388770743e-05 1.000000000000000021e-08 1.000000000000000021e-08 6.481871418782148714e-05 7.807898063774287736e-05 1.000000000000000021e-08 2.901258458598151652e-05 3.575686803458659371e-05 1.000000000000000021e-08 1.000000000000000021e-08 1.000000000000000021e-08 1.617110741214216373e-05 7.090773909568923628e-05 1.134202282871254856e-04 6.769608727042813144e-05 3.032508350012611399e-04 2.615237921020964755e-04 2.003585225219131161e-05 4.867059232012397219e-05 1.000000000000000021e-08 1.000000000000000021e-08 1.000000000000000021e-08 1.835803685508124888e-05 1.000000000000000021e-08 1.091276164593230930e-05
1.000000100000000021e-05 1.000000100000000021e-05 1.000000100000000021e-05 1.000000100000000021e-05 1.000000100000000021e-05 1.000000100000000021e-05 1.000000100000000021e-05 1.000000100000000021e-05 1.000000100000000021e-05 1.376998469710943004e-05 2.187513414192962297e-05 3.293556592028329383e-05 5.813245329234713771e-05 4.517143237914776307e-05 2.852591789388599257e-05 5.435555343235827437e-05 1.000000000000000021e-08 1.000000000000000021e-08 1.000000000000000021e-08 1.000000000000000021e-08 1.000000000000000021e-08 1.000000000000000021e-08 1.000000000000000021e-08 1.964350343884212950e-05 1.000000000000000021e-08 6.674493650431673241e-05 2.136934404749152652e-04 3.804787904749239191e-04 3.135965765727735991e-05 2.109865457839435343e-05 1.622416293622635245e-05 6.238578503514362794e-05 5.202249394269385278e-05 1.000000000000000021e-08 1.000000000000000021e-08 1.000000000000000021e-08 1.000000000000000021e-08
1.000000100000000021e-05 1.000000100000000021e-05 1.000000100000000021e-05 1.000000100000000021e-05 1.000000100000000021e-05 1.000000100000000021e-05 1.000000100000000021e-05 1.000000100000000021e-05 1.000000100000000021e-05 3.528130595656808771e-05 6.361323912876515861e-05 1.180889517061544069e-04 1.217095479965251071e-04 1.075937201527299685e-04 7.818939620322614466e-05 1.000000000000000021e-08 3.041565327946333766e-05 8.968165670534675637e-05 5.640351064069677533e-05 1.000000000000000021e-08 1.000000000000000021e-08 1.000000000000000021e-08 1.000000000000000021e-08 2.109109769720489403e-04 2.052702674862976834e-05 2.174413876891033350e-04 1.865794193751111392e-04 3.115778790550212136e-04 1.774229993670303968e-04 7.109813829764266829e-05 1.000000000000000021e-08 3.288265526789457935e-05 2.201641762567145541e-05 1.000000000000000021e-08 1.000000000000000021e-08 1.000000000000000021e-08 1.000000000000000021e-08
1.000000100000000021e-05 1.000000100000000021e-05 1.000000100000000021e-05 1.000000100000000021e-05 1.000000100000000021e-05 1.000000100000000021e-05 1.000000100000000021e-05 1.000000100000000021e-05 1.000000100000000021e-05 1.000000100000000021e-05 1.000000100000000021e-05 1.000000100000000021e-05 8.224734482177707576e-05 2.051361853336991481e-04 4.110559225991840759e-04 1.617217359254677605e-04 7.740926465208056292e-04 7.813057357235149436e-03 1.730406992832927721e-03 2.102517352417524602e-05 1.000000000000000021e-08 1.792497628407670673e-05 2.318610712986055980e-05 1.830708633181892453e-03 2.369318477182199602e-03 3.181525976608579639e-04 3.897142822092365460e-04 2.088514564508829195e-04 1.019512851564322806e-04 1.000000000000000021e-08 4.374894087478337963e-05 1.000000000000000021e-08 1.000000000000000021e-08 1.000000000000000021e-08 1.255918787332746497e-05 1.000000000000000021e-08 1.000000000000000021e-08
1.000000100000000021e-05 1.000000100000000021e-05 1.000000100000000021e-05 1.000000100000000021e-05 1.000000100000000021e-05 1.000000100000000021e-05 1.000000100000000021e-05 1.000000100000000021e-05 1.000000100000000021e-05 1.000000100000000021e-05 1.000000100000000021e-05 1.000000100000000021e-05 8.761922148329282238e-05 3.161310840352113383e-04 5.423946982025700577e-04 7.179132943375891689e-04 5.742194577381546164e-04 3.733064305319074407e-04 1.045835570981546586e-02 2.508846091460803680e-03 2.658353096678157685e-03 2.303193471531028887e-03 1.322372258450471398e-02 1.845456654831968257e-03 1.390800486716897884e-03 1.748100826863612347e-03 1.575137304908497159e-04 7.288174016686574126e-05 2.980239236534067119e-05 3.135235775529075173e-05 1.877495379151713099e-05 1.000000000000000021e-08 1.000000000000000021e-08 1.000000000000000021e-08 1.000000000000000021e-08 1.000000000000000021e-08 2.095975241181874280e-05
1.000000100000000021e-05 1.000000100000000021e-05 1.000000100000000021e-05 1.000000100000000021e-05 1.000000100000000021e-05 1.000000100000000021e-05 1.000000100000000021e-05 1.000000100000000021e-05 1.000000100000000021e-05 1.000000100000000021e-05 1.000000100000000021e-05 1.000000100000000021e-05 1.476976779881827048e-04 2.440947703295510973e-03 2.625835900787752740e-04 2.174677855093516254e-04 3.236810434749756065e-05 3.132343967154092650e-05 2.982134071986297945e-05 3.031518233744350102e-05 6.688851742592948231e-05 3.048977790656504702e-03 1.000000000000000021e-08 1.000000000000000021e-08 1.000000000000000021e-08 9.591941061654673866e-04 7.383183841353693072e-04 4.347674787257153396e-04 3.703089277031296135e-04 9.307873889538834827e-05 1.000000000000000021e-08 1.000000000000000021e-08 1.079312322826468766e-05 1.321283961011758623e-05 1.922957438578371239e-05 1.791965356082820407e-05 1.949336136691997713e-05
1.000000100000000021e-05 1.000000100000000021e-05 1.000000100000000021e-05 1.000000100000000021e-05 1.000000100000000021e-05 1.000000100000000021e-05 1.000000100000000021e-05 1.000000100000000021e-05 1.000000100000000021e-05 1.000000100000000021e-05 1.000000100000000021e-05 1.000000100000000021e-05 1.000000100000000021e-05 1.298750145956436490e-04 1.609126168273709531e-04 1.775964629617023455e-05 2.349955584142676958e-05 1.000000000000000021e-08 1.000000000000000021e-08 1.000000000000000021e-08 1.201848547521535641e-04 1.439516196593698953e-04 3.071501730992469165e-04 6.106366670944508726e-04 7.847324101896417008e-04 1.530787929620210921e-03 1.862722463376284641e-03 2.696882517211684344e-03 2.073727651920484819e-02 6.761296460764538963e-05 1.200666195878907305e-04 1.691785549755934337e-05 1.949223092167307541e-05 2.758496885662517538e-05 2.923741464078293581e-05 2.865104507048185927e-05 2.993384019069076629e-05
1.000000100000000021e-05 1.000000100000000021e-05 1.000000100000000021e-05 1.000000100000000021e-05 1.000000100000000021e-05 1.000000100000000021e-05 1.000000100000000021e-05 1.000000100000000021e-05 1.000000100000000021e-05 1.000000100000000021e-05 1.000000100000000021e-05 1.000000100000000021e-05 1.000000100000000021e-05 7.978184770115291234e-05 1.114505207540633912e-04 2.212730936811011935e-05 6.367799447157101707e-05 1.024318789548243653e-04 1.717035808375894979e-04 2.382924256361846650e-04 1.979696138912640099e-04 1.477303570605245089e-04 1.508730602198708282e-04 6.387036874671313041e-04 3.112938474606277445e-04 1.570645076974475109e-05 1.842832346871213099e-04 1.513623188533321298e-04 1.589421220304391286e-02 4.161376058908891271e-03 2.528248992385496562e-03 1.637462815096732416e-03 2.221958946064530541e-04 8.184497430000294048e-04 4.347480379799417748e-04 2.943590523759153504e-04 1.391279330767093944e-05
1.000000100000000021e-05 1.000000100000000021e-05 1.000000100000000021e-05 1.000000100000000021e-05 1.000000100000000021e-05 1.000000100000000021e-05 1.000000100000000021e-05 1.000000100000000021e-05 1.000000100000000021e-05 1.000000100000000021e-05 1.000000100000000021e-05 1.000000100000000021e-05 1.000000100000000021e-05 9.765192679572952069e-05 1.000000000000000021e-08 1.000000000000000021e-08 1.000000000000000021e-08 1.484316464964789764e-05 2.647422914855821928e-05 3.423331255781733790e-05 3.809428262960723628e-05 3.870991948522441503e-05 2.427574683915422068e-05 6.356130636075333446e-04 1.000000000000000021e-08 5.006660603956229581e-05 3.842525704759621981e-05 5.574084190854021643e-05 4.886964454143215129e-05 3.959523357297795140e-05 2.045617390795985424e-03 5.306398928281028582e-04 6.111853062825754572e-04 3.542363044886083327e-03 4.169100608067536663e-03 4.706205300093094235e-03 5.013109978909298207e-03
1.000000100000000021e-05 1.000000100000000021e-05 1.000000100000000021e-05 1.000000100000000021e-05 1.000000100000000021e-05 1.000000100000000021e-05 1.000000100000000021e-05 1.000000100000000021e-05 1.000000100000000021e-05 1.000000100000000021e-05 1.000000100000000021e-05 1.000000100000000021e-05 1.000000100000000021e-05 4.181660312491902005e-05 5.328277829954855733e-05 2.487870247245860819e-05 1.000000000000000021e-08 1.000000000000000021e-08 1.062493114871447105e-05 1.525162086327959604e-05 2.115531381967953892e-05 5.676698260091165226e-05 4.413203282177051781e-03 8.186575082201509460e-04 1.458964972265373828e-04 7.468753194546295048e-05 8.009516560147545588e-05 5.650879813255263109e-05 1.000000000000000021e-08 1.000000000000000021e-08 3.916351107889842016e-04 4.957821881786231332e-04 2.257574807899411038e-03 1.924156652237983024e-03 1.481557009285242813e-03 1.002346526045439510e-03 7.167770584677286090e-05
1.000000100000000021e-05 1.000000100000000021e-05 1.000000100000000021e-05 1.000000100000000021e-05 1.000000100000000021e-05 1.000000100000000021e-05 1.000000100000000021e-05 1.000000100000000021e-05 1.000000100000000021e-05 1.000000100000000021e-05 1.000000100000000021e-05 1.000000100000000021e-05 1.000000100000000021e-05 2.051749016938132140e-05 2.567540103522853489e-05 1.848506320350445543e-05 1.000000000000000021e-08 1.000000000000000021e-08 1.000000000000000021e-08 1.000000000000000021e-08 1.000000000000000021e-08 2.288461639410628167e-05 2.694259432750304621e-04 3.706142606913046022e-05 1.000000000000000021e-08 5.720752180477990282e-05 1.095761686662788967e-04 3.582269198815781993e-04 5.990641632421599789e-04 4.720979846481201361e-04 8.454560354887276970e-05 1.000937498260109660e-04 1.273062591856830624e-03 1.324515259927588852e-03 1.501470755434865299e-04 2.075545253469588184e-04 1.027953911226663666e-05
1.000000100000000021e-05 1.000000100000000021e-05 1.000000100000000021e-05 1.000000100000000021e-05 1.000000100000000021e-05 1.000000100000000021e-05 1.000000100000000021e-05 1.000000100000000021e-05 1.000000100000000021e-05 1.000000100000000021e-05 1.000000100000000021e-05 1.000000100000000021e-05 1.000000100000000021e-05 1.000000000000000021e-08 1.178950555712637148e-05 1.827180817282469808e-05 2.164649000960856845e-05 3.753551084106829103e-05 5.818241492476563392e-05 8.694617673938899720e-05 1.213346155080608071e-04 2.051108796786433978e-04 1.509956540718860761e-04 1.770977238130949389e-04 2.169086798444904947e-04 2.499266632942552741e-04 2.927137899850793066e-04 2.803459800317718680e-04 1.735066064235321062e-04 1.000000000000000021e-08 1.285223457328944588e-05 4.203871499311596899e-05 3.401217118275182399e-05 3.640725805097821510e-05 5.145869183805566299e-05 1.428132759918362266e-04 1.000000000000000021e-08
