output/water_depth_8760.asc
ncols 223
nrows 158
xllcorner 0.0
yllcorner 0.0
cellsize 30.0
[rows 102 to 118 of 158, columns 185 to 221 of 223]
1.157488500548221464e-05 1.287651152055165281e-05 1.611620662811647536e-05 1.669722661753729955e-05 1.000000000000000021e-08 1.000000000000000021e-08 1.962939767977134667e-02 1.492102212036220676e-01 1.345247148549676619e-03 3.048992164169573487e-04 2.143928877017811858e-04 9.210371181032775759e-05 7.129008165643136244e-05 7.235671293869535366e-05 7.795545928785813366e-05 8.266593335312302912e-05 2.585407553029135170e-05 1.068021839245457341e-05 1.000000000000000021e-08 1.000000000000000021e-08 1.000000000000000021e-08 1.000000000000000021e-08 1.000000000000000021e-08 1.000000000000000021e-08 1.000000000000000021e-08 1.000000000000000021e-08 1.000000000000000021e-08 1.000000000000000021e-08 1.000000000000000021e-08 1.000000000000000021e-08 1.000000100000000021e-05 1.000000100000000021e-05 1.000000100000000021e-05 1.000000100000000021e-05 1.000000100000000021e-05 1.000000100000000021e-05 1.000000100000000021e-05
1.953500715279395008e-05 1.748064027953782619e-05 3.171581845910408998e-05 3.125058155738507406e-05 2.601241105193474292e-05 1.000000000000000021e-08 4.542457609026321307e-03 7.301826816966566769e-02 4.728016598186120896e-04 1.038499446231823972e-04 1.467320799637840520e-04 1.997530447352456151e-04 1.787454734749813190e-04 1.419103721663827827e-04 1.069943178467464804e-04 4.209060778776421453e-05 1.204790514418625389e-04 2.482911421466767044e-05 2.231723059451783548e-05 1.240694297239278123e-05 1.000000000000000021e-08 1.000000000000000021e-08 1.000000000000000021e-08 1.000000000000000021e-08 1.000000000000000021e-08 1.000000000000000021e-08 1.000000000000000021e-08 1.000000000000000021e-08 1.000000000000000021e-08 1.000000000000000021e-08 1.000000100000000021e-05 1.000000100000000021e-05 1.000000100000000021e-05 1.000000100000000021e-05 1.000000100000000021e-05 1.000000100000000021e-05 1.000000100000000021e-05
1.000000000000000021e-08 1.000000000000000021e-08 1.000000000000000021e-08 1.000000000000000021e-08 8.685134930328697767e-05 1.971408158043802018e-03 2.083398453588031218e-01 8.076948736553932195e-02 9.054643344969334371e-05 1.000000000000000021e-08 1.000000000000000021e-08 1.000000000000000021e-08 1.000000000000000021e-08 1.000000000000000021e-08 1.000000000000000021e-08 8.168870738545683219e-05 2.245303191881545788e-04 5.926369649915731085e-05 5.077428503792624412e-05 3.269098587457951736e-05 1.934037939854589956e-05 1.000000000000000021e-08 1.000000000000000021e-08 1.000000000000000021e-08 1.000000000000000021e-08 1.000000000000000021e-08 1.000000000000000021e-08 1.000000000000000021e-08 1.000000000000000021e-08 1.000000000000000021e-08 1.000000100000000021e-05 1.000000100000000021e-05 1.000000100000000021e-05 1.000000100000000021e-05 1.000000100000000021e-05 1.000000100000000021e-05 1.000000100000000021e-05
1.000000000000000021e-08 1.000000000000000021e-08 1.000000000000000021e-08 1.000000000000000021e-08 3.445204051601693184e-04 1.351795418571526686e-01 1.580110935121562254e-01 7.973974912239271582e-05 1.014903415835517634e-05 1.438905633783497492e-05 1.109124990776296205e-05 1.000000000000000021e-08 1.000000000000000021e-08 1.000000000000000021e-08 2.247985922430252969e-05 3.484219147431648719e-05 5.411873658850509076e-03 4.027494509806021759e-05 1.000000000000000021e-08 1.000000000000000021e-08 1.000000000000000021e-08 1.000000000000000021e-08 1.000000000000000021e-08 1.000000000000000021e-08 1.000000000000000021e-08 1.000000000000000021e-08 1.031566783728886140e-05 1.000000000000000021e-08 1.000000000000000021e-08 1.000000000000000021e-08 1.000000100000000021e-05 1.000000100000000021e-05 1.000000100000000021e-05 1.000000100000000021e-05 1.000000100000000021e-05 1.000000100000000021e-05 1.000000100000000021e-05
8.570522175002066943e-05 6.758943111160193576e-05 1.000000000000000021e-08 1.000000000000000021e-08 1.560000982060030057e-04 1.167381378649774148e-01 1.295402089537929513e-01 1.037143467559295562e-04 7.071635488036296215e-05 5.721724853668392729e-05 3.670101076778668650e-05 2.540580204533290728e-05 2.056769264116237316e-05 2.841601647450812550e-05 1.000000000000000021e-08 1.604560018920991583e-05 4.621143379716984717e-03 7.575176334745423038e-05 1.000000000000000021e-08 1.000000000000000021e-08 1.000000000000000021e-08 1.000000000000000021e-08 1.000000000000000021e-08 1.000000000000000021e-08 1.000000000000000021e-08 1.000000000000000021e-08 1.000000000000000021e-08 3.175523259422509978e-05 2.146521423715448080e-05 1.251306914599865003e-05 1.000000100000000021e-05 1.000000100000000021e-05 1.000000100000000021e-05 1.000000100000000021e-05 1.000000100000000021e-05 1.000000100000000021e-05 1.000000100000000021e-05
3.958303500256109497e-05 7.858633996963613837e-05 7.285338716097610498e-05 6.802278862041104658e-05 2.114879947685016789e-04 6.500273708542013418e-02 9.095939206188281834e-02 1.501928305071006905e-05 1.000000000000000021e-08 1.462792829102309137e-05 1.000000000000000021e-08 6.004272341931340452e-05 5.570057438865531023e-05 1.518902091728488188e-05 1.000000000000000021e-08 1.000000000000000021e-08 6.636047024567991474e-04 9.986679096402039117e-05 1.007051155955430446e-04 1.200267481936159551e-04 1.017153784072312472e-04 8.450886013947911683e-05 6.799548170094175058e-05 5.358263079759945357e-05 3.575584779389231869e-05 2.063131806845673800e-05 1.005685541919192535e-05 1.000000000000000021e-08 1.000000000000000021e-08 1.000000100000000021e-05 1.000000100000000021e-05 1.000000100000000021e-05 1.000000100000000021e-05 1.000000100000000021e-05 1.000000100000000021e-05 1.000000100000000021e-05 1.000000100000000021e-05
2.559510616046131306e-05 2.900575232292168008e-05 5.422269784262252485e-05 1.000000000000000021e-08 3.760333361892067997e-04 1.752930622858251686e-01 2.774440119274763569e-02 1.000000000000000021e-08 2.243318392822343452e-05 2.088266239942585900e-05 2.070424270466413971e-05 1.337600140823913132e-05 1.000000000000000021e-08 1.000000000000000021e-08 1.000000000000000021e-08 1.000000000000000021e-08 7.149245143504839991e-04 1.247338314428388670e-04 7.270714065061815317e-05 2.103970678215595375e-05 1.980138188873535864e-05 1.663352869812445602e-05 1.548187312624227946e-05 1.204174476460572555e-05 1.022504955649151556e-05 1.000000000000000021e-08 1.000000000000000021e-08 1.000000000000000021e-08 1.000000000000000021e-08 1.000000100000000021e-05 1.000000100000000021e-05 1.000000100000000021e-05 1.000000100000000021e-05 1.000000100000000021e-05 1.000000100000000021e-05 1.000000100000000021e-05 1.000000100000000021e-05
1.359457089081585314e-05 3.152389257349074792e-05 5.928236276219413014e-05 8.702890800870382399e-05 1.206062352128355608e-01 1.267070787553739586e-01 1.053953320879703198e-01 2.120573999171835764e-04 1.000000000000000021e-08 1.943677565001922125e-05 1.009384994382344841e-05 1.000000000000000021e-08 2.300951625528388974e-05 1.000000000000000021e-08 1.000000000000000021e-08 1.084125243577172516e-05 8.637880609764140780e-03 1.772024370497939810e-04 4.054811404057639902e-05 1.000000000000000021e-08 1.000000000000000021e-08 1.000000000000000021e-08 1.000000000000000021e-08 1.000000000000000021e-08 1.000000000000000021e-08 1.000000000000000021e-08 1.000000000000000021e-08 1.000000000000000021e-08 1.000000000000000021e-08 1.000000100000000021e-05 1.000000100000000021e-05 1.000000100000000021e-05 1.000000100000000021e-05 1.000000100000000021e-05 1.000000100000000021e-05 1.000000100000000021e-05 1.000000100000000021e-05
1.000000000000000021e-08 1.000000000000000021e-08 1.000000000000000021e-08 1.000000000000000021e-08 1.000000000000000021e-08 6.124462756853751855e-02 4.565891357817605800e-02 2.455497994196651390e-04 1.000000000000000021e-08 1.000000000000000021e-08 1.000000000000000021e-08 1.000000000000000021e-08 1.000000000000000021e-08 1.000000000000000021e-08 2.351752943707841883e-05 5.000783159272517882e-03 6.250402686823947063e-03 2.065235730732026831e-05 2.741002557857316472e-05 1.000000000000000021e-08 1.000000000000000021e-08 1.000000000000000021e-08 1.000000000000000021e-08 1.000000000000000021e-08 1.000000000000000021e-08 1.284708726006152101e-05 1.051272856209894976e-05 1.007263121061025871e-05 1.219487459921574161e-05 1.000000100000000021e-05 1.000000100000000021e-05 1.000000100000000021e-05 1.000000100000000021e-05 1.000000100000000021e-05 1.000000100000000021e-05 1.000000100000000021e-05 1.000000100000000021e-05
1.000000000000000021e-08 1.000000000000000021e-08 1.000000000000000021e-08 1.000000000000000021e-08 1.000000000000000021e-08 3.415444133587841602e-02 6.233090268496086633e-02 3.465637961287178367e-04 1.000000000000000021e-08 1.000000000000000021e-08 1.000000000000000021e-08 1.000000000000000021e-08 1.000000000000000021e-08 1.000000000000000021e-08 1.000000000000000021e-08 7.164411682325248689e-04 1.080254417907778154e-03 1.000000000000000021e-08 1.000000000000000021e-08 2.186889964647873428e-05 1.852334035277406277e-05 1.184344277015939033e-05 1.000000000000000021e-08 2.019105818665347009e-05 1.829478987446713450e-05 1.665833231258182241e-05 1.203370756308700563e-05 1.000000000000000021e-08 1.000000000000000021e-08 1.000000100000000021e-05 1.000000100000000021e-05 1.000000100000000021e-05 1.000000100000000021e-05 1.000000100000000021e-05 1.000000100000000021e-05 1.000000100000000021e-05 1.000000100000000021e-05
1.000000000000000021e-08 1.000000000000000021e-08 1.000000000000000021e-08 1.000000000000000021e-08 1.000000000000000021e-08 2.448486984008226008e-02 7.334670308641909331e-02 3.196233802388042007e-04 1.012976568783279827e-05 1.000000000000000021e-08 1.000000000000000021e-08 1.000000000000000021e-08 1.000000000000000021e-08 1.000000000000000021e-08 1.000000000000000021e-08 1.107228010883305790e-03 1.017393819134590244e-04 1.000000000000000021e-08 4.777581805711961948e-05 1.000000000000000021e-08 1.000000000000000021e-08 1.227172053434236216e-05 1.000000000000000021e-08 1.000000000000000021e-08 2.175468946258968014e-05 1.629687954426387204e-05 1.249129571165773586e-05 1.000000000000000021e-08 1.000000000000000021e-08 1.000000100000000021e-05 1.000000100000000021e-05 1.000000100000000021e-05 1.000000100000000021e-05 1.000000100000000021e-05 1.000000100000000021e-05 1.000000100000000021e-05 1.000000100000000021e-05
1.125362842936534461e-04 9.957210796917728777e-05 9.974848863035795795e-05 1.000000000000000021e-08 1.223089445132168062e-05 2.430176495234523948e-01 2.448326305607470832e-01 2.132967937425540028e-01 1.000000000000000021e-08 1.000000000000000021e-08 1.000000000000000021e-08 1.000000000000000021e-08 1.000000000000000021e-08 1.142685858912108870e-05 1.327792256712888308e-02 1.807885075317666778e-03 7.882393166800262096e-05 1.000000000000000021e-08 1.000000000000000021e-08 1.000000000000000021e-08 1.000000000000000021e-08 2.083700205197641433e-05 3.090372615282633087e-05 3.559407837312879270e-05 3.539688235750308010e-05 2.249125032096472343e-05 1.584949828084404561e-05 1.000000000000000021e-08 1.000000000000000021e-08 1.000000100000000021e-05 1.000000100000000021e-05 1.000000100000000021e-05 1.000000100000000021e-05 1.000000100000000021e-05 1.000000100000000021e-05 1.000000100000000021e-05 1.000000100000000021e-05
7.659354626319379855e-02 7.963046693255956821e-02 8.196696343529895346e-02 8.392007076857257997e-02 8.903385821358748842e-02 2.495879909664744378e-01 2.408810118486793550e-01 1.851282347270486739e-01 9.846449180227470621e-02 1.000000000000000021e-08 1.053611406286648272e-05 1.000000000000000021e-08 1.000000000000000021e-08 1.000000000000000021e-08 1.032451353818423199e-02 2.879298537912938229e-04 1.082985865609756385e-04 1.000000000000000021e-08 1.000000000000000021e-08 1.000000000000000021e-08 1.000000000000000021e-08 4.644630831923396289e-05 4.923186995900558739e-05 3.936510513506262277e-05 4.321277199497584518e-05 4.782643636004192369e-05 3.290516746273684453e-05 1.877295678421326132e-05 1.000000000000000021e-08 1.000000100000000021e-05 1.000000100000000021e-05 1.000000100000000021e-05 1.000000100000000021e-05 1.000000100000000021e-05 1.000000100000000021e-05 1.000000100000000021e-05 1.000000100000000021e-05
1.009860700166573255e-02 6.877649336597454338e-03 4.397068925439936125e-03 2.852660690469366930e-03 1.896634707121145182e-03 1.418614518290775431e-03 1.082573085535149578e-03 9.463137603537792597e-02 3.341759328579356203e-01 2.536359034792840528e-01 5.099393401380905751e-03 3.635772604117749537e-04 6.999760690200640726e-05 1.085625101915927576e-04 1.308527041684088557e-03 1.768214567266562982e-04 2.632255790176125037e-05 4.467879120568179043e-05 5.912753218629340437e-05 5.939776277065464990e-05 7.323649946712410127e-05 8.466527426638206972e-05 3.605424810732291228e-05 1.000000000000000021e-08 2.727966365736344371e-05 1.000000000000000021e-08 1.000000000000000021e-08 1.000000000000000021e-08 1.000000000000000021e-08 1.000000100000000021e-05 1.000000100000000021e-05 1.000000100000000021e-05 1.000000100000000021e-05 1.000000100000000021e-05 1.000000100000000021e-05 1.000000100000000021e-05 1.000000100000000021e-05
1.000000000000000021e-08 1.000000000000000021e-08 1.000000000000000021e-08 1.000000000000000021e-08 2.034516576504294017e-05 1.000000000000000021e-08 1.000000000000000021e-08 6.765398382161958704e-04 1.494202808387740675e-03 1.003069750265689758e-01 1.032976317118147469e-01 2.433079033571710834e-03 1.672461926190779323e-04 1.517340673501366925e-04 1.168236313079059870e-03 1.444675204926566358e-04 1.267708091029340464e-04 1.521144158869395656e-04 1.810509885331851689e-04 1.567289437022946616e-04 1.109880060487088041e-04 5.476104320089820104e-05 4.314379946000674356e-05 1.000000000000000021e-08 2.643150739545146850e-05 1.264593365220401298e-05 1.000000000000000021e-08 1.000000000000000021e-08 1.000000000000000021e-08 1.000000100000000021e-05 1.000000100000000021e-05 1.000000100000000021e-05 1.000000100000000021e-05 1.000000100000000021e-05 1.000000100000000021e-05 1.000000100000000021e-05 1.000000100000000021e-05
1.000000000000000021e-08 1.000000000000000021e-08 1.000000000000000021e-08 1.000000000000000021e-08 1.146480296009453359e-05 7.169909583438687038e-04 1.000000000000000021e-08 1.000000000000000021e-08 1.000000000000000021e-08 5.316839807725567968e-02 2.628703634250849630e-01 2.417377746351046519e-01 4.379393364160251195e-04 1.223314254590169669e-04 9.577875914656054255e-04 3.142567041308359484e-04 1.904892603230379591e-04 1.137593699806258951e-04 3.894020782967933886e-05 3.841630576808516056e-05 3.467923028464016389e-05 3.726732977026063964e-05 4.164844800243342794e-05 4.761104780948306590e-05 3.565455908173259801e-05 1.159235906990663594e-05 1.000000000000000021e-08 1.000000000000000021e-08 1.000000100000000021e-05 1.000000100000000021e-05 1.000000100000000021e-05 1.000000100000000021e-05 1.000000100000000021e-05 1.000000100000000021e-05 1.000000100000000021e-05 1.000000100000000021e-05 1.000000100000000021e-05
1.745800188063201068e-05 1.961622767682598368e-05 1.000000000000000021e-08 1.000000000000000021e-08 1.000000000000000021e-08 7.076970370167281945e-05 1.096129386804436294e-04 5.105564189848636178e-05 2.859695195194397418e-04 2.217237892367713292e-01 2.361735268462718251e-01 2.224213940067781281e-01 2.229824647753510525e-01 6.830408475849703009e-04 1.113275278635005228e-04 4.336899340221955659e-05 4.116551548069983580e-05 3.889446270476100518e-05 2.968868949801621205e-05 1.271282112606063765e-05 1.529109711410124196e-05 1.435056429827770670e-05 1.551657981833998978e-05 1.000000000000000021e-08 1.000000000000000021e-08 1.000000000000000021e-08 1.000000000000000021e-08 1.000000000000000021e-08 1.000000100000000021e-05 1.000000100000000021e-05 1.000000100000000021e-05 1.000000100000000021e-05 1.000000100000000021e-05 1.000000100000000021e-05 1.000000100000000021e-05 1.000000100000000021e-05 1.000000100000000021e-05
