output/water_depth_10200.asc
ncols 223
nrows 158
xllcorner 0.0
yllcorner 0.0
cellsize 30.0
[rows 119 to 135 of 158, columns 185 to 221 of 223]
2.987945079977567540e-05 2.567509056370420096e-05 2.414029191395002932e-05 1.000000000000000021e-08 1.000000000000000021e-08 1.000000000000000021e-08 1.000000000000000021e-08 3.202522343550107760e-05 4.096420113596517098e-04 1.361929855156770452e-01 1.502814819744067443e-01 1.387171008155259067e-01 1.463916899994754661e-01 2.916929901163238612e-04 4.114864796506386758e-05 1.000000000000000021e-08 1.470661735383948979e-05 2.560617344190593673e-05 3.236542600604750823e-05 1.048677729245003063e-05 1.000000000000000021e-08 1.000000000000000021e-08 1.740357484820952624e-05 1.424940408756642745e-05 1.000000000000000021e-08 1.000000000000000021e-08 1.000000000000000021e-08 1.000000100000000021e-05 1.000000100000000021e-05 1.000000100000000021e-05 1.000000100000000021e-05 1.000000100000000021e-05 1.000000100000000021e-05 1.000000100000000021e-05 1.000000100000000021e-05 1.000000100000000021e-05 1.000000100000000021e-05
1.000000000000000021e-08 1.000000000000000021e-08 1.000000000000000021e-08 1.000000000000000021e-08 1.000000000000000021e-08 1.000000000000000021e-08 1.000000000000000021e-08 1.000000000000000021e-08 4.214688271713341649e-05 7.624336132143617883e-02 1.000000000000000021e-08 7.851971402793231358e-02 2.031243746323500193e-04 2.114041314015784989e-04 3.223008567818294714e-05 1.047160950883272149e-05 1.000000000000000021e-08 1.000000000000000021e-08 1.000000000000000021e-08 2.940644835592523819e-05 1.460819800970893358e-05 1.428577361074302267e-05 1.296770336714027923e-05 1.214524661223000786e-05 1.213689668745848046e-05 1.039751571214097615e-05 1.000000000000000021e-08 1.000000100000000021e-05 1.000000100000000021e-05 1.000000100000000021e-05 1.000000100000000021e-05 1.000000100000000021e-05 1.000000100000000021e-05 1.000000100000000021e-05 1.000000100000000021e-05 1.000000100000000021e-05 1.000000100000000021e-05
1.000000000000000021e-08 1.000000000000000021e-08 1.000000000000000021e-08 1.000000000000000021e-08 1.464626567393667715e-05 1.000000000000000021e-08 1.000000000000000021e-08 1.000000000000000021e-08 1.000000000000000021e-08 9.163043572864014441e-02 9.619095240877480191e-02 4.165584869210273156e-02 1.764084342604251704e-02 2.468809600937929821e-04 9.035870290637713757e-05 7.725352776413067031e-05 7.073405313262707281e-05 2.839925186195924015e-05 3.361541769632832001e-05 1.352763768194782191e-05 1.000000000000000021e-08 1.000000000000000021e-08 1.000000000000000021e-08 1.000000000000000021e-08 1.000000000000000021e-08 1.000000000000000021e-08 1.000000100000000021e-05 1.000000100000000021e-05 1.000000100000000021e-05 1.000000100000000021e-05 1.000000100000000021e-05 1.000000100000000021e-05 1.000000100000000021e-05 1.000000100000000021e-05 1.000000100000000021e-05 1.000000100000000021e-05 1.000000100000000021e-05
1.000000000000000021e-08 1.000000000000000021e-08 1.000000000000000021e-08 1.000000000000000021e-08 1.673458898736384788e-05 1.000000000000000021e-08 1.000000000000000021e-08 1.649187536203421817e-03 1.590999998357304490e-01 2.284710175471334759e-01 6.550504361228468020e-02 1.059378777470547928e-01 4.353585825363364553e-03 2.302775450308842665e-05 2.125756352668229480e-05 3.142239500029256403e-05 3.306107414036419106e-05 3.141227341650815375e-05 1.000000000000000021e-08 1.000000000000000021e-08 1.000000000000000021e-08 1.000000000000000021e-08 1.000000000000000021e-08 1.000000000000000021e-08 1.000000000000000021e-08 1.000000000000000021e-08 1.000000100000000021e-05 1.000000100000000021e-05 1.000000100000000021e-05 1.000000100000000021e-05 1.000000100000000021e-05 1.000000100000000021e-05 1.000000100000000021e-05 1.000000100000000021e-05 1.000000100000000021e-05 1.000000100000000021e-05 1.000000100000000021e-05
1.000000000000000021e-08 1.000000000000000021e-08 1.000000000000000021e-08 1.000000000000000021e-08 1.000000000000000021e-08 5.498552445010802814e-02 1.074487432988368851e-01 1.957711547346436265e-01 1.597122124173838142e-01 5.731228246718613091e-04 1.540819738858819363e-04 1.896744067108689766e-04 3.077386522750759931e-05 1.445216965100288289e-05 1.000000000000000021e-08 1.000000000000000021e-08 1.000000000000000021e-08 1.000000000000000021e-08 1.000000000000000021e-08 1.000000000000000021e-08 1.000000000000000021e-08 1.000000000000000021e-08 1.000000000000000021e-08 1.000000000000000021e-08 1.000000000000000021e-08 1.000000000000000021e-08 1.000000100000000021e-05 1.000000100000000021e-05 1.000000100000000021e-05 1.000000100000000021e-05 1.000000100000000021e-05 1.000000100000000021e-05 1.000000100000000021e-05 1.000000100000000021e-05 1.000000100000000021e-05 1.000000100000000021e-05 1.000000100000000021e-05
1.000000000000000021e-08 1.000000000000000021e-08 1.000000000000000021e-08 2.424196194129242293e-04 8.220883813929466544e-02 8.177066567675890518e-02 1.081429023429830577e-01 4.726887305120348946e-04 5.947169058529782563e-04 1.000000000000000021e-08 1.000000000000000021e-08 1.000000000000000021e-08 1.000000000000000021e-08 1.845484567150277512e-05 1.842472555318473091e-05 1.000000000000000021e-08 1.000000000000000021e-08 1.000000000000000021e-08 1.000000000000000021e-08 1.000000000000000021e-08 1.000000000000000021e-08 1.000000000000000021e-08 1.000000000000000021e-08 1.000000000000000021e-08 1.000000000000000021e-08 1.000000000000000021e-08 1.000000100000000021e-05 1.000000100000000021e-05 1.000000100000000021e-05 1.000000100000000021e-05 1.000000100000000021e-05 1.000000100000000021e-05 1.000000100000000021e-05 1.000000100000000021e-05 1.000000100000000021e-05 1.000000100000000021e-05 1.000000100000000021e-05
1.000000000000000021e-08 1.000000000000000021e-08 1.000000000000000021e-08 2.100280853488525673e-04 2.815848589948958258e-01 2.792095766811054647e-01 1.827145538623833919e-04 1.000000000000000021e-08 1.000000000000000021e-08 1.000000000000000021e-08 1.000000000000000021e-08 1.098630976074037794e-05 3.121745779831580376e-03 3.756028118834305041e-03 1.418709861027875252e-05 1.484991658144656659e-05 1.299061728873357099e-05 1.424261258402475595e-05 1.000000000000000021e-08 1.000000000000000021e-08 1.000000000000000021e-08 1.000000000000000021e-08 1.000000000000000021e-08 1.000000000000000021e-08 1.000000000000000021e-08 1.000000000000000021e-08 1.000000100000000021e-05 1.000000100000000021e-05 1.000000100000000021e-05 1.000000100000000021e-05 1.000000100000000021e-05 1.000000100000000021e-05 1.000000100000000021e-05 1.000000100000000021e-05 1.000000100000000021e-05 1.000000100000000021e-05 1.000000100000000021e-05
1.000000000000000021e-08 1.000000000000000021e-08 1.000000000000000021e-08 2.283984908497267946e-04 2.764961162407831297e-01 2.719258100788686239e-01 1.323795462252634397e-04 1.000000000000000021e-08 1.000000000000000021e-08 1.000000000000000021e-08 1.000000000000000021e-08 1.097244200381430463e-05 5.380330038871788175e-04 1.000000000000000021e-08 1.319387171886020442e-05 1.000000000000000021e-08 1.108861516799209378e-05 1.000000000000000021e-08 1.000000000000000021e-08 1.000000000000000021e-08 1.000000000000000021e-08 1.000000000000000021e-08 1.000000000000000021e-08 1.000000000000000021e-08 1.000000000000000021e-08 1.000000000000000021e-08 1.000000100000000021e-05 1.000000100000000021e-05 1.000000100000000021e-05 1.000000100000000021e-05 1.000000100000000021e-05 1.000000100000000021e-05 1.000000100000000021e-05 1.000000100000000021e-05 1.000000100000000021e-05 1.000000100000000021e-05 1.000000100000000021e-05
1.000000000000000021e-08 1.000000000000000021e-08 1.000000000000000021e-08 3.737767318927846257e-05 2.717883948105488390e-01 2.598728777330449602e-01 6.596590709810997355e-04 1.000000000000000021e-08 1.000000000000000021e-08 1.000000000000000021e-08 1.000000000000000021e-08 1.000000000000000021e-08 2.846429529441919706e-04 3.063049116375853812e-04 1.886012214928220072e-05 1.082600912479070001e-05 1.000000000000000021e-08 1.000000000000000021e-08 1.000000000000000021e-08 1.000000000000000021e-08 1.000000000000000021e-08 1.000000000000000021e-08 1.000000000000000021e-08 1.000000000000000021e-08 1.000000000000000021e-08 1.000000000000000021e-08 1.000000100000000021e-05 1.000000100000000021e-05 1.000000100000000021e-05 1.000000100000000021e-05 1.000000100000000021e-05 1.000000100000000021e-05 1.000000100000000021e-05 1.000000100000000021e-05 1.000000100000000021e-05 1.000000100000000021e-05 1.000000100000000021e-05
1.140180329693149223e-05 1.000000000000000021e-08 1.000000000000000021e-08 1.000000000000000021e-08 5.041344702326600426e-04 2.189122399394115570e-01 4.203661284573491212e-04 1.414637120194099412e-05 1.000000000000000021e-08 1.000000000000000021e-08 1.000000000000000021e-08 1.000000000000000021e-08 1.773139747372445743e-04 4.879392599301802494e-04 5.059353836482476785e-05 4.079616375504878731e-05 5.081879796277362355e-05 6.542183255080217987e-05 7.368589301515671901e-05 6.366368900029086594e-05 4.804852715311738661e-05 3.876544766346616425e-05 3.033148393114609316e-05 2.686292103103255706e-05 1.200988809479740211e-05 1.000000000000000021e-08 1.000000100000000021e-05 1.000000100000000021e-05 1.000000100000000021e-05 1.000000100000000021e-05 1.000000100000000021e-05 1.000000100000000021e-05 1.000000100000000021e-05 1.000000100000000021e-05 1.000000100000000021e-05 1.000000100000000021e-05 1.000000100000000021e-05
1.182122624034949077e-05 1.370906832089682241e-05 1.000000000000000021e-08 1.000000000000000021e-08 1.000000000000000021e-08 1.447580788291346066e-01 7.563555202417428236e-02 1.000000000000000021e-08 1.000000000000000021e-08 1.000000000000000021e-08 1.000000000000000021e-08 1.000000000000000021e-08 4.358381724614121999e-04 3.740740809927851343e-04 2.292332015137767403e-04 1.286667712180984886e-04 8.497893492076709094e-05 4.584528719002660104e-05 1.000000000000000021e-08 1.000000000000000021e-08 1.000000000000000021e-08 1.000000000000000021e-08 2.228440962374707407e-05 1.717008991496321769e-05 1.592388647532790369e-05 1.000000000000000021e-08 1.000000100000000021e-05 1.000000100000000021e-05 1.000000100000000021e-05 1.000000100000000021e-05 1.000000100000000021e-05 1.000000100000000021e-05 1.000000100000000021e-05 1.000000100000000021e-05 1.000000100000000021e-05 1.000000100000000021e-05 1.000000100000000021e-05
4.040164621878081290e-05 1.000000000000000021e-08 1.000000000000000021e-08 1.000000000000000021e-08 1.000000000000000021e-08 5.464814319936084352e-02 1.310225808999491703e-01 4.639459012184674784e-04 7.537128728911519340e-05 1.065729856260559731e-04 1.566784696907922477e-04 2.389436153397809257e-04 3.406643881544796034e-04 2.323092400183542734e-04 1.474330259876938824e-05 1.000000000000000021e-08 1.000000000000000021e-08 1.000000000000000021e-08 1.000000000000000021e-08 1.000000000000000021e-08 1.000000000000000021e-08 1.656870389333655658e-05 1.000000000000000021e-08 1.000000000000000021e-08 1.000000000000000021e-08 1.000000000000000021e-08 1.000000100000000021e-05 1.000000100000000021e-05 1.000000100000000021e-05 1.000000100000000021e-05 1.000000100000000021e-05 1.000000100000000021e-05 1.000000100000000021e-05 1.000000100000000021e-05 1.000000100000000021e-05 1.000000100000000021e-05 1.000000100000000021e-05
3.794397015722993435e-05 3.721054544751619200e-05 3.120006273300023113e-05 2.437022236101373904e-05 1.647611609380424713e-05 2.743840114823991802e-02 2.702141500561323073e-01 2.729930919886022211e-01 3.979258164233348441e-04 3.659689280802419335e-04 3.830246632239082310e-04 2.510629817619088652e-03 2.977696484514472976e-04 1.243973690204682305e-04 1.000000000000000021e-08 1.000000000000000021e-08 1.200430320564198414e-05 1.000000000000000021e-08 1.000000000000000021e-08 1.000000000000000021e-08 1.000000000000000021e-08 1.588275467656641868e-05 1.466593637170544838e-05 1.000000000000000021e-08 1.000000000000000021e-08 1.000000000000000021e-08 1.000000100000000021e-05 1.000000100000000021e-05 1.000000100000000021e-05 1.000000100000000021e-05 1.000000100000000021e-05 1.000000100000000021e-05 1.000000100000000021e-05 1.000000100000000021e-05 1.000000100000000021e-05 1.000000100000000021e-05 1.000000100000000021e-05
3.887089146648288685e-05 6.175069994230045938e-05 7.439026061246938732e-05 6.019942841248638509e-05 4.162440671786190395e-05 2.059781817076534322e-02 2.421068691502268055e-01 1.434470991683093580e-04 1.000000000000000021e-08 1.000000000000000021e-08 1.000000000000000021e-08 2.711602385310930971e-04 6.817189098072057828e-03 1.070485736117113209e-04 1.000000000000000021e-08 1.000000000000000021e-08 1.000000000000000021e-08 1.000000000000000021e-08 1.000000000000000021e-08 1.000000000000000021e-08 1.000000000000000021e-08 1.000000000000000021e-08 1.000000000000000021e-08 1.000000000000000021e-08 1.000000000000000021e-08 1.000000100000000021e-05 1.000000100000000021e-05 1.000000100000000021e-05 1.000000100000000021e-05 1.000000100000000021e-05 1.000000100000000021e-05 1.000000100000000021e-05 1.000000100000000021e-05 1.000000100000000021e-05 1.000000100000000021e-05 1.000000100000000021e-05 1.000000100000000021e-05
1.168328968035129025e-05 1.000000000000000021e-08 1.000000000000000021e-08 1.000000000000000021e-08 1.000000000000000021e-08 2.706107947943326986e-01 1.793017981025211427e-01 1.000000000000000021e-08 1.000000000000000021e-08 1.000000000000000021e-08 1.000000000000000021e-08 4.887804229007193350e-03 5.883150741555275703e-03 6.224478702546332176e-03 1.000000000000000021e-08 1.000000000000000021e-08 1.000000000000000021e-08 1.000000000000000021e-08 1.000000000000000021e-08 1.000000000000000021e-08 1.000000000000000021e-08 1.000000000000000021e-08 1.000000000000000021e-08 1.000000000000000021e-08 1.000000000000000021e-08 1.000000100000000021e-05 1.000000100000000021e-05 1.000000100000000021e-05 1.000000100000000021e-05 1.000000100000000021e-05 1.000000100000000021e-05 1.000000100000000021e-05 1.000000100000000021e-05 1.000000100000000021e-05 1.000000100000000021e-05 1.000000100000000021e-05 1.000000100000000021e-05
1.000000000000000021e-08 1.000000000000000021e-08 1.000000000000000021e-08 5.888252668961861018e-04 2.011283089679506420e-01 1.998960609154457890e-01 1.000000000000000021e-08 1.000000000000000021e-08 1.000000000000000021e-08 1.000000000000000021e-08 1.000000000000000021e-08 9.904317347177720322e-04 3.870822474832306612e-03 1.000000000000000021e-08 1.000000000000000021e-08 1.000000000000000021e-08 1.000000000000000021e-08 1.000000000000000021e-08 1.000000000000000021e-08 1.000000000000000021e-08 1.000000000000000021e-08 1.000000000000000021e-08 1.000000000000000021e-08 1.000000000000000021e-08 1.000000100000000021e-05 1.000000100000000021e-05 1.000000100000000021e-05 1.000000100000000021e-05 1.000000100000000021e-05 1.000000100000000021e-05 1.000000100000000021e-05 1.000000100000000021e-05 1.000000100000000021e-05 1.000000100000000021e-05 1.000000100000000021e-05 1.000000100000000021e-05 1.000000100000000021e-05
1.000000000000000021e-08 1.000000000000000021e-08 1.000000000000000021e-08 4.428035851963564563e-04 2.027627065611670998e-01 8.582274650182750879e-05 1.000000000000000021e-08 1.000000000000000021e-08 1.000000000000000021e-08 1.000000000000000021e-08 1.000000000000000021e-08 1.401154587273873136e-03 3.820982453995436625e-04 1.000000000000000021e-08 1.000000000000000021e-08 1.000000000000000021e-08 1.000000000000000021e-08 1.000000000000000021e-08 1.000000000000000021e-08 1.000000000000000021e-08 1.000000000000000021e-08 1.000000000000000021e-08 1.000000000000000021e-08 1.000000000000000021e-08 1.000000100000000021e-05 1.000000100000000021e-05 1.000000100000000021e-05 1.000000100000000021e-05 1.000000100000000021e-05 1.000000100000000021e-05 1.000000100000000021e-05 1.000000100000000021e-05 1.000000100000000021e-05 1.000000100000000021e-05 1.000000100000000021e-05 1.000000100000000021e-05 1.000000100000000021e-05
