output/water_depth_8880.asc
ncols 223
nrows 158
xllcorner 0.0
yllcorner 0.0
cellsize 30.0
[rows 51 to 67 of 158, columns 37 to 73 of 223]
1.000000100000000021e-05 1.000000100000000021e-05 1.000000100000000021e-05 1.000000100000000021e-05 1.000000100000000021e-05 1.000000100000000021e-05 1.000000100000000021e-05 1.000000100000000021e-05 1.000000100000000021e-05 1.000000100000000021e-05 1.000000100000000021e-05 1.000000100000000021e-05 1.000000100000000021e-05 1.000000100000000021e-05 1.000000100000000021e-05 1.000000100000000021e-05 1.000000100000000021e-05 1.000000100000000021e-05 1.000000100000000021e-05 1.000000100000000021e-05 1.000000100000000021e-05 1.000000100000000021e-05 1.000000100000000021e-05 1.000000100000000021e-05 1.000000100000000021e-05 1.000000100000000021e-05 1.000000100000000021e-05 1.000000100000000021e-05 1.000000100000000021e-05 1.000000100000000021e-05 1.000000100000000021e-05 1.000000100000000021e-05 1.330311012778419723e-05 2.814935876947220736e-05 3.281395044272181861e-05 1.937299993599506226e-05 1.943595240339329874e-05
1.000000100000000021e-05 1.000000100000000021e-05 1.000000100000000021e-05 1.000000100000000021e-05 1.000000100000000021e-05 1.000000100000000021e-05 1.000000100000000021e-05 1.000000100000000021e-05 1.000000100000000021e-05 1.000000100000000021e-05 1.000000100000000021e-05 1.000000100000000021e-05 1.000000100000000021e-05 1.000000100000000021e-05 1.000000100000000021e-05 1.000000100000000021e-05 1.000000100000000021e-05 1.000000100000000021e-05 1.000000100000000021e-05 1.000000100000000021e-05 1.000000100000000021e-05 1.000000100000000021e-05 1.000000100000000021e-05 1.000000100000000021e-05 1.000000100000000021e-05 1.000000100000000021e-05 1.000000100000000021e-05 1.000000100000000021e-05 1.000000100000000021e-05 1.000000100000000021e-05 1.000000100000000021e-05 1.000000100000000021e-05 1.000000000000000021e-08 1.000000000000000021e-08 4.224068582044079097e-05 6.641567386939872472e-05 1.000000000000000021e-08
1.000000100000000021e-05 1.000000100000000021e-05 1.000000100000000021e-05 1.000000100000000021e-05 1.000000100000000021e-05 1.000000100000000021e-05 1.000000100000000021e-05 1.000000100000000021e-05 1.000000100000000021e-05 1.000000100000000021e-05 1.000000100000000021e-05 1.000000100000000021e-05 1.000000100000000021e-05 1.000000100000000021e-05 1.000000100000000021e-05 1.000000100000000021e-05 1.000000100000000021e-05 1.000000100000000021e-05 1.000000100000000021e-05 1.000000100000000021e-05 1.000000100000000021e-05 1.000000100000000021e-05 1.000000100000000021e-05 1.000000100000000021e-05 1.000000100000000021e-05 1.000000100000000021e-05 1.000000100000000021e-05 1.000000100000000021e-05 1.000000100000000021e-05 1.000000100000000021e-05 1.000000100000000021e-05 1.000000100000000021e-05 1.000000000000000021e-08 1.000000000000000021e-08 1.000000000000000021e-08 1.693081590624171065e-05 2.528395195375792272e-05
1.000000100000000021e-05 1.000000100000000021e-05 1.000000100000000021e-05 1.000000100000000021e-05 1.000000100000000021e-05 1.000000100000000021e-05 1.000000100000000021e-05 1.000000100000000021e-05 1.000000100000000021e-05 1.000000100000000021e-05 1.000000100000000021e-05 1.000000100000000021e-05 1.000000100000000021e-05 1.000000100000000021e-05 1.000000100000000021e-05 1.000000100000000021e-05 1.000000100000000021e-05 1.000000100000000021e-05 1.000000100000000021e-05 1.000000100000000021e-05 1.000000100000000021e-05 1.000000100000000021e-05 1.000000100000000021e-05 1.000000100000000021e-05 1.000000100000000021e-05 1.000000100000000021e-05 1.000000100000000021e-05 1.000000100000000021e-05 1.000000100000000021e-05 1.000000100000000021e-05 1.000000100000000021e-05 1.000000000000000021e-08 1.000000000000000021e-08 1.000000000000000021e-08 1.000000000000000021e-08 1.000000000000000021e-08 1.000000000000000021e-08
1.000000100000000021e-05 1.000000100000000021e-05 1.000000100000000021e-05 1.000000100000000021e-05 1.000000100000000021e-05 1.000000100000000021e-05 1.000000100000000021e-05 1.000000100000000021e-05 1.000000100000000021e-05 1.000000100000000021e-05 1.000000100000000021e-05 1.000000100000000021e-05 1.000000100000000021e-05 1.000000100000000021e-05 1.000000100000000021e-05 1.000000100000000021e-05 1.000000100000000021e-05 1.000000100000000021e-05 1.000000100000000021e-05 1.000000100000000021e-05 1.000000100000000021e-05 1.000000100000000021e-05 1.000000100000000021e-05 1.000000100000000021e-05 1.000000100000000021e-05 1.000000100000000021e-05 1.000000100000000021e-05 1.000000100000000021e-05 1.000000100000000021e-05 1.000000100000000021e-05 1.000000000000000021e-08 1.000000000000000021e-08 1.000000000000000021e-08 1.028670910773480046e-05 1.197972501712409907e-05 1.154919397824760411e-05 1.089251375295358569e-05
1.000000100000000021e-05 1.000000100000000021e-05 1.000000100000000021e-05 1.000000100000000021e-05 1.000000100000000021e-05 1.000000100000000021e-05 1.000000100000000021e-05 1.000000100000000021e-05 1.000000100000000021e-05 1.000000100000000021e-05 1.000000100000000021e-05 1.000000100000000021e-05 1.000000100000000021e-05 1.000000100000000021e-05 1.000000100000000021e-05 1.000000100000000021e-05 1.000000100000000021e-05 1.000000100000000021e-05 1.000000100000000021e-05 1.000000100000000021e-05 1.000000100000000021e-05 1.000000100000000021e-05 1.000000100000000021e-05 1.000000100000000021e-05 1.000000100000000021e-05 1.000000100000000021e-05 1.000000100000000021e-05 1.000000100000000021e-05 1.000000100000000021e-05 1.000000000000000021e-08 1.000000000000000021e-08 1.777311454081921294e-05 2.147528269678506226e-05 2.126501589456075694e-05 1.000000000000000021e-08 1.000000000000000021e-08 1.000000000000000021e-08
1.000000100000000021e-05 1.000000100000000021e-05 1.000000100000000021e-05 1.000000100000000021e-05 1.000000100000000021e-05 1.000000100000000021e-05 1.000000100000000021e-05 1.000000100000000021e-05 1.000000100000000021e-05 1.000000100000000021e-05 1.000000100000000021e-05 1.000000100000000021e-05 1.000000100000000021e-05 1.000000100000000021e-05 1.000000100000000021e-05 1.000000100000000021e-05 1.000000100000000021e-05 1.000000100000000021e-05 1.000000100000000021e-05 1.000000100000000021e-05 1.000000100000000021e-05 1.000000100000000021e-05 1.000000100000000021e-05 1.000000100000000021e-05 1.000000100000000021e-05 1.000000100000000021e-05 1.000000100000000021e-05 1.000000100000000021e-05 1.000000000000000021e-08 1.000000000000000021e-08 1.000000000000000021e-08 1.000000000000000021e-08 2.733885132997692380e-05 2.864248758456038139e-05 1.000000000000000021e-08 1.000000000000000021e-08 1.000000000000000021e-08
1.000000100000000021e-05 1.000000100000000021e-05 1.000000100000000021e-05 1.000000100000000021e-05 1.000000100000000021e-05 1.000000100000000021e-05 1.000000100000000021e-05 1.000000100000000021e-05 1.000000100000000021e-05 1.000000100000000021e-05 1.000000100000000021e-05 1.000000100000000021e-05 1.000000100000000021e-05 1.000000100000000021e-05 1.000000100000000021e-05 1.000000100000000021e-05 1.000000100000000021e-05 1.000000100000000021e-05 1.000000100000000021e-05 1.000000100000000021e-05 1.000000100000000021e-05 1.000000100000000021e-05 1.000000100000000021e-05 1.000000100000000021e-05 1.000000100000000021e-05 1.000000100000000021e-05 1.000000000000000021e-08 1.000000000000000021e-08 1.000000000000000021e-08 1.000000000000000021e-08 1.000000000000000021e-08 1.934362319067383019e-05 1.742536576624982450e-05 1.000000000000000021e-08 1.000000000000000021e-08 1.000000000000000021e-08 1.000000000000000021e-08
1.000000100000000021e-05 1.000000100000000021e-05 1.000000100000000021e-05 1.000000100000000021e-05 1.000000100000000021e-05 1.000000100000000021e-05 1.000000100000000021e-05 1.000000100000000021e-05 1.000000100000000021e-05 1.000000100000000021e-05 1.000000100000000021e-05 1.000000100000000021e-05 1.000000100000000021e-05 1.000000100000000021e-05 1.000000100000000021e-05 1.000000100000000021e-05 1.000000100000000021e-05 1.000000100000000021e-05 1.000000100000000021e-05 1.000000100000000021e-05 1.000000100000000021e-05 1.000000100000000021e-05 1.000000100000000021e-05 2.673271516461060089e-05 1.000000000000000021e-08 1.000000000000000021e-08 1.000000000000000021e-08 1.000000000000000021e-08 1.000000000000000021e-08 1.000754002785006865e-05 1.000000000000000021e-08 1.000000000000000021e-08 1.937297323264712824e-05 1.971392244411232497e-05 3.945365844017358303e-05 5.801172782291347344e-05 4.380258880208351782e-05
1.000000100000000021e-05 1.000000100000000021e-05 1.000000100000000021e-05 1.000000100000000021e-05 1.000000100000000021e-05 1.000000100000000021e-05 1.000000100000000021e-05 1.000000100000000021e-05 1.000000100000000021e-05 1.000000100000000021e-05 1.000000100000000021e-05 1.000000000000000021e-08 1.330387197190379673e-05 2.550436983895288770e-05 4.464542403601980179e-05 1.809494177063382598e-04 4.114552065156290572e-04 2.025174799682085205e-02 1.959942989561061152e-02 1.000000100000000021e-05 1.000000100000000021e-05 1.000000100000000021e-05 1.000000000000000021e-08 2.956074853012143934e-05 1.141938198632596112e-05 1.000000000000000021e-08 1.092674079653103640e-05 1.603990901839115203e-05 1.714373463387193871e-05 1.676289051864123927e-05 1.000000000000000021e-08 1.000000000000000021e-08 1.139205632680024276e-05 2.392934849362382812e-05 2.566624678144853886e-05 3.644017428650241569e-05 7.839278592893729101e-05
1.000000100000000021e-05 1.000000100000000021e-05 1.000000100000000021e-05 1.000000100000000021e-05 1.000000100000000021e-05 1.000000100000000021e-05 1.000000100000000021e-05 1.000000100000000021e-05 1.000000100000000021e-05 1.000000100000000021e-05 1.000000000000000021e-08 1.000000000000000021e-08 1.000000000000000021e-08 1.000000000000000021e-08 1.000000000000000021e-08 1.767009969816356340e-04 2.477886814290875613e-04 3.612643866326243291e-04 1.818306458039219836e-02 1.658374542418154449e-02 1.268069672273536806e-02 4.693960592223734955e-04 3.403970549374711174e-04 1.202370472748669986e-03 9.593468265663441510e-04 1.000000000000000021e-08 1.000000000000000021e-08 1.000000000000000021e-08 1.000000000000000021e-08 1.000000000000000021e-08 1.000000000000000021e-08 1.000000000000000021e-08 1.253933152653008822e-05 1.000000000000000021e-08 1.000000000000000021e-08 1.000000000000000021e-08 1.000000000000000021e-08
6.328972978463815325e-05 4.754415653673099652e-05 4.352560035290608815e-05 2.812974795330813957e-05 2.689748424854347921e-05 2.067342896651511416e-05 1.536826568311189646e-05 1.442652804887984696e-05 1.277091179165417041e-05 1.129904034283097718e-05 1.108429996238553677e-05 1.178584169197429671e-05 1.394144389432090714e-05 1.046493183260460854e-05 5.958902485212570288e-05 2.673822872960637115e-04 3.037045645855658712e-04 2.848899027275289685e-05 1.000000000000000021e-08 1.704495948105529818e-02 1.000000000000000021e-08 3.433291304055762221e-04 2.395372577578193548e-04 1.323369811398923549e-03 1.613884559577013740e-03 1.737558190315770896e-04 1.000000000000000021e-08 1.178606821418245323e-05 1.558074622381849919e-05 1.872512095991641086e-05 3.974236258139897610e-04 6.380131043034087835e-04 6.324818045241818168e-04 3.985879682384809255e-04 3.072880557946072863e-04 2.326270290762501498e-04 1.832797995687684316e-04
4.792894076775442818e-05 1.139565900370005322e-04 1.336753566622097048e-04 1.838967398937385513e-04 1.966003020468510534e-04 2.050181827366199790e-04 2.185496836853622140e-04 2.677562918869817233e-04 3.322721534429305549e-04 2.203916436114542637e-04 2.450386649054508417e-04 2.646592523908510995e-04 3.342617866141985592e-04 4.026768496318477108e-04 5.357227856678631025e-04 4.726078901547339371e-04 3.807483697704985436e-04 2.566008859137061671e-04 1.000000000000000021e-08 1.000000000000000021e-08 1.349035101673685071e-05 3.453649765733866331e-04 2.316185070700968799e-04 2.090029753647811885e-03 3.565051044967626481e-03 3.057453110952804143e-03 3.125153751456521013e-03 3.201752403580711368e-03 3.892054577350840573e-03 3.337423500578429788e-03 3.324320048169559887e-03 3.315851193191277947e-03 2.390378757563198231e-03 1.612273619156299369e-03 2.228192485881313036e-04 1.812521189714297863e-04 2.461712303198426450e-03
2.870676611847004090e-05 1.000000000000000021e-08 3.847912932919118439e-05 3.953969268803732279e-05 2.528838415834163160e-05 2.193051132102150216e-05 1.000000000000000021e-08 1.000000000000000021e-08 1.000000000000000021e-08 1.628569479752460590e-04 1.813582168693673882e-04 2.207246699379698687e-04 1.810132275700888818e-04 1.317639112448189059e-04 9.934325236945533107e-05 7.587952631911896691e-05 2.406882652602663586e-04 2.032615629501852378e-04 1.000000000000000021e-08 1.000000000000000021e-08 1.204345809645961999e-05 1.504642023836163605e-05 2.716788890043691265e-05 4.803712452262409916e-05 6.683303197260879373e-05 6.387433245081272041e-05 9.346349064057365692e-05 1.849002761533044287e-04 1.000000000000000021e-08 1.000000000000000021e-08 1.210487469062710107e-05 1.369908468171084240e-05 1.387841851461834967e-03 1.527085165673187916e-03 2.658621590794751563e-03 3.152406433431007623e-03 2.343628075929127946e-03
3.317727488896936604e-05 3.516198658039140188e-05 3.559818142686915418e-05 1.000000000000000021e-08 1.000000000000000021e-08 1.000000000000000021e-08 1.000000000000000021e-08 1.000000000000000021e-08 1.000000000000000021e-08 1.000000000000000021e-08 1.000000000000000021e-08 1.000000000000000021e-08 1.000000000000000021e-08 1.000000000000000021e-08 1.000000000000000021e-08 1.000000000000000021e-08 1.972449702972512483e-03 1.968193617806198586e-03 1.000000000000000021e-08 1.000000000000000021e-08 1.000000000000000021e-08 1.000000000000000021e-08 3.128249727834355359e-05 6.117172409696560245e-05 7.309709791416953790e-05 1.000000000000000021e-08 1.030498429845286263e-04 1.000000000000000021e-08 1.000000000000000021e-08 1.000000000000000021e-08 1.000000000000000021e-08 1.086425697559319051e-05 1.087607408114471021e-03 2.091750415137452485e-03 1.526788974359318766e-03 9.823517467913221550e-04 7.509381306537763574e-04
2.636962551117214316e-05 2.449665549317000103e-05 2.322638883278826773e-05 1.000000000000000021e-08 1.000000000000000021e-08 1.000000000000000021e-08 1.000000000000000021e-08 1.000000000000000021e-08 1.000000000000000021e-08 1.000000000000000021e-08 1.000000000000000021e-08 1.000000000000000021e-08 1.000000000000000021e-08 1.924694041313584404e-05 1.000000000000000021e-08 1.000000000000000021e-08 3.600199929132149419e-05 1.462469822787078751e-05 3.357245805234781788e-05 3.875933942845461480e-05 3.361629619237457329e-05 5.156056453585497430e-05 4.661068831790506978e-05 9.031798094810323282e-05 8.813469618582237669e-05 1.000000000000000021e-08 6.022638823789380134e-05 1.294279680307181858e-05 1.000000000000000021e-08 1.000000000000000021e-08 1.000000000000000021e-08 1.368497562267229358e-05 2.104811709857289253e-05 3.031850451215831784e-05 2.961648534364013413e-05 2.633361894364502444e-05 1.000000000000000021e-08
2.125476135224131267e-05 1.822551172990427280e-05 1.693066645177211110e-05 1.000000000000000021e-08 1.000000000000000021e-08 1.000000000000000021e-08 1.257615674034367701e-05 1.000000000000000021e-08 1.000000000000000021e-08 1.000000000000000021e-08 1.000000000000000021e-08 1.000000000000000021e-08 1.273593695900773450e-05 1.767963075985865210e-05 1.000000000000000021e-08 1.000000000000000021e-08 1.000000000000000021e-08 1.284744922215534505e-05 2.211015656597713252e-05 1.000000000000000021e-08 1.000000000000000021e-08 1.000000000000000021e-08 3.386144506373558755e-05 1.122798078430932152e-04 1.000000000000000021e-08 1.248104924093837308e-05 1.000000000000000021e-08 1.573913349705389212e-05 1.000000000000000021e-08 1.000000000000000021e-08 1.000000000000000021e-08 1.075512460193283266e-05 1.113611330086849714e-05 1.199306276794930088e-05 1.257035540822768583e-05 1.308642908302849706e-05 1.929216635197893222e-05
