output/water_depth_5040.asc
ncols 223
nrows 158
xllcorner 0.0
yllcorner 0.0
cellsize 30.0
[rows 136 to 152 of 158, columns 148 to 184 of 223]
1.000000000000000021e-08 1.000000000000000021e-08 1.000000000000000021e-08 1.527602423614327158e-05 1.000000000000000021e-08 1.000000000000000021e-08 2.604637867788680520e-05 1.000000000000000021e-08 1.000000000000000021e-08 1.000000000000000021e-08 1.890692452219240268e-05 2.982007747320415111e-05 2.396446942417036871e-05 1.000000000000000021e-08 1.000000000000000021e-08 1.000000000000000021e-08 1.000000000000000021e-08 1.987365840028157139e-05 3.904681774437365868e-05 7.290253335138474600e-05 1.000000000000000021e-08 1.000000000000000021e-08 1.000000000000000021e-08 1.000000000000000021e-08 1.000000000000000021e-08 2.093143640905704457e-05 1.000000000000000021e-08 1.000000000000000021e-08 1.000000000000000021e-08 1.000000000000000021e-08 1.000000000000000021e-08 1.000000000000000021e-08 1.000000000000000021e-08 1.000000000000000021e-08 1.000000000000000021e-08 1.000000000000000021e-08 2.772579397594323938e-05
1.000000000000000021e-08 1.000000000000000021e-08 1.000000000000000021e-08 1.535297815977886403e-05 1.494663836839718436e-05 1.403510807243649317e-05 1.000000000000000021e-08 1.000000000000000021e-08 1.000000000000000021e-08 1.000000000000000021e-08 1.000000000000000021e-08 1.000000000000000021e-08 1.582594214934911211e-05 1.977386594441783371e-04 2.776953633677514189e-04 3.825983155079664853e-04 5.483016400790164356e-04 7.349130878952752754e-04 5.343543027064275378e-04 2.919113042856362429e-04 2.420024359495077265e-04 1.283165355300639127e-03 1.421022462686452603e-03 1.746618796305452912e-03 2.509462385675045567e-04 2.024935013039013451e-04 1.228762301735748146e-04 1.000000000000000021e-08 1.000000000000000021e-08 1.000000000000000021e-08 1.000000000000000021e-08 1.000000000000000021e-08 1.000000000000000021e-08 1.000000000000000021e-08 1.000000000000000021e-08 1.427089474830463628e-05 1.457695728030415096e-04
1.000000000000000021e-08 1.000000000000000021e-08 1.000000000000000021e-08 1.203336725262690270e-05 1.000000000000000021e-08 1.000000000000000021e-08 1.000000000000000021e-08 1.000000000000000021e-08 1.000000000000000021e-08 4.172979441159659748e-05 8.201581921286069457e-05 1.334486439491444285e-04 3.367849187416477211e-04 2.385389610858753792e-04 1.345107903795111459e-04 8.427206847924489377e-05 4.474719075537578655e-05 4.439419940342623975e-04 1.341391927029988295e-05 1.000000000000000021e-08 1.341968207718207113e-05 1.000000000000000021e-08 1.131694820248881272e-05 1.000000000000000021e-08 2.210586046077678464e-04 2.737388684393511802e-04 8.928985120208053270e-05 1.477925384044730746e-04 1.000000000000000021e-08 1.000000000000000021e-08 1.000000000000000021e-08 1.000000000000000021e-08 1.000000000000000021e-08 1.000000000000000021e-08 1.127570798505855872e-05 1.480635305344362427e-04 1.504200157184592895e-04
3.721736112422831906e-05 4.223683848381849657e-05 4.653585307259791408e-05 4.503861997826268235e-05 1.000000000000000021e-08 1.000000000000000021e-08 1.000000000000000021e-08 2.126014500751529276e-05 6.722633974283820173e-05 1.000000000000000021e-08 3.870195178362975533e-05 1.000000000000000021e-08 1.773802750634424948e-04 1.000000000000000021e-08 1.000000000000000021e-08 1.000000000000000021e-08 1.000000000000000021e-08 1.000000000000000021e-08 1.000000000000000021e-08 1.916358448703636561e-05 1.000000000000000021e-08 1.000000000000000021e-08 1.000000000000000021e-08 1.000000000000000021e-08 1.571501152793042957e-05 2.379354713513063657e-04 4.325990144970465038e-04 4.424632900324188532e-04 1.338538722354917646e-03 1.604771606080804258e-04 5.006550520085305760e-05 4.267238392874717968e-05 1.330955715416274364e-05 1.000000000000000021e-08 1.280047302646505992e-05 4.767865962268064638e-04 5.870990553722328382e-04
2.365704532938040021e-05 2.791419901651302090e-05 3.165435977898491647e-05 4.163770151717561597e-05 2.904695454746360683e-05 2.323426567415404759e-05 2.402545623995346513e-05 2.487688907167179671e-05 1.025059138219301631e-04 1.384541730114448104e-04 9.067045850835047955e-05 1.003416308322490616e-04 1.037521411310058267e-04 1.000000000000000021e-08 1.000000000000000021e-08 1.000000000000000021e-08 1.000000000000000021e-08 1.000000000000000021e-08 1.000000000000000021e-08 1.441147516699280045e-05 1.000000000000000021e-08 1.323432149721874204e-05 1.000000000000000021e-08 1.000000000000000021e-08 1.000000000000000021e-08 1.000000000000000021e-08 4.866586809315037840e-04 9.380212446111646941e-04 2.038977531826210218e-03 1.630052714335349226e-03 5.594542966416889964e-04 7.546652236781649240e-04 1.000467742052839858e-03 3.180393197516676843e-04 5.067227460161815873e-04 3.583884569354403972e-04 4.731161072047763484e-04
1.000000000000000021e-08 1.000000000000000021e-08 1.000000000000000021e-08 1.276850503342337985e-05 1.000000000000000021e-08 1.000000000000000021e-08 1.000000000000000021e-08 1.424204948192188652e-04 1.110766484914391149e-04 1.576374784714242873e-04 1.000000000000000021e-08 1.000000000000000021e-08 1.000000000000000021e-08 1.000000000000000021e-08 1.000000000000000021e-08 1.143557575559045785e-05 1.867298965590755434e-05 1.614802692082540698e-05 1.323859831361563445e-05 1.130109118410334764e-05 1.120316555931601344e-05 1.249221097561209747e-05 1.000000000000000021e-08 1.000000000000000021e-08 1.000000000000000021e-08 1.000000000000000021e-08 1.299681850817928683e-05 1.358390486887325111e-05 1.370692132734105609e-05 1.782407271533667254e-03 1.968171057315127800e-03 1.507070207652741467e-03 1.656599895067473833e-03 1.016077245876595555e-03 3.216574574804937844e-03 2.464249033288979165e-03 1.873451801145747768e-03
1.000000000000000021e-08 1.000000000000000021e-08 1.000000000000000021e-08 1.000000000000000021e-08 1.000000000000000021e-08 1.000000000000000021e-08 1.000000000000000021e-08 1.000000000000000021e-08 5.319593858382630258e-05 2.100865618853565010e-05 1.000000000000000021e-08 1.000000000000000021e-08 1.000000000000000021e-08 1.000000000000000021e-08 1.000000000000000021e-08 1.000000000000000021e-08 1.856022022283676401e-05 2.367430350608406916e-05 2.949666939272260798e-05 3.073987596236398961e-05 1.000000000000000021e-08 1.277146892659775768e-05 1.260822075960394663e-05 1.288114552464300280e-05 1.196816750435039455e-05 1.426203568920001176e-05 1.441491131126302903e-05 1.000000000000000021e-08 1.000000000000000021e-08 1.000000000000000021e-08 1.043933705208530414e-05 1.000000000000000021e-08 1.568551101127928479e-05 3.544919027917575613e-05 7.971546045208682374e-05 2.184430031646004619e-03 3.039836081146850711e-03
1.000000000000000021e-08 1.000000000000000021e-08 1.000000000000000021e-08 1.000000000000000021e-08 1.000000000000000021e-08 1.000000000000000021e-08 1.000000000000000021e-08 1.000000000000000021e-08 1.000000000000000021e-08 1.170172182661449561e-05 1.000000000000000021e-08 1.000000000000000021e-08 1.040183087084303119e-05 1.238271469322548852e-05 1.547168920087022749e-05 1.653729520918379676e-05 1.735064148347782587e-05 1.000000000000000021e-08 1.000000000000000021e-08 2.506373236430419106e-05 2.538727531095151576e-05 2.553208701283680480e-05 2.645487354305895098e-05 3.079359946509615549e-05 3.379564733490028719e-05 4.702495820560877388e-05 5.031352819749624358e-05 1.000000000000000021e-08 1.000000000000000021e-08 1.000000000000000021e-08 1.000000000000000021e-08 1.367356901806409318e-05 1.159776432532295018e-05 2.579909757258629346e-05 6.369558251022797970e-05 5.787221522214080653e-05 3.487272813924642448e-04
1.000000000000000021e-08 1.000000000000000021e-08 1.000000000000000021e-08 1.000000000000000021e-08 1.142969252932586747e-05 1.000000000000000021e-08 1.000000000000000021e-08 1.000000000000000021e-08 1.000000000000000021e-08 1.000000000000000021e-08 1.000000000000000021e-08 1.028502137079726469e-05 1.011934387851624283e-05 1.000000000000000021e-08 1.981148050402644392e-05 1.000000000000000021e-08 1.000000000000000021e-08 1.000000000000000021e-08 1.000000000000000021e-08 1.958086478213275330e-05 2.276580467874012725e-05 4.572405342594700040e-05 8.043347833093812530e-05 1.000000000000000021e-08 1.991842015251402194e-05 2.573391916258107567e-05 3.253684752963079460e-05 1.923754040708204168e-05 1.000000000000000021e-08 1.000000000000000021e-08 1.539403521927500140e-05 1.800399967650966651e-05 2.395369161314965702e-05 3.363559739698426983e-05 3.466441761327898548e-05 6.086891773252922665e-05 3.648623777337797519e-05
1.000000000000000021e-08 1.000000000000000021e-08 1.000000000000000021e-08 1.000000000000000021e-08 1.000000000000000021e-08 1.000000000000000021e-08 1.042128220751314527e-05 1.183828083446254982e-05 1.167584217930233051e-05 1.000000000000000021e-08 1.005382214137265887e-05 2.071971018303805486e-05 2.453826387084163797e-05 2.775079147319225637e-05 3.737078163351254250e-05 7.093946556069212277e-05 5.747412316677725223e-05 1.000000000000000021e-08 5.537439987711718605e-05 6.367987265529454085e-05 1.089342668593827878e-04 1.000000000000000021e-08 1.000000000000000021e-08 1.000000000000000021e-08 1.000000000000000021e-08 1.000000000000000021e-08 1.169546601478460306e-05 1.048107912700124482e-05 1.000000000000000021e-08 1.000000000000000021e-08 1.000000000000000021e-08 3.722503408548914804e-05 1.000000000000000021e-08 1.014153093750676891e-05 1.000000000000000021e-08 1.173568180365299156e-05 1.000000000000000021e-08
2.446989252779583046e-05 2.266935312966605830e-05 2.822049474230874016e-05 4.677629191317274592e-05 4.534400059883633379e-05 4.187962061711784028e-05 3.937982370367206007e-05 4.607719422773904158e-05 1.000000000000000021e-08 1.625049349798195271e-05 2.453243479339083398e-05 1.000000000000000021e-08 1.000000000000000021e-08 1.000000000000000021e-08 2.589280050554814902e-05 2.802029099661513311e-05 6.547863249031293049e-05 6.470833310303199205e-05 4.660919926614897165e-05 1.042451817513756165e-04 1.105428291086589391e-04 7.948535965458340669e-05 1.000000000000000021e-08 1.000000000000000021e-08 1.000000000000000021e-08 1.000000000000000021e-08 1.318772704943553093e-05 1.827702492710292127e-05 1.000000000000000021e-08 1.000000000000000021e-08 1.000000000000000021e-08 1.000000000000000021e-08 1.000000000000000021e-08 1.000000000000000021e-08 1.000000000000000021e-08 1.233055148538473023e-05 1.711426011263389956e-04
1.000000000000000021e-08 1.176175110920163469e-05 2.675066025786272645e-05 5.363853381433522757e-05 9.787722230382663090e-05 8.753008617282275372e-05 1.000000000000000021e-08 1.000000000000000021e-08 1.000000000000000021e-08 2.018328681202644984e-05 3.579022466501991965e-05 4.161148806175802613e-05 4.465810624011272060e-05 4.023477790089888284e-05 3.965700269446887825e-05 1.000000000000000021e-08 1.000000000000000021e-08 1.000000000000000021e-08 1.000000000000000021e-08 1.000000000000000021e-08 1.000000000000000021e-08 1.000000000000000021e-08 1.000000000000000021e-08 1.000000000000000021e-08 1.000000000000000021e-08 1.000000000000000021e-08 1.517471804775031670e-05 1.000000000000000021e-08 1.095206602440210107e-05 1.412654883855650456e-05 2.023412496720701612e-05 1.000000000000000021e-08 1.045311702921026806e-05 1.000000000000000021e-08 1.017036306185460014e-05 2.320259814045974833e-05 4.053366068505264645e-05
2.060519420051135444e-05 2.685185203536572776e-05 2.715264083543588811e-05 1.936610864318518774e-05 1.000000000000000021e-08 1.000000000000000021e-08 1.000000000000000021e-08 1.000000000000000021e-08 1.000000000000000021e-08 1.000000000000000021e-08 4.705613136454564320e-05 7.695045882282622253e-05 7.180149607835628980e-05 1.000000000000000021e-08 2.044482706915505801e-05 1.341215006582986244e-05 1.182171736839624047e-05 1.223188190016635190e-05 7.215893253355349258e-05 6.170425748638269702e-05 3.480956013061004456e-05 2.231019746373038982e-05 1.789619542395597143e-05 1.900601212565269951e-05 1.936832377141603766e-05 2.111391594079984580e-05 2.218308575292086483e-05 2.469399340202010074e-05 3.670598181865938176e-05 3.309185651851899142e-05 3.663579819719014460e-05 3.484118470439061753e-05 3.590841035735394134e-05 3.733015657602288225e-05 4.111608803564393053e-05 4.355144894192456003e-05 7.992311173413579493e-04
6.299057728739386431e-05 7.066159944863647418e-05 6.637602064203884872e-05 5.280628633624573186e-05 4.621023610489976397e-05 7.884744252269032495e-05 1.332435114299407536e-04 7.922968892242191385e-05 2.998631980670110061e-05 1.000000000000000021e-08 1.151183219262984220e-05 1.455070865749782565e-05 3.268239824245777899e-05 2.761071445863546393e-05 3.897944588991811488e-05 3.659201878969184628e-05 4.991062874998048756e-05 1.601532199155945472e-05 3.016998158580232696e-05 2.765512246418044416e-05 3.649814508992225623e-05 2.381923944888447741e-04 1.020293659104013288e-05 1.381027560142809770e-05 1.204169835594446409e-05 1.623329637777187821e-05 1.413190230176594134e-05 1.848064702349407065e-05 1.526711631055204186e-05 2.132758290006898995e-05 2.741824201068941626e-05 4.616920669116748876e-05 4.046248793951478140e-05 5.435545217690595517e-05 4.853265479076830045e-05 8.604542172730907665e-04 8.460147468578522231e-04
6.247157196840896103e-05 1.181893667673161871e-04 1.787093654925376966e-04 2.402563611659393032e-04 2.973890767084774690e-04 3.471028101539868228e-04 3.863058439881023558e-05 4.705097281504013747e-05 3.963261049007956642e-05 5.118770315618331355e-05 4.275977748509701627e-05 5.549836064881437728e-05 1.706029209377901701e-05 1.000000000000000021e-08 1.000000000000000021e-08 1.000000000000000021e-08 1.000000000000000021e-08 2.723453827277972920e-05 2.424075572016884538e-05 3.237042458356194965e-05 1.039800685532127049e-05 2.092439234204838792e-05 2.268081055012406927e-04 1.000000000000000021e-08 1.000000000000000021e-08 1.440769159845334087e-05 1.744637434344511258e-05 1.882707177384183525e-05 2.565265198389288034e-05 1.259914068343051093e-05 1.747579199452345129e-04 1.962681850347752473e-04 1.768442384602254727e-04 1.000000000000000021e-08 1.000000000000000021e-08 5.052661061331061661e-05 1.751538781967173949e-05
1.000000000000000021e-08 2.144424327757633709e-05 1.000000000000000021e-08 1.000000000000000021e-08 1.000000000000000021e-08 1.000000000000000021e-08 1.000000000000000021e-08 1.000000000000000021e-08 1.000000000000000021e-08 1.000000000000000021e-08 4.603647480722344328e-05 1.000000000000000021e-08 1.000000000000000021e-08 1.000000000000000021e-08 1.000000000000000021e-08 1.000000000000000021e-08 7.056066897425885718e-05 8.899792067065362172e-05 6.365909189143824679e-05 6.008321192979742870e-05 2.116823449224738128e-05 3.547931046232604432e-05 6.951425553189016142e-05 2.265913835862216777e-05 2.684177501090659139e-04 1.509760503404773743e-05 1.335051798879690632e-05 1.814269857886610356e-05 1.569316414067566112e-05 1.963756022090272903e-04 1.866584900860001779e-05 3.288660803167536601e-05 5.159810356493760753e-05 9.249646158664221666e-05 1.602224855489677165e-04 6.126958023667332365e-05 1.087732384595230663e-04
2.782623321842635285e-05 2.411473295289409051e-05 1.000000000000000021e-08 1.000000000000000021e-08 1.000000000000000021e-08 1.000000000000000021e-08 1.000000000000000021e-08 1.000000000000000021e-08 1.000000000000000021e-08 1.000000000000000021e-08 1.000000000000000021e-08 1.847156952431318057e-05 1.881247750955686437e-05 1.469646923338038335e-05 1.724671090794157140e-05 2.641330074324733517e-05 1.000000000000000021e-08 1.000000000000000021e-08 2.019487022958314394e-05 1.000000000000000021e-08 1.000000000000000021e-08 1.000000000000000021e-08 1.000000000000000021e-08 4.300446604745578489e-05 6.529321331915215079e-05 4.643833076534522090e-04 3.426388071109200036e-05 3.031423262986133923e-05 4.136955104086640939e-05 3.506154991533276153e-05 4.828483052533604533e-05 2.511706781367606628e-04 2.165149352089394859e-04 4.597912546217785526e-04 3.865612557641953597e-04 2.862791250576359196e-04 1.594904273331920589e-04
