output/water_depth_6840.asc
ncols 223
nrows 158
xllcorner 0.0
yllcorner 0.0
cellsize 30.0
[rows 68 to 84 of 158, columns 111 to 147 of 223]
1.000000000000000021e-08 4.838981090086955106e-05 1.000000000000000021e-08 1.286270881171244914e-05 1.000000000000000021e-08 1.917911086518452255e-05 1.000000000000000021e-08 1.000000000000000021e-08 1.604902577614968968e-05 3.412079519937974881e-04 2.207135409949031307e-04 1.291946243027860457e-04 1.000000000000000021e-08 1.000000000000000021e-08 1.000000000000000021e-08 1.000000000000000021e-08 1.000000000000000021e-08 1.000000000000000021e-08 1.000000000000000021e-08 1.000000000000000021e-08 1.000000000000000021e-08 1.000000000000000021e-08 1.000000000000000021e-08 1.000000000000000021e-08 1.000000000000000021e-08 1.000000000000000021e-08 1.000000000000000021e-08 2.795876654208224251e-05 3.806721812030656581e-03 4.766241201949336865e-04 1.000000000000000021e-08 1.000000000000000021e-08 3.409836039931504411e-05 3.518408599136961773e-05 1.000000000000000021e-08 1.000000000000000021e-08 1.603438031642965102e-05
6.667178671338890462e-05 4.878619547957253086e-04 1.625485199497079310e-03 5.827329244973577897e-03 7.651015152149916523e-03 5.245981526043760890e-03 4.729679133319076786e-03 1.421534551489685692e-05 1.722632454606083012e-05 1.212968879679174425e-05 1.002043158981531947e-04 1.000000000000000021e-08 1.000000000000000021e-08 1.000000000000000021e-08 1.000000000000000021e-08 1.000000000000000021e-08 1.000000000000000021e-08 1.000000000000000021e-08 1.000000000000000021e-08 1.000000000000000021e-08 1.000000000000000021e-08 1.314646876517432735e-05 2.546043757517610560e-05 1.000000000000000021e-08 1.000000000000000021e-08 1.000000000000000021e-08 1.000000000000000021e-08 1.000000000000000021e-08 1.143368368496868213e-05 5.956838194586381620e-04 4.114864835121389338e-04 3.034296300929866549e-04 6.989073307768762079e-05 4.073390391445176351e-05 1.000000000000000021e-08 1.000000000000000021e-08 1.474558929573022851e-05
3.366960324609346786e-03 8.467584750757491119e-03 8.479580994986201520e-03 5.781068163315286959e-03 4.031154359672820507e-03 7.587712506117670272e-03 9.420275654600955562e-03 2.366891063125281351e-03 1.000000000000000021e-08 1.000000000000000021e-08 1.000000000000000021e-08 1.000000000000000021e-08 1.000000000000000021e-08 1.000000000000000021e-08 1.107648295563045749e-05 1.000000000000000021e-08 1.000000000000000021e-08 1.000000000000000021e-08 1.000000000000000021e-08 1.000000000000000021e-08 1.000000000000000021e-08 2.399382806668013494e-05 1.000000000000000021e-08 1.000000000000000021e-08 1.000000000000000021e-08 1.000000000000000021e-08 1.000000000000000021e-08 1.000000000000000021e-08 1.000000000000000021e-08 5.449745216363914205e-05 3.608301815523022441e-04 4.418592287649363416e-05 1.000000000000000021e-08 4.559296492488046257e-05 1.000000000000000021e-08 1.000000000000000021e-08 1.313095864573830860e-05
1.943775686101991860e-03 2.768217082334025782e-03 1.314364514407871166e-04 1.000000000000000021e-08 1.000000000000000021e-08 1.000000000000000021e-08 9.563718599003781171e-03 9.793230348851890074e-03 1.607001777179612337e-05 1.000000000000000021e-08 1.000000000000000021e-08 1.000000000000000021e-08 1.000000000000000021e-08 1.000000000000000021e-08 1.000000000000000021e-08 1.000000000000000021e-08 1.000000000000000021e-08 1.000000000000000021e-08 1.000000000000000021e-08 1.000000000000000021e-08 1.000000000000000021e-08 2.525686712956561731e-05 2.905523317272140158e-05 1.000000000000000021e-08 1.000000000000000021e-08 1.000000000000000021e-08 1.000000000000000021e-08 1.000000000000000021e-08 1.209828014757713007e-05 6.736832104640568344e-05 3.987180559394261055e-04 9.668213797619981936e-04 1.588182364720735812e-04 3.654938227843022299e-05 1.000000000000000021e-08 1.000000000000000021e-08 1.502696283185360320e-05
1.110422648015698625e-03 1.401277281096564679e-03 2.094724795386099551e-04 1.000000000000000021e-08 1.000000000000000021e-08 1.000000000000000021e-08 2.545744442242684705e-03 1.086329076533604741e-02 4.820869495207832266e-05 1.000000000000000021e-08 1.000000000000000021e-08 1.000000000000000021e-08 1.000000000000000021e-08 1.000000000000000021e-08 1.000000000000000021e-08 1.000000000000000021e-08 1.000000000000000021e-08 1.000000000000000021e-08 1.000000000000000021e-08 1.000000000000000021e-08 1.000000000000000021e-08 1.000000000000000021e-08 4.450379521063592360e-05 1.000000000000000021e-08 1.000000000000000021e-08 1.000000000000000021e-08 1.000000000000000021e-08 1.208372133109243629e-05 1.000000000000000021e-08 1.000000000000000021e-08 1.000000000000000021e-08 8.461422727805457955e-04 1.203625566040744058e-03 2.545402265385686918e-05 1.000000000000000021e-08 1.000000000000000021e-08 1.000000000000000021e-08
1.208970394888853517e-04 1.079333856553361037e-03 1.480144498516658966e-04 1.699349855552906470e-04 1.598978813127216578e-04 2.493744466257114185e-04 2.201210759880987229e-04 4.020729694777761681e-02 1.163099400802173992e-02 5.751669563180606721e-05 1.000000000000000021e-08 1.000000000000000021e-08 1.000000000000000021e-08 1.000000000000000021e-08 1.000000000000000021e-08 1.000000000000000021e-08 1.000000000000000021e-08 1.000000000000000021e-08 1.000000000000000021e-08 1.000000000000000021e-08 1.000000000000000021e-08 1.000000000000000021e-08 6.226976936633563738e-05 1.000000000000000021e-08 1.000000000000000021e-08 1.000000000000000021e-08 1.000000000000000021e-08 1.000000000000000021e-08 1.000000000000000021e-08 1.000000000000000021e-08 1.000000000000000021e-08 1.000000000000000021e-08 6.258013775760374328e-04 4.422095310504971363e-04 2.278687607877802346e-04 1.430930242580695185e-04 1.026575415738106622e-04
1.556458784304270114e-03 1.848292595905244660e-04 1.647100979178925850e-05 1.128921541960935590e-05 1.343698319870062128e-04 1.118545333914033554e-04 1.000000000000000021e-08 1.000000000000000021e-08 1.126972654875236547e-02 2.077029969986581709e-03 1.000000000000000021e-08 1.000000000000000021e-08 1.000000000000000021e-08 1.000000000000000021e-08 1.000000000000000021e-08 1.000000000000000021e-08 1.000000000000000021e-08 1.000000000000000021e-08 3.644895533609347104e-05 1.000000000000000021e-08 1.000000000000000021e-08 2.253439682531703978e-05 8.156066988374955729e-05 1.000000000000000021e-08 1.000000000000000021e-08 1.000000000000000021e-08 1.000000000000000021e-08 1.000000000000000021e-08 1.000000000000000021e-08 1.000000000000000021e-08 1.000000000000000021e-08 1.000000000000000021e-08 4.335546200359985402e-05 4.738457042534891580e-04 3.685711630595696906e-04 2.698017946786796461e-04 1.000000000000000021e-08
2.744460362875981215e-03 1.556421887929408600e-04 1.328286125982137260e-05 1.535307768170026866e-05 1.557463088370268777e-05 3.216269751580070105e-05 1.000000000000000021e-08 1.000000000000000021e-08 1.144507031166616673e-02 6.872771036348836182e-02 6.036886590420596083e-02 1.156841427219599411e-04 1.000000000000000021e-08 1.000000000000000021e-08 1.217307693710822800e-05 1.336075535153285358e-05 1.905523799272263924e-05 1.000000000000000021e-08 1.658181243409762723e-02 1.650800285936517356e-02 1.688939857816814522e-02 1.687205494612438808e-02 1.606263245359615052e-02 1.049952990954777614e-02 1.006318142122604453e-02 2.528060140160733887e-05 1.000000000000000021e-08 1.000000000000000021e-08 1.000000000000000021e-08 1.000000000000000021e-08 1.000000000000000021e-08 1.000000000000000021e-08 2.793317724854924695e-04 4.192003178025992846e-04 4.536078868612333456e-04 3.126023451467556174e-04 1.305190115390058366e-04
5.840748001511684648e-03 1.521515713414272946e-04 1.160401829178806988e-05 4.062506267514713414e-05 5.576716932964088155e-05 3.525314564489842714e-05 2.842630416069316508e-05 1.000000000000000021e-08 2.399383655661117300e-05 3.322526701850103415e-05 4.397342170422603724e-02 1.440488792059498729e-02 1.422825314412870523e-02 1.483538335138764007e-02 1.473206284234776682e-02 1.502607184401864859e-02 1.534030809963992346e-02 1.566584917811723182e-02 1.644192955694839461e-02 1.000000000000000021e-08 1.000000000000000021e-08 1.000000000000000021e-08 3.395933303145293441e-03 1.276410859852431315e-02 7.716039093388273040e-02 5.973767555612680830e-02 2.474269614166587131e-04 2.950118871124805185e-05 2.022601931750379959e-05 1.000000000000000021e-08 1.000000000000000021e-08 1.000000000000000021e-08 1.309024941628856437e-02 1.824828857049554803e-02 2.125382920326683578e-02 2.246374438778562035e-02 5.183780873554815621e-02
6.937935733049210851e-03 1.348797501695127386e-03 1.825783085305365946e-05 1.000000000000000021e-08 1.000000000000000021e-08 1.000000000000000021e-08 1.000000000000000021e-08 1.214032039353369027e-05 1.415750459004878772e-05 1.533532465168458231e-05 2.521507410015119777e-05 1.000000000000000021e-08 3.930783595479644195e-05 8.041523820567619406e-05 1.000000000000000021e-08 1.927467221039178669e-05 1.000000000000000021e-08 1.000000000000000021e-08 1.000000000000000021e-08 1.000000000000000021e-08 1.734081061218673266e-05 1.000000000000000021e-08 1.389405101026627036e-05 2.566800970644844972e-05 4.761928168025048752e-05 1.990907878208044574e-02 2.029984759696352309e-02 2.069688153688144933e-02 2.108408449365052964e-02 2.146721850980263732e-02 2.184712027902152923e-02 2.222188353086824997e-02 1.414560506131399935e-02 9.024499594666841873e-03 1.891523571986613878e-03 1.208905736170128899e-03 4.292787441386622382e-02
5.607034476472787764e-03 5.519598941456644974e-03 3.190539084551475977e-05 1.000000000000000021e-08 1.000000000000000021e-08 1.040358691998649046e-05 1.409975793344369519e-05 1.000000000000000021e-08 1.000000000000000021e-08 1.000000000000000021e-08 1.000000000000000021e-08 4.601261655501654059e-05 4.864483711818882468e-05 7.338850861841512171e-05 1.000000000000000021e-08 1.000000000000000021e-08 1.000000000000000021e-08 1.000000000000000021e-08 1.000000000000000021e-08 1.000000000000000021e-08 1.000000000000000021e-08 1.280775781989816916e-05 1.380773192628337565e-05 1.599664083905088285e-05 1.000000000000000021e-08 6.147914704105405474e-05 1.000000000000000021e-08 4.392403493878985931e-05 1.000000000000000021e-08 2.722574503709481418e-05 1.608943527848487800e-05 1.000000000000000021e-08 1.000000000000000021e-08 1.000000000000000021e-08 1.000000000000000021e-08 1.000000000000000021e-08 8.692614476741542277e-05
3.785214710599674442e-03 4.779478248384707965e-03 4.958904659998542019e-03 3.092412848614188256e-05 1.000000000000000021e-08 1.251610491075529984e-05 1.856262717141073172e-05 2.900761499091519650e-05 1.000000000000000021e-08 1.000000000000000021e-08 6.757609495858150309e-05 6.388165126361707133e-05 3.585821095065296342e-05 3.517240639245775951e-05 1.000000000000000021e-08 1.000000000000000021e-08 1.000000000000000021e-08 1.000000000000000021e-08 1.000000000000000021e-08 1.000000000000000021e-08 1.000000000000000021e-08 1.000000000000000021e-08 1.060558467429450979e-05 1.067979081032232243e-05 1.184237809825481574e-05 1.000000000000000021e-08 1.453300753899586389e-05 1.000000000000000021e-08 1.000000000000000021e-08 1.000000000000000021e-08 1.000000000000000021e-08 1.000000000000000021e-08 1.000000000000000021e-08 1.000000000000000021e-08 1.115229614830354182e-05 1.000000000000000021e-08 5.422442867516151770e-05
4.918132608892704892e-03 9.420979022937977371e-03 5.942381609217814442e-02 5.247808863382531774e-02 4.138722714318835566e-02 9.133333920500842640e-03 8.006399104133006886e-03 1.504487088630866633e-03 8.887887657424706819e-04 7.009050233696757001e-04 1.085828450290303633e-04 1.000000000000000021e-08 1.000000000000000021e-08 1.000000000000000021e-08 1.000000000000000021e-08 1.000000000000000021e-08 1.246119191046267978e-05 1.371556604859348052e-05 1.000000000000000021e-08 1.000000000000000021e-08 1.000000000000000021e-08 1.000000000000000021e-08 1.000000000000000021e-08 1.000000000000000021e-08 1.000000000000000021e-08 2.615182360731542558e-05 1.000000000000000021e-08 1.487430971338111826e-05 1.000000000000000021e-08 1.000000000000000021e-08 1.000000000000000021e-08 1.000000000000000021e-08 1.000000000000000021e-08 1.000000000000000021e-08 1.044680715063810674e-05 1.000000000000000021e-08 3.856873999344137473e-05
2.386755031378469220e-03 1.991360931624976127e-03 1.278296523775595108e-03 8.317590994925061964e-04 3.699609385402679793e-04 5.873046896250619549e-03 7.083051337788109914e-03 1.457473451333530373e-03 2.055533951572216435e-03 5.592742199106272641e-04 7.018933154986518722e-05 1.000000000000000021e-08 1.000000000000000021e-08 1.000000000000000021e-08 1.128134492633376784e-05 1.398135114238065204e-05 3.294441978577163614e-05 1.000000000000000021e-08 1.000000000000000021e-08 1.000000000000000021e-08 1.153985201171185488e-05 1.610482867758622060e-05 1.186682103440383259e-05 1.410848815368340250e-05 4.475988997690830043e-05 1.556391738506034605e-05 1.000000000000000021e-08 1.000000000000000021e-08 1.000000000000000021e-08 1.000000000000000021e-08 1.000000000000000021e-08 1.000000000000000021e-08 1.000000000000000021e-08 1.000000000000000021e-08 1.140481899945699423e-05 1.000000000000000021e-08 4.020746349362705387e-05
1.622051608486924697e-03 8.763523422388631726e-04 4.405526621402340061e-04 2.490367826642681448e-04 2.603631464559995096e-04 1.266529864278853309e-03 1.714238063918800681e-03 3.454448362517340519e-03 2.345982674608444122e-03 4.938657505939934422e-04 6.130393943264276677e-05 1.000000000000000021e-08 1.000000000000000021e-08 1.072597617957058805e-05 1.825319230318617501e-05 2.616662522189857598e-05 1.000000000000000021e-08 1.000000000000000021e-08 1.000000000000000021e-08 1.439267836134323388e-05 1.976610842277038219e-05 2.790332996740630742e-05 4.196353017493940972e-05 1.049604782057734397e-04 9.807153222861940205e-05 1.000000000000000021e-08 1.000000000000000021e-08 1.000000000000000021e-08 1.000000000000000021e-08 1.000000000000000021e-08 1.000000000000000021e-08 1.000000000000000021e-08 1.000000000000000021e-08 1.000000000000000021e-08 1.185036281562260942e-05 1.000000000000000021e-08 4.653390309792011223e-05
3.469773112058564357e-04 1.716748792524170188e-04 3.014764104758313424e-04 2.832720834736430311e-04 2.793386244562937092e-04 3.998777879617066051e-04 1.506579716735567676e-03 3.830873267037081947e-03 3.154698260561701172e-03 3.233577073797917062e-04 4.977293344168571936e-05 1.000000000000000021e-08 1.000000000000000021e-08 1.617016499370682375e-05 1.977157513772771698e-05 2.632876840928850904e-05 2.464158658842364072e-05 1.818490537381905466e-05 1.000000000000000021e-08 1.576990719758541258e-05 1.000000000000000021e-08 9.668935631497450986e-05 6.893967129602843408e-05 6.948420601589302590e-05 1.000000000000000021e-08 1.036193276431481727e-05 1.386995184806710534e-05 1.000000000000000021e-08 1.000000000000000021e-08 1.000000000000000021e-08 1.000000000000000021e-08 1.178471784816081805e-05 1.000000000000000021e-08 1.000000000000000021e-08 1.015329855272747815e-05 1.000000000000000021e-08 4.864802595141956733e-05
6.419631312663909924e-05 2.476565980694905806e-05 1.770167532358998146e-04 3.692788017359788320e-04 3.749122589508445229e-04 3.490501735224985080e-04 5.674052469709662400e-04 1.242176971735042129e-02 2.148966225424526685e-03 1.000000000000000021e-08 8.271487086483442317e-05 1.829832141278868419e-05 1.000000000000000021e-08 1.000000000000000021e-08 2.047818490653588976e-05 1.000000000000000021e-08 2.005890960990853680e-05 3.264515778886823100e-05 1.000000000000000021e-08 1.000000000000000021e-08 1.000000000000000021e-08 6.320701833242202633e-05 1.375499448952399804e-04 5.012352769258530114e-05 1.000000000000000021e-08 1.000000000000000021e-08 1.355355035104704688e-05 1.000000000000000021e-08 3.821271389825472682e-05 3.196506318466843798e-05 3.355476329828188474e-05 1.424352873643631443e-05 1.000000000000000021e-08 1.000000000000000021e-08 1.000000000000000021e-08 7.668648201607610512e-05 3.728393593312647342e-05
