output/water_depth_1440.asc
ncols 223
nrows 158
xllcorner 0.0
yllcorner 0.0
cellsize 30.0
[rows 119 to 135 of 158, columns 37 to 73 of 223]
5.593665284896858977e-03 8.737322518400626736e-03 7.144927955900061065e-03 8.318989285912367290e-03 6.471668115811758486e-03 8.176719025535504962e-03 9.530118117103051831e-03 1.134915733150950248e-02 1.098250068074188221e-02 1.297419662619166136e-02 9.626054118704969673e-03 9.921115200025762762e-03 9.546155090568874194e-03 9.030945111438568734e-03 8.927781306405020365e-03 9.066601248226590845e-03 1.067353802050644181e-02 1.111083032720027591e-02 1.282663051640878758e-02 2.260464704312049322e-01 2.217637506701979344e-01 2.236884140119974329e-01 1.143158236476060630e-01 6.634210376644981977e-02 3.334071032059611472e-02 1.904057376696203022e-02 2.101786302611485802e-02 3.155861953604652097e-03 3.415080452705427858e-03 1.464938943660456247e-03 1.007255475809939928e-03 2.602434966693894895e-03 2.552631105418179044e-03 1.979963484706772931e-03 1.406874716276197224e-03 1.537295491084916376e-03 9.656806789090479140e-04
8.562737862943117090e-03 7.578249073122401806e-03 1.031166494332699975e-02 1.025600994207956189e-02 9.514228985368773997e-03 1.005050179779379445e-02 1.283752613932493541e-02 8.449054454218693500e-02 1.596701506593795061e-01 1.352553784202965292e-01 6.970120401986928949e-02 1.211459197655498643e-01 1.856280907827872473e-01 2.112916449910093308e-01 2.188067796768642381e-01 2.194896429862942810e-01 2.173231206344199140e-01 2.184542242141689627e-01 2.298595765117071310e-01 2.225575085263776232e-01 7.235258923113977239e-03 1.127704372785174464e-02 1.314140933468005076e-02 2.214341074546215607e-02 4.146270038038881584e-03 3.223285359282769980e-03 6.419639197484066848e-03 2.000594874094794445e-03 5.226640054462740152e-03 1.181228371135400719e-03 8.721767170362825687e-04 2.157572836032830167e-03 2.578680482971295630e-03 1.038446731559241948e-03 7.005029772988865481e-04 6.388770643468471211e-04 1.210459859419716483e-03
4.171319049139741997e-02 2.349859065171435585e-02 1.512391874916726650e-02 1.243980161287412158e-02 5.768560540712525109e-02 9.693996798861537201e-02 1.635335694688374031e-01 1.294372135837747739e-01 7.650534950565408832e-02 1.233940380474523452e-01 1.961256824842471935e-01 1.445513345672466976e-01 7.231160566037352078e-02 3.760149222065005403e-02 2.096756748199690018e-02 1.436807842804604940e-02 1.272339589041647338e-02 1.265296803833705977e-02 2.519843154402265015e-02 9.221391377084001834e-03 9.589718279000652990e-03 2.009091822551975839e-02 1.295861204088440827e-02 8.426028334068960332e-03 5.818243258703571438e-03 4.476334110762633656e-03 2.804535075926520640e-03 2.254760966148621794e-03 2.950331347371063818e-03 1.192828022609082736e-03 6.112137021055681196e-04 7.160801188263643449e-04 3.019053932765260705e-03 4.285881097076645399e-04 4.380935732343427193e-04 8.478259749278428507e-04 6.098509713143003639e-04
9.217833090490255843e-02 5.756192586526005101e-02 3.642495750039738411e-02 2.562878356291356519e-02 9.049632076333354036e-02 1.141541718506476899e-01 7.165591654241647290e-02 4.403804618208009142e-02 2.933142835803076789e-02 3.020213259145160603e-02 1.932219426428994843e-02 1.241541846273562164e-02 6.694675592995075544e-03 5.374561205634511944e-03 6.826549627694934556e-03 6.856433370661379513e-03 8.337526454778778490e-03 1.683767990352892999e-02 7.595960274364235015e-03 1.050892028576165017e-02 2.314975373659077310e-02 3.089600250302465892e-02 4.120172172724102452e-03 3.965308126788717399e-03 2.084237080835239612e-03 2.032294478177650715e-03 1.610920108588555092e-03 1.388654711029923975e-03 1.015841746806544739e-03 7.538771791922896067e-04 7.341603423708657934e-04 1.415547561726656365e-03 2.172253301480448536e-03 4.773107256191222382e-04 5.957836960137742957e-04 3.895300740312237163e-04 6.045234311189965530e-04
7.046162026030550196e-02 1.388755986992996627e-01 1.812984993685255175e-01 2.047322887138505187e-01 1.102747196402865809e-01 6.815384576378487325e-02 3.394172038544810560e-02 1.970169632152968253e-02 1.642102116832896280e-02 3.174687476413901727e-02 8.544384788599188041e-03 2.289053278306037598e-03 4.029832037947158989e-03 6.162053272385444730e-03 6.226483768087202018e-03 7.137789833748119442e-03 8.632273506690102405e-03 1.481260808900261572e-02 9.855086045022042399e-03 1.267561892492922310e-02 1.569530306974254233e-02 3.627303025774396977e-02 2.738886771817981326e-03 1.266736734792086845e-03 1.031676248415386819e-03 1.175879553929757865e-03 9.805356418680047544e-04 8.560228983156013870e-04 4.710339125467960368e-04 5.449481574690250843e-04 2.317659290982436947e-04 9.550305855742365025e-04 1.843366892487715821e-03 2.848315963960530782e-04 1.144655076770045572e-04 3.025120036378645388e-04 1.955001228754816895e-04
1.540054993286824395e-02 1.536057299893721709e-02 1.445787094692926184e-02 1.359122614161018157e-02 2.260418583312301735e-02 2.997008524729016105e-02 3.511007319959043652e-03 6.063789230195072190e-03 1.356081638348581413e-02 2.033064227805919319e-02 3.019443886683672359e-03 3.585771779333013238e-03 5.626003574450446493e-03 7.203566519026452682e-03 7.538333132849617951e-03 7.316102955313823382e-03 8.540222515710804013e-03 1.133509514212274229e-02 1.637828102563815280e-02 1.664225658808712524e-02 1.494471414873310873e-02 2.302841215502487299e-02 2.419769927908502205e-03 2.227940408110834058e-03 3.087355018371796449e-04 7.426078897242584069e-04 4.916611611996245116e-04 7.402589893542408251e-04 2.176840550988828654e-04 1.851513912295838751e-04 3.559607582080229508e-04 2.750226621200968524e-04 1.322094680874735936e-03 8.319700760691333243e-05 1.994618367341054578e-04 1.818730770138734533e-04 5.562525292885122426e-04
1.769826811772284153e-02 1.594951029986399482e-02 1.415287695375221089e-02 1.383110253365264775e-02 2.949541242028029531e-02 9.279656634404276350e-03 4.702990804492264247e-03 1.085273278752430653e-02 1.512349324987518652e-02 8.967883814214790486e-03 3.437178851475184132e-03 5.019216044386239431e-03 6.630605133493650515e-03 8.647090203387655313e-03 8.332994756981609158e-03 8.310686279627726644e-03 1.090365423727556252e-02 1.375327539863435526e-02 2.251065951635612336e-02 1.742568506388239222e-02 9.945751361087827244e-03 7.422406226132556573e-03 4.496429961117145643e-03 2.947956302518427683e-03 2.555094440516064757e-04 7.173379457683860989e-04 5.524102300787250928e-04 4.300349034116490200e-04 1.049069781878092647e-04 1.732137528865753729e-04 1.349640078456460662e-04 2.350282826549345873e-04 1.051006618003537613e-03 6.707163651168514869e-04 6.787817787533051601e-04 8.835767281393901032e-04 6.813162984052548860e-04
1.924119805811055559e-02 1.478960069601592368e-02 1.295687195782514387e-02 1.203403029633912623e-02 1.358384275811749808e-02 1.263570128150854656e-02 9.930768667236380270e-03 1.448429723432480103e-02 6.837181594449454405e-03 6.084172364393528043e-03 5.300931795649160318e-03 6.281872131312530270e-03 8.962782393144500329e-03 1.002099662539099323e-02 9.571797054056873505e-03 1.117595196368758106e-02 1.304699333589590809e-02 1.388590846230139397e-02 3.167598583488924480e-02 1.109829422149762566e-02 1.151573152497564409e-03 1.137733419778178727e-03 2.017368423697356132e-03 3.627120443649722165e-03 3.640340593970596496e-04 5.595707711585701715e-04 3.024007104934881311e-04 3.275066436679296435e-04 7.902406589792003596e-05 6.578722055288293538e-05 1.032899282356269325e-04 8.188652523668263307e-05 2.468388806453792488e-04 6.654718601685720566e-04 4.292580345634800778e-04 2.854096906434053444e-04 2.471216827563752481e-04
1.164186747073374384e-02 1.075813390827641547e-02 1.164910250779113005e-02 1.235357516959662526e-02 1.352384367946713600e-02 1.094410758919360516e-02 6.375279387306819617e-03 7.047025588436242605e-03 1.149052758392806253e-02 4.854579018301285326e-03 3.846347990520243044e-03 7.780961956271247384e-03 9.494457874930648314e-03 1.170008008622691782e-02 1.138540998188160118e-02 1.478666852123458608e-02 1.435133155317333715e-02 1.419653870619507971e-02 2.192816657305976177e-02 5.092417765028642122e-03 1.069360437252417102e-03 1.285272201843717151e-03 2.474273578806374715e-03 2.946793562447651456e-03 1.703713295873090768e-04 7.585973261457180320e-04 1.804370021457427380e-04 1.294475406610959267e-04 2.428186935222809498e-04 2.271354962226671231e-04 2.939402727707139153e-04 2.561990558035485543e-04 8.677637353751718003e-04 2.412322919539901147e-04 3.742527205099293285e-04 3.598457756150247018e-04 4.731315958449618651e-04
1.000095967571037157e-02 1.313312195536042552e-02 1.273837637375757788e-02 1.230531514944658081e-02 1.844455121623105043e-02 3.045101860783774698e-03 4.439291293335504915e-03 4.403757906386024726e-03 9.802839831436285095e-03 6.237518213154244311e-03 5.046491235604660952e-03 5.195124894250800762e-03 1.220027566584379330e-02 1.294404441545268097e-02 1.456490113407579376e-02 1.576502753333423879e-02 1.645316368285387743e-02 1.320429439160354136e-02 8.945020632018992404e-03 1.649353887052103316e-03 1.014113961310173688e-03 1.537495845089313683e-03 2.146682528928110095e-03 1.082091127109436560e-03 9.730463909459291473e-04 3.238379505976037758e-04 5.459568497676245413e-04 4.657805478133017225e-04 9.881826736206737738e-04 4.008378361597389125e-04 3.615175353984551726e-04 4.751942035183651558e-04 6.412028870543606341e-04 5.369446938456934933e-04 5.175699404628774465e-04 5.394813396009852120e-04 1.522836446436509248e-04
2.180153161486748231e-02 2.077148500059915887e-02 1.225555798526861175e-02 8.985767180998877751e-03 9.145160141112593233e-03 8.171412249540602885e-03 3.477845084232977606e-03 4.273416195207017584e-03 6.753017992044876849e-03 5.724624652813113668e-03 5.272866603172624012e-03 9.361161249952686808e-03 1.294286173539732632e-02 1.754569516948584901e-02 1.472205372619155017e-02 1.537769771906648958e-02 1.877103221453652396e-02 4.980508699261712580e-03 9.715614017671215423e-04 5.083546666284252365e-04 7.557706566536045480e-04 8.624023042806195413e-04 1.799772071021009867e-03 2.263796756955131165e-03 1.775173616049483460e-03 5.076803408730451135e-04 3.730318292940167720e-04 3.944737064997168590e-04 1.043913088588811896e-03 8.424145359621283994e-04 1.831680382756074204e-04 1.912873854090607856e-04 3.731095400984589527e-04 7.673866426059158547e-04 6.935926727911377251e-04 9.340803095328891218e-04 8.270184621294155748e-04
3.331020751403358099e-02 1.978197384440382942e-02 4.873080892860932878e-03 4.475437576336377572e-03 6.718886486290440510e-03 8.905175568712477702e-03 2.136140411913738709e-03 2.355193644394099495e-03 4.887581315957336900e-03 6.129008827692285395e-03 8.661717760219553308e-03 8.002290017864299027e-03 1.630949427543557442e-02 2.017923303929023901e-02 1.581790777178092300e-02 1.105411405411471995e-02 1.105268778522596612e-02 1.862150238988792431e-03 6.648650470658110448e-04 7.664961308417102704e-04 6.970556776011048103e-04 1.483433012479463790e-03 1.340004988767192146e-03 3.029536727697479631e-04 7.459535349054571048e-04 3.761545620452507442e-04 2.908962445488926527e-04 3.600850268307622813e-04 8.248032778708003004e-04 9.166534668138592900e-04 5.595690245085089328e-04 6.284309506350612556e-04 8.812123363006258347e-04 7.334002473151982060e-04 1.035773076518799359e-03 1.204768002084420468e-03 9.550785827283533869e-02
2.528254383296255417e-02 1.744318588487127342e-02 4.665182477208693057e-03 7.012840146604660922e-03 5.066804667135626529e-03 7.287650455333596899e-03 3.052963231260307896e-03 4.363670576669921065e-03 3.573282629271742027e-03 7.834996336907720793e-03 8.686095622408131559e-03 1.136697617409281741e-02 1.746186903329987813e-02 2.696702931265956490e-02 6.851699135710401407e-03 6.644849439794938729e-03 1.909826525842462991e-03 1.688394265671311735e-03 7.905767274488208814e-04 4.993667962389201779e-04 1.592283391577901074e-03 9.229188860377012188e-04 1.088504631133748466e-03 9.196957684969456551e-04 1.168473477584959161e-03 8.572502044608909738e-04 9.431338470271290707e-04 6.684694464719534695e-04 9.425189782146060208e-03 1.703950951766059277e-02 1.091734626803291495e-02 7.788098965113885754e-03 3.542951018327297058e-03 3.202071300301443778e-03 2.525112949426049427e-03 1.009248147070419127e-01 9.866648130394743699e-02
1.348600977356321368e-02 1.286157687251354188e-02 8.888226278923312337e-03 6.424381395274054649e-03 6.921130797360785201e-03 3.787884249990508372e-03 4.341218159305765614e-03 2.873132484841965650e-03 4.995602898067536164e-03 7.635574845822590793e-03 9.593444308211240834e-03 8.359776749755670061e-03 2.399912900485839246e-02 9.379083073913923457e-03 2.380077474814487181e-03 1.747969539525771974e-03 1.646361758365714025e-03 1.450969616219734398e-03 7.117667740541096157e-04 2.442469832916624624e-03 3.138186930748663311e-03 7.017464625703346941e-03 7.903827400641921103e-03 6.283850371276702637e-03 4.732865365106106968e-03 4.336831638642961624e-03 2.077912341419467859e-02 3.459099831469130554e-02 3.647041266116167468e-02 3.633862924704186342e-02 5.365191430466945827e-02 5.405059944169922359e-02 2.901555146396253212e-02 7.513767397720402808e-02 1.388592616849487205e-01 1.034660640243905971e-01 1.003881203212890760e-01
1.238709477687313654e-02 8.230341333066375220e-03 5.196116940212303602e-03 5.552911836154961894e-03 3.907577022712803612e-03 2.984280830996300163e-03 2.012560821181791880e-03 3.658445245196384650e-03 3.300647107853193259e-03 9.356700348425334504e-03 7.888477950911099504e-03 7.929869439131676315e-03 1.423284184509760082e-02 3.726360499307649222e-03 2.712605375132308774e-03 1.362421521180694683e-03 1.484913059121933726e-03 1.213368389127643995e-03 1.680883397784303530e-03 1.423996938817507097e-03 2.981181582539320016e-03 2.260051207208408318e-03 4.689410599452260159e-03 9.891520562726361168e-03 1.818810508259176631e-02 2.717591701450711508e-02 1.723142119833173322e-02 1.119552614657555109e-02 7.337901345741844848e-03 3.866841840700044070e-03 1.392799870550901972e-02 4.272632518438853472e-02 1.275219306105959682e-01 1.090738691520884568e-01 6.692822732005287989e-02 7.140102912212203945e-02 1.025778206522438450e-03
7.743688273263605627e-03 3.849891861485657367e-03 3.708484360144236221e-03 1.929757678252189048e-03 2.510263141281011620e-03 1.657154887956025641e-03 2.958978582330919292e-03 2.467852731097357980e-03 4.625297701881145654e-03 9.324122809605846565e-03 7.295878785289693948e-03 4.913788528434027969e-03 4.179884925808927815e-03 5.049994501043607135e-03 1.399467087212399137e-03 1.269244639821399956e-03 1.464577637542667423e-03 1.073488138649299119e-03 1.375626335083502631e-03 3.394815939699789148e-03 2.151849660796900654e-03 2.940107231739886359e-03 2.096655113317684449e-03 2.958426373309314128e-03 3.117169481165249934e-03 1.565822934685989331e-03 1.846405126192933021e-03 1.232958231349199924e-03 3.471415934221803914e-03 1.496152421902354271e-02 1.928739757125507576e-02 2.264866615635904856e-02 5.572534179448987435e-02 2.848895037105942177e-02 2.570955027339592164e-02 5.443831227776010397e-03 1.004717335018923217e-03
3.100357019963520186e-03 1.824878631828379810e-03 1.090963157554211780e-03 1.655949330926135329e-03 1.153863638540255157e-03 2.007941873399615718e-03 1.734301860297394896e-03 3.752307297872127870e-03 3.493528920616232637e-03 9.575862924542079269e-03 4.026584334762863850e-03 2.029094363568320798e-03 2.667039632345914735e-03 9.719097593005230316e-04 1.420342965535606548e-03 9.784024507003248952e-04 1.627640547664741758e-03 2.006552168387831445e-03 2.452397104800509240e-03 1.567220527899793135e-03 3.132011321510690116e-03 2.715670300479091151e-03 3.780812940499127944e-03 3.084318540043387135e-03 1.032645088661228970e-03 9.588394741468854498e-04 4.345332935821924871e-04 2.609718035046731163e-03 6.639575968486117682e-03 1.380768354665834301e-02 2.314697264367489987e-02 2.590769908022915596e-02 8.738913652430066459e-02 1.367662169564902008e-03 1.635278459033308318e-03 9.276509896275248086e-04 4.087063102208977981e-04
