output/water_depth_4320.asc
ncols 223
nrows 158
xllcorner 0.0
yllcorner 0.0
cellsize 30.0
[rows 85 to 101 of 158, columns 111 to 147 of 223]
1.354135611235839087e-03 4.330343254827498031e-03 4.734486939270456107e-03 3.523841704744181194e-03 2.504309105826319631e-03 1.393787986095234178e-03 5.317828976410777023e-03 2.034088334103899970e-02 2.982830720040324096e-02 8.959126646268314453e-03 2.081829470414953837e-03 1.300442641274531701e-03 1.199946147387826411e-04 6.522481047815403441e-04 3.823238172996718475e-04 2.661939448556772231e-04 1.876579848848629372e-04 8.055089567842157387e-05 1.000000000000000021e-08 1.000000000000000021e-08 1.000000000000000021e-08 1.470775896098600757e-05 3.924382034489286015e-04 1.570407086937963023e-04 1.000000000000000021e-08 1.000000000000000021e-08 1.000000000000000021e-08 1.623860872599725360e-04 1.725335321014726073e-04 9.806687494699183061e-05 3.652722251633394932e-05 2.228713205286657849e-05 1.980129963468464719e-05 1.000000000000000021e-08 1.207631918425083867e-05 1.507381390689544376e-04 4.701267731679564343e-05
3.437381840559770429e-03 2.247802308951892848e-03 5.381222551657384012e-04 1.432218815731313953e-03 3.008000501431115636e-03 1.741787949191314589e-03 2.289878734385717568e-03 1.738638525507074303e-02 3.408693135535566243e-02 6.184005949181481041e-03 1.735271327629668331e-04 1.398296941567073810e-04 1.856966283672526049e-04 9.448609410033515237e-05 1.029924509869091731e-04 1.118561448465568080e-04 1.862996633127951931e-04 6.598403029934928965e-05 1.144047273749078072e-05 1.000000000000000021e-08 1.000000000000000021e-08 1.204775722197377175e-05 5.977685103261253657e-04 3.335905574891083534e-04 3.841989061894794086e-05 2.921815870308144545e-05 3.037177155528820354e-05 2.281446426776933471e-04 1.144138763000699733e-04 6.396943960424667842e-05 2.693185224477729630e-05 1.728694117371883853e-05 1.011363148503061241e-05 1.000000000000000021e-08 1.342597515695016340e-05 9.583608884446335693e-05 3.737179987455750392e-05
2.894358615379309229e-03 4.389162454505971542e-04 7.646560878929445555e-05 1.024676771912678497e-03 2.275212476249090059e-03 3.372657959110341320e-03 2.680299791827643087e-03 8.175730318698190557e-02 5.249235198190492502e-02 4.393850884250090176e-03 2.335394997266738884e-05 1.360619592072621865e-04 9.867983217471419709e-05 1.574991577229186194e-04 8.063706086519403641e-05 2.659663798679445757e-04 3.276289993744442575e-04 2.918890367585162985e-05 2.182128202334985371e-05 4.132305580889193561e-05 4.966807026709669934e-05 4.482692288717318968e-04 5.585898190442066579e-04 4.387306328919916582e-04 1.674134766110709676e-04 1.025202315425658290e-04 7.248670622430007898e-05 3.060600726658117431e-05 2.716153444192779564e-05 1.777510654013816026e-05 1.000000000000000021e-08 1.000000000000000021e-08 1.000000000000000021e-08 1.000000000000000021e-08 1.429506589266089162e-05 5.072466071653478536e-05 1.000000000000000021e-08
2.563704237031380184e-03 9.439921479612427020e-04 9.482551359408372617e-05 1.952357067686996467e-04 1.778271751328674728e-03 8.744635774725859371e-04 1.104358254282224779e-03 8.840848693463325934e-04 5.973620374062244692e-02 3.125062084330490139e-03 2.465707265585451993e-04 5.126357348052091928e-04 2.430224541273330065e-04 3.032776749903030346e-04 4.968948949262467184e-04 5.601736831399404138e-04 7.034306194823216739e-04 6.986792181009226404e-04 3.231349355530328978e-05 2.233605480527277418e-04 1.649956418386604282e-04 6.118934215758102492e-04 6.715961750809684933e-04 1.534497048600895399e-04 8.818099870980783243e-05 7.857782740473124011e-05 7.661592117215165743e-05 8.998086400363734165e-05 5.380874005758971731e-05 2.808590638018358397e-05 1.534534404919494238e-05 1.000000000000000021e-08 1.000000000000000021e-08 1.000000000000000021e-08 1.894435428661635435e-05 1.700397216845914776e-05 1.000000000000000021e-08
5.609855514367417112e-03 1.926502181570535158e-03 3.480953028883499605e-04 1.696762972891123608e-04 4.174195141148307137e-04 9.079986782008836119e-04 1.020144759395030971e-03 1.260057219381969813e-03 3.277416162117777892e-02 2.312748004409575717e-02 5.016536812292174755e-04 3.619961368758087641e-04 2.822557386738895391e-05 7.505672059629042280e-05 1.064601956460101015e-04 2.299991783779790726e-04 2.948825871665403781e-04 1.478173851900271623e-03 2.769351976017384292e-04 1.420545214447748838e-04 8.174258167863085792e-05 4.709177053681335085e-05 8.362361209125449446e-05 3.531581310514819044e-05 3.288851680760833987e-05 2.532799975008084395e-05 2.939151435475474184e-05 2.867989837242721130e-05 3.687189360820618289e-05 3.460743645782493518e-05 1.822933065475671946e-05 1.000000000000000021e-08 1.000000000000000021e-08 1.000000000000000021e-08 1.000000000000000021e-08 1.026354607096441362e-05 1.000000000000000021e-08
3.464752066534256165e-03 7.352468402903358270e-03 3.319601235344453276e-04 4.102201363750572830e-04 2.578805119693280338e-04 1.423195500880304392e-03 8.933813752353728880e-04 1.557856164486259723e-03 2.150982076117326572e-02 2.263809236172368428e-02 1.199388729700473326e-02 1.381065064260826375e-03 4.352714009203702402e-04 2.237012332100240782e-05 1.828852355405308948e-05 1.195921439888490349e-05 2.610038894683819723e-04 5.339479559731532881e-04 4.566067363513356177e-04 1.838102550743842662e-04 9.067995176911580789e-05 6.060475524489025896e-05 1.000000000000000021e-08 1.216643630917674400e-05 1.469082732922067363e-05 2.075190453085679290e-05 1.000000000000000021e-08 1.000000000000000021e-08 1.000000000000000021e-08 1.000000000000000021e-08 2.158995410503854575e-05 1.000000000000000021e-08 1.000000000000000021e-08 1.000000000000000021e-08 1.000000000000000021e-08 1.000000000000000021e-08 1.219343090203103665e-05
1.271671635839319650e-02 1.055911291111615719e-02 8.290919605025488803e-03 2.919667562459959172e-03 2.618949153062848176e-03 4.122427580548803164e-03 2.623350732786571427e-03 7.218463219403495421e-04 1.610962500536595315e-02 1.807083044093622110e-02 1.907412624228672568e-02 1.294441524432972911e-02 1.519921520951739245e-03 4.915088708428510481e-04 3.749470684133030310e-05 3.739741631334537070e-05 9.459167485043612901e-05 7.518955585358729713e-04 1.060395842545027670e-03 2.750269790995392297e-04 2.814929573548346638e-05 1.000000000000000021e-08 1.000000000000000021e-08 1.836443311029687989e-05 1.627676997536435947e-05 1.754238574184854385e-05 1.000000000000000021e-08 1.000000000000000021e-08 1.000000000000000021e-08 1.005570555034441221e-05 1.000000000000000021e-08 1.000000000000000021e-08 1.292407013326391051e-05 1.000000000000000021e-08 1.000000000000000021e-08 1.000000000000000021e-08 1.929763266342752136e-05
2.815313740694370265e-03 7.789125163167215891e-03 5.365847879423386521e-03 6.738884799941322057e-03 2.971100795848388883e-03 3.509938312490069184e-03 3.383611729023169867e-03 2.971216171825112780e-03 7.622289656524165735e-03 2.887171714500000319e-02 4.927278630104373058e-02 3.241951254962237294e-02 2.103008689955340738e-02 9.056884744298266537e-03 9.073502254952219709e-03 9.128164260019024784e-03 2.011020274233230390e-02 1.743813358981064626e-02 2.585468362476941312e-02 2.696644928983520421e-04 2.394050173479856942e-05 1.000000000000000021e-08 1.000000000000000021e-08 1.979378983249453815e-05 1.307603605476415624e-05 1.000000000000000021e-08 1.000000000000000021e-08 1.000000000000000021e-08 1.321243306753370583e-05 1.000000000000000021e-08 1.000000000000000021e-08 1.000000000000000021e-08 1.000000000000000021e-08 1.000000000000000021e-08 1.000000000000000021e-08 1.000000000000000021e-08 1.000000000000000021e-08
4.608028923458126931e-03 4.648418381501158436e-03 7.574901196367649775e-03 4.776393220602189599e-03 6.219446425405321215e-03 5.279260922882649670e-03 5.980083886957333721e-03 6.785988410722255428e-03 1.282273591553599601e-02 1.011953100570796987e-02 2.523795329599468496e-03 1.814154938076371903e-02 1.531998177282810868e-02 1.969571008348959540e-02 2.264450606280076633e-02 2.344367990210394215e-02 1.460797846541763215e-02 1.733464982117790404e-02 2.307407865745644826e-02 1.891893781540256517e-02 2.142321543664510772e-05 1.000000000000000021e-08 1.000000000000000021e-08 1.000000000000000021e-08 1.000000000000000021e-08 1.000000000000000021e-08 1.000000000000000021e-08 2.838081432856158932e-05 3.112170202685491803e-05 1.000000000000000021e-08 1.000000000000000021e-08 1.000000000000000021e-08 1.000000000000000021e-08 1.000000000000000021e-08 1.000000000000000021e-08 1.000000000000000021e-08 1.000000000000000021e-08
2.906541843722808098e-03 4.230110650621399238e-03 8.769920833468688656e-03 1.698324265815973760e-02 6.654591905424840637e-02 2.601294295902569637e-02 1.398097916690255182e-02 1.120919253607841927e-02 1.221697934367364791e-02 8.422145924038348247e-03 6.216136037088016396e-03 8.672111639437717762e-03 2.019614345445316927e-02 1.946414096986904749e-02 6.700458164642588907e-03 1.072088365716471333e-03 1.879116169372371282e-03 2.224359053406024800e-03 2.150040755291881753e-02 3.944096731296562602e-02 2.289555020074466045e-04 1.000000000000000021e-08 1.000000000000000021e-08 1.000000000000000021e-08 1.000000000000000021e-08 2.573287842632306855e-05 2.969077064125674002e-05 3.500948464704390836e-05 1.000000000000000021e-08 2.268386156612693669e-05 1.507699512913625058e-05 1.000000000000000021e-08 1.000000000000000021e-08 1.000000000000000021e-08 1.000000000000000021e-08 1.000000000000000021e-08 1.000000000000000021e-08
1.620158727254903232e-03 2.594872705919787706e-03 1.525873985605879319e-03 2.962542738067094287e-03 2.315100105482491722e-03 4.886472459824224047e-03 8.151864088264234448e-03 1.130238283731509544e-02 1.836781103247465269e-02 1.819270951624377131e-02 2.440383455024435627e-02 1.896444067051550678e-02 1.818274636020512577e-02 1.424005851364729125e-02 1.224515898515608076e-02 7.853913318495019114e-03 6.554387166350504612e-03 7.025866426844657245e-03 3.712018308960486190e-03 4.393579051756638792e-02 1.601776866235784776e-04 1.000000000000000021e-08 1.000000000000000021e-08 1.000000000000000021e-08 1.000000000000000021e-08 1.000000000000000021e-08 1.000000000000000021e-08 3.934339233672797849e-05 1.632604708090966907e-05 1.000000000000000021e-08 1.000000000000000021e-08 1.000000000000000021e-08 1.000000000000000021e-08 1.000000000000000021e-08 1.000000000000000021e-08 1.000000000000000021e-08 1.000000000000000021e-08
1.875944447207259121e-03 8.968688061960481718e-04 1.553652965063105802e-03 1.049578372303829272e-03 2.272277924116782293e-03 3.679558218779612790e-03 3.394110855728128210e-03 4.104839674043220428e-03 1.685509007795588099e-02 1.224499796650065607e-02 9.875909856838381920e-03 1.330694962420659461e-02 1.606919459989930923e-02 1.970814578569925896e-02 1.167065829791952974e-02 1.123154413210775311e-02 7.661432520345241859e-03 6.584461286984717027e-03 6.321088827021230025e-03 3.615696473864109944e-02 1.267188346345502500e-04 1.000000000000000021e-08 1.000000000000000021e-08 1.000000000000000021e-08 1.000000000000000021e-08 1.000000000000000021e-08 1.000000000000000021e-08 1.000000000000000021e-08 1.000000000000000021e-08 1.000000000000000021e-08 1.000000000000000021e-08 1.000000000000000021e-08 1.000000000000000021e-08 1.000000000000000021e-08 1.049446253662616202e-05 1.000000000000000021e-08 1.000000000000000021e-08
1.855671879809476284e-03 9.924753764723750170e-04 4.320796624937852347e-04 8.591411759586548794e-04 2.539500858723607937e-03 3.512977393518115690e-03 3.664621159006619788e-03 1.488685762390882204e-03 1.623969839394930146e-03 1.065158817351918343e-02 3.593780914631112579e-03 4.578108426629085362e-03 1.031655966611970919e-02 1.008420080857985041e-02 1.736114153973337959e-02 9.373865493574384811e-03 1.104631031467163092e-02 8.156506100927825992e-03 5.287704073771397686e-03 4.200567296890038438e-02 1.107605439740607051e-04 1.000000000000000021e-08 1.000000000000000021e-08 1.000000000000000021e-08 1.000000000000000021e-08 1.000000000000000021e-08 1.000000000000000021e-08 1.000000000000000021e-08 1.000000000000000021e-08 1.000000000000000021e-08 1.000000000000000021e-08 1.000000000000000021e-08 1.000000000000000021e-08 1.000000000000000021e-08 1.151677959060385516e-05 1.000000000000000021e-08 1.000000000000000021e-08
3.130879955906469472e-03 1.300361671368551126e-03 1.479135293407679141e-03 1.184804440074199543e-03 5.490548814959487090e-04 6.358178750037609631e-04 1.283266309399435029e-03 8.914822035602418780e-04 1.917749089669446624e-03 7.065646774682800627e-03 4.675051125873705936e-03 4.382230839530510194e-03 4.964574185301912079e-03 1.128090937894231198e-02 1.208092742089599166e-02 1.987205178224098895e-02 1.264543401907511702e-02 7.846490963253651557e-03 1.592761412120802592e-02 5.170342478981840989e-02 2.655336076059957163e-04 1.603835007202469078e-05 1.000000000000000021e-08 1.000000000000000021e-08 1.000000000000000021e-08 1.000000000000000021e-08 1.083070400107710787e-05 1.000000000000000021e-08 1.000000000000000021e-08 1.000000000000000021e-08 1.000000000000000021e-08 1.143038679888692358e-05 1.049058108900841812e-05 1.000000000000000021e-08 2.023123305295778122e-05 1.000000000000000021e-08 1.000000000000000021e-08
5.831639874720042499e-03 5.078147833912829284e-03 2.161684301362470223e-03 2.640631070614328675e-03 1.020288308175919083e-03 1.323370777870540912e-03 8.300916931561956678e-04 1.468058022542239726e-03 2.096793994073275959e-03 4.944000231979955688e-03 4.745531575174435739e-03 9.873984313046124325e-03 2.804894324103156256e-03 4.782753387961596707e-03 8.957524575541601919e-03 1.192356010773442873e-02 7.114327279763413975e-03 9.583438651747711035e-03 4.384590276193353620e-03 4.983049313890370452e-02 1.657196683977622126e-02 4.402519463580548516e-05 1.000000000000000021e-08 1.000000000000000021e-08 2.772684144782935062e-05 1.000000000000000021e-08 1.000000000000000021e-08 1.000000000000000021e-08 1.000000000000000021e-08 1.000000000000000021e-08 1.000000000000000021e-08 1.910637647627434248e-05 3.881170606329553598e-05 1.017243841704405262e-05 1.000000000000000021e-08 1.300874133216109557e-05 1.000000000000000021e-08
3.288371860848057771e-03 2.657146973855798074e-03 4.010705067915551481e-03 2.168363822521445893e-03 2.703830410833560696e-03 1.265015362768706110e-03 1.781106543647721641e-03 1.019953965077494574e-03 1.261909609087112638e-03 2.215862753785710366e-03 5.251704592141994560e-03 1.389454877627727646e-02 3.077898478325830252e-03 4.099261744085060805e-03 6.874076666904923444e-03 9.497801641384296528e-03 7.187675730991740369e-03 7.346167425157905211e-03 8.189155254613464038e-03 5.836074529923244991e-02 1.112976209496516038e-02 1.000000000000000021e-08 3.198376234080795472e-05 3.683981591247732865e-05 3.540099951930288883e-05 1.000000000000000021e-08 1.478601213590447454e-05 1.432915734644036907e-05 1.326093312483169132e-05 1.000000000000000021e-08 1.000000000000000021e-08 2.555395317830742280e-05 4.805796230819069055e-05 1.000000000000000021e-08 1.000000000000000021e-08 1.000000000000000021e-08 1.000000000000000021e-08
2.007454247773759505e-03 3.935712672438917981e-03 2.638658562436242867e-03 4.017213746434099807e-03 2.084459730208846392e-03 2.837439736285078673e-03 1.437161138217739071e-03 2.076493946993484933e-03 1.040810949755861282e-03 2.715893258603661528e-03 2.560964260043738921e-03 1.535451047247243447e-02 4.183223458204939071e-03 1.806037129222678051e-03 6.328346363103447801e-03 5.411425378851891788e-03 8.915989014809957980e-03 8.734237309097319518e-03 9.209056646070790803e-03 6.549195587508155336e-02 4.046504370188536322e-03 1.000000000000000021e-08 1.000000000000000021e-08 1.000000000000000021e-08 5.726859232634875092e-05 3.226948171263486782e-05 2.827174198059879905e-05 2.845248259180788983e-05 2.724237519568768081e-05 1.724022022418854298e-05 1.000000000000000021e-08 2.198170644440831397e-05 1.000000000000000021e-08 1.000000000000000021e-08 1.000000000000000021e-08 1.000000000000000021e-08 1.000000000000000021e-08
