output/water_depth_6600.asc
ncols 223
nrows 158
xllcorner 0.0
yllcorner 0.0
cellsize 30.0
[rows 68 to 84 of 158, columns 37 to 73 of 223]
1.000000000000000021e-08 1.448698519041276531e-05 2.140705772899399609e-05 2.695331033837119943e-05 1.000000000000000021e-08 1.572818578757787027e-05 2.349686663548716895e-05 2.449871521795306728e-05 1.000000000000000021e-08 1.000000000000000021e-08 1.000000000000000021e-08 1.000000000000000021e-08 1.166215840306251008e-05 1.000000000000000021e-08 3.172209274812406689e-05 1.000000000000000021e-08 1.620671592133141078e-05 3.308718435686084232e-05 3.062662151971302281e-05 1.000000000000000021e-08 1.000000000000000021e-08 1.574892190725843489e-05 5.074271016407532197e-05 1.878090567044867236e-03 4.104178561170587530e-04 1.000000000000000021e-08 1.000000000000000021e-08 1.000000000000000021e-08 1.000000000000000021e-08 1.000000000000000021e-08 1.000000000000000021e-08 1.000000000000000021e-08 1.000000000000000021e-08 1.000000000000000021e-08 1.079596556846504151e-05 1.000000000000000021e-08 1.000000000000000021e-08
1.000000000000000021e-08 1.000000000000000021e-08 1.000000000000000021e-08 1.107938318020237961e-05 1.194090157520465056e-05 1.100732803782733647e-05 1.429895226897633410e-05 1.732785632653769303e-05 2.233002248954443490e-05 3.904254106675449359e-05 4.964419063621184139e-05 1.000000000000000021e-08 1.000000000000000021e-08 3.048518669497581092e-05 3.532476650270405716e-05 1.000000000000000021e-08 1.375826842779167848e-05 2.441400138412813691e-05 1.000000000000000021e-08 1.370623467487368606e-05 2.354700102493738123e-05 1.712152582793042681e-05 4.207716612685102187e-05 6.146947424967965160e-05 2.202114332747607108e-04 1.313752618851031896e-03 1.000000000000000021e-08 1.000000000000000021e-08 1.000000000000000021e-08 1.000000000000000021e-08 1.000000000000000021e-08 1.000000000000000021e-08 8.712377419410227187e-05 6.013021896997413317e-04 7.721555648688557469e-04 7.112885379748288802e-04 5.326395735176574176e-04
1.000000000000000021e-08 1.000000000000000021e-08 1.000000000000000021e-08 1.000000000000000021e-08 1.000000000000000021e-08 1.000000000000000021e-08 1.000000000000000021e-08 2.229672056505146855e-05 4.720856445361157675e-05 5.029816891626361119e-05 4.553091954703471439e-05 6.902999402952582537e-05 4.231734301037771198e-05 3.620337297596884772e-05 3.007973036538036534e-05 3.040999606733965220e-05 5.723234061424061262e-05 1.000000000000000021e-08 1.000000000000000021e-08 1.000000000000000021e-08 1.290655599442537195e-05 6.757896296719156459e-05 3.759184070067644607e-05 4.974313798728706421e-05 1.000000000000000021e-08 1.000000000000000021e-08 1.063409701093426752e-05 1.471614736629418862e-05 1.000000000000000021e-08 5.303367644737924284e-05 5.133725389600721863e-05 6.732956940659695980e-04 1.026873350747393781e-03 9.555136241540004675e-04 7.708004045703979951e-04 6.466438255577425243e-04 7.714913286800252710e-04
1.000000100000000021e-05 3.559072941717276328e-05 1.000000000000000021e-08 1.000000000000000021e-08 1.000000000000000021e-08 1.000000000000000021e-08 1.000000000000000021e-08 1.000000000000000021e-08 1.954897223588624011e-05 1.816606379716772892e-05 2.454456039552533071e-05 3.956913780981734333e-05 9.352407775663249369e-05 7.290739437857702155e-05 6.805901960268594998e-05 8.592620221167115795e-05 1.579845370566830716e-04 3.222746125948530434e-04 1.836342619920491056e-04 1.330703588774196690e-04 8.564004268532338841e-05 1.387751524060659562e-04 2.286451616763127657e-03 2.075252894732885090e-04 1.224082407069147251e-04 1.000000000000000021e-08 1.160960732231950154e-05 2.475070939348594166e-05 2.582170071807666738e-05 1.735569684486990320e-04 3.604623011131163532e-04 8.507715672083615002e-04 8.846886477641277211e-04 7.421306998561549330e-04 6.432518789980888997e-04 6.031945022842821313e-04 4.499327027127164678e-04
3.840631869476718871e-05 8.777557870265226487e-05 5.471743857183760382e-05 3.372389261072898539e-05 1.000000000000000021e-08 1.000000000000000021e-08 1.000000000000000021e-08 1.786095624220179379e-05 1.366256325687998860e-04 1.055959384366602976e-04 1.000000000000000021e-08 1.000000000000000021e-08 1.091290671383569178e-04 1.933018910949839864e-04 2.036641841173318071e-04 1.878784973424233405e-04 1.499817117625027634e-04 1.273684288570318816e-04 2.150058100517032245e-04 2.229952402127804414e-04 1.942918397675302269e-04 9.916759967882974051e-05 3.012884193930712487e-04 3.322332358336221370e-04 3.183259098342288980e-04 1.000000000000000021e-08 9.983004468708655404e-04 9.702714399421872617e-04 1.277449304874801348e-03 1.348550728138215747e-03 1.930097791245586388e-03 1.047902390290175040e-03 8.357001477201208423e-04 6.663433368815603131e-04 4.748799674863973569e-04 3.374999993440566735e-04 3.619002352487890508e-04
4.978881014778066002e-05 3.395086516963832893e-05 6.462909841034087830e-05 1.000000000000000021e-08 1.000000000000000021e-08 1.298892577260533480e-05 2.012007258280080669e-05 5.102871552066577492e-05 1.804201207221226033e-04 4.177882213967203931e-04 2.768182492266267679e-04 2.770145606180213671e-04 2.042878118317088365e-04 1.648090103058246620e-04 8.889091273405144993e-05 7.609653038804316174e-05 6.630095736925230060e-05 6.649137407432923559e-05 7.277094704453190344e-05 2.387919879023383553e-04 3.131812363049311303e-04 2.800592202125760759e-04 2.405568766540840207e-04 7.594033234665355323e-04 9.163591609175169954e-04 1.252831269975033255e-03 8.705061623941038641e-04 5.120658831698753641e-04 3.803228037992573466e-04 3.419604785133303448e-04 2.262725777480481786e-04 1.874956675428121578e-04 1.405461401571033093e-04 1.134199636882962561e-04 1.090580562049545208e-04 8.975820238065684647e-05 7.624474477410914900e-05
1.430126705501841777e-04 1.862079402877248263e-04 2.118707455739795784e-04 2.465491319064792700e-04 2.853420960216675119e-04 3.964915197151000666e-04 4.350574306464000834e-04 4.126817636398094559e-04 3.154579205540807159e-04 1.273374715747571193e-05 1.585977079745436543e-05 1.294643070611190199e-05 1.000000000000000021e-08 1.000000000000000021e-08 1.356274058162188937e-05 2.940636218626765399e-05 4.019675194608706759e-05 3.381009428938551350e-05 2.330617446401539509e-05 2.342509127400920459e-05 1.746458311345415332e-05 2.123498971795054343e-04 4.288583613084479018e-04 6.019383637655246425e-04 6.990455703873139860e-05 1.000000000000000021e-08 1.000000000000000021e-08 1.478596605733587269e-05 2.403060586097527588e-05 2.980601544717566571e-05 3.258846201009819551e-05 2.791818876944517005e-05 2.391003163913317718e-05 2.321541391706628211e-05 2.861829493330803392e-05 2.502112325698284675e-05 1.000000000000000021e-08
1.265554121181840718e-03 8.890947941351418917e-05 7.419702447734421828e-05 6.644189354115862228e-05 5.899533516287825227e-05 4.436322666052319068e-05 3.985687904160756321e-05 1.000000000000000021e-08 1.000000000000000021e-08 1.000000000000000021e-08 1.106780841259356317e-05 1.531787736596112179e-05 1.477740836351757452e-05 1.480132128706888569e-05 1.614426930894683694e-05 1.751478737177200831e-05 3.649441345232381649e-05 4.452062608034764097e-05 4.541194193500591470e-05 4.397489580932139149e-05 4.392750293911778982e-05 4.965746980531343587e-05 1.303009720675410129e-04 2.957971824732301571e-05 1.000000000000000021e-08 1.000000000000000021e-08 1.412378694747783962e-05 2.105919295729057007e-05 2.430570180611746743e-05 2.252545461587438021e-05 1.745223909135412498e-05 2.977512000149145591e-05 2.561856869820288682e-05 2.489007568080489879e-05 1.837309325944150206e-05 1.000000000000000021e-08 1.000000000000000021e-08
2.409612860308765953e-05 4.447661658109028804e-05 1.000000000000000021e-08 1.000000000000000021e-08 1.798323155217743322e-05 1.000000000000000021e-08 1.000000000000000021e-08 1.000000000000000021e-08 1.000000000000000021e-08 1.000000000000000021e-08 1.000000000000000021e-08 1.000000000000000021e-08 1.000000000000000021e-08 1.000000000000000021e-08 1.000000000000000021e-08 1.368342159547346328e-05 2.690295012601246779e-05 8.215555238702587951e-05 8.511354126836810803e-05 6.553653588022720030e-05 7.676325793944474302e-05 1.604394731967044086e-04 2.568933654310236726e-05 1.815088048391271926e-05 1.000000000000000021e-08 1.000000000000000021e-08 1.000000000000000021e-08 1.000000000000000021e-08 1.000000000000000021e-08 1.000000000000000021e-08 1.421010730382163004e-05 1.458258012778337371e-05 2.658268124860328587e-05 2.993077455732588379e-05 3.193977099898573163e-05 2.462293330644875602e-05 2.319343957558914088e-05
1.993862327723665046e-05 3.638913670224430528e-05 4.701868940814079364e-05 3.288679578091112062e-05 3.637013374403023371e-05 5.121627193326230420e-05 4.515744773030350373e-05 3.570256797455657882e-05 3.181179049106003134e-05 2.418964825956269020e-05 2.541057184372823562e-05 2.587498639433024968e-05 3.134726035116077911e-05 2.958972206215206824e-05 3.178308362724683456e-05 2.842267557793619378e-05 4.296353949839641173e-05 7.095492566227022202e-05 8.119127879983876800e-05 9.897185080820207373e-05 9.699778484191421649e-05 2.084391021269195931e-04 1.699702343360278507e-04 1.000000000000000021e-08 1.000000000000000021e-08 1.452168854127954804e-05 1.365596237776842278e-05 1.694357757223146640e-05 1.733645052393393613e-05 1.753165062660094409e-05 2.453097789666356532e-05 2.505232089701562494e-05 2.936113594221354307e-05 3.778336562193225327e-05 4.332671412473194884e-05 4.346329331778776313e-05 6.681978441401477961e-05
1.938220815532079821e-05 3.386703200074454232e-05 4.421132301212092386e-05 1.000000000000000021e-08 1.371210524228868464e-05 2.354623353702497559e-05 6.297153554856938981e-05 5.189689662255257051e-05 5.108582265900471611e-05 1.000000000000000021e-08 6.551576561922375257e-05 9.054498986073074177e-05 6.150839106284823621e-05 8.878536519423021437e-05 8.266721681110330449e-05 6.505009868102898775e-05 4.583122395714277718e-05 4.553236418885316436e-05 9.825744728962849039e-05 8.801205300255400283e-05 9.064391346864820868e-05 1.309233538412092829e-04 2.267096610145051094e-04 1.000000000000000021e-08 1.000000000000000021e-08 1.354721413751584604e-05 1.996934250141640000e-05 2.945112699767321794e-05 2.427982681774179101e-05 2.675349752294964661e-05 3.268024392245422817e-05 3.423455926964093156e-05 3.346117050611485287e-05 1.000000000000000021e-08 3.081582449484994581e-05 4.122867765601608507e-05 3.219264336688038643e-05
2.410070975731619914e-05 3.912560278710780135e-05 4.200157363825350913e-05 3.553792975329199058e-05 2.322096892428742330e-05 1.744515757262756004e-05 1.972993196152726867e-05 6.266025697405169738e-05 1.393293458330516698e-04 8.449155934859589828e-05 7.807923836450355952e-05 6.831591228516812979e-05 9.842543357923561867e-05 1.004927781351783482e-04 1.000000000000000021e-08 1.000000000000000021e-08 1.000000000000000021e-08 1.958029815246563649e-05 3.205150636833951357e-05 1.000000000000000021e-08 1.000000000000000021e-08 6.758515924339270748e-05 1.744610460531120842e-04 1.000000000000000021e-08 1.000000000000000021e-08 1.875903883771527151e-05 3.495434193307038381e-05 2.841390092020246790e-05 1.000000000000000021e-08 2.038117077671637692e-05 3.096299768722436593e-05 3.486411078640209630e-05 3.805452847988311074e-05 1.000000000000000021e-08 1.000000000000000021e-08 1.000000000000000021e-08 1.000000000000000021e-08
3.601138804423989319e-05 4.394133824789723245e-05 3.400317189867439863e-05 1.000000000000000021e-08 1.000000000000000021e-08 1.000000000000000021e-08 1.328586923682621026e-05 2.296443496904863578e-05 3.355876009605248441e-05 1.000000000000000021e-08 1.000000000000000021e-08 1.000000000000000021e-08 1.000000000000000021e-08 1.000000000000000021e-08 1.000000000000000021e-08 1.000000000000000021e-08 1.525151701916471955e-05 2.175818104433998860e-05 2.071502018464860387e-05 2.207490582258387116e-05 1.000000000000000021e-08 3.256023203076975381e-05 1.213475508282407149e-04 6.328989639002402621e-05 3.657970479402823671e-05 4.060886957616711014e-05 7.191029265834380157e-05 3.207561083050932907e-05 1.000000000000000021e-08 1.910321438267944174e-05 3.319152934381421212e-05 4.136046097965117674e-05 1.000000000000000021e-08 1.000000000000000021e-08 1.000000000000000021e-08 1.000000000000000021e-08 1.000000000000000021e-08
1.697273847317710553e-05 3.284611230187033494e-05 1.000000000000000021e-08 1.000000000000000021e-08 1.000000000000000021e-08 1.040627683255747265e-05 1.000000000000000021e-08 1.000000000000000021e-08 1.000000000000000021e-08 1.000000000000000021e-08 1.000000000000000021e-08 1.000000000000000021e-08 1.000000000000000021e-08 1.000000000000000021e-08 1.213785747306861610e-05 1.612656201351730256e-05 1.000000000000000021e-08 1.000000000000000021e-08 1.000000000000000021e-08 1.000000000000000021e-08 1.000000000000000021e-08 1.000000000000000021e-08 1.000000000000000021e-08 4.257079628268539256e-05 3.872061660781672156e-05 4.869359062341598163e-05 7.432609917439282545e-05 1.000000000000000021e-08 1.000000000000000021e-08 1.000000000000000021e-08 1.000000000000000021e-08 1.000000000000000021e-08 1.000000000000000021e-08 1.000000000000000021e-08 1.421013674568718629e-05 1.000000000000000021e-08 1.000000000000000021e-08
1.561763980701640138e-05 3.100808141460744901e-05 1.400329078136382851e-03 9.039097566828002076e-05 7.503329702963608752e-05 1.000000000000000021e-08 1.000000000000000021e-08 1.000000000000000021e-08 1.000000000000000021e-08 1.000000000000000021e-08 1.148311241124498187e-05 2.183770961463361588e-05 2.660423693991200420e-05 3.760358458518864582e-05 5.375227672616465725e-05 5.443183213782164942e-05 4.266798823183042325e-05 3.379963597196643417e-05 3.093359483891377224e-05 2.051393576505239179e-05 3.316834715270577716e-05 8.005317626075767205e-05 1.462551736170703204e-04 1.596944746635730133e-05 2.626989107721862502e-04 1.943729625952275416e-04 2.104194204166740141e-04 1.414945805929120287e-04 1.106302158156199082e-04 9.228973157308612387e-05 1.000000000000000021e-08 1.000000000000000021e-08 1.000000000000000021e-08 1.000000000000000021e-08 1.000000000000000021e-08 1.000000000000000021e-08 1.000000000000000021e-08
1.343819175881331373e-05 2.272115150310435804e-05 3.538186035444434329e-05 3.950385777857858579e-05 1.000000000000000021e-08 1.000000000000000021e-08 1.000000000000000021e-08 1.000000000000000021e-08 1.000000000000000021e-08 1.000000000000000021e-08 1.000000000000000021e-08 1.000000000000000021e-08 1.000000000000000021e-08 1.000000000000000021e-08 1.000000000000000021e-08 5.077906545299428474e-05 7.931842077103841578e-05 7.424612888435806778e-05 6.285673689989969813e-05 6.159822163150374685e-05 7.498818014505115998e-05 6.480345860079211667e-05 1.234873808943794376e-04 1.514868723345909210e-04 1.216425724803706971e-04 2.256915287568273898e-04 3.392503720777020697e-04 4.856912382818066214e-04 6.261767222147367890e-04 4.624710311630813361e-04 3.567996930738329001e-04 1.113844573577996863e-05 1.470694026056130469e-05 1.000000000000000021e-08 1.000000000000000021e-08 1.000000000000000021e-08 1.000000000000000021e-08
1.073739230408641507e-05 1.734648148468247310e-05 2.372909848388465821e-05 3.277739240784301704e-05 3.588027426301829728e-05 1.000000000000000021e-08 1.000000000000000021e-08 1.000000000000000021e-08 1.000000000000000021e-08 1.000000000000000021e-08 1.000000000000000021e-08 1.000000000000000021e-08 1.000000000000000021e-08 1.000000000000000021e-08 1.000000000000000021e-08 1.000000000000000021e-08 1.000000000000000021e-08 1.000000000000000021e-08 4.923985108781601402e-05 7.328160151458972980e-05 1.229607730036473947e-04 1.773609087570284187e-04 1.441742275655215810e-04 1.119821863954157575e-04 1.000000000000000021e-08 1.000000000000000021e-08 1.000000000000000021e-08 1.000000000000000021e-08 8.568274255333366502e-05 5.540712132810633305e-04 5.906455346021558320e-04 5.203641262544307861e-04 2.483892335968751973e-05 3.535141428850085841e-05 1.000000000000000021e-08 1.000000000000000021e-08 1.000000000000000021e-08
