output/water_depth_4920.asc
ncols 223
nrows 158
xllcorner 0.0
yllcorner 0.0
cellsize 30.0
[rows 136 to 152 of 158, columns 185 to 221 of 223]
7.606407393782723748e-05 1.833873848448921171e-04 3.495479261115507375e-03 8.874144706598269261e-01 3.185584928352027667e-01 1.062607267451259543e-04 2.226475028068062797e-04 3.486722203966223510e-04 6.555604891019216340e-04 9.171283329524971889e-04 1.729020809803212717e-03 2.353915065993810070e-03 1.022787292319814884e-03 4.522990154131173164e-04 2.924142707284116492e-04 2.263966389283138671e-04 1.760526481066433321e-04 1.305763002249235127e-04 8.874506351469819878e-05 5.213776211994200342e-05 2.326504415295672381e-05 1.000000000000000021e-08 1.000000000000000021e-08 1.000000000000000021e-08 1.000000100000000021e-05 1.000000100000000021e-05 1.000000100000000021e-05 1.000000100000000021e-05 1.000000100000000021e-05 1.000000100000000021e-05 1.000000100000000021e-05 1.000000100000000021e-05 1.000000100000000021e-05 1.000000100000000021e-05 1.000000100000000021e-05 1.000000100000000021e-05 1.000000100000000021e-05
2.617753943535550533e-05 2.223275319379108887e-05 1.333157492877045346e-04 8.518768974891820500e-01 8.481143529137671333e-01 7.837731290657798944e-01 7.554801848592480017e-03 9.140737460373235534e-04 1.494323318777413955e-04 3.405986949213126672e-04 1.815858887200738061e-03 2.182997416618362961e-03 8.542026392363014564e-04 7.711239613270829026e-05 3.469772961054187440e-05 1.334244983066476084e-05 1.182920746928874936e-05 1.248993269715033307e-05 1.000000000000000021e-08 1.000000000000000021e-08 1.000000000000000021e-08 8.918423673169103172e-05 6.061835274283875109e-05 3.674626002437751481e-05 2.162657554846468777e-05 1.000000100000000021e-05 1.000000100000000021e-05 1.000000100000000021e-05 1.000000100000000021e-05 1.000000100000000021e-05 1.000000100000000021e-05 1.000000100000000021e-05 1.000000100000000021e-05 1.000000100000000021e-05 1.000000100000000021e-05 1.000000100000000021e-05 1.000000100000000021e-05
1.000000000000000021e-08 1.000000000000000021e-08 3.819350173650060479e-05 6.224145294713193458e-03 1.450626631135630215e-02 6.963761379581503430e-01 6.301978394390546079e-01 5.521664247041477847e-01 1.106924817131074625e-03 2.627563231746282832e-04 1.555124578102825552e-03 2.490349474572566132e-04 1.093961497946871871e-04 4.413062513186866658e-05 6.202981168949605109e-05 4.327960677803597563e-05 2.692757046543047000e-05 1.156437283397369550e-05 1.000000000000000021e-08 1.000000000000000021e-08 1.000000000000000021e-08 1.000000000000000021e-08 1.000000000000000021e-08 2.247093678611661834e-05 1.000000000000000021e-08 1.000000100000000021e-05 1.000000100000000021e-05 1.000000100000000021e-05 1.000000100000000021e-05 1.000000100000000021e-05 1.000000100000000021e-05 1.000000100000000021e-05 1.000000100000000021e-05 1.000000100000000021e-05 1.000000100000000021e-05 1.000000100000000021e-05 1.000000100000000021e-05
1.388333271343586276e-04 1.115425325978938254e-03 1.227962415550982924e-04 1.548453582440747307e-04 2.542128051432116756e-04 1.935984378696686175e-03 1.309922337272399935e-03 3.264458112073842511e-01 2.143558965723396659e-01 3.117063303888091986e-03 3.317311173672099576e-04 1.924565538511774604e-04 1.000000000000000021e-08 1.000000000000000021e-08 8.293723322372847896e-05 1.000000000000000021e-08 1.000000000000000021e-08 1.000000000000000021e-08 1.000000000000000021e-08 7.293687538113031597e-05 7.456978888140442549e-05 8.288599905064287631e-05 5.610306631007798791e-05 2.634230150614905698e-05 2.450888501980150329e-05 1.000000100000000021e-05 1.000000100000000021e-05 1.000000100000000021e-05 1.000000100000000021e-05 1.000000100000000021e-05 1.000000100000000021e-05 1.000000100000000021e-05 1.000000100000000021e-05 1.000000100000000021e-05 1.000000100000000021e-05 1.000000100000000021e-05 1.000000100000000021e-05
4.761929161093222561e-04 3.222779205524538087e-04 1.077595370128941587e-03 6.589980700023537891e-04 2.892840033894796730e-04 1.315255500761121680e-04 7.976120859810734501e-05 1.617689967750919888e-01 3.687457047078855910e-01 5.413124952513043327e-03 2.745811396193011253e-04 2.479582541379171993e-04 2.226158982027994391e-05 1.548610563460416632e-05 1.499996659461268954e-05 1.000000000000000021e-08 3.048709205736160955e-05 4.395256456070994420e-05 4.825346142881999225e-05 5.751093648687393876e-05 8.179320710426648351e-05 5.193179493206594784e-05 2.107801005107637248e-05 1.080160350865237172e-05 1.000000000000000021e-08 1.000000100000000021e-05 1.000000100000000021e-05 1.000000100000000021e-05 1.000000100000000021e-05 1.000000100000000021e-05 1.000000100000000021e-05 1.000000100000000021e-05 1.000000100000000021e-05 1.000000100000000021e-05 1.000000100000000021e-05 1.000000100000000021e-05 1.000000100000000021e-05
1.446549433189748711e-03 1.042354790906443529e-03 1.262936195106346103e-03 1.846877456075209437e-02 3.360733859549132254e-03 1.843444218591612548e-03 2.659188207758800661e-04 8.356875933227174424e-02 4.367408173815251482e-01 1.236715412797059549e-03 2.191718132846661945e-04 3.484970600224042501e-05 1.000000000000000021e-08 1.000000000000000021e-08 1.000000000000000021e-08 6.335064188739833121e-05 7.516355659699574599e-05 7.940011286861457947e-05 6.473315244734015707e-05 4.822289142809907511e-05 2.084778089353763017e-05 2.523942858712745788e-05 1.274113573075293318e-05 1.000000000000000021e-08 1.000000100000000021e-05 1.000000100000000021e-05 1.000000100000000021e-05 1.000000100000000021e-05 1.000000100000000021e-05 1.000000100000000021e-05 1.000000100000000021e-05 1.000000100000000021e-05 1.000000100000000021e-05 1.000000100000000021e-05 1.000000100000000021e-05 1.000000100000000021e-05 1.000000100000000021e-05
3.951385190070752507e-03 4.605683856507909041e-03 5.149670957513744797e-03 3.659443799640893502e-03 5.325046979353223464e-03 6.199391920541405532e-03 6.468281217169503071e-03 7.569217295492493280e-02 4.898173168276886424e-01 1.121070718115635152e-03 7.792219647566137346e-05 1.000000000000000021e-08 1.000000000000000021e-08 1.058709306116259149e-04 1.701058758427426767e-05 2.337938551984152535e-05 2.207066669901855668e-05 1.615323156800938930e-05 1.000000000000000021e-08 1.050830741709439059e-04 5.273505028974888949e-05 2.023002359788574173e-05 1.000000000000000021e-08 1.000000000000000021e-08 1.000000100000000021e-05 1.000000100000000021e-05 1.000000100000000021e-05 1.000000100000000021e-05 1.000000100000000021e-05 1.000000100000000021e-05 1.000000100000000021e-05 1.000000100000000021e-05 1.000000100000000021e-05 1.000000100000000021e-05 1.000000100000000021e-05 1.000000100000000021e-05 1.000000100000000021e-05
6.177396724678929640e-04 5.515255568194960857e-04 3.168304704689369074e-04 2.736768608162197785e-04 1.700884384407272073e-04 1.655221979513480269e-04 1.150297099246990178e-03 3.284109794621321160e-02 3.037837979349138351e-01 1.954522164635028592e-01 2.168018443046708550e-03 9.353788594423208876e-05 8.100718131304052833e-05 6.338635179220480215e-05 1.000000000000000021e-08 1.000000000000000021e-08 1.000000000000000021e-08 1.000000000000000021e-08 1.000000000000000021e-08 1.079322171001267207e-05 1.146001683841403210e-05 1.275016890969780109e-05 1.473245806453655334e-05 1.093296402180038177e-05 1.000000100000000021e-05 1.000000100000000021e-05 1.000000100000000021e-05 1.000000100000000021e-05 1.000000100000000021e-05 1.000000100000000021e-05 1.000000100000000021e-05 1.000000100000000021e-05 1.000000100000000021e-05 1.000000100000000021e-05 1.000000100000000021e-05 1.000000100000000021e-05 1.000000100000000021e-05
4.641841696309858254e-04 2.724112931335031119e-04 1.029845816200642382e-02 1.000000000000000021e-08 8.261678076750866623e-05 2.304578007721010189e-04 1.236085441187432664e-04 3.667447715368089530e-04 1.771239545921793057e-01 4.701496725537738230e-01 2.896860384941447007e-03 2.296606400707133842e-04 1.402769097157385814e-04 1.000000000000000021e-08 1.000000000000000021e-08 1.000000000000000021e-08 1.000000000000000021e-08 1.000000000000000021e-08 1.017446171374236263e-05 1.025874083404221975e-05 1.000000000000000021e-08 3.369451564206971892e-05 2.925258344076307605e-05 2.925572160344806668e-05 1.000000100000000021e-05 1.000000100000000021e-05 1.000000100000000021e-05 1.000000100000000021e-05 1.000000100000000021e-05 1.000000100000000021e-05 1.000000100000000021e-05 1.000000100000000021e-05 1.000000100000000021e-05 1.000000100000000021e-05 1.000000100000000021e-05 1.000000100000000021e-05 1.000000100000000021e-05
4.792781956154269340e-04 4.259641637253725366e-04 7.501531432006235123e-03 1.084910844751699058e-03 9.239496275616231914e-04 5.338613278445224208e-04 2.920292781569547910e-04 2.773866750102723039e-04 7.064103996773821170e-02 4.175777272652587691e-01 1.849264571469900684e-03 1.000000000000000021e-08 2.182345537913731967e-05 1.053171156238026243e-05 1.000000000000000021e-08 1.000000000000000021e-08 1.000000000000000021e-08 1.000000000000000021e-08 1.000000000000000021e-08 1.000000000000000021e-08 1.000000000000000021e-08 1.000000000000000021e-08 2.369943392927615242e-05 1.000000100000000021e-05 1.000000100000000021e-05 1.000000100000000021e-05 1.000000100000000021e-05 1.000000100000000021e-05 1.000000100000000021e-05 1.000000100000000021e-05 1.000000100000000021e-05 1.000000100000000021e-05 1.000000100000000021e-05 1.000000100000000021e-05 1.000000100000000021e-05 1.000000100000000021e-05 1.000000100000000021e-05
2.776120220292030579e-04 5.807595037086005739e-04 2.000583615876732214e-03 1.432054872222558728e-02 1.000000000000000021e-08 2.078064433747618949e-04 1.858884876641922240e-04 9.615915369196414812e-04 2.022770541232001840e-01 2.787776038940412149e-01 1.090230554616437170e-03 1.000000000000000021e-08 1.000000000000000021e-08 1.220762366425056007e-05 1.000000000000000021e-08 1.026024884827117399e-05 1.000000000000000021e-08 1.000000000000000021e-08 1.000000000000000021e-08 1.000000000000000021e-08 1.000000000000000021e-08 2.085503005775301175e-05 2.021959266170454409e-05 1.000000100000000021e-05 1.000000100000000021e-05 1.000000100000000021e-05 1.000000100000000021e-05 1.000000100000000021e-05 1.000000100000000021e-05 1.000000100000000021e-05 1.000000100000000021e-05 1.000000100000000021e-05 1.000000100000000021e-05 1.000000100000000021e-05 1.000000100000000021e-05 1.000000100000000021e-05 1.000000100000000021e-05
7.661596292683078521e-05 9.903987787180385926e-04 2.124867433887488340e-03 4.233876463101575449e-03 1.281230206295500386e-03 1.135762978606902774e-03 2.049767782691329799e-03 2.216413013287673022e-03 5.458199418437681416e-01 5.353709477445770526e-01 5.300890503997942593e-01 1.002930571211771860e-03 1.000000000000000021e-08 1.000000000000000021e-08 1.000000000000000021e-08 1.317064184985794382e-05 1.000000000000000021e-08 1.000000000000000021e-08 1.000000000000000021e-08 1.000000000000000021e-08 1.000000000000000021e-08 3.356806375966046890e-05 2.150496931094394176e-05 1.000000000000000021e-08 1.000000100000000021e-05 1.000000100000000021e-05 1.000000100000000021e-05 1.000000100000000021e-05 1.000000100000000021e-05 1.000000100000000021e-05 1.000000100000000021e-05 1.000000100000000021e-05 1.000000100000000021e-05 1.000000100000000021e-05 1.000000100000000021e-05 1.000000100000000021e-05 1.000000100000000021e-05
1.394602670273232745e-03 1.128810172856400040e-03 1.029980769350763003e-03 1.509210158504959353e-03 2.156998575836783887e-03 2.835689889506492079e-03 1.918684322147760652e-03 1.356874521532110351e-03 5.409407033771318485e-01 5.228114739273510558e-01 5.261406065828464484e-01 3.195092181502112022e-03 1.058294168566029294e-05 1.000000000000000021e-08 1.000000000000000021e-08 1.000000000000000021e-08 1.000000000000000021e-08 1.052712244141687146e-05 1.000000000000000021e-08 1.000000000000000021e-08 3.537859043964438043e-05 3.603800590025217290e-05 2.136765708922485260e-05 1.000000000000000021e-08 1.000000100000000021e-05 1.000000100000000021e-05 1.000000100000000021e-05 1.000000100000000021e-05 1.000000100000000021e-05 1.000000100000000021e-05 1.000000100000000021e-05 1.000000100000000021e-05 1.000000100000000021e-05 1.000000100000000021e-05 1.000000100000000021e-05 1.000000100000000021e-05 1.000000100000000021e-05
9.508615673188558493e-05 7.991556950020829990e-05 4.181465127689928387e-04 4.372390388444842894e-04 1.572812001704614569e-03 2.485128347807279907e-04 1.971269100583714041e-04 2.463147908817049886e-04 9.385522797231215381e-03 4.951449053740489825e-01 5.133410313422951399e-01 1.980379794157936129e-05 2.751062732239792876e-05 1.000000000000000021e-08 1.000000000000000021e-08 1.000000000000000021e-08 1.000000000000000021e-08 1.000000000000000021e-08 1.199244874307776445e-05 1.000000000000000021e-08 1.000000000000000021e-08 1.000000000000000021e-08 2.199871879452790837e-05 1.507600834384974645e-05 1.000000100000000021e-05 1.000000100000000021e-05 1.000000100000000021e-05 1.000000100000000021e-05 1.000000100000000021e-05 1.000000100000000021e-05 1.000000100000000021e-05 1.000000100000000021e-05 1.000000100000000021e-05 1.000000100000000021e-05 1.000000100000000021e-05 1.000000100000000021e-05 1.000000100000000021e-05
1.282029672836915123e-05 2.898143027187936361e-05 9.235263761688622614e-04 1.008668485781566773e-02 1.594975738836446879e-03 6.000456338539254748e-05 9.814116573014833561e-05 7.918673528743599673e-05 5.655003478869889948e-04 4.338242816121873902e-01 5.940433963029908621e-05 4.129137373873381699e-05 5.403473516807464228e-05 1.000000000000000021e-08 1.000000000000000021e-08 1.000000000000000021e-08 1.746236470789669858e-05 1.744314253615522392e-05 1.549953386966119513e-05 1.000000000000000021e-08 1.000000000000000021e-08 1.000000000000000021e-08 1.000000000000000021e-08 1.525766792773786973e-05 1.000000100000000021e-05 1.000000100000000021e-05 1.000000100000000021e-05 1.000000100000000021e-05 1.000000100000000021e-05 1.000000100000000021e-05 1.000000100000000021e-05 1.000000100000000021e-05 1.000000100000000021e-05 1.000000100000000021e-05 1.000000100000000021e-05 1.000000100000000021e-05 1.000000100000000021e-05
1.316609602949403782e-04 1.026933893264885971e-04 5.575874271814092913e-04 4.048632969347334639e-04 3.979964035777014387e-04 7.437108836141979439e-05 2.413595939649108970e-05 4.486104805800812396e-05 2.787908061668190702e-04 3.268658442611859227e-01 2.246077898015379493e-01 1.117390827318308216e-01 1.106657031812787045e-01 7.889562368096495533e-05 1.000000000000000021e-08 1.000000000000000021e-08 1.000000000000000021e-08 1.000000000000000021e-08 1.000000000000000021e-08 1.000000000000000021e-08 1.000000000000000021e-08 1.000000000000000021e-08 1.000000000000000021e-08 1.000000000000000021e-08 1.000000000000000021e-08 1.000000100000000021e-05 1.000000100000000021e-05 1.000000100000000021e-05 1.000000100000000021e-05 1.000000100000000021e-05 1.000000100000000021e-05 1.000000100000000021e-05 1.000000100000000021e-05 1.000000100000000021e-05 1.000000100000000021e-05 1.000000100000000021e-05 1.000000100000000021e-05
2.204278366482114674e-04 2.756836880230847226e-04 1.598050851414744970e-04 1.008214598148622274e-04 8.446680213568683927e-05 6.519824598044316236e-05 6.198011866359332813e-05 1.493169493892265330e-03 2.637941439698036072e-01 2.944763880347388008e-01 2.133930851131191075e-01 3.216719590553742125e-01 3.049209103956533329e-01 2.215724773383707658e-01 4.436100509197824318e-04 1.000000000000000021e-08 1.000000000000000021e-08 1.000000000000000021e-08 1.000000000000000021e-08 1.000000000000000021e-08 1.000000000000000021e-08 1.000000000000000021e-08 1.000000000000000021e-08 1.000000000000000021e-08 1.468932418766826990e-05 1.000000100000000021e-05 1.000000100000000021e-05 1.000000100000000021e-05 1.000000100000000021e-05 1.000000100000000021e-05 1.000000100000000021e-05 1.000000100000000021e-05 1.000000100000000021e-05 1.000000100000000021e-05 1.000000100000000021e-05 1.000000100000000021e-05 1.000000100000000021e-05
