output/water_depth_7800.asc
ncols 223
nrows 158
xllcorner 0.0
yllcorner 0.0
cellsize 30.0
[rows 136 to 152 of 158, columns 0 to 36 of 223]
1.000000100000000021e-05 1.000000100000000021e-05 1.000000100000000021e-05 1.000000100000000021e-05 1.000000100000000021e-05 1.000000100000000021e-05 1.000000100000000021e-05 1.000000100000000021e-05 1.000000100000000021e-05 1.000000100000000021e-05 1.000000100000000021e-05 1.000000100000000021e-05 1.000000100000000021e-05 1.000000000000000021e-08 1.000000000000000021e-08 1.000000000000000021e-08 1.000000000000000021e-08 1.000000000000000021e-08 1.000000000000000021e-08 1.000000000000000021e-08 1.000000000000000021e-08 1.000000000000000021e-08 1.000000000000000021e-08 1.000000000000000021e-08 1.000000000000000021e-08 1.000000000000000021e-08 1.000000000000000021e-08 1.000000000000000021e-08 1.000000000000000021e-08 1.000000000000000021e-08 1.000000000000000021e-08 1.000000000000000021e-08 1.000000000000000021e-08 1.000000000000000021e-08 1.371219694354406727e-05 1.000000000000000021e-08 1.000000000000000021e-08
1.000000100000000021e-05 1.000000100000000021e-05 1.000000100000000021e-05 1.000000100000000021e-05 1.000000100000000021e-05 1.000000100000000021e-05 1.000000100000000021e-05 1.000000100000000021e-05 1.000000100000000021e-05 1.000000100000000021e-05 1.000000100000000021e-05 1.000000100000000021e-05 1.000000100000000021e-05 1.000000000000000021e-08 1.000000000000000021e-08 1.000000000000000021e-08 1.000000000000000021e-08 1.000000000000000021e-08 1.000000000000000021e-08 1.000000000000000021e-08 1.000000000000000021e-08 1.000000000000000021e-08 1.000000000000000021e-08 1.000000000000000021e-08 1.000000000000000021e-08 1.000000000000000021e-08 1.000000000000000021e-08 1.000000000000000021e-08 1.000000000000000021e-08 1.000000000000000021e-08 1.000000000000000021e-08 1.000000000000000021e-08 1.000000000000000021e-08 1.000000000000000021e-08 1.265298243397945123e-05 1.000000000000000021e-08 1.000000000000000021e-08
1.000000100000000021e-05 1.000000100000000021e-05 1.000000100000000021e-05 1.000000100000000021e-05 1.000000100000000021e-05 1.000000100000000021e-05 1.000000100000000021e-05 1.000000100000000021e-05 1.152560007456229634e-05 1.903261413330754922e-05 2.886707307354069435e-05 3.946856182436403844e-05 3.375014423362515231e-05 1.000000000000000021e-08 1.000000000000000021e-08 1.000000000000000021e-08 1.000000000000000021e-08 1.000000000000000021e-08 1.000000000000000021e-08 1.000000000000000021e-08 1.000000000000000021e-08 1.000000000000000021e-08 1.000000000000000021e-08 1.000000000000000021e-08 1.000000000000000021e-08 1.000000000000000021e-08 1.000000000000000021e-08 1.000000000000000021e-08 1.078476710593305598e-05 2.478727037095455586e-05 1.631778288197350250e-05 2.832240181464993356e-05 1.000000000000000021e-08 1.270123727929494266e-05 1.159414632969721263e-05 1.000000000000000021e-08 1.000000000000000021e-08
1.000000100000000021e-05 1.000000100000000021e-05 1.000000100000000021e-05 1.000000100000000021e-05 1.000000100000000021e-05 1.000000100000000021e-05 1.000000100000000021e-05 1.000000100000000021e-05 1.000000100000000021e-05 1.000000000000000021e-08 1.000000000000000021e-08 1.000000000000000021e-08 2.304157771460871093e-05 2.185845182425935531e-05 2.263715909118713056e-05 1.888911190207379044e-05 1.735133573554294381e-05 1.655421737238534807e-05 1.554490104040266886e-05 1.843520056914800965e-05 1.886673950410395749e-05 1.000000000000000021e-08 1.000000000000000021e-08 1.000000000000000021e-08 1.000000000000000021e-08 1.000000000000000021e-08 1.000000000000000021e-08 1.080174762126922107e-05 3.568165948044995793e-05 1.883165153831057036e-05 2.918111917963542995e-05 2.325121562071604328e-05 1.000000000000000021e-08 1.000000000000000021e-08 1.025188059593593166e-05 1.000000000000000021e-08 1.000000000000000021e-08
1.000000100000000021e-05 1.000000100000000021e-05 1.000000100000000021e-05 1.000000100000000021e-05 1.000000100000000021e-05 1.000000100000000021e-05 1.000000100000000021e-05 1.000000100000000021e-05 1.000000100000000021e-05 1.000000000000000021e-08 1.000000000000000021e-08 1.000000000000000021e-08 1.881822685774850354e-05 2.629788591585559737e-05 3.016876926776032505e-05 2.844192997218079690e-05 2.883295353637800108e-05 3.375834483846213802e-05 5.030436518521602907e-05 6.863846060899503972e-05 1.000000000000000021e-08 1.000000000000000021e-08 1.000000000000000021e-08 1.000000000000000021e-08 1.000000000000000021e-08 1.000000000000000021e-08 1.000000000000000021e-08 3.574581364730113639e-05 3.184212024650892830e-05 2.664349703619390595e-05 2.126933792317245531e-05 1.000000000000000021e-08 1.000000000000000021e-08 1.000000000000000021e-08 1.000000000000000021e-08 1.000000000000000021e-08 1.000000000000000021e-08
1.000000100000000021e-05 1.000000100000000021e-05 1.000000100000000021e-05 1.000000100000000021e-05 1.000000100000000021e-05 1.000000100000000021e-05 1.000000100000000021e-05 1.000000100000000021e-05 1.000000100000000021e-05 1.000000000000000021e-08 1.000000000000000021e-08 1.000000000000000021e-08 1.806406062981108634e-05 1.000000000000000021e-08 1.000000000000000021e-08 2.653946628279035125e-05 3.241262439760087818e-05 1.000000000000000021e-08 1.000000000000000021e-08 1.086690539062757979e-05 1.000000000000000021e-08 1.000000000000000021e-08 1.000000000000000021e-08 1.000000000000000021e-08 1.000000000000000021e-08 1.902493143994790945e-05 2.433725639710306022e-05 4.272996614684685572e-05 6.961943786889096531e-05 1.000000000000000021e-08 1.000000000000000021e-08 1.000000000000000021e-08 1.000000000000000021e-08 1.000000000000000021e-08 1.000000000000000021e-08 1.000000000000000021e-08 1.000000000000000021e-08
1.000000100000000021e-05 1.000000100000000021e-05 1.000000100000000021e-05 1.000000100000000021e-05 1.000000100000000021e-05 1.000000100000000021e-05 1.000000100000000021e-05 1.000000100000000021e-05 1.000000100000000021e-05 1.000000000000000021e-08 1.000000000000000021e-08 1.000000000000000021e-08 2.158721321401642782e-05 1.907166680848329133e-05 1.549635831617069532e-05 2.604104684314576334e-05 1.000000000000000021e-08 1.000000000000000021e-08 1.000000000000000021e-08 1.000000000000000021e-08 1.000000000000000021e-08 1.000000000000000021e-08 1.000000000000000021e-08 1.000000000000000021e-08 1.000000000000000021e-08 2.393489089576672306e-05 2.885301796792362695e-05 1.170062841047005782e-04 1.000000000000000021e-08 1.000000000000000021e-08 1.000000000000000021e-08 1.479805568425778050e-05 1.208947701928634097e-05 1.000000000000000021e-08 1.000000000000000021e-08 1.000000000000000021e-08 1.000000000000000021e-08
1.000000100000000021e-05 1.000000100000000021e-05 1.000000100000000021e-05 1.000000100000000021e-05 1.000000100000000021e-05 1.000000100000000021e-05 1.000000100000000021e-05 1.000000100000000021e-05 1.000000100000000021e-05 1.364795542634203562e-05 2.331741297463169217e-05 4.756439955522486439e-05 4.944046291690101363e-05 4.491154182484837919e-05 3.691186884343795703e-05 1.000000000000000021e-08 1.000000000000000021e-08 2.480904563996969776e-05 1.968120483449499090e-05 1.000000000000000021e-08 1.000000000000000021e-08 1.000000000000000021e-08 1.000000000000000021e-08 7.886140358210088741e-05 1.000000000000000021e-08 2.861937286160664973e-05 7.165548090458289721e-05 5.833203645902112849e-05 7.306611441078590717e-05 5.308641979230759776e-05 1.000000000000000021e-08 1.000000000000000021e-08 1.000000000000000021e-08 1.000000000000000021e-08 1.000000000000000021e-08 1.000000000000000021e-08 1.000000000000000021e-08
1.000000100000000021e-05 1.000000100000000021e-05 1.000000100000000021e-05 1.000000100000000021e-05 1.000000100000000021e-05 1.000000100000000021e-05 1.000000100000000021e-05 1.000000100000000021e-05 1.000000100000000021e-05 1.000000100000000021e-05 1.000000100000000021e-05 1.000000100000000021e-05 3.436227303185243761e-05 8.901336532994231956e-05 1.954312877408375109e-04 1.116708943104792072e-04 4.237123768883455902e-04 4.432880811850093382e-03 8.192058763543151123e-04 1.000000000000000021e-08 1.000000000000000021e-08 1.000000000000000021e-08 1.000000000000000021e-08 7.662797930974547074e-04 1.087524697046293601e-03 9.482544405316431653e-05 7.569818542142150910e-05 6.212414907331738746e-05 5.883847140194592906e-05 1.000000000000000021e-08 1.342361797625439924e-05 1.000000000000000021e-08 1.000000000000000021e-08 1.000000000000000021e-08 1.000000000000000021e-08 1.000000000000000021e-08 1.000000000000000021e-08
1.000000100000000021e-05 1.000000100000000021e-05 1.000000100000000021e-05 1.000000100000000021e-05 1.000000100000000021e-05 1.000000100000000021e-05 1.000000100000000021e-05 1.000000100000000021e-05 1.000000100000000021e-05 1.000000100000000021e-05 1.000000100000000021e-05 1.000000100000000021e-05 3.995327642659778653e-05 1.572124158148852893e-04 2.625035329594070524e-04 3.581302743042193279e-04 3.003923847926941474e-04 1.893725269173986722e-04 5.894117577045378427e-03 1.194797677029066103e-03 1.260318787054936704e-03 1.089791282572187981e-03 7.430163171979726512e-03 8.390405992524981992e-04 6.500736045890287244e-04 8.894689836035044473e-04 7.054402932400624356e-05 3.005744659052504884e-05 1.532708755891672189e-05 1.426092680285148044e-05 1.000000000000000021e-08 1.000000000000000021e-08 1.000000000000000021e-08 1.000000000000000021e-08 1.000000000000000021e-08 1.000000000000000021e-08 1.000000000000000021e-08
1.000000100000000021e-05 1.000000100000000021e-05 1.000000100000000021e-05 1.000000100000000021e-05 1.000000100000000021e-05 1.000000100000000021e-05 1.000000100000000021e-05 1.000000100000000021e-05 1.000000100000000021e-05 1.000000100000000021e-05 1.000000100000000021e-05 1.000000100000000021e-05 7.078114506894082685e-05 1.460757357587813771e-03 1.292654945754863761e-04 9.976199022662715881e-05 1.239277174954800498e-05 1.314943064572640099e-05 1.276183037949679385e-05 1.565805994407366944e-05 4.736729655267859519e-05 1.764749675623926515e-03 1.000000000000000021e-08 1.000000000000000021e-08 1.000000000000000021e-08 4.834286439010958476e-04 3.657847171091295848e-04 2.109212223711788526e-04 1.671335039307238917e-04 3.951738385343139581e-05 1.000000000000000021e-08 1.000000000000000021e-08 1.000000000000000021e-08 1.000000000000000021e-08 1.000000000000000021e-08 1.000000000000000021e-08 1.000000000000000021e-08
1.000000100000000021e-05 1.000000100000000021e-05 1.000000100000000021e-05 1.000000100000000021e-05 1.000000100000000021e-05 1.000000100000000021e-05 1.000000100000000021e-05 1.000000100000000021e-05 1.000000100000000021e-05 1.000000100000000021e-05 1.000000100000000021e-05 1.000000100000000021e-05 1.000000100000000021e-05 5.654949958298914386e-05 6.577046511704653714e-05 1.000000000000000021e-08 1.000000000000000021e-08 1.000000000000000021e-08 1.000000000000000021e-08 1.000000000000000021e-08 4.998881033704760196e-05 6.882536877201463998e-05 1.287286390801115218e-04 3.015942597718798148e-04 3.617611406423622256e-04 7.321386639110156981e-04 8.290909813447902522e-04 1.282887263294791918e-03 1.213330462998875488e-02 2.708346214140584712e-05 5.909120925979796006e-05 1.000000000000000021e-08 1.000000000000000021e-08 1.000000000000000021e-08 1.000000000000000021e-08 1.026774391626212157e-05 1.063849985837735148e-05
1.000000100000000021e-05 1.000000100000000021e-05 1.000000100000000021e-05 1.000000100000000021e-05 1.000000100000000021e-05 1.000000100000000021e-05 1.000000100000000021e-05 1.000000100000000021e-05 1.000000100000000021e-05 1.000000100000000021e-05 1.000000100000000021e-05 1.000000100000000021e-05 1.000000100000000021e-05 3.453813053465927427e-05 4.551427412007474124e-05 1.000000000000000021e-08 2.469200061453742629e-05 3.839310454755852733e-05 6.567693037871115142e-05 9.152127100630697487e-05 7.795606992772327680e-05 5.752488775705082787e-05 6.623495829131902210e-05 3.313562029539897586e-04 1.570619535558018980e-04 1.000000000000000021e-08 2.552170639009204161e-05 3.896269626544626269e-05 9.243368611877175733e-03 2.074163061395000590e-03 1.201017714039825717e-03 7.742147296264081848e-04 4.995625115575747416e-05 4.101513819739643777e-04 2.071048155242549802e-04 1.357132981245730220e-04 1.000000000000000021e-08
1.000000100000000021e-05 1.000000100000000021e-05 1.000000100000000021e-05 1.000000100000000021e-05 1.000000100000000021e-05 1.000000100000000021e-05 1.000000100000000021e-05 1.000000100000000021e-05 1.000000100000000021e-05 1.000000100000000021e-05 1.000000100000000021e-05 1.000000100000000021e-05 1.000000100000000021e-05 4.272664467707751996e-05 1.000000000000000021e-08 1.000000000000000021e-08 1.000000000000000021e-08 1.000000000000000021e-08 1.000000000000000021e-08 1.000000000000000021e-08 1.272680500098576020e-05 1.504240601474926943e-05 1.000000000000000021e-08 3.028910434490883052e-04 1.000000000000000021e-08 2.280187803207053338e-05 1.721808827466268891e-05 2.505728655255061305e-05 2.154409617561418730e-05 1.788230116344376815e-05 9.001017063439022527e-04 1.125895563458945403e-04 2.001738385454902294e-04 1.488537383690099938e-03 1.781660059274576364e-03 2.014758292156518336e-03 2.138541084065951996e-03
1.000000100000000021e-05 1.000000100000000021e-05 1.000000100000000021e-05 1.000000100000000021e-05 1.000000100000000021e-05 1.000000100000000021e-05 1.000000100000000021e-05 1.000000100000000021e-05 1.000000100000000021e-05 1.000000100000000021e-05 1.000000100000000021e-05 1.000000100000000021e-05 1.000000100000000021e-05 1.450271845835600446e-05 1.977020966228359652e-05 1.000000000000000021e-08 1.000000000000000021e-08 1.000000000000000021e-08 1.000000000000000021e-08 1.000000000000000021e-08 1.000000000000000021e-08 2.005891605652037653e-05 2.679542902565758711e-03 4.262736324509338714e-04 7.198580858542094618e-05 3.355524749904863305e-05 3.611166571766505579e-05 2.443929606829822556e-05 1.000000000000000021e-08 1.000000000000000021e-08 1.889349761931312442e-04 1.621068331041802292e-04 1.053029488284757493e-03 8.112601953032653763e-04 6.820884952466714371e-04 4.334126833774578020e-04 2.069173598907745145e-05
1.000000100000000021e-05 1.000000100000000021e-05 1.000000100000000021e-05 1.000000100000000021e-05 1.000000100000000021e-05 1.000000100000000021e-05 1.000000100000000021e-05 1.000000100000000021e-05 1.000000100000000021e-05 1.000000100000000021e-05 1.000000100000000021e-05 1.000000100000000021e-05 1.000000100000000021e-05 1.000000000000000021e-08 1.000000000000000021e-08 1.000000000000000021e-08 1.000000000000000021e-08 1.000000000000000021e-08 1.000000000000000021e-08 1.000000000000000021e-08 1.000000000000000021e-08 1.000000000000000021e-08 1.207832374894031961e-04 1.634725907771306352e-05 1.000000000000000021e-08 2.646759803029705564e-05 4.844305301253285721e-05 1.614724024132574627e-04 2.717288252257182694e-04 1.978671896427562594e-04 1.616073862818306049e-04 1.158451618778995665e-04 3.164141849515199161e-04 4.142450851842861001e-04 4.366746701681261940e-05 8.002580601064488515e-05 1.000000000000000021e-08
1.000000100000000021e-05 1.000000100000000021e-05 1.000000100000000021e-05 1.000000100000000021e-05 1.000000100000000021e-05 1.000000100000000021e-05 1.000000100000000021e-05 1.000000100000000021e-05 1.000000100000000021e-05 1.000000100000000021e-05 1.000000100000000021e-05 1.000000100000000021e-05 1.000000100000000021e-05 1.000000000000000021e-08 1.000000000000000021e-08 1.000000000000000021e-08 1.000000000000000021e-08 1.548477519034432520e-05 2.261358721693335831e-05 3.596133076768464172e-05 4.989636325307112802e-05 8.783498372265116183e-05 6.242555756567102804e-05 7.558842490212674351e-05 9.462779391889759731e-05 1.103902096000960466e-04 1.284934603231776922e-04 1.298602870113283391e-04 7.344075650458881891e-05 1.000000000000000021e-08 1.000000000000000021e-08 1.000000000000000021e-08 1.000000000000000021e-08 1.000000000000000021e-08 1.966212418728891355e-05 5.986203101206737543e-05 1.000000000000000021e-08
