output/water_depth_4320.asc
ncols 223
nrows 158
xllcorner 0.0
yllcorner 0.0
cellsize 30.0
[rows 17 to 33 of 158, columns 74 to 110 of 223]
1.000000100000000021e-05 1.000000100000000021e-05 1.000000100000000021e-05 1.000000100000000021e-05 1.000000100000000021e-05 1.000000100000000021e-05 1.000000100000000021e-05 1.000000100000000021e-05 1.000000100000000021e-05 1.000000100000000021e-05 1.000000100000000021e-05 1.000000100000000021e-05 1.000000100000000021e-05 1.000000100000000021e-05 1.000000100000000021e-05 1.000000100000000021e-05 1.000000100000000021e-05 1.000000100000000021e-05 1.000000100000000021e-05 1.000000100000000021e-05 1.000000100000000021e-05 1.000000100000000021e-05 1.000000100000000021e-05 1.000000100000000021e-05 1.000000100000000021e-05 1.000000100000000021e-05 1.000000100000000021e-05 1.000000100000000021e-05 1.377322856980032108e-05 2.069673516032274416e-05 2.469602295376168601e-05 2.938034326540020811e-05 3.993142860693909191e-05 4.321434169710908061e-05 4.244189152421934630e-05 4.474869297864584016e-05 4.468793129085723052e-05
1.000000100000000021e-05 1.000000100000000021e-05 1.000000100000000021e-05 1.000000100000000021e-05 1.000000100000000021e-05 1.000000100000000021e-05 1.000000100000000021e-05 1.000000100000000021e-05 1.000000100000000021e-05 1.000000100000000021e-05 1.000000100000000021e-05 1.000000100000000021e-05 1.000000100000000021e-05 1.000000100000000021e-05 1.000000100000000021e-05 1.000000100000000021e-05 1.000000100000000021e-05 1.000000100000000021e-05 1.000000100000000021e-05 1.000000100000000021e-05 1.000000100000000021e-05 1.000000100000000021e-05 1.000000100000000021e-05 1.000000100000000021e-05 1.000000100000000021e-05 1.000000100000000021e-05 1.000000100000000021e-05 1.238554167676102123e-05 1.149957824150656142e-05 2.009869732119285021e-05 3.422415860815454015e-05 4.300125681942761909e-05 3.209566680585323301e-05 3.928523420204178048e-05 3.881856152562398603e-05 3.729720614916033600e-05 5.213462795825134233e-05
1.000000100000000021e-05 1.000000100000000021e-05 1.000000100000000021e-05 1.000000100000000021e-05 1.000000100000000021e-05 1.000000100000000021e-05 1.000000100000000021e-05 1.000000100000000021e-05 1.000000100000000021e-05 1.000000100000000021e-05 1.000000100000000021e-05 1.000000100000000021e-05 1.000000100000000021e-05 1.000000100000000021e-05 1.000000100000000021e-05 1.000000100000000021e-05 1.000000100000000021e-05 1.000000100000000021e-05 1.000000100000000021e-05 1.000000100000000021e-05 1.000000100000000021e-05 1.000000100000000021e-05 1.000000100000000021e-05 1.000000100000000021e-05 1.000000100000000021e-05 4.619992550481136841e-05 4.959626515941028852e-05 4.641268792349204466e-05 4.463853644009912368e-05 4.827797121883306417e-05 6.015988266281661407e-05 6.770500604354563127e-05 7.537589238266230180e-05 7.519714429495443539e-05 7.177604805013322034e-05 6.889322496702156642e-05 8.176994389474599690e-05
1.000000100000000021e-05 1.000000100000000021e-05 1.000000100000000021e-05 1.000000100000000021e-05 1.000000100000000021e-05 1.000000100000000021e-05 1.000000100000000021e-05 1.000000100000000021e-05 1.000000100000000021e-05 1.000000100000000021e-05 1.000000100000000021e-05 1.000000100000000021e-05 1.000000100000000021e-05 1.000000100000000021e-05 1.000000100000000021e-05 1.000000100000000021e-05 1.000000100000000021e-05 1.000000100000000021e-05 1.000000100000000021e-05 1.000000100000000021e-05 1.000000100000000021e-05 1.000000100000000021e-05 1.000000100000000021e-05 5.489373548302438203e-05 1.025973197188171428e-04 1.561675911790682885e-04 1.318662196038571403e-04 1.252165174677054738e-04 1.163189059579521647e-04 1.225095604836287763e-04 1.130318536118189544e-05 1.595816729059432287e-05 1.511483866330350532e-05 2.237021246964740332e-05 2.169623418424000702e-05 3.339688618493990560e-04 1.721307372461386973e-05
1.000000100000000021e-05 1.000000100000000021e-05 1.000000100000000021e-05 1.000000100000000021e-05 1.000000100000000021e-05 1.000000100000000021e-05 1.000000100000000021e-05 1.000000100000000021e-05 1.000000100000000021e-05 1.000000100000000021e-05 1.000000100000000021e-05 1.000000100000000021e-05 1.000000100000000021e-05 1.000000100000000021e-05 1.000000100000000021e-05 1.000000100000000021e-05 1.000000100000000021e-05 1.000000100000000021e-05 1.000000100000000021e-05 1.000000100000000021e-05 1.000000100000000021e-05 1.000000100000000021e-05 3.325719648554798934e-05 3.470375251522386350e-05 3.822268319382700601e-05 4.425867300412810292e-05 1.098657034692494789e-04 1.357335280102321586e-04 1.504350527288687215e-04 1.505422779269529189e-04 1.445764824977097815e-05 1.227004978489390903e-05 1.621226910095085623e-05 1.382385791977922736e-05 1.841948539444607355e-05 1.640028971623755112e-05 5.127703751496009033e-04
1.000000100000000021e-05 1.000000100000000021e-05 1.000000100000000021e-05 1.000000100000000021e-05 1.000000100000000021e-05 1.000000100000000021e-05 1.000000100000000021e-05 1.000000100000000021e-05 1.000000100000000021e-05 1.000000100000000021e-05 1.000000100000000021e-05 1.000000100000000021e-05 1.000000100000000021e-05 1.000000100000000021e-05 1.000000100000000021e-05 1.000000100000000021e-05 1.000000100000000021e-05 1.000000100000000021e-05 1.000000100000000021e-05 1.000000100000000021e-05 1.196132242781256239e-05 1.865235659499782706e-05 1.543186751276233844e-05 1.000000000000000021e-08 1.000000000000000021e-08 1.000000000000000021e-08 7.255941068173163097e-05 1.397707291429252081e-04 1.677353409948136769e-04 1.856353487791679755e-04 1.000000000000000021e-08 1.049278443821931231e-05 1.407852822851399937e-04 1.637071062349365071e-04 2.357080995165144685e-04 3.089271762002533000e-04 2.536450598866586627e-04
1.000000100000000021e-05 1.000000100000000021e-05 1.000000100000000021e-05 1.000000100000000021e-05 1.000000100000000021e-05 1.000000100000000021e-05 1.000000100000000021e-05 1.000000100000000021e-05 1.000000100000000021e-05 1.000000100000000021e-05 1.000000100000000021e-05 1.000000100000000021e-05 1.000000100000000021e-05 1.000000100000000021e-05 1.000000100000000021e-05 1.000000100000000021e-05 1.000000100000000021e-05 3.110502886870079994e-05 7.910739316885745636e-05 6.509333555769441875e-05 6.107864529798824886e-05 7.075179518178760442e-05 7.512974407255575842e-05 4.957462574045147562e-05 1.000000000000000021e-08 1.000000000000000021e-08 6.042395821706632932e-05 2.902764206677300443e-05 4.929478693252893888e-05 5.499715091447945588e-05 7.335346516241314583e-05 6.604924426444096696e-05 9.191385894019227297e-05 9.156020432169142661e-05 1.269705106378494542e-04 1.156554620050796771e-04 1.582361818418682987e-04
1.000000100000000021e-05 1.000000100000000021e-05 1.000000100000000021e-05 1.000000100000000021e-05 1.000000100000000021e-05 1.000000100000000021e-05 1.000000100000000021e-05 1.000000100000000021e-05 1.000000100000000021e-05 1.000000100000000021e-05 1.000000100000000021e-05 1.000000100000000021e-05 1.000000100000000021e-05 1.000000100000000021e-05 1.000000100000000021e-05 1.000000100000000021e-05 1.000000100000000021e-05 1.000000000000000021e-08 1.777358521581917129e-05 1.247138772530434654e-04 2.066640269163327545e-04 2.707938519082895385e-04 3.229388585683842246e-05 3.928360698986367556e-05 3.220438139094473733e-05 4.267963634777221480e-05 3.794355135855541594e-05 2.410889643832395251e-05 1.000000000000000021e-08 1.186118442627232626e-05 1.386451535844997609e-05 1.614636993319109931e-05 1.000000000000000021e-08 1.052138916799483337e-05 1.432679632414982954e-05 2.145117039362621589e-05 2.884442470971516440e-05
1.000000100000000021e-05 1.000000100000000021e-05 1.000000100000000021e-05 1.000000100000000021e-05 1.000000100000000021e-05 4.234330063485145651e-05 4.232735218320921429e-05 1.000000100000000021e-05 1.000000100000000021e-05 1.000000100000000021e-05 1.000000100000000021e-05 1.000000100000000021e-05 1.000000100000000021e-05 1.000000100000000021e-05 1.000000100000000021e-05 3.577221822486336664e-05 3.974206534882063376e-05 5.720723501492488907e-05 9.572971270862797250e-05 9.976169437170059602e-05 9.427812676661952098e-05 1.293023894699616284e-04 1.229494262592107607e-05 1.115207747318304492e-05 1.573910511132421225e-05 1.317496449033462524e-05 1.000000000000000021e-08 1.000000000000000021e-08 1.000000000000000021e-08 1.000000000000000021e-08 1.000000000000000021e-08 1.313871475441274564e-05 1.000000000000000021e-08 1.000000000000000021e-08 1.000000000000000021e-08 2.618427471402484912e-05 3.391948046567245438e-05
1.000000100000000021e-05 1.000000100000000021e-05 1.000000100000000021e-05 1.000000100000000021e-05 1.000000100000000021e-05 8.581068942615544014e-05 1.303069024855421990e-04 6.607172927035581244e-05 5.696922614320702803e-05 6.842572424567764083e-05 3.209468161436084108e-05 1.000000100000000021e-05 1.000000100000000021e-05 1.136984260466023501e-05 1.693646809511408386e-05 2.163661920361707194e-05 3.925085972681260736e-05 4.099503411382086817e-05 4.144791130326806820e-05 2.774735321976221986e-05 1.000000000000000021e-08 1.000000000000000021e-08 2.630552909194382736e-05 4.820593411464908583e-05 6.464901162721891953e-05 7.926060803887334375e-05 8.778689465676487987e-05 5.728743368711404163e-05 3.365205960404725900e-05 4.095992939514519311e-05 1.000000000000000021e-08 1.000000000000000021e-08 1.000000000000000021e-08 3.099660751513890925e-05 2.508734706168058151e-05 9.519488348150347413e-05 4.953399225903963138e-05
1.000000100000000021e-05 1.000000100000000021e-05 1.000000100000000021e-05 1.000000100000000021e-05 1.000000100000000021e-05 5.944412376743388919e-04 3.029233081631439988e-03 1.883227158885638600e-04 1.087501359570210326e-04 3.759207336856721179e-05 1.000000000000000021e-08 1.061225232783256942e-05 1.820629585914536439e-05 3.100704200390846547e-05 4.123245898542598147e-05 5.043799276042531783e-05 6.144294114314948255e-05 6.064303298368404365e-05 1.000000000000000021e-08 1.000000000000000021e-08 1.000000000000000021e-08 1.340405842666194172e-05 1.196163683511648382e-05 2.239189608310251486e-05 3.193724515834809951e-05 3.843692377788030412e-05 4.834173964757469780e-05 8.311777324735867764e-05 7.824605458162809930e-05 7.256781389674929765e-05 1.000000000000000021e-08 1.000000000000000021e-08 1.000000000000000021e-08 2.214265016198699808e-04 3.831957256342763732e-04 7.753876579364956442e-04 4.975689543102418497e-05
1.000000100000000021e-05 1.000000100000000021e-05 1.000000100000000021e-05 1.000000100000000021e-05 1.000000100000000021e-05 6.612276915004326912e-03 5.607462832225363399e-04 4.010470549892134840e-05 3.211283506974360629e-05 1.490405218864090912e-05 1.671433013223084426e-05 1.516856097914366773e-05 3.374366135909299773e-05 4.563338006456033063e-05 5.231203417743389655e-05 6.858809663863074701e-05 8.735501655896069778e-05 8.137323544608028396e-05 1.000000000000000021e-08 1.000000000000000021e-08 1.000000000000000021e-08 1.000000000000000021e-08 1.000000000000000021e-08 2.226780011583249464e-05 2.376208843138189069e-05 2.741979870795193893e-05 3.625996192234125925e-05 4.502414435307510815e-05 1.277467904252992212e-04 2.843284614968881008e-04 2.181842265292174051e-04 2.221414806536106286e-05 2.558582592753324073e-05 2.181263980916753114e-04 1.976378943214559939e-04 2.220321798113810807e-04 2.505213899852605248e-04
1.000000100000000021e-05 1.000000100000000021e-05 1.000000100000000021e-05 1.000000100000000021e-05 1.000000100000000021e-05 1.194765081914558012e-03 1.835656248717988442e-04 4.389608701645721913e-05 1.562247878740981164e-05 2.556163048360725562e-05 1.285136907593720559e-05 2.215555286552212182e-05 2.982969760061409022e-05 4.564901220274364022e-05 5.341009063482400566e-05 1.000000000000000021e-08 1.000000000000000021e-08 1.000000000000000021e-08 1.000000000000000021e-08 1.000000000000000021e-08 1.000000000000000021e-08 1.317540437438227452e-05 1.974809419504736956e-05 1.478237346520910438e-05 1.000000000000000021e-08 1.000000000000000021e-08 1.000000000000000021e-08 1.413912460484951451e-05 3.571671054172401811e-05 6.274311737090698508e-05 1.000000000000000021e-08 1.256209671364012886e-05 8.577250969568025226e-05 6.828528306732580574e-05 5.755414464889548688e-05 4.517448043578425968e-05 1.132935798263068827e-04
1.000000100000000021e-05 1.000000100000000021e-05 1.000000100000000021e-05 1.519281145668034754e-05 1.380216047317383166e-04 1.188943298592363756e-03 3.243357132380419685e-05 2.706788002577446798e-05 2.796445911343686561e-05 2.864777156091713142e-05 1.645899835875770873e-05 2.600573133662309613e-05 4.276973922053548173e-05 5.679004722423031446e-05 1.000000000000000021e-08 1.000000000000000021e-08 1.000000000000000021e-08 1.000000000000000021e-08 1.000000000000000021e-08 1.597837147315930609e-05 2.743266906996491905e-05 1.000000000000000021e-08 1.000000000000000021e-08 2.233624365258704981e-05 2.151416148805460212e-05 1.000000000000000021e-08 1.000000000000000021e-08 1.000000000000000021e-08 1.000000000000000021e-08 1.000000000000000021e-08 1.000000000000000021e-08 3.295867727527003146e-05 1.000000000000000021e-08 1.000000000000000021e-08 1.000000000000000021e-08 5.555994703416626486e-05 5.850054121409973288e-05
1.000000100000000021e-05 1.000000100000000021e-05 1.102057765630715134e-05 2.714377580963724985e-05 2.580607595775723413e-04 1.263075178081343730e-03 3.971266134195378404e-05 2.794846312260976123e-05 1.000000000000000021e-08 1.000000000000000021e-08 2.077861310710252889e-05 3.761737462919978903e-05 5.238972576582049816e-05 6.379889892130670957e-05 1.000000000000000021e-08 1.000000000000000021e-08 1.000000000000000021e-08 1.000000000000000021e-08 1.000000000000000021e-08 2.245349539771334697e-05 3.732634913300489056e-05 1.000000000000000021e-08 1.000000000000000021e-08 1.000000000000000021e-08 1.000000000000000021e-08 1.000000000000000021e-08 1.000000000000000021e-08 1.000000000000000021e-08 1.286012650425607111e-05 1.000000000000000021e-08 1.000000000000000021e-08 1.000000000000000021e-08 1.000000000000000021e-08 1.000000000000000021e-08 1.000000000000000021e-08 1.000000000000000021e-08 5.019338177753603617e-05
1.673864486769893468e-05 2.394503898995115548e-05 1.000000000000000021e-08 1.000000000000000021e-08 1.103434486932404479e-03 1.782453280567883845e-03 5.127910348011786797e-05 3.078473189589729712e-05 1.000000000000000021e-08 1.000000000000000021e-08 1.000000000000000021e-08 3.812846979480147486e-05 1.000000000000000021e-08 1.000000000000000021e-08 1.999889620569846990e-05 2.354496790371498138e-05 1.000000000000000021e-08 1.000000000000000021e-08 1.000000000000000021e-08 2.291999100556956637e-05 4.380663822057282651e-05 1.000000000000000021e-08 1.000000000000000021e-08 1.053033987928747380e-05 1.000000000000000021e-08 1.000000000000000021e-08 1.000000000000000021e-08 1.000000000000000021e-08 1.000000000000000021e-08 1.000000000000000021e-08 2.410793492371508700e-05 1.000000000000000021e-08 1.000000000000000021e-08 1.000000000000000021e-08 1.000000000000000021e-08 1.000000000000000021e-08 3.762240912767154694e-05
2.474985374114012197e-03 2.870470113419112176e-03 2.104445698736822235e-03 1.569628408606493688e-03 8.843110668023969854e-04 1.448733846621274614e-03 1.429638492821862965e-03 1.652559195382385785e-04 1.177722046395258211e-04 8.191894335047035492e-05 1.000000000000000021e-08 4.004518906096334372e-05 1.000000000000000021e-08 1.000000000000000021e-08 1.000000000000000021e-08 1.000000000000000021e-08 1.000000000000000021e-08 1.000000000000000021e-08 1.000000000000000021e-08 2.281562615523291610e-05 4.498001748079394552e-05 3.567033391965230725e-05 2.818040559739926198e-05 1.000000000000000021e-08 1.000000000000000021e-08 1.000000000000000021e-08 1.000000000000000021e-08 1.001418376087854442e-05 1.000000000000000021e-08 1.000000000000000021e-08 1.000000000000000021e-08 1.000000000000000021e-08 1.090533852989732120e-05 1.000000000000000021e-08 1.187406102353704696e-05 1.272474684699376638e-05 1.000000000000000021e-08
