output/water_depth_6240.asc
ncols 223
nrows 158
xllcorner 0.0
yllcorner 0.0
cellsize 30.0
[rows 68 to 84 of 158, columns 185 to 221 of 223]
1.000000000000000021e-08 3.030248939783998770e-05 2.827441548603642192e-05 1.000000000000000021e-08 1.000000000000000021e-08 1.000000000000000021e-08 1.000000000000000021e-08 4.120771611185067930e-05 1.000000000000000021e-08 3.939329671672268490e-05 1.000000000000000021e-08 1.000000000000000021e-08 1.414750945460626936e-04 2.812554156926494681e-04 1.999882523527343953e-04 1.221695025789909723e-04 2.438244940319148936e-04 4.982140127642900292e-04 3.671420044700730422e-03 6.177167454971476627e-04 6.907158368363415990e-04 1.000000100000000021e-05 1.000000100000000021e-05 1.000000100000000021e-05 1.000000100000000021e-05 1.000000100000000021e-05 1.000000100000000021e-05 1.000000100000000021e-05 1.000000100000000021e-05 1.000000100000000021e-05 1.000000100000000021e-05 1.000000100000000021e-05 1.000000100000000021e-05 1.000000100000000021e-05 1.000000100000000021e-05 1.000000100000000021e-05 1.000000100000000021e-05
1.000000000000000021e-08 1.000000000000000021e-08 2.458537872123417190e-05 1.000000000000000021e-08 1.330195697599298537e-05 1.828729622835961768e-05 1.000000000000000021e-08 1.000000000000000021e-08 1.000000000000000021e-08 1.000000000000000021e-08 1.000000000000000021e-08 1.133184904147798492e-05 1.478969455030059756e-04 6.919365133244333339e-03 4.991208897169169267e-04 2.444610937181184601e-04 1.000000000000000021e-08 1.000000000000000021e-08 3.595006458007958799e-04 3.974093566465309956e-05 9.283395286871460672e-04 1.000000100000000021e-05 1.000000100000000021e-05 1.000000100000000021e-05 1.000000100000000021e-05 1.000000100000000021e-05 1.000000100000000021e-05 1.000000100000000021e-05 1.000000100000000021e-05 1.000000100000000021e-05 1.000000100000000021e-05 1.000000100000000021e-05 1.000000100000000021e-05 1.000000100000000021e-05 1.000000100000000021e-05 1.000000100000000021e-05 1.000000100000000021e-05
1.000000000000000021e-08 1.000000000000000021e-08 1.000000000000000021e-08 1.000000000000000021e-08 2.223277745627063332e-05 1.000000000000000021e-08 1.000000000000000021e-08 1.000000000000000021e-08 1.000000000000000021e-08 1.000000000000000021e-08 3.220517262686810290e-05 2.006202284821824336e-04 9.807615619553251526e-05 1.104583222451628642e-04 6.431257921366195427e-05 3.200239440469531413e-05 1.000000000000000021e-08 1.000000000000000021e-08 1.837674212048439433e-04 3.963061380246909299e-04 1.192025063280574776e-03 1.000000100000000021e-05 1.000000100000000021e-05 1.000000100000000021e-05 1.000000100000000021e-05 1.000000100000000021e-05 1.000000100000000021e-05 1.000000100000000021e-05 1.000000100000000021e-05 1.000000100000000021e-05 1.000000100000000021e-05 1.000000100000000021e-05 1.000000100000000021e-05 1.000000100000000021e-05 1.000000100000000021e-05 1.000000100000000021e-05 1.000000100000000021e-05
1.000000000000000021e-08 1.000000000000000021e-08 1.000000000000000021e-08 1.000000000000000021e-08 1.000000000000000021e-08 1.116381397928007117e-05 1.000000000000000021e-08 1.000000000000000021e-08 1.000000000000000021e-08 1.000000000000000021e-08 7.003315974544447773e-05 3.972044398620401431e-04 1.802437040860997415e-04 3.447728326413576210e-05 4.401285677211567456e-05 8.323743205720281614e-05 1.336233558847087142e-05 1.494579369101711112e-05 7.091412335922210792e-05 3.238425119009033059e-04 8.671455885272691747e-04 6.807158466631675576e-04 1.000000100000000021e-05 1.000000100000000021e-05 1.000000100000000021e-05 1.000000100000000021e-05 1.000000100000000021e-05 1.000000100000000021e-05 1.000000100000000021e-05 1.000000100000000021e-05 1.000000100000000021e-05 1.000000100000000021e-05 1.000000100000000021e-05 1.000000100000000021e-05 1.000000100000000021e-05 1.000000100000000021e-05 1.000000100000000021e-05
1.000000000000000021e-08 1.000000000000000021e-08 1.000000000000000021e-08 1.000000000000000021e-08 1.000000000000000021e-08 1.000000000000000021e-08 1.000000000000000021e-08 1.000000000000000021e-08 1.000000000000000021e-08 1.000000000000000021e-08 8.331137958083661358e-05 1.669626352480923473e-04 6.485848724841942223e-05 2.958477475908974195e-05 3.534170813929791158e-05 8.963712974839441086e-05 6.277455056780853980e-05 4.325479497258274725e-05 3.220991942645005029e-05 1.677164018257996491e-04 1.117056959653639275e-03 5.430366706739615671e-04 1.000000000000000021e-08 1.000000100000000021e-05 1.000000100000000021e-05 1.000000100000000021e-05 1.000000100000000021e-05 1.000000100000000021e-05 1.000000100000000021e-05 1.000000100000000021e-05 1.000000100000000021e-05 1.000000100000000021e-05 1.000000100000000021e-05 1.000000100000000021e-05 1.000000100000000021e-05 1.000000100000000021e-05 1.000000100000000021e-05
1.202877770439734562e-03 1.000000000000000021e-08 1.000000000000000021e-08 1.000000000000000021e-08 1.000000000000000021e-08 1.000000000000000021e-08 1.000000000000000021e-08 1.000000000000000021e-08 8.161776874345951578e-05 2.456983032550027587e-05 1.058050769019219312e-04 1.522127200753233011e-04 1.399937643270753040e-04 2.491790687012082294e-05 2.620232654415632288e-05 8.195255389377844939e-05 9.885212905700201840e-05 8.211799067281613373e-05 1.155791867025824163e-04 2.715692807291366479e-04 1.438480512883781896e-03 4.896982788322198996e-04 7.468606073064185211e-05 6.730674988591708353e-05 1.000000100000000021e-05 1.000000100000000021e-05 1.000000100000000021e-05 1.000000100000000021e-05 1.000000100000000021e-05 1.000000100000000021e-05 1.000000100000000021e-05 1.000000100000000021e-05 1.000000100000000021e-05 1.000000100000000021e-05 1.000000100000000021e-05 1.000000100000000021e-05 1.000000100000000021e-05
1.240245172331983087e-01 1.000000000000000021e-08 1.000000000000000021e-08 1.000000000000000021e-08 1.000000000000000021e-08 1.000000000000000021e-08 1.000000000000000021e-08 1.545671881419731508e-05 6.023033162722027731e-05 1.000000000000000021e-08 8.026280122838813235e-05 5.486654347824327597e-04 6.506223318741431901e-04 4.204178186623089064e-05 2.286532922673525529e-05 7.690282396908541568e-05 1.717723102276393619e-04 7.313891539183259608e-05 1.400920047887287123e-04 2.202566325692362497e-04 2.212030053627603906e-03 7.026293904048589107e-04 3.987328661845316967e-05 1.594038827887078621e-05 1.000000100000000021e-05 1.000000100000000021e-05 1.000000100000000021e-05 1.000000100000000021e-05 1.000000100000000021e-05 1.000000100000000021e-05 1.000000100000000021e-05 1.000000100000000021e-05 1.000000100000000021e-05 1.000000100000000021e-05 1.000000100000000021e-05 1.000000100000000021e-05 1.000000100000000021e-05
9.788942798611653673e-02 9.355842047709049536e-02 1.981660233224822915e-04 1.233192818212387221e-05 1.019799072791397772e-05 1.345349824603252248e-05 1.000000000000000021e-08 1.000000000000000021e-08 1.000000000000000021e-08 1.000000000000000021e-08 1.725688222377337426e-04 3.732903294495571248e-04 4.193723867467305023e-04 4.911405577842919572e-05 2.112728718801478987e-05 8.693719473474154069e-05 2.588013078980328256e-04 1.170951953897557017e-04 1.096688043801812994e-04 2.208904182387938508e-02 2.326367969598707244e-02 1.745885109024269076e-04 1.506459554348581339e-05 1.558556977153220864e-05 1.000000100000000021e-05 1.000000100000000021e-05 1.000000100000000021e-05 1.000000100000000021e-05 1.000000100000000021e-05 1.000000100000000021e-05 1.000000100000000021e-05 1.000000100000000021e-05 1.000000100000000021e-05 1.000000100000000021e-05 1.000000100000000021e-05 1.000000100000000021e-05 1.000000100000000021e-05
1.173377306007633153e-01 1.105858033521536082e-01 2.004809481550817968e-04 1.088207413490475818e-05 1.752259328864905335e-05 1.000000000000000021e-08 1.000000000000000021e-08 1.000000000000000021e-08 1.000000000000000021e-08 1.000000000000000021e-08 1.647042364275673844e-04 3.889214312091382464e-04 3.842913411547640903e-04 5.490044002226755749e-05 2.365809156387472045e-05 1.000000000000000021e-08 2.730987802032706349e-04 1.050348995034423909e-04 1.679258001004446318e-02 2.028269400045967438e-02 2.245055994739124719e-02 7.910014482830692462e-05 1.004285025161548895e-04 1.000000000000000021e-08 2.454298088459097842e-03 4.285036013343689098e-05 1.000000100000000021e-05 1.000000100000000021e-05 1.000000100000000021e-05 1.000000100000000021e-05 1.000000100000000021e-05 1.000000100000000021e-05 1.000000100000000021e-05 1.000000100000000021e-05 1.000000100000000021e-05 1.000000100000000021e-05 1.000000100000000021e-05
1.968249241519543224e-01 6.459764614219479228e-02 1.537926192592880073e-04 1.575828881715548809e-05 1.165351153011208491e-05 1.000000000000000021e-08 1.000000000000000021e-08 1.581212546584244132e-05 3.542251088973752524e-05 6.568734740375170415e-05 1.491752694015288433e-04 4.220892532188568564e-04 3.411026962310647454e-04 7.164823528141338674e-05 9.246230551288277049e-05 6.974201777512634972e-04 3.465393113775598957e-03 4.114841500067766000e-03 6.117178924452605637e-03 1.599931594825469011e-02 3.908261857941472536e-04 4.042336910216144316e-03 2.727020097540962858e-04 1.763749659505358964e-04 1.590787461392470915e-05 1.495885745937309514e-05 1.000000100000000021e-05 1.000000100000000021e-05 1.000000100000000021e-05 1.000000100000000021e-05 1.000000100000000021e-05 1.000000100000000021e-05 1.000000100000000021e-05 1.000000100000000021e-05 1.000000100000000021e-05 1.000000100000000021e-05 1.000000100000000021e-05
1.703781631224841608e-01 1.185170109899015278e-01 8.532761272816051035e-04 2.069086673541370243e-05 1.000000000000000021e-08 1.342095655734672593e-05 4.679782348568086266e-05 8.590572108315518000e-05 1.436078204543777995e-04 2.206133350807482605e-04 4.045949302861684589e-03 9.394102464269618504e-04 1.835693475960029856e-03 2.436324531167836406e-03 4.416473763331826320e-03 2.405707506896383185e-02 5.770127706823413062e-03 3.591606156228732433e-03 1.000000000000000021e-08 1.000000000000000021e-08 1.000000000000000021e-08 1.000000000000000021e-08 1.000000000000000021e-08 1.000000000000000021e-08 1.000000000000000021e-08 1.000000000000000021e-08 1.000000100000000021e-05 1.000000100000000021e-05 1.000000100000000021e-05 1.000000100000000021e-05 1.000000100000000021e-05 1.000000100000000021e-05 1.000000100000000021e-05 1.000000100000000021e-05 1.000000100000000021e-05 1.000000100000000021e-05 1.000000100000000021e-05
1.906587688105308709e-01 5.401772390008217073e-01 3.214056956541469588e-03 2.588175293144397035e-05 1.664095831857153823e-05 3.450819889327687084e-05 1.000000000000000021e-08 2.767294214455124331e-05 1.469879013258896062e-05 6.736944304286660620e-05 3.798328938729009685e-04 3.129069871006187609e-02 3.595966698979451062e-03 3.800470939934753531e-03 4.294243025876036228e-03 3.579065101694583806e-05 3.618686390903114050e-05 1.160846095295278557e-05 1.000000000000000021e-08 1.908070095116580741e-05 1.094878202794845691e-05 1.000000000000000021e-08 1.000000000000000021e-08 1.000000000000000021e-08 1.000000000000000021e-08 1.000000000000000021e-08 1.000000100000000021e-05 1.000000100000000021e-05 1.000000100000000021e-05 1.000000100000000021e-05 1.000000100000000021e-05 1.000000100000000021e-05 1.000000100000000021e-05 1.000000100000000021e-05 1.000000100000000021e-05 1.000000100000000021e-05 1.000000100000000021e-05
1.839570279039953477e-03 4.616223807799960666e-01 3.369523872898402272e-01 1.973681769446988463e-03 2.266370022141702588e-05 5.079229821932594027e-05 1.492942400120148275e-05 1.000000000000000021e-08 1.000000000000000021e-08 1.000000000000000021e-08 3.006026344755179341e-04 2.729883558434419849e-02 2.897972305611454941e-02 3.440548500829345747e-03 9.079238253578137113e-04 1.000000000000000021e-08 1.000000000000000021e-08 1.000000000000000021e-08 1.237999434256679894e-05 1.000000000000000021e-08 1.000000000000000021e-08 1.000000000000000021e-08 1.000000000000000021e-08 1.000000000000000021e-08 1.000000000000000021e-08 1.000000000000000021e-08 1.000000100000000021e-05 1.000000100000000021e-05 1.000000100000000021e-05 1.000000100000000021e-05 1.000000100000000021e-05 1.000000100000000021e-05 1.000000100000000021e-05 1.000000100000000021e-05 1.000000100000000021e-05 1.000000100000000021e-05 1.000000100000000021e-05
1.000000000000000021e-08 1.660361189646529691e-05 3.468573311943033421e-01 1.760331616002397404e-01 1.237825108260973694e-01 5.717459930334528595e-02 1.000000000000000021e-08 1.004048331158741223e-05 1.021475331709241550e-05 1.000000000000000021e-08 2.057141099075072922e-04 1.086106542203334711e-02 2.403769224447668829e-02 5.860172999147109964e-04 1.759056458418021478e-04 1.990333558670178438e-05 1.157520882368902835e-05 1.000000000000000021e-08 1.000000000000000021e-08 1.000000000000000021e-08 1.000000000000000021e-08 1.000000000000000021e-08 1.000000000000000021e-08 1.000000000000000021e-08 1.000000000000000021e-08 1.000000000000000021e-08 1.000000100000000021e-05 1.000000100000000021e-05 1.000000100000000021e-05 1.000000100000000021e-05 1.000000100000000021e-05 1.000000100000000021e-05 1.000000100000000021e-05 1.000000100000000021e-05 1.000000100000000021e-05 1.000000100000000021e-05 1.000000100000000021e-05
1.000000000000000021e-08 1.000000000000000021e-08 1.000000000000000021e-08 1.809385954003003838e-01 5.192092611415073389e-01 4.861309221311504447e-01 3.855186893854928853e-01 8.002133013744061260e-03 6.155202252603830890e-04 3.820040174326631063e-03 4.541002439171022177e-03 7.315754255363890457e-03 6.477469290485361698e-04 5.455654111610806420e-03 1.000000000000000021e-08 1.000000000000000021e-08 1.000000000000000021e-08 1.000000000000000021e-08 1.000000000000000021e-08 1.000000000000000021e-08 1.000000000000000021e-08 1.000000000000000021e-08 1.000000000000000021e-08 1.000000000000000021e-08 1.000000000000000021e-08 1.000000000000000021e-08 1.000000100000000021e-05 1.000000100000000021e-05 1.000000100000000021e-05 1.000000100000000021e-05 1.000000100000000021e-05 1.000000100000000021e-05 1.000000100000000021e-05 1.000000100000000021e-05 1.000000100000000021e-05 1.000000100000000021e-05 1.000000100000000021e-05
1.000000000000000021e-08 1.000000000000000021e-08 1.000000000000000021e-08 3.239093238598727761e-04 1.220317852036937592e-03 2.815213367714080109e-03 2.427462021427420902e-01 1.086975570545853503e-01 4.631845162702417917e-02 5.168958816747720210e-03 4.629410265269984399e-03 4.558021686794916719e-03 1.000000000000000021e-08 1.000000000000000021e-08 1.000000000000000021e-08 1.000000000000000021e-08 1.000000000000000021e-08 1.000000000000000021e-08 1.000000000000000021e-08 1.000000000000000021e-08 4.583085950687260286e-05 3.278158747822454525e-05 1.796787144244641507e-05 1.000000000000000021e-08 1.000000000000000021e-08 1.000000000000000021e-08 1.000000100000000021e-05 1.000000100000000021e-05 1.000000100000000021e-05 1.000000100000000021e-05 1.000000100000000021e-05 1.000000100000000021e-05 1.000000100000000021e-05 1.000000100000000021e-05 1.000000100000000021e-05 1.000000100000000021e-05 1.000000100000000021e-05
3.249730577691254280e-05 2.580683447859627298e-05 2.224743414607898307e-05 1.000000000000000021e-08 1.000000000000000021e-08 1.000000000000000021e-08 2.465291541784024043e-01 3.986728999593784906e-01 3.845844370150438563e-01 1.146991434932755245e-02 4.040690073206400570e-03 2.526922388054029904e-03 1.000000000000000021e-08 2.096996611007922052e-05 2.030808714499675403e-05 1.000000000000000021e-08 1.625436457590906085e-05 1.000000000000000021e-08 1.000000000000000021e-08 5.605530741524192832e-05 3.228683948959201353e-05 3.848524159095016164e-05 2.375142675504192548e-05 1.000000000000000021e-08 1.000000000000000021e-08 6.049071265163687931e-05 5.847672622832354478e-05 1.000000100000000021e-05 1.000000100000000021e-05 1.000000100000000021e-05 1.000000100000000021e-05 1.000000100000000021e-05 1.000000100000000021e-05 1.000000100000000021e-05 1.000000100000000021e-05 1.000000100000000021e-05 1.000000100000000021e-05
