output/water_depth_7920.asc
ncols 223
nrows 158
xllcorner 0.0
yllcorner 0.0
cellsize 30.0
[rows 85 to 101 of 158, columns 185 to 221 of 223]
2.395278822227610508e-05 1.956235212221111265e-05 1.000000000000000021e-08 1.000000000000000021e-08 1.000000000000000021e-08 1.000000000000000021e-08 7.182994162425672575e-04 1.444615150178357454e-01 1.422243655393003459e-01 1.445722303471980441e-01 2.635659268997046258e-03 1.389301038992010046e-03 1.000000000000000021e-08 1.000000000000000021e-08 1.914921351101837719e-05 1.163613311717787271e-05 1.000000000000000021e-08 1.000000000000000021e-08 1.000000000000000021e-08 1.000000000000000021e-08 1.000000000000000021e-08 2.552802147154712215e-05 2.463689604586390364e-05 2.427474418242435783e-05 2.664134016409727644e-05 3.107247370231687071e-05 2.957589087250477822e-05 3.173756544253189923e-05 1.827484791031951382e-05 1.000000000000000021e-08 1.000000100000000021e-05 1.000000100000000021e-05 1.000000100000000021e-05 1.000000100000000021e-05 1.000000100000000021e-05 1.000000100000000021e-05 1.000000100000000021e-05
1.841265646966271379e-05 2.362295792211515695e-05 1.000000000000000021e-08 1.000000000000000021e-08 1.000000000000000021e-08 1.000000000000000021e-08 7.866680282458976157e-05 1.131440212265895084e-01 1.121602982631381556e-01 6.251367254458823882e-04 6.588263654893902147e-04 2.460643027238904371e-04 3.521928920304224066e-05 2.226166174870472164e-05 1.208503319189931959e-05 1.052095966861970324e-05 1.000000000000000021e-08 1.000000000000000021e-08 1.906581438417353602e-05 1.382721150760144322e-05 1.000000000000000021e-08 1.000000000000000021e-08 1.000000000000000021e-08 1.350021943727230757e-05 1.263248150575964530e-05 1.000000000000000021e-08 1.000000000000000021e-08 1.000000000000000021e-08 1.000000000000000021e-08 1.000000000000000021e-08 1.000000000000000021e-08 1.000000100000000021e-05 1.000000100000000021e-05 1.000000100000000021e-05 1.000000100000000021e-05 1.000000100000000021e-05 1.000000100000000021e-05
1.674567666388909509e-05 1.000000000000000021e-08 1.000000000000000021e-08 1.000000000000000021e-08 1.000000000000000021e-08 1.000000000000000021e-08 1.000000000000000021e-08 4.116938863474634003e-02 4.059889533513183490e-02 1.654679079123147871e-05 1.000000000000000021e-08 1.000000000000000021e-08 1.000000000000000021e-08 1.000000000000000021e-08 1.000000000000000021e-08 1.000000000000000021e-08 3.347466680700882466e-05 1.665393786535271589e-05 1.163115316590123454e-05 1.000000000000000021e-08 1.839966270383086913e-05 1.739853627509124062e-05 1.654926410681455021e-05 1.252920087166570916e-05 1.000000000000000021e-08 1.000000000000000021e-08 1.000000000000000021e-08 1.000000000000000021e-08 1.000000000000000021e-08 1.000000000000000021e-08 1.000000000000000021e-08 1.000000100000000021e-05 1.000000100000000021e-05 1.000000100000000021e-05 1.000000100000000021e-05 1.000000100000000021e-05 1.000000100000000021e-05
2.145657859139304748e-05 1.878326943411742173e-05 1.621469237543152848e-05 1.445746936648762936e-05 1.400879635072365595e-05 1.000000000000000021e-08 2.520176400984354745e-05 5.861059768464340486e-02 3.268976300484996433e-02 1.864766455241673718e-05 1.093992689201919186e-05 1.000000000000000021e-08 1.000000000000000021e-08 1.000000000000000021e-08 1.000000000000000021e-08 2.076646429690441457e-04 2.498793768199663624e-03 3.490475532495447493e-05 1.000000000000000021e-08 1.000000000000000021e-08 4.741426463673893146e-05 4.209581676033316349e-05 3.670958189245493290e-05 2.052759118812646328e-05 1.690802817914245865e-05 1.677402185341448309e-05 1.281723505964181644e-05 1.000000000000000021e-08 1.000000000000000021e-08 1.000000000000000021e-08 1.000000000000000021e-08 1.000000100000000021e-05 1.000000100000000021e-05 1.000000100000000021e-05 1.000000100000000021e-05 1.000000100000000021e-05 1.000000100000000021e-05
5.983515081380773011e-05 8.087807528394453163e-05 6.076137428813586130e-05 4.776649135788762856e-05 3.847135575316269188e-05 3.864060156589945951e-05 4.172353392057371468e-05 5.515852987922189449e-02 3.530632677696286109e-02 1.285167114401549035e-04 1.000000000000000021e-08 1.000000000000000021e-08 1.000000000000000021e-08 7.328071987668670665e-05 1.123256279445215415e-04 2.255942103668253274e-04 1.000000000000000021e-08 2.163914032219355931e-05 3.559003414484919622e-05 3.841680328761603024e-05 4.543147837291244189e-05 3.832419463786793063e-05 3.164405190246664251e-05 3.825194674353453824e-05 4.034609675305817107e-05 3.962987255368698744e-05 4.672538859579348705e-05 4.462863549451542307e-05 3.031090373111985925e-05 1.965181446631773498e-05 1.143052370057960186e-05 1.000000100000000021e-05 1.000000100000000021e-05 1.000000100000000021e-05 1.000000100000000021e-05 1.000000100000000021e-05 1.000000100000000021e-05
4.213263825530681056e-05 4.039398656429444879e-05 6.092751301680570075e-05 9.276623206372267537e-05 9.499578550760524431e-05 8.635751510629876106e-05 1.000000000000000021e-08 7.729614620352456833e-02 9.192813742618551054e-02 1.904594591052350305e-04 1.024903986836242574e-05 1.000000000000000021e-08 1.000000000000000021e-08 1.000000000000000021e-08 1.150961905190366335e-04 1.081345636800408406e-04 1.000000000000000021e-08 1.000000000000000021e-08 1.000000000000000021e-08 1.000000000000000021e-08 1.000000000000000021e-08 1.000000000000000021e-08 2.474636105244065078e-05 1.000000000000000021e-08 1.000000000000000021e-08 2.903364218401359898e-05 1.000000000000000021e-08 1.000000000000000021e-08 1.000000000000000021e-08 1.000000000000000021e-08 1.000000100000000021e-05 1.000000100000000021e-05 1.000000100000000021e-05 1.000000100000000021e-05 1.000000100000000021e-05 1.000000100000000021e-05 1.000000100000000021e-05
1.000000000000000021e-08 1.000000000000000021e-08 3.155234333046718411e-05 2.685283057460738525e-05 8.388176020388551045e-05 9.195575347960342717e-05 7.571242511765929493e-04 2.105430313789183883e-01 3.493042582550708736e-02 1.515678853001196687e-05 1.000000000000000021e-08 1.000000000000000021e-08 1.000000000000000021e-08 1.000000000000000021e-08 1.000000000000000021e-08 9.044490335104215292e-05 1.000000000000000021e-08 1.000000000000000021e-08 1.000000000000000021e-08 1.243432967072081652e-05 1.661265522529120896e-05 2.187512784478591168e-05 2.219747478725951373e-05 1.000000000000000021e-08 1.000000000000000021e-08 1.000000000000000021e-08 1.000000000000000021e-08 1.000000000000000021e-08 1.000000000000000021e-08 1.000000000000000021e-08 1.000000100000000021e-05 1.000000100000000021e-05 1.000000100000000021e-05 1.000000100000000021e-05 1.000000100000000021e-05 1.000000100000000021e-05 1.000000100000000021e-05
1.000000000000000021e-08 1.000000000000000021e-08 1.000000000000000021e-08 1.000000000000000021e-08 1.000000000000000021e-08 4.575561190425388825e-05 7.320030136393228032e-05 1.677095058010621420e-01 9.718135649512868110e-03 1.000000000000000021e-08 1.380764434843924766e-05 1.000000000000000021e-08 1.000000000000000021e-08 1.000000000000000021e-08 1.000000000000000021e-08 1.000000000000000021e-08 1.000000000000000021e-08 1.000000000000000021e-08 1.000000000000000021e-08 2.400123462277444845e-05 2.494524039194755472e-05 1.458441585300983689e-05 1.000000000000000021e-08 1.000000000000000021e-08 1.000000000000000021e-08 1.000000000000000021e-08 1.000000000000000021e-08 1.000000000000000021e-08 1.000000000000000021e-08 1.000000000000000021e-08 1.000000100000000021e-05 1.000000100000000021e-05 1.000000100000000021e-05 1.000000100000000021e-05 1.000000100000000021e-05 1.000000100000000021e-05 1.000000100000000021e-05
1.000000000000000021e-08 1.000000000000000021e-08 1.000000000000000021e-08 1.000000000000000021e-08 1.000000000000000021e-08 1.000000000000000021e-08 1.000000000000000021e-08 6.108018782235061228e-02 1.400639968466142471e-01 6.396383763586451941e-04 1.000000000000000021e-08 1.000000000000000021e-08 1.000000000000000021e-08 1.000000000000000021e-08 1.000000000000000021e-08 1.000000000000000021e-08 1.000000000000000021e-08 1.000000000000000021e-08 1.000000000000000021e-08 1.000000000000000021e-08 1.000000000000000021e-08 1.000000000000000021e-08 1.000000000000000021e-08 1.000000000000000021e-08 1.000000000000000021e-08 1.000000000000000021e-08 1.000000000000000021e-08 1.000000000000000021e-08 1.000000000000000021e-08 1.000000000000000021e-08 1.000000100000000021e-05 1.000000100000000021e-05 1.000000100000000021e-05 1.000000100000000021e-05 1.000000100000000021e-05 1.000000100000000021e-05 1.000000100000000021e-05
1.000000000000000021e-08 1.355663313042092587e-05 2.630807366344306135e-05 2.736414205349169189e-05 2.950465848445414893e-05 4.129183512609784808e-05 4.059373351969160405e-05 1.001204596735913860e-01 7.631265256095906557e-02 6.848660945004965243e-04 1.000000000000000021e-08 1.000000000000000021e-08 1.000000000000000021e-08 1.000000000000000021e-08 1.000000000000000021e-08 1.000000000000000021e-08 1.624398811400348862e-05 1.000000000000000021e-08 1.000000000000000021e-08 1.000000000000000021e-08 1.000000000000000021e-08 1.000000000000000021e-08 1.000000000000000021e-08 1.000000000000000021e-08 1.000000000000000021e-08 1.000000000000000021e-08 1.000000000000000021e-08 1.000000000000000021e-08 1.000000000000000021e-08 1.000000000000000021e-08 1.000000100000000021e-05 1.000000100000000021e-05 1.000000100000000021e-05 1.000000100000000021e-05 1.000000100000000021e-05 1.000000100000000021e-05 1.000000100000000021e-05
5.892217555648462187e-05 7.661328229450493075e-05 7.089939433464185787e-05 7.983603803476941154e-05 9.502343971429707951e-05 8.934217515431875560e-05 7.026032075044661058e-05 2.843786816815554661e-02 7.622166416252015853e-02 1.932301246876226043e-04 2.821618818368696506e-05 2.988967483564058283e-05 2.677322737568870093e-05 1.000000000000000021e-08 1.000000000000000021e-08 1.833331754075477070e-05 2.052308303870387310e-05 1.261246984730508723e-05 1.000000000000000021e-08 1.000000000000000021e-08 1.000000000000000021e-08 1.000000000000000021e-08 1.000000000000000021e-08 1.000000000000000021e-08 1.000000000000000021e-08 1.000000000000000021e-08 1.000000000000000021e-08 1.000000000000000021e-08 1.000000000000000021e-08 1.000000000000000021e-08 1.000000100000000021e-05 1.000000100000000021e-05 1.000000100000000021e-05 1.000000100000000021e-05 1.000000100000000021e-05 1.000000100000000021e-05 1.000000100000000021e-05
1.296969700877025263e-05 1.908496149278305474e-05 5.909879497693006534e-05 7.609421017484018521e-05 1.109570712306617786e-04 1.054305613341777469e-04 2.347745508951999942e-04 3.964019010990539604e-02 7.915086205363076888e-02 1.780232371121736451e-04 1.000000000000000021e-08 1.000000000000000021e-08 1.000000000000000021e-08 4.717894261486774680e-05 3.263276761877826276e-05 4.067127846848842541e-05 3.112536772633478575e-05 2.211355380995931729e-05 1.490307986807592286e-05 1.017759784487132669e-05 1.000000000000000021e-08 1.000000000000000021e-08 1.000000000000000021e-08 1.000000000000000021e-08 1.000000000000000021e-08 1.000000000000000021e-08 1.000000000000000021e-08 1.000000000000000021e-08 1.000000000000000021e-08 1.000000000000000021e-08 1.000000100000000021e-05 1.000000100000000021e-05 1.000000100000000021e-05 1.000000100000000021e-05 1.000000100000000021e-05 1.000000100000000021e-05 1.000000100000000021e-05
1.000000000000000021e-08 1.000000000000000021e-08 3.302311956708474752e-05 1.026848864970740939e-04 1.294155546821496245e-04 1.224119183611814576e-04 3.318356862502319735e-03 9.495398857850635699e-02 6.607519282563979746e-02 1.000000000000000021e-08 1.000000000000000021e-08 1.000000000000000021e-08 1.159366831740422493e-04 1.012679494902927503e-04 1.745091928317984000e-04 1.206199326095062414e-04 4.535470170959844042e-05 3.867111930919993985e-05 3.951146463116171251e-05 1.430638838979728592e-05 1.000000000000000021e-08 1.000000000000000021e-08 1.000000000000000021e-08 1.000000000000000021e-08 1.000000000000000021e-08 1.000000000000000021e-08 1.000000000000000021e-08 1.000000000000000021e-08 1.000000000000000021e-08 1.000000000000000021e-08 1.000000100000000021e-05 1.000000100000000021e-05 1.000000100000000021e-05 1.000000100000000021e-05 1.000000100000000021e-05 1.000000100000000021e-05 1.000000100000000021e-05
1.000000000000000021e-08 1.000000000000000021e-08 3.038129188117645439e-05 4.928373941310342714e-05 1.326601733493173703e-04 1.495935569681293886e-04 4.970158174144161676e-04 9.957145584672200123e-02 2.787023232081545579e-02 4.508172691520649243e-05 2.174932892085434724e-05 3.024742858547334161e-05 3.777876374621109360e-05 5.875154816815728986e-05 2.947239315158723218e-05 3.652563999089505057e-05 4.666326702250198657e-05 3.912961779170105400e-05 1.000000000000000021e-08 1.000000000000000021e-08 1.000000000000000021e-08 1.000000000000000021e-08 1.000000000000000021e-08 1.000000000000000021e-08 1.000000000000000021e-08 1.854711014484753800e-05 1.000000000000000021e-08 1.000000000000000021e-08 1.000000000000000021e-08 1.000000000000000021e-08 1.000000100000000021e-05 1.000000100000000021e-05 1.000000100000000021e-05 1.000000100000000021e-05 1.000000100000000021e-05 1.000000100000000021e-05 1.000000100000000021e-05
1.000000000000000021e-08 1.000000000000000021e-08 2.099178529270367678e-05 1.942237750718095292e-05 2.434868815136132840e-05 4.915278571985423573e-04 5.144999128776261976e-02 5.955826295546131494e-02 6.792467228448919453e-03 1.386638136604652951e-05 1.464641211853880548e-05 1.000000000000000021e-08 5.240420240930343792e-05 5.829997620201384293e-05 4.228030800300657151e-05 4.792485958117994097e-05 3.675309700181602913e-05 1.000000000000000021e-08 1.000000000000000021e-08 1.000000000000000021e-08 1.000000000000000021e-08 1.000000000000000021e-08 1.000000000000000021e-08 1.000000000000000021e-08 1.000000000000000021e-08 1.000000000000000021e-08 1.000000000000000021e-08 1.000000000000000021e-08 1.000000000000000021e-08 1.000000000000000021e-08 1.000000100000000021e-05 1.000000100000000021e-05 1.000000100000000021e-05 1.000000100000000021e-05 1.000000100000000021e-05 1.000000100000000021e-05 1.000000100000000021e-05
1.000000000000000021e-08 1.000000000000000021e-08 1.758766810503506039e-05 1.976752077976053155e-05 1.000000000000000021e-08 5.936266881619661978e-04 1.019389477584388415e-01 7.483549344198850428e-02 4.473477290441558833e-03 1.000000000000000021e-08 2.977758281417803177e-05 3.418866807721855172e-05 4.246991032164739089e-05 1.000000000000000021e-08 5.160712489178413893e-05 1.418148201334544836e-04 3.929176968317006375e-05 1.000000000000000021e-08 1.000000000000000021e-08 1.000000000000000021e-08 1.000000000000000021e-08 1.134122835585561634e-05 1.000000000000000021e-08 1.000000000000000021e-08 1.000000000000000021e-08 1.000000000000000021e-08 1.000000000000000021e-08 1.000000000000000021e-08 1.000000000000000021e-08 1.000000000000000021e-08 1.000000100000000021e-05 1.000000100000000021e-05 1.000000100000000021e-05 1.000000100000000021e-05 1.000000100000000021e-05 1.000000100000000021e-05 1.000000100000000021e-05
1.000000000000000021e-08 1.000000000000000021e-08 1.625768165555297387e-05 1.000000000000000021e-08 1.000000000000000021e-08 8.762118823146174216e-05 3.156648030578003417e-02 2.355348983627308102e-01 6.171554868677603910e-03 1.000000000000000021e-08 5.056808412377147388e-05 4.594168248306387749e-05 5.062112705292840149e-05 4.678765195117924489e-05 6.737826076523678706e-05 9.312341166068824024e-05 3.552815932414801395e-05 1.000000000000000021e-08 1.000000000000000021e-08 1.000000000000000021e-08 1.000000000000000021e-08 1.000000000000000021e-08 1.593233808901720695e-05 1.006428266383477282e-05 1.000000000000000021e-08 1.000000000000000021e-08 1.000000000000000021e-08 1.000000000000000021e-08 1.000000000000000021e-08 1.000000000000000021e-08 1.000000100000000021e-05 1.000000100000000021e-05 1.000000100000000021e-05 1.000000100000000021e-05 1.000000100000000021e-05 1.000000100000000021e-05 1.000000100000000021e-05
