output/water_depth_9360.asc
ncols 223
nrows 158
xllcorner 0.0
yllcorner 0.0
cellsize 30.0
[rows 85 to 101 of 158, columns 74 to 110 of 223]
1.000000000000000021e-08 1.000000000000000021e-08 1.000000000000000021e-08 1.000000000000000021e-08 1.000000000000000021e-08 1.000000000000000021e-08 1.000000000000000021e-08 1.000000000000000021e-08 1.000000000000000021e-08 1.000000000000000021e-08 1.000000000000000021e-08 1.000000000000000021e-08 1.000000000000000021e-08 1.336658458630641570e-05 1.000000000000000021e-08 1.000000000000000021e-08 1.000000000000000021e-08 1.255424458792770444e-05 1.000000000000000021e-08 1.000000000000000021e-08 1.000000000000000021e-08 1.000000000000000021e-08 1.000000000000000021e-08 1.000000000000000021e-08 1.000000000000000021e-08 1.000000000000000021e-08 1.000000000000000021e-08 1.151487100561835174e-04 1.000000000000000021e-08 1.000000000000000021e-08 1.000000000000000021e-08 2.223266862911665951e-05 3.661267737372855434e-05 1.992457905196624873e-05 3.859850348494829169e-05 3.814003192047315497e-04 2.956872388866913290e-05
2.462571552830008646e-04 1.071163778860283793e-05 1.271188133340854769e-04 1.000000000000000021e-08 1.000000000000000021e-08 1.000000000000000021e-08 1.000000000000000021e-08 1.000000000000000021e-08 1.000000000000000021e-08 1.000000000000000021e-08 1.000000000000000021e-08 1.000000000000000021e-08 1.000000000000000021e-08 1.039293724106628111e-05 1.000000000000000021e-08 1.000000000000000021e-08 1.787510457202836145e-05 4.173777627757068403e-05 8.623069706597250896e-05 1.222533755961083973e-04 1.299832321641546465e-04 1.000000000000000021e-08 1.000000000000000021e-08 1.000000000000000021e-08 1.000000000000000021e-08 1.000000000000000021e-08 1.000000000000000021e-08 1.000000000000000021e-08 1.812702454355700381e-05 1.000000000000000021e-08 1.000000000000000021e-08 1.000000000000000021e-08 1.105462498275540960e-05 2.591118543523048782e-05 1.947990613529859135e-05 3.722463059690758541e-05 2.024366910272644741e-05
1.717686975032832054e-05 1.329652187011529771e-05 1.662071602874563047e-05 1.631522048029776766e-04 1.287175264694650633e-04 1.118756089697154970e-04 9.462346093717272663e-05 7.325974748698033708e-05 1.000000000000000021e-08 1.000000000000000021e-08 1.000000000000000021e-08 1.000000000000000021e-08 1.000000000000000021e-08 1.000000000000000021e-08 1.000000000000000021e-08 1.000000000000000021e-08 1.000000000000000021e-08 1.000000000000000021e-08 7.733977199123901402e-05 9.309203687751895146e-05 1.813996728237759440e-04 1.675090854807653816e-04 1.000000000000000021e-08 1.000000000000000021e-08 1.000000000000000021e-08 1.000000000000000021e-08 1.000000000000000021e-08 1.000000000000000021e-08 2.166997531095475230e-05 3.689207176870713237e-05 4.933896023966387990e-05 1.000000000000000021e-08 1.832638566263458636e-05 3.476510703021147249e-05 3.824747751503638430e-05 5.891757404377593872e-05 1.820172456623763351e-05
1.170259368360111908e-04 1.016068978497924413e-04 9.691443258772143631e-05 2.810898231001135580e-04 3.648186696904127599e-04 4.928182333060923377e-04 4.022327098382502794e-04 3.065738200147217411e-04 3.227525812845907088e-04 2.394023703911994779e-04 2.649456755736508866e-04 2.158461792314856980e-04 1.785234002548699496e-04 1.313630472476892501e-04 9.614180669759052258e-05 1.000000000000000021e-08 1.000000000000000021e-08 1.000000000000000021e-08 1.158616524101838000e-04 2.686946216430829699e-04 2.096027296656459958e-04 2.695284669136525425e-04 2.871980986519454557e-04 2.205855889814430473e-04 1.557424203041209891e-04 7.851888865887056673e-05 4.969469636971281153e-05 3.222762854610968609e-05 3.335694322962145359e-05 3.665276054597445921e-05 6.399571498205870604e-05 1.054271632762445268e-04 9.369162320048977010e-05 1.024138738151049330e-04 2.904248348343723232e-04 5.299678150315859256e-05 5.595585464500654120e-05
5.019004038508491404e-04 3.834841564596037531e-04 3.239874708912258332e-04 2.188641548125488858e-04 3.756864952372522158e-04 2.780348604149489528e-04 4.538186345382219178e-04 5.990610678334746392e-04 3.949229910876197124e-04 5.297203131676475390e-04 5.666731995885674212e-04 6.455418688962114016e-04 7.078703033173905021e-04 7.718551872664676343e-04 8.215396190600352585e-04 6.301267446814354982e-04 4.221036495567677556e-04 3.356177110242480194e-04 2.624795247722610516e-04 2.671080485643691649e-04 3.894837151301412865e-04 4.193255503233598680e-04 4.452828918467360798e-04 5.142077362562887154e-04 5.808375222795550625e-04 7.125015267802801370e-04 7.943396440675322976e-04 6.186425597034035011e-04 4.446619914444899593e-05 6.094206795195014479e-05 9.081770849896330907e-04 1.153061423549875657e-03 8.218919271750068506e-04 5.686706365405302076e-04 4.540067193239790875e-04 4.389066264862469420e-05 6.657319362146201782e-05
1.163170693227555890e-04 4.052581012075101206e-04 5.241944702566480371e-04 5.792464127736897438e-04 3.142368850362008657e-04 2.075588062288511164e-04 1.162648660966709817e-04 6.675586872703543771e-05 3.053970716753795023e-04 1.437492307710271880e-04 8.773398835677190819e-05 6.678018305332786102e-05 3.715323118187769958e-05 2.346238583003326010e-05 6.941823681165606465e-05 4.815147984330497084e-04 8.280092288806210465e-04 6.217275537912553447e-04 4.394082585927243465e-04 2.368380397166523147e-04 1.577132111477484819e-04 9.367186522112672380e-05 6.827368964390661296e-05 1.000000000000000021e-08 4.244230015095666131e-04 2.753306174304342080e-04 2.181249307594884852e-04 5.745492017823220160e-04 8.455360860566443716e-04 9.130644100843149195e-04 6.127450799941611863e-04 4.972816680224417503e-04 6.985456209431121014e-04 9.124080272618643930e-05 1.708835594339874536e-04 6.789073576993762734e-04 7.222853063798652720e-05
5.929468811052304142e-05 5.613107459795182742e-05 9.226025814528202051e-05 1.125344247010954624e-04 2.287660683048359472e-04 2.214978068172550655e-04 1.728972633842581780e-04 1.503740906460844637e-04 2.568979905806224829e-04 2.428379145615199193e-04 1.000000000000000021e-08 1.000000000000000021e-08 1.000000000000000021e-08 1.000000000000000021e-08 1.000000000000000021e-08 1.000000000000000021e-08 1.556700417695088437e-05 3.063116481519401343e-04 3.452660487509284489e-05 6.168618094849606041e-05 4.966315732444847404e-05 6.376037544447337509e-05 4.878326224739249991e-05 5.757624793224784445e-05 4.666458259565191643e-05 1.000000000000000021e-08 1.000000000000000021e-08 2.972065838890837776e-05 1.000000000000000021e-08 3.179182714521818463e-05 2.727197551331835178e-05 2.563230046748181214e-05 4.387710198047986608e-04 9.105889110083925739e-05 4.160933076267632306e-04 7.712884833504782321e-05 1.930779234349210536e-04
2.401288863234256251e-05 2.061628615558543036e-05 1.562731097867101451e-05 1.083818410014369424e-05 1.519946581878725805e-04 2.588841431747839557e-04 3.407889470693803479e-04 3.942480848556647959e-04 4.924792781391703180e-04 3.856450629131716323e-04 2.721370964035399565e-05 1.000000000000000021e-08 1.000000000000000021e-08 1.000000000000000021e-08 1.000000000000000021e-08 3.267330388216489837e-05 3.204519016008110439e-05 2.591424032639867312e-04 4.759244267432009628e-04 4.843737266716413906e-04 4.880455931105903114e-04 3.806553088318506976e-04 2.546303249786916823e-04 1.826068702491942465e-04 1.209361417884143248e-04 1.000000000000000021e-08 1.000000000000000021e-08 3.758979772105927554e-05 4.149827784781441901e-05 2.972173228362987813e-05 3.179207982173653119e-05 1.000000000000000021e-08 3.231357594294163274e-04 8.788364604848014671e-04 7.499710019157224562e-04 1.228067624905658474e-04 1.018851503125242457e-04
1.255136153499230442e-05 1.695054791244310995e-05 1.000000000000000021e-08 1.000000000000000021e-08 1.000000000000000021e-08 2.528323227658795628e-05 1.717162393091529050e-05 1.440139154156131730e-05 3.885064871625493112e-05 3.029413848624919582e-04 5.505916428098987623e-05 3.303107818560561623e-05 1.050516938082956640e-05 1.000000000000000021e-08 1.000000000000000021e-08 1.643161548643461362e-04 1.454092945914932790e-04 9.022406341568007832e-05 8.872225658813826432e-05 5.341183659143931302e-05 3.366853477320962568e-05 1.825324035395891481e-04 2.669362796699841726e-04 2.400174914689747862e-04 2.073568800847700464e-04 1.497923711335558453e-04 1.094151717876321153e-04 6.320137648900904287e-05 4.236110637814785731e-05 4.510770168045837979e-05 4.514253919129482566e-05 4.755834753394598541e-05 3.340906008270173107e-04 2.770794566848074373e-04 8.915231970977067219e-04 9.753941023521756504e-04 6.592097344739276509e-04
1.000000000000000021e-08 1.454059112141337711e-05 1.000000000000000021e-08 1.000000000000000021e-08 1.000000000000000021e-08 1.000000000000000021e-08 1.000000000000000021e-08 1.000000000000000021e-08 1.000000000000000021e-08 1.677475319119625739e-04 1.627111160282173155e-04 4.217218379881137108e-05 5.703497751349605009e-04 4.110801341736690026e-04 3.503770412078689549e-04 1.942774718510815871e-04 1.000000000000000021e-08 1.000000000000000021e-08 1.000000000000000021e-08 1.000000000000000021e-08 1.843770413170709669e-05 1.167734214628425056e-04 1.738564929142734545e-04 2.176414008769051291e-04 1.959152059017068889e-05 1.000000000000000021e-08 1.000000000000000021e-08 1.000000000000000021e-08 1.000000000000000021e-08 2.614456348833633651e-05 5.488912696280326289e-05 8.683917065615831272e-05 1.387989198341100117e-04 1.306138459058514599e-04 1.266871802941656937e-04 8.661847317459337977e-04 1.036331244815392495e-03
1.000000000000000021e-08 1.205072066749050174e-05 1.000000000000000021e-08 1.000000000000000021e-08 1.000000000000000021e-08 1.000000000000000021e-08 1.000000000000000021e-08 1.000000000000000021e-08 1.000000000000000021e-08 1.000000000000000021e-08 8.323880290736769918e-05 1.212210954607138884e-04 1.011043016146252158e-04 4.995137959941579973e-04 4.507781033522632571e-04 3.408024534280586844e-04 1.253503549380776381e-05 1.000000000000000021e-08 1.000000000000000021e-08 1.000000000000000021e-08 1.817187211583563632e-05 1.502957633493783570e-05 1.000000000000000021e-08 1.000000000000000021e-08 1.000000000000000021e-08 1.000000000000000021e-08 1.000000000000000021e-08 1.000000000000000021e-08 1.000000000000000021e-08 1.905561077737340659e-05 3.880800691305780502e-05 3.963743360985026905e-05 2.913129692602335624e-05 5.640869627241800317e-05 5.025932901658783353e-05 1.256866620892936712e-04 5.582312335943402301e-04
1.000000000000000021e-08 1.000000000000000021e-08 1.000000000000000021e-08 1.000000000000000021e-08 1.451304419432391028e-05 2.375978168644924318e-05 4.064550811834491341e-05 2.915685348037191704e-05 2.173908065444411829e-05 1.000000000000000021e-08 1.000000000000000021e-08 1.000000000000000021e-08 1.000000000000000021e-08 1.000000000000000021e-08 2.250064302954461455e-05 2.217238899895789664e-05 2.429993404207832734e-05 1.000000000000000021e-08 1.000000000000000021e-08 1.000000000000000021e-08 1.000000000000000021e-08 1.000000000000000021e-08 1.000000000000000021e-08 1.000000000000000021e-08 1.000000000000000021e-08 1.000000000000000021e-08 1.000000000000000021e-08 1.000000000000000021e-08 1.000000000000000021e-08 1.368129672416518346e-05 1.000000000000000021e-08 1.000000000000000021e-08 2.604394174298724381e-05 2.307730637113653539e-05 3.663486019884680631e-05 8.586161912034086089e-05 4.795056190161789297e-05
1.000000000000000021e-08 1.000000000000000021e-08 1.000000000000000021e-08 1.000000000000000021e-08 1.069613418629813282e-05 1.846677842056371061e-05 2.489014874507333700e-05 4.711189151919024167e-05 3.774658484888417331e-05 3.132516128086399192e-05 2.344921268577910265e-05 2.033840574313903891e-05 1.612658384716912565e-05 1.894182886537672516e-05 1.829672373305340892e-05 2.723702317096733899e-05 1.560189807681954406e-05 1.000000000000000021e-08 1.000000000000000021e-08 1.000000000000000021e-08 1.000000000000000021e-08 1.000000000000000021e-08 1.000000000000000021e-08 1.000000000000000021e-08 1.000000000000000021e-08 1.000000000000000021e-08 1.000000000000000021e-08 1.000000000000000021e-08 1.000000000000000021e-08 1.759070032580172029e-05 1.864748360812488613e-05 1.000000000000000021e-08 1.000000000000000021e-08 1.908106126919671932e-05 3.708433741964135334e-05 1.000000000000000021e-08 1.456940095638835304e-05
1.000000000000000021e-08 1.000000000000000021e-08 1.000000000000000021e-08 1.000000000000000021e-08 1.070299821865077621e-05 1.125706861797225846e-05 1.460165905493897945e-05 1.152398921255732772e-05 3.399907508806587601e-05 4.734889575869471188e-05 6.505154148921503681e-05 4.680557366761845081e-05 4.117536798690286281e-05 3.811192114915838296e-05 1.000000000000000021e-08 2.166292156916680063e-05 2.676276746783753395e-05 1.000000000000000021e-08 1.000000000000000021e-08 1.000000000000000021e-08 1.000000000000000021e-08 1.000000000000000021e-08 1.000000000000000021e-08 1.000000000000000021e-08 1.014490322515764575e-05 1.000000000000000021e-08 1.139992482763835565e-05 2.092803009234085081e-05 1.865107384824873482e-04 2.791312600175058526e-04 4.025692948208070099e-04 5.135768801079790800e-04 6.145186689023457178e-04 4.616487952886016250e-04 3.561436346807897034e-04 2.587490460507638006e-04 2.918985983904797072e-04
1.042540780601444604e-05 1.000000000000000021e-08 1.000000000000000021e-08 1.000000000000000021e-08 1.000000000000000021e-08 1.000000000000000021e-08 1.000000000000000021e-08 1.000000000000000021e-08 1.000000000000000021e-08 1.000000000000000021e-08 1.067811558744224288e-05 5.179174923315422286e-05 5.267657852799380292e-05 5.100559886173630035e-05 1.000000000000000021e-08 1.000000000000000021e-08 1.000000000000000021e-08 1.000000000000000021e-08 1.000000000000000021e-08 1.140633196842709295e-05 1.000000000000000021e-08 1.000000000000000021e-08 1.000000000000000021e-08 1.000000000000000021e-08 1.000000000000000021e-08 1.000000000000000021e-08 1.355495782389248540e-05 1.174440742788313046e-04 1.113637953852061549e-04 1.162096498526883696e-04 1.113753589331765396e-04 1.161402862068543277e-04 8.179394188839408291e-05 3.166144955458531055e-04 3.618452912524025827e-04 3.966083728297618090e-04 3.763430028449031984e-04
2.402763364205933634e-05 1.000000000000000021e-08 1.000000000000000021e-08 1.000000000000000021e-08 1.000000000000000021e-08 1.000000000000000021e-08 1.000000000000000021e-08 1.000000000000000021e-08 1.000000000000000021e-08 1.000000000000000021e-08 1.000000000000000021e-08 1.000000000000000021e-08 1.000000000000000021e-08 1.000000000000000021e-08 1.000000000000000021e-08 1.000000000000000021e-08 1.000000000000000021e-08 1.000000000000000021e-08 1.000000000000000021e-08 1.000000000000000021e-08 1.000000000000000021e-08 1.000000000000000021e-08 1.000000000000000021e-08 1.000000000000000021e-08 4.106959303757975322e-05 4.761059318544564825e-05 6.771352809588450708e-05 6.904766212111396379e-05 6.616698078690461658e-05 5.148692239150975161e-05 5.838504083293473467e-05 4.875782018692068022e-05 1.000000000000000021e-08 1.130452445633474374e-05 2.659853099981135323e-05 1.974091205627105379e-05 3.572315364696421560e-04
2.118495777599818287e-05 1.936404594545092448e-05 2.033901813242160273e-05 1.000000000000000021e-08 1.000000000000000021e-08 1.000000000000000021e-08 1.000000000000000021e-08 1.000000000000000021e-08 1.000000000000000021e-08 1.000000000000000021e-08 1.000000000000000021e-08 1.000000000000000021e-08 1.000000000000000021e-08 1.000000000000000021e-08 1.000000000000000021e-08 1.000000000000000021e-08 1.000000000000000021e-08 1.000000000000000021e-08 1.000000000000000021e-08 1.000000000000000021e-08 1.000000000000000021e-08 1.000000000000000021e-08 1.000000000000000021e-08 1.296962164908386426e-05 3.713643096605418956e-05 5.826217967178611495e-05 7.367211240660344329e-05 8.487169651825626001e-05 1.000000000000000021e-08 1.000000000000000021e-08 1.000000000000000021e-08 2.665209876394270111e-05 2.438359143660614149e-05 1.435872567980201375e-04 1.302897854964718411e-05 2.450111364924543859e-05 2.097246930138537275e-05
