output/water_depth_10920.asc
ncols 223
nrows 158
xllcorner 0.0
yllcorner 0.0
cellsize 30.0
[rows 68 to 84 of 158, columns 185 to 221 of 223]
1.000000000000000021e-08 1.000000000000000021e-08 1.000000000000000021e-08 1.000000000000000021e-08 1.000000000000000021e-08 1.000000000000000021e-08 1.000000000000000021e-08 1.000000000000000021e-08 1.000000000000000021e-08 1.000000000000000021e-08 1.000000000000000021e-08 1.000000000000000021e-08 4.280559186157482682e-05 1.036789960296947494e-04 8.987012356585194592e-05 1.927052668128007070e-05 4.143926393897114368e-05 9.451411260568730387e-05 1.366445378182286254e-03 1.890278015171763107e-04 2.112986106857540631e-04 1.000000100000000021e-05 1.000000100000000021e-05 1.000000100000000021e-05 1.000000100000000021e-05 1.000000100000000021e-05 1.000000100000000021e-05 1.000000100000000021e-05 1.000000100000000021e-05 1.000000100000000021e-05 1.000000100000000021e-05 1.000000100000000021e-05 1.000000100000000021e-05 1.000000100000000021e-05 1.000000100000000021e-05 1.000000100000000021e-05 1.000000100000000021e-05
1.000000000000000021e-08 1.000000000000000021e-08 1.000000000000000021e-08 1.000000000000000021e-08 1.000000000000000021e-08 1.000000000000000021e-08 1.000000000000000021e-08 1.000000000000000021e-08 1.000000000000000021e-08 1.000000000000000021e-08 1.000000000000000021e-08 1.000000000000000021e-08 3.450162861998460538e-05 2.689222772320939200e-03 1.503086075773360020e-04 4.981886381964342926e-05 1.000000000000000021e-08 1.000000000000000021e-08 9.649170945869343452e-05 1.452315672955337969e-04 2.688919181045665990e-04 1.000000100000000021e-05 1.000000100000000021e-05 1.000000100000000021e-05 1.000000100000000021e-05 1.000000100000000021e-05 1.000000100000000021e-05 1.000000100000000021e-05 1.000000100000000021e-05 1.000000100000000021e-05 1.000000100000000021e-05 1.000000100000000021e-05 1.000000100000000021e-05 1.000000100000000021e-05 1.000000100000000021e-05 1.000000100000000021e-05 1.000000100000000021e-05
1.000000000000000021e-08 1.000000000000000021e-08 1.000000000000000021e-08 1.000000000000000021e-08 1.000000000000000021e-08 1.000000000000000021e-08 1.000000000000000021e-08 1.000000000000000021e-08 1.000000000000000021e-08 1.000000000000000021e-08 1.000000000000000021e-08 2.954588020158681083e-05 2.823000567512682398e-05 2.158060755587873155e-05 1.311804779568215488e-05 1.000000000000000021e-08 1.000000000000000021e-08 1.000000000000000021e-08 6.068055247105454277e-05 1.335012080953275717e-04 3.653046950398904937e-04 1.000000100000000021e-05 1.000000100000000021e-05 1.000000100000000021e-05 1.000000100000000021e-05 1.000000100000000021e-05 1.000000100000000021e-05 1.000000100000000021e-05 1.000000100000000021e-05 1.000000100000000021e-05 1.000000100000000021e-05 1.000000100000000021e-05 1.000000100000000021e-05 1.000000100000000021e-05 1.000000100000000021e-05 1.000000100000000021e-05 1.000000100000000021e-05
1.000000000000000021e-08 1.000000000000000021e-08 1.000000000000000021e-08 1.000000000000000021e-08 1.000000000000000021e-08 1.000000000000000021e-08 1.000000000000000021e-08 1.000000000000000021e-08 1.000000000000000021e-08 1.000000000000000021e-08 1.000000000000000021e-08 5.079610491791659182e-05 2.193937679831832035e-05 1.000000000000000021e-08 1.000000000000000021e-08 1.844706613683857780e-05 1.000000000000000021e-08 1.000000000000000021e-08 4.548116048132716830e-05 1.622814624484200121e-04 2.329381274686421934e-04 2.124420696150401016e-04 1.000000100000000021e-05 1.000000100000000021e-05 1.000000100000000021e-05 1.000000100000000021e-05 1.000000100000000021e-05 1.000000100000000021e-05 1.000000100000000021e-05 1.000000100000000021e-05 1.000000100000000021e-05 1.000000100000000021e-05 1.000000100000000021e-05 1.000000100000000021e-05 1.000000100000000021e-05 1.000000100000000021e-05 1.000000100000000021e-05
1.000000000000000021e-08 1.000000000000000021e-08 1.000000000000000021e-08 1.000000000000000021e-08 1.000000000000000021e-08 1.000000000000000021e-08 1.000000000000000021e-08 1.000000000000000021e-08 1.000000000000000021e-08 1.000000000000000021e-08 1.000000000000000021e-08 5.757452828133106232e-05 1.000000000000000021e-08 1.000000000000000021e-08 1.000000000000000021e-08 1.987479950996563755e-05 1.618651252813324302e-05 1.200891247050902873e-05 4.132474111970408498e-05 1.145533102878015417e-04 3.365822788175435809e-04 1.512868069647759406e-04 1.000000000000000021e-08 1.000000100000000021e-05 1.000000100000000021e-05 1.000000100000000021e-05 1.000000100000000021e-05 1.000000100000000021e-05 1.000000100000000021e-05 1.000000100000000021e-05 1.000000100000000021e-05 1.000000100000000021e-05 1.000000100000000021e-05 1.000000100000000021e-05 1.000000100000000021e-05 1.000000100000000021e-05 1.000000100000000021e-05
1.835434397026081328e-04 1.000000000000000021e-08 1.000000000000000021e-08 1.000000000000000021e-08 1.000000000000000021e-08 1.000000000000000021e-08 1.000000000000000021e-08 1.000000000000000021e-08 2.495513372299473800e-05 1.000000000000000021e-08 1.381967341796882319e-05 9.412899059000286498e-05 1.981596179080965611e-05 1.000000000000000021e-08 1.000000000000000021e-08 1.939244582760047726e-05 2.433542077111755042e-05 2.313382058690897672e-05 3.968019925077081653e-05 1.454097324383545585e-04 4.923452274096414005e-04 1.359349391269823058e-04 2.769654838856728724e-05 2.390575868497061033e-05 1.000000100000000021e-05 1.000000100000000021e-05 1.000000100000000021e-05 1.000000100000000021e-05 1.000000100000000021e-05 1.000000100000000021e-05 1.000000100000000021e-05 1.000000100000000021e-05 1.000000100000000021e-05 1.000000100000000021e-05 1.000000100000000021e-05 1.000000100000000021e-05 1.000000100000000021e-05
1.511395575887382499e-02 1.000000000000000021e-08 1.000000000000000021e-08 1.000000000000000021e-08 1.000000000000000021e-08 1.000000000000000021e-08 1.000000000000000021e-08 1.000000000000000021e-08 1.698827649329025258e-05 1.000000000000000021e-08 1.393910404245466455e-05 1.425823010221671382e-04 3.204533828714083545e-05 1.000000000000000021e-08 1.000000000000000021e-08 2.055025033772839936e-05 4.945665068958968874e-05 2.351190828099368962e-05 3.556286104388171882e-05 8.586920556454234472e-05 7.118140426874551997e-04 1.988548565976068017e-04 1.083930394045664904e-05 1.000000000000000021e-08 1.000000100000000021e-05 1.000000100000000021e-05 1.000000100000000021e-05 1.000000100000000021e-05 1.000000100000000021e-05 1.000000100000000021e-05 1.000000100000000021e-05 1.000000100000000021e-05 1.000000100000000021e-05 1.000000100000000021e-05 1.000000100000000021e-05 1.000000100000000021e-05 1.000000100000000021e-05
1.417702097551275936e-02 1.169813037742790593e-02 2.485339438225247266e-05 1.000000000000000021e-08 1.000000000000000021e-08 1.000000000000000021e-08 1.000000000000000021e-08 1.000000000000000021e-08 1.000000000000000021e-08 1.000000000000000021e-08 3.788334219849900518e-05 1.757253994459877634e-04 2.999848857622782483e-05 1.000000000000000021e-08 1.000000000000000021e-08 2.184980143797034700e-05 7.502416811704423056e-05 4.215392616283612862e-05 2.587172722712888513e-05 1.024279785079971680e-02 1.060928992945277261e-02 4.147052801739918706e-05 1.000000000000000021e-08 1.000000000000000021e-08 1.000000100000000021e-05 1.000000100000000021e-05 1.000000100000000021e-05 1.000000100000000021e-05 1.000000100000000021e-05 1.000000100000000021e-05 1.000000100000000021e-05 1.000000100000000021e-05 1.000000100000000021e-05 1.000000100000000021e-05 1.000000100000000021e-05 1.000000100000000021e-05 1.000000100000000021e-05
1.854110011910976852e-02 1.198987102758938827e-02 2.731194134593454133e-05 1.000000000000000021e-08 1.000000000000000021e-08 1.000000000000000021e-08 1.000000000000000021e-08 1.000000000000000021e-08 1.000000000000000021e-08 1.000000000000000021e-08 3.575053641566103702e-05 2.478738130778273055e-04 4.398585323281847088e-05 1.000000000000000021e-08 1.000000000000000021e-08 1.000000000000000021e-08 8.341787648460160381e-05 3.164633515214888739e-05 7.713054589803791314e-03 9.395675861355376815e-03 1.032829929998684351e-02 1.000000000000000021e-08 1.000000000000000021e-08 1.000000000000000021e-08 1.430608646558093619e-03 1.418958911566055871e-05 1.000000100000000021e-05 1.000000100000000021e-05 1.000000100000000021e-05 1.000000100000000021e-05 1.000000100000000021e-05 1.000000100000000021e-05 1.000000100000000021e-05 1.000000100000000021e-05 1.000000100000000021e-05 1.000000100000000021e-05 1.000000100000000021e-05
2.728595999858916821e-02 8.807025098550743530e-03 2.489354434080969837e-05 1.000000000000000021e-08 1.000000000000000021e-08 1.000000000000000021e-08 1.000000000000000021e-08 1.000000000000000021e-08 1.000000000000000021e-08 1.775004288567814042e-05 3.247229743839538923e-05 3.080517087116839523e-04 4.707718171704984464e-05 1.684641405461744353e-05 2.004451324981589792e-05 1.868602377433511118e-04 1.326629848682391900e-03 1.498411772805572847e-03 2.387964589266516023e-03 7.543979052994914149e-03 1.512096449356258954e-04 1.937404718686964967e-03 3.429183037373280125e-05 1.820178926054144840e-05 1.000000000000000021e-08 1.000000000000000021e-08 1.000000100000000021e-05 1.000000100000000021e-05 1.000000100000000021e-05 1.000000100000000021e-05 1.000000100000000021e-05 1.000000100000000021e-05 1.000000100000000021e-05 1.000000100000000021e-05 1.000000100000000021e-05 1.000000100000000021e-05 1.000000100000000021e-05
2.942987150772624280e-02 1.179568459457535148e-02 3.508440627617342766e-05 1.000000000000000021e-08 1.000000000000000021e-08 1.000000000000000021e-08 1.380720208391690190e-05 2.426660516966192861e-05 3.906448171268023337e-05 6.016227596714172101e-05 1.719533438931410401e-03 6.321302078079692448e-04 5.444986033623233504e-04 8.272551275627527262e-04 1.598432966308949632e-03 1.125298196966192932e-02 2.044543359999404647e-03 1.353381761482191177e-03 1.000000000000000021e-08 1.000000000000000021e-08 1.000000000000000021e-08 1.000000000000000021e-08 1.000000000000000021e-08 1.000000000000000021e-08 1.000000000000000021e-08 1.000000000000000021e-08 1.000000100000000021e-05 1.000000100000000021e-05 1.000000100000000021e-05 1.000000100000000021e-05 1.000000100000000021e-05 1.000000100000000021e-05 1.000000100000000021e-05 1.000000100000000021e-05 1.000000100000000021e-05 1.000000100000000021e-05 1.000000100000000021e-05
3.422751784939714187e-02 1.292210172242802546e-01 1.515268280698268727e-04 1.000000000000000021e-08 1.000000000000000021e-08 1.000000000000000021e-08 1.000000000000000021e-08 1.000000000000000021e-08 1.000000000000000021e-08 1.854047470880591366e-05 1.217183936646506982e-04 1.385182849922811030e-02 1.298842222294442541e-03 1.420113051878300458e-03 1.647111154196031092e-03 1.000000000000000021e-08 1.000000000000000021e-08 1.000000000000000021e-08 1.000000000000000021e-08 1.000000000000000021e-08 1.000000000000000021e-08 1.000000000000000021e-08 1.000000000000000021e-08 1.000000000000000021e-08 1.000000000000000021e-08 1.000000000000000021e-08 1.000000100000000021e-05 1.000000100000000021e-05 1.000000100000000021e-05 1.000000100000000021e-05 1.000000100000000021e-05 1.000000100000000021e-05 1.000000100000000021e-05 1.000000100000000021e-05 1.000000100000000021e-05 1.000000100000000021e-05 1.000000100000000021e-05
1.975684509179702971e-04 1.013776517084457734e-01 4.644389562506503338e-02 1.974187088374519097e-04 1.000000000000000021e-08 1.161106186272935003e-05 1.000000000000000021e-08 1.000000000000000021e-08 1.000000000000000021e-08 1.000000000000000021e-08 9.226553301707352429e-05 1.206517500906561548e-02 1.279877840464077772e-02 1.305659678398259473e-03 2.526403845046435587e-04 1.000000000000000021e-08 1.000000000000000021e-08 1.000000000000000021e-08 1.000000000000000021e-08 1.000000000000000021e-08 1.000000000000000021e-08 1.000000000000000021e-08 1.000000000000000021e-08 1.000000000000000021e-08 1.000000000000000021e-08 1.000000000000000021e-08 1.000000100000000021e-05 1.000000100000000021e-05 1.000000100000000021e-05 1.000000100000000021e-05 1.000000100000000021e-05 1.000000100000000021e-05 1.000000100000000021e-05 1.000000100000000021e-05 1.000000100000000021e-05 1.000000100000000021e-05 1.000000100000000021e-05
1.000000000000000021e-08 1.000000000000000021e-08 4.669297428989164361e-02 2.340879773002543449e-02 2.061015382816260358e-02 4.054719835670771329e-03 1.000000000000000021e-08 1.000000000000000021e-08 1.000000000000000021e-08 1.000000000000000021e-08 6.206849834179434689e-05 3.942394181199123521e-03 1.052623710968699465e-02 1.522280644407191387e-04 3.957526844719084071e-05 1.000000000000000021e-08 1.000000000000000021e-08 1.000000000000000021e-08 1.000000000000000021e-08 1.000000000000000021e-08 1.000000000000000021e-08 1.000000000000000021e-08 1.000000000000000021e-08 1.000000000000000021e-08 1.000000000000000021e-08 1.000000000000000021e-08 1.000000100000000021e-05 1.000000100000000021e-05 1.000000100000000021e-05 1.000000100000000021e-05 1.000000100000000021e-05 1.000000100000000021e-05 1.000000100000000021e-05 1.000000100000000021e-05 1.000000100000000021e-05 1.000000100000000021e-05 1.000000100000000021e-05
1.000000000000000021e-08 1.000000000000000021e-08 1.000000000000000021e-08 2.347798771795804249e-02 1.225517703838999162e-01 1.006278899675710214e-01 4.783912342479133828e-02 2.557965181210672921e-04 1.294035630561331252e-04 1.197481912456783548e-03 1.544439909596843690e-03 2.521673562429352106e-03 2.220016991593557539e-04 2.468755117541534226e-03 1.000000000000000021e-08 1.000000000000000021e-08 1.000000000000000021e-08 1.000000000000000021e-08 1.000000000000000021e-08 1.000000000000000021e-08 1.000000000000000021e-08 1.000000000000000021e-08 1.000000000000000021e-08 1.000000000000000021e-08 1.000000000000000021e-08 1.000000000000000021e-08 1.000000100000000021e-05 1.000000100000000021e-05 1.000000100000000021e-05 1.000000100000000021e-05 1.000000100000000021e-05 1.000000100000000021e-05 1.000000100000000021e-05 1.000000100000000021e-05 1.000000100000000021e-05 1.000000100000000021e-05 1.000000100000000021e-05
1.000000000000000021e-08 1.000000000000000021e-08 1.000000000000000021e-08 8.087909723594789995e-05 7.710045384795185901e-05 6.124539018196978291e-05 4.015199357080280473e-02 9.610544044928330532e-03 2.906068375062326615e-03 1.559242232918804216e-03 1.594178636911040749e-03 1.542398497926165523e-03 1.000000000000000021e-08 1.000000000000000021e-08 1.000000000000000021e-08 1.000000000000000021e-08 1.000000000000000021e-08 1.000000000000000021e-08 1.000000000000000021e-08 1.000000000000000021e-08 1.588342223731954437e-05 1.093203474416320752e-05 1.000000000000000021e-08 1.000000000000000021e-08 1.000000000000000021e-08 1.000000000000000021e-08 1.000000100000000021e-05 1.000000100000000021e-05 1.000000100000000021e-05 1.000000100000000021e-05 1.000000100000000021e-05 1.000000100000000021e-05 1.000000100000000021e-05 1.000000100000000021e-05 1.000000100000000021e-05 1.000000100000000021e-05 1.000000100000000021e-05
1.142233161273913175e-05 1.000000000000000021e-08 1.000000000000000021e-08 1.000000000000000021e-08 1.000000000000000021e-08 1.000000000000000021e-08 4.019184677850253656e-02 1.059284929924738106e-01 1.002914587075688924e-01 1.872787897195195197e-03 1.369195381399751976e-03 8.089021251842905746e-04 1.000000000000000021e-08 1.000000000000000021e-08 1.000000000000000021e-08 1.000000000000000021e-08 1.000000000000000021e-08 1.000000000000000021e-08 1.000000000000000021e-08 1.894795357706344886e-05 1.151110915377307369e-05 1.288853688996372848e-05 1.000000000000000021e-08 1.000000000000000021e-08 1.000000000000000021e-08 1.843545346423815654e-05 1.672039893114894785e-05 1.000000100000000021e-05 1.000000100000000021e-05 1.000000100000000021e-05 1.000000100000000021e-05 1.000000100000000021e-05 1.000000100000000021e-05 1.000000100000000021e-05 1.000000100000000021e-05 1.000000100000000021e-05 1.000000100000000021e-05
