output/water_depth_3840.asc
ncols 223
nrows 158
xllcorner 0.0
yllcorner 0.0
cellsize 30.0
[rows 17 to 33 of 158, columns 111 to 147 of 223]
1.000000000000000021e-08 1.000000000000000021e-08 1.000000000000000021e-08 3.184841239977038372e-05 2.070555404910209466e-05 1.100966956008592998e-04 1.074746076147383307e-04 1.279002166093957764e-04 1.531128155712161462e-04 1.399340801906491028e-04 1.064759462344010646e-05 2.314323481637084782e-05 1.981095468700747611e-05 9.719916028956364753e-05 6.366616246240624968e-05 4.615919986628699623e-05 2.871525880877540766e-05 5.329483936070841484e-05 1.281194166112858968e-03 6.589099266775752268e-04 1.398384759358335672e-03 1.129776153816429950e-03 6.203488543307551784e-04 4.748035028488785175e-04 4.845030080981154732e-05 8.862441972904051574e-05 8.281845368965852147e-03 2.600564827763351267e-02 2.068390057473095192e-02 3.586427968133999830e-04 7.983311090843790323e-05 1.258723752460441784e-05 1.000000000000000021e-08 1.000000000000000021e-08 1.000000000000000021e-08 1.000000000000000021e-08 1.000000000000000021e-08
6.174963414388887030e-05 1.000000000000000021e-08 1.000000000000000021e-08 1.791347696392242827e-05 3.279258780192839489e-05 4.456913257967281904e-05 1.111785731018023412e-04 1.377980477031294623e-04 1.000000000000000021e-08 5.501197282187526697e-05 4.127901516377500962e-05 1.000000000000000021e-08 2.127962516626432938e-04 1.956785761454598108e-04 1.584750677094539728e-04 1.741433132046335639e-04 4.692848605169961621e-05 2.428749514840471049e-03 4.189766005169032886e-03 8.069167005546083044e-03 1.138708660297414049e-02 4.461730735834001926e-02 1.556580576151284090e-02 1.608569592837168910e-02 1.174127990340305058e-02 1.559808066804657667e-02 9.899215358487367666e-02 3.083598063182519181e-02 2.293712583256980416e-04 4.005848901048602326e-05 1.000000000000000021e-08 1.000000000000000021e-08 1.000000000000000021e-08 1.000000000000000021e-08 1.000000000000000021e-08 1.000000000000000021e-08 1.000000000000000021e-08
8.372023917834475065e-05 1.000000000000000021e-08 1.000000000000000021e-08 1.059122809676218881e-05 2.035513588840989353e-05 2.996982382339814815e-05 1.000000000000000021e-08 1.000000000000000021e-08 1.000000000000000021e-08 1.618170470276474276e-04 1.351689650281190922e-04 1.214538069438584445e-04 1.943954565166344567e-04 2.639824123915018687e-04 2.438649031838703259e-04 6.913751429252650883e-03 9.219717640056093733e-03 1.072413404378726350e-02 1.127811651098294989e-02 6.934562402972202499e-03 1.724461939801467383e-03 1.792261591180892939e-03 1.237874336698182708e-03 7.047300316915809833e-04 5.981169633303254395e-04 2.720522533638092006e-03 4.375214298799764978e-02 4.516613877755552213e-04 5.120231698578510919e-05 2.787463099945897688e-05 1.000000000000000021e-08 1.000000000000000021e-08 1.142647559292250715e-05 1.000000000000000021e-08 1.000000000000000021e-08 1.000000000000000021e-08 1.000000000000000021e-08
3.884369975837494995e-05 3.195364354219146409e-05 4.120313947620344620e-05 3.415554767406294822e-05 4.437237155531245181e-05 3.725344685515734572e-05 4.103955268572987043e-04 5.994800521872965847e-04 6.096437554882991891e-04 3.907616767578317787e-03 6.304095962089844435e-03 7.746013872236985273e-03 8.702627977063705222e-03 9.392347162064881155e-03 9.988584709024195263e-03 7.140168719469929502e-03 2.019176317191358812e-03 1.347560867158432985e-03 3.459253964572262799e-04 1.996696024602009239e-04 1.303865879477215093e-04 1.041121773693687671e-04 9.424238299397943650e-05 6.746635009374470559e-05 2.104986902364509925e-04 2.469502486345751587e-03 1.254422860608906953e-01 1.389315339980205137e-04 3.107040308509377157e-05 1.241191501724844521e-05 1.000000000000000021e-08 1.000000000000000021e-08 1.000000000000000021e-08 1.000000000000000021e-08 1.000000000000000021e-08 1.000000000000000021e-08 1.000000000000000021e-08
8.251022078848799669e-04 9.640468363160005884e-04 7.922861674493037821e-04 5.951112302442659830e-04 1.016080375529424549e-03 3.336966432524649580e-03 1.809121443483384254e-03 1.960904693400119733e-03 2.978213804430650518e-03 2.223755642202835184e-03 4.365098054184338855e-03 2.334566439864396367e-03 1.606582687267368945e-03 2.358794886537449729e-04 7.428500839163853738e-05 1.271271586096033067e-04 1.000000000000000021e-08 1.161351834340052038e-05 4.806865360754127101e-04 7.249280253547690745e-04 5.754541543356342078e-04 4.491227292292323246e-04 3.606046468385797066e-04 3.166981804592179043e-04 1.712604923259766819e-04 4.688323498040522876e-04 9.996841959832425406e-02 2.366798880602789075e-05 1.553419418721833846e-05 1.000000000000000021e-08 1.000000000000000021e-08 1.785950935957376193e-05 1.000000000000000021e-08 1.000000000000000021e-08 1.000000000000000021e-08 1.000000000000000021e-08 2.698040955820736150e-05
4.807051235839436966e-04 3.801590249441655247e-04 6.332893502021223883e-04 2.268207830804197522e-03 3.276121256836159006e-03 2.593153391993667078e-03 5.144485201192717941e-04 4.719367550016864980e-04 2.321430395983660661e-04 4.075648489797596653e-04 2.230952333811446280e-04 1.615512232290120019e-04 1.338286904176498430e-04 1.000000000000000021e-08 1.000000000000000021e-08 1.000000000000000021e-08 1.000000000000000021e-08 1.271689711546360313e-05 5.059888641651652834e-05 1.886851073243733877e-04 8.555207350943846902e-05 1.329647221138191896e-04 8.935901622629058988e-04 6.428642193536825058e-05 5.501470519924989188e-05 4.967323386302884697e-04 4.009476900654716791e-02 5.036840800822099581e-05 3.146576022545043302e-05 1.527932207335938708e-05 1.000000000000000021e-08 1.000000000000000021e-08 1.000000000000000021e-08 1.000000000000000021e-08 1.311083805470184227e-05 1.061026229965798664e-05 1.000000000000000021e-08
2.839163736621602924e-04 1.721140631151899750e-03 2.355879147554924401e-03 1.914540416590598121e-03 1.931797009497547785e-03 1.474378227609039402e-03 1.028120597285391057e-03 1.682779319625113022e-04 2.676036083815446789e-04 1.689096245190809724e-05 4.447520927267800710e-05 5.044586205778383583e-05 7.105141042661338477e-05 1.000000000000000021e-08 1.000000000000000021e-08 1.000000000000000021e-08 1.000000000000000021e-08 1.000000000000000021e-08 3.178676821494511132e-05 1.000000000000000021e-08 1.000000000000000021e-08 2.686990235676566663e-05 1.586075166890910158e-04 3.002936403095991043e-04 9.084502204716304180e-04 9.656808818862418859e-04 4.151218766868202542e-02 4.812047744763632453e-05 1.000000000000000021e-08 1.000000000000000021e-08 1.000000000000000021e-08 2.017875541562534958e-05 1.000000000000000021e-08 1.000000000000000021e-08 1.000000000000000021e-08 2.731247831581547507e-05 2.563239110916027075e-05
2.507409082896360031e-05 6.443052277251606333e-05 6.848625897706209610e-04 8.093572055507476431e-05 1.361137515524020339e-04 8.635378476335293886e-04 2.919233298299280351e-05 3.424065802130255888e-04 9.554128834342673023e-05 1.620137055683094687e-05 1.978355681500908224e-05 2.560711226296587148e-05 4.958531269360778301e-05 1.000000000000000021e-08 1.000000000000000021e-08 1.000000000000000021e-08 4.777744775206643508e-05 2.679980250107136179e-05 1.554847655070426400e-05 2.451423048454147248e-05 1.804468597238318794e-04 2.224949142825244190e-04 1.309247165937104859e-04 1.599907891980261891e-05 1.174696568505042985e-03 1.226885935519180394e-03 4.307688618770832284e-02 4.472773309598015502e-05 1.000000000000000021e-08 1.000000000000000021e-08 1.000000000000000021e-08 1.000000000000000021e-08 1.000000000000000021e-08 1.000000000000000021e-08 1.000000000000000021e-08 1.000000000000000021e-08 4.161354541478373372e-05
1.000000000000000021e-08 1.884618019411976218e-04 9.127967412474560002e-05 4.408632583273722400e-04 4.565535984888277284e-04 4.372678177009066327e-04 4.726711258474237433e-03 1.483847858312254547e-03 2.099934051589651615e-05 1.000000000000000021e-08 1.000000000000000021e-08 1.000000000000000021e-08 1.117379716838945851e-05 5.549033718085628024e-05 1.138557380495857480e-04 8.931629632064618538e-05 9.755134209464998618e-05 1.386175941831732628e-04 2.045481532367652438e-04 2.632013156872124444e-04 2.553895736231927456e-04 2.082613375602126960e-04 1.942083173933985046e-05 2.289600713874497405e-05 4.533502680906543732e-04 1.665636129281236827e-03 1.099781751339396624e-01 4.895816334902117315e-05 1.000000000000000021e-08 1.000000000000000021e-08 1.000000000000000021e-08 1.000000000000000021e-08 1.000000000000000021e-08 1.000000000000000021e-08 1.000000000000000021e-08 1.000000000000000021e-08 1.000000000000000021e-08
1.004761076604163399e-04 1.341191970426526829e-04 7.057916367388595473e-04 6.023449269774720956e-04 4.966587445952581458e-04 3.309842825799892349e-04 2.583440099414800175e-04 5.186701942491092274e-03 7.502917254371303053e-05 1.000000000000000021e-08 1.618927282776887801e-05 2.466447050242304623e-05 4.130313985841594623e-05 5.071968768044651609e-05 6.183317351795673291e-05 3.463006152179823403e-05 2.175630684084087227e-05 5.593024483315309502e-05 6.431835215542553753e-05 1.400217643055739016e-04 9.550828069432441326e-05 1.000000000000000021e-08 1.147752990726798273e-04 2.041803345792052022e-04 1.731101390498008901e-04 1.545103058476331994e-04 3.845454473636733539e-02 2.989325130035932337e-02 2.008609873802211579e-02 7.119030284496137627e-05 1.159777507138069731e-05 1.000000000000000021e-08 1.000000000000000021e-08 1.000000000000000021e-08 1.000000000000000021e-08 1.000000000000000021e-08 1.000000000000000021e-08
7.862538850145786530e-05 4.356886880066630817e-04 3.193490906160587322e-04 2.431578694437974513e-04 2.193936197757163898e-04 1.000000000000000021e-08 2.539373194930248756e-05 2.736096119535578032e-05 3.150198295717870786e-05 3.254711205692887259e-05 4.355837188161291171e-05 5.994906763026655166e-05 7.159013156103326433e-05 7.191153281984354040e-05 8.661943138201240564e-05 6.566988250469620308e-05 6.586175910251776779e-05 1.000000000000000021e-08 3.409576214352351479e-05 3.196968285579686238e-05 1.000000000000000021e-08 1.000000000000000021e-08 3.544535841925428135e-05 3.928169177301309856e-05 1.000000000000000021e-08 1.502612279794274133e-05 1.054012117301577310e-02 1.708204546049950021e-02 1.920187694291803845e-02 2.278186201263261018e-02 8.377378030273280026e-05 1.000000000000000021e-08 1.000000000000000021e-08 1.000000000000000021e-08 1.000000000000000021e-08 1.000000000000000021e-08 1.000000000000000021e-08
2.162046043846128647e-04 1.237369444426719592e-04 8.417940916663257727e-05 5.620379328600295791e-05 4.308538280946997350e-05 2.828349634817090436e-05 4.498642203436409987e-05 6.663607693364510007e-05 6.433847759495374440e-05 7.710219335107413262e-05 1.609128007202714262e-04 2.217198618654828406e-04 1.920403543731587855e-04 2.682931188155813032e-04 2.623745925744206905e-04 4.154707618565747665e-04 3.055122910055458577e-04 4.020026940066402329e-04 2.973605823103947130e-04 2.677917327581108868e-04 2.405344144344858455e-04 1.822504597214174400e-04 1.716906757470991235e-04 1.268270941374368701e-04 1.000000000000000021e-08 1.000000000000000021e-08 3.969755623510851615e-03 9.105975229808074140e-03 1.908805988618223620e-02 2.472077378938851086e-02 5.294211944533191300e-03 2.483024803256275137e-05 1.000000000000000021e-08 1.000000000000000021e-08 1.000000000000000021e-08 1.000000000000000021e-08 1.000000000000000021e-08
2.211743260478722477e-04 2.407329347513404436e-04 1.806558750820318724e-04 1.505176918464294525e-04 1.408257104560738755e-04 1.157060384251785187e-04 9.060437324502988298e-05 9.155844406546535482e-05 9.917234550576099663e-05 9.839897031118083868e-05 5.562174525210499736e-05 5.087847367179618629e-05 1.217762089500752133e-04 1.599524767702154731e-04 3.241299959737803773e-04 4.226137451778646322e-04 5.798001516456978421e-04 6.773133772954367804e-04 6.242249919506867844e-04 5.029621978059410333e-04 4.182422974226241656e-04 4.042286867521343468e-04 3.466014440192633980e-04 5.913607248634662777e-05 4.799500909763479938e-05 3.102460207973885753e-04 2.549776919920230395e-03 8.290475180729766497e-03 9.780108038093357492e-03 2.374582307766259434e-02 1.631979828251538603e-02 1.015280255300458993e-04 1.000000000000000021e-08 1.000000000000000021e-08 1.000000000000000021e-08 1.000000000000000021e-08 1.000000000000000021e-08
1.969501879305330500e-04 2.311217335838078063e-04 1.813926094322420581e-05 3.625862464279590671e-05 3.930948084374059009e-05 2.854523162218912258e-05 2.968586137146706793e-05 1.000000000000000021e-08 9.295684817045343621e-05 9.184769222805138614e-05 8.052616835814390805e-05 9.081331734061390986e-05 1.316516755661377978e-04 1.000000000000000021e-08 1.000000000000000021e-08 2.283018679777011625e-05 7.339389571629663237e-05 5.221095643433793448e-05 3.695371119055433943e-04 4.776680992583877991e-04 4.636176009778324842e-04 4.169220935333591894e-04 4.211622895083346678e-04 6.137533286978372627e-05 7.201823458810290425e-05 3.996531308825668595e-04 5.897391765719125134e-04 3.014419081195561512e-03 1.038684751937550381e-02 1.710274581809972938e-02 3.873052319879900091e-02 2.282989487762191177e-04 1.000000000000000021e-08 1.000000000000000021e-08 1.000000000000000021e-08 1.000000000000000021e-08 1.000000000000000021e-08
1.553775760026496636e-05 4.552675322037172569e-05 3.638565048612686973e-04 2.068786591937474463e-05 2.869219001828914774e-05 4.785311991986408888e-05 4.955271321531109921e-05 4.128898425003157653e-05 1.000000000000000021e-08 1.000000000000000021e-08 1.000000000000000021e-08 1.137609411089225849e-04 1.782500423205859422e-04 1.022362208878310177e-05 1.000000000000000021e-08 3.103812305473307331e-05 1.000000000000000021e-08 4.398521341675459183e-05 2.073892218687294325e-04 7.556805589323060122e-05 1.558631758237096583e-04 6.312802523763085590e-04 5.554441217063198167e-04 4.684954313086038286e-04 7.149666276715283984e-05 1.420179084861157147e-04 5.584156033373462689e-04 2.853458418830224965e-03 4.473946432722022623e-03 1.553592691225956848e-02 2.311681543484943313e-02 2.564755122315622027e-02 7.149651776975138448e-05 1.000000000000000021e-08 1.000000000000000021e-08 1.000000000000000021e-08 1.000000000000000021e-08
1.000000000000000021e-08 1.000000000000000021e-08 3.530063896867852288e-04 5.453714158771378554e-04 4.734151276579371927e-05 4.092858179389103642e-05 3.901533073968842767e-04 4.938942269970356819e-04 4.137940087134817481e-04 3.606817083968114914e-04 1.547381064237370865e-05 3.216532830321686164e-05 1.778720786420521604e-05 1.445830768670847472e-05 1.000000000000000021e-08 3.641268787260458289e-05 3.071581596755641416e-05 1.000000000000000021e-08 1.000000000000000021e-08 1.000000000000000021e-08 1.000000000000000021e-08 4.922576288965021900e-05 1.550504424100275318e-04 2.600534691778621482e-05 1.000000000000000021e-08 1.000000000000000021e-08 1.027265840557712678e-04 9.465838429824865227e-04 4.506052664444934810e-03 7.094727803791606516e-03 2.030128491662941057e-02 3.390208024978241808e-02 2.152110971387127467e-04 1.000000000000000021e-08 1.000000000000000021e-08 1.000000000000000021e-08 1.000000000000000021e-08
1.000000000000000021e-08 1.000000000000000021e-08 1.082072971413437628e-05 1.198248766738710538e-04 5.146902526083298093e-05 6.917943521362403302e-05 9.099012370851179915e-05 1.679606481183137760e-04 1.831240816337234394e-04 8.508708803529751877e-04 1.076608572807163141e-04 4.457210705211778022e-05 9.839200056641981130e-05 1.000000000000000021e-08 1.000000000000000021e-08 4.211250445562095832e-05 1.000000000000000021e-08 1.000000000000000021e-08 1.000000000000000021e-08 1.000000000000000021e-08 1.000000000000000021e-08 3.122328396171408972e-05 5.784570830229732023e-05 1.216600271562459721e-04 1.000000000000000021e-08 1.000000000000000021e-08 7.061473024472975535e-05 8.041056351331390614e-04 3.020305037347674471e-03 6.363687575644441652e-03 1.328861928672545739e-02 2.675084277120153009e-02 2.206281588511347161e-02 9.108677931753787218e-05 1.000000000000000021e-08 1.000000000000000021e-08 1.000000000000000021e-08
