output/water_depth_6120.asc
ncols 223
nrows 158
xllcorner 0.0
yllcorner 0.0
cellsize 30.0
[rows 68 to 84 of 158, columns 185 to 221 of 223]
1.000000000000000021e-08 3.140386265325225497e-05 2.930504038822267159e-05 1.000000000000000021e-08 1.000000000000000021e-08 1.000000000000000021e-08 1.000000000000000021e-08 4.405767141560319099e-05 1.000000000000000021e-08 4.394768846424120776e-05 1.000000000000000021e-08 1.000000000000000021e-08 1.514440840474318649e-04 2.946307581866471894e-04 2.089587577406191933e-04 1.336337124980472148e-04 2.650734705806128354e-04 5.351324999195352511e-04 3.821199248674381384e-03 6.448157775914229719e-04 7.284757189592697439e-04 1.000000100000000021e-05 1.000000100000000021e-05 1.000000100000000021e-05 1.000000100000000021e-05 1.000000100000000021e-05 1.000000100000000021e-05 1.000000100000000021e-05 1.000000100000000021e-05 1.000000100000000021e-05 1.000000100000000021e-05 1.000000100000000021e-05 1.000000100000000021e-05 1.000000100000000021e-05 1.000000100000000021e-05 1.000000100000000021e-05 1.000000100000000021e-05
1.000000000000000021e-08 1.000000000000000021e-08 2.544261554960859032e-05 1.000000000000000021e-08 1.404771744990324996e-05 1.922559108950181405e-05 1.000000000000000021e-08 1.000000000000000021e-08 1.000000000000000021e-08 1.000000000000000021e-08 1.000000000000000021e-08 1.197977439522446249e-05 1.621675312126644945e-04 7.255163880744225184e-03 5.311762008577699352e-04 2.616826269105989059e-04 1.000000000000000021e-08 1.000000000000000021e-08 3.768131264493141666e-04 5.837054030949088610e-05 9.712145034393453082e-04 1.000000100000000021e-05 1.000000100000000021e-05 1.000000100000000021e-05 1.000000100000000021e-05 1.000000100000000021e-05 1.000000100000000021e-05 1.000000100000000021e-05 1.000000100000000021e-05 1.000000100000000021e-05 1.000000100000000021e-05 1.000000100000000021e-05 1.000000100000000021e-05 1.000000100000000021e-05 1.000000100000000021e-05 1.000000100000000021e-05 1.000000100000000021e-05
1.000000000000000021e-08 1.000000000000000021e-08 1.000000000000000021e-08 1.000000000000000021e-08 2.369301306986408104e-05 1.000000000000000021e-08 1.000000000000000021e-08 1.000000000000000021e-08 1.000000000000000021e-08 1.000000000000000021e-08 3.666819031001038767e-05 2.240173728297497322e-04 1.381173364770078697e-04 9.867739043123639037e-05 6.941077093530158748e-05 3.396963801288587642e-05 1.000000000000000021e-08 1.000000000000000021e-08 1.721036627911437208e-04 3.949875120077224249e-04 1.247169608686213640e-03 1.000000100000000021e-05 1.000000100000000021e-05 1.000000100000000021e-05 1.000000100000000021e-05 1.000000100000000021e-05 1.000000100000000021e-05 1.000000100000000021e-05 1.000000100000000021e-05 1.000000100000000021e-05 1.000000100000000021e-05 1.000000100000000021e-05 1.000000100000000021e-05 1.000000100000000021e-05 1.000000100000000021e-05 1.000000100000000021e-05 1.000000100000000021e-05
1.000000000000000021e-08 1.000000000000000021e-08 1.000000000000000021e-08 1.000000000000000021e-08 1.000000000000000021e-08 1.186782615260824685e-05 1.000000000000000021e-08 1.000000000000000021e-08 1.000000000000000021e-08 1.000000000000000021e-08 7.741382455321242347e-05 4.476729835389932290e-04 1.626122218338061742e-04 6.444236282349149699e-05 4.675913824921378460e-05 8.775387965833572731e-05 1.399271265233700014e-05 1.558311051341648213e-05 5.229801105156542423e-05 3.023296017937042229e-04 9.003220105948248802e-04 7.127367393260240682e-04 1.000000100000000021e-05 1.000000100000000021e-05 1.000000100000000021e-05 1.000000100000000021e-05 1.000000100000000021e-05 1.000000100000000021e-05 1.000000100000000021e-05 1.000000100000000021e-05 1.000000100000000021e-05 1.000000100000000021e-05 1.000000100000000021e-05 1.000000100000000021e-05 1.000000100000000021e-05 1.000000100000000021e-05 1.000000100000000021e-05
1.000000000000000021e-08 1.000000000000000021e-08 1.000000000000000021e-08 1.000000000000000021e-08 1.000000000000000021e-08 1.000000000000000021e-08 1.000000000000000021e-08 1.000000000000000021e-08 1.000000000000000021e-08 1.000000000000000021e-08 9.158762883764634533e-05 1.624257606630456850e-04 1.219213162537937560e-04 2.024100005707529397e-05 3.776898662089847299e-05 9.384058370655956420e-05 6.610077381609520632e-05 4.497961144286018761e-05 2.768066124178851002e-05 1.463999136593545727e-04 1.161062777357995497e-03 5.677588929422691926e-04 1.000000000000000021e-08 1.000000100000000021e-05 1.000000100000000021e-05 1.000000100000000021e-05 1.000000100000000021e-05 1.000000100000000021e-05 1.000000100000000021e-05 1.000000100000000021e-05 1.000000100000000021e-05 1.000000100000000021e-05 1.000000100000000021e-05 1.000000100000000021e-05 1.000000100000000021e-05 1.000000100000000021e-05 1.000000100000000021e-05
1.202877770439734562e-03 1.000000000000000021e-08 1.000000000000000021e-08 1.000000000000000021e-08 1.000000000000000021e-08 1.000000000000000021e-08 1.000000000000000021e-08 1.000000000000000021e-08 8.551928899221979520e-05 2.642195399548792625e-05 1.131928715140241793e-04 2.209973359873776346e-04 1.266806304284816081e-04 3.522375065798252839e-05 2.756575531159609243e-05 8.641963607289834587e-05 1.031751403703029605e-04 8.535775938523916897e-05 1.345296126100596439e-04 2.926242513745374598e-04 1.498984699997350529e-03 5.131615368739981002e-04 7.717706231236826087e-05 6.953464189018880375e-05 1.000000100000000021e-05 1.000000100000000021e-05 1.000000100000000021e-05 1.000000100000000021e-05 1.000000100000000021e-05 1.000000100000000021e-05 1.000000100000000021e-05 1.000000100000000021e-05 1.000000100000000021e-05 1.000000100000000021e-05 1.000000100000000021e-05 1.000000100000000021e-05 1.000000100000000021e-05
1.426413618177120868e-01 1.000000000000000021e-08 1.000000000000000021e-08 1.000000000000000021e-08 1.047045647394385382e-05 1.000000000000000021e-08 1.000000000000000021e-08 1.636343654566838079e-05 6.313678697130728013e-05 1.000000000000000021e-08 8.569370103434059802e-05 2.806422492469446447e-04 7.169257395799621436e-04 4.549527393110437310e-05 2.398450262718981074e-05 8.063596424664935347e-05 1.795607954232770987e-04 7.640675773323191329e-05 1.538156670494622872e-04 2.435775771909615595e-04 2.334616413931886458e-03 7.322440221237759604e-04 4.131542045712737344e-05 1.666017518037323186e-05 1.000000100000000021e-05 1.000000100000000021e-05 1.000000100000000021e-05 1.000000100000000021e-05 1.000000100000000021e-05 1.000000100000000021e-05 1.000000100000000021e-05 1.000000100000000021e-05 1.000000100000000021e-05 1.000000100000000021e-05 1.000000100000000021e-05 1.000000100000000021e-05 1.000000100000000021e-05
1.080720651221967338e-01 1.114239219123542984e-01 1.978049568739405893e-04 1.294612629164867074e-05 1.065915740521934078e-05 1.399732417973230863e-05 1.000000000000000021e-08 1.000000000000000021e-08 1.000000000000000021e-08 1.000000000000000021e-08 1.849205434104114884e-04 4.181491654201822017e-04 4.473763936044113597e-04 5.245929791344172569e-05 2.206012984550750707e-05 9.064134481573762371e-05 2.717025586673397879e-04 1.217183766980346927e-04 1.180284676083476073e-04 2.275627195733741226e-02 2.396602688944808254e-02 1.818504089199067270e-04 1.584110205626199035e-05 1.649025092994743058e-05 1.000000100000000021e-05 1.000000100000000021e-05 1.000000100000000021e-05 1.000000100000000021e-05 1.000000100000000021e-05 1.000000100000000021e-05 1.000000100000000021e-05 1.000000100000000021e-05 1.000000100000000021e-05 1.000000100000000021e-05 1.000000100000000021e-05 1.000000100000000021e-05 1.000000100000000021e-05
1.297182189416150599e-01 1.288290630550900095e-01 2.228794903228784280e-04 1.131639737471116440e-05 1.811202589177354308e-05 1.000000000000000021e-08 1.000000000000000021e-08 1.000000000000000021e-08 1.000000000000000021e-08 1.000000000000000021e-08 1.767477789647682249e-04 3.938750805391023706e-04 4.089952145245519277e-04 5.791982908738312400e-05 2.461987624654235856e-05 1.000000000000000021e-08 2.838050042078144194e-04 1.100179951492254762e-04 1.729576284818424431e-02 2.088920380737248339e-02 2.312600151493265574e-02 8.511037989872790341e-05 1.219735285926145502e-04 1.000000000000000021e-08 2.500181923901560483e-03 4.427596818281307465e-05 1.000000100000000021e-05 1.000000100000000021e-05 1.000000100000000021e-05 1.000000100000000021e-05 1.000000100000000021e-05 1.000000100000000021e-05 1.000000100000000021e-05 1.000000100000000021e-05 1.000000100000000021e-05 1.000000100000000021e-05 1.000000100000000021e-05
2.222327101503249469e-01 7.245359320519612067e-02 1.653525244003323604e-04 1.624204721689362469e-05 1.183874313636246195e-05 1.000000000000000021e-08 1.000000000000000021e-08 1.663866107896793344e-05 3.723094624549637437e-05 6.940501992367264659e-05 1.581161321467613090e-04 5.495123493930464433e-04 3.636754615659019171e-04 7.500135099232656168e-05 9.744273879073433856e-05 7.322806107210377358e-04 3.611250588995699746e-03 4.271609844633535852e-03 6.352187127539351934e-03 1.648456041019105006e-02 4.043703635325516426e-04 4.127197581132285506e-03 2.881201830135461032e-04 2.018796729960434114e-04 1.651364868260991534e-05 1.588878906747065944e-05 1.000000100000000021e-05 1.000000100000000021e-05 1.000000100000000021e-05 1.000000100000000021e-05 1.000000100000000021e-05 1.000000100000000021e-05 1.000000100000000021e-05 1.000000100000000021e-05 1.000000100000000021e-05 1.000000100000000021e-05 1.000000100000000021e-05
1.927065881035040507e-01 1.370360488498068019e-01 8.922577980781947089e-04 2.155832748350477041e-05 1.000000000000000021e-08 1.420874761846696646e-05 4.898702691273917832e-05 8.972251641487659260e-05 1.512586630862302185e-04 2.308003122657096542e-04 4.202805011399178906e-03 8.212170635233152511e-04 1.913779815311452900e-03 2.542886888466374534e-03 4.589788927716692557e-03 2.474278976028155760e-02 6.012797770814501917e-03 3.744413357882563683e-03 1.000000000000000021e-08 1.000000000000000021e-08 1.000000000000000021e-08 1.000000000000000021e-08 1.000000000000000021e-08 1.000000000000000021e-08 1.000000000000000021e-08 1.018814082066811944e-05 1.000000100000000021e-05 1.000000100000000021e-05 1.000000100000000021e-05 1.000000100000000021e-05 1.000000100000000021e-05 1.000000100000000021e-05 1.000000100000000021e-05 1.000000100000000021e-05 1.000000100000000021e-05 1.000000100000000021e-05 1.000000100000000021e-05
2.122827582651012901e-01 5.802770797826052318e-01 3.442209542308024769e-03 2.711515244810016790e-05 1.757556968223222154e-05 3.611980066135992286e-05 1.023078050066315093e-05 2.875650936512536921e-05 1.538324692690843661e-05 7.059777160644856403e-05 3.997643934611239147e-04 3.287172706171143099e-02 3.724211468391686822e-03 3.945856101253228214e-03 4.460032112457273587e-03 3.741151485554101118e-05 3.782880416708951085e-05 1.163229840296753050e-05 1.000000000000000021e-08 1.994054500266547006e-05 1.153272503178014147e-05 1.000000000000000021e-08 1.000000000000000021e-08 1.000000000000000021e-08 1.000000000000000021e-08 1.000000000000000021e-08 1.000000100000000021e-05 1.000000100000000021e-05 1.000000100000000021e-05 1.000000100000000021e-05 1.000000100000000021e-05 1.000000100000000021e-05 1.000000100000000021e-05 1.000000100000000021e-05 1.000000100000000021e-05 1.000000100000000021e-05 1.000000100000000021e-05
1.835077765499856274e-03 5.010342550973188036e-01 3.783780761322413366e-01 1.972097671507905617e-03 2.371473862943462740e-05 5.323465041596344387e-05 1.565841235308363614e-05 1.000000000000000021e-08 1.000000000000000021e-08 1.002160858603196821e-05 3.189333618903170608e-04 2.828639153668060027e-02 2.987479566133321995e-02 3.586235022666499871e-03 9.500011052254966242e-04 1.000000000000000021e-08 1.000000000000000021e-08 1.000000000000000021e-08 1.304522808166453013e-05 1.000000000000000021e-08 1.000000000000000021e-08 1.000000000000000021e-08 1.000000000000000021e-08 1.000000000000000021e-08 1.000000000000000021e-08 1.000000000000000021e-08 1.000000100000000021e-05 1.000000100000000021e-05 1.000000100000000021e-05 1.000000100000000021e-05 1.000000100000000021e-05 1.000000100000000021e-05 1.000000100000000021e-05 1.000000100000000021e-05 1.000000100000000021e-05 1.000000100000000021e-05 1.000000100000000021e-05
1.000000000000000021e-08 3.206690667440752348e-05 3.876349695028317166e-01 1.962399512240362853e-01 1.346537914640057176e-01 6.610325070784354995e-02 1.000000000000000021e-08 1.045094355352751781e-05 1.065236323675206521e-05 1.000000000000000021e-08 2.155767040899063706e-04 1.131915100421136341e-02 2.479123140360668318e-02 6.107849077541979395e-04 1.848279404373421068e-04 2.033422049449646642e-05 1.191819427690453428e-05 1.000000000000000021e-08 1.000000000000000021e-08 1.000000000000000021e-08 1.000000000000000021e-08 1.000000000000000021e-08 1.000000000000000021e-08 1.000000000000000021e-08 1.000000000000000021e-08 1.000000000000000021e-08 1.000000100000000021e-05 1.000000100000000021e-05 1.000000100000000021e-05 1.000000100000000021e-05 1.000000100000000021e-05 1.000000100000000021e-05 1.000000100000000021e-05 1.000000100000000021e-05 1.000000100000000021e-05 1.000000100000000021e-05 1.000000100000000021e-05
1.000000000000000021e-08 1.000000000000000021e-08 1.000000000000000021e-08 2.007381259791951034e-01 5.516594673193806475e-01 5.201041518917796092e-01 4.223337707855182033e-01 8.564673496972713060e-03 6.499279435945579716e-04 3.999084260768601996e-03 4.744343523541580572e-03 7.610934314396163372e-03 6.756710889223210880e-04 5.617476377706133450e-03 1.000000000000000021e-08 1.000000000000000021e-08 1.000000000000000021e-08 1.000000000000000021e-08 1.000000000000000021e-08 1.000000000000000021e-08 1.000000000000000021e-08 1.000000000000000021e-08 1.000000000000000021e-08 1.000000000000000021e-08 1.000000000000000021e-08 1.000000000000000021e-08 1.000000100000000021e-05 1.000000100000000021e-05 1.000000100000000021e-05 1.000000100000000021e-05 1.000000100000000021e-05 1.000000100000000021e-05 1.000000100000000021e-05 1.000000100000000021e-05 1.000000100000000021e-05 1.000000100000000021e-05 1.000000100000000021e-05
1.000000000000000021e-08 1.000000000000000021e-08 1.000000000000000021e-08 3.239093229479488110e-04 1.264234719877913938e-03 3.018950990537434906e-03 2.583520919199027155e-01 1.205063300694934753e-01 5.531037980202365562e-02 5.471586417050906467e-03 4.831004856483695452e-03 4.761707805645737195e-03 1.000000000000000021e-08 1.000000000000000021e-08 1.000000000000000021e-08 1.000000000000000021e-08 1.000000000000000021e-08 1.000000000000000021e-08 1.000000000000000021e-08 1.000000000000000021e-08 4.795607755198777364e-05 3.376690509729416562e-05 1.844396730760824592e-05 1.000000000000000021e-08 1.000000000000000021e-08 1.000000000000000021e-08 1.000000100000000021e-05 1.000000100000000021e-05 1.000000100000000021e-05 1.000000100000000021e-05 1.000000100000000021e-05 1.000000100000000021e-05 1.000000100000000021e-05 1.000000100000000021e-05 1.000000100000000021e-05 1.000000100000000021e-05 1.000000100000000021e-05
3.364513052164809628e-05 2.676081522154057359e-05 2.296684892071459814e-05 1.000000000000000021e-08 1.000000000000000021e-08 1.000000000000000021e-08 2.616367095521889841e-01 4.126364456824067051e-01 3.988172651929990931e-01 1.200605327662117652e-02 4.213646485050001611e-03 2.647632052030951186e-03 1.000000000000000021e-08 2.180245924761061178e-05 2.118394806137062044e-05 1.000000000000000021e-08 1.682027097361613280e-05 1.000000000000000021e-08 1.000000000000000021e-08 5.853874712286555543e-05 3.344791849347868927e-05 3.986109351834206730e-05 2.443648720817266843e-05 1.000000000000000021e-08 1.000000000000000021e-08 6.302037183209589181e-05 6.084475842069242077e-05 1.000000100000000021e-05 1.000000100000000021e-05 1.000000100000000021e-05 1.000000100000000021e-05 1.000000100000000021e-05 1.000000100000000021e-05 1.000000100000000021e-05 1.000000100000000021e-05 1.000000100000000021e-05 1.000000100000000021e-05
