output/water_depth_5040.asc
ncols 223
nrows 158
xllcorner 0.0
yllcorner 0.0
cellsize 30.0
[rows 119 to 135 of 158, columns 185 to 221 of 223]
1.151919453921777933e-04 9.501586337342400720e-05 9.085506647780515021e-05 1.000000000000000021e-08 1.000000000000000021e-08 2.056733310778674403e-05 2.579477324690466810e-05 1.033716922730533997e-04 4.872314783600161306e-03 5.700152413089101255e-01 6.047503963035760766e-01 5.726172108200586752e-01 5.865136516707323278e-01 4.423299299458227532e-04 1.831107612354951851e-04 4.716193770738685473e-05 7.245949547213309451e-05 1.143841329220034224e-04 1.215913698060151239e-04 1.877690985923661276e-05 1.000000000000000021e-08 1.000000000000000021e-08 6.744388680964738785e-05 5.903834052860688539e-05 4.173885377720979123e-05 1.000000000000000021e-08 1.705501234687661544e-05 1.000000100000000021e-05 1.000000100000000021e-05 1.000000100000000021e-05 1.000000100000000021e-05 1.000000100000000021e-05 1.000000100000000021e-05 1.000000100000000021e-05 1.000000100000000021e-05 1.000000100000000021e-05 1.000000100000000021e-05
3.086452433720646041e-05 1.000000000000000021e-08 1.000000000000000021e-08 1.000000000000000021e-08 3.362996981251599899e-05 2.311841196081589156e-05 3.543362387052909431e-05 1.000000000000000021e-08 4.071874404514450540e-04 5.137354106872791260e-01 1.000000000000000021e-08 5.173730390122760481e-01 6.094154604219149821e-04 3.907682917706314148e-04 1.474464044435314786e-04 6.333643703760862215e-05 1.000000000000000021e-08 1.000000000000000021e-08 1.000000000000000021e-08 1.047137228883091069e-04 5.514092313253190673e-05 6.006382537398009716e-05 5.047442008329694268e-05 4.784024131027505525e-05 5.050983644921331256e-05 5.227311922395950719e-05 3.319064998384858986e-05 1.000000100000000021e-05 1.000000100000000021e-05 1.000000100000000021e-05 1.000000100000000021e-05 1.000000100000000021e-05 1.000000100000000021e-05 1.000000100000000021e-05 1.000000100000000021e-05 1.000000100000000021e-05 1.000000100000000021e-05
2.722517118507286580e-05 1.000000000000000021e-08 1.000000000000000021e-08 3.105222716264969358e-05 9.123383591561596792e-05 3.189588686801085224e-05 1.000000000000000021e-08 1.000000000000000021e-08 4.570478625245988932e-05 5.326708303615905749e-01 5.171519985686134913e-01 2.288653720721673668e-01 1.475076297826649618e-01 1.058515761858351252e-03 4.413108451872098663e-04 3.125563372651908394e-04 2.660643779708395150e-04 1.115178927560240511e-04 1.366359246552740017e-04 7.442021667033807961e-05 6.483526466893359133e-05 3.377906482608347591e-05 1.565149586157683209e-05 1.000000000000000021e-08 1.000000000000000021e-08 1.000000000000000021e-08 1.000000100000000021e-05 1.000000100000000021e-05 1.000000100000000021e-05 1.000000100000000021e-05 1.000000100000000021e-05 1.000000100000000021e-05 1.000000100000000021e-05 1.000000100000000021e-05 1.000000100000000021e-05 1.000000100000000021e-05 1.000000100000000021e-05
2.059921151359210632e-05 2.738175470112704651e-05 1.000000000000000021e-08 1.000000000000000021e-08 8.905886945035197894e-05 1.000000000000000021e-08 1.000000000000000021e-08 6.319721450765281370e-03 9.793639231775893572e-01 1.066225978267633101e+00 4.722280430120260331e-01 4.955663314136874442e-01 6.576003821700246443e-02 8.354708524388542812e-05 7.829212599285662543e-05 1.065844800238541836e-04 1.330712283798863053e-04 1.262571574003349881e-04 3.013015883188620590e-05 3.198608897739632797e-05 3.134842020764317554e-05 2.294209866407692026e-05 1.234943998684432824e-05 1.466413369751645089e-05 1.119625654356839582e-05 1.000000000000000021e-08 1.000000100000000021e-05 1.000000100000000021e-05 1.000000100000000021e-05 1.000000100000000021e-05 1.000000100000000021e-05 1.000000100000000021e-05 1.000000100000000021e-05 1.000000100000000021e-05 1.000000100000000021e-05 1.000000100000000021e-05 1.000000100000000021e-05
1.000000000000000021e-08 2.634793662946043310e-05 3.096254406130447793e-05 1.000000000000000021e-08 4.343589997174411316e-04 4.471633958614902316e-01 4.962864463360098788e-01 9.565398861413372256e-01 9.674653300209565820e-01 6.008280136473377912e-04 2.147123235700454293e-03 1.817453489678280253e-03 4.141918687089979172e-04 3.828344692949250515e-05 1.000000000000000021e-08 1.000000000000000021e-08 1.000000000000000021e-08 1.023885495867012652e-05 1.000000000000000021e-08 1.000000000000000021e-08 1.579584583042341233e-05 1.997185680908220590e-05 2.758703508985913791e-05 2.629478017275871862e-05 1.813701526026065833e-05 1.218727088304377098e-05 1.000000100000000021e-05 1.000000100000000021e-05 1.000000100000000021e-05 1.000000100000000021e-05 1.000000100000000021e-05 1.000000100000000021e-05 1.000000100000000021e-05 1.000000100000000021e-05 1.000000100000000021e-05 1.000000100000000021e-05 1.000000100000000021e-05
1.112672903814246693e-05 3.156059987164371445e-05 3.867410818885691026e-05 7.635184588311247095e-04 4.583530386304862092e-01 4.652011547110588285e-01 4.899197374542246242e-01 1.329945976217982231e-03 2.070914719095150267e-03 1.000000000000000021e-08 1.000000000000000021e-08 1.012632789589698926e-05 1.871448831106459535e-05 5.074361835345588733e-05 5.915147633111028034e-05 3.962350407847379629e-05 3.947017432445311342e-05 4.023795956739241718e-05 2.926323508812886235e-05 1.000000000000000021e-08 1.000000000000000021e-08 1.000000000000000021e-08 3.754048414919870796e-05 2.929415939803093548e-05 2.440527586605430863e-05 1.484028585612160383e-05 1.000000100000000021e-05 1.000000100000000021e-05 1.000000100000000021e-05 1.000000100000000021e-05 1.000000100000000021e-05 1.000000100000000021e-05 1.000000100000000021e-05 1.000000100000000021e-05 1.000000100000000021e-05 1.000000100000000021e-05 1.000000100000000021e-05
2.840241186584741359e-05 1.000000000000000021e-08 1.000000000000000021e-08 5.134262750136576667e-04 9.023870187951680277e-01 8.921602619121963285e-01 8.551573461115919133e-04 1.000000000000000021e-08 1.000000000000000021e-08 1.000000000000000021e-08 1.000000000000000021e-08 3.233595999102851907e-05 6.105583258223116865e-03 7.370711381626606461e-03 6.152621997770692827e-05 6.615091078809158824e-05 5.742994254375664132e-05 6.582273671036723830e-05 1.000000000000000021e-08 1.000000000000000021e-08 1.000000000000000021e-08 1.000000000000000021e-08 1.000000000000000021e-08 3.556266821418534873e-05 2.776408796593058103e-05 1.642940112631594143e-05 1.000000100000000021e-05 1.000000100000000021e-05 1.000000100000000021e-05 1.000000100000000021e-05 1.000000100000000021e-05 1.000000100000000021e-05 1.000000100000000021e-05 1.000000100000000021e-05 1.000000100000000021e-05 1.000000100000000021e-05 1.000000100000000021e-05
3.332381835426261626e-05 1.000000000000000021e-08 1.000000000000000021e-08 4.270231467747956670e-04 8.959387245523212639e-01 8.820590585611182144e-01 9.583681984809465457e-04 1.994682571415903983e-05 1.649458927315234984e-05 1.440009338540624423e-05 1.000722041157423001e-05 3.265925949321508997e-05 1.278365190483636950e-03 3.042800093974823249e-05 5.407826305189986934e-05 1.000000000000000021e-08 4.690038191511985142e-05 1.000000000000000021e-08 1.000000000000000021e-08 1.000000000000000021e-08 1.000000000000000021e-08 1.000000000000000021e-08 1.000000000000000021e-08 5.481080865578859718e-05 3.412648309584088974e-05 1.990858900725282906e-05 1.000000100000000021e-05 1.000000100000000021e-05 1.000000100000000021e-05 1.000000100000000021e-05 1.000000100000000021e-05 1.000000100000000021e-05 1.000000100000000021e-05 1.000000100000000021e-05 1.000000100000000021e-05 1.000000100000000021e-05 1.000000100000000021e-05
2.646968837439656429e-05 2.629376112422674198e-05 2.383198888753438534e-05 9.856870972153158048e-05 8.904002422643755299e-01 8.682241843055593655e-01 4.115360089039500797e-03 3.994491023904728536e-05 2.847352394934641673e-05 2.221235469812722681e-05 1.517196932466388649e-05 1.000000000000000021e-08 7.671353444884657004e-05 7.612355721154480869e-04 7.864927204393444300e-05 4.382011290790996779e-05 3.357015590478499136e-05 1.282867212056714210e-05 1.000000000000000021e-08 1.000000000000000021e-08 1.000000000000000021e-08 1.000000000000000021e-08 1.000000000000000021e-08 1.000000000000000021e-08 3.386524240414832379e-05 1.922817761107189295e-05 1.000000100000000021e-05 1.000000100000000021e-05 1.000000100000000021e-05 1.000000100000000021e-05 1.000000100000000021e-05 1.000000100000000021e-05 1.000000100000000021e-05 1.000000100000000021e-05 1.000000100000000021e-05 1.000000100000000021e-05 1.000000100000000021e-05
4.132722711383996790e-05 1.013248239643208258e-05 1.312780391365732639e-05 1.158013639664695507e-05 3.615840783938035086e-03 8.282580075229724059e-01 2.622064135600239276e-03 4.533995240179596536e-05 3.555997791705918249e-05 2.702029577267903900e-05 1.578036850074335888e-05 1.000000000000000021e-08 9.617574069408967388e-05 1.072567635907974680e-03 1.958997302605214080e-04 1.610178171844675891e-04 2.062140288978636226e-04 2.718513254254852074e-04 3.136345660040405921e-04 2.630987206361973295e-04 2.136894156030082323e-04 1.698780933032775547e-04 1.307669203320852686e-04 1.008789185204598925e-04 5.400009076279101193e-05 1.763496092426034982e-05 1.000000100000000021e-05 1.000000100000000021e-05 1.000000100000000021e-05 1.000000100000000021e-05 1.000000100000000021e-05 1.000000100000000021e-05 1.000000100000000021e-05 1.000000100000000021e-05 1.000000100000000021e-05 1.000000100000000021e-05 1.000000100000000021e-05
1.468735579492936206e-04 1.543190451072088863e-04 1.000000000000000021e-08 2.386200579611072906e-05 7.508886023769189460e-05 4.624672061935125034e-01 3.481748346377686598e-01 1.000000000000000021e-08 3.969233861700682207e-05 3.284370797519364457e-05 2.405815902954463185e-05 1.025475379538470357e-05 1.247336096862824767e-03 9.974760246309660652e-04 9.241943011816650382e-04 5.267780561844292780e-04 3.844216268013010457e-04 2.276685849883000048e-04 3.997681954714881153e-05 1.450616668644287010e-05 1.000000000000000021e-08 1.000000000000000021e-08 9.024266346135054997e-05 6.486752648812221052e-05 6.645268358641160408e-05 3.973082140001449412e-05 1.000000100000000021e-05 1.000000100000000021e-05 1.000000100000000021e-05 1.000000100000000021e-05 1.000000100000000021e-05 1.000000100000000021e-05 1.000000100000000021e-05 1.000000100000000021e-05 1.000000100000000021e-05 1.000000100000000021e-05 1.000000100000000021e-05
1.020045565025675738e-04 1.000000000000000021e-08 4.242558716219497155e-05 4.273257882129360611e-05 4.044606048074669125e-05 2.287267072011299474e-01 5.601737354166564931e-01 1.855627702052144602e-03 2.423360704252355813e-04 3.304492931926900361e-04 4.658812106292474628e-04 7.179358327738307463e-04 9.770555894982079544e-04 6.397286337416867308e-04 8.934955551994566497e-05 7.087440870729675184e-05 1.000000000000000021e-08 1.000000000000000021e-08 1.000000000000000021e-08 1.000000000000000021e-08 1.000000000000000021e-08 7.928781209004790614e-05 1.000000000000000021e-08 1.000000000000000021e-08 1.635651408035021281e-05 1.554017544629068473e-05 1.000000100000000021e-05 1.000000100000000021e-05 1.000000100000000021e-05 1.000000100000000021e-05 1.000000100000000021e-05 1.000000100000000021e-05 1.000000100000000021e-05 1.000000100000000021e-05 1.000000100000000021e-05 1.000000100000000021e-05 1.000000100000000021e-05
1.059140901428145344e-04 1.456938596542636973e-04 1.690530112018975189e-04 1.660806253427611168e-04 1.374091565441161152e-04 1.130522065107207874e-01 7.733457101196629102e-01 7.788140004882421197e-01 1.326077508120956277e-03 1.185447019454747772e-03 1.106363031810251229e-03 5.566683805463848618e-03 8.944580516029043433e-04 3.351957519737732262e-04 1.000000000000000021e-08 4.669470352086441871e-05 6.893637286569882555e-05 1.000000000000000021e-08 1.000000000000000021e-08 1.000000000000000021e-08 1.000000000000000021e-08 6.934516600564994868e-05 7.316770180179873518e-05 4.309001487321408589e-05 3.473620279807329775e-05 1.148892219691732468e-05 1.000000100000000021e-05 1.000000100000000021e-05 1.000000100000000021e-05 1.000000100000000021e-05 1.000000100000000021e-05 1.000000100000000021e-05 1.000000100000000021e-05 1.000000100000000021e-05 1.000000100000000021e-05 1.000000100000000021e-05 1.000000100000000021e-05
1.737203860546533436e-04 3.323834254710314050e-04 4.674636127451019382e-04 4.064567847908516886e-04 3.276006102036050326e-04 7.110792023652097449e-02 7.433676953125926135e-01 4.535878777837524557e-04 1.938752752781174290e-05 1.000000000000000021e-08 1.000000000000000021e-08 7.312307611382915309e-04 1.487718705335553705e-02 2.808703867514948291e-04 1.000000000000000021e-08 1.000000000000000021e-08 3.099005732643229043e-05 1.118015680853405272e-05 1.000000000000000021e-08 1.000000000000000021e-08 1.000000000000000021e-08 2.338105960060724093e-05 2.161622148662985628e-05 2.331672416072850536e-05 1.796248037580801187e-05 1.000000100000000021e-05 1.000000100000000021e-05 1.000000100000000021e-05 1.000000100000000021e-05 1.000000100000000021e-05 1.000000100000000021e-05 1.000000100000000021e-05 1.000000100000000021e-05 1.000000100000000021e-05 1.000000100000000021e-05 1.000000100000000021e-05 1.000000100000000021e-05
4.159794140426381702e-05 1.000000000000000021e-08 1.000000000000000021e-08 2.175130077988139790e-05 6.083129834020225331e-04 8.192798169953664500e-01 6.674140267259959236e-01 1.000000000000000021e-08 1.441924350178263143e-05 1.229639752905492877e-05 1.000000000000000021e-08 1.067984451259228022e-02 1.283479508360182118e-02 1.355701640449373697e-02 3.842257535579540208e-05 1.000000000000000021e-08 1.552001545093227876e-05 1.413883432952807884e-05 1.125139320912240876e-05 1.000000000000000021e-08 1.000000000000000021e-08 1.000000000000000021e-08 1.000000000000000021e-08 1.216407742236108483e-05 1.015141353254391827e-05 1.000000100000000021e-05 1.000000100000000021e-05 1.000000100000000021e-05 1.000000100000000021e-05 1.000000100000000021e-05 1.000000100000000021e-05 1.000000100000000021e-05 1.000000100000000021e-05 1.000000100000000021e-05 1.000000100000000021e-05 1.000000100000000021e-05 1.000000100000000021e-05
1.000000000000000021e-08 1.000000000000000021e-08 1.000000000000000021e-08 7.827354319423515758e-04 7.024707727296554127e-01 7.145667214284766589e-01 1.019531009373505776e-04 1.181294570879778498e-05 1.206746799569267149e-05 1.000000000000000021e-08 1.086404565678299906e-05 2.725308095691478250e-03 8.547542349291462060e-03 3.897905462914841426e-05 2.816040604240075022e-05 1.793331141851602477e-05 1.000000000000000021e-08 1.000000000000000021e-08 1.000000000000000021e-08 1.000000000000000021e-08 1.000000000000000021e-08 1.870665200879620711e-05 1.673180762891191120e-05 1.000000000000000021e-08 1.000000100000000021e-05 1.000000100000000021e-05 1.000000100000000021e-05 1.000000100000000021e-05 1.000000100000000021e-05 1.000000100000000021e-05 1.000000100000000021e-05 1.000000100000000021e-05 1.000000100000000021e-05 1.000000100000000021e-05 1.000000100000000021e-05 1.000000100000000021e-05 1.000000100000000021e-05
1.000000000000000021e-08 1.513658255847990229e-05 1.000000000000000021e-08 7.011998156861127358e-05 6.895805864459891854e-01 1.037129474988297308e-03 4.014091962783069943e-05 2.053801419398138407e-05 1.489442480273181957e-05 2.671016415204560771e-05 1.000000000000000021e-08 3.877768830494817635e-03 1.086834248804769169e-03 1.530249589081690456e-05 1.000000000000000021e-08 1.000000000000000021e-08 2.918735577089048714e-05 1.000000000000000021e-08 1.000000000000000021e-08 1.000000000000000021e-08 1.000000000000000021e-08 1.000000000000000021e-08 1.000000000000000021e-08 1.231583482346751783e-05 1.000000100000000021e-05 1.000000100000000021e-05 1.000000100000000021e-05 1.000000100000000021e-05 1.000000100000000021e-05 1.000000100000000021e-05 1.000000100000000021e-05 1.000000100000000021e-05 1.000000100000000021e-05 1.000000100000000021e-05 1.000000100000000021e-05 1.000000100000000021e-05 1.000000100000000021e-05
