output/water_depth_3600.asc
ncols 223
nrows 158
xllcorner 0.0
yllcorner 0.0
cellsize 30.0
[rows 34 to 50 of 158, columns 74 to 110 of 223]
3.724775695605348109e-03 1.098885309077866999e-03 2.763514931239991271e-03 2.237836525378442132e-03 4.373792718684937019e-04 6.040277328183828350e-04 4.536681358497981608e-04 3.434039153331402755e-04 2.752500901533657795e-04 4.169884889771289285e-05 4.814804350712315013e-05 7.932496621795062089e-05 1.000000000000000021e-08 1.000000000000000021e-08 1.000000000000000021e-08 1.000000000000000021e-08 1.000000000000000021e-08 1.000000000000000021e-08 5.745775799782345308e-05 1.015222200015762096e-04 1.000000000000000021e-08 1.000000000000000021e-08 1.000000000000000021e-08 1.000000000000000021e-08 1.404488236311073480e-05 1.000000000000000021e-08 1.000000000000000021e-08 1.000000000000000021e-08 1.791464730603713884e-05 1.000000000000000021e-08 1.000000000000000021e-08 1.000000000000000021e-08 2.095547296653700017e-05 1.000000000000000021e-08 1.613903886703329225e-05 1.000000000000000021e-08 1.000000000000000021e-08
2.369965397012600665e-03 1.714588263125216673e-03 2.636791739997244779e-03 2.145150715856589466e-03 2.663022124584261442e-03 2.610899196186816651e-03 4.697739972532052541e-03 4.141051787900314196e-03 6.437835067104574760e-03 2.216344393760798573e-03 1.800304679246583642e-03 5.610942065936462076e-04 8.231991031202301728e-04 1.444043995662408746e-03 9.794202012216950658e-04 6.896126326572301355e-04 5.911325535833381777e-05 4.775982678131927823e-05 6.219483932832449349e-04 1.000000000000000021e-08 2.836202718146550719e-05 1.000000000000000021e-08 1.000000000000000021e-08 1.000000000000000021e-08 1.000000000000000021e-08 1.000000000000000021e-08 1.000000000000000021e-08 1.000000000000000021e-08 3.335102993089374135e-05 1.000000000000000021e-08 1.047428249744632555e-05 1.703460338344000357e-05 1.000000000000000021e-08 1.000000000000000021e-08 2.080268786775132334e-05 1.000000000000000021e-08 1.468190455338792301e-04
4.808017367081183309e-04 1.151337996722385723e-03 1.542125040609627516e-03 2.658328338666881598e-03 2.778493996712272981e-03 3.795799740613470599e-03 2.511310745394052142e-03 3.549529285269800889e-03 2.259791513383097028e-03 6.293546865553794126e-03 6.495418680950511454e-03 8.473855906738167812e-03 7.200064294702631165e-03 9.031574429824175063e-03 8.198005383046821221e-03 1.452079304131079565e-02 9.379719811469679550e-03 6.456498166947580511e-03 4.537756450627657145e-03 3.228889578889673588e-03 2.108478265210510239e-03 1.418535779586459038e-03 9.347839552171115837e-04 6.237035649223526866e-04 6.086465002629511811e-05 4.907107097326359390e-05 1.000000000000000021e-08 1.000000000000000021e-08 1.000000000000000021e-08 2.138471322966237640e-05 1.000000000000000021e-08 1.000000000000000021e-08 1.000000000000000021e-08 1.000000000000000021e-08 2.757655207336785080e-05 4.113849378058897246e-05 1.206133375179220130e-05
1.307012237163923565e-04 1.368076854317643184e-04 1.727828683108815436e-04 2.566500274042509376e-04 3.408179598625794338e-04 1.069411816892542228e-04 9.189425461920143988e-05 2.913435307517827188e-05 5.099840471261066888e-05 1.602181864900320926e-05 1.000000000000000021e-08 1.847123845781968937e-05 2.776082719882972977e-05 3.837485735246717368e-05 5.102798114220082092e-05 6.472558446151342162e-05 9.103785226014604257e-03 1.224142404491456934e-02 1.043865290891580686e-02 8.870982742334044407e-03 1.140413858370274876e-02 1.025927870516106337e-02 9.183817068974944181e-03 3.879353313048560480e-03 4.310238662315422214e-03 2.411146742337486916e-03 3.764124178299802642e-04 2.415277584597674376e-04 1.917428509077394056e-04 1.000000000000000021e-08 1.000000000000000021e-08 1.000000000000000021e-08 1.000000000000000021e-08 1.227649303760830619e-05 3.682007227295681462e-05 5.026519405334069847e-05 1.540620826721095314e-04
2.362645516835540981e-05 4.297820304149977224e-05 7.647584263672946455e-05 5.854341083720434279e-05 1.813037594250517835e-05 1.000000000000000021e-08 1.334493215297098317e-05 1.442503568731681015e-05 1.542026224509767532e-05 1.000000000000000021e-08 1.000000000000000021e-08 1.000000000000000021e-08 1.000000000000000021e-08 1.000000000000000021e-08 1.000000000000000021e-08 1.000000000000000021e-08 5.016698991813777771e-05 1.742325173446257112e-04 1.781416392168966593e-04 2.276424053075358652e-04 1.736012754247228307e-04 2.424699944827126037e-03 4.405436955343848722e-03 9.831569137467702224e-03 1.083474747373438032e-02 1.277609099247230783e-02 7.363267413424176566e-03 5.296970156512283839e-03 1.623327673062299834e-03 5.139599918655274585e-04 4.322872356232264454e-04 1.338405836905794100e-04 2.171323130078845116e-04 4.105710539769650246e-03 2.907500616923407687e-03 1.298033623757931937e-02 4.235815958632747381e-03
7.334806374670736523e-05 5.960670050136302280e-05 3.887014881037557414e-04 1.664925256936269124e-05 1.000000000000000021e-08 1.000000000000000021e-08 1.000000000000000021e-08 1.000000000000000021e-08 1.000000000000000021e-08 1.000000000000000021e-08 1.000000000000000021e-08 1.000000000000000021e-08 1.000000000000000021e-08 1.000000000000000021e-08 1.000000000000000021e-08 1.000000000000000021e-08 5.618453473068803564e-05 7.921459536380215361e-05 1.214534432235368831e-04 1.550133317777016269e-04 5.668209997091769835e-04 4.183941578813551174e-04 3.542014387455560596e-04 5.711712449076550117e-04 3.247893659464708930e-03 1.259506274324534957e-02 1.556620153479062671e-02 1.156608235261043748e-02 1.351333760073721545e-02 1.242225623759000801e-02 1.875445926267087920e-02 1.280994371393800492e-02 1.691629523794901946e-02 1.556344064389142065e-02 1.903325711116610197e-02 1.168746501150341038e-02 1.779033767837868638e-02
1.000000000000000021e-08 1.000000000000000021e-08 1.000000000000000021e-08 1.081407963534107504e-05 1.000000000000000021e-08 1.000000000000000021e-08 1.000000000000000021e-08 1.000000000000000021e-08 1.000000000000000021e-08 1.000000000000000021e-08 1.000000000000000021e-08 1.000000000000000021e-08 1.000000000000000021e-08 1.000000000000000021e-08 1.000000000000000021e-08 4.862859458823829410e-05 1.000000000000000021e-08 5.031832208008132310e-05 7.308693401133692564e-05 4.851570547599164942e-04 5.002619758493928289e-04 1.022757125764475338e-04 1.402597432742995302e-04 5.551807093369455796e-04 4.259550255396870070e-04 3.201124914079101868e-04 4.038881055692554109e-03 5.498073671771571552e-03 6.831241671965710555e-03 7.983196836232973187e-03 9.726363918096178965e-03 1.045269671355189209e-02 6.687719874131156303e-03 4.286546149844617203e-03 2.761383989550215707e-03 4.496263976325438156e-04 2.881893522346650480e-04
1.000000000000000021e-08 1.000000000000000021e-08 1.000000000000000021e-08 1.000000000000000021e-08 1.000000000000000021e-08 1.000000000000000021e-08 1.585464104233847883e-05 2.993197264733885379e-04 1.000000000000000021e-08 1.000000000000000021e-08 1.420476921690031647e-05 1.000000000000000021e-08 1.000000000000000021e-08 2.821533454658220941e-05 7.596762259562421158e-05 1.000000000000000021e-08 1.000000000000000021e-08 1.000000000000000021e-08 1.657294243389285769e-05 1.140106822004468640e-04 1.651858186934497422e-04 1.866472548263526092e-04 1.543964931587488946e-04 1.377617920631658398e-04 1.000000000000000021e-08 1.000000000000000021e-08 4.281398091254740073e-05 2.684680007048070947e-04 1.356113675438952142e-05 1.000000000000000021e-08 1.273537569176703755e-05 4.163012152771926354e-05 1.000000000000000021e-08 1.542246362703411216e-05 1.000000000000000021e-08 1.000000000000000021e-08 1.000000000000000021e-08
1.000000000000000021e-08 1.000000000000000021e-08 7.617433930486705975e-05 1.000000000000000021e-08 1.000000000000000021e-08 1.000000000000000021e-08 1.084782490420697192e-05 1.000000000000000021e-08 1.000000000000000021e-08 1.000000000000000021e-08 1.000000000000000021e-08 3.536283602822633428e-05 6.937394467807774879e-05 1.000000000000000021e-08 4.464698601786734990e-05 1.000000000000000021e-08 1.000000000000000021e-08 1.000000000000000021e-08 1.000000000000000021e-08 1.846508869790831875e-05 1.205937066737159050e-05 1.165796694565571754e-04 1.000000000000000021e-08 1.000000000000000021e-08 1.000000000000000021e-08 1.992678701279877775e-05 1.996856439627307382e-05 3.618052380116201338e-05 3.607123338435714921e-05 1.000000000000000021e-08 1.000000000000000021e-08 4.706121295042166899e-05 1.000000000000000021e-08 1.000000000000000021e-08 8.144728850220345846e-05 1.000000000000000021e-08 1.000000000000000021e-08
1.000000000000000021e-08 1.000000000000000021e-08 1.167798374837900379e-05 1.000000000000000021e-08 1.000000000000000021e-08 1.000000000000000021e-08 1.000000000000000021e-08 1.000000000000000021e-08 1.000000000000000021e-08 1.422004835936088431e-05 3.527589604405914506e-05 3.059899804277684855e-05 3.423982316198231175e-05 1.000000000000000021e-08 5.439095965895761884e-05 8.293213814404393170e-05 1.000308244658851736e-04 1.000000000000000021e-08 1.000000000000000021e-08 1.000000000000000021e-08 1.000000000000000021e-08 1.255161310094455023e-04 1.000000000000000021e-08 1.069525756244191309e-05 2.616263730958025966e-05 2.255106708156328737e-05 4.208639318728278438e-05 1.000000000000000021e-08 1.000000000000000021e-08 7.288197841738794391e-05 3.740477697283022744e-05 5.752018866995961099e-05 7.832819140893546755e-05 9.527387237725917031e-05 1.005818839875494928e-04 8.134796378933541411e-05 1.000000000000000021e-08
1.000000000000000021e-08 1.000000000000000021e-08 1.000000000000000021e-08 1.000000000000000021e-08 1.000000000000000021e-08 1.240518669166907253e-05 1.000000000000000021e-08 1.000000000000000021e-08 1.000000000000000021e-08 1.000000000000000021e-08 1.000000000000000021e-08 1.899108893315709469e-05 1.000000000000000021e-08 4.938994210370294282e-05 5.504623072817982891e-05 6.510999514185710510e-05 6.524620969175720870e-05 6.205954469938829241e-05 1.000000000000000021e-08 4.007074458943670538e-05 9.206164142298087617e-05 1.212196622993806818e-04 1.176514556049011663e-04 3.409882290375113370e-05 1.986050786971043820e-05 4.122987373518665374e-05 2.878630745349753850e-05 1.000000000000000021e-08 1.000000000000000021e-08 8.890599602491066429e-05 1.000000000000000021e-08 4.247626407007353824e-05 5.251396623260114199e-05 5.525454686014772451e-05 6.412990879265695495e-05 1.000000000000000021e-08 1.000000000000000021e-08
1.313434890531036704e-04 1.213315287245241448e-04 1.000000000000000021e-08 1.000000000000000021e-08 1.000000000000000021e-08 1.000000000000000021e-08 1.000000000000000021e-08 1.000000000000000021e-08 8.592376297001839231e-05 1.384916963267643486e-05 7.833944123269419052e-05 2.392435881486864574e-05 3.778535335489917877e-05 4.678073252189716687e-05 4.036665758265685773e-05 4.006111327939941206e-05 4.110677114055428730e-05 3.736690986637032413e-05 5.104631132824503638e-05 5.120564731054389309e-05 1.034944791629223209e-04 1.047714584676084719e-04 5.948122797594390405e-04 4.105503714234376515e-05 2.924103974290938264e-05 1.000000000000000021e-08 1.000000000000000021e-08 8.014444496835218708e-05 9.312126286657546276e-05 9.851197784473273626e-05 1.000000000000000021e-08 2.062913800276087274e-05 2.780233623475887939e-05 2.675676084164639194e-05 2.230623904531757050e-05 2.349915391556545299e-05 2.430376242130059683e-05
8.963753180938967995e-05 8.093628394026450149e-05 5.493559517562628054e-05 1.000000000000000021e-08 1.000000000000000021e-08 1.000000000000000021e-08 1.000000000000000021e-08 1.000000000000000021e-08 8.345282041991947336e-05 1.804805279153347177e-04 2.592824402936336331e-05 2.338421263353236874e-05 2.268097249694573129e-05 2.172526740823482687e-05 3.583489656104974229e-05 3.952999892601243768e-05 4.279923901840583804e-05 4.413635810933034897e-05 3.364304922062639764e-05 2.971310063865036899e-05 1.536807631464303324e-04 4.126854992357224068e-04 5.243205405682556256e-04 1.914398253723626679e-05 1.000000000000000021e-08 1.000000000000000021e-08 9.689700681853291152e-05 7.000408772358438067e-05 4.380729510849147931e-05 2.946024276904886792e-05 3.038951282601761987e-05 3.599177540685117644e-05 8.225506015035429278e-05 9.459099884383065859e-05 1.220961302596794580e-04 1.087984808745805904e-04 8.020589516281368845e-05
5.788057523075090528e-05 1.184598019291660829e-04 1.738184951791273386e-04 1.609621059514972584e-04 1.922592467600874782e-04 1.000000000000000021e-08 1.000000000000000021e-08 1.000000000000000021e-08 6.535489547277829674e-05 1.124208045314803065e-04 1.560781615044939475e-04 2.331586527926702537e-04 3.183766559377162412e-04 5.137191066511124669e-04 6.061750868437420798e-04 7.136553145939601456e-04 5.935470947445255262e-04 4.508657868441342826e-04 3.309619840197537059e-04 2.914142807593376929e-04 2.574697643001235404e-04 2.994956312233663736e-04 2.550319867421546377e-04 4.501358468880829896e-05 5.490722471324702809e-05 4.628688755676071601e-05 3.249102495724541517e-04 4.892165005640459422e-05 4.228836075093379707e-05 5.618903793653087005e-05 6.090152657414118223e-05 9.193154942682007797e-05 1.450490044505764226e-04 2.772159783066192895e-04 3.445321454958123254e-04 3.407974604260922795e-03 2.549892480159199944e-03
5.917305181313949676e-05 5.531052327310096052e-05 4.378127027144648530e-05 1.393473204319683459e-04 1.253839625436259831e-04 1.000000000000000021e-08 1.000000000000000021e-08 3.011164426267001458e-05 4.896220426160567294e-05 6.587923324438585242e-05 1.288440518576014395e-04 1.921060996541409439e-04 3.117463653351436543e-04 2.945050163662237246e-04 3.660772060753311415e-05 3.424760505348794278e-05 1.112969860787325021e-04 1.487263314777794549e-04 2.449902229088669263e-04 2.286597726943627928e-04 3.010784318979294006e-04 2.375103430636320485e-04 3.214195406324950235e-04 2.535384618753841143e-04 3.148159960300914943e-04 2.484362797269597939e-04 3.703463052845614866e-04 3.227969606967352485e-04 4.437725010676865753e-04 5.761612252917834402e-04 9.280073516872195012e-04 9.307236783520458131e-04 3.240481930493602225e-03 3.516671445945847817e-03 3.818304946100614314e-03 2.844499523437193662e-03 4.267843983388744031e-03
4.034949595083641159e-05 1.000000000000000021e-08 1.000000000000000021e-08 3.137631752353427949e-05 5.401620399314375337e-05 5.493350401816321488e-05 1.000000000000000021e-08 1.000000000000000021e-08 2.137715817123252924e-05 2.872188892574290526e-05 4.094766748552964360e-05 1.000000000000000021e-08 7.587746618468337772e-05 7.314722794923408304e-05 5.162266663445432506e-05 3.138047313455626753e-05 1.387341690661876483e-04 2.127707696749865434e-04 1.482148979604866761e-04 1.370221758063995391e-04 1.683486907950606072e-04 3.293140995859739057e-05 4.177181350855862320e-05 9.674887675448811861e-05 1.212701951245438920e-04 2.053870766560248612e-04 1.856662622552232285e-04 2.570413876041592258e-04 1.328665821738028458e-03 1.146226397565335443e-03 1.657477680482227289e-04 5.854782350154848772e-05 5.878533618926016038e-05 2.763040460149224795e-05 4.144837556883727403e-05 1.297057764520100946e-05 1.000000000000000021e-08
5.708513201223327761e-05 1.000000000000000021e-08 1.000000000000000021e-08 1.521955177311022377e-05 1.986670418691756414e-05 2.806194255556954166e-05 3.507367027694347389e-05 3.871586658562277080e-05 6.116703497505287536e-05 1.190132989688548611e-04 1.190632975392076089e-04 1.125311911424321744e-04 8.126850659145752598e-05 1.000000000000000021e-08 2.326826488045835169e-05 8.830566580428112237e-05 1.076321009235944350e-04 1.537225703575182301e-04 2.864555427565491984e-04 2.405932065516012269e-04 2.849489270126700060e-04 2.532591979653970953e-04 2.097054409070646819e-04 1.727061242468593656e-04 2.024820967619583671e-04 1.922542018737234595e-04 1.847158965228526761e-05 2.021999859058635742e-05 2.159969170102306454e-04 2.081022087191617667e-04 1.916387016347826061e-04 1.473132723182276097e-04 2.031003240045667509e-04 2.898342210440524842e-05 2.804912858062612888e-05 1.000000000000000021e-08 1.000000000000000021e-08
