output/water_depth_9600.asc
ncols 223
nrows 158
xllcorner 0.0
yllcorner 0.0
cellsize 30.0
[rows 68 to 84 of 158, columns 74 to 110 of 223]
2.129781958579936684e-05 2.339378819270954331e-05 2.119856298888064350e-04 1.000000000000000021e-08 1.000000000000000021e-08 1.000000000000000021e-08 1.409756639279373042e-05 2.057200150785372980e-05 1.866889841770027916e-05 1.647410919821216065e-05 1.508860020857820222e-05 3.256100463216311499e-04 3.891007318024725949e-04 4.867125449989377823e-04 1.143502779732842979e-03 1.585974894071622053e-03 3.196355868871474668e-04 1.009767001184850405e-04 8.220728745362822307e-05 9.119328392527507464e-05 5.968486672977371156e-04 8.213127488480619423e-04 1.102569218598134894e-03 9.266813394796203588e-04 1.022387347448571251e-03 6.293079939813713431e-04 8.468930055958300441e-04 6.848003388874356404e-04 7.703729992714237074e-04 7.533625454533903962e-04 1.230958150069595084e-03 1.308031140215817120e-03 8.592955469968071615e-04 5.926226697556649962e-04 5.209131325263456559e-05 1.557149521240995538e-05 1.000000000000000021e-08
4.459931494815096869e-04 4.023730766452021526e-04 2.669937258915133305e-04 2.015589439631129817e-04 1.440818923843025531e-04 1.111542194703008467e-04 8.677312248395942121e-05 6.167193851976671679e-05 5.006408604819386637e-05 3.935631208435502265e-05 3.752777827861343931e-05 1.867116186624025794e-04 2.512789194565803329e-04 3.827407594278067575e-05 8.493923567364484615e-05 2.195102786082757905e-04 1.621310260353246496e-04 2.184931208189650723e-04 9.035265469253757386e-05 1.465246651243288590e-04 1.715943866400259418e-04 2.063003146184714935e-04 1.448907685479488097e-04 1.840065490974611981e-04 1.321239747017336538e-04 2.671456300297660332e-04 3.811279716317083439e-04 4.318880788341469563e-04 3.065036215480152751e-04 3.380673560858954711e-04 4.223042831388913211e-04 5.144160829526171763e-04 9.157747190936381008e-04 9.849624261490561809e-04 3.144436249695401202e-04 2.748513028681683719e-04 8.285398325097800701e-05
4.877487314249850654e-04 3.669608388379951556e-04 4.736932132189237651e-04 3.818994317664000824e-04 3.405942115242844149e-04 2.911830349884906004e-04 3.303146527152202609e-04 3.474713797861804987e-04 4.639333924189349440e-04 3.144680668384463294e-04 2.035623492505047509e-04 1.579950883419802097e-04 2.008772597927156278e-04 2.020274794247282923e-05 1.359816772682340873e-04 1.068919663212109867e-04 2.239291871304731080e-04 3.141326323925918047e-04 2.764137262511053537e-04 5.200527897496512149e-04 8.697226055581732318e-04 7.861946731938854443e-04 1.043528709928142045e-03 8.715527700387021206e-04 9.643398444772463074e-04 7.822314151818172967e-04 7.752588760523424546e-04 1.473581606141235361e-03 2.003953917263784617e-04 2.546800672667272033e-04 1.979188182635465993e-04 2.757725833671047602e-04 3.555228366437753525e-04 1.005986435739579781e-03 1.470213141657399731e-03 1.357302183572861674e-03 1.801979415140755967e-03
5.085327218508604603e-04 3.661205284872117544e-05 1.000000000000000021e-08 2.552138334082880845e-04 3.959324861842888356e-04 5.682758380302801830e-04 6.306227620825873102e-04 6.216783795312079679e-04 3.497056026424728305e-04 3.500514182777254846e-04 1.000000000000000021e-08 1.020283948747580880e-04 1.795112553628958778e-04 3.746139477833934747e-04 2.898809212162213708e-04 2.025194448664429628e-04 3.088570527596677835e-04 4.333011593404814872e-04 2.200435723900515637e-03 1.611005817084150979e-03 1.089897271818685443e-03 8.255991185424225087e-04 4.813379758677598401e-04 2.924419568434790165e-04 5.168533706786794350e-04 3.488931551569588092e-04 5.696036197200296481e-04 1.070426067989155728e-03 2.567450699108212277e-04 2.045830578511830347e-04 2.568191425588665488e-04 2.072634677000125729e-04 2.808032884451205869e-04 3.677200626492444988e-04 1.344648548230435812e-03 9.473736221437366453e-04 1.190816524541094728e-03
3.079591511793785424e-04 3.065769171230810653e-04 2.270315866825541702e-04 3.318093542094352954e-04 3.600742820185664811e-04 2.861487589502605057e-04 2.097112781137573504e-04 1.692347007847698535e-04 2.410298521360210329e-04 2.308472201727572307e-04 1.000000000000000021e-08 6.690525890467196354e-05 1.603137215186294106e-04 1.767875707639619993e-04 2.027935063051125759e-04 2.753111931912498702e-04 4.351411331955859626e-04 4.536754589301487755e-04 3.080621982240328970e-04 1.806215933381837111e-04 8.801312703661401545e-05 4.504467981806543870e-05 2.211310272489563813e-04 2.364737292177053821e-04 3.907973688241442593e-04 3.900444464682436500e-04 4.254051913875947478e-04 1.670077487557628448e-04 1.277050075064417145e-04 2.183128131058114339e-04 7.314524322190365515e-05 1.332541559658061018e-04 1.184596714668444188e-04 1.813473085027352092e-04 1.841616075312809938e-04 9.849140224432162676e-04 5.939723011954100955e-04
3.160949326128651891e-04 3.593303307526853757e-04 2.780465222921592159e-05 3.755100787432091928e-05 1.000000000000000021e-08 1.000000000000000021e-08 1.000000000000000021e-08 6.387587072090840042e-05 1.501575578316233337e-04 1.802631395523883950e-04 9.662417409240148030e-05 6.122525724031007810e-05 4.306972991003724804e-05 2.644126210507600222e-05 1.274572462532473768e-04 8.754262715898553451e-05 1.275440513299849375e-04 1.488462760458829609e-04 1.479948759736261072e-04 2.369063752671993119e-04 2.038341137854764705e-04 1.503223802845664119e-04 1.911162730925820136e-04 2.168900327539030159e-04 3.331675636259355322e-05 4.765836535041125736e-05 9.197250157742930935e-05 7.403113815746214079e-04 1.842479645550570413e-04 1.499683499157239983e-04 2.867470553938265268e-04 2.178118135310765080e-04 2.629787556287072037e-04 2.023707190804739057e-04 1.091718180246178862e-03 1.079367995877916070e-03 8.445209712073924744e-04
1.000000000000000021e-08 3.174182700474060701e-04 5.215323126902040316e-04 5.245483588373968690e-04 4.117689688832921915e-04 2.962869977804403446e-04 2.037208156847369390e-04 1.000000000000000021e-08 1.244807011545063635e-04 1.651916733592474274e-04 1.557994672813523419e-04 9.635501145807440649e-05 4.995910826851641978e-05 3.813868141247441927e-05 7.452081535489202670e-05 9.102650871123464161e-05 5.100776192293008402e-05 4.390882450088214668e-05 5.296490697646361495e-05 8.300532359406518116e-05 1.867340596120576452e-04 1.928568936505862142e-04 2.135927802749794727e-04 2.679503038963171628e-04 3.747711737754301557e-05 6.455912955585636184e-05 4.366683346115337672e-05 6.082790227887502517e-04 1.144559470825767767e-03 1.559190373437106662e-04 1.338763060270800641e-04 9.490647364334155026e-05 9.036435562868823162e-05 6.649287608508960541e-05 7.933888541703108853e-04 1.569266766446145633e-03 5.587134274008559876e-04
1.000000000000000021e-08 1.000000000000000021e-08 1.000000000000000021e-08 1.000000000000000021e-08 2.163563303024325542e-04 2.589320369204321727e-04 2.365768449674987811e-04 1.730867464121196419e-04 1.060899716602458547e-04 6.909579413929387731e-05 6.606920426902641072e-05 8.034161165887107657e-05 9.535519655481732807e-05 1.092244928142413837e-04 1.199424311534962718e-04 1.088062002660572790e-04 1.199892032869724666e-04 8.964050306858749502e-05 8.576625051788714748e-05 6.718222673793308405e-05 4.408615674321192694e-05 1.007235214884424261e-04 1.681622371691398167e-04 2.815450811318873027e-04 4.600081051891400361e-04 4.778704662515355123e-04 6.531604338798203784e-04 5.937941782813214824e-04 4.960024275909749418e-04 6.721118914662700282e-04 1.367496418661492627e-04 1.708620126565956387e-04 1.112095011135987217e-04 5.325551500774778290e-05 6.857831191016349436e-04 1.184107028655361936e-03 9.175202326525054531e-04
1.421540449228703498e-05 1.000000000000000021e-08 1.000000000000000021e-08 1.000000000000000021e-08 1.000000000000000021e-08 1.000000000000000021e-08 1.652437264231277627e-04 1.675529872325850806e-04 1.000000000000000021e-08 3.942260693995553193e-05 3.073042834896293381e-05 6.574624355172031267e-05 1.000000000000000021e-08 1.000000000000000021e-08 7.141315293891222849e-05 1.126509040648411921e-04 1.182874843686826692e-04 1.300140387669591175e-04 1.281285212510916913e-04 1.000000000000000021e-08 2.985917109564558924e-05 5.852225310317209445e-05 9.327939236330014738e-05 7.056549164763678626e-05 1.000000000000000021e-08 5.850673746941823390e-05 3.950889836438620641e-05 3.649651380739487856e-04 4.987845971620031421e-05 6.235113069310319013e-05 8.451089118356344373e-05 7.715896812690166656e-05 9.052070835178068148e-04 1.218402928347440311e-03 1.601168650927931817e-03 2.299593949635489118e-03 9.963395221091003034e-03
4.287266548492482877e-05 4.269049580861193285e-05 3.704876142358203743e-05 1.000000000000000021e-08 1.000000000000000021e-08 1.000000000000000021e-08 1.000000000000000021e-08 1.000000000000000021e-08 1.000000000000000021e-08 1.000000000000000021e-08 1.825314984477848486e-05 1.000000000000000021e-08 2.407685271506708282e-05 1.000000000000000021e-08 4.865198711600482689e-05 8.407513938598213722e-05 1.281487439957289774e-04 1.000000000000000021e-08 1.000000000000000021e-08 1.000000000000000021e-08 1.601813058068714740e-05 3.204341498641936480e-05 7.836693748505651873e-05 6.640586842498928069e-05 6.257425915089163786e-05 4.337637366356321183e-05 1.000000000000000021e-08 2.061561807696400095e-05 2.107508600607292391e-05 5.785208196431784809e-05 1.891748555135578383e-05 1.840960605874314958e-04 1.787860007572224968e-04 1.401121085656285088e-04 1.183847557107397375e-04 1.225123407506651199e-04 1.261315938688690845e-03
1.879624753340706209e-05 3.954783113069540755e-05 1.000000000000000021e-08 1.000000000000000021e-08 1.000000000000000021e-08 1.000000000000000021e-08 1.000000000000000021e-08 1.000000000000000021e-08 2.709769423629393529e-05 1.000000000000000021e-08 1.381086150303060244e-05 1.750590405825813210e-05 3.697976550551885014e-05 4.472973755706800348e-05 5.632471675228499719e-05 9.059580267134040060e-05 1.000000000000000021e-08 1.000000000000000021e-08 1.000000000000000021e-08 1.000000000000000021e-08 1.059897367642236397e-05 1.682451065675357740e-05 5.337994674384805715e-05 7.755286155045844939e-05 7.987362279112677436e-05 7.493089625737668039e-05 1.000000000000000021e-08 1.000000000000000021e-08 1.753173345600219681e-05 5.745531363151404764e-05 9.920427566389250441e-05 4.686063251024544978e-04 3.166602776953729567e-04 1.492830006905665211e-05 1.889465985604884223e-05 1.462993012012794802e-05 1.247922668115151578e-03
1.000000000000000021e-08 1.000000000000000021e-08 1.000000000000000021e-08 1.000000000000000021e-08 1.000000000000000021e-08 1.000000000000000021e-08 1.000000000000000021e-08 1.000000000000000021e-08 1.000000000000000021e-08 1.000000000000000021e-08 1.000000000000000021e-08 1.000000000000000021e-08 4.184291037797274482e-05 1.000000000000000021e-08 1.000000000000000021e-08 6.599389675155387645e-05 6.399984599757270432e-05 7.535036980645554725e-05 6.831762463902651440e-05 4.015271058536280612e-05 1.000000000000000021e-08 1.000000000000000021e-08 3.872249026400402858e-05 6.892874134279071863e-05 1.000000000000000021e-08 5.824365638962038927e-05 1.000000000000000021e-08 1.123370692059673071e-05 1.386591840683439325e-05 1.975268079182633155e-05 1.879581483052392493e-05 8.482485612433217966e-05 4.269089639564271714e-05 4.177118080079899833e-05 1.267221137452265528e-05 2.115853370088303080e-05 3.008586605607769401e-05
1.000000000000000021e-08 1.000000000000000021e-08 1.000000000000000021e-08 1.000000000000000021e-08 1.000000000000000021e-08 1.000000000000000021e-08 1.000000000000000021e-08 1.000000000000000021e-08 1.000000000000000021e-08 1.784563940122082230e-05 1.923365410528445657e-05 1.000000000000000021e-08 1.000000000000000021e-08 1.000000000000000021e-08 1.000000000000000021e-08 1.000000000000000021e-08 5.366967521784983053e-05 8.265546173667800002e-05 1.433499876873657044e-04 1.355723941772559761e-04 1.000000000000000021e-08 1.000000000000000021e-08 1.000000000000000021e-08 5.476623445691941838e-05 5.634806047940755033e-05 7.010094657224517022e-05 7.250894345117444792e-05 7.042729670977311974e-05 1.230835611277607527e-04 9.765809650499331996e-05 9.240733971455196503e-05 1.331327573194971510e-04 7.365440484202558156e-05 8.834073677155659032e-05 1.000000000000000021e-08 1.000000000000000021e-08 2.233860681542935818e-05
1.000000000000000021e-08 1.000000000000000021e-08 1.000000000000000021e-08 1.000000000000000021e-08 1.000000000000000021e-08 1.000000000000000021e-08 1.000000000000000021e-08 1.000000000000000021e-08 1.000000000000000021e-08 1.000000000000000021e-08 1.413933599788279078e-05 1.000000000000000021e-08 1.000000000000000021e-08 2.237961243853379297e-05 3.409273644140915511e-05 1.000000000000000021e-08 4.794088103707843534e-05 6.693305984558263618e-05 5.230516624289388274e-05 8.997916305912249263e-05 6.399645723571557301e-05 1.000000000000000021e-08 1.000000000000000021e-08 6.183947548424727366e-05 1.000000000000000021e-08 5.353832975790068802e-05 6.271822071962153986e-05 9.076397285980688557e-05 8.566725083982234764e-05 1.254120081137125400e-04 1.403946144430264994e-04 1.184676666204824907e-04 1.114272572386877065e-05 8.510028940843600504e-04 1.172912343687577876e-03 6.836868508735286171e-04 7.574250620925263716e-04
1.000000000000000021e-08 1.000000000000000021e-08 1.000000000000000021e-08 1.000000000000000021e-08 1.000000000000000021e-08 1.000000000000000021e-08 1.000000000000000021e-08 1.000000000000000021e-08 1.000000000000000021e-08 1.216174342580677965e-05 1.888226370756446211e-05 1.996886532329789559e-05 2.736654463404389703e-05 2.515631285203323467e-05 3.458177684414937860e-05 2.864594222474603475e-05 1.000000000000000021e-08 1.000000000000000021e-08 1.000000000000000021e-08 1.000000000000000021e-08 3.096206064739875734e-05 2.246947313144327587e-05 2.083359546213039453e-05 7.419745830984247773e-05 1.222409344894860594e-04 1.425933557351319932e-04 1.636971412895856914e-04 1.863233304771408090e-04 1.855008758927154089e-04 1.830672463840510474e-04 1.097619543441405871e-05 2.073053817136073657e-05 1.709361662593205787e-05 2.170077500083761421e-04 1.022423502313166057e-04 4.239409220638775452e-04 4.891330004949725465e-04
1.000000000000000021e-08 1.000000000000000021e-08 1.000000000000000021e-08 1.000000000000000021e-08 1.000000000000000021e-08 1.000000000000000021e-08 1.000000000000000021e-08 1.000000000000000021e-08 1.774964301328880978e-05 2.334164326388627533e-05 3.136383994334699640e-05 2.965220944625119207e-05 2.729209823732934529e-05 2.612151005431544349e-05 2.791284559517701901e-05 1.000000000000000021e-08 1.000000000000000021e-08 1.000000000000000021e-08 1.000000000000000021e-08 1.000000000000000021e-08 1.000000000000000021e-08 1.000000000000000021e-08 1.000000000000000021e-08 1.000000000000000021e-08 1.000000000000000021e-08 1.016893375189675629e-04 2.208692187774901315e-04 2.134902922008735139e-04 2.335091331623217353e-04 3.821370601816355579e-04 3.682633261207261485e-04 2.851514868203404223e-04 2.450359363743210184e-04 1.785519508757122808e-04 1.742194508536617028e-04 2.858045179613736783e-04 2.269690422837499486e-04
1.000000000000000021e-08 1.000000000000000021e-08 1.000000000000000021e-08 1.000000000000000021e-08 1.000000000000000021e-08 1.000000000000000021e-08 1.000000000000000021e-08 1.000000000000000021e-08 1.000000000000000021e-08 1.000000000000000021e-08 1.000000000000000021e-08 1.000000000000000021e-08 1.000000000000000021e-08 1.508539378207456528e-05 1.759785088873476406e-05 1.000000000000000021e-08 1.000000000000000021e-08 1.000000000000000021e-08 1.000000000000000021e-08 1.000000000000000021e-08 1.000000000000000021e-08 1.000000000000000021e-08 1.000000000000000021e-08 1.000000000000000021e-08 1.000000000000000021e-08 6.487431392002701992e-05 6.927915370353835312e-05 2.002649108221675987e-04 3.686097899379880624e-04 3.165346322800435775e-04 5.015491575362879479e-04 4.462567819873888690e-04 3.186901295924659356e-05 2.821019839567262454e-05 3.433710864203682738e-05 2.318773735112472569e-04 2.108366343402023532e-04
