output/water_depth_5400.asc
ncols 223
nrows 158
xllcorner 0.0
yllcorner 0.0
cellsize 30.0
[rows 17 to 33 of 158, columns 74 to 110 of 223]
1.000000100000000021e-05 1.000000100000000021e-05 1.000000100000000021e-05 1.000000100000000021e-05 1.000000100000000021e-05 1.000000100000000021e-05 1.000000100000000021e-05 1.000000100000000021e-05 1.000000100000000021e-05 1.000000100000000021e-05 1.000000100000000021e-05 1.000000100000000021e-05 1.000000100000000021e-05 1.000000100000000021e-05 1.000000100000000021e-05 1.000000100000000021e-05 1.000000100000000021e-05 1.000000100000000021e-05 1.000000100000000021e-05 1.000000100000000021e-05 1.000000100000000021e-05 1.000000100000000021e-05 1.000000100000000021e-05 1.000000100000000021e-05 1.000000100000000021e-05 1.000000100000000021e-05 1.000000100000000021e-05 1.000000100000000021e-05 1.000000000000000021e-08 1.280931751236716285e-05 1.645519673605701509e-05 1.971712727637354060e-05 2.626250178643870466e-05 2.834901259774880489e-05 2.804506960240393885e-05 2.968424188396767490e-05 2.964552170388950892e-05
1.000000100000000021e-05 1.000000100000000021e-05 1.000000100000000021e-05 1.000000100000000021e-05 1.000000100000000021e-05 1.000000100000000021e-05 1.000000100000000021e-05 1.000000100000000021e-05 1.000000100000000021e-05 1.000000100000000021e-05 1.000000100000000021e-05 1.000000100000000021e-05 1.000000100000000021e-05 1.000000100000000021e-05 1.000000100000000021e-05 1.000000100000000021e-05 1.000000100000000021e-05 1.000000100000000021e-05 1.000000100000000021e-05 1.000000100000000021e-05 1.000000100000000021e-05 1.000000100000000021e-05 1.000000100000000021e-05 1.000000100000000021e-05 1.000000100000000021e-05 1.000000100000000021e-05 1.000000100000000021e-05 1.000000000000000021e-08 1.000000000000000021e-08 1.214128754008732425e-05 2.244626728545839596e-05 2.837659881434903227e-05 2.136590163932780470e-05 2.635676499112161314e-05 2.579764538911734237e-05 2.469954827605378130e-05 3.477616209973976625e-05
1.000000100000000021e-05 1.000000100000000021e-05 1.000000100000000021e-05 1.000000100000000021e-05 1.000000100000000021e-05 1.000000100000000021e-05 1.000000100000000021e-05 1.000000100000000021e-05 1.000000100000000021e-05 1.000000100000000021e-05 1.000000100000000021e-05 1.000000100000000021e-05 1.000000100000000021e-05 1.000000100000000021e-05 1.000000100000000021e-05 1.000000100000000021e-05 1.000000100000000021e-05 1.000000100000000021e-05 1.000000100000000021e-05 1.000000100000000021e-05 1.000000100000000021e-05 1.000000100000000021e-05 1.000000100000000021e-05 1.000000100000000021e-05 1.000000100000000021e-05 2.983936036817998216e-05 3.254095183718901319e-05 3.043451365620734110e-05 2.802804947294958819e-05 3.092806847720846780e-05 3.989511317064839310e-05 4.501853441054831352e-05 5.068321806716113271e-05 4.983773426746316741e-05 4.780110714322313199e-05 4.623906865043270550e-05 5.483715189869391025e-05
1.000000100000000021e-05 1.000000100000000021e-05 1.000000100000000021e-05 1.000000100000000021e-05 1.000000100000000021e-05 1.000000100000000021e-05 1.000000100000000021e-05 1.000000100000000021e-05 1.000000100000000021e-05 1.000000100000000021e-05 1.000000100000000021e-05 1.000000100000000021e-05 1.000000100000000021e-05 1.000000100000000021e-05 1.000000100000000021e-05 1.000000100000000021e-05 1.000000100000000021e-05 1.000000100000000021e-05 1.000000100000000021e-05 1.000000100000000021e-05 1.000000100000000021e-05 1.000000100000000021e-05 1.000000100000000021e-05 3.587944985548744206e-05 6.676107664975953072e-05 1.014029534450691417e-04 8.506434180845454389e-05 8.181741059015488593e-05 7.560883545650582782e-05 8.055291613419957313e-05 7.092360318659040913e-05 4.922648854208113784e-05 2.995858889607889449e-05 3.346880464727877810e-05 3.984278923149848264e-05 1.315153958009673222e-04 1.000000000000000021e-08
1.000000100000000021e-05 1.000000100000000021e-05 1.000000100000000021e-05 1.000000100000000021e-05 1.000000100000000021e-05 1.000000100000000021e-05 1.000000100000000021e-05 1.000000100000000021e-05 1.000000100000000021e-05 1.000000100000000021e-05 1.000000100000000021e-05 1.000000100000000021e-05 1.000000100000000021e-05 1.000000100000000021e-05 1.000000100000000021e-05 1.000000100000000021e-05 1.000000100000000021e-05 1.000000100000000021e-05 1.000000100000000021e-05 1.000000100000000021e-05 1.000000100000000021e-05 1.000000100000000021e-05 2.192430469952315602e-05 2.262302527540127546e-05 2.482661350841009260e-05 2.906422411113004266e-05 6.958314308407230150e-05 8.532303558544504138e-05 9.533949255589369877e-05 9.586685109979291687e-05 8.774838340084965696e-05 5.683639870228780815e-05 2.618592319117811010e-05 1.920956068226537813e-05 2.069626699891571661e-05 1.977091442727632313e-05 1.855186031754242615e-04
1.000000100000000021e-05 1.000000100000000021e-05 1.000000100000000021e-05 1.000000100000000021e-05 1.000000100000000021e-05 1.000000100000000021e-05 1.000000100000000021e-05 1.000000100000000021e-05 1.000000100000000021e-05 1.000000100000000021e-05 1.000000100000000021e-05 1.000000100000000021e-05 1.000000100000000021e-05 1.000000100000000021e-05 1.000000100000000021e-05 1.000000100000000021e-05 1.000000100000000021e-05 1.000000100000000021e-05 1.000000100000000021e-05 1.000000100000000021e-05 1.000000000000000021e-08 1.134335640038986885e-05 1.004351587492054889e-05 1.000000000000000021e-08 1.000000000000000021e-08 1.000000000000000021e-08 4.129248755218118750e-05 8.512303726358747056e-05 1.047734398118338380e-04 1.173089793339018112e-04 1.000000000000000021e-08 1.620487031703055360e-05 5.591604595548367232e-05 7.222708034637430015e-05 1.191925699628768422e-04 1.636344554158629112e-04 1.411408377921158136e-04
1.000000100000000021e-05 1.000000100000000021e-05 1.000000100000000021e-05 1.000000100000000021e-05 1.000000100000000021e-05 1.000000100000000021e-05 1.000000100000000021e-05 1.000000100000000021e-05 1.000000100000000021e-05 1.000000100000000021e-05 1.000000100000000021e-05 1.000000100000000021e-05 1.000000100000000021e-05 1.000000100000000021e-05 1.000000100000000021e-05 1.000000100000000021e-05 1.000000100000000021e-05 1.965210241485218029e-05 5.167138161663818583e-05 4.285629970403937491e-05 4.026601265500253795e-05 4.731173533252802378e-05 5.066406754447684227e-05 3.386985825066392801e-05 1.000000000000000021e-08 1.000000000000000021e-08 3.575185369191994777e-05 4.928302260661506179e-05 7.454546489707986989e-05 9.404166701958441234e-05 5.957361503687891600e-05 4.397185190752296921e-05 3.963305894112980704e-05 6.091768681091936169e-05 5.379545973681488364e-05 5.487241905553469736e-05 5.542181182147723337e-05
1.000000100000000021e-05 1.000000100000000021e-05 1.000000100000000021e-05 1.000000100000000021e-05 1.000000100000000021e-05 1.000000100000000021e-05 1.000000100000000021e-05 1.000000100000000021e-05 1.000000100000000021e-05 1.000000100000000021e-05 1.000000100000000021e-05 1.000000100000000021e-05 1.000000100000000021e-05 1.000000100000000021e-05 1.000000100000000021e-05 1.000000100000000021e-05 1.000000100000000021e-05 1.000000000000000021e-08 1.040213022613349415e-05 8.414488433321467491e-05 1.318052327254647972e-04 1.701913949180599076e-04 1.391587525002235896e-05 1.687071019566617778e-05 1.379120002444443169e-05 1.801358112456319594e-05 1.562954484475388353e-05 1.000000000000000021e-08 1.000000000000000021e-08 1.000000000000000021e-08 1.000000000000000021e-08 1.245986530890623109e-05 1.000000000000000021e-08 1.000000000000000021e-08 1.000000000000000021e-08 1.550796325509585429e-05 2.273969545217926369e-05
1.000000100000000021e-05 1.000000100000000021e-05 1.000000100000000021e-05 1.000000100000000021e-05 1.000000100000000021e-05 2.847364671978398423e-05 2.837738815021033012e-05 1.000000100000000021e-05 1.000000100000000021e-05 1.000000100000000021e-05 1.000000100000000021e-05 1.000000100000000021e-05 1.000000100000000021e-05 1.000000100000000021e-05 1.000000100000000021e-05 2.471892811713826121e-05 2.699529141585217825e-05 3.768006181416345962e-05 6.342335336335167397e-05 6.966272644412361712e-05 6.518171911113204914e-05 8.561963940831579924e-05 1.000000000000000021e-08 1.162569143945452497e-05 1.775663005447786330e-05 1.210398979514045755e-05 1.000000000000000021e-08 1.000000000000000021e-08 1.000000000000000021e-08 1.000000000000000021e-08 1.000000000000000021e-08 1.000000000000000021e-08 1.000000000000000021e-08 1.000000000000000021e-08 1.000000000000000021e-08 1.118356474774094215e-05 1.523710571905787890e-05
1.000000100000000021e-05 1.000000100000000021e-05 1.000000100000000021e-05 1.000000100000000021e-05 1.000000100000000021e-05 5.746932025421067113e-05 8.710570833586038519e-05 4.397498912562704937e-05 3.818783205623636870e-05 4.560585957615436305e-05 2.132890686643980509e-05 1.000000100000000021e-05 1.000000100000000021e-05 1.000000000000000021e-08 1.037471607262396579e-05 1.433481475731303925e-05 2.646991869365673215e-05 2.744852633915728535e-05 3.082421247737783667e-05 2.441055128499525228e-05 1.000000000000000021e-08 1.000000000000000021e-08 1.811161521783937999e-05 3.846125802868806637e-05 5.626808104163250849e-05 7.493937206846782752e-05 9.026570485257888162e-05 5.942902611267128672e-05 3.156228307885943266e-05 3.044801784971192988e-05 1.000000000000000021e-08 1.000000000000000021e-08 1.000000000000000021e-08 2.324690396517103884e-05 2.083888668055679672e-05 6.393302144124003163e-05 1.838632651887110085e-05
1.000000100000000021e-05 1.000000100000000021e-05 1.000000100000000021e-05 1.000000100000000021e-05 1.000000100000000021e-05 4.208300539672202539e-04 2.340149842468635354e-03 1.259026604535269937e-04 7.302084404633587785e-05 2.464183802727321990e-05 1.000000000000000021e-08 1.000000000000000021e-08 1.091791612926846250e-05 1.913783103914419424e-05 2.617531825139057892e-05 3.267029188147233784e-05 4.049370705268236009e-05 3.999641897098699458e-05 1.000000000000000021e-08 1.000000000000000021e-08 1.000000000000000021e-08 1.000000000000000021e-08 1.000000000000000021e-08 1.683218332414028267e-05 2.372984514170924648e-05 2.842808459747494631e-05 3.667925882709459611e-05 7.038069250480526336e-05 6.472748151646154249e-05 5.218683967525484835e-05 1.000000000000000021e-08 1.000000000000000021e-08 1.000000000000000021e-08 1.092433514923999078e-04 2.126553015519373269e-04 4.682504471497667825e-04 1.849452423056987925e-05
1.000000100000000021e-05 1.000000100000000021e-05 1.000000100000000021e-05 1.000000100000000021e-05 1.000000100000000021e-05 5.153734203940830462e-03 3.985923544744169635e-04 2.788946994513377879e-05 2.162063174428402126e-05 1.000000000000000021e-08 1.072184684119846783e-05 1.000000000000000021e-08 2.232418314230021612e-05 3.029133412576519432e-05 3.516465805477778068e-05 4.572690500044309097e-05 5.802440896452039625e-05 5.460216839133258561e-05 1.000000000000000021e-08 1.000000000000000021e-08 1.000000000000000021e-08 1.000000000000000021e-08 1.000000000000000021e-08 1.400423013483977551e-05 1.494736634116225425e-05 1.695731181128088376e-05 2.232541014442193856e-05 2.749252397127165831e-05 8.019474285380505157e-05 1.733361787801084020e-04 1.232031498827254590e-04 1.000000000000000021e-08 1.000000000000000021e-08 7.938564835739686390e-05 1.022916974439671493e-04 1.303650354671065359e-04 1.510514602734178776e-04
1.000000100000000021e-05 1.000000100000000021e-05 1.000000100000000021e-05 1.000000100000000021e-05 1.000000100000000021e-05 8.639627484374154702e-04 1.274376041535780970e-04 3.004497664204493519e-05 1.038297104866612318e-05 1.607511659687790571e-05 1.000000000000000021e-08 1.373261963231365089e-05 1.973573376228529347e-05 3.074911868784278401e-05 3.648512425627460870e-05 1.000000000000000021e-08 1.000000000000000021e-08 1.000000000000000021e-08 1.000000000000000021e-08 1.000000000000000021e-08 1.000000000000000021e-08 1.000000000000000021e-08 1.191710571002037407e-05 1.000000000000000021e-08 1.000000000000000021e-08 1.000000000000000021e-08 1.000000000000000021e-08 1.000000000000000021e-08 2.066928016739209514e-05 3.655459162878697951e-05 1.000000000000000021e-08 1.000000000000000021e-08 3.061404729120514038e-05 2.757851987822643541e-05 3.224432769724471773e-05 2.668218506227719864e-05 5.964663081957300090e-05
1.000000100000000021e-05 1.000000100000000021e-05 1.000000100000000021e-05 1.003835661398767467e-05 8.747067377022136572e-05 8.239016933857594384e-04 2.138825546706851245e-05 1.803877857810513033e-05 1.861825609821784490e-05 1.912226542446588824e-05 1.000000000000000021e-08 1.678119704439224425e-05 2.799647597593211078e-05 3.670472514592481293e-05 1.000000000000000021e-08 1.000000000000000021e-08 1.000000000000000021e-08 1.000000000000000021e-08 1.000000000000000021e-08 1.000000000000000021e-08 1.561710040624032859e-05 1.000000000000000021e-08 1.000000000000000021e-08 1.346053320066896573e-05 1.314847227848710748e-05 1.000000000000000021e-08 1.000000000000000021e-08 1.000000000000000021e-08 1.000000000000000021e-08 1.000000000000000021e-08 1.000000000000000021e-08 1.536205631551957582e-05 1.000000000000000021e-08 1.000000000000000021e-08 1.000000000000000021e-08 2.899365379533592237e-05 2.996119392769614341e-05
1.000000100000000021e-05 1.000000100000000021e-05 1.000000000000000021e-08 1.695151127635722690e-05 1.636378307165107767e-04 8.743741038607109667e-04 2.619229531872705252e-05 1.884145733105526324e-05 1.000000000000000021e-08 1.000000000000000021e-08 1.314448274109790776e-05 2.432382434187916519e-05 3.393185585614653021e-05 4.123437878341654379e-05 1.000000000000000021e-08 1.000000000000000021e-08 1.000000000000000021e-08 1.000000000000000021e-08 1.000000000000000021e-08 1.257646069538886354e-05 2.343728511723896764e-05 1.000000000000000021e-08 1.000000000000000021e-08 1.000000000000000021e-08 1.000000000000000021e-08 1.000000000000000021e-08 1.000000000000000021e-08 1.000000000000000021e-08 1.000000000000000021e-08 1.000000000000000021e-08 1.000000000000000021e-08 1.000000000000000021e-08 1.000000000000000021e-08 1.000000000000000021e-08 1.000000000000000021e-08 1.000000000000000021e-08 3.233419491737100682e-05
1.180859253466294995e-05 1.582771264519215208e-05 1.000000000000000021e-08 1.000000000000000021e-08 8.580088633609341247e-04 1.255400682662909540e-03 3.343365401924499404e-05 2.011647429916010242e-05 1.000000000000000021e-08 1.000000000000000021e-08 1.000000000000000021e-08 2.437173344308375740e-05 1.000000000000000021e-08 1.000000000000000021e-08 1.000000000000000021e-08 1.322502996760949905e-05 1.000000000000000021e-08 1.000000000000000021e-08 1.000000000000000021e-08 1.605495789308348617e-05 3.128033036534003640e-05 1.000000000000000021e-08 1.000000000000000021e-08 1.000000000000000021e-08 1.000000000000000021e-08 1.000000000000000021e-08 1.000000000000000021e-08 1.000000000000000021e-08 1.000000000000000021e-08 1.000000000000000021e-08 1.151557250761105531e-05 1.000000000000000021e-08 1.000000000000000021e-08 1.000000000000000021e-08 1.000000000000000021e-08 1.000000000000000021e-08 3.599562405618201189e-05
1.767751884873605944e-03 2.335248413647138949e-03 1.722710812639535434e-03 1.289562762286656714e-03 7.323885942571274968e-04 1.080508913508864246e-03 1.019640305130357439e-03 1.110996888982251690e-04 7.451413958944384341e-05 4.768085906782697030e-05 1.000000000000000021e-08 2.624518001514360673e-05 1.000000000000000021e-08 1.000000000000000021e-08 1.000000000000000021e-08 1.000000000000000021e-08 1.000000000000000021e-08 1.000000000000000021e-08 1.000000000000000021e-08 1.729418088147195823e-05 3.285266269429261952e-05 2.589868850810289855e-05 2.029655203146489567e-05 1.000000000000000021e-08 1.000000000000000021e-08 1.000000000000000021e-08 1.000000000000000021e-08 1.000000000000000021e-08 1.000000000000000021e-08 1.000000000000000021e-08 1.000000000000000021e-08 1.000000000000000021e-08 1.000000000000000021e-08 1.000000000000000021e-08 1.000000000000000021e-08 1.000000000000000021e-08 1.000000000000000021e-08
