output/water_depth_4320.asc
ncols 223
nrows 158
xllcorner 0.0
yllcorner 0.0
cellsize 30.0
[rows 85 to 101 of 158, columns 74 to 110 of 223]
1.000000000000000021e-08 1.272228329624102207e-05 1.000000000000000021e-08 1.000000000000000021e-08 1.000000000000000021e-08 1.000000000000000021e-08 1.000000000000000021e-08 1.000000000000000021e-08 1.000000000000000021e-08 1.000000000000000021e-08 1.000000000000000021e-08 1.000000000000000021e-08 1.000000000000000021e-08 2.243589093357707066e-05 1.000000000000000021e-08 1.979275473968937542e-05 6.371992527871633491e-04 9.202133301869819433e-04 2.423835071048898045e-04 1.490516982966489995e-04 2.270087042918505398e-04 2.810101379535142208e-04 2.697551610952652690e-04 2.664783335461081652e-04 5.791523808532373079e-05 3.262195906467482958e-05 4.862726477774349321e-05 8.046812744492395008e-04 1.001859090985757737e-04 3.398525529679488535e-04 2.278551618173568294e-04 2.460550515986138949e-03 1.746311026550529527e-03 2.531020278115286588e-03 1.534395584185516831e-03 5.014923356043253164e-03 1.151553366676468090e-03
1.679852156257469111e-03 1.089190831043501890e-03 1.826804002503619505e-03 2.506979317901731523e-04 1.591431507381575695e-04 4.916650196364818153e-05 4.167171394662503312e-05 1.285702992985904084e-05 1.000000000000000021e-08 1.000000000000000021e-08 1.000000000000000021e-08 1.000000000000000021e-08 1.000000000000000021e-08 1.858562515823979034e-05 2.018362533797716694e-05 1.000000000000000021e-08 1.243373718820638520e-04 3.221050441609543463e-04 2.283570935248160991e-03 2.993013497469368747e-03 2.449720114159473390e-03 5.458433908243514633e-04 1.884092525359864307e-04 1.770736858085903407e-04 7.535621340144343623e-05 9.115401212301275978e-05 4.486249526201128448e-05 1.320035100567240193e-04 8.377773469385054296e-04 1.887317174213352087e-04 3.281197206249540578e-04 9.092468097008265171e-04 2.227994612207630579e-03 1.513712990492078071e-03 2.555263627407907204e-03 1.812610837864831858e-03 2.078050452287845320e-03
1.355922229846909591e-04 9.460088972079649591e-04 1.491875825735996435e-03 2.526468833083782978e-03 4.482749264459826716e-04 6.118833443429560820e-04 4.775427228549440498e-04 3.220045276260677033e-04 9.918180999791587917e-05 8.398598213211287667e-05 2.592552237921846777e-05 2.201096200092366492e-05 1.000000000000000021e-08 8.227481249323819487e-05 3.124475525110118214e-05 1.239466415196560843e-05 1.000000000000000021e-08 1.000000000000000021e-08 3.434252780736739090e-04 4.165554282912688634e-04 3.519686550911615541e-03 1.566076039813597744e-03 1.121288820411925910e-03 9.086716370092151260e-04 1.151124122965617837e-03 9.052657587437830129e-04 6.419250408371263280e-04 5.835730871957939790e-04 8.311846611155914192e-04 8.714950112984095991e-04 2.248918519043163408e-03 1.167795080216983998e-03 2.147127578909743904e-03 4.097757500348289325e-03 2.189392495511283988e-03 4.673048578984442813e-03 1.166261262068364439e-03
6.924452172546773305e-04 6.984712077588158896e-04 1.148547421432593663e-03 3.714640623795736375e-03 4.715117975568871786e-03 5.660353547620735129e-03 4.101508463328757542e-03 2.955723866793703164e-03 3.139709057558432923e-03 2.153963020277052231e-03 2.536941345780622907e-03 1.929751694735933444e-03 1.481934783644444330e-03 1.008607251521510774e-03 6.918600367236707417e-04 6.965565757716717988e-05 3.258663602071526391e-04 4.060219404735631026e-05 1.327055651382504087e-03 2.833359467507670301e-03 2.251238959452918180e-03 3.436294345838038656e-03 2.141385583340624926e-03 2.418728374302948209e-03 1.848466971276518846e-03 2.110937585550203607e-03 1.839476401903648861e-03 1.998406306030437850e-03 1.380837235824768344e-03 1.587328672555505475e-03 2.967477500696841242e-03 3.279978924864372820e-03 1.080454134185076685e-03 7.725867083557675079e-04 3.735008264716014464e-03 2.724561118439956103e-03 4.670220606115964811e-03
2.136182407448325004e-03 2.275151443662605348e-03 1.710579469481648268e-03 1.656300801323495712e-03 2.110917724123387035e-03 2.166607319477233812e-03 3.051363815146866318e-03 5.186747879097978672e-03 1.882959882576560251e-03 3.673174137944260152e-03 3.236486121610415104e-03 4.537918355136935644e-03 4.050332456598092906e-03 5.304721996487291209e-03 4.740352045939925235e-03 4.887279157003206025e-03 2.988614603353478404e-03 3.171862904795800034e-03 1.997422056627840437e-03 2.528615410321109237e-03 6.331264310185587794e-03 6.606589200497765477e-03 3.457587394444332479e-03 4.395347992453472671e-03 4.514233391598926337e-03 5.045520138881579367e-03 6.919719364966223432e-03 4.870555569393457233e-03 3.775151601268629965e-03 3.624857875218058609e-03 9.694315249785043567e-03 9.738094083622837044e-03 8.531788754532984922e-03 5.793687598898208425e-03 7.580540419466060172e-03 4.176302361733716557e-03 2.773665540362775170e-03
1.187081697167664514e-03 2.681704512519850810e-03 3.628377209825333662e-03 4.224361162524655454e-03 2.133796723117171480e-03 1.453574736704898269e-03 8.285177834029908844e-04 4.938900988450513688e-04 3.798926599290710152e-03 7.828878180860421743e-04 5.146450824663335562e-04 6.065906342906681164e-04 4.037109611706301161e-04 4.991974893549599264e-04 5.705105750570722573e-04 5.045053396800434388e-03 7.205977234613404787e-03 5.489536434209784169e-03 3.680768663626850581e-03 1.844445190175630564e-03 1.269358697859099445e-03 7.242232047941399471e-04 4.845756860124992497e-04 3.612002500105587484e-04 3.707963406241776214e-03 1.471593162074648180e-03 1.170031352913495715e-03 3.607776302634638742e-03 6.243976587389535489e-03 8.122341935572043384e-03 3.085903994832470392e-03 3.767478073409343594e-03 4.756738261450265889e-03 4.980737567626447419e-03 5.947087465229206928e-03 3.795469341626174064e-03 4.312031444679274329e-03
4.958312916186706889e-04 8.321945671723517493e-05 1.010764128985549388e-03 1.490935100817711257e-03 2.167686182451588825e-03 1.966130965923388544e-03 1.556899489488483643e-03 1.351540394057230889e-03 2.989129795398535756e-03 2.696467504346060275e-03 5.798987424599743841e-04 1.896939448053432294e-04 1.866416733529802031e-04 1.375195164637905260e-04 1.634418409940870153e-04 4.358427039919108605e-04 2.972461096178384402e-04 3.278057141734758498e-03 1.528083498986105649e-03 1.475884164294148388e-03 1.953931528620733021e-03 1.726506187261559388e-03 1.860184888789430478e-03 1.055046605488441742e-03 1.264053949798192578e-03 2.630829114660224351e-04 1.704945577629329108e-04 1.750770922625570416e-04 2.273270064563269694e-04 8.322933980888681934e-04 5.950525974313195790e-04 1.859214104774303637e-04 1.184312191608671502e-03 2.410918813304164642e-03 6.117184678712999334e-03 3.345614421315073767e-03 5.610411839441706294e-03
2.040421146820495986e-05 1.495358246977598817e-04 3.768597161113033988e-05 1.344347251755713196e-05 1.983086591660211066e-03 3.294234126780669347e-03 4.325848074903468170e-03 5.031541174419312812e-03 6.177950839337507244e-03 4.755406723624102695e-03 1.158422500797773574e-03 9.547827118329835563e-04 3.569573350077481365e-04 3.089120887741991458e-04 2.419938886414522788e-04 4.490284445232995423e-04 3.557251447133324496e-04 1.808203408775306120e-03 2.691364612503227734e-03 3.739326629395635284e-03 3.069191788245598761e-03 3.257479940676970102e-03 1.292530407419114355e-03 3.181323653280258238e-03 1.987348360686388201e-03 3.191239979495246533e-04 2.295545067931061564e-04 3.510558068732524766e-04 9.506030853376683069e-04 5.519674636900302701e-04 4.132739072318915795e-04 7.150187376714147738e-05 1.331287320729566612e-03 8.359761088254117831e-03 4.115213003548446637e-03 2.533490843337800856e-03 3.976255919159163432e-03
2.562589569119058186e-05 4.243486696528492958e-05 1.364435622230788545e-05 2.397490716895587875e-05 1.979248280154286468e-05 1.116384357042719550e-04 8.866993408420572307e-05 3.900432825204438536e-04 8.628133116283629063e-04 3.551326328682909931e-03 2.321132395723385974e-03 1.089203662635338920e-03 1.209202722377263842e-03 4.708837063436308403e-04 7.503668282602413489e-04 1.201178149901848324e-03 1.866540696216780490e-03 1.652828952450498745e-03 2.295963730487818929e-03 1.577840599199077567e-03 1.126790701417081444e-03 1.341109627638366678e-03 3.023030714172887830e-03 2.688385710312163855e-03 4.608265652412899156e-03 3.168110518349062481e-03 2.134364071166543284e-03 5.210133278375774727e-04 5.048746090514336267e-04 4.176976888967734707e-04 5.251829911633536631e-04 3.959917459665006443e-04 8.000680971687690411e-04 6.435358910450140156e-04 4.508668207661918441e-03 7.427781027666980306e-03 3.098192390335465819e-03
2.125736495856392924e-05 6.397364428429398514e-05 1.000000000000000021e-08 1.000000000000000021e-08 1.000000000000000021e-08 1.000000000000000021e-08 1.000000000000000021e-08 3.839000846620700729e-05 2.081600432928857821e-04 1.065553088865622226e-03 1.688967759450423975e-03 2.658881556163749695e-03 3.449842263086417941e-03 2.645973890718112363e-03 1.784114955554167532e-03 7.898512847366349291e-04 1.067881052933809967e-04 8.936902235251646220e-05 6.684621481206814758e-05 5.397959475264041580e-04 1.130919531748002596e-03 1.859191608703827199e-03 2.151973186014200737e-03 3.278647533740871364e-03 1.976439734312183949e-03 2.165361038272535076e-03 9.810161005998380580e-04 8.244935522854386634e-04 2.776304811500962294e-04 4.717825294232608907e-04 1.277914985084137962e-03 4.067355548135671330e-04 4.817572770764854285e-04 5.691254669338252333e-04 1.381712261450661686e-03 6.351916542071336588e-03 8.569557954085213827e-03
1.000000000000000021e-08 7.864720900513387286e-05 1.000000000000000021e-08 1.000000000000000021e-08 1.000000000000000021e-08 1.000000000000000021e-08 1.619402383597398756e-05 4.517183814656475769e-05 1.309704166792540698e-05 2.177107775431165904e-04 1.200598143646892327e-03 8.914268103799383516e-04 9.604026334144831478e-04 6.343284210626138307e-03 4.886117395598451284e-03 1.238721939863474293e-03 9.758876835715862060e-04 3.277343024081758559e-04 4.986982764932645917e-04 4.264848209353087503e-04 8.609079508314005421e-04 6.609735387654176167e-04 4.928956163371543036e-04 4.878070472129654575e-04 1.887681599503534050e-03 1.295601856683370251e-03 1.861517240030854167e-03 8.429498933448229848e-04 9.465782539731569609e-04 7.024769393128130245e-04 1.948656913129205928e-03 1.283404696875138249e-03 6.579159145631814989e-04 7.535279879155201525e-04 1.480162774388897606e-04 1.377063714795489493e-03 4.997813483016085717e-03
1.000000000000000021e-08 1.000000000000000021e-08 1.021887552755222910e-04 8.620254319291332352e-05 6.052944239326378230e-05 4.986773078742656013e-05 5.960443989653991029e-05 5.374214104165588144e-05 5.192977491040875972e-05 1.000000000000000021e-08 2.709092399952422168e-04 2.363574717628923422e-04 3.000864299246048411e-04 6.875731155188153504e-04 8.306613555560905457e-04 1.405341868083649073e-03 7.363057721838459774e-04 8.944973458177634881e-04 3.008589388223588141e-04 2.779681565037091001e-04 9.374463187207375016e-05 1.431110013639592309e-04 4.675748227088941805e-04 7.001757631959406192e-04 8.350592353162231878e-04 1.805673029479177606e-03 1.162929089578381651e-03 1.697256284477978352e-03 8.289890888957111327e-04 1.293453046185580498e-03 4.650480600129427728e-04 2.869531226558218618e-04 5.023613950507520905e-04 3.771619658226249908e-04 1.128652665098279790e-03 4.963585321958273585e-04 1.242057436334459419e-03
1.000000000000000021e-08 1.103740371747814355e-05 8.227577355678379460e-05 7.555578016885911258e-05 2.855031869716094940e-05 1.835498391186459469e-05 1.935854735577365805e-05 4.116820315729424686e-05 4.135407700750101353e-05 2.504552371447667415e-05 1.384774834126997040e-04 1.816720237722571575e-04 1.147466739523400912e-04 1.044688323285111297e-04 1.070281649495423773e-03 7.652970460106960819e-04 1.265947425599229159e-03 6.705721374843042447e-04 8.159789230236297233e-04 3.384868796771772770e-04 3.670198050256270016e-04 1.601326880575157797e-04 3.458585469824571523e-04 7.637866010902917124e-04 1.967325257441079108e-03 1.230270056677594363e-03 2.013766226639613927e-03 1.173900615907558752e-03 1.702865167508803724e-03 1.886861027901097759e-03 2.298292577917845046e-03 5.814513467123265736e-04 2.142069033887111025e-04 4.052539749250131740e-04 1.363190523958821877e-03 1.818337862793112240e-04 9.645917686852292870e-04
1.961730095333271513e-05 1.365265458591126988e-05 9.202078240748946748e-05 1.000000000000000021e-08 1.442136364785022674e-05 1.178396409517269059e-05 1.854542727742983712e-05 1.781268457877826266e-05 4.257195872203999178e-05 9.733596287661165679e-05 2.139311796546633200e-04 2.070537520362075972e-04 2.201378037089100491e-04 2.502246910622426494e-04 7.818607376494281648e-05 1.201972740040781196e-03 7.715851397217113935e-04 1.215566828276690462e-03 6.341524626888374620e-04 8.259781907384686379e-04 3.716780113430697818e-04 4.540947290074965606e-04 1.591741221454647133e-04 3.968493593872498941e-04 6.446254318490403758e-04 1.440933904096297971e-03 2.183807577845096274e-03 3.762269584635614603e-03 5.400092853997872852e-03 7.395070625121889264e-03 8.576256252426353241e-03 1.190533306776949025e-02 1.134407115898943864e-02 9.548331864105185154e-03 6.704223941960418126e-03 4.663594909302609844e-03 6.715733497648907965e-03
5.104165391818821527e-05 2.602228255486118761e-05 9.262647242257365310e-05 1.000000000000000021e-08 1.000000000000000021e-08 1.000000000000000021e-08 1.204761166917816443e-05 1.421746145327229279e-05 1.130771205679956593e-05 2.833236852147470145e-05 8.942025115879214954e-05 2.791023278372542905e-04 2.919953351971979862e-04 3.274047534480436995e-04 7.936453548891027462e-05 1.021531195453020252e-04 7.285139024305279515e-04 6.049491956729813151e-04 1.051552278293797814e-03 1.281450839840497227e-03 1.178643113215775348e-03 5.138020691458299559e-04 5.722747358099813074e-04 2.011101988275146237e-04 2.452916245040427917e-04 1.150170111171273848e-03 2.219872178087218487e-03 3.170539674570245579e-03 3.317432816797236117e-03 2.311198272904935180e-03 2.561026366920102909e-03 3.486189593641795658e-03 1.216593403566215790e-03 4.085556926926435517e-03 5.921461434538836596e-03 5.366078617439377224e-03 6.959360623217086816e-03
3.247127947778075357e-04 4.520592038244962787e-05 1.000000000000000021e-08 1.000000000000000021e-08 1.000000000000000021e-08 1.000000000000000021e-08 1.000000000000000021e-08 1.000000000000000021e-08 1.000000000000000021e-08 1.211245309300310063e-05 2.437995484041718407e-05 4.540779136600924307e-05 1.470555239618383407e-05 1.728318266146711883e-05 3.816316972414990263e-05 1.075202018469991307e-04 2.618298809025760253e-04 7.376484683327031670e-04 5.591813044477948400e-04 6.321000496574582898e-04 5.687417532407286827e-04 9.232039800957091711e-04 1.057890206129721931e-03 1.485090185802864522e-03 2.689313929962377104e-03 2.213608169684615906e-03 1.780970058228991499e-03 1.253317330205785344e-03 1.179063652209856160e-03 8.348761740132106543e-04 7.248949937169592121e-04 1.423314391383853129e-04 3.210660675760467061e-04 1.326894341676287861e-03 1.645569296256903713e-03 2.600997273837703239e-03 2.324274081318442736e-03
3.050938724610828589e-04 2.712215178528340031e-04 1.461354446529071146e-04 1.000000000000000021e-08 1.000000000000000021e-08 1.000000000000000021e-08 1.000000000000000021e-08 1.000000000000000021e-08 1.000000000000000021e-08 1.000000000000000021e-08 1.000000000000000021e-08 1.000000000000000021e-08 1.000000000000000021e-08 2.638340975163596674e-05 8.546049659112649449e-05 6.147466027142211957e-05 2.770417761690332397e-04 3.192318215563680816e-04 7.512157607017119721e-04 4.354804149765750462e-04 8.566518850795879023e-04 5.601810434319172242e-04 1.011103577458707112e-03 9.208201906149563647e-04 1.665859910519592018e-03 3.080639859471915112e-03 2.520917562324248486e-03 1.963182308249413789e-03 1.047625039834837820e-04 1.555763473583392925e-04 1.230434836010214591e-04 1.701553249554388727e-04 1.721841253313701771e-04 1.137081461913182906e-03 1.929462126962867147e-03 1.484988503028610539e-03 2.946801882316437554e-03
