output/water_depth_7440.asc
ncols 223
nrows 158
xllcorner 0.0
yllcorner 0.0
cellsize 30.0
[rows 102 to 118 of 158, columns 111 to 147 of 223]
2.226372567105484922e-05 2.736218177696394415e-05 6.295225836427035648e-05 4.403295333720055166e-05 7.435974977770305619e-05 4.224278958182188119e-05 6.864196802468353303e-05 4.541836497957826228e-05 7.290740948564920386e-05 7.050902413895801589e-05 2.150307452584501191e-04 3.239203415018601477e-03 1.101837351977465879e-03 2.230652856937780895e-04 2.451254525113911054e-04 5.299656707636209423e-04 4.038932693424172968e-04 2.733396336123059857e-03 3.890887927314472163e-03 1.787640260075177082e-02 1.080025169899289381e-03 1.000000000000000021e-08 1.000000000000000021e-08 1.000000000000000021e-08 1.000000000000000021e-08 1.000000000000000021e-08 1.634273956276290519e-05 1.418322441858176707e-05 1.000000000000000021e-08 1.000000000000000021e-08 1.000000000000000021e-08 1.000000000000000021e-08 1.000000000000000021e-08 1.000000000000000021e-08 1.000000000000000021e-08 1.000000000000000021e-08 1.000000000000000021e-08
5.376218282408941167e-04 6.264729376587026234e-04 7.136704383723509139e-04 9.209514363497326448e-05 5.121479396846995060e-05 7.906303695533294367e-05 4.538314171977240118e-05 7.669041190580369496e-05 4.581771576679290745e-05 9.799927533430205116e-05 9.539887504821912992e-05 2.317060241452667448e-03 1.686531701442874499e-03 1.506666582871027632e-04 3.245807335493464140e-04 2.598783359630523078e-04 4.055006301931987113e-03 3.776399579026330083e-03 7.086445852699538826e-03 2.109686435809146957e-02 7.523507495014607237e-04 1.000000000000000021e-08 1.000000000000000021e-08 1.000000000000000021e-08 1.000000000000000021e-08 1.000000000000000021e-08 2.095789302981078474e-05 1.613889886751830030e-05 1.000000000000000021e-08 1.000000000000000021e-08 1.000000000000000021e-08 1.847445680541583707e-05 1.000000000000000021e-08 1.000000000000000021e-08 1.076808504832772747e-05 1.000000000000000021e-08 1.000000000000000021e-08
3.828697893494756852e-04 8.474905193402755424e-04 1.292732829462059580e-03 1.775034097870101550e-03 2.152247868223113123e-03 2.493766855737415515e-03 1.808799600978425702e-03 1.530970675708381596e-03 1.408570875810564093e-03 1.367329362750626656e-04 1.756348660370649572e-04 1.970217811693467450e-03 3.643975718122709553e-03 7.714160907474537643e-03 8.155265139922438303e-03 1.128898590850808958e-02 1.024183919133690550e-02 1.278933438046564626e-02 1.237173045728938436e-02 2.733767371013489170e-02 5.665703955379749503e-04 1.000000000000000021e-08 1.000000000000000021e-08 1.000000000000000021e-08 1.000000000000000021e-08 1.000000000000000021e-08 2.703326083381132682e-05 1.601664106638546584e-05 1.000000000000000021e-08 1.000000000000000021e-08 1.000000000000000021e-08 1.000000000000000021e-08 1.000000000000000021e-08 1.000000000000000021e-08 1.245778454619522757e-05 1.000000000000000021e-08 1.000000000000000021e-08
1.846569341326673250e-04 1.000000000000000021e-08 2.091104013216753431e-05 1.619230826043864264e-04 4.656017939414620020e-04 7.577016736088486608e-04 2.318833621653664922e-03 3.154430450427319309e-03 3.892672940022817198e-03 4.621318534014275635e-03 5.088427715958722397e-03 6.140910457542191059e-03 2.952137207584830045e-02 5.914466476160495749e-03 6.396212108153834924e-03 4.541220774672487075e-03 5.027397289985595721e-03 3.299194290661974175e-03 4.289157901185627030e-03 1.806387436641615149e-02 1.840568984210760872e-02 1.000000000000000021e-08 1.393477967099609563e-05 1.000000000000000021e-08 1.000000000000000021e-08 1.000000000000000021e-08 2.683753909657630307e-05 1.826986058061561330e-05 1.000000000000000021e-08 1.000000000000000021e-08 1.000000000000000021e-08 1.000000000000000021e-08 1.000000000000000021e-08 1.000000000000000021e-08 1.579866567094066843e-05 1.000000000000000021e-08 1.182131147038565760e-05
1.000944449852230882e-04 8.070468477193906806e-05 7.058592983235296222e-05 6.046522432940217939e-05 5.011475642358602823e-05 3.520911723466114160e-05 3.449126084371595624e-05 2.953629285523918393e-05 2.206298720749336133e-05 2.566930053888989458e-05 8.590579647858002802e-04 7.685973914979718317e-04 4.489041880601763964e-04 1.000000000000000021e-08 1.177582340018814396e-05 1.000000000000000021e-08 6.539758799621230240e-04 1.760863316693313978e-04 5.446285527199817801e-04 1.152772769112579004e-02 2.230962459431119413e-02 6.242413879194412193e-03 1.000000000000000021e-08 1.000000000000000021e-08 1.000000000000000021e-08 1.000000000000000021e-08 1.000000000000000021e-08 2.958940237068990230e-05 1.495735232897071586e-05 1.000000000000000021e-08 1.000000000000000021e-08 1.000000000000000021e-08 1.299635800723921102e-05 1.000000000000000021e-08 1.000000000000000021e-08 1.000000000000000021e-08 2.916211490900572472e-05
7.852728359009642227e-05 1.174755334018680943e-04 1.254922170616475162e-04 1.223569609034653094e-04 1.169531850018520436e-04 1.134858269790171549e-04 9.821285381235763518e-05 9.071543579965093854e-05 2.440049115595751953e-04 1.445155505560245248e-04 3.679538162490763242e-04 3.096281603590468395e-04 3.536561055942325123e-04 2.523972746071286651e-04 1.794027859273679458e-04 1.000000000000000021e-08 2.726976161188716957e-05 1.169196715337883781e-05 4.028085716961367704e-04 7.733684729875975848e-03 5.052620707340092082e-02 1.863412013371444978e-02 1.059340957428670096e-04 1.000000000000000021e-08 1.000000000000000021e-08 1.000000000000000021e-08 1.000000000000000021e-08 4.115188456213322339e-05 1.730061761733246367e-05 1.843820335337658970e-05 1.000000000000000021e-08 1.120586011289963865e-05 1.000000000000000021e-08 1.000000000000000021e-08 1.000000000000000021e-08 1.000000000000000021e-08 4.905592388154409372e-05
1.000000000000000021e-08 1.000000000000000021e-08 8.851217988271435101e-05 1.097216370611727782e-04 1.392076287327486414e-04 1.922486546484411215e-04 2.530020550756965545e-04 3.368952583175217029e-04 5.002736622767012253e-04 5.984244045977630232e-04 3.073140248701643510e-04 2.887204429165369027e-04 3.740146041420179751e-04 2.774247315190456610e-04 1.637176652247196473e-04 4.011031240090965960e-05 2.273823042252722790e-05 1.000000000000000021e-08 2.923943195659146573e-04 6.718304247816371186e-03 2.010671025451809049e-02 5.438728198001702152e-02 1.892256910372860923e-02 1.350913452815228537e-04 1.337370998293902958e-05 1.640219127194837329e-05 2.910279573577677383e-05 3.817480649585718245e-05 2.208438921909470571e-05 1.000000000000000021e-08 1.000000000000000021e-08 1.000000000000000021e-08 1.000000000000000021e-08 1.717888201256635030e-05 1.000000000000000021e-08 1.048385688592526226e-05 6.813114675890596039e-05
1.000000000000000021e-08 1.000000000000000021e-08 1.000000000000000021e-08 7.156478838487469857e-05 2.254406789488272098e-03 1.000000000000000021e-08 1.150673196448994482e-05 1.000000000000000021e-08 7.681244168086169381e-05 9.139912438546241675e-05 2.493044034792963031e-04 3.055440373098223194e-04 3.546737166505256091e-04 3.314424952101558569e-04 2.793399522265011849e-04 3.483423160711278301e-03 3.905529870293061986e-05 4.986713710394023377e-04 3.670774831099008211e-04 1.275077205160145060e-03 8.413128382296075083e-05 1.288037055722732020e-02 1.637830998885187600e-02 1.629271368284399696e-02 8.177933261852685554e-05 1.000000000000000021e-08 1.000000000000000021e-08 3.258152232631368297e-05 3.285786135615492075e-05 1.000000000000000021e-08 1.000000000000000021e-08 1.000000000000000021e-08 1.000000000000000021e-08 3.577539301815938069e-05 1.000000000000000021e-08 5.902987063267419734e-05 6.465617465092903969e-05
1.000000000000000021e-08 1.000000000000000021e-08 1.000000000000000021e-08 2.969465306134281407e-05 1.644200232014557048e-04 1.000000000000000021e-08 1.000000000000000021e-08 1.000000000000000021e-08 1.000000000000000021e-08 1.000000000000000021e-08 2.543920320110766098e-04 5.806222992587050952e-04 7.636839046978482386e-04 6.576619623824336500e-04 5.757672229724791627e-04 8.156113600213769086e-04 2.159951617262202521e-03 1.322741998811906988e-02 3.139855740777036924e-03 1.149849114045518785e-03 1.617986839754466345e-03 1.254407131289368010e-02 1.484582923058224736e-02 1.572781473715079842e-02 1.446818624638498280e-02 2.833093545718016852e-03 2.993912083594878464e-03 4.772742010094698905e-05 3.517141944091861514e-05 1.000000000000000021e-08 1.000000000000000021e-08 1.000000000000000021e-08 2.957961516972353719e-05 3.303768873863653942e-05 4.290914224630768117e-05 5.512644812510847993e-05 8.574837288126567936e-05
1.000000000000000021e-08 1.000000000000000021e-08 1.000000000000000021e-08 1.000000000000000021e-08 1.693428686384705389e-04 9.523827121946668375e-05 4.463475037085482748e-05 1.000000000000000021e-08 4.636143393109423499e-05 6.577822026928704208e-05 1.017324035818806233e-04 3.882456626253713008e-04 6.799393997346618850e-04 1.175147811310931064e-03 1.587614716568146395e-03 1.633723139275080520e-03 1.417968654374049658e-03 9.312471001009694615e-04 1.598071256410462868e-02 4.521873635917029143e-03 3.964771548524498139e-03 8.542815561986586217e-03 2.374088433833696291e-02 5.930433292845987969e-02 1.885093201938816895e-02 1.247627299924295406e-02 1.373393482549113524e-02 1.570033447153054414e-04 2.717444706627151945e-05 1.952556151116882692e-05 1.687704742092456273e-05 1.554080736595712676e-05 1.117769803635396115e-04 5.345375333934308728e-05 1.000000000000000021e-08 5.066829229667487762e-05 1.095099260360782615e-04
2.260839948289004614e-04 1.294710130041555401e-04 2.702140792900219884e-04 1.000000000000000021e-08 1.094089311185898170e-04 1.324778807732053857e-04 1.628852363846210616e-04 2.668619205111989138e-04 4.547184899163379183e-04 4.098413481480571311e-04 6.516746302585417353e-04 6.183600764930171972e-04 5.716422677548998760e-04 5.152080034678791593e-04 3.874203076543761780e-04 2.526063057046912708e-04 1.000000000000000021e-08 4.115061573963369715e-04 1.728600109863563509e-04 1.920068212614327112e-04 3.795701455824777810e-05 5.542300851457086265e-03 1.058944737913863378e-02 2.895857049715479248e-02 2.613420852097959879e-02 3.194772576380033868e-02 1.769925623985642016e-01 1.737700859795427988e-01 4.090273420157577414e-04 6.389451159181401877e-05 8.355859104131085251e-05 1.000000000000000021e-08 1.271141537998997199e-02 1.244290387498936563e-02 1.635948063961058750e-04 1.000000000000000021e-08 1.012453394467846833e-04
3.678516491734645625e-05 2.784215795763289288e-04 4.472198144268718645e-04 1.000000000000000021e-08 1.000000000000000021e-08 1.000000000000000021e-08 1.000000000000000021e-08 1.608843568575760887e-05 2.393116602560902049e-05 6.168459395490768658e-04 4.205756370017378881e-04 3.006953500525681497e-05 1.360020526283503437e-05 2.830776273853769268e-05 7.816023908315271372e-05 8.842419829747538327e-05 9.687927675351602427e-05 9.232791610051478204e-05 6.867461985568583610e-05 1.493886065183411120e-04 6.017460503140795169e-03 8.039495702786314188e-03 1.367699447437194238e-02 1.315746832776705337e-02 1.970731379687146179e-02 2.382282140953247487e-02 1.672996642572193715e-01 1.591844278834738391e-01 1.239590871114392562e-01 5.545933265867972195e-02 4.610368337202455646e-02 4.539073065873933110e-02 4.403633226845629633e-02 4.113950643204949270e-02 6.162485160811136814e-02 6.078941287895221757e-02 1.145933205935787975e-03
6.576888542836327619e-05 2.459522783363222390e-03 2.766487674683434320e-03 3.022011869376083938e-03 2.529029370354909806e-05 1.000000000000000021e-08 1.130275242042956027e-05 1.000000000000000021e-08 1.000000000000000021e-08 3.848718484546172821e-04 2.913421294932339966e-04 2.049844295791187652e-04 1.567969496656946963e-04 1.211163271042818904e-04 1.083162835319385257e-04 9.330577054454798310e-05 6.408428092550455719e-05 1.000000000000000021e-08 1.942831451619090398e-05 1.464621081428804552e-04 1.822430512020176141e-02 2.838969199835262441e-02 1.804591317972265366e-02 1.149894339373629462e-02 7.353774336288750740e-03 4.724152174167424965e-03 3.046557429365721447e-03 2.186042912265641520e-03 1.140542783346989953e-03 8.267268949388560531e-04 5.798018852557791777e-04 1.232935138498584757e-02 1.723603172357444230e-02 2.496295274350704418e-02 1.667456304897498368e-02 6.724031630311308461e-02 4.261362442699390130e-02
1.125482672992983608e-02 1.450518580306097262e-03 1.709088520496818489e-03 4.205931850333587824e-03 2.266053292228006194e-02 1.466005541544237317e-02 2.675267892715389294e-03 1.847138810479097585e-03 1.303175964548410710e-03 6.409081318666153210e-04 2.856202111385896234e-04 1.445746898263361782e-04 9.115747493438809018e-05 5.684729756363511555e-05 1.017015373567636127e-04 1.274279279060904228e-04 4.394106717118820109e-03 2.904541288357466878e-03 1.932252465462807592e-03 2.830964623621299789e-02 5.846923041991201192e-02 2.155788190345843749e-02 1.865702026898988523e-04 2.577318425871546868e-05 1.139641305201192980e-05 1.445846744719540024e-05 1.000000000000000021e-08 1.000000000000000021e-08 1.000000000000000021e-08 1.000000000000000021e-08 1.843782368289841739e-04 4.107209529608980489e-03 7.241390013912972663e-03 5.237487929221616191e-03 3.752613975421474624e-03 3.374640166498606066e-03 3.770365318172790026e-02
2.486911789108088512e-05 1.849896225768986855e-05 1.548991595098695619e-05 3.272872526535978169e-05 1.000000000000000021e-08 3.573090857268232216e-03 4.968159456175525075e-03 5.482949322818356230e-03 3.269480132015396834e-03 2.225715314649265482e-03 1.474483549983845315e-03 9.184591009370250648e-04 4.683264169322666265e-04 3.369655301864089869e-04 1.754909613729927972e-02 2.416114944932297448e-02 1.659304854597439677e-02 2.180155653246452357e-02 3.041774880870045522e-02 2.773788735606662684e-02 1.018377853243331889e-02 4.473840777082872447e-05 1.000000000000000021e-08 1.000000000000000021e-08 1.169317668270255287e-05 1.194224556647190333e-05 1.000000000000000021e-08 1.000000000000000021e-08 1.000000000000000021e-08 1.097114260436239360e-03 1.689818375806278940e-03 1.415239710861546487e-03 1.362181008293103686e-03 1.331252953253605391e-03 6.986909170835728941e-04 7.684010651617089729e-04 1.526489412185920262e-02
2.596262272103192888e-05 3.582288923093180548e-05 3.721561670090055350e-05 7.229623751755278596e-05 1.000000000000000021e-08 1.000000000000000021e-08 1.274741673811007835e-05 6.720977530053293949e-04 2.252810071864100230e-03 2.303308437189070107e-03 1.973376741187027328e-03 1.728292723917711346e-03 6.326493372007882705e-03 7.965840115375417974e-02 5.267975600032638595e-02 1.317637434066474753e-02 8.792256861328229256e-03 8.277246357590532094e-03 2.076476651268175950e-03 4.140540136278272909e-04 1.000000000000000021e-08 1.000000000000000021e-08 1.000000000000000021e-08 1.000000000000000021e-08 1.000000000000000021e-08 1.000000000000000021e-08 1.077016657857185261e-05 2.212121405004085172e-04 1.420087855611931130e-03 1.332910673978183027e-03 1.244298690882006788e-03 6.269765626420337537e-03 7.541045559458300776e-04 5.694011730436023206e-04 6.369426825971311230e-05 4.759942742468391291e-05 9.344464768615814629e-05
1.024070153808864623e-04 9.774408685407921771e-05 1.449374253971013183e-04 2.782720416936105678e-04 4.166858912910009234e-05 1.000000000000000021e-08 1.276604979074631038e-05 3.403024646136521936e-04 1.732741787993002545e-03 2.336400366914320303e-03 2.205134893507981232e-03 1.584063524690388150e-02 2.052588121607684321e-02 2.177728491225668084e-02 1.158984812771009579e-02 1.158480019725872555e-03 1.000000000000000021e-08 3.246137482193032234e-05 1.044405780897932926e-05 1.000000000000000021e-08 1.000000000000000021e-08 1.000000000000000021e-08 1.000000000000000021e-08 1.000000000000000021e-08 1.000000000000000021e-08 1.825449843774471013e-05 1.966525505765231996e-03 2.012541967432436314e-03 1.362198386829534778e-03 1.010696822805663719e-04 1.272687112271455256e-04 1.244096511869137662e-04 4.255634994471777253e-05 1.670939369150100531e-05 2.712704558451102920e-05 1.000000000000000021e-08 1.000000000000000021e-08
