output/water_depth_8040.asc
ncols 223
nrows 158
xllcorner 0.0
yllcorner 0.0
cellsize 30.0
[rows 34 to 50 of 158, columns 111 to 147 of 223]
1.000000000000000021e-08 1.000000000000000021e-08 1.000000000000000021e-08 1.000000000000000021e-08 1.000000000000000021e-08 1.901415736019137980e-05 1.846944997693982600e-05 1.940170238616493263e-05 1.000000000000000021e-08 1.000000000000000021e-08 1.000000000000000021e-08 1.000000000000000021e-08 1.000000000000000021e-08 1.000000000000000021e-08 1.000000000000000021e-08 1.000000000000000021e-08 1.000000000000000021e-08 1.000000000000000021e-08 1.000000000000000021e-08 1.000000000000000021e-08 1.000000000000000021e-08 1.000000000000000021e-08 1.000000000000000021e-08 1.000000000000000021e-08 1.000000000000000021e-08 1.000000000000000021e-08 1.000000000000000021e-08 2.181459825452829204e-05 1.041539390775984424e-04 6.061030565777284851e-04 1.927266198457744557e-03 7.859188383584916893e-03 4.101594835246504846e-03 1.562325406422208633e-05 1.000000000000000021e-08 1.000000000000000021e-08 1.000000000000000021e-08
1.000000000000000021e-08 1.000000000000000021e-08 1.000000000000000021e-08 1.000000000000000021e-08 1.000000000000000021e-08 1.000000000000000021e-08 1.000000000000000021e-08 1.000000000000000021e-08 1.000000000000000021e-08 1.000000000000000021e-08 1.575488993699811953e-05 1.616970827161600936e-05 1.704260188649535965e-05 1.632780896436734769e-05 1.707013230972866141e-05 1.000000000000000021e-08 1.000000000000000021e-08 1.000000000000000021e-08 1.000000000000000021e-08 1.000000000000000021e-08 1.000000000000000021e-08 1.000000000000000021e-08 1.000000000000000021e-08 1.737189477905447637e-05 2.089700893318175643e-05 2.071963909130668293e-05 2.755525521747173204e-05 1.000000000000000021e-08 8.695633503125048977e-05 6.864033754782872775e-04 4.179698008760140970e-03 5.878946154417449659e-03 2.878802750206380708e-03 1.531387646330089987e-05 1.000000000000000021e-08 1.000000000000000021e-08 1.000000000000000021e-08
1.000000000000000021e-08 1.000000000000000021e-08 1.096765622662476755e-05 1.000000000000000021e-08 1.000000000000000021e-08 1.000000000000000021e-08 1.000000000000000021e-08 1.000000000000000021e-08 1.000000000000000021e-08 1.000000000000000021e-08 1.000000000000000021e-08 1.000000000000000021e-08 1.000000000000000021e-08 1.000000000000000021e-08 2.558202721861549425e-05 1.000000000000000021e-08 1.000000000000000021e-08 6.957817627173832546e-05 5.037762851044468693e-05 7.574930845540135368e-05 1.000000000000000021e-08 9.173645663248537058e-04 3.936331989808556676e-03 5.512356565821802112e-03 6.416440526552231322e-03 7.815749284912446374e-03 7.532174959465776781e-03 7.935822227284507549e-03 8.397837500338518890e-03 9.259583122276295042e-03 1.298304617797236583e-02 7.076765739936972423e-03 3.318046379327847187e-03 4.406700350559691892e-04 1.000000000000000021e-08 1.000000000000000021e-08 1.000000000000000021e-08
1.080965968430246181e-05 2.197686417833691995e-05 1.000000000000000021e-08 1.000000000000000021e-08 1.000000000000000021e-08 1.000000000000000021e-08 1.000000000000000021e-08 1.000000000000000021e-08 1.000000000000000021e-08 1.000000000000000021e-08 1.000000000000000021e-08 1.000000000000000021e-08 1.000000000000000021e-08 1.000000000000000021e-08 1.000000000000000021e-08 1.000000000000000021e-08 2.189885500393533362e-05 6.001194647588645528e-03 5.927817985647485660e-03 5.914219736330052560e-03 6.687468396038587573e-03 5.885144322029992221e-03 4.090758916229792451e-03 2.638005222153395630e-03 1.720774435970962241e-03 1.350919733759481031e-03 7.255866794833514899e-04 4.993274860882943294e-04 3.672292733373227775e-04 1.921210547510676788e-03 1.392358996556072870e-02 1.764415652783148797e-02 3.890393971429893794e-02 1.249521114634363425e-02 5.060740418127597772e-05 1.000000000000000021e-08 1.000000000000000021e-08
1.264162492462137357e-03 6.386851190528027196e-04 4.078347638419588532e-04 1.604317322184548641e-04 1.000000000000000021e-08 1.000000000000000021e-08 1.000000000000000021e-08 1.000000000000000021e-08 1.000000000000000021e-08 1.000000000000000021e-08 1.000000000000000021e-08 1.000000000000000021e-08 1.000000000000000021e-08 1.000000000000000021e-08 1.000000000000000021e-08 4.134482109513869415e-03 2.503322987356347215e-02 6.118176052067464399e-03 2.110063291442733385e-05 1.393794867438828346e-05 1.000000000000000021e-08 1.000000000000000021e-08 1.000000000000000021e-08 1.000000000000000021e-08 1.000000000000000021e-08 1.000000000000000021e-08 1.000000000000000021e-08 1.000000000000000021e-08 1.000000000000000021e-08 1.000000000000000021e-08 5.546976706723346902e-05 9.091526006225952102e-05 1.128859109670615930e-02 5.729417022059488801e-02 1.967996082232125604e-02 8.228477859770329196e-05 1.000000000000000021e-08
4.525757573297152850e-03 4.703637419634327382e-03 5.320223589852893752e-03 7.491256226897884118e-04 4.736621168728428035e-04 1.421387072454647347e-04 1.182868161563372007e-04 3.547574715019306845e-05 5.732209804361344097e-05 4.435522399562260567e-05 3.039847917254392051e-04 2.271580167130687097e-04 4.059004142800432674e-03 6.529198862313330062e-03 6.605451216530680569e-03 4.863748311062611636e-03 4.160768223536141439e-03 1.000000000000000021e-08 1.000000000000000021e-08 1.000000000000000021e-08 1.000000000000000021e-08 1.000000000000000021e-08 1.000000000000000021e-08 1.000000000000000021e-08 1.000000000000000021e-08 1.000000000000000021e-08 1.000000000000000021e-08 1.000000000000000021e-08 1.000000000000000021e-08 1.000000000000000021e-08 1.000000000000000021e-08 1.000000000000000021e-08 2.173894926292783619e-05 5.821948799089641618e-05 5.577841597248692912e-02 1.816857186293573817e-02 1.144292446101552625e-02
3.569753658565680125e-05 5.817853991660590802e-05 7.464615148514007915e-04 3.257914043547716857e-03 4.103739387648192537e-03 4.597226104149940672e-03 3.308791819886856486e-03 3.449069828169562361e-03 4.427619616366365758e-03 5.025707296015050063e-03 5.493169353406540147e-03 6.844172695431333976e-03 3.911197154084682451e-03 4.021950270559711618e-03 1.040710625525596255e-05 1.000000000000000021e-08 1.000000000000000021e-08 1.000000000000000021e-08 1.000000000000000021e-08 1.000000000000000021e-08 1.000000000000000021e-08 1.000000000000000021e-08 1.000000000000000021e-08 1.000000000000000021e-08 1.000000000000000021e-08 1.000000000000000021e-08 1.000000000000000021e-08 1.000000000000000021e-08 1.000000000000000021e-08 1.000000000000000021e-08 1.000000000000000021e-08 1.000000000000000021e-08 1.000000000000000021e-08 1.000000000000000021e-08 4.234534525201949398e-05 3.875712400895551472e-03 1.014542475238435111e-02
1.000000000000000021e-08 1.000000000000000021e-08 1.000000000000000021e-08 1.000000000000000021e-08 1.465765123107309988e-05 1.606080383333442413e-05 2.797897164932287156e-03 2.918414064995208685e-03 1.898972824474014741e-03 1.335491465781019288e-03 9.814429458967527560e-04 1.364818141547705912e-03 1.000000000000000021e-08 1.000000000000000021e-08 1.000000000000000021e-08 1.000000000000000021e-08 1.000000000000000021e-08 1.000000000000000021e-08 1.000000000000000021e-08 1.000000000000000021e-08 1.000000000000000021e-08 1.000000000000000021e-08 1.000000000000000021e-08 1.000000000000000021e-08 1.000000000000000021e-08 1.000000000000000021e-08 1.000000000000000021e-08 1.000000000000000021e-08 1.000000000000000021e-08 1.000000000000000021e-08 1.000000000000000021e-08 1.000000000000000021e-08 1.000000000000000021e-08 1.000000000000000021e-08 1.000000000000000021e-08 1.000000000000000021e-08 2.722811716081059510e-05
1.000000000000000021e-08 1.000000000000000021e-08 1.000000000000000021e-08 1.000000000000000021e-08 1.000000000000000021e-08 1.000000000000000021e-08 1.000000000000000021e-08 1.000000000000000021e-08 2.004411086099733649e-05 3.828798585456982844e-05 4.602964169857880336e-04 6.354843222798753832e-04 1.000000000000000021e-08 1.000000000000000021e-08 1.000000000000000021e-08 1.000000000000000021e-08 1.000000000000000021e-08 1.000000000000000021e-08 1.000000000000000021e-08 1.000000000000000021e-08 1.000000000000000021e-08 1.000000000000000021e-08 1.000000000000000021e-08 1.094084906085163574e-05 1.920817569605980571e-05 1.934014165028023473e-05 4.321556378510422601e-05 4.976797300081610068e-05 3.776211494538626650e-05 3.993317191373629019e-05 3.893223333268653875e-05 4.291676053630169498e-05 1.000000000000000021e-08 2.809669791557149569e-05 3.041920343243410420e-05 3.196435340802090697e-05 1.000000000000000021e-08
1.000000000000000021e-08 1.000000000000000021e-08 1.000000000000000021e-08 1.000000000000000021e-08 1.000000000000000021e-08 1.000000000000000021e-08 1.000000000000000021e-08 1.000000000000000021e-08 3.121766409920815032e-05 1.062705134608383248e-04 3.836932610830156676e-04 2.772771871567987750e-04 1.000000000000000021e-08 1.000000000000000021e-08 1.000000000000000021e-08 1.000000000000000021e-08 1.000000000000000021e-08 1.000000000000000021e-08 1.000000000000000021e-08 1.000000000000000021e-08 1.000000000000000021e-08 1.000000000000000021e-08 1.000000000000000021e-08 1.059159687750263777e-05 2.724731586832431659e-05 5.667550877411989539e-05 5.839070601732232479e-05 4.373944327372555549e-05 6.086329674647342571e-05 5.044498560794309985e-05 4.593584332244157617e-05 3.607513551840071676e-05 4.231897406500157409e-05 3.261589118654736088e-05 2.490482615242172921e-05 2.239636291819036297e-05 1.941509913339547542e-05
1.000000000000000021e-08 1.000000000000000021e-08 1.000000000000000021e-08 1.000000000000000021e-08 1.000000000000000021e-08 1.000000000000000021e-08 1.000000000000000021e-08 1.000000000000000021e-08 6.410238289826286412e-04 5.861675221540008779e-04 4.487778984417018706e-04 1.045721681419255073e-05 1.000000000000000021e-08 1.000000000000000021e-08 1.000000000000000021e-08 1.000000000000000021e-08 1.569965298696895332e-05 1.567784097435106957e-05 2.817138782710260127e-05 3.190073728675014183e-05 1.000000000000000021e-08 1.000000000000000021e-08 1.000000000000000021e-08 1.000000000000000021e-08 1.000000000000000021e-08 1.267654245806473804e-05 1.469953227803185778e-05 1.324403771605017969e-05 1.000000000000000021e-08 1.000000000000000021e-08 1.000000000000000021e-08 1.000000000000000021e-08 1.000000000000000021e-08 1.000000000000000021e-08 1.526663893729661122e-05 2.181126104341414416e-05 2.314389332832750187e-05
1.000000000000000021e-08 1.000000000000000021e-08 1.000000000000000021e-08 1.000000000000000021e-08 1.000000000000000021e-08 1.000000000000000021e-08 9.816637821379762348e-05 8.688957103356069120e-04 9.083067669943512782e-04 1.477192519876224320e-04 1.188758718894751479e-05 1.201820899406390588e-05 1.000000000000000021e-08 1.000000000000000021e-08 1.000000000000000021e-08 1.000000000000000021e-08 1.529239491893250185e-05 1.438267809674780697e-05 1.087446547257098738e-05 1.000000000000000021e-08 1.000000000000000021e-08 1.000000000000000021e-08 1.000000000000000021e-08 1.000000000000000021e-08 1.000000000000000021e-08 1.000000000000000021e-08 1.000000000000000021e-08 1.000000000000000021e-08 1.000000000000000021e-08 1.000000000000000021e-08 1.000000000000000021e-08 1.558786153519171679e-05 2.792727727540015201e-05 4.281170344777152325e-05 6.852718635114243308e-05 5.887646019396032131e-05 5.992331052255877921e-05
1.256326242852193676e-05 1.384176432805491353e-05 1.400284472774996905e-05 5.199933715919006079e-05 4.219277537301386878e-04 5.850389603196757410e-04 8.040732422047217574e-04 8.749630618172578875e-04 1.000000000000000021e-08 1.000000000000000021e-08 1.000000000000000021e-08 1.290124518142856789e-05 1.761388928929867275e-05 3.943686715295255927e-05 1.000000000000000021e-08 1.772078921324944650e-05 1.836478421468316387e-05 2.743304048783499130e-05 2.291061683009857762e-05 2.201985039449779800e-05 1.907978764615803107e-05 2.034975838904544597e-05 2.274888172341671467e-05 2.005619026389026749e-05 1.774421923364768975e-05 1.978602060747004215e-05 2.029949246727540777e-05 3.333636756063230154e-05 3.252045126370117778e-05 3.509807601174542264e-05 1.000000000000000021e-08 1.000000000000000021e-08 1.000000000000000021e-08 1.000000000000000021e-08 1.000000000000000021e-08 1.000000000000000021e-08 4.050696873931371693e-05
3.716929634392071211e-04 5.937529645243958210e-05 4.842421087924521415e-05 5.254738768982366833e-04 3.674396327601006673e-04 2.298246222180530421e-04 2.286474648876205950e-04 4.464622677360750050e-05 1.000000000000000021e-08 1.000000000000000021e-08 1.000000000000000021e-08 1.433546787638224072e-05 1.669589157943956832e-05 1.741703781847435796e-05 1.558800143391310500e-05 1.526040745016990651e-05 2.869362278547082240e-05 5.863676454536275492e-05 8.508167577916015030e-05 7.838206848622071880e-05 7.003892461193175995e-05 6.227864750014134297e-05 1.386621349196679213e-04 2.204937749557060430e-04 2.332293389926632580e-04 3.003677813840400514e-04 3.433272042821411581e-04 3.287583026070079861e-04 3.492961348962206293e-04 3.638080768591925372e-04 3.572293816913089622e-04 2.582575781594461176e-04 2.230327936590402774e-04 1.418789348178695021e-04 1.542989249880438480e-04 1.239147414167905443e-04 9.758871181086509411e-05
3.195505097451715711e-04 1.184758283521709070e-05 1.000000000000000021e-08 1.000000000000000021e-08 1.000000000000000021e-08 1.000000000000000021e-08 2.087083315846936842e-05 4.572251288718980441e-05 1.000000000000000021e-08 1.000000000000000021e-08 1.348332359128379824e-05 1.215643484153155706e-05 1.062818294915779041e-05 1.041860641260015719e-05 1.909447101221381079e-05 1.789466701901348377e-05 1.000000000000000021e-08 3.747569431240454959e-05 9.350773634417771404e-05 1.624378704560697760e-04 1.424350502965461172e-04 1.733917377791731297e-04 1.503217148880698294e-04 1.871095236817223086e-04 2.562061599379811868e-04 2.132300001889404599e-04 1.805925132300761221e-04 2.023650082444815724e-04 1.697552994051061530e-04 1.329533441621353403e-04 1.151753459869645364e-04 1.239130353034349167e-04 1.397759613954700927e-04 1.525942522693567540e-04 9.095261607830784124e-05 5.902028424412977364e-05 6.577779072530393653e-05
2.127568388105145782e-05 1.000000000000000021e-08 1.000000000000000021e-08 1.000000000000000021e-08 1.000000000000000021e-08 1.000000000000000021e-08 1.494183606632206648e-05 2.926236850847586574e-05 2.560569476141665070e-05 1.000000000000000021e-08 1.181969112116605909e-05 1.000000000000000021e-08 1.000000000000000021e-08 1.000000000000000021e-08 2.871701668145976475e-05 1.000000000000000021e-08 1.000000000000000021e-08 6.396900353391793328e-05 7.801738011257602662e-05 9.410084134505574142e-05 1.707648704586482290e-04 1.847016693628584681e-04 2.073542743707029767e-04 1.524016790689225465e-04 1.098158013332532572e-04 1.000000000000000021e-08 1.498917950708700202e-05 1.000000000000000021e-08 1.000000000000000021e-08 1.000000000000000021e-08 1.000000000000000021e-08 1.000000000000000021e-08 1.000000000000000021e-08 1.080200389012566963e-05 6.194323343337291871e-05 6.811512514366987569e-05 1.078264692839401521e-04
1.606068614366759796e-05 1.000000000000000021e-08 1.000000000000000021e-08 1.192758958664838770e-05 1.000000000000000021e-08 1.000000000000000021e-08 1.088690094973679908e-05 1.306172091830485276e-05 1.482683140404052466e-05 1.000000000000000021e-08 1.383891493047669608e-05 1.000000000000000021e-08 1.000000000000000021e-08 4.788727276955058280e-05 6.080755816952997382e-05 1.046338728995375224e-04 1.206516835770254497e-04 1.115478960765476198e-04 8.406934082423867503e-05 6.803571212313335164e-05 1.000000000000000021e-08 1.000000000000000021e-08 1.000000000000000021e-08 1.000000000000000021e-08 1.000000000000000021e-08 1.532291407884876587e-05 2.157143883713111054e-05 1.000000000000000021e-08 1.000000000000000021e-08 1.000000000000000021e-08 1.000000000000000021e-08 1.000000000000000021e-08 1.000000000000000021e-08 1.000000000000000021e-08 4.598948213084681872e-05 9.315986512737951819e-05 1.936724766105279928e-04
