output/water_depth_6480.asc
ncols 223
nrows 158
xllcorner 0.0
yllcorner 0.0
cellsize 30.0
[rows 102 to 118 of 158, columns 185 to 221 of 223]
1.949300305049461496e-05 1.950706038477255529e-05 2.605003574703803666e-05 2.982582038978261706e-05 1.000000000000000021e-08 1.000000000000000021e-08 9.207654374881693582e-02 5.186892204746065271e-01 1.396547005235906046e-02 5.167977879727997945e-04 3.717619899332280761e-04 1.612379730810439664e-04 1.247277961099970854e-04 1.275464666115030184e-04 1.373478590881083616e-04 1.371162576457977424e-04 4.865409594913827493e-05 2.402566815068713947e-05 1.945397101384145459e-05 1.782558966426916404e-05 1.158802316298328053e-05 1.000000000000000021e-08 1.000000000000000021e-08 1.000000000000000021e-08 1.000000000000000021e-08 1.000000000000000021e-08 1.000000000000000021e-08 1.000000000000000021e-08 1.000000000000000021e-08 1.832967417982488861e-05 1.000000100000000021e-05 1.000000100000000021e-05 1.000000100000000021e-05 1.000000100000000021e-05 1.000000100000000021e-05 1.000000100000000021e-05 1.000000100000000021e-05
2.993424923955906382e-05 2.444473111705292096e-05 4.761803940899087890e-05 5.127456917977286379e-05 4.673835907473491036e-05 3.381487200041163616e-03 3.058601472327329013e-02 4.561989882017836173e-01 5.160755120247230085e-03 1.888614553357583219e-04 2.679118470698680417e-04 3.553669409848771751e-04 3.180160559888205803e-04 2.524943992745673190e-04 1.925873819002925087e-04 7.443567873313045090e-05 2.118919956680534249e-04 4.664015983515289914e-05 4.319441647485342423e-05 2.940916589158869683e-05 1.704885340808132778e-05 1.000000000000000021e-08 1.000000000000000021e-08 1.000000000000000021e-08 1.000000000000000021e-08 1.000000000000000021e-08 1.000000000000000021e-08 1.000000000000000021e-08 1.000000000000000021e-08 1.362554977449147452e-05 1.000000100000000021e-05 1.000000100000000021e-05 1.000000100000000021e-05 1.000000100000000021e-05 1.000000100000000021e-05 1.000000100000000021e-05 1.000000100000000021e-05
1.000000000000000021e-08 1.000000000000000021e-08 1.000000000000000021e-08 1.000000000000000021e-08 3.124984971457807348e-04 2.161159462517946508e-02 5.384961752838398619e-01 4.624287659271659190e-01 1.034721374005945086e-03 1.000000000000000021e-08 1.000000000000000021e-08 1.206306810429164370e-05 1.180651898165505345e-05 1.000000000000000021e-08 1.000000000000000021e-08 1.419436614657602371e-04 3.908901544167920901e-04 1.042306822050289010e-04 8.900105414213761550e-05 5.932533640563659522e-05 3.798001440846003325e-05 1.882970258229099282e-05 1.000000000000000021e-08 1.000000000000000021e-08 1.000000000000000021e-08 1.000000000000000021e-08 1.368152555765513982e-05 1.227442134154441431e-05 1.228279644346998922e-05 1.300730379522590143e-05 1.000000100000000021e-05 1.000000100000000021e-05 1.000000100000000021e-05 1.000000100000000021e-05 1.000000100000000021e-05 1.000000100000000021e-05 1.000000100000000021e-05
1.000000000000000021e-08 1.000000000000000021e-08 1.000000000000000021e-08 1.000000000000000021e-08 2.361608600776643127e-03 3.606073481532860447e-01 4.139380101654319688e-01 2.573080750089384427e-04 1.758811749993825104e-05 2.499592741379715971e-05 2.090664479949520962e-05 1.654991503988877702e-05 1.000000000000000021e-08 1.000000000000000021e-08 3.429788036310371316e-05 5.764510088295503998e-05 7.911852317299686993e-03 7.195213660863238373e-05 1.000000000000000021e-08 1.000000000000000021e-08 1.000000000000000021e-08 1.000000000000000021e-08 1.000000000000000021e-08 1.000000000000000021e-08 1.000000000000000021e-08 1.000000000000000021e-08 2.358760496755878851e-05 1.947829942034722881e-05 1.601131464273094018e-05 1.188409044314376481e-05 1.000000100000000021e-05 1.000000100000000021e-05 1.000000100000000021e-05 1.000000100000000021e-05 1.000000100000000021e-05 1.000000100000000021e-05 1.000000100000000021e-05
9.435318888440709395e-05 7.339993362822951593e-05 1.000000000000000021e-08 1.370273388719959898e-05 9.414626202569634185e-04 3.262674782203678903e-01 3.533185038427181790e-01 2.514434721405365853e-04 1.228449819196956094e-04 9.681713015843422001e-05 6.169725012016134705e-05 4.137736837042596002e-05 3.316707333692732690e-05 4.734378686122882708e-05 1.000000000000000021e-08 2.793744617222488190e-05 6.776826578212561715e-03 1.415493957616714097e-04 1.000000000000000021e-08 1.000000000000000021e-08 1.000000000000000021e-08 1.000000000000000021e-08 1.000000000000000021e-08 1.000000000000000021e-08 1.000000000000000021e-08 1.000000000000000021e-08 1.000000000000000021e-08 6.112245063013858003e-05 3.971418391882870687e-05 2.391968025442479679e-05 1.000000100000000021e-05 1.000000100000000021e-05 1.000000100000000021e-05 1.000000100000000021e-05 1.000000100000000021e-05 1.000000100000000021e-05 1.000000100000000021e-05
8.285284591979654389e-05 1.362838353980368893e-04 1.272046858936259775e-04 1.258993736526050136e-04 8.347435221415015717e-04 2.572294386013901923e-01 2.775593154130730489e-01 3.581581144493236707e-05 1.000000000000000021e-08 2.404983253169886323e-05 1.000000000000000021e-08 9.451836243296388163e-05 9.133768276247811581e-05 2.438288863558631060e-05 1.000000000000000021e-08 1.000000000000000021e-08 1.151607582795325041e-03 1.839614502687515740e-04 1.896912629613817518e-04 2.379285726123557955e-04 2.026543046070934293e-04 1.696764290128567132e-04 1.353650017619985628e-04 1.036355354480861582e-04 7.356914310727734384e-05 4.474957997587804791e-05 2.171150545894612107e-05 1.000000000000000021e-08 1.417785890051825183e-05 1.000000100000000021e-05 1.000000100000000021e-05 1.000000100000000021e-05 1.000000100000000021e-05 1.000000100000000021e-05 1.000000100000000021e-05 1.000000100000000021e-05 1.000000100000000021e-05
4.926753509820969374e-05 5.552578154710025189e-05 9.802048306269420198e-05 1.000000000000000021e-08 2.828432337013967596e-03 4.493153630125050202e-01 1.221104555008501874e-01 1.000000000000000021e-08 3.807753430995484999e-05 3.598530703371114050e-05 3.593723445802785368e-05 2.259775105477824581e-05 1.000000000000000021e-08 1.000000000000000021e-08 1.000000000000000021e-08 1.002288248700150422e-05 1.258515965703346480e-03 2.320941032653190024e-04 1.418266706136024711e-04 3.828581634145185835e-05 3.416133801601054729e-05 2.754054430802046029e-05 2.632477771478131863e-05 2.193246667947492334e-05 2.238976836049301713e-05 2.383258929514376788e-05 1.508372091291691544e-05 1.000000000000000021e-08 1.000000000000000021e-08 1.000000100000000021e-05 1.000000100000000021e-05 1.000000100000000021e-05 1.000000100000000021e-05 1.000000100000000021e-05 1.000000100000000021e-05 1.000000100000000021e-05 1.000000100000000021e-05
1.819227573744005717e-05 6.006006980886688916e-05 1.197611344763718723e-04 1.825371838263294339e-04 3.405095374351836957e-01 3.541202426095578781e-01 3.186227735235807046e-01 9.298945471854767365e-04 1.000000000000000021e-08 3.482005434707459928e-05 1.826062028025700928e-05 1.000000000000000021e-08 3.526602030058296230e-05 1.000000000000000021e-08 1.262783758920832639e-05 2.637301834041121733e-05 1.268330429291828799e-02 3.259619561718472575e-04 8.185798439168601648e-05 1.000000000000000021e-08 1.000000000000000021e-08 1.000000000000000021e-08 1.000000000000000021e-08 1.000000000000000021e-08 1.000000000000000021e-08 1.000000000000000021e-08 1.000000000000000021e-08 1.000000000000000021e-08 1.000000000000000021e-08 1.000000100000000021e-05 1.000000100000000021e-05 1.000000100000000021e-05 1.000000100000000021e-05 1.000000100000000021e-05 1.000000100000000021e-05 1.000000100000000021e-05 1.000000100000000021e-05
1.000000000000000021e-08 1.000000000000000021e-08 1.485308004509744232e-05 2.154879826954090742e-05 2.297021267039661842e-05 2.674732446408584763e-01 2.468281203221825149e-01 1.300734946247358468e-03 1.000000000000000021e-08 1.285701357485691041e-05 1.081752997462684999e-05 1.000000000000000021e-08 1.000000000000000021e-08 1.336315397178299156e-05 4.456629194221005093e-05 7.301629648620661106e-03 9.167117698691329419e-03 3.898892675462848977e-05 5.261387348578825627e-05 1.000000000000000021e-08 1.000000000000000021e-08 1.000000000000000021e-08 1.000000000000000021e-08 1.000000000000000021e-08 1.000000000000000021e-08 2.215382927148862235e-05 1.834693320776146008e-05 1.787802648684264735e-05 2.151966653401511014e-05 1.000000100000000021e-05 1.000000100000000021e-05 1.000000100000000021e-05 1.000000100000000021e-05 1.000000100000000021e-05 1.000000100000000021e-05 1.000000100000000021e-05 1.000000100000000021e-05
1.000000000000000021e-08 1.000000000000000021e-08 1.000000000000000021e-08 1.000000000000000021e-08 1.000000000000000021e-08 1.319112448580703201e-01 3.870522628024787304e-01 2.318501171774445951e-03 1.000000000000000021e-08 1.882763954849064791e-05 1.274254227279835862e-05 1.000000000000000021e-08 1.000000000000000021e-08 1.317829651507631836e-05 1.314073906143051165e-05 1.231894701926629972e-03 1.774545255108589620e-03 1.000000000000000021e-08 1.000000000000000021e-08 2.157569405334167729e-05 1.919646173587836357e-05 1.349475232872838632e-05 1.000000000000000021e-08 3.527578609982145758e-05 3.287424790451132879e-05 2.967106652243849528e-05 2.210649757774646982e-05 1.602210129826056484e-05 1.000000000000000021e-08 1.000000100000000021e-05 1.000000100000000021e-05 1.000000100000000021e-05 1.000000100000000021e-05 1.000000100000000021e-05 1.000000100000000021e-05 1.000000100000000021e-05 1.000000100000000021e-05
1.000000000000000021e-08 1.000000000000000021e-08 1.000000000000000021e-08 1.462106041906488036e-05 1.450879396060672632e-05 7.155521777795524618e-02 4.521321544470947029e-01 2.455365465539667731e-03 2.013799330766838746e-05 2.016728583666297172e-05 1.354687004060296846e-05 1.000000000000000021e-08 1.000000000000000021e-08 1.374014824870466075e-05 1.000000000000000021e-08 1.923080212503560727e-03 2.060953567623234302e-04 1.000000000000000021e-08 9.715534324123399298e-05 1.000000000000000021e-08 1.213842839875249348e-05 1.796808463729481409e-05 1.000000000000000021e-08 1.000000000000000021e-08 3.956779193621502651e-05 2.941356617292294786e-05 2.388823352218555240e-05 1.449685958404722801e-05 1.000000000000000021e-08 1.000000100000000021e-05 1.000000100000000021e-05 1.000000100000000021e-05 1.000000100000000021e-05 1.000000100000000021e-05 1.000000100000000021e-05 1.000000100000000021e-05 1.000000100000000021e-05
5.218933155333714026e-04 3.974247668668622296e-04 2.482554743527654148e-04 1.000000000000000021e-08 3.156702519807963003e-05 8.232035863936636444e-01 8.300513783163482318e-01 7.725835612380032025e-01 1.000000000000000021e-08 1.000000000000000021e-08 1.854637476056997009e-05 1.029226860911635317e-05 1.000000000000000021e-08 2.372808609214017530e-05 1.937989580462927061e-02 2.979291019026530148e-03 1.611030261236613182e-04 1.000000000000000021e-08 2.076358523780616811e-05 1.242264719364005860e-05 1.000000000000000021e-08 3.576808075045750923e-05 5.289455676134891004e-05 6.469205137352535765e-05 6.653000841359314743e-05 4.074478698447514074e-05 2.990064150715023524e-05 1.681597517092868179e-05 1.000000000000000021e-08 1.000000100000000021e-05 1.000000100000000021e-05 1.000000100000000021e-05 1.000000100000000021e-05 1.000000100000000021e-05 1.000000100000000021e-05 1.000000100000000021e-05 1.000000100000000021e-05
7.272902459461515479e-01 7.485254504013389987e-01 7.621020829237457050e-01 7.674845470091926636e-01 7.716673838330155855e-01 8.394436097186077639e-01 8.307773577822215039e-01 7.480084503993654765e-01 6.736225592902681525e-01 7.294678300813551880e-05 2.567566417885519829e-05 2.269609980490543670e-05 1.451315338880618322e-05 1.391153164606637132e-05 1.506947914294169515e-02 5.377914993167018376e-04 2.106899966808517977e-04 1.000000000000000021e-08 1.000000000000000021e-08 1.000000000000000021e-08 1.000000000000000021e-08 7.699484324834632754e-05 8.547286881641374837e-05 7.021881018240061696e-05 8.088989530882678193e-05 9.371289071716379024e-05 6.430848024979329716e-05 3.738632665619101943e-05 1.811936451644516593e-05 1.000000100000000021e-05 1.000000100000000021e-05 1.000000100000000021e-05 1.000000100000000021e-05 1.000000100000000021e-05 1.000000100000000021e-05 1.000000100000000021e-05 1.000000100000000021e-05
4.178668559578285757e-02 2.631489976228036307e-02 1.076951101894650827e-02 1.405690828142097844e-02 8.319164946837985172e-03 5.546526707047352497e-03 8.114097380714488383e-03 6.410580995559229667e-01 1.266704837202921041e+00 1.152259718601278626e+00 1.670780161378123130e-01 3.211985972088915540e-03 1.468428653747850968e-04 2.306417261775376066e-04 2.181057328189246747e-03 3.218042722068931724e-04 4.359169628958928266e-05 7.452693741337072060e-05 9.897891223654951029e-05 9.985793555515584999e-05 1.224030549227246394e-04 1.508659662256728762e-04 6.704433733967498309e-05 1.000000000000000021e-08 5.405825222038803123e-05 2.311298091028453195e-05 1.729317904258858782e-05 1.000000000000000021e-08 1.000000000000000021e-08 1.000000100000000021e-05 1.000000100000000021e-05 1.000000100000000021e-05 1.000000100000000021e-05 1.000000100000000021e-05 1.000000100000000021e-05 1.000000100000000021e-05 1.000000100000000021e-05
1.000000000000000021e-08 1.000000000000000021e-08 1.000000000000000021e-08 1.412325403596937094e-05 4.178389725333212158e-05 1.000000000000000021e-08 1.000000000000000021e-08 7.956811749793329036e-04 5.782311549017416646e-03 5.773164875203586899e-01 7.379204020773078021e-01 2.191665226302005887e-02 2.646644668218555438e-04 3.038787943218705331e-04 1.855940046145752517e-03 2.284015041777137493e-04 1.656432364821117651e-04 2.202887691450395853e-04 2.675744030701909630e-04 2.423911229784116649e-04 1.816200160108471205e-04 9.362057288078846331e-05 7.873686323601099279e-05 1.000000000000000021e-08 5.296473905030054128e-05 2.727336885364856385e-05 1.000000000000000021e-08 1.000000000000000021e-08 1.000000000000000021e-08 1.000000100000000021e-05 1.000000100000000021e-05 1.000000100000000021e-05 1.000000100000000021e-05 1.000000100000000021e-05 1.000000100000000021e-05 1.000000100000000021e-05 1.000000100000000021e-05
1.000000000000000021e-08 1.000000000000000021e-08 1.000000000000000021e-08 1.260787234831240109e-05 2.268427456219033388e-05 9.621389597563880479e-04 1.000000000000000021e-08 1.000000000000000021e-08 1.000000000000000021e-08 2.889197741429182509e-01 8.194479180261616813e-01 7.746824727001619948e-01 7.018879186560953104e-04 2.343097566952976035e-04 1.557538378035545814e-03 3.767077815686294736e-04 5.344024879516052931e-05 4.980222196765812299e-05 6.462164761126497879e-05 6.555772954246610678e-05 6.098807147910701598e-05 6.873381690456152723e-05 7.829073603025850803e-05 9.148589336281015615e-05 7.014243266977990743e-05 2.353154990705730751e-05 1.000000000000000021e-08 1.000000000000000021e-08 1.000000100000000021e-05 1.000000100000000021e-05 1.000000100000000021e-05 1.000000100000000021e-05 1.000000100000000021e-05 1.000000100000000021e-05 1.000000100000000021e-05 1.000000100000000021e-05 1.000000100000000021e-05
3.051083839739729447e-05 3.342772756286219480e-05 1.000000000000000021e-08 1.000000000000000021e-08 1.009392585598963975e-05 1.037799270760915915e-04 1.668323932854832048e-04 8.001255524762402129e-05 1.502345596154016543e-03 7.359224893100898557e-01 7.763302485770364747e-01 7.413459562533646352e-01 7.472792018177274453e-01 1.145324274148938008e-03 2.099403262897726928e-04 7.488367311974420965e-05 6.930910834743223253e-05 6.088815995110546508e-05 4.781493750619132411e-05 2.038888140736620341e-05 2.616332132059444361e-05 2.655038540352205905e-05 2.861341922834584038e-05 1.000000000000000021e-08 1.000000000000000021e-08 1.589966828260417963e-05 1.567261627301151598e-05 1.374365946238063366e-05 1.000000100000000021e-05 1.000000100000000021e-05 1.000000100000000021e-05 1.000000100000000021e-05 1.000000100000000021e-05 1.000000100000000021e-05 1.000000100000000021e-05 1.000000100000000021e-05 1.000000100000000021e-05
