output/water_depth_7200.asc
ncols 223
nrows 158
xllcorner 0.0
yllcorner 0.0
cellsize 30.0
[rows 17 to 33 of 158, columns 74 to 110 of 223]
1.000000100000000021e-05 1.000000100000000021e-05 1.000000100000000021e-05 1.000000100000000021e-05 1.000000100000000021e-05 1.000000100000000021e-05 1.000000100000000021e-05 1.000000100000000021e-05 1.000000100000000021e-05 1.000000100000000021e-05 1.000000100000000021e-05 1.000000100000000021e-05 1.000000100000000021e-05 1.000000100000000021e-05 1.000000100000000021e-05 1.000000100000000021e-05 1.000000100000000021e-05 1.000000100000000021e-05 1.000000100000000021e-05 1.000000100000000021e-05 1.000000100000000021e-05 1.000000100000000021e-05 1.000000100000000021e-05 1.000000100000000021e-05 1.000000100000000021e-05 1.000000100000000021e-05 1.000000100000000021e-05 1.000000100000000021e-05 1.000000000000000021e-08 1.000000000000000021e-08 1.000000000000000021e-08 1.069014902591398222e-05 1.530955443489203540e-05 1.681154884366615852e-05 1.660567969108423596e-05 1.754884431142911274e-05 1.796731883913758627e-05
1.000000100000000021e-05 1.000000100000000021e-05 1.000000100000000021e-05 1.000000100000000021e-05 1.000000100000000021e-05 1.000000100000000021e-05 1.000000100000000021e-05 1.000000100000000021e-05 1.000000100000000021e-05 1.000000100000000021e-05 1.000000100000000021e-05 1.000000100000000021e-05 1.000000100000000021e-05 1.000000100000000021e-05 1.000000100000000021e-05 1.000000100000000021e-05 1.000000100000000021e-05 1.000000100000000021e-05 1.000000100000000021e-05 1.000000100000000021e-05 1.000000100000000021e-05 1.000000100000000021e-05 1.000000100000000021e-05 1.000000100000000021e-05 1.000000100000000021e-05 1.000000100000000021e-05 1.000000100000000021e-05 1.000000000000000021e-08 1.000000000000000021e-08 1.000000000000000021e-08 1.054664906067221683e-05 1.598193100018435338e-05 1.299464277873793343e-05 1.627759140729056160e-05 1.552881267054158004e-05 1.469975266917319240e-05 2.046281740095295569e-05
1.000000100000000021e-05 1.000000100000000021e-05 1.000000100000000021e-05 1.000000100000000021e-05 1.000000100000000021e-05 1.000000100000000021e-05 1.000000100000000021e-05 1.000000100000000021e-05 1.000000100000000021e-05 1.000000100000000021e-05 1.000000100000000021e-05 1.000000100000000021e-05 1.000000100000000021e-05 1.000000100000000021e-05 1.000000100000000021e-05 1.000000100000000021e-05 1.000000100000000021e-05 1.000000100000000021e-05 1.000000100000000021e-05 1.000000100000000021e-05 1.000000100000000021e-05 1.000000100000000021e-05 1.000000100000000021e-05 1.000000100000000021e-05 1.000000100000000021e-05 1.734379117273756032e-05 1.877025336538014057e-05 1.805434584156913821e-05 1.569032113036477954e-05 1.750713288368877036e-05 2.261493321401800843e-05 2.633103566741152489e-05 3.061653598812500381e-05 3.028667189638344819e-05 2.888795302357960492e-05 2.786961619209652388e-05 3.273259655789208570e-05
1.000000100000000021e-05 1.000000100000000021e-05 1.000000100000000021e-05 1.000000100000000021e-05 1.000000100000000021e-05 1.000000100000000021e-05 1.000000100000000021e-05 1.000000100000000021e-05 1.000000100000000021e-05 1.000000100000000021e-05 1.000000100000000021e-05 1.000000100000000021e-05 1.000000100000000021e-05 1.000000100000000021e-05 1.000000100000000021e-05 1.000000100000000021e-05 1.000000100000000021e-05 1.000000100000000021e-05 1.000000100000000021e-05 1.000000100000000021e-05 1.000000100000000021e-05 1.000000100000000021e-05 1.000000100000000021e-05 2.133206545657804272e-05 3.966224535429184976e-05 5.999928826124520891e-05 4.817228797615442340e-05 4.880842753284665394e-05 4.382635009573368398e-05 4.716869732400901454e-05 5.363880593438397125e-05 5.022124146320042633e-05 3.738878657755760615e-05 3.529449591391173324e-05 4.054739640319864671e-05 7.577190090006444550e-05 1.000000000000000021e-08
1.000000100000000021e-05 1.000000100000000021e-05 1.000000100000000021e-05 1.000000100000000021e-05 1.000000100000000021e-05 1.000000100000000021e-05 1.000000100000000021e-05 1.000000100000000021e-05 1.000000100000000021e-05 1.000000100000000021e-05 1.000000100000000021e-05 1.000000100000000021e-05 1.000000100000000021e-05 1.000000100000000021e-05 1.000000100000000021e-05 1.000000100000000021e-05 1.000000100000000021e-05 1.000000100000000021e-05 1.000000100000000021e-05 1.000000100000000021e-05 1.000000100000000021e-05 1.000000100000000021e-05 1.184286269906788635e-05 1.287774961236379000e-05 1.430699742355640330e-05 1.719909594643309611e-05 4.151209129872199878e-05 5.168605054230500731e-05 5.424117678686749840e-05 5.531384753071851598e-05 6.453634510462587270e-05 7.170739875629046189e-05 5.860778734782917643e-05 4.534829701188910957e-05 3.776940515361242512e-05 2.843539773808304369e-05 8.683522723587397516e-05
1.000000100000000021e-05 1.000000100000000021e-05 1.000000100000000021e-05 1.000000100000000021e-05 1.000000100000000021e-05 1.000000100000000021e-05 1.000000100000000021e-05 1.000000100000000021e-05 1.000000100000000021e-05 1.000000100000000021e-05 1.000000100000000021e-05 1.000000100000000021e-05 1.000000100000000021e-05 1.000000100000000021e-05 1.000000100000000021e-05 1.000000100000000021e-05 1.000000100000000021e-05 1.000000100000000021e-05 1.000000100000000021e-05 1.000000100000000021e-05 1.000000000000000021e-08 1.000000000000000021e-08 1.000000000000000021e-08 1.000000000000000021e-08 1.000000000000000021e-08 1.000000000000000021e-08 2.216937017988682593e-05 4.711743241702517709e-05 5.650484723210951463e-05 6.432351007075698098e-05 1.000000000000000021e-08 3.348042612196383696e-05 5.578313589721727803e-05 5.394654077573535705e-05 6.929910018474293610e-05 8.211563980012864382e-05 6.801880209033564929e-05
1.000000100000000021e-05 1.000000100000000021e-05 1.000000100000000021e-05 1.000000100000000021e-05 1.000000100000000021e-05 1.000000100000000021e-05 1.000000100000000021e-05 1.000000100000000021e-05 1.000000100000000021e-05 1.000000100000000021e-05 1.000000100000000021e-05 1.000000100000000021e-05 1.000000100000000021e-05 1.000000100000000021e-05 1.000000100000000021e-05 1.000000100000000021e-05 1.000000100000000021e-05 1.131145776209975329e-05 2.888918857787143497e-05 2.469241732834421161e-05 2.424996424695864734e-05 2.751512593914563415e-05 2.936531791085644755e-05 1.991603001271324198e-05 1.000000000000000021e-08 1.000000000000000021e-08 1.912015163353596487e-05 4.457241523362915746e-05 7.913516000860560209e-05 1.125622352894117037e-04 1.232418810139636681e-04 1.099822528800391795e-04 8.312759383887598707e-05 7.964201638980244601e-05 6.797001607726640493e-05 6.186510229351981029e-05 5.723601600075148353e-05
1.000000100000000021e-05 1.000000100000000021e-05 1.000000100000000021e-05 1.000000100000000021e-05 1.000000100000000021e-05 1.000000100000000021e-05 1.000000100000000021e-05 1.000000100000000021e-05 1.000000100000000021e-05 1.000000100000000021e-05 1.000000100000000021e-05 1.000000100000000021e-05 1.000000100000000021e-05 1.000000100000000021e-05 1.000000100000000021e-05 1.000000100000000021e-05 1.000000100000000021e-05 1.000000000000000021e-08 1.000000000000000021e-08 5.046021211296011186e-05 7.910855039057450853e-05 9.839752343254805117e-05 1.000000000000000021e-08 1.000000000000000021e-08 1.000000000000000021e-08 1.034939992061569395e-05 1.700165613249220566e-05 1.000000000000000021e-08 1.000000000000000021e-08 1.000000000000000021e-08 1.000000000000000021e-08 1.000000000000000021e-08 1.000000000000000021e-08 1.000000000000000021e-08 1.000000000000000021e-08 1.000000000000000021e-08 1.126461762360436879e-05
1.000000100000000021e-05 1.000000100000000021e-05 1.000000100000000021e-05 1.000000100000000021e-05 1.000000100000000021e-05 1.761124795665825550e-05 1.723956879159143488e-05 1.000000100000000021e-05 1.000000100000000021e-05 1.000000100000000021e-05 1.000000100000000021e-05 1.000000100000000021e-05 1.000000100000000021e-05 1.000000100000000021e-05 1.000000100000000021e-05 1.557559143668704225e-05 1.664149057251574135e-05 2.301613841948890857e-05 3.854278045739116938e-05 4.310654430975339454e-05 4.062603306798809961e-05 5.038241423799935030e-05 1.000000000000000021e-08 1.000000000000000021e-08 1.281607863108121869e-05 1.206191305353704038e-05 1.000000000000000021e-08 1.000000000000000021e-08 1.000000000000000021e-08 1.000000000000000021e-08 1.000000000000000021e-08 1.000000000000000021e-08 1.000000000000000021e-08 1.000000000000000021e-08 1.000000000000000021e-08 1.000000000000000021e-08 1.000000000000000021e-08
1.000000100000000021e-05 1.000000100000000021e-05 1.000000100000000021e-05 1.000000100000000021e-05 1.000000100000000021e-05 3.507061556187785238e-05 5.274829024060807440e-05 2.701231526946319312e-05 2.294801726258946766e-05 2.722349831414400061e-05 1.277277065199187672e-05 1.000000100000000021e-05 1.000000100000000021e-05 1.000000000000000021e-08 1.000000000000000021e-08 1.000000000000000021e-08 1.475583336101853099e-05 1.626914483086843493e-05 1.975846266882342562e-05 1.685837131522369256e-05 1.000000000000000021e-08 1.000000000000000021e-08 1.004748436885163486e-05 2.360712181134406830e-05 3.967877504027791615e-05 5.728113705090892040e-05 7.497223678629651622e-05 5.482154749888574862e-05 3.058044862489849665e-05 2.699291990992788696e-05 1.000000000000000021e-08 1.000000000000000021e-08 1.000000000000000021e-08 1.298841013909525612e-05 1.368810614124804980e-05 3.460640560130829783e-05 3.237456090105139326e-05
1.000000100000000021e-05 1.000000100000000021e-05 1.000000100000000021e-05 1.000000100000000021e-05 1.000000100000000021e-05 2.738887908024727853e-04 1.702686998341742522e-03 7.511057349881746371e-05 4.348754857861358451e-05 1.360754114030910720e-05 1.000000000000000021e-08 1.000000000000000021e-08 1.000000000000000021e-08 1.000000000000000021e-08 1.333094479309767887e-05 1.710714718052292735e-05 2.307745012611980799e-05 2.368705606783321250e-05 1.000000000000000021e-08 1.000000000000000021e-08 1.000000000000000021e-08 1.000000000000000021e-08 1.000000000000000021e-08 1.000000000000000021e-08 1.226455410136317777e-05 1.665904918614719780e-05 2.333024783328328935e-05 5.240371058065426696e-05 5.188645064864486317e-05 4.020514110450231496e-05 1.000000000000000021e-08 1.000000000000000021e-08 1.000000000000000021e-08 3.356151758984305506e-05 8.707841907202275235e-05 2.225140304934491466e-04 1.000000000000000021e-08
1.000000100000000021e-05 1.000000100000000021e-05 1.000000100000000021e-05 1.000000100000000021e-05 1.000000100000000021e-05 3.782093379737697710e-03 2.609153837299486595e-04 1.675085207734842416e-05 1.035117149495601584e-05 1.000000000000000021e-08 1.000000000000000021e-08 1.000000000000000021e-08 1.087475940150292671e-05 1.623416159252934302e-05 1.981233771152498014e-05 2.636094018236195810e-05 3.394294013725829349e-05 3.281641202445150938e-05 1.000000000000000021e-08 1.000000000000000021e-08 1.000000000000000021e-08 1.000000000000000021e-08 1.000000000000000021e-08 1.000000000000000021e-08 1.000000000000000021e-08 1.000000000000000021e-08 1.168163677661615770e-05 1.493387409624915000e-05 5.436226530904745570e-05 1.113794816703477235e-04 7.298189427738322257e-05 1.000000000000000021e-08 1.000000000000000021e-08 2.141053582987399113e-05 3.387021219860957417e-05 5.598338054534050817e-05 7.544384245968587736e-05
1.000000100000000021e-05 1.000000100000000021e-05 1.000000100000000021e-05 1.000000100000000021e-05 1.000000100000000021e-05 5.770348967984146411e-04 7.940713749747814573e-05 1.673078013548492341e-05 1.000000000000000021e-08 1.000000000000000021e-08 1.000000000000000021e-08 1.000000000000000021e-08 1.000000000000000021e-08 1.762814657346245808e-05 2.191683476143007606e-05 1.000000000000000021e-08 1.000000000000000021e-08 1.000000000000000021e-08 1.000000000000000021e-08 1.000000000000000021e-08 1.000000000000000021e-08 1.000000000000000021e-08 1.000000000000000021e-08 1.000000000000000021e-08 1.000000000000000021e-08 1.000000000000000021e-08 1.000000000000000021e-08 1.000000000000000021e-08 1.102705324152826645e-05 1.970370567193318112e-05 1.000000000000000021e-08 1.000000000000000021e-08 1.099521776552599492e-05 1.065471825556801825e-05 1.423810477869264284e-05 1.267402216626231451e-05 3.038848563625521661e-05
1.000000100000000021e-05 1.000000100000000021e-05 1.000000100000000021e-05 1.000000000000000021e-08 4.873621756930513756e-05 5.230565402129608863e-04 1.262157805738428436e-05 1.022133974466200373e-05 1.000000000000000021e-08 1.013244157151401421e-05 1.000000000000000021e-08 1.000000000000000021e-08 1.424062895963635403e-05 2.141366461357221810e-05 1.000000000000000021e-08 1.000000000000000021e-08 1.000000000000000021e-08 1.000000000000000021e-08 1.000000000000000021e-08 1.000000000000000021e-08 1.000000000000000021e-08 1.000000000000000021e-08 1.000000000000000021e-08 1.000000000000000021e-08 1.000000000000000021e-08 1.000000000000000021e-08 1.000000000000000021e-08 1.000000000000000021e-08 1.000000000000000021e-08 1.000000000000000021e-08 1.000000000000000021e-08 1.000000000000000021e-08 1.000000000000000021e-08 1.000000000000000021e-08 1.000000000000000021e-08 1.428811858887954856e-05 1.481415522137946362e-05
1.000000100000000021e-05 1.000000100000000021e-05 1.000000000000000021e-08 1.000000000000000021e-08 9.135849964363763627e-05 5.533142770020679389e-04 1.556617833541069495e-05 1.154730539246754317e-05 1.000000000000000021e-08 1.000000000000000021e-08 1.000000000000000021e-08 1.089162885806048356e-05 1.859720627920108225e-05 2.334805361627187767e-05 1.000000000000000021e-08 1.000000000000000021e-08 1.000000000000000021e-08 1.000000000000000021e-08 1.000000000000000021e-08 1.000000000000000021e-08 1.000000000000000021e-08 1.000000000000000021e-08 1.000000000000000021e-08 1.000000000000000021e-08 1.000000000000000021e-08 1.000000000000000021e-08 1.000000000000000021e-08 1.000000000000000021e-08 1.000000000000000021e-08 1.000000000000000021e-08 1.000000000000000021e-08 1.000000000000000021e-08 1.000000000000000021e-08 1.000000000000000021e-08 1.000000000000000021e-08 1.000000000000000021e-08 1.684686491248473938e-05
1.000000000000000021e-08 1.000000000000000021e-08 1.000000000000000021e-08 1.000000000000000021e-08 5.889643534963636719e-04 8.022546779776224685e-04 2.016883351976858082e-05 1.210735831538342809e-05 1.000000000000000021e-08 1.000000000000000021e-08 1.000000000000000021e-08 1.289998232698691938e-05 1.000000000000000021e-08 1.000000000000000021e-08 1.000000000000000021e-08 1.000000000000000021e-08 1.000000000000000021e-08 1.000000000000000021e-08 1.000000000000000021e-08 1.000000000000000021e-08 1.638025807251143262e-05 1.000000000000000021e-08 1.000000000000000021e-08 1.000000000000000021e-08 1.000000000000000021e-08 1.000000000000000021e-08 1.000000000000000021e-08 1.000000000000000021e-08 1.000000000000000021e-08 1.000000000000000021e-08 1.000000000000000021e-08 1.000000000000000021e-08 1.000000000000000021e-08 1.000000000000000021e-08 1.000000000000000021e-08 1.000000000000000021e-08 2.515538197667358729e-05
1.178701385214797224e-03 1.606193402676979768e-03 1.157298341406390752e-03 8.769303145615292170e-04 5.056627486497323066e-04 7.239372105767506076e-04 6.556105569209823595e-04 6.752225162833451033e-05 4.517403224940570613e-05 2.561382736616535930e-05 1.000000000000000021e-08 1.505096525753458202e-05 1.000000000000000021e-08 1.000000000000000021e-08 1.000000000000000021e-08 1.000000000000000021e-08 1.000000000000000021e-08 1.000000000000000021e-08 1.000000000000000021e-08 1.000000000000000021e-08 1.955104056015270929e-05 1.661190253485095663e-05 1.305104062446823224e-05 1.000000000000000021e-08 1.000000000000000021e-08 1.000000000000000021e-08 1.000000000000000021e-08 1.000000000000000021e-08 1.000000000000000021e-08 1.000000000000000021e-08 1.000000000000000021e-08 1.000000000000000021e-08 1.000000000000000021e-08 1.000000000000000021e-08 1.000000000000000021e-08 1.000000000000000021e-08 1.000000000000000021e-08
