output/water_depth_4080.asc
ncols 223
nrows 158
xllcorner 0.0
yllcorner 0.0
cellsize 30.0
[rows 136 to 152 of 158, columns 185 to 221 of 223]
1.294063328335107936e-04 3.801857433149459509e-04 1.840336794817784213e-03 6.826040090275050654e-01 2.276899493190292501e-01 2.311708451539440596e-04 3.332039524839858495e-04 5.191986360766052445e-04 9.660028166856826073e-04 1.317174355706838933e-03 2.431199353452000080e-03 3.350432723997748448e-03 1.460668827530349403e-03 6.977798219515864804e-04 4.805297807840293832e-04 3.619532764089911092e-04 2.846972041111943516e-04 2.142040723169095248e-04 1.482882154495335399e-04 8.655891346510193344e-05 3.746885817330475852e-05 1.000000000000000021e-08 1.000000000000000021e-08 1.000000000000000021e-08 1.000000100000000021e-05 1.000000100000000021e-05 1.000000100000000021e-05 1.000000100000000021e-05 1.000000100000000021e-05 1.000000100000000021e-05 1.000000100000000021e-05 1.000000100000000021e-05 1.000000100000000021e-05 1.000000100000000021e-05 1.000000100000000021e-05 1.000000100000000021e-05 1.000000100000000021e-05
8.069990293875967157e-05 9.337192107350202638e-05 2.987097035055972854e-04 6.564252345445644732e-01 6.529197514381278600e-01 6.029556526182157095e-01 5.418505352359923900e-03 1.327527806508614020e-03 3.024907929222042267e-04 6.786811823282339886e-04 2.563621482764217793e-03 2.954882627542749357e-03 1.253558235035999230e-03 1.440634722781844077e-04 1.247398312218870426e-04 1.375825357777287744e-05 1.585305907093563838e-05 1.202143177887046916e-05 1.357092700540507442e-05 1.031954410620315974e-05 1.236387375752462245e-05 1.335408163859751510e-04 9.048179606243694729e-05 5.403602331828036021e-05 3.198194685754724722e-05 1.000000100000000021e-05 1.000000100000000021e-05 1.000000100000000021e-05 1.000000100000000021e-05 1.000000100000000021e-05 1.000000100000000021e-05 1.000000100000000021e-05 1.000000100000000021e-05 1.000000100000000021e-05 1.000000100000000021e-05 1.000000100000000021e-05 1.000000100000000021e-05
3.773244743641321434e-05 3.427495883073580101e-05 1.057365177492579280e-04 4.265022049561821918e-03 7.812790595381823716e-03 5.346928992157157223e-01 4.794695954529098469e-01 4.110533686745373450e-01 1.278046267281134421e-03 3.223505103861926211e-04 1.071208048284414804e-03 4.942845021550652503e-04 1.631801433035300053e-04 6.649674379501430339e-05 1.047786333097428560e-04 5.199453575518345991e-05 3.496182682021977951e-05 1.674713431991698919e-05 1.368099811903742067e-05 1.000000000000000021e-08 1.000000000000000021e-08 1.000000000000000021e-08 1.000000000000000021e-08 3.365929203962051113e-05 1.034111012166880933e-05 1.000000100000000021e-05 1.000000100000000021e-05 1.000000100000000021e-05 1.000000100000000021e-05 1.000000100000000021e-05 1.000000100000000021e-05 1.000000100000000021e-05 1.000000100000000021e-05 1.000000100000000021e-05 1.000000100000000021e-05 1.000000100000000021e-05 1.000000100000000021e-05
3.725007871211007213e-04 1.892606112035850668e-03 3.035821412282866554e-04 3.275602886446107778e-04 5.864691931634773451e-04 1.555627759713944496e-03 1.040411663017570083e-03 2.490063085345913529e-01 1.558413305634865631e-01 2.228819711212129493e-03 8.845434243942196413e-04 3.675277444849091931e-04 1.000000000000000021e-08 1.000000000000000021e-08 1.271905306792863561e-04 1.017733134188279556e-05 1.000000000000000021e-08 1.000000000000000021e-08 1.000000000000000021e-08 1.050075388529933057e-04 1.082200507790976327e-04 1.221868995352794738e-04 8.296488198406317663e-05 3.896261844191463355e-05 3.516707918025998176e-05 1.000000100000000021e-05 1.000000100000000021e-05 1.000000100000000021e-05 1.000000100000000021e-05 1.000000100000000021e-05 1.000000100000000021e-05 1.000000100000000021e-05 1.000000100000000021e-05 1.000000100000000021e-05 1.000000100000000021e-05 1.000000100000000021e-05 1.000000100000000021e-05
9.137853387229778008e-04 5.473406000639838547e-04 1.423610476636017180e-03 8.318429777398691658e-04 3.846467371867034351e-04 1.784958566493133390e-04 1.187289055382062742e-04 1.235882847662781170e-01 2.748794393465695540e-01 4.629905821574923676e-03 6.898634873141133023e-04 4.522070353765806684e-04 2.473409463126692779e-05 1.410165505991047036e-05 1.870813471282282072e-05 1.000000000000000021e-08 4.222517576423778920e-05 6.156390087554555540e-05 6.844553663989326161e-05 8.314238171196096036e-05 1.209055258834347758e-04 7.735371616295524922e-05 3.198745431907393575e-05 1.780270226030630996e-05 1.000000000000000021e-08 1.000000100000000021e-05 1.000000100000000021e-05 1.000000100000000021e-05 1.000000100000000021e-05 1.000000100000000021e-05 1.000000100000000021e-05 1.000000100000000021e-05 1.000000100000000021e-05 1.000000100000000021e-05 1.000000100000000021e-05 1.000000100000000021e-05 1.000000100000000021e-05
2.217798177265127915e-03 1.586868925243436080e-03 1.741453147816826932e-03 2.449058095290150908e-02 4.929292138634514507e-03 2.851306630047808696e-03 6.019603181586511342e-04 6.311377731926773316e-02 3.284379623458790753e-01 8.873163152466027751e-04 4.784652674873443069e-04 4.753868615753111410e-05 1.000000000000000021e-08 1.000000000000000021e-08 1.000000000000000021e-08 8.770497061927649352e-05 1.049385647942826356e-04 1.117376918734401764e-04 9.304784452786244288e-05 6.967317940953027732e-05 2.956663920625085144e-05 3.648514064901717979e-05 2.030195243987745215e-05 1.000000000000000021e-08 1.000000100000000021e-05 1.000000100000000021e-05 1.000000100000000021e-05 1.000000100000000021e-05 1.000000100000000021e-05 1.000000100000000021e-05 1.000000100000000021e-05 1.000000100000000021e-05 1.000000100000000021e-05 1.000000100000000021e-05 1.000000100000000021e-05 1.000000100000000021e-05 1.000000100000000021e-05
4.359609033351646498e-03 6.551874127237062098e-03 7.308252045273809332e-03 5.037879541800128515e-03 7.794559158326839869e-03 9.435511507552851035e-03 9.968481581364962638e-03 5.868616819376268334e-02 3.731011655047009601e-01 2.227559958073659465e-04 3.180001204288197803e-05 1.000000000000000021e-08 1.000000000000000021e-08 2.048385285552750343e-04 3.720589431665003929e-05 2.942886913292824884e-05 3.083235050317943747e-05 1.985006640366147101e-05 1.967913933170495908e-05 1.540790605619710737e-04 7.668539903036845537e-05 2.986482987175683110e-05 1.544161000925942744e-05 1.000000000000000021e-08 1.000000100000000021e-05 1.000000100000000021e-05 1.000000100000000021e-05 1.000000100000000021e-05 1.000000100000000021e-05 1.000000100000000021e-05 1.000000100000000021e-05 1.000000100000000021e-05 1.000000100000000021e-05 1.000000100000000021e-05 1.000000100000000021e-05 1.000000100000000021e-05 1.000000100000000021e-05
7.632092921893509924e-04 7.554521039784365278e-04 4.597636503836674093e-04 4.576837409109390620e-04 3.032524765130977548e-04 5.175104072690208187e-05 2.221695701056323764e-03 2.529469019858439707e-02 2.448764950284581243e-01 1.532775514281603801e-01 1.406527247694104674e-03 1.665694389982853255e-04 1.974949841223669757e-04 2.318003889737658656e-05 1.000000000000000021e-08 1.000000000000000021e-08 1.000000000000000021e-08 1.000000000000000021e-08 1.000000000000000021e-08 1.533686503963845827e-05 1.631316465134269824e-05 1.830949691466300257e-05 2.116937590324293378e-05 1.658437893547914824e-05 1.000000100000000021e-05 1.000000100000000021e-05 1.000000100000000021e-05 1.000000100000000021e-05 1.000000100000000021e-05 1.000000100000000021e-05 1.000000100000000021e-05 1.000000100000000021e-05 1.000000100000000021e-05 1.000000100000000021e-05 1.000000100000000021e-05 1.000000100000000021e-05 1.000000100000000021e-05
8.665356901083522828e-04 4.461746751074690881e-05 1.514750258819575965e-02 1.000000000000000021e-08 1.717721515932594785e-04 2.089700994217645223e-04 1.693283883823434866e-04 7.869622043051832227e-04 1.376739572390268673e-01 3.715428450741921629e-01 1.845314567913161402e-03 3.694228372178168305e-04 2.438466724720731805e-04 1.000000000000000021e-08 1.000000000000000021e-08 1.000000000000000021e-08 1.000000000000000021e-08 1.000000000000000021e-08 1.222729853631631387e-05 1.328633945205543971e-05 1.000000000000000021e-08 4.875897465456973550e-05 4.225219283641280061e-05 4.107423608700835497e-05 1.000000100000000021e-05 1.000000100000000021e-05 1.000000100000000021e-05 1.000000100000000021e-05 1.000000100000000021e-05 1.000000100000000021e-05 1.000000100000000021e-05 1.000000100000000021e-05 1.000000100000000021e-05 1.000000100000000021e-05 1.000000100000000021e-05 1.000000100000000021e-05 1.000000100000000021e-05
9.995537208726994541e-04 3.150143585944942303e-04 1.161305666984936528e-02 1.917652335175707877e-03 1.743718865680096404e-03 1.330583487872251478e-04 1.927595127724155951e-04 6.160517846025548565e-04 4.936385755476496023e-02 3.205714154683942385e-01 1.017830645001990570e-03 1.000000000000000021e-08 3.244463843617431204e-05 1.570854793244433003e-05 1.106370523097523156e-05 1.000000000000000021e-08 1.000000000000000021e-08 1.000000000000000021e-08 1.000000000000000021e-08 1.000000000000000021e-08 1.000000000000000021e-08 1.000000000000000021e-08 3.491786894644603875e-05 1.000000100000000021e-05 1.000000100000000021e-05 1.000000100000000021e-05 1.000000100000000021e-05 1.000000100000000021e-05 1.000000100000000021e-05 1.000000100000000021e-05 1.000000100000000021e-05 1.000000100000000021e-05 1.000000100000000021e-05 1.000000100000000021e-05 1.000000100000000021e-05 1.000000100000000021e-05 1.000000100000000021e-05
7.481849924841960011e-04 1.230144885569189449e-03 3.646208227718722959e-03 2.192779615392703371e-02 1.063719294513307789e-05 1.933583682122926343e-04 1.677118345624924308e-04 4.244311540584260801e-04 1.485146509914106738e-01 2.149569385562704327e-01 6.060867054947547761e-04 1.235234748930240102e-05 1.000000000000000021e-08 1.585260569958172792e-05 1.000000000000000021e-08 1.587187258583853001e-05 1.037057312114728175e-05 1.000000000000000021e-08 1.000000000000000021e-08 1.000000000000000021e-08 1.000000000000000021e-08 3.024546876079116573e-05 2.980104776461508636e-05 1.000000100000000021e-05 1.000000100000000021e-05 1.000000100000000021e-05 1.000000100000000021e-05 1.000000100000000021e-05 1.000000100000000021e-05 1.000000100000000021e-05 1.000000100000000021e-05 1.000000100000000021e-05 1.000000100000000021e-05 1.000000100000000021e-05 1.000000100000000021e-05 1.000000100000000021e-05 1.000000100000000021e-05
2.359159851874495311e-04 2.132961504819861319e-03 3.984780797521906420e-03 7.351979596427582475e-03 3.161076191722155156e-03 2.793926022942388836e-03 5.007166130321108466e-03 5.741082565308155972e-03 4.399902565955147171e-01 4.330555832828094642e-01 4.278530988802485835e-01 6.455093112533596229e-04 1.289958090413143442e-05 1.000000000000000021e-08 1.000000000000000021e-08 1.776212599762295622e-05 1.287813037626249939e-05 1.000000000000000021e-08 1.000000000000000021e-08 1.000000000000000021e-08 1.000000000000000021e-08 4.979061225056648460e-05 3.291299091877514113e-05 1.083771798334872360e-05 1.000000100000000021e-05 1.000000100000000021e-05 1.000000100000000021e-05 1.000000100000000021e-05 1.000000100000000021e-05 1.000000100000000021e-05 1.000000100000000021e-05 1.000000100000000021e-05 1.000000100000000021e-05 1.000000100000000021e-05 1.000000100000000021e-05 1.000000100000000021e-05 1.000000100000000021e-05
3.037572475351800125e-03 2.351376880576189730e-03 1.953168194136330194e-03 2.859198406494105598e-03 4.493449504827041335e-03 5.579534127120295769e-03 3.756925773720649984e-03 2.550339706865708753e-03 4.354779626332441200e-01 4.223592661784440483e-01 4.243400880142675913e-01 1.627142725523266940e-03 1.463187722172903268e-05 1.000000000000000021e-08 1.000000000000000021e-08 1.000000000000000021e-08 1.000000000000000021e-08 1.752995936806194931e-05 1.000000000000000021e-08 1.000000000000000021e-08 5.123222562191096549e-05 5.296732976800964834e-05 3.204654676070715555e-05 1.373739267279920657e-05 1.000000100000000021e-05 1.000000100000000021e-05 1.000000100000000021e-05 1.000000100000000021e-05 1.000000100000000021e-05 1.000000100000000021e-05 1.000000100000000021e-05 1.000000100000000021e-05 1.000000100000000021e-05 1.000000100000000021e-05 1.000000100000000021e-05 1.000000100000000021e-05 1.000000100000000021e-05
3.408064685758669938e-04 2.770443341730335907e-04 8.299379442187655590e-04 8.522340830901884833e-04 2.774760554002483025e-03 6.990821108609640306e-04 5.204113055814402807e-04 6.211530282868979371e-04 5.095722125967422703e-03 3.996051353997580602e-01 4.140194380249896944e-01 3.410346023683302795e-05 4.616029326052117823e-05 1.000000000000000021e-08 1.000000000000000021e-08 1.000000000000000021e-08 1.000000000000000021e-08 1.000000000000000021e-08 1.783145920971355498e-05 1.350148581404206601e-05 1.000000000000000021e-08 1.000000000000000021e-08 3.233753395259239907e-05 2.197619092283197828e-05 1.000000100000000021e-05 1.000000100000000021e-05 1.000000100000000021e-05 1.000000100000000021e-05 1.000000100000000021e-05 1.000000100000000021e-05 1.000000100000000021e-05 1.000000100000000021e-05 1.000000100000000021e-05 1.000000100000000021e-05 1.000000100000000021e-05 1.000000100000000021e-05 1.000000100000000021e-05
4.975483532373263393e-05 1.145724067767549801e-04 1.722588426463730372e-03 1.443143990254264382e-02 2.524611457802770041e-03 1.454763748616848392e-04 2.380804529521416389e-04 1.855165007343527624e-04 8.698977277524543375e-04 3.471999358861049823e-01 8.739835691838620949e-05 7.172975365697693156e-05 9.646740395828297171e-05 1.113679810145384833e-05 1.000000000000000021e-08 1.000000000000000021e-08 2.201063040059373025e-05 2.064284675266598318e-05 2.084280314774591863e-05 1.161750978536520288e-05 1.000000000000000021e-08 1.067210629448853136e-05 1.000000000000000021e-08 2.138847687577688966e-05 1.000000100000000021e-05 1.000000100000000021e-05 1.000000100000000021e-05 1.000000100000000021e-05 1.000000100000000021e-05 1.000000100000000021e-05 1.000000100000000021e-05 1.000000100000000021e-05 1.000000100000000021e-05 1.000000100000000021e-05 1.000000100000000021e-05 1.000000100000000021e-05 1.000000100000000021e-05
3.694533513571217299e-04 2.658051141403078082e-04 9.362756904892036592e-04 6.624872158080051619e-04 6.382400925334998391e-04 1.870245814892490489e-04 6.342296006698120011e-05 1.208481112046760073e-04 4.700326651654328268e-04 2.566417812893372341e-01 1.663451623978518534e-01 7.989128669666677174e-02 7.879007115448735665e-02 7.827610860814665354e-05 1.000000000000000021e-08 1.000000000000000021e-08 1.000000000000000021e-08 1.260317730891672443e-05 1.000000000000000021e-08 1.000000000000000021e-08 1.000000000000000021e-08 1.000000000000000021e-08 1.262621562192987969e-05 1.000000000000000021e-08 1.318689480631278461e-05 1.000000100000000021e-05 1.000000100000000021e-05 1.000000100000000021e-05 1.000000100000000021e-05 1.000000100000000021e-05 1.000000100000000021e-05 1.000000100000000021e-05 1.000000100000000021e-05 1.000000100000000021e-05 1.000000100000000021e-05 1.000000100000000021e-05 1.000000100000000021e-05
5.535656094648119547e-04 5.585128878114857271e-04 2.942640416221670033e-04 1.766302580796341010e-04 1.451685978699571449e-04 1.598883952513848827e-04 1.565730392864471356e-04 2.606713653267139687e-03 2.043738610390860022e-01 2.265379939924709596e-01 1.556348445015234006e-01 2.361306958617215290e-01 2.340336356449290445e-01 1.588190719006760954e-01 4.433315125684894847e-04 1.048485407428739429e-05 1.000000000000000021e-08 1.000000000000000021e-08 1.000000000000000021e-08 1.000000000000000021e-08 1.000000000000000021e-08 1.000000000000000021e-08 1.000000000000000021e-08 1.000000000000000021e-08 2.119128678687475634e-05 1.000000100000000021e-05 1.000000100000000021e-05 1.000000100000000021e-05 1.000000100000000021e-05 1.000000100000000021e-05 1.000000100000000021e-05 1.000000100000000021e-05 1.000000100000000021e-05 1.000000100000000021e-05 1.000000100000000021e-05 1.000000100000000021e-05 1.000000100000000021e-05
