output/water_depth_8760.asc
ncols 223
nrows 158
xllcorner 0.0
yllcorner 0.0
cellsize 30.0
[rows 102 to 118 of 158, columns 111 to 147 of 223]
2.745701539343985077e-05 5.424365636328860592e-05 3.506418997044619525e-05 5.771623261887406106e-05 3.146917646097543628e-05 4.521135039471632552e-05 2.474509638574416456e-05 4.284296796852412226e-05 2.413461986631638373e-05 6.301608215366072678e-05 6.973426174472816636e-05 1.931427248362184868e-03 6.865947758562507795e-04 7.109209394108508429e-05 2.125730800495856658e-04 1.718532893303211450e-04 3.690422029784413277e-04 1.715651288176247517e-03 2.361345815076206552e-03 1.157572655063504423e-02 6.691347211924038047e-04 1.000000000000000021e-08 1.000000000000000021e-08 1.000000000000000021e-08 1.000000000000000021e-08 1.000000000000000021e-08 1.000000000000000021e-08 1.000000000000000021e-08 1.000000000000000021e-08 1.000000000000000021e-08 1.000000000000000021e-08 1.000000000000000021e-08 1.000000000000000021e-08 1.000000000000000021e-08 1.000000000000000021e-08 1.000000000000000021e-08 1.000000000000000021e-08
4.720865725088593096e-04 5.149754171494188302e-04 5.581052739136961247e-04 5.096011885675192808e-05 6.207024316109811617e-05 3.248931010145976277e-05 4.801887704840886032e-05 2.759158436880418099e-05 4.341799603310454031e-05 3.225842804883589389e-05 8.540204120622875699e-05 1.364147048796505697e-03 7.525964806487190836e-04 1.076408155784307652e-04 9.688219388225933961e-05 2.247647596435247514e-04 2.263497958563356460e-03 2.255565670499072237e-03 4.422404756505940795e-03 1.379003850941657068e-02 4.750012733813031786e-04 1.000000000000000021e-08 1.000000000000000021e-08 1.000000000000000021e-08 1.000000000000000021e-08 1.000000000000000021e-08 1.402738853921783462e-05 1.000000000000000021e-08 1.000000000000000021e-08 1.000000000000000021e-08 1.000000000000000021e-08 1.122130847102781440e-05 1.000000000000000021e-08 1.000000000000000021e-08 1.000000000000000021e-08 1.000000000000000021e-08 1.000000000000000021e-08
1.953108726046731420e-04 4.838735796134479021e-04 7.303190750958648550e-04 1.019750755328104356e-03 1.221750653859462197e-03 1.409294559125199220e-03 1.030634390906599732e-03 8.833350176520323544e-04 8.052406603387036749e-04 9.044264933785942768e-05 5.322703715905713941e-05 1.188552992341589381e-03 2.376144435280210486e-03 4.183363066998881975e-03 4.526760429619615389e-03 6.570066154998297457e-03 5.816571262541580904e-03 7.276724781843262047e-03 7.261338094908442210e-03 1.716971960720011306e-02 3.483237433345698873e-04 1.000000000000000021e-08 1.000000000000000021e-08 1.000000000000000021e-08 1.000000000000000021e-08 1.000000000000000021e-08 1.967629808380595599e-05 1.117078457434323045e-05 1.000000000000000021e-08 1.000000000000000021e-08 1.000000000000000021e-08 1.000000000000000021e-08 1.000000000000000021e-08 1.000000000000000021e-08 1.000000000000000021e-08 1.000000000000000021e-08 1.000000000000000021e-08
9.507967169647403799e-05 1.000000000000000021e-08 2.064781045119674777e-05 4.432519639267280847e-05 1.858451900130327268e-04 3.022032112684785348e-04 1.131169839713808264e-03 1.517489630580713417e-03 1.866193125420817327e-03 2.177697060241480780e-03 2.434863146029780500e-03 2.950045370801839418e-03 1.859059828626309988e-02 3.181169960633826142e-03 3.432243030016487745e-03 2.510327956469442408e-03 2.784572412899333996e-03 1.863387991863341446e-03 2.392525375542272573e-03 1.114152764709226175e-02 1.139744685884182956e-02 1.000000000000000021e-08 1.035821834437788664e-05 1.000000000000000021e-08 1.000000000000000021e-08 1.000000000000000021e-08 1.979917286024512150e-05 1.347507758753449819e-05 1.000000000000000021e-08 1.000000000000000021e-08 1.000000000000000021e-08 1.000000000000000021e-08 1.000000000000000021e-08 1.000000000000000021e-08 1.000000000000000021e-08 1.000000000000000021e-08 1.000000000000000021e-08
5.454658924205898422e-05 3.091554509279278003e-05 2.566875043616718565e-05 2.691526623724127719e-05 2.554528476917220534e-05 2.069433938001784818e-05 2.099669621044287338e-05 1.769744748421896399e-05 1.314205346759173531e-05 1.561129944488400597e-05 3.255072964133582129e-04 3.249861090487336204e-04 1.910817841491180703e-04 1.000000000000000021e-08 1.000000000000000021e-08 1.000000000000000021e-08 3.262195708246454066e-04 8.999364956910933398e-05 2.618381541257114027e-04 7.123553383075995754e-03 1.408884552081690264e-02 3.395707822111948375e-03 1.000000000000000021e-08 1.000000000000000021e-08 1.000000000000000021e-08 1.000000000000000021e-08 1.000000000000000021e-08 2.192718618602175812e-05 1.052446539524070446e-05 1.000000000000000021e-08 1.000000000000000021e-08 1.000000000000000021e-08 1.000000000000000021e-08 1.000000000000000021e-08 1.000000000000000021e-08 1.000000000000000021e-08 1.782140772097309030e-05
3.373672346293223837e-05 4.541220562641452120e-05 5.154588479438830474e-05 6.038130307193051790e-05 6.698478253467240421e-05 7.064866440267426732e-05 6.277370857277509721e-05 6.029093114360063347e-05 1.620064101457363505e-04 9.655374593241300093e-05 2.074697399721177078e-04 1.873367254936966905e-04 1.973402178985887441e-04 1.471837736579922472e-04 1.137063706212952760e-04 1.000000000000000021e-08 1.000000000000000021e-08 1.000000000000000021e-08 1.646371392135407901e-04 4.893004109609785067e-03 3.607311354392198771e-02 1.217802489235886472e-02 5.368156348112351295e-05 1.000000000000000021e-08 1.000000000000000021e-08 1.000000000000000021e-08 1.000000000000000021e-08 3.043637220486657236e-05 1.200738785335103279e-05 1.296240802573317602e-05 1.000000000000000021e-08 1.000000000000000021e-08 1.000000000000000021e-08 1.000000000000000021e-08 1.000000000000000021e-08 1.000000000000000021e-08 3.278204355637494988e-05
1.000000000000000021e-08 1.000000000000000021e-08 4.323130208254085966e-05 6.082614826956152856e-05 8.587017644237235293e-05 1.263526490098823617e-04 1.538166519546641973e-04 2.041879950157157785e-04 2.990314027215094103e-04 3.630409378023382477e-04 1.821496297058906421e-04 1.764919996272640767e-04 2.274603960906972360e-04 2.016208091211847773e-04 1.838984621885085687e-04 1.223563850610313788e-04 4.210067949439189196e-05 1.000000000000000021e-08 1.306057786105301901e-04 4.127137729394876435e-03 1.320853534814375209e-02 3.891597697364525960e-02 1.211816139284638272e-02 7.885190199891751409e-05 1.059862247507957784e-05 1.226294054882141365e-05 2.153451189567653017e-05 2.760016385750148427e-05 1.527544533400721822e-05 1.000000000000000021e-08 1.000000000000000021e-08 1.000000000000000021e-08 1.000000000000000021e-08 1.152675038309873907e-05 1.000000000000000021e-08 1.000000000000000021e-08 4.647951376046801980e-05
1.000000000000000021e-08 1.000000000000000021e-08 1.000000000000000021e-08 4.945625295049911764e-05 1.748221694354695592e-03 1.000000000000000021e-08 1.000000000000000021e-08 1.000000000000000021e-08 2.810917097662645701e-05 4.048796798204777543e-05 1.369641764036980710e-04 1.848664630669353030e-04 2.239007785541867988e-04 2.407044964739330959e-04 2.530189774461453806e-04 2.692893501087276296e-03 1.342127067660573324e-05 2.960025585880610762e-04 1.787013978786667766e-04 7.066432557521480466e-04 2.785008344486848326e-05 8.137493774494027055e-03 1.069093619832516343e-02 1.023914051735049131e-02 5.602055233473684197e-05 1.000000000000000021e-08 1.000000000000000021e-08 2.305307876498637244e-05 2.260076259722476553e-05 1.000000000000000021e-08 1.000000000000000021e-08 1.000000000000000021e-08 1.000000000000000021e-08 2.489925495909495363e-05 1.000000000000000021e-08 4.004475622995292414e-05 4.427562216321836351e-05
1.000000000000000021e-08 1.000000000000000021e-08 1.000000000000000021e-08 3.266939491247616921e-05 1.187126011119495885e-04 1.000000000000000021e-08 1.000000000000000021e-08 1.000000000000000021e-08 1.000000000000000021e-08 1.000000000000000021e-08 1.509033002301048035e-04 3.604074370578237772e-04 4.933873432147542221e-04 4.587160430318818947e-04 4.465707047286628789e-04 5.982839244126764155e-04 1.568423187528012212e-03 1.007751675515537911e-02 2.234714281013789987e-03 6.577393051605471804e-04 9.620543085341313506e-04 8.042978266732565829e-03 9.862854800115937806e-03 1.018542701434755997e-02 9.587700428115868492e-03 1.619751644659972326e-03 1.686170155995443849e-03 3.288195730630914028e-05 2.413340089005575816e-05 1.000000000000000021e-08 1.000000000000000021e-08 1.000000000000000021e-08 2.140004108813503913e-05 2.331871996470434265e-05 3.194288335979884256e-05 3.897161539994137058e-05 5.737394236208156486e-05
1.000000000000000021e-08 1.000000000000000021e-08 1.000000000000000021e-08 1.000000000000000021e-08 1.253789638541505369e-04 8.634511560368400215e-05 6.367938766557143570e-05 1.000000000000000021e-08 1.888267057784400222e-05 3.106330770585752924e-05 5.245039502520219967e-05 2.259174628770915403e-04 3.902098759098974329e-04 7.110690388989513800e-04 1.067131650398902513e-03 1.091622706041293130e-03 1.005895262549755731e-03 6.389100996614819955e-04 1.198151573966897525e-02 3.085531920997405808e-03 2.574988347528364870e-03 5.260571930392011174e-03 1.618539006284690565e-02 4.341941185797971309e-02 1.218023587314730032e-02 8.018986598025055340e-03 8.737317190369584333e-03 8.009458669379206856e-05 1.927801252716607281e-05 1.386645073628015376e-05 1.233062525614258558e-05 1.152760340766588112e-05 5.792651413438979348e-05 3.444157951170051296e-05 1.000000000000000021e-08 3.762346450080591737e-05 7.295914602928559153e-05
4.514385868266596497e-05 5.854311857984087079e-05 1.326303299110960911e-04 1.000000000000000021e-08 7.877679145828253072e-05 1.051679274927526896e-04 1.335665326150936051e-04 1.957050183552131123e-04 2.956288971112904559e-04 2.526670701676022907e-04 3.932041731877569126e-04 3.796464213911022729e-04 3.145702872372212232e-04 2.632929584853573122e-04 2.066728786529423720e-04 1.520481649241473693e-04 1.000000000000000021e-08 1.772298256955282198e-04 8.118923500725990677e-05 9.173519751528654454e-05 1.692520728059432184e-05 3.645722975092830810e-03 7.591476929871015036e-03 1.995245932731716521e-02 1.839121309173665994e-02 1.874364386555528797e-02 1.330769761091531167e-01 1.290053497767715829e-01 2.315919518525112655e-04 3.532790540675549885e-05 4.628261014094116332e-05 1.000000000000000021e-08 8.028946402760793813e-03 7.429413558016294793e-03 7.444031251883987993e-05 1.000000000000000021e-08 6.910734639789619424e-05
1.000000000000000021e-08 7.481316467011786347e-05 2.093986835804331065e-04 1.000000000000000021e-08 1.000000000000000021e-08 1.000000000000000021e-08 1.000000000000000021e-08 1.000000000000000021e-08 1.477536283307545728e-05 3.949433303336592196e-04 2.688007528120020550e-04 1.405317113358795159e-05 1.000000000000000021e-08 4.694708977465928069e-05 5.064284797552525438e-05 5.586142680528048216e-05 5.748580748985882851e-05 5.252311358989628320e-05 3.526640478337160023e-05 7.077814912119398220e-05 3.880333397312463878e-03 5.216775026278776782e-03 9.892373777715941438e-03 9.601551433347812331e-03 1.357895411375957713e-02 1.599897756744566787e-02 1.252544077657934962e-01 1.190041771441313484e-01 9.201128195055456593e-02 3.434086785586121238e-02 3.708993421584619310e-02 3.109823718060634665e-02 2.949461037922340712e-02 3.106389202421147230e-02 4.001905744301868795e-02 4.128696202894621692e-02 5.013737517214463197e-04
1.000000000000000021e-08 1.057007544048888838e-03 1.327797214240082190e-03 1.538129001215083865e-03 1.302455888165815901e-05 1.000000000000000021e-08 1.000000000000000021e-08 1.000000000000000021e-08 1.000000000000000021e-08 2.329725557318761445e-04 1.939537394986248970e-04 1.343728311947770763e-04 1.024333094007221244e-04 7.767080287602253527e-05 6.786328294911311138e-05 5.711963664633887120e-05 3.725405017183433109e-05 1.000000000000000021e-08 1.000000000000000021e-08 6.934374085151868560e-05 1.338098546468220219e-02 2.096741393145287388e-02 1.349890216568159877e-02 8.313700693914632608e-03 5.294955120521456157e-03 3.380736240876280364e-03 2.169735648411334934e-03 1.565176614374935195e-03 8.126444833422589650e-04 6.084193961184271391e-04 4.282484293383545244e-04 8.564011056599355257e-03 1.150777488076754236e-02 1.575930343793924271e-02 1.072958646317651379e-02 4.519199487398203180e-02 2.863366069355054513e-02
6.189935906240191105e-03 6.723689265557850157e-04 8.962945938423775693e-04 2.240484537553460564e-03 1.494509839169280187e-02 9.762082408388786381e-03 1.591333845250932511e-03 1.106284586700623110e-03 7.866118118971897723e-04 3.778146070598205146e-04 1.739766876776006844e-04 9.026628898591045730e-05 5.576470529546313575e-05 3.510297078626091211e-05 5.482746803188183455e-05 6.881553305384077073e-05 2.845751682002208710e-03 1.907875433850916846e-03 1.284512998916599201e-03 2.099890163081270800e-02 4.588145377395662361e-02 1.555012223709976993e-02 9.891911354868029795e-05 1.627676333351118823e-05 1.000000000000000021e-08 1.000000000000000021e-08 1.000000000000000021e-08 1.000000000000000021e-08 1.000000000000000021e-08 1.000000000000000021e-08 1.131090838853078431e-04 2.556892654116064111e-03 4.309958522015201916e-03 3.197292233680152501e-03 2.349494160373920022e-03 1.986621490864333168e-03 2.585796784274149371e-02
1.473027986642826138e-05 1.135626468625932763e-05 1.000000000000000021e-08 1.857158650016430400e-05 1.000000000000000021e-08 2.189278716908452539e-03 3.033860494164157279e-03 3.388476344356006458e-03 1.955287543974918059e-03 1.337075608191832469e-03 8.553697276307651318e-04 5.776510519760274208e-04 3.946478501206890995e-04 3.078588858111217658e-04 1.330259457537935446e-02 1.757466007718696405e-02 1.290537022693009558e-02 1.595978432897261420e-02 2.314781715336942935e-02 2.034887670127067880e-02 6.740610805836914736e-03 2.100123491740738316e-05 1.000000000000000021e-08 1.000000000000000021e-08 1.000000000000000021e-08 1.000000000000000021e-08 1.000000000000000021e-08 1.000000000000000021e-08 1.000000000000000021e-08 7.403677717872219352e-04 1.133819010790063173e-03 9.792217996515864380e-04 9.768083980822980447e-04 9.542942753363417878e-04 4.901887563360258354e-04 4.791082324855949650e-04 9.118125291342895483e-03
1.613344931618524371e-05 2.278791938660616027e-05 2.398528883986993120e-05 4.933124330454448630e-05 1.000000000000000021e-08 1.000000000000000021e-08 1.000000000000000021e-08 3.709196785411947393e-04 1.344178859644330889e-03 1.459118419926900461e-03 1.211241736969257592e-03 1.133294963464755861e-03 4.266693202294836486e-03 6.359837828351441735e-02 4.181865066505785489e-02 9.680395176810926636e-03 6.546432198832659137e-03 6.246708365079099885e-03 1.410657461295399722e-03 2.337221114842783886e-04 1.000000000000000021e-08 1.000000000000000021e-08 1.000000000000000021e-08 1.000000000000000021e-08 1.000000000000000021e-08 1.000000000000000021e-08 1.000000000000000021e-08 1.419628590798544616e-04 9.523941893561904118e-04 8.796668221612911724e-04 8.505268681267123300e-04 4.827095726572483599e-03 5.262104437382319685e-04 3.828286910027230193e-04 3.969168357322501201e-05 2.911624497539557730e-05 4.161307785275534615e-05
6.174483664426937764e-05 5.793535543506773082e-05 8.664866336959937889e-05 1.737905137833674416e-04 2.516375844961929787e-05 1.000000000000000021e-08 1.000000000000000021e-08 1.874997628610608491e-04 1.007356747267672921e-03 1.455741196830257151e-03 1.351189611452692551e-03 1.150841476032411076e-02 1.513620854006359102e-02 1.657718749792770618e-02 8.290517889864621945e-03 7.300556857406656020e-04 1.000000000000000021e-08 2.010113945371976750e-05 1.000000000000000021e-08 1.000000000000000021e-08 1.000000000000000021e-08 1.000000000000000021e-08 1.000000000000000021e-08 1.000000000000000021e-08 1.000000000000000021e-08 1.130960263472320872e-05 1.365068834556409103e-03 1.404923334169695583e-03 9.442198613051008566e-04 8.215600522338738709e-05 6.437620816055336442e-05 7.457229061365381858e-05 2.644177427844953215e-05 1.090906605365943958e-05 1.866441187862505067e-05 1.000000000000000021e-08 1.000000000000000021e-08
