output/water_depth_7320.asc
ncols 223
nrows 158
xllcorner 0.0
yllcorner 0.0
cellsize 30.0
[rows 68 to 84 of 158, columns 74 to 110 of 223]
2.884447559946585693e-05 2.417644136815924518e-05 2.419967880242915640e-04 1.000000000000000021e-08 1.000000000000000021e-08 1.000000000000000021e-08 7.407209145072896615e-05 9.049175157705997147e-05 6.866265141024417381e-05 4.734802566169752009e-05 3.377154545575360221e-05 2.595714796419450296e-04 4.250608825821353587e-04 7.264370449099796226e-04 1.784948501771074086e-03 2.352925892263968942e-03 4.496554951073548304e-04 1.449585306202499587e-04 1.187679211045264025e-04 1.431830408316801199e-04 8.501287659724117082e-04 1.153134012295905283e-03 1.555702275945557373e-03 1.318774423636913731e-03 1.487742300549707315e-03 9.452850744617991669e-04 1.258223275498163499e-03 1.024392905533417185e-03 1.166448238543148826e-03 1.128714763106399748e-03 1.856926824611721634e-03 1.968230042131804622e-03 1.291722995585549471e-03 9.025811030475414847e-04 7.372375293501748751e-05 2.226723264353219075e-05 1.862432160769190041e-05
6.158882548356476834e-04 5.016265640024050254e-04 3.072556057783933613e-04 2.212752020041306789e-04 1.583963777988893061e-04 1.218519974393161284e-04 9.291671718403799005e-05 7.079494486891459582e-05 8.122470796817970670e-05 7.812681593090647480e-05 7.796125033214355848e-05 1.503389312904247646e-04 2.772868397734296834e-04 4.571745110200730699e-05 1.274221498919872236e-04 3.106493578468205079e-04 2.313959648331521642e-04 3.144853800783216076e-04 1.316094588267904244e-04 2.178423041680039814e-04 2.509054774896709553e-04 3.118958477413934357e-04 2.258229634764860193e-04 2.901545257602715150e-04 2.133478169644953642e-04 4.092125476052176254e-04 5.961085379052172544e-04 6.889608855369433243e-04 5.011581323482388424e-04 5.600558445325129909e-04 6.696846264703344102e-04 8.269078849486509149e-04 1.435039396520540727e-03 1.522811574805280630e-03 4.849246187776921923e-04 4.228808814818676856e-04 1.332997570059878145e-04
7.095541214323454514e-04 4.944087992744798264e-04 5.465693986074587852e-04 4.108010113453170191e-04 3.419776856848124051e-04 2.622617982307668197e-04 2.316106565046312704e-04 2.026196481768599426e-04 2.179741581463484038e-04 1.717838259741722557e-04 1.347051695532502295e-04 1.231248616711421351e-04 2.184799237870280132e-04 2.146943472058453952e-05 1.968188709690786228e-04 1.548468934226959466e-04 3.240324305032485320e-04 4.666885246343089114e-04 4.101957127894724367e-04 8.126215632594805316e-04 1.365066148554164045e-03 1.254026032571335918e-03 1.686355869791430128e-03 1.439013814475025455e-03 1.619680295633149549e-03 1.340232544104465054e-03 1.340989858766156390e-03 2.563524557309658676e-03 3.317454249325717578e-04 4.288591994068726549e-04 3.370474359580355548e-04 4.680348519021453285e-04 5.742108518290576146e-04 1.604094610720974146e-03 2.331219142602909342e-03 2.136615467737739728e-03 2.833964426051249416e-03
7.360240470770185520e-04 4.653471892584708897e-05 1.000000000000000021e-08 2.369301559900294024e-04 2.799823319223795188e-04 2.749930341340416366e-04 1.810097955187921583e-04 9.774700080086143653e-05 4.594988894711336531e-05 1.085047881377743529e-04 1.000000000000000021e-08 8.068069846386730320e-05 1.812606628914675030e-04 4.801312909087296832e-04 4.269017212953622894e-04 2.962154063913183927e-04 4.638297683688435611e-04 6.562210522014018561e-04 3.503361420597489537e-03 2.562107322068820931e-03 1.713423452182078182e-03 1.284626515504794318e-03 7.392581621326895598e-04 4.426500934420214261e-04 8.845667610454650788e-04 6.329579090624355350e-04 1.077290646685995614e-03 1.975591799178216725e-03 4.508960729002332683e-04 3.647685041877761253e-04 4.610896133546852683e-04 3.757673618563319492e-04 5.037013072498227597e-04 6.176007031136644546e-04 2.237633903726137918e-03 1.533451105487373522e-03 1.948050126888093564e-03
4.283707943976928839e-04 3.997365749563667331e-04 2.612828257969508367e-04 2.683803501624369443e-04 2.630694423718178319e-04 1.848464733329590486e-04 1.139669150237229830e-04 8.828952973370279335e-05 6.991271425232558278e-05 6.445450526290874517e-05 1.000000000000000021e-08 4.457386104763129544e-05 1.145200716995373744e-04 1.110685605095611294e-04 2.507014882796372471e-04 3.987849751496812820e-04 6.535422404309379745e-04 6.318994225833433204e-04 3.930198129839169345e-04 2.292452612329486756e-04 9.534906102792718946e-05 9.229430251512772904e-05 3.657467264151164992e-04 3.838821105325512057e-04 6.997292166975641438e-04 7.010784224824964141e-04 7.934945444314950606e-04 3.073095592770553534e-04 2.312406021420023989e-04 4.006866842217931884e-04 1.362590200450871833e-04 2.506857508279164990e-04 2.252665662246455477e-04 3.371308022231455986e-04 3.238606162385723568e-04 1.712814234593148513e-03 9.999791060836583662e-04
4.154287439961721999e-04 4.393356420391784489e-04 2.651824498215116528e-05 3.561459673755614641e-05 1.000000000000000021e-08 1.162700378796421413e-05 1.232304926028428117e-05 2.098810158428518634e-05 2.469252073325274536e-05 2.469197471980252598e-05 1.830236771731700630e-05 2.110820089134177836e-05 2.063749197843429211e-05 2.014308012452622240e-05 8.189521077882791857e-05 4.271724708828402838e-05 9.228803868880985440e-05 9.247911437829172971e-05 7.205757713692901841e-05 1.243317772740248060e-04 1.125914784831707756e-04 1.196990591564818171e-04 2.124318825333763882e-04 2.468101182867515724e-04 4.989402971390402645e-05 8.423357315965891278e-05 1.798673337575937780e-04 1.411610650561147479e-03 3.445958351682502072e-04 2.875548393092388949e-04 5.476016084602851851e-04 4.196462520359171204e-04 5.043371153234597589e-04 3.848410405534476142e-04 1.981497998583325003e-03 1.843862155711331781e-03 1.417522895129539337e-03
1.000000000000000021e-08 4.002052531529008716e-04 6.451708471973714243e-04 7.170983955408766338e-04 5.937277179481066213e-04 4.505498191423564966e-04 3.297980453273514803e-04 1.359032382719225812e-05 2.929582532297781664e-05 2.935047010243904746e-05 4.166960756458171076e-05 3.396019106360563110e-05 4.307579489459522493e-05 3.611378865389311150e-05 4.744401818297955145e-05 3.650489078163108182e-04 2.306113734567861442e-04 1.877638746612341988e-04 1.935694070726393665e-04 2.584716729435930743e-04 3.940934454291794174e-04 1.546274102806403082e-04 9.517429996409580597e-05 1.141993364881915943e-04 3.554029220278916146e-05 1.181747343446007230e-04 8.969931967961448189e-05 3.987514142745924185e-04 2.537653203067217512e-03 3.838657215468678258e-04 3.230494518653769334e-04 2.261778293137163727e-04 2.085319639952896531e-04 1.503584180522808482e-04 1.459129385798620679e-03 2.609420586235342270e-03 1.000282763119730509e-03
1.000000000000000021e-08 1.000000000000000021e-08 1.000000000000000021e-08 1.000000000000000021e-08 3.556565743860710255e-04 4.430690946577370347e-04 4.248079952706424042e-04 3.926748534615964541e-04 2.480133610736181605e-04 1.598684819412523629e-04 1.393839003000962504e-04 1.356288137250900459e-04 2.013315394878153293e-04 2.524063349537062598e-04 2.364282695290891858e-04 3.257002836748141639e-04 4.073238280806301789e-04 1.627049429063636712e-04 4.765833116653481796e-05 1.739431013911964350e-05 1.643493164049259156e-05 2.805316870255378882e-05 2.818822551796691255e-05 7.597970728010220093e-05 1.016481322070607882e-03 1.387455706618235174e-03 2.006314724395762920e-03 1.440429373709729843e-03 1.203687130989741783e-03 1.502627932991460000e-03 3.324706016345575148e-04 4.087302577162292691e-04 2.677186704681344762e-04 1.252230887388689450e-04 1.321169443455270411e-03 2.065555414943765714e-03 1.638598102157253367e-03
2.247475629102437962e-05 1.000000000000000021e-08 1.000000000000000021e-08 1.000000000000000021e-08 1.000000000000000021e-08 1.555299870856455759e-05 6.603296224460973769e-05 8.218817348239033861e-05 5.907031622306782039e-05 5.417281951647226408e-05 6.784670849684006771e-05 4.284577836060975251e-04 2.008222588702677065e-05 2.551356171910539093e-05 2.752830570965028459e-04 3.812297099696999110e-04 4.148522303757793848e-04 2.018386105964025692e-04 4.579070139080425561e-05 1.000000000000000021e-08 2.355706282976765907e-05 2.472008711855723834e-05 2.684126874524073820e-05 2.194331379430789137e-04 1.000000000000000021e-08 3.956320027012679704e-05 2.346870084873562353e-05 9.895245739525940915e-04 1.628867168312072655e-04 1.747370392426762244e-04 2.456533466965030773e-04 2.224122138559401563e-04 2.081506478198995487e-03 2.688327428572353725e-03 3.241150938569310747e-03 4.211487933685269594e-03 1.496815872731956099e-02
7.271578968884374644e-05 6.960948334132317306e-05 6.028778735371452822e-05 1.000000000000000021e-08 1.000000000000000021e-08 1.000000000000000021e-08 1.000000000000000021e-08 1.000000000000000021e-08 1.812742883241940821e-05 1.000000000000000021e-08 3.958471278969265223e-05 1.700058177485305755e-05 2.705869650545870931e-04 1.000029696057295403e-05 2.374465725411654276e-04 3.054465642966039266e-04 4.506209620430938348e-04 2.536844954934596905e-05 1.667712837102103062e-05 1.636034917836623351e-05 3.004622253794284287e-05 3.635042888581495389e-05 4.169429393222184302e-04 3.176004332185782745e-04 2.474298739473008318e-04 1.473794715330390141e-04 1.000000000000000021e-08 7.793922452492068286e-05 7.426060062292828888e-05 1.809942599676992998e-04 6.195190579001553350e-05 5.101606701814516290e-04 4.749980417357515953e-04 3.615015477283183422e-04 2.874251878649969490e-04 2.738880122761185075e-04 2.103779872203128364e-03
2.598393583123624978e-05 5.978369568876923330e-05 1.000000000000000021e-08 1.000000000000000021e-08 1.586818435089995403e-05 1.789114964870743281e-05 1.000000000000000021e-08 1.000000000000000021e-08 2.496708415245493307e-04 1.000000000000000021e-08 2.173724006729134861e-05 1.453351349992682409e-05 3.922337125450894705e-05 3.117957756273867726e-04 2.800034063254558349e-04 3.152247435883850555e-04 2.411692589859399202e-05 6.259334265560772019e-05 2.412055358033753468e-05 2.056513619705554986e-05 1.898083852507522618e-05 2.830622415686845112e-05 5.930958765749236761e-05 5.102737582550009952e-04 4.241157115904694653e-04 3.309607288694358242e-04 1.695225078473352171e-05 2.937543559807597013e-05 8.756545278861020069e-05 2.064131347649327919e-04 3.471418939051097393e-04 1.218579664518778995e-03 8.532001535868919328e-04 5.667611730950969888e-05 6.955078389573803130e-05 5.382664814515855889e-05 2.309641666996006468e-03
1.000000000000000021e-08 1.000000000000000021e-08 1.000000000000000021e-08 1.000000000000000021e-08 1.000000000000000021e-08 1.381680339473327540e-05 1.230539504752074938e-05 1.147607535610888194e-05 1.000000000000000021e-08 1.000000000000000021e-08 1.000000000000000021e-08 1.000000000000000021e-08 3.605245243358337501e-05 1.000000000000000021e-08 1.000000000000000021e-08 1.929425590940269720e-04 3.143383691110120982e-04 2.726474720005042131e-04 6.677335875781487053e-05 7.368409923301417498e-05 4.809550276750435233e-05 1.542073262855520532e-05 2.988315758911397742e-05 4.661109661825308943e-04 4.267541918628570640e-05 8.742351341637780496e-05 3.205676201546508401e-05 1.027743938064228985e-04 1.495896851088672551e-04 2.071512771732320480e-04 1.867612606115038904e-04 4.517320163257674973e-04 1.936382265215454905e-04 1.870214007289833864e-04 5.754115595489560082e-05 9.687686723355460748e-05 1.123938758211465291e-04
1.000000000000000021e-08 1.000000000000000021e-08 1.000000000000000021e-08 1.000000000000000021e-08 1.000000000000000021e-08 1.000000000000000021e-08 1.085847617462961871e-05 1.589579650496077883e-05 1.897903489315664450e-05 3.207644401428595986e-05 2.807923223499788132e-05 1.000000000000000021e-08 1.000000000000000021e-08 1.000000000000000021e-08 1.000000000000000021e-08 1.000000000000000021e-08 2.118940886209228435e-04 2.656381429000127933e-04 3.537474463381546546e-04 3.188602952740911137e-04 2.802952161880146190e-05 3.454937394542371612e-05 1.102534881221230432e-05 3.932506802848483550e-04 4.671024508116952125e-04 3.084313583700570610e-04 4.344417845565706803e-04 2.953027258101556833e-04 4.525917217651832282e-04 3.698101781101968233e-04 3.474719773749121985e-04 5.204783251733901672e-04 3.544206969218591284e-04 4.106499152343666111e-04 6.744777695511324942e-05 2.164683538650487762e-05 4.184592408063967544e-05
1.000000000000000021e-08 1.000000000000000021e-08 1.000000000000000021e-08 1.000000000000000021e-08 1.000000000000000021e-08 1.000000000000000021e-08 1.215046164836227575e-05 1.000000000000000021e-08 1.518424828389755693e-05 1.662428983315967511e-05 2.501740202277414523e-05 1.000000000000000021e-08 1.000000000000000021e-08 2.461287615444385455e-05 5.607722948514376352e-05 1.000000000000000021e-08 1.493069877462728317e-04 1.964367846243141708e-04 1.268337826300104372e-04 2.057065142672325842e-04 5.913278656334003668e-05 2.911113823840880081e-05 6.821751860642137123e-05 5.350431336865572873e-04 4.854657132316769535e-05 8.985546129338281801e-05 1.018524636214773770e-04 6.089974165856407769e-04 3.854537493492416855e-04 4.530388442105864823e-04 4.818360429061076754e-04 4.069756571817011604e-04 6.008272147994518246e-05 2.605890729542344100e-03 3.570715160959063699e-03 2.227622616063042009e-03 2.322682656778058980e-03
1.000000000000000021e-08 1.000000000000000021e-08 1.000000000000000021e-08 1.000000000000000021e-08 1.000000000000000021e-08 1.000000000000000021e-08 1.000000000000000021e-08 1.000000000000000021e-08 1.548090647591961961e-05 2.791718582566134370e-05 3.661412697346175254e-05 3.771228812997886112e-05 4.594800339497675157e-05 3.520180641292589403e-05 4.386293016036535826e-05 3.860855959853511999e-05 1.000000000000000021e-08 1.000000000000000021e-08 1.000000000000000021e-08 1.000000000000000021e-08 5.589648206901196871e-05 5.326780953668926036e-05 4.664669364507350875e-05 1.180024895281994566e-04 9.039466129306301685e-04 5.216358576971370569e-04 2.743432868859540922e-04 5.130648629219006348e-04 5.365048753152416600e-04 5.359718157567870938e-04 4.642013820578577726e-05 9.582884528371259081e-05 8.170248589989751841e-05 7.148563228539451175e-04 3.099347540125453712e-04 1.379723224984163044e-03 1.486909657373899256e-03
1.000000000000000021e-08 1.000000000000000021e-08 1.000000000000000021e-08 1.000000000000000021e-08 1.000000000000000021e-08 1.000000000000000021e-08 1.000000000000000021e-08 1.000000000000000021e-08 3.263263553079608884e-05 4.118248911237068819e-05 5.489265283203046146e-05 5.342329217954049032e-05 4.967582663392702082e-05 4.564305840331690138e-05 4.630535131636920950e-05 1.000000000000000021e-08 1.000000000000000021e-08 1.000000000000000021e-08 1.000000000000000021e-08 1.000000000000000021e-08 1.000000000000000021e-08 1.000000000000000021e-08 1.000000000000000021e-08 1.000000000000000021e-08 1.000000000000000021e-08 1.725525751165635550e-04 2.664315487792388187e-04 3.823095976259954050e-04 5.400922775221689200e-04 9.984151608227785982e-04 9.763434769452101732e-04 7.247855124143549052e-04 6.049836242686786525e-04 4.195114097137377248e-04 4.345655580306582869e-04 8.261702864760126028e-04 6.652615636566531435e-04
1.000000000000000021e-08 1.000000000000000021e-08 1.000000000000000021e-08 1.000000000000000021e-08 1.000000000000000021e-08 1.000000000000000021e-08 1.000000000000000021e-08 1.000000000000000021e-08 1.000000000000000021e-08 1.000000000000000021e-08 1.000000000000000021e-08 1.000000000000000021e-08 1.000000000000000021e-08 2.578362133833208354e-05 2.969912036913328196e-05 1.000000000000000021e-08 1.000000000000000021e-08 1.000000000000000021e-08 1.000000000000000021e-08 1.000000000000000021e-08 1.000000000000000021e-08 1.000000000000000021e-08 1.000000000000000021e-08 1.000000000000000021e-08 1.000000000000000021e-08 8.815241612296039527e-05 9.491527816008770465e-05 3.878938076913042410e-04 8.255563711555825813e-04 7.120552616340785094e-04 1.254644019252341980e-03 1.083292298404028940e-03 9.856702334889736665e-05 8.591262593037469726e-05 1.094609117289741500e-04 6.681340424741750257e-04 5.991393092620813819e-04
