output/water_depth_11160.asc
ncols 223
nrows 158
xllcorner 0.0
yllcorner 0.0
cellsize 30.0
[rows 102 to 118 of 158, columns 111 to 147 of 223]
1.000000000000000021e-08 1.000000000000000021e-08 1.000000000000000021e-08 1.000000000000000021e-08 1.000000000000000021e-08 1.000000000000000021e-08 1.000000000000000021e-08 1.000000000000000021e-08 1.000000000000000021e-08 1.190567079430072119e-05 6.385552897994717066e-05 1.034360005106330733e-03 3.833915778084050338e-04 8.298861790147653891e-05 9.556048956552837519e-05 2.183206771321854838e-04 1.695367981535460472e-04 1.008114708392317520e-03 1.498566070526729209e-03 6.921707615215762915e-03 3.715664114001731373e-04 1.000000000000000021e-08 1.000000000000000021e-08 1.000000000000000021e-08 1.000000000000000021e-08 1.000000000000000021e-08 1.000000000000000021e-08 1.000000000000000021e-08 1.000000000000000021e-08 1.000000000000000021e-08 1.000000000000000021e-08 1.000000000000000021e-08 1.000000000000000021e-08 1.000000000000000021e-08 1.000000000000000021e-08 1.000000000000000021e-08 1.000000000000000021e-08
1.454561025013923544e-04 1.270787851814702489e-04 1.224755253416036696e-04 1.000000000000000021e-08 1.000000000000000021e-08 1.000000000000000021e-08 1.000000000000000021e-08 1.000000000000000021e-08 1.000000000000000021e-08 1.000000000000000021e-08 1.942033434645954257e-05 7.124428554674387291e-04 5.778125278389358932e-04 5.507072797664414157e-05 1.240527658983069451e-04 1.037208478778407214e-04 1.314489851416630406e-03 1.278830660343458631e-03 2.527079669009438777e-03 8.787874344305153171e-03 2.547052301056807475e-04 1.000000000000000021e-08 1.000000000000000021e-08 1.000000000000000021e-08 1.000000000000000021e-08 1.000000000000000021e-08 1.000000000000000021e-08 1.000000000000000021e-08 1.000000000000000021e-08 1.000000000000000021e-08 1.000000000000000021e-08 1.000000000000000021e-08 1.000000000000000021e-08 1.000000000000000021e-08 1.000000000000000021e-08 1.000000000000000021e-08 1.000000000000000021e-08
1.758371775608421185e-04 2.580735494621476498e-04 3.463135222981110679e-04 4.210526353402340295e-04 5.028368417487894806e-04 5.882883861895784336e-04 4.412592916463427078e-04 3.703430460737394702e-04 3.332175083013010249e-04 1.922072025809730381e-05 2.965849433450475696e-05 5.787471444228486873e-04 1.195262010291015540e-03 2.093986112708128792e-03 2.234127652599803872e-03 3.532168227024852069e-03 2.929197961275657302e-03 3.691941321027789220e-03 3.721444151508762968e-03 1.030283935942068706e-02 1.720446411413427564e-04 1.000000000000000021e-08 1.000000000000000021e-08 1.000000000000000021e-08 1.000000000000000021e-08 1.000000000000000021e-08 1.000000000000000021e-08 1.000000000000000021e-08 1.000000000000000021e-08 1.000000000000000021e-08 1.000000000000000021e-08 1.000000000000000021e-08 1.000000000000000021e-08 1.000000000000000021e-08 1.000000000000000021e-08 1.000000000000000021e-08 1.000000000000000021e-08
8.333754142507789932e-05 1.000000000000000021e-08 1.051713272366778116e-05 1.758081715732805138e-05 7.392012170670818512e-05 1.126978139868953655e-04 4.849008362286878803e-04 6.684816958308254257e-04 8.343175830903058580e-04 9.607805716160992349e-04 1.067172967690696583e-03 1.337480448592287064e-03 1.105128807636201159e-02 1.576009273432300416e-03 1.742030972333269336e-03 1.264376159322371917e-03 1.393185996585780823e-03 8.959579709603547213e-04 1.118942838702311968e-03 6.431635584008035290e-03 6.472729478000312058e-03 1.000000000000000021e-08 1.000000000000000021e-08 1.000000000000000021e-08 1.000000000000000021e-08 1.000000000000000021e-08 1.000000000000000021e-08 1.000000000000000021e-08 1.000000000000000021e-08 1.000000000000000021e-08 1.000000000000000021e-08 1.000000000000000021e-08 1.000000000000000021e-08 1.000000000000000021e-08 1.000000000000000021e-08 1.000000000000000021e-08 1.000000000000000021e-08
2.964585344994567184e-05 1.825558352550684548e-05 1.295563601828324029e-05 1.076832225801827383e-05 1.000000000000000021e-08 1.000000000000000021e-08 1.000000000000000021e-08 1.000000000000000021e-08 1.000000000000000021e-08 1.000000000000000021e-08 1.190502320714118586e-04 1.142237913139139790e-04 6.943550482988960397e-05 1.000000000000000021e-08 1.000000000000000021e-08 1.000000000000000021e-08 1.188923014527844464e-04 4.230290446325809611e-05 9.288500819367356614e-05 4.043031661061055604e-03 8.161577167813608216e-03 1.571965634554291528e-03 1.000000000000000021e-08 1.000000000000000021e-08 1.000000000000000021e-08 1.000000000000000021e-08 1.000000000000000021e-08 1.138044723130467800e-05 1.000000000000000021e-08 1.000000000000000021e-08 1.000000000000000021e-08 1.000000000000000021e-08 1.000000000000000021e-08 1.000000000000000021e-08 1.000000000000000021e-08 1.000000000000000021e-08 1.000000000000000021e-08
2.037492874377418655e-05 2.382724854482682383e-05 2.321234714121702116e-05 2.491057918653870245e-05 2.758318815467927600e-05 2.910939794819204703e-05 2.753844272571302337e-05 2.906634134010236848e-05 8.801262837898954556e-05 5.261811462913185323e-05 1.101288302164858636e-04 9.676993807064028508e-05 8.952969036231272939e-05 6.787331629715337780e-05 5.185481102291312930e-05 1.000000000000000021e-08 1.000000000000000021e-08 1.000000000000000021e-08 6.250385310270385731e-05 2.853961005573712843e-03 2.385252373200850290e-02 7.296184226739112558e-03 2.066784185919092381e-05 1.000000000000000021e-08 1.000000000000000021e-08 1.000000000000000021e-08 1.000000000000000021e-08 1.876582497234473428e-05 1.000000000000000021e-08 1.000000000000000021e-08 1.000000000000000021e-08 1.000000000000000021e-08 1.000000000000000021e-08 1.000000000000000021e-08 1.000000000000000021e-08 1.000000000000000021e-08 1.713139337545891843e-05
1.000000000000000021e-08 1.000000000000000021e-08 1.833952186071608379e-05 2.636047791828705948e-05 3.774240642946024893e-05 6.316186558439833385e-05 7.528320281754108617e-05 1.099598554204923704e-04 1.570993764574316151e-04 1.963507491451761254e-04 1.004967076483004800e-04 9.641138563493484239e-05 1.140332302649375807e-04 9.760632829827943112e-05 8.885211196272699492e-05 6.192784126753056461e-05 4.698685644430015019e-05 1.000000000000000021e-08 4.917062637863827361e-05 2.299931988316264615e-03 7.881869663744425422e-03 2.553914855128560507e-02 6.895639447363737483e-03 3.261873390918009700e-05 1.000000000000000021e-08 1.000000000000000021e-08 1.321366282441888325e-05 1.698903943007846784e-05 1.000000000000000021e-08 1.000000000000000021e-08 1.000000000000000021e-08 1.000000000000000021e-08 1.000000000000000021e-08 1.000000000000000021e-08 1.000000000000000021e-08 1.000000000000000021e-08 2.669030612483382924e-05
1.000000000000000021e-08 1.000000000000000021e-08 1.000000000000000021e-08 2.275726153052051593e-05 1.211036850238722930e-03 1.000000000000000021e-08 1.000000000000000021e-08 1.000000000000000021e-08 1.012329857825654494e-05 1.626215318644552422e-05 6.794495174141328532e-05 9.683932188868620960e-05 1.125855885830121292e-04 1.157790000727800428e-04 1.207233427158855671e-04 1.870650676659381265e-03 1.446733447018696162e-05 1.639325574615956721e-04 7.109170066156963097e-05 2.952347719719274760e-04 1.854113461535896422e-05 4.554742807253867563e-03 6.199430746391723299e-03 5.576513187803142785e-03 2.450235317759929117e-05 1.000000000000000021e-08 1.000000000000000021e-08 1.363962118292079660e-05 1.124816703867068261e-05 1.000000000000000021e-08 1.000000000000000021e-08 1.000000000000000021e-08 1.000000000000000021e-08 1.263146077122712870e-05 1.000000000000000021e-08 2.438823489677023509e-05 2.500439245308352283e-05
1.000000000000000021e-08 1.000000000000000021e-08 1.000000000000000021e-08 1.761349047188969107e-05 7.272554120690700031e-05 1.000000000000000021e-08 1.000000000000000021e-08 1.000000000000000021e-08 1.000000000000000021e-08 1.000000000000000021e-08 7.090535798880457470e-05 1.846522739410895052e-04 2.447816705680575292e-04 2.178668548812671122e-04 2.270305209235287864e-04 3.174154098342299034e-04 8.197342272753860336e-04 6.560034281449115059e-03 1.332890727159055178e-03 2.821766178139660866e-04 4.449094357695928333e-04 4.534111067145196912e-03 5.780895249631459037e-03 5.774544468817654347e-03 5.411449596451143283e-03 7.254745475484736163e-04 6.903248857547388418e-04 1.919060085289881528e-05 1.327889391992512822e-05 1.000000000000000021e-08 1.000000000000000021e-08 1.000000000000000021e-08 1.364135856006932963e-05 1.319200747116167971e-05 2.091367595633660730e-05 2.251243625324527694e-05 3.340145268047354452e-05
1.000000000000000021e-08 1.000000000000000021e-08 1.000000000000000021e-08 1.000000000000000021e-08 7.286673903970882816e-05 5.220681976889153032e-05 4.333238372123492636e-05 1.000000000000000021e-08 1.000000000000000021e-08 1.122367820560497828e-05 2.179232468629370751e-05 1.114998735578552949e-04 1.877736097450474686e-04 3.472246249806271818e-04 5.496701512142455935e-04 5.395215926877810694e-04 5.065839571182625869e-04 3.164168198192594903e-04 7.978911535602220551e-03 1.774739949504368364e-03 1.555645627005811018e-03 2.560385977332160605e-03 9.409744254444645309e-03 2.778984392528825384e-02 6.632603588358402733e-03 4.289511553285527828e-03 4.584685609023152891e-03 2.984085145468395232e-05 1.076579163402863167e-05 1.000000000000000021e-08 1.000000000000000021e-08 1.000000000000000021e-08 2.719967513821646270e-05 1.996120832615162177e-05 1.000000000000000021e-08 2.240318179451457749e-05 4.193901310497335052e-05
1.057290427617781072e-05 1.583283257602395225e-05 4.596686929716350891e-05 1.000000000000000021e-08 5.005122332783932062e-05 7.211326914474119475e-05 9.473188044494512520e-05 1.380586990008643910e-04 1.952004563605711331e-04 1.595325669585112972e-04 2.135120934691385551e-04 1.707263001426399405e-04 1.584859590074166760e-04 1.374503423851832818e-04 1.079368552536200994e-04 7.749167345719539966e-05 1.000000000000000021e-08 7.945104765127869732e-05 3.570765052661466113e-05 4.216984177744524296e-05 1.000000000000000021e-08 1.728598800337180236e-03 4.279750303196473704e-03 1.127116285944678928e-02 1.193696568809953819e-02 1.239406539482391240e-02 8.678063785955783538e-02 8.429114770516815680e-02 5.963032707847772910e-05 1.280763369769532230e-05 1.824670826750391235e-05 1.000000000000000021e-08 4.484470577697634470e-03 3.892789809894938238e-03 2.113529548980772209e-05 1.000000000000000021e-08 3.797611276912872839e-05
1.000000000000000021e-08 1.947477431680740947e-05 7.559752302963484907e-05 1.000000000000000021e-08 1.000000000000000021e-08 1.000000000000000021e-08 1.000000000000000021e-08 1.000000000000000021e-08 1.000000000000000021e-08 1.951990103952872099e-04 1.433807810429844648e-04 1.000000000000000021e-08 1.000000000000000021e-08 4.264446850737276982e-05 3.460515829416127169e-05 3.390270798365833401e-05 3.268933507959118794e-05 2.631945675273963424e-05 1.911532566147108625e-05 2.890009660165472293e-05 1.738516547620812475e-03 2.375204456467298539e-03 5.555915634150875720e-03 5.519174292238184995e-03 7.637538102923505795e-03 9.049776215707544536e-03 8.351167897967301523e-02 7.938084980673891511e-02 6.152573354807194111e-02 2.121150395881123835e-02 2.143231525369903787e-02 1.984433750173712069e-02 1.755861707996846793e-02 1.786445743047976667e-02 2.340990117717712746e-02 2.366256879119340087e-02 1.512786323659046734e-04
1.000000000000000021e-08 3.681073405298195163e-04 4.598122790479542668e-04 5.507052450679114598e-04 1.000000000000000021e-08 1.000000000000000021e-08 1.000000000000000021e-08 1.000000000000000021e-08 1.000000000000000021e-08 1.160176876985330316e-04 9.961655626252012574e-05 7.355122270557661035e-05 5.689851582376617039e-05 4.444068748864190351e-05 3.797858425394378995e-05 3.183207962334847868e-05 1.975984667533664066e-05 1.000000000000000021e-08 1.000000000000000021e-08 2.754539183565092266e-05 7.602813167878082895e-03 1.240902323806572158e-02 8.039110936190104958e-03 4.518365617660601366e-03 2.935144026193453430e-03 1.879416120536853141e-03 1.253242633284022125e-03 8.782120363261087474e-04 4.647849862465896998e-04 3.327195190290383733e-04 2.288852300436353333e-04 4.550103646542431358e-03 6.259105299230382710e-03 8.378429617863043452e-03 5.835638986792009847e-03 2.576849505061118428e-02 1.671269973374782392e-02
3.001049654471842163e-03 2.599860333788621479e-04 3.339230472579776091e-04 8.000324539395832968e-04 8.062141573148766394e-03 5.370580496322498523e-03 7.407563085830793032e-04 4.781500856318601040e-04 3.460015065975251291e-04 1.709646691658168723e-04 8.779608612230663082e-05 4.533698184900966243e-05 2.777947176113330785e-05 1.692133737704510328e-05 1.934858305515343215e-05 2.186836186793732960e-05 1.509194760880694548e-03 9.840908861842711120e-04 6.726099085383190242e-04 1.250202189831574502e-02 2.896684747564346601e-02 8.408470679308006901e-03 4.266562451244158307e-05 1.000000000000000021e-08 1.000000000000000021e-08 1.000000000000000021e-08 1.000000000000000021e-08 1.000000000000000021e-08 1.000000000000000021e-08 1.000000000000000021e-08 5.259726981904311679e-05 1.100591699018897609e-03 1.931273812687810554e-03 1.500533372294885533e-03 1.044121998103590080e-03 8.549040703353533990e-04 1.542702865418400099e-02
1.000000000000000021e-08 1.000000000000000021e-08 1.000000000000000021e-08 1.000000000000000021e-08 1.000000000000000021e-08 1.074841745255323590e-03 1.470821300630144888e-03 1.662709908995621891e-03 9.729110505875520742e-04 6.528475696050673426e-04 4.047394486169229497e-04 2.619867033031375385e-04 1.834669833279712085e-04 1.510716678575408809e-04 7.978395190004225132e-03 9.687014498990802538e-03 8.211050512767678264e-03 9.046523035184109857e-03 1.260514861817082534e-02 1.198103914019083525e-02 3.035893073723432319e-03 1.000000000000000021e-08 1.000000000000000021e-08 1.000000000000000021e-08 1.000000000000000021e-08 1.000000000000000021e-08 1.000000000000000021e-08 1.000000000000000021e-08 1.000000000000000021e-08 4.051474484525217695e-04 6.420203958936220121e-04 5.627587961246411545e-04 5.746123680281671389e-04 5.056705705519828854e-04 2.837974936463933144e-04 3.130122615701601621e-04 4.304774644646284197e-03
1.000000000000000021e-08 1.000000000000000021e-08 1.134308693299168193e-05 2.646677382345947644e-05 1.000000000000000021e-08 1.000000000000000021e-08 1.000000000000000021e-08 1.444641921203139250e-04 6.496580063314388517e-04 7.346902870147780209e-04 5.907093722370956651e-04 5.487689303107958893e-04 1.931878003757160102e-03 4.188745947416874782e-02 2.737636014842362991e-02 5.415977770931198858e-03 3.737033725257084705e-03 3.613605880483412944e-03 6.247346083115482137e-04 8.354627514563286994e-05 1.000000000000000021e-08 1.000000000000000021e-08 1.000000000000000021e-08 1.000000000000000021e-08 1.000000000000000021e-08 1.000000000000000021e-08 1.000000000000000021e-08 7.661126883895137403e-05 5.329587064510216392e-04 5.106973347775947041e-04 4.776593358667235545e-04 3.312228405866736447e-03 3.130603235954819408e-04 2.157873212942473101e-04 1.817713502491163360e-05 1.507362818072600309e-05 1.785798153451324531e-05
2.642935135864024225e-05 2.739785497265229543e-05 3.542442057243553894e-05 9.360467420490694375e-05 1.317606621231521461e-05 1.000000000000000021e-08 1.000000000000000021e-08 8.612251792870555202e-05 4.481779685240629943e-04 7.032418827064657128e-04 6.218317789126350100e-04 5.902010004860450652e-03 9.267510092892327148e-03 1.029038201802149818e-02 4.423450778458487553e-03 3.020989890275338550e-04 1.000000000000000021e-08 1.000000000000000021e-08 1.000000000000000021e-08 1.000000000000000021e-08 1.000000000000000021e-08 1.000000000000000021e-08 1.000000000000000021e-08 1.000000000000000021e-08 1.000000000000000021e-08 1.000000000000000021e-08 8.071048223323820962e-04 8.308570664519446996e-04 5.688329165223986834e-04 4.558154713133035694e-05 5.892122265897385995e-05 4.739352473741542367e-05 1.355732242818844474e-05 1.000000000000000021e-08 1.000000000000000021e-08 1.000000000000000021e-08 1.000000000000000021e-08
