output/water_depth_5520.asc
ncols 223
nrows 158
xllcorner 0.0
yllcorner 0.0
cellsize 30.0
[rows 17 to 33 of 158, columns 74 to 110 of 223]
1.000000100000000021e-05 1.000000100000000021e-05 1.000000100000000021e-05 1.000000100000000021e-05 1.000000100000000021e-05 1.000000100000000021e-05 1.000000100000000021e-05 1.000000100000000021e-05 1.000000100000000021e-05 1.000000100000000021e-05 1.000000100000000021e-05 1.000000100000000021e-05 1.000000100000000021e-05 1.000000100000000021e-05 1.000000100000000021e-05 1.000000100000000021e-05 1.000000100000000021e-05 1.000000100000000021e-05 1.000000100000000021e-05 1.000000100000000021e-05 1.000000100000000021e-05 1.000000100000000021e-05 1.000000100000000021e-05 1.000000100000000021e-05 1.000000100000000021e-05 1.000000100000000021e-05 1.000000100000000021e-05 1.000000100000000021e-05 1.000000000000000021e-08 1.209728987196422714e-05 1.579574226982767839e-05 1.902594989232990193e-05 2.529428324334256692e-05 2.728913291943462006e-05 2.689260074537166734e-05 2.863337545908519391e-05 2.843149021031043364e-05
1.000000100000000021e-05 1.000000100000000021e-05 1.000000100000000021e-05 1.000000100000000021e-05 1.000000100000000021e-05 1.000000100000000021e-05 1.000000100000000021e-05 1.000000100000000021e-05 1.000000100000000021e-05 1.000000100000000021e-05 1.000000100000000021e-05 1.000000100000000021e-05 1.000000100000000021e-05 1.000000100000000021e-05 1.000000100000000021e-05 1.000000100000000021e-05 1.000000100000000021e-05 1.000000100000000021e-05 1.000000100000000021e-05 1.000000100000000021e-05 1.000000100000000021e-05 1.000000100000000021e-05 1.000000100000000021e-05 1.000000100000000021e-05 1.000000100000000021e-05 1.000000100000000021e-05 1.000000100000000021e-05 1.000000000000000021e-08 1.000000000000000021e-08 1.153389537203508957e-05 2.158714226056625079e-05 2.718958643044192314e-05 2.055132600252645400e-05 2.537087347948767973e-05 2.489667442905406388e-05 2.369307518635295416e-05 3.357905409699653385e-05
1.000000100000000021e-05 1.000000100000000021e-05 1.000000100000000021e-05 1.000000100000000021e-05 1.000000100000000021e-05 1.000000100000000021e-05 1.000000100000000021e-05 1.000000100000000021e-05 1.000000100000000021e-05 1.000000100000000021e-05 1.000000100000000021e-05 1.000000100000000021e-05 1.000000100000000021e-05 1.000000100000000021e-05 1.000000100000000021e-05 1.000000100000000021e-05 1.000000100000000021e-05 1.000000100000000021e-05 1.000000100000000021e-05 1.000000100000000021e-05 1.000000100000000021e-05 1.000000100000000021e-05 1.000000100000000021e-05 1.000000100000000021e-05 1.000000100000000021e-05 2.860525505455306102e-05 3.132876232193686737e-05 2.925404412199019512e-05 2.675609861288346975e-05 2.971312883509473794e-05 3.821333525108348080e-05 4.346537192328788076e-05 4.885801978484128521e-05 4.807043037531452060e-05 4.589355526960003722e-05 4.462392910310886406e-05 5.256615868951200888e-05
1.000000100000000021e-05 1.000000100000000021e-05 1.000000100000000021e-05 1.000000100000000021e-05 1.000000100000000021e-05 1.000000100000000021e-05 1.000000100000000021e-05 1.000000100000000021e-05 1.000000100000000021e-05 1.000000100000000021e-05 1.000000100000000021e-05 1.000000100000000021e-05 1.000000100000000021e-05 1.000000100000000021e-05 1.000000100000000021e-05 1.000000100000000021e-05 1.000000100000000021e-05 1.000000100000000021e-05 1.000000100000000021e-05 1.000000100000000021e-05 1.000000100000000021e-05 1.000000100000000021e-05 1.000000100000000021e-05 3.454316479178228211e-05 6.408574286509800203e-05 9.758771079978114803e-05 8.146067889162201929e-05 7.869135962958168475e-05 7.273093032897943869e-05 7.733898557624619557e-05 7.123648056144885022e-05 5.156101220286393277e-05 3.172583909084018437e-05 3.403310966703924125e-05 4.069232426521741583e-05 1.234684649414548069e-04 1.000000000000000021e-08
1.000000100000000021e-05 1.000000100000000021e-05 1.000000100000000021e-05 1.000000100000000021e-05 1.000000100000000021e-05 1.000000100000000021e-05 1.000000100000000021e-05 1.000000100000000021e-05 1.000000100000000021e-05 1.000000100000000021e-05 1.000000100000000021e-05 1.000000100000000021e-05 1.000000100000000021e-05 1.000000100000000021e-05 1.000000100000000021e-05 1.000000100000000021e-05 1.000000100000000021e-05 1.000000100000000021e-05 1.000000100000000021e-05 1.000000100000000021e-05 1.000000100000000021e-05 1.000000100000000021e-05 2.092159168615073995e-05 2.168999671615032401e-05 2.388270384464773543e-05 2.790746247794736928e-05 6.685469080574913206e-05 8.177377958976798954e-05 9.102585496044815797e-05 9.212500640428255715e-05 8.733448663583369507e-05 6.185921108051784304e-05 2.967768506488273504e-05 2.071453067230010454e-05 2.157133122605787355e-05 2.008579180926088728e-05 1.721356274987855895e-04
1.000000100000000021e-05 1.000000100000000021e-05 1.000000100000000021e-05 1.000000100000000021e-05 1.000000100000000021e-05 1.000000100000000021e-05 1.000000100000000021e-05 1.000000100000000021e-05 1.000000100000000021e-05 1.000000100000000021e-05 1.000000100000000021e-05 1.000000100000000021e-05 1.000000100000000021e-05 1.000000100000000021e-05 1.000000100000000021e-05 1.000000100000000021e-05 1.000000100000000021e-05 1.000000100000000021e-05 1.000000100000000021e-05 1.000000100000000021e-05 1.000000000000000021e-08 1.075898213341339709e-05 1.000000000000000021e-08 1.000000000000000021e-08 1.000000000000000021e-08 1.000000000000000021e-08 3.919638126202533695e-05 8.136459256485744122e-05 1.004720231795725832e-04 1.118492606492537327e-04 1.000000000000000021e-08 1.804281533856688592e-05 5.317567071750982339e-05 6.767709581983418659e-05 1.122075190532079175e-04 1.536092381327374052e-04 1.336217035620346682e-04
1.000000100000000021e-05 1.000000100000000021e-05 1.000000100000000021e-05 1.000000100000000021e-05 1.000000100000000021e-05 1.000000100000000021e-05 1.000000100000000021e-05 1.000000100000000021e-05 1.000000100000000021e-05 1.000000100000000021e-05 1.000000100000000021e-05 1.000000100000000021e-05 1.000000100000000021e-05 1.000000100000000021e-05 1.000000100000000021e-05 1.000000100000000021e-05 1.000000100000000021e-05 1.885116158038461733e-05 4.950286283368106463e-05 4.135325691226826263e-05 3.875603607135380280e-05 4.558076587194430818e-05 4.852109483520309767e-05 3.270411272314846675e-05 1.000000000000000021e-08 1.000000000000000021e-08 3.395726034017288180e-05 5.121491577332285699e-05 7.899886307147762634e-05 1.009662640405967280e-04 6.633816488156703218e-05 4.659064694512890346e-05 3.983457823169027009e-05 6.160039882595809175e-05 5.471455917195942555e-05 5.535653014606795155e-05 5.523769274719330877e-05
1.000000100000000021e-05 1.000000100000000021e-05 1.000000100000000021e-05 1.000000100000000021e-05 1.000000100000000021e-05 1.000000100000000021e-05 1.000000100000000021e-05 1.000000100000000021e-05 1.000000100000000021e-05 1.000000100000000021e-05 1.000000100000000021e-05 1.000000100000000021e-05 1.000000100000000021e-05 1.000000100000000021e-05 1.000000100000000021e-05 1.000000100000000021e-05 1.000000100000000021e-05 1.000000000000000021e-08 1.000000000000000021e-08 8.092893646788310610e-05 1.267773016137056460e-04 1.627881251809484527e-04 1.440767040118581767e-05 1.263615842620341750e-05 1.599638817294342163e-05 1.343605988647901021e-05 1.802100861477904504e-05 1.000000000000000021e-08 1.000000000000000021e-08 1.000000000000000021e-08 1.000000000000000021e-08 1.183676626166175742e-05 1.000000000000000021e-08 1.000000000000000021e-08 1.000000000000000021e-08 1.472685872418559695e-05 2.203098234199723715e-05
1.000000100000000021e-05 1.000000100000000021e-05 1.000000100000000021e-05 1.000000100000000021e-05 1.000000100000000021e-05 2.740450344871020130e-05 2.728672872634997390e-05 1.000000100000000021e-05 1.000000100000000021e-05 1.000000100000000021e-05 1.000000100000000021e-05 1.000000100000000021e-05 1.000000100000000021e-05 1.000000100000000021e-05 1.000000100000000021e-05 2.387912834496533815e-05 2.598611472821589532e-05 3.631282703627557802e-05 6.101461594366210464e-05 6.736501424812698681e-05 6.286988355050856527e-05 8.232992896686799314e-05 1.000000000000000021e-08 1.145878568253533904e-05 1.791823685374368348e-05 1.226772362511666177e-05 1.000000000000000021e-08 1.000000000000000021e-08 1.000000000000000021e-08 1.000000000000000021e-08 1.000000000000000021e-08 1.000000000000000021e-08 1.000000000000000021e-08 1.000000000000000021e-08 1.000000000000000021e-08 1.044700591221767428e-05 1.418475223033955502e-05
1.000000100000000021e-05 1.000000100000000021e-05 1.000000100000000021e-05 1.000000100000000021e-05 1.000000100000000021e-05 5.543806190806069566e-05 8.412770621424009822e-05 4.220674568775164740e-05 3.690702198694391313e-05 4.380392550858958046e-05 2.054330296377132530e-05 1.000000100000000021e-05 1.000000100000000021e-05 1.000000000000000021e-08 1.000000000000000021e-08 1.368600428662472111e-05 2.548104580589218625e-05 2.648476490009374308e-05 2.989927555286575196e-05 2.382033390746495321e-05 1.000000000000000021e-08 1.000000000000000021e-08 1.730836280070195389e-05 3.746128157859723005e-05 5.528234255280467481e-05 7.380826875222472078e-05 8.997459689108009014e-05 5.914800746937184500e-05 3.170720949102891439e-05 2.991266207555210506e-05 1.000000000000000021e-08 1.000000000000000021e-08 1.000000000000000021e-08 2.232112749559434856e-05 2.034371780773471430e-05 6.124942696113610629e-05 2.058236771679713663e-05
1.000000100000000021e-05 1.000000100000000021e-05 1.000000100000000021e-05 1.000000100000000021e-05 1.000000100000000021e-05 4.073585985641211995e-04 2.284071600059873683e-03 1.215174592160786108e-04 7.019691398351047456e-05 2.352135156418100318e-05 1.000000000000000021e-08 1.000000000000000021e-08 1.038300746636142740e-05 1.832156864492248688e-05 2.494117571502099483e-05 3.145981615227391525e-05 3.900449902657581418e-05 3.831860280635240255e-05 1.000000000000000021e-08 1.000000000000000021e-08 1.000000000000000021e-08 1.000000000000000021e-08 1.000000000000000021e-08 1.608485227419488982e-05 2.291709399912682230e-05 2.761143404239541283e-05 3.552640608812079718e-05 6.929808649422333647e-05 6.355905515147078496e-05 5.119300946570015155e-05 1.000000000000000021e-08 1.000000000000000021e-08 1.000000000000000021e-08 9.943459696671657570e-05 1.993935559150378733e-04 4.449746783425839801e-04 1.327535332632467734e-05
1.000000100000000021e-05 1.000000100000000021e-05 1.000000100000000021e-05 1.000000100000000021e-05 1.000000100000000021e-05 5.034802967756416350e-03 3.861087707786522993e-04 2.693593011537058620e-05 2.063021497212327713e-05 1.000000000000000021e-08 1.028937314098893689e-05 1.000000000000000021e-08 2.125509369125364750e-05 2.900112641319996164e-05 3.395499242632347384e-05 4.379993668589041682e-05 5.596980842416211864e-05 5.242725384605727718e-05 1.000000000000000021e-08 1.000000000000000021e-08 1.000000000000000021e-08 1.000000000000000021e-08 1.000000000000000021e-08 1.325835129579531398e-05 1.433853074340132109e-05 1.620386117272007643e-05 2.134787939307055730e-05 2.625900330038072455e-05 7.756088950566645320e-05 1.663020589947822119e-04 1.179902669249678333e-04 1.000000000000000021e-08 1.000000000000000021e-08 6.936018046017276536e-05 9.358334916876795678e-05 1.228307995960999587e-04 1.434050415418022383e-04
1.000000100000000021e-05 1.000000100000000021e-05 1.000000100000000021e-05 1.000000100000000021e-05 1.000000100000000021e-05 8.391240531616399236e-04 1.230707695685350357e-04 2.897961704993829040e-05 1.000000000000000021e-08 1.515836431074413700e-05 1.000000000000000021e-08 1.288681259467505028e-05 1.897089476659609498e-05 2.967827040378218282e-05 3.504689142522768368e-05 1.000000000000000021e-08 1.000000000000000021e-08 1.000000000000000021e-08 1.000000000000000021e-08 1.000000000000000021e-08 1.000000000000000021e-08 1.000000000000000021e-08 1.131013595678876377e-05 1.000000000000000021e-08 1.000000000000000021e-08 1.000000000000000021e-08 1.000000000000000021e-08 1.000000000000000021e-08 1.960109881668467387e-05 3.473008680606918348e-05 1.000000000000000021e-08 1.000000000000000021e-08 2.809369261974325666e-05 2.555749321267334210e-05 3.023161189815439136e-05 2.536550368628426224e-05 5.638866160088020342e-05
1.000000100000000021e-05 1.000000100000000021e-05 1.000000100000000021e-05 1.000000000000000021e-08 8.375301706068341470e-05 7.954363049883207909e-04 2.059142996901870554e-05 1.740826578766377264e-05 1.785308203718638385e-05 1.841184484851473568e-05 1.000000000000000021e-08 1.587773047867523292e-05 2.682737446686585690e-05 3.531110604159691849e-05 1.000000000000000021e-08 1.000000000000000021e-08 1.000000000000000021e-08 1.000000000000000021e-08 1.000000000000000021e-08 1.000000000000000021e-08 1.472859794516673543e-05 1.000000000000000021e-08 1.000000000000000021e-08 1.265546364659354039e-05 1.252998129815420491e-05 1.000000000000000021e-08 1.000000000000000021e-08 1.000000000000000021e-08 1.000000000000000021e-08 1.000000000000000021e-08 1.000000000000000021e-08 1.429947227907500390e-05 1.000000000000000021e-08 1.000000000000000021e-08 1.000000000000000021e-08 2.734930997985230818e-05 2.838309893187189995e-05
1.000000100000000021e-05 1.000000100000000021e-05 1.000000000000000021e-08 1.607191857139728973e-05 1.564159086017743029e-04 8.447668104666005654e-04 2.512586842698961897e-05 1.816413533080816887e-05 1.000000000000000021e-08 1.000000000000000021e-08 1.227460697751295423e-05 2.336226466632070390e-05 3.254524971032973280e-05 3.954313891107050986e-05 1.000000000000000021e-08 1.000000000000000021e-08 1.000000000000000021e-08 1.000000000000000021e-08 1.000000000000000021e-08 1.176376976870819784e-05 2.228465632364594597e-05 1.000000000000000021e-08 1.000000000000000021e-08 1.000000000000000021e-08 1.000000000000000021e-08 1.000000000000000021e-08 1.000000000000000021e-08 1.000000000000000021e-08 1.000000000000000021e-08 1.000000000000000021e-08 1.000000000000000021e-08 1.000000000000000021e-08 1.000000000000000021e-08 1.000000000000000021e-08 1.000000000000000021e-08 1.000000000000000021e-08 3.071512270757838497e-05
1.147600820009306351e-05 1.521103388635027610e-05 1.000000000000000021e-08 1.000000000000000021e-08 8.389363167325567189e-04 1.214488859879094039e-03 3.223436451088596287e-05 1.931356304808409157e-05 1.000000000000000021e-08 1.000000000000000021e-08 1.000000000000000021e-08 2.330865885497373653e-05 1.000000000000000021e-08 1.000000000000000021e-08 1.000000000000000021e-08 1.229519920496149135e-05 1.000000000000000021e-08 1.000000000000000021e-08 1.000000000000000021e-08 1.538769090613998820e-05 3.020253885573846207e-05 1.000000000000000021e-08 1.000000000000000021e-08 1.000000000000000021e-08 1.000000000000000021e-08 1.000000000000000021e-08 1.000000000000000021e-08 1.000000000000000021e-08 1.000000000000000021e-08 1.000000000000000021e-08 1.080452915643753990e-05 1.000000000000000021e-08 1.000000000000000021e-08 1.000000000000000021e-08 1.000000000000000021e-08 1.000000000000000021e-08 3.541942524745460074e-05
1.715159185215419995e-03 2.271243687454177398e-03 1.669339356104002558e-03 1.252183990036991653e-03 7.103268102721561764e-04 1.050722754968789552e-03 9.877171740320016356e-04 1.071668998333737035e-04 7.189593455473042565e-05 4.510777449998295321e-05 1.000000000000000021e-08 2.523928104634666684e-05 1.000000000000000021e-08 1.000000000000000021e-08 1.000000000000000021e-08 1.000000000000000021e-08 1.000000000000000021e-08 1.000000000000000021e-08 1.000000000000000021e-08 1.680382446956615733e-05 3.173919182154713331e-05 2.517975601148661585e-05 1.961977704190623526e-05 1.000000000000000021e-08 1.000000000000000021e-08 1.000000000000000021e-08 1.000000000000000021e-08 1.000000000000000021e-08 1.000000000000000021e-08 1.000000000000000021e-08 1.000000000000000021e-08 1.000000000000000021e-08 1.000000000000000021e-08 1.000000000000000021e-08 1.000000000000000021e-08 1.000000000000000021e-08 1.000000000000000021e-08
