output/water_depth_11880.asc
ncols 223
nrows 158
xllcorner 0.0
yllcorner 0.0
cellsize 30.0
[rows 68 to 84 of 158, columns 185 to 221 of 223]
1.000000000000000021e-08 1.000000000000000021e-08 1.000000000000000021e-08 1.000000000000000021e-08 1.000000000000000021e-08 1.000000000000000021e-08 1.000000000000000021e-08 1.000000000000000021e-08 1.000000000000000021e-08 1.000000000000000021e-08 1.000000000000000021e-08 1.000000000000000021e-08 3.527710595738129789e-05 8.969003167183200358e-05 7.834336825091587730e-05 1.395470072052602234e-05 3.180984484462962540e-05 7.484613256340752485e-05 1.209225922288335300e-03 1.643056591764322221e-04 1.800608998338649254e-04 1.000000100000000021e-05 1.000000100000000021e-05 1.000000100000000021e-05 1.000000100000000021e-05 1.000000100000000021e-05 1.000000100000000021e-05 1.000000100000000021e-05 1.000000100000000021e-05 1.000000100000000021e-05 1.000000100000000021e-05 1.000000100000000021e-05 1.000000100000000021e-05 1.000000100000000021e-05 1.000000100000000021e-05 1.000000100000000021e-05 1.000000100000000021e-05
1.000000000000000021e-08 1.000000000000000021e-08 1.000000000000000021e-08 1.000000000000000021e-08 1.000000000000000021e-08 1.000000000000000021e-08 1.000000000000000021e-08 1.000000000000000021e-08 1.000000000000000021e-08 1.000000000000000021e-08 1.000000000000000021e-08 1.000000000000000021e-08 2.861915707785090090e-05 2.415052940407543067e-03 1.209978892895581916e-04 4.048412067230306295e-05 1.000000000000000021e-08 1.000000000000000021e-08 8.250033673406380937e-05 1.230521811080903440e-04 2.337299287960476792e-04 1.000000100000000021e-05 1.000000100000000021e-05 1.000000100000000021e-05 1.000000100000000021e-05 1.000000100000000021e-05 1.000000100000000021e-05 1.000000100000000021e-05 1.000000100000000021e-05 1.000000100000000021e-05 1.000000100000000021e-05 1.000000100000000021e-05 1.000000100000000021e-05 1.000000100000000021e-05 1.000000100000000021e-05 1.000000100000000021e-05 1.000000100000000021e-05
1.000000000000000021e-08 1.000000000000000021e-08 1.000000000000000021e-08 1.000000000000000021e-08 1.000000000000000021e-08 1.000000000000000021e-08 1.000000000000000021e-08 1.000000000000000021e-08 1.000000000000000021e-08 1.000000000000000021e-08 1.000000000000000021e-08 2.629040377374551512e-05 2.017049351445377527e-05 2.436313506188708973e-05 1.061290774299521965e-05 1.000000000000000021e-08 1.000000000000000021e-08 1.000000000000000021e-08 5.115137597077613739e-05 1.145100702477802894e-04 3.103912006153213151e-04 1.000000100000000021e-05 1.000000100000000021e-05 1.000000100000000021e-05 1.000000100000000021e-05 1.000000100000000021e-05 1.000000100000000021e-05 1.000000100000000021e-05 1.000000100000000021e-05 1.000000100000000021e-05 1.000000100000000021e-05 1.000000100000000021e-05 1.000000100000000021e-05 1.000000100000000021e-05 1.000000100000000021e-05 1.000000100000000021e-05 1.000000100000000021e-05
1.000000000000000021e-08 1.000000000000000021e-08 1.000000000000000021e-08 1.000000000000000021e-08 1.000000000000000021e-08 1.000000000000000021e-08 1.000000000000000021e-08 1.000000000000000021e-08 1.000000000000000021e-08 1.000000000000000021e-08 1.000000000000000021e-08 4.356313321351330261e-05 2.481997862863896559e-05 1.000000000000000021e-08 1.000000000000000021e-08 1.395965218810830940e-05 1.000000000000000021e-08 1.000000000000000021e-08 3.877778545517687682e-05 1.351891569269419232e-04 2.008469340752867848e-04 1.802681913858205514e-04 1.000000100000000021e-05 1.000000100000000021e-05 1.000000100000000021e-05 1.000000100000000021e-05 1.000000100000000021e-05 1.000000100000000021e-05 1.000000100000000021e-05 1.000000100000000021e-05 1.000000100000000021e-05 1.000000100000000021e-05 1.000000100000000021e-05 1.000000100000000021e-05 1.000000100000000021e-05 1.000000100000000021e-05 1.000000100000000021e-05
1.000000000000000021e-08 1.000000000000000021e-08 1.000000000000000021e-08 1.000000000000000021e-08 1.000000000000000021e-08 1.000000000000000021e-08 1.000000000000000021e-08 1.000000000000000021e-08 1.000000000000000021e-08 1.000000000000000021e-08 1.000000000000000021e-08 5.112970530784811387e-05 1.000000000000000021e-08 1.000000000000000021e-08 1.000000000000000021e-08 1.531833556865433359e-05 1.302906639893729425e-05 1.018117452647173653e-05 3.470920475892252748e-05 9.693616020254612934e-05 2.839061279502705522e-04 1.308245947739721318e-04 1.000000000000000021e-08 1.000000100000000021e-05 1.000000100000000021e-05 1.000000100000000021e-05 1.000000100000000021e-05 1.000000100000000021e-05 1.000000100000000021e-05 1.000000100000000021e-05 1.000000100000000021e-05 1.000000100000000021e-05 1.000000100000000021e-05 1.000000100000000021e-05 1.000000100000000021e-05 1.000000100000000021e-05 1.000000100000000021e-05
1.189329874217847374e-04 1.000000000000000021e-08 1.000000000000000021e-08 1.000000000000000021e-08 1.000000000000000021e-08 1.000000000000000021e-08 1.000000000000000021e-08 1.000000000000000021e-08 2.129929409391704954e-05 1.000000000000000021e-08 1.000000000000000021e-08 7.395840589231547114e-05 1.227036002765306179e-05 1.000000000000000021e-08 1.000000000000000021e-08 1.517355656697970549e-05 1.976021130382923525e-05 1.911176299335056198e-05 3.362222651875734189e-05 1.099978764723753469e-04 4.242462688641936348e-04 1.130398291523239889e-04 2.330795019468827762e-05 2.050974867268959818e-05 1.000000100000000021e-05 1.000000100000000021e-05 1.000000100000000021e-05 1.000000100000000021e-05 1.000000100000000021e-05 1.000000100000000021e-05 1.000000100000000021e-05 1.000000100000000021e-05 1.000000100000000021e-05 1.000000100000000021e-05 1.000000100000000021e-05 1.000000100000000021e-05 1.000000100000000021e-05
1.299728136294786389e-02 1.000000000000000021e-08 1.000000000000000021e-08 1.000000000000000021e-08 1.000000000000000021e-08 1.000000000000000021e-08 1.000000000000000021e-08 1.000000000000000021e-08 1.377367051097638241e-05 1.000000000000000021e-08 1.041364809129193476e-05 1.050990124187395033e-04 2.009151359452878468e-05 1.000000000000000021e-08 1.000000000000000021e-08 1.606527942571002067e-05 4.007479827476899653e-05 1.877345936128078230e-05 3.095361553935287321e-05 7.408460993057850049e-05 5.812436272996552048e-04 1.535967151098142035e-04 1.000000000000000021e-08 1.000000000000000021e-08 1.000000100000000021e-05 1.000000100000000021e-05 1.000000100000000021e-05 1.000000100000000021e-05 1.000000100000000021e-05 1.000000100000000021e-05 1.000000100000000021e-05 1.000000100000000021e-05 1.000000100000000021e-05 1.000000100000000021e-05 1.000000100000000021e-05 1.000000100000000021e-05 1.000000100000000021e-05
1.333261245883637404e-02 9.713871796382670537e-03 1.858136181544537899e-05 1.000000000000000021e-08 1.000000000000000021e-08 1.000000000000000021e-08 1.000000000000000021e-08 1.000000000000000021e-08 1.000000000000000021e-08 1.000000000000000021e-08 2.898807871328631374e-05 1.252969995932106686e-04 1.987646964734456442e-05 1.000000000000000021e-08 1.000000000000000021e-08 1.740003092738460835e-05 6.242450551152189454e-05 3.608131557712901296e-05 2.224199875991177599e-05 9.188620816685890563e-03 9.493180111538936441e-03 3.328377850484928318e-05 1.000000000000000021e-08 1.000000000000000021e-08 1.000000100000000021e-05 1.000000100000000021e-05 1.000000100000000021e-05 1.000000100000000021e-05 1.000000100000000021e-05 1.000000100000000021e-05 1.000000100000000021e-05 1.000000100000000021e-05 1.000000100000000021e-05 1.000000100000000021e-05 1.000000100000000021e-05 1.000000100000000021e-05 1.000000100000000021e-05
1.564585924061924482e-02 1.170471222863798434e-02 1.913444612184928779e-05 1.000000000000000021e-08 1.000000000000000021e-08 1.000000000000000021e-08 1.000000000000000021e-08 1.000000000000000021e-08 1.000000000000000021e-08 1.000000000000000021e-08 2.728698953086783495e-05 1.771338081273752662e-04 2.907254262364868667e-05 1.000000000000000021e-08 1.000000000000000021e-08 1.000000000000000021e-08 7.047692018430918291e-05 2.621690113469384340e-05 6.920755263454586061e-03 8.434501658073439989e-03 9.252541919604404322e-03 1.000000000000000021e-08 1.000000000000000021e-08 1.000000000000000021e-08 1.317138131817448049e-03 1.211658381760009089e-05 1.000000100000000021e-05 1.000000100000000021e-05 1.000000100000000021e-05 1.000000100000000021e-05 1.000000100000000021e-05 1.000000100000000021e-05 1.000000100000000021e-05 1.000000100000000021e-05 1.000000100000000021e-05 1.000000100000000021e-05 1.000000100000000021e-05
2.389953694585328706e-02 7.487337874961214751e-03 1.829026500703631383e-05 1.000000000000000021e-08 1.000000000000000021e-08 1.000000000000000021e-08 1.000000000000000021e-08 1.000000000000000021e-08 1.000000000000000021e-08 1.386942672877568155e-05 2.516280879096713269e-05 2.201893117628037262e-04 3.349360095384256927e-05 1.349466075518608360e-05 1.694755953641834356e-05 1.631472349392876036e-04 1.143015363966902453e-03 1.379559467883092116e-03 2.034793092431391552e-03 6.800522191297689312e-03 1.298516143282008321e-04 1.737762669279102959e-03 2.685048161019832158e-05 1.423545842186431852e-05 1.000000000000000021e-08 1.000000000000000021e-08 1.000000100000000021e-05 1.000000100000000021e-05 1.000000100000000021e-05 1.000000100000000021e-05 1.000000100000000021e-05 1.000000100000000021e-05 1.000000100000000021e-05 1.000000100000000021e-05 1.000000100000000021e-05 1.000000100000000021e-05 1.000000100000000021e-05
2.671183708867168327e-02 9.432691579123459250e-03 2.413376099798858734e-05 1.000000000000000021e-08 1.000000000000000021e-08 1.000000000000000021e-08 1.160458202514956839e-05 2.017196037277069917e-05 3.206606057506149475e-05 5.047602970891234831e-05 1.496755433932816983e-03 5.015134096521646013e-04 4.753707030808024237e-04 7.135759754614913507e-04 1.393991407698393949e-03 1.015854018086416455e-02 1.811844357025266510e-03 1.168160532448577968e-03 1.000000000000000021e-08 1.000000000000000021e-08 1.000000000000000021e-08 1.000000000000000021e-08 1.000000000000000021e-08 1.000000000000000021e-08 1.000000000000000021e-08 1.000000000000000021e-08 1.000000100000000021e-05 1.000000100000000021e-05 1.000000100000000021e-05 1.000000100000000021e-05 1.000000100000000021e-05 1.000000100000000021e-05 1.000000100000000021e-05 1.000000100000000021e-05 1.000000100000000021e-05 1.000000100000000021e-05 1.000000100000000021e-05
2.870781438171763136e-02 1.142841289975778385e-01 1.036817510474826950e-04 1.000000000000000021e-08 1.000000000000000021e-08 1.000000000000000021e-08 1.000000000000000021e-08 1.000000000000000021e-08 1.000000000000000021e-08 1.536231044818330731e-05 1.023038443640838054e-04 1.239439129535302268e-02 1.101780216212256119e-03 1.282285461680426073e-03 1.451731238681425260e-03 1.000000000000000021e-08 1.000000000000000021e-08 1.000000000000000021e-08 1.000000000000000021e-08 1.000000000000000021e-08 1.000000000000000021e-08 1.000000000000000021e-08 1.000000000000000021e-08 1.000000000000000021e-08 1.000000000000000021e-08 1.000000000000000021e-08 1.000000100000000021e-05 1.000000100000000021e-05 1.000000100000000021e-05 1.000000100000000021e-05 1.000000100000000021e-05 1.000000100000000021e-05 1.000000100000000021e-05 1.000000100000000021e-05 1.000000100000000021e-05 1.000000100000000021e-05 1.000000100000000021e-05
1.330348040005194005e-04 8.973681415027086328e-02 4.081178944423741878e-02 1.292317548557938081e-04 1.000000000000000021e-08 1.000000000000000021e-08 1.000000000000000021e-08 1.000000000000000021e-08 1.000000000000000021e-08 1.000000000000000021e-08 7.595810077586122788e-05 1.080009051127592962e-02 1.149434725952507702e-02 1.131756390781232498e-03 2.122987754625665891e-04 1.000000000000000021e-08 1.000000000000000021e-08 1.000000000000000021e-08 1.000000000000000021e-08 1.000000000000000021e-08 1.000000000000000021e-08 1.000000000000000021e-08 1.000000000000000021e-08 1.000000000000000021e-08 1.000000000000000021e-08 1.000000000000000021e-08 1.000000100000000021e-05 1.000000100000000021e-05 1.000000100000000021e-05 1.000000100000000021e-05 1.000000100000000021e-05 1.000000100000000021e-05 1.000000100000000021e-05 1.000000100000000021e-05 1.000000100000000021e-05 1.000000100000000021e-05 1.000000100000000021e-05
1.000000000000000021e-08 1.000000000000000021e-08 4.123971175793636479e-02 2.072650800767887949e-02 1.841344467627178266e-02 3.750396840534904724e-03 1.000000000000000021e-08 1.000000000000000021e-08 1.000000000000000021e-08 1.000000000000000021e-08 5.282338379495488828e-05 3.330294344235331782e-03 9.413213643142683343e-03 1.328140872974467026e-04 3.100195932051896824e-05 1.000000000000000021e-08 1.000000000000000021e-08 1.000000000000000021e-08 1.000000000000000021e-08 1.000000000000000021e-08 1.000000000000000021e-08 1.000000000000000021e-08 1.000000000000000021e-08 1.000000000000000021e-08 1.000000000000000021e-08 1.000000000000000021e-08 1.000000100000000021e-05 1.000000100000000021e-05 1.000000100000000021e-05 1.000000100000000021e-05 1.000000100000000021e-05 1.000000100000000021e-05 1.000000100000000021e-05 1.000000100000000021e-05 1.000000100000000021e-05 1.000000100000000021e-05 1.000000100000000021e-05
1.000000000000000021e-08 1.000000000000000021e-08 1.000000000000000021e-08 2.090305938800882113e-02 1.103987106067505081e-01 9.042760390894620526e-02 4.347197669117901231e-02 1.890716365826209733e-04 1.048841174495323121e-04 1.047755028253500491e-03 1.278247927251867887e-03 2.309307613313593081e-03 1.892654336493687043e-04 2.216142092104476328e-03 1.000000000000000021e-08 1.000000000000000021e-08 1.000000000000000021e-08 1.000000000000000021e-08 1.000000000000000021e-08 1.000000000000000021e-08 1.000000000000000021e-08 1.000000000000000021e-08 1.000000000000000021e-08 1.000000000000000021e-08 1.000000000000000021e-08 1.000000000000000021e-08 1.000000100000000021e-05 1.000000100000000021e-05 1.000000100000000021e-05 1.000000100000000021e-05 1.000000100000000021e-05 1.000000100000000021e-05 1.000000100000000021e-05 1.000000100000000021e-05 1.000000100000000021e-05 1.000000100000000021e-05 1.000000100000000021e-05
1.000000000000000021e-08 1.000000000000000021e-08 1.000000000000000021e-08 5.673835562703411899e-05 5.388042083222570143e-05 4.659826149540422495e-05 3.656401864144870340e-02 8.377653383102720216e-03 2.554165002509832354e-03 1.325624710527046127e-03 1.412803156293500296e-03 1.276361803580862387e-03 1.000000000000000021e-08 1.000000000000000021e-08 1.000000000000000021e-08 1.000000000000000021e-08 1.000000000000000021e-08 1.000000000000000021e-08 1.000000000000000021e-08 1.000000000000000021e-08 1.173348520519758990e-05 1.000000000000000021e-08 1.000000000000000021e-08 1.000000000000000021e-08 1.000000000000000021e-08 1.000000000000000021e-08 1.000000100000000021e-05 1.000000100000000021e-05 1.000000100000000021e-05 1.000000100000000021e-05 1.000000100000000021e-05 1.000000100000000021e-05 1.000000100000000021e-05 1.000000100000000021e-05 1.000000100000000021e-05 1.000000100000000021e-05 1.000000100000000021e-05
1.000000000000000021e-08 1.000000000000000021e-08 1.000000000000000021e-08 1.000000000000000021e-08 1.000000000000000021e-08 1.000000000000000021e-08 3.682146743475633865e-02 9.711048945474987093e-02 9.137809442325556253e-02 1.671604813339779786e-03 1.166939022706865552e-03 7.200551159353870941e-04 1.000000000000000021e-08 1.000000000000000021e-08 1.000000000000000021e-08 1.000000000000000021e-08 1.000000000000000021e-08 1.000000000000000021e-08 1.000000000000000021e-08 1.551726580436702584e-05 1.000000000000000021e-08 1.026617117411900040e-05 1.000000000000000021e-08 1.000000000000000021e-08 1.000000000000000021e-08 1.526116187191405100e-05 1.353616787646596218e-05 1.000000100000000021e-05 1.000000100000000021e-05 1.000000100000000021e-05 1.000000100000000021e-05 1.000000100000000021e-05 1.000000100000000021e-05 1.000000100000000021e-05 1.000000100000000021e-05 1.000000100000000021e-05 1.000000100000000021e-05
