output/water_depth_1080.asc
ncols 223
nrows 158
xllcorner 0.0
yllcorner 0.0
cellsize 30.0
[rows 102 to 118 of 158, columns 148 to 184 of 223]
7.580742079891237412e-03 7.280810106538099929e-03 5.098049566614306152e-03 4.487940438002441766e-03 2.631245307440356531e-03 2.644812907167387074e-03 1.211273444562839790e-03 8.838617332796283154e-04 6.750193517482668080e-04 2.169713371665410451e-04 1.554489606291238341e-04 2.494223615769672179e-04 5.453979410563894806e-04 7.493878046973484822e-04 8.398825459329264899e-04 1.000113582715867703e-03 1.204942520399744210e-03 1.049751289028063011e-03 1.642018201634350355e-03 2.286513413711389799e-03 1.935922732482155736e-03 2.195942558308587502e-03 1.708061973174133160e-03 2.582498799181486525e-03 2.092135951216062689e-03 3.454150983920125512e-03 2.478322040579222525e-03 3.863337960383574424e-03 3.808078932374389398e-03 5.047701179301492848e-03 4.322013781361773443e-03 4.377325372710242496e-03 3.775890302171857043e-03 4.577305417440245827e-03 4.890800605975220358e-03 4.248012902157112698e-03 3.549112696717505837e-03
8.923306155505574336e-03 7.925713989774096913e-03 6.625596161241932222e-03 3.808823445790645960e-03 3.825444984196893147e-03 2.907752020686569638e-03 1.773755353632640655e-03 1.372886424280116927e-03 6.224117059651921354e-04 4.841423620188506209e-04 1.486182021221894205e-04 2.758048451345424716e-04 2.484643613295149179e-04 7.919471542860642699e-04 1.081623299694910471e-03 1.351131254156052964e-03 7.942043762340358568e-04 1.175460805633264660e-03 1.183755802602712032e-03 2.158011407079263137e-03 3.336730405355897277e-03 3.230832224475082507e-03 4.016555542766420128e-03 3.032900680407101153e-03 4.874390576950351356e-03 3.691624493355902693e-03 5.003578136053611798e-03 3.835473888637916558e-03 5.710036993568293542e-03 5.159739368109280029e-03 6.457719631782022317e-03 6.204711197565692012e-03 5.655071938426133905e-03 4.828315921486690462e-03 5.749141372467266378e-03 5.386797702120366647e-03 4.975036137495735672e-03
9.367248224028599385e-03 8.765736393191699352e-03 7.586556111967668152e-03 5.395465038378364185e-03 4.268540802353560683e-03 2.726609296867555342e-03 2.625345984577007880e-03 1.328525890030548065e-03 1.249791290698119752e-03 4.908369019433883856e-04 3.553125859530704500e-04 4.115669637268298212e-04 3.817459432373349840e-04 9.853287217213785656e-04 1.493166549172547479e-03 1.256515492346790656e-03 1.293104628979652648e-03 1.838644118314775033e-03 2.519818013455073485e-03 3.693318632438669698e-03 8.197858185566873207e-03 2.756349567737158279e-02 4.341124600995555083e-02 4.007993099134232046e-02 2.192812462396707268e-02 1.363466163109631514e-02 8.880547717171243319e-03 7.359792111025382881e-03 1.299137782785875737e-02 1.040693852719535781e-02 8.479806018411440230e-03 7.538436641283938200e-03 6.146500788001984031e-03 5.642299444926467990e-03 4.953240884887240118e-03 5.186969281302903322e-03 4.816923241873783887e-03
9.627803828910628386e-03 9.254349830720032949e-03 7.944666372668359247e-03 7.265073008539009274e-03 5.036165468412683206e-03 4.338295362404956564e-03 2.342690390286956970e-03 2.509205130352827520e-03 1.177242375711031299e-03 1.128783475385989211e-03 5.406693122704500816e-04 7.550136298014650110e-04 3.715836238978800104e-04 8.092059303220814313e-04 1.835730679622258037e-03 3.374987920335849063e-03 3.473954708404945399e-03 2.906639831013076852e-03 3.911804325757830061e-03 7.080143182988652556e-03 1.325393786750522947e-02 1.194634993444837479e-02 7.703685984914320287e-03 1.994550312787183449e-02 3.462322239486463615e-02 5.694543828543058989e-02 5.065559357024495418e-02 4.744988751354366902e-02 2.313200105574030399e-02 1.539099892650138204e-02 1.259962242820743261e-02 1.084371410886378687e-02 3.006806782259293515e-02 1.799207978163715541e-02 1.286463396111713932e-02 9.482011745027807068e-03 8.583794520978490009e-03
9.769688094805616813e-03 9.540569801296016131e-03 9.037185434211584753e-03 7.804750952740076991e-03 6.221221378918798117e-03 3.854993333060531546e-03 3.906021007642089191e-03 2.107495750488375466e-03 2.368557892606873265e-03 1.783844902958973792e-03 1.030276910287735923e-03 1.098503766793159373e-03 7.474879604444605290e-04 8.572519296211808786e-04 5.656466521043602546e-04 8.178904185221089413e-04 2.312778224924779899e-03 8.758216051302201294e-03 1.435507381095572736e-02 1.001777971146145668e-02 2.063739164482353630e-02 8.891104917775786293e-03 4.667431934381568309e-03 3.548433096590693052e-03 1.718155140990165058e-02 1.227019726448291305e-02 2.907599730802850127e-02 3.742817232176388204e-02 5.684444380614812886e-02 6.623198434879340457e-02 6.933261871173143631e-02 7.056809685684641009e-02 5.116220496438741300e-02 6.225368663859934953e-02 6.598468934451966195e-02 6.825872410327642192e-02 5.106162758735121460e-02
1.032554985937773201e-02 9.708697458912438072e-03 9.380766965008228292e-03 8.648841303587260360e-03 7.083333722115212928e-03 5.404499825596709162e-03 3.373645036586051232e-03 3.104400548756794994e-03 2.571472261857331385e-03 2.435320779615061677e-03 1.816506839553040436e-03 9.692582208140235016e-04 1.076923505978434961e-03 4.173330756141244830e-04 1.000000000000000021e-08 4.097180718932473195e-04 2.109345450282865998e-03 1.817691446481892875e-03 5.713919071303264104e-03 1.927835371225968333e-02 1.191731273344332799e-02 1.630012894665662515e-02 1.041134237808090390e-02 9.922866230572958968e-03 8.431413967882451718e-03 5.833822587690477672e-03 3.943813681879937069e-03 3.336777015721383369e-03 2.386316035305527036e-03 1.121407509129255945e-03 1.113691472053889887e-03 6.240181156846761950e-04 9.479148659488747857e-04 9.639226575169060254e-04 1.052424151642144092e-03 1.415924754574784429e-03 1.854128290038266000e-02
1.088844691511491741e-02 1.005746979061465478e-02 9.606127291393503839e-03 9.129087172535519865e-03 8.026456701630678425e-03 6.144318979751197014e-03 4.565164216270650721e-03 3.385897798673799964e-03 3.072797000773959831e-03 3.022084214386787804e-03 1.516562241442778909e-03 1.533786238049581873e-03 6.525909051534014346e-04 4.729428057383112081e-04 1.240651586054973598e-04 7.938623812560835578e-04 1.742155689871367069e-03 2.353300307416617779e-03 1.760308112426791759e-03 1.356016412776804743e-03 7.896455706184074032e-04 2.401673075001363195e-03 1.074151748892831527e-02 1.060658772243008516e-02 6.109200393515079423e-03 4.203587224971992373e-03 2.726483747021175418e-03 6.776217620101276278e-04 9.324098267697514394e-04 9.805897125685209253e-04 1.718547580765888028e-03 1.285754883727289110e-03 1.146761055866035153e-03 6.343158295072919440e-04 8.392384386975655424e-04 1.122011617820068557e-03 1.441050055678758622e-03
1.018242237640487602e-02 1.086692616703322824e-02 9.995591176141269824e-03 9.353558524283954456e-03 8.528288654630521853e-03 7.051189812912728692e-03 5.870096779109252802e-03 4.994192584243870026e-03 3.898235916433251229e-03 2.237436229388122845e-03 2.407068062070485091e-03 1.110003362985005149e-03 1.013648353186879288e-03 4.140136319847926996e-04 8.326223455319178412e-04 5.838712642539635672e-04 8.068175370175994805e-04 2.719795046747742941e-04 1.578027672570110900e-04 3.675757478011985988e-04 3.186837403829599624e-04 1.570714616548487142e-03 1.717440891983165914e-03 5.455419610470420505e-04 4.127221694585382628e-04 9.938569590572567808e-04 1.916648250286539503e-03 2.273284620458996229e-03 2.429616851240751392e-03 3.857819784852784505e-03 3.055440367162435417e-03 3.688086239800087048e-03 2.595198697872460290e-03 2.794711795906284092e-03 2.955362790976658310e-03 3.730397752831867905e-03 2.004579108712945153e-03
9.042540839940041084e-03 7.444424891268387919e-03 1.693052897834633475e-02 9.754600860532876283e-03 9.132578967097935291e-03 8.509708116876336242e-03 6.885948900984795694e-03 5.316174068764365629e-03 4.528105117469707723e-03 3.858808224961830877e-03 1.912250217823701888e-03 1.825650160564971100e-03 8.064174573221261598e-04 8.012997701194950846e-04 1.037487498874400038e-03 7.933908637724048848e-04 9.194557411368472176e-04 2.493100697263154705e-04 4.450245632758955718e-04 1.725945815025677044e-04 5.536152815041794819e-04 1.068775212031162700e-03 1.042191255496440448e-03 1.006744162401060436e-03 4.024005298206927671e-04 3.517186316711650232e-04 7.239509963601207165e-04 3.366803287373362763e-03 2.421256031832489872e-03 1.256259887027660329e-03 1.888314119045983452e-03 1.897857466341120640e-03 2.906866399070754878e-03 1.823535741764915593e-03 1.719511839890562220e-03 1.175099685969494510e-03 1.772474787602317794e-03
6.013249163932018158e-03 9.963782100859273211e-03 2.243829074544726257e-02 1.070660397221138982e-02 9.086561770472761923e-03 8.866471187850300320e-03 8.591222203884739742e-03 5.908771196498892840e-03 5.366529036873720314e-03 3.254989087750494170e-03 3.200766802630355262e-03 1.563511049275442301e-03 1.576510531131400513e-03 7.894378569471536839e-04 1.452205417963428440e-03 8.985553340418111308e-04 7.358781381183179208e-04 3.665400982836152389e-04 9.997993653493525510e-04 3.576805545906501277e-04 6.274846139205243192e-04 1.461521775489659598e-03 6.504404096465820229e-04 9.380831105105628693e-04 6.305547415606013034e-04 8.048950048708141715e-04 1.098396153278413147e-03 6.489453375838245570e-04 1.682724880115779110e-03 1.002732879660949220e-03 1.597708326401197938e-03 3.044030209492040989e-03 2.880556389475721034e-03 2.740367695717687950e-03 1.875038296759271982e-03 1.467031461236770716e-03 1.497333737684672459e-03
4.054050199626837644e-03 6.939297260208804677e-03 3.614549593097277080e-02 1.028021703884159956e-02 8.891764447253307224e-03 9.371788849495542306e-03 9.409811852931340703e-03 7.725080889867636663e-03 5.040042506883046607e-03 4.509559529462659269e-03 2.658502275877912182e-03 2.702089964201269141e-03 1.290118653360411167e-03 1.653133659470168784e-03 1.428824591194367312e-03 1.309058641299346622e-03 1.317314827505463226e-03 1.063530351138774121e-03 1.243236977908831597e-03 4.054318654611907655e-04 8.586353625914059642e-04 1.336382619309621055e-03 1.135008977111355002e-03 9.483150101103960576e-04 1.573574187502972026e-03 1.087778514381340222e-03 1.432209863788157364e-03 1.798417299064823107e-03 1.490983689738695391e-03 2.165832712717103564e-03 2.473559543526133130e-03 2.657331890146912099e-03 3.367679618299676374e-03 2.295085161061974615e-03 2.513238340852050681e-03 2.735005868547854720e-03 2.422595695105937696e-03
1.844526020092464563e-03 5.895501303881831197e-03 4.646184499243823096e-02 1.057084559259999744e-02 9.854895823648877201e-03 9.169447663210599994e-03 8.363128129203133490e-03 8.808425783392656236e-03 7.838421654331793539e-03 4.670073759092788906e-03 3.913792556278038529e-03 2.995132887757363024e-03 2.264213152048939141e-03 1.944847979254137830e-03 2.068966380660784352e-03 1.528624689572786370e-03 1.658575337720747875e-03 1.327521501438834375e-03 1.369678334124050300e-03 4.659920673778128897e-04 7.907211105747599406e-04 1.280857406223434060e-03 9.970266754562510762e-04 1.826613873257749467e-03 1.553430390649875687e-03 2.572188955796770281e-03 1.932003098689232846e-03 2.439178570976522319e-03 2.208624490208242232e-03 2.467979172331786347e-03 3.682657319530033280e-03 3.888363926455009213e-03 4.251424761696628689e-03 4.081223209642041716e-03 3.912232968969560701e-03 3.107510233681077053e-03 3.793611847508560845e-03
3.956424561844471000e-02 9.209901606068890759e-03 2.609340496099938483e-02 4.240926365472615089e-02 8.728133811271465703e-03 6.997630067293374341e-03 5.915650604627665371e-03 1.056858045804151026e-02 1.509553313623197661e-02 6.582832195353360491e-03 3.927855772219093419e-03 3.876917918085742969e-03 2.719212614823248234e-03 2.584000596860512762e-03 1.707277699032295039e-03 3.412302092210482175e-03 2.279300635503472491e-03 1.835968197971549849e-03 1.209416616262950876e-03 5.966164911183083558e-04 7.624177910247865141e-04 1.186027690199987095e-03 1.556266469765451525e-03 1.579714693878384296e-03 2.870614123165664364e-03 2.350819178772896312e-03 3.400684012974704816e-03 2.393334518154937793e-03 3.504488290057576096e-03 3.899535417574010940e-03 3.636381591264965969e-03 4.180623857638247377e-03 6.954087583390001527e-03 2.204419463071702334e-02 3.533658119846970480e-02 4.364001090714141745e-02 4.897137511832182211e-02
3.921092227268084540e-02 7.420299155206698527e-02 1.663538760159367358e-01 1.470163270839513758e-01 1.357221997043434325e-01 3.181929756564848104e-03 1.942361560266901710e-02 1.144621543759539832e-02 1.245577567818054350e-02 7.532185693795072877e-03 5.502947347028715880e-03 4.142484607844279347e-03 3.856400155173674970e-03 3.153533833728133437e-03 2.828672221836280205e-03 3.167443644061997566e-03 3.153676635948863671e-03 5.087804496050396313e-04 3.012698687460730988e-03 8.402617428736319912e-04 6.299060687923370167e-04 1.051155968091607978e-03 1.619602477870864558e-03 2.485491688952463918e-03 2.132806673431627414e-03 3.699638378458821025e-03 3.534009587296275262e-03 4.172669608262330639e-03 4.157591467243470888e-03 4.826824352503143387e-03 7.972329659016992240e-03 8.429014960104257159e-02 7.092270975661223165e-02 4.441520557313534401e-02 8.327386932821260329e-03 5.472684789760760490e-03 4.157560763416306114e-03
1.011772312143302821e-01 4.085745564264475771e-02 2.451525878553505178e-02 1.357914462643520781e-01 1.225101784066079530e-01 7.850131940964631683e-02 6.016161972358956972e-02 4.592361329039880424e-02 1.410712915770559288e-02 2.675788917906572056e-02 6.862870755380712055e-03 5.763166920094675051e-03 5.495912326739939291e-03 4.582228172435420799e-03 4.357415367618123342e-03 3.777669722747211030e-03 2.971636430527056869e-03 8.897052200702417271e-04 2.237322740033725627e-03 2.676492342705094705e-03 1.332750253570845912e-03 9.608000348244404671e-04 2.087384716477016025e-03 2.197413020597963496e-03 2.775258195185960775e-03 3.021141790110906146e-03 5.137094053060960175e-03 5.129692004691671463e-03 7.092535236304586647e-03 6.547945811686238515e-02 5.656749414627625094e-02 2.065152366611040791e-02 4.775345182172259116e-04 1.096591704169289018e-04 2.102642629880925303e-04 4.162797967688771977e-04 5.270994299239091388e-04
1.989939350584642511e-02 6.851960404111075154e-03 1.101000136901336343e-02 9.281536303332173568e-03 1.332275353751734628e-02 7.059616848347665882e-03 3.161607629741247649e-02 7.261755494935960564e-02 8.185363256223676665e-02 1.060574436390159664e-01 1.606175517258847940e-01 1.364068514430173407e-01 2.690999003605781814e-03 6.064155847590549722e-03 8.804879963966880108e-03 6.788621305584853320e-03 2.301069948119864508e-03 1.767567973459801102e-03 2.858789615899005009e-03 3.670547552929311844e-03 5.288695772206239432e-03 1.110493395162258107e-03 3.172504912376528964e-03 1.826168515764947219e-03 3.121710760407815036e-03 3.930808554472730795e-03 6.031839052001950266e-03 9.222923433989121955e-02 8.776989187453791696e-02 7.129971487752638504e-02 6.352196335390117299e-02 6.841508535496733379e-04 5.102953824834001147e-04 4.242111210303225587e-04 1.942956066829648880e-04 2.898826756627457917e-04 4.988120766551285684e-05
7.874783281167314908e-03 1.616771617082351023e-02 1.735030775765526723e-02 5.198627065673778851e-03 9.532824535237688010e-03 1.218438616004598879e-02 1.132212642263178727e-02 9.434318601127894555e-03 7.656957847333190417e-03 8.429350381177235993e-03 8.372964656744740289e-03 9.589223516434611239e-02 9.256942851970210995e-02 1.257664784412578507e-01 9.357039425880334105e-02 1.436377854525575093e-01 1.203512795808230618e-01 8.281683928234438719e-02 8.181357503260132391e-02 1.613730964673250612e-01 1.445131920685988614e-01 1.270003252779076941e-01 1.084192455456632065e-01 8.331762390370565929e-02 4.343647029814028115e-02 4.210140309944984671e-02 1.107189565877552684e-01 9.762956153167749729e-02 9.357645480709674002e-02 1.458035366417205709e-03 2.052215327403719507e-04 1.270023021553537987e-04 2.697946230754071995e-04 3.970741645704970141e-04 9.116009713447013278e-04 7.689860100211605909e-04 1.342420842799470606e-03
