output/water_depth_480.asc
ncols 223
nrows 158
xllcorner 0.0
yllcorner 0.0
cellsize 30.0
[rows 51 to 67 of 158, columns 148 to 184 of 223]
6.095343887819532763e-03 6.411012590928899350e-03 7.607273538901304991e-03 7.899041014747733291e-03 1.192665269406054107e-02 8.317701018042534741e-03 7.198672928263074623e-03 5.570008338081197143e-03 6.928358115914913865e-03 7.623065287675367951e-03 1.181701996325782919e-02 8.272662309852294935e-03 6.616779169173731164e-03 5.504852611362516350e-03 7.556948413771048638e-03 1.364507873522112849e-02 7.100641252288993066e-03 9.091234972430944916e-03 2.990640902630426704e-03 6.731975380075406329e-03 7.779933909109483167e-03 7.915076823560107319e-03 7.921513090236354665e-03 7.921516290247988812e-03 7.921519490259621224e-03 1.946895936931337251e-02 1.641395778923451787e-02 7.921519490259621224e-03 7.921519490259621224e-03 7.921519490259621224e-03 7.921519490259621224e-03 7.921516290247988812e-03 7.918327414740512077e-03 7.871119215219248011e-03 7.450749436197535991e-03 5.772756964994997519e-03 9.423612657021697078e-03
6.759855130526071232e-03 2.881108654714504679e-03 6.712752980133397836e-03 7.783113642421690855e-03 1.561154694513303826e-02 7.434121852834020550e-03 5.667999723777284588e-03 7.259852298453494356e-03 5.542423977361777762e-03 6.429282734502218301e-03 1.447758244284583912e-02 7.220940510473761696e-03 3.031369766262892885e-03 6.688024725321763467e-03 8.979165792693189624e-03 6.986245460434171127e-03 1.377160867841181746e-02 6.957373742438599518e-03 3.819547735879192177e-03 6.963810009069371955e-03 7.799153109085333289e-03 7.915102423607701249e-03 7.921513090236354665e-03 7.918307756922027957e-03 7.921500290235295588e-03 7.921513090236354665e-03 1.513795950800092896e-02 1.235005546390535204e-02 1.113752154133648524e-02 7.921519490259621224e-03 7.921519490259621224e-03 7.921519490259621224e-03 7.921506690213088106e-03 7.911946463759401971e-03 7.824013415570030966e-03 7.520291195710038581e-03 8.297815475948178490e-03
7.088270384515149569e-03 2.977835569294862844e-03 6.735155113387614884e-03 7.850748766436179554e-03 1.560157325124661605e-02 7.921513090236354665e-03 7.915089623606642172e-03 7.789605682541755546e-03 6.872754002683601621e-03 3.429796731956836868e-03 1.009064784926467714e-02 9.034981179074686591e-03 4.136191691754598915e-03 6.578371353357093110e-03 1.396052412805571900e-02 3.032335239363115852e-03 6.641171768928567053e-03 7.638474086201918131e-03 7.773452842361317124e-03 7.779889109083038511e-03 7.902236290233000809e-03 7.921481090210969953e-03 7.921513090236354665e-03 7.857140566370315535e-03 7.905464023537811524e-03 7.915057623581255725e-03 7.915076823560107319e-03 1.123147166647392795e-02 1.930752260451901875e-02 1.264549074742054614e-02 7.921519490259621224e-03 7.921519490259621224e-03 7.921519490259621224e-03 7.921500290189821547e-03 7.911952863782668530e-03 7.877560966148545313e-03 7.968633974173522372e-03
8.262465169283370395e-03 3.590931697994770820e-03 7.008965106246857479e-03 8.475038722321795101e-03 1.492567227373425842e-02 7.921516290247988812e-03 7.918327414785986118e-03 7.871158116081156467e-03 7.468518120817558593e-03 5.788557938327842239e-03 8.593901726310651523e-03 3.343363840708358202e-03 9.147365016506144725e-03 5.969737873173858872e-03 1.265583253675200970e-02 4.231570939413965490e-03 6.159674454097209019e-03 6.663117465627389595e-03 6.706452071689151910e-03 6.712717780096378976e-03 7.663997394497223600e-03 7.902261890235118963e-03 7.915076823560107319e-03 7.384695317109313782e-03 7.667212327937400831e-03 7.770289109061801792e-03 7.779882709059771952e-03 7.895812823557814275e-03 7.915038423556930089e-03 1.495444434699007979e-02 1.561334586767285613e-02 7.921519490259621224e-03 7.921519490259621224e-03 7.921519490259621224e-03 7.921506690213088106e-03 7.918337014729938741e-03 7.924708365812572000e-03
3.703679337054078310e-03 5.965448935780538059e-03 8.210860977346480169e-03 1.167254152628561387e-02 1.114796067066898232e-02 7.921519490350571041e-03 7.921503490292403776e-03 7.908602156880684478e-03 7.699524460390117647e-03 6.672451771050569996e-03 4.883701561560507137e-03 5.297392282833014547e-03 7.374505176171320536e-03 7.857125338018400990e-03 7.918307756922027957e-03 9.969991444388688270e-03 4.287852458133190221e-03 3.061340159360649744e-03 2.906209483348599736e-03 2.874762307551161078e-03 6.976676142444072394e-03 7.805608575785906271e-03 7.792774442436590544e-03 5.386380261533929570e-03 6.372258112055230114e-03 6.661188989478128951e-03 6.709528446794744624e-03 7.535223546705915529e-03 7.760657108969703719e-03 7.364310304223788302e-03 1.865752622286704493e-02 7.921519490259621224e-03 7.921519490259621224e-03 7.921519490259621224e-03 7.921519490259621224e-03 7.921516290247988812e-03 7.921522690225779595e-03
6.872817682501287072e-03 3.439988175973364079e-03 1.058409408490423344e-02 1.092750249227897145e-02 7.921513090327304482e-03 7.921509890361146111e-03 7.918218156914614420e-03 7.815404281149919072e-03 7.018772487931224449e-03 4.488249211941410313e-03 5.215096670693386040e-03 7.357932703593784117e-03 7.853872776099403083e-03 7.918288556988652138e-03 7.921509890315672070e-03 7.918307756922027957e-03 7.832731396506489863e-03 6.858998370030045498e-03 6.714568924912478823e-03 1.297475345058471050e-02 9.001563352644249491e-03 8.050283738152454183e-03 6.976676142398597485e-03 5.281098568920830280e-03 3.343947503931000986e-03 2.932675845381406410e-03 2.877919321412871195e-03 5.890224813487900633e-03 6.603211132318998963e-03 5.200417022141017032e-03 9.953587858634396074e-03 1.063689670777195374e-02 7.921519490259621224e-03 7.921519490259621224e-03 7.921519490259621224e-03 7.921519490259621224e-03 7.921519490259621224e-03
7.481967538201085219e-03 6.085766970621845316e-03 1.023099997187772864e-02 7.915076823514633278e-03 7.915076823514633278e-03 7.915000023508278817e-03 7.873332864705540057e-03 7.465548318482129360e-03 5.894444006111977663e-03 3.581333674169096763e-03 6.815813761199629797e-03 7.657535527864333877e-03 7.831445156348005102e-03 7.905419223602317552e-03 7.915057623626731501e-03 7.857110109575540097e-03 1.047726167547415044e-02 1.461359024346590291e-02 1.543960065368507086e-02 9.262264952753562763e-03 8.056697604792740011e-03 7.921513090281828706e-03 3.825984002600913564e-03 6.427039386557831593e-03 6.722349780052051457e-03 6.715939113423398041e-03 6.712730580097438053e-03 3.697219754617132089e-03 2.984230235910824338e-03 4.387024346043331795e-03 7.463437996961753453e-03 1.474276614571378222e-02 7.921522690225779595e-03 7.924734423654322679e-03 7.989126815068326240e-03 8.537437797753833629e-03 1.120730913610422548e-02
7.779895508969881211e-03 7.779895508969881211e-03 7.779895508969881211e-03 7.779895508969881211e-03 7.779837909033327295e-03 7.744626216931161516e-03 7.408637972634702848e-03 6.150312687618375226e-03 2.936642436265780171e-03 5.795570417644436284e-03 6.590443049658157443e-03 6.706307113376776610e-03 7.128277384885828641e-03 7.647958041429469937e-03 7.770263508968733822e-03 7.364323104361271237e-03 7.255908681777024742e-03 7.657573927867511107e-03 7.770276309060742716e-03 7.779882709059771952e-03 7.779895509060831028e-03 7.779895509060831028e-03 6.963816409047163605e-03 7.612446203979439385e-03 7.770295509085068351e-03 7.779889109083038511e-03 7.779895509060831028e-03 6.957392942462926021e-03 6.731962580074347252e-03 7.128309384865739312e-03 7.800092053225549625e-03 2.076744100071215016e-02 1.568205530861147695e-02 1.567884357527388195e-02 1.561443198374460467e-02 1.504992153445042571e-02 1.205843446083466886e-02
6.712724180119646403e-03 6.712724180119646403e-03 6.712724180119646403e-03 6.712695380151369878e-03 6.690330238138510188e-03 6.454176346591945085e-03 5.507829442098832913e-03 4.118359186436122872e-03 3.115561522185770083e-03 2.936642436265779737e-03 2.885334630441017782e-03 2.874732804952752092e-03 4.380624324968015668e-03 6.251016637538364847e-03 6.654776779573391352e-03 5.203613832574956188e-03 4.842346798215718326e-03 6.304659524170953822e-03 6.657970856117269125e-03 6.709525246783110478e-03 6.712720980062538215e-03 6.712724180074171494e-03 1.269792716329417800e-02 8.966221485884185230e-03 8.043802671449763048e-03 7.921500290280769629e-03 7.915083223537899837e-03 7.799159509063125807e-03 7.779933909109483167e-03 7.837862223136350670e-03 1.501834594591370219e-02 1.288552291644397794e-02 7.921519490259621224e-03 7.921509890224720518e-03 7.918186156889229707e-03 7.792980012022478198e-03 6.825558753912142583e-03
2.874717188019228382e-03 2.874717188019228382e-03 2.874710787995961390e-03 2.868338521325009861e-03 2.795372864779589045e-03 2.181724481059599176e-03 1.515410591205908685e-03 2.181724481059599176e-03 4.118359186436123739e-03 6.150312687618375226e-03 6.643052151771067053e-03 6.709504638360764238e-03 5.206813843204699012e-03 3.336424730600508204e-03 2.932664588565481699e-03 4.383827535563917729e-03 4.745094570014103674e-03 3.282781844013395438e-03 2.929470512067079702e-03 2.877916121401237481e-03 2.874720388121810612e-03 2.874717188110177332e-03 2.874717188110177332e-03 6.976640942452528443e-03 7.805602175808113753e-03 7.915108823540017990e-03 7.921506690213088106e-03 7.915102423607701249e-03 7.915076823560107319e-03 7.918282156874434027e-03 1.818855982501091720e-02 7.921513090236354665e-03 7.921487490188762470e-03 7.915000023553752859e-03 7.863674286631672575e-03 7.298345353769642406e-03 4.948547594509377680e-03
6.712724180119646403e-03 6.712724180119646403e-03 6.712720980153487164e-03 6.709486846734459206e-03 6.629188510573536842e-03 6.000735044558193169e-03 3.752076284920548115e-03 4.196529306189074153e-03 6.534104744782477658e-03 7.569690956638319354e-03 7.767018750195953634e-03 7.779879509048137805e-03 7.364335904089480862e-03 6.844661647751005759e-03 6.722356180120793792e-03 7.128296584819206194e-03 7.236711007221553922e-03 6.835045761267489681e-03 6.722343380028784898e-03 6.712736980120705479e-03 6.712724180074171494e-03 6.712724180074171494e-03 6.712724180074171494e-03 7.663997394497223600e-03 7.902261890235118963e-03 7.921493890212029029e-03 7.921519490259621224e-03 7.921513090236354665e-03 7.921513090236354665e-03 1.382880470623118994e-02 7.797214267784895181e-03 7.915038423556930089e-03 7.895780823577903604e-03 7.754161238831026003e-03 7.381163205077125034e-03 5.666660228639253810e-03 2.540745370578907474e-03
7.779895508969882079e-03 7.779895508969881211e-03 7.779895508969881211e-03 7.779876308991030484e-03 7.763801642335843231e-03 7.506436455782627797e-03 6.141200103861289665e-03 3.214406635010769609e-03 6.755694389898659821e-03 7.773426216949397630e-03 7.908627756837328590e-03 7.915070423491366719e-03 7.857110109575538362e-03 7.789546709040829145e-03 7.779914708948732806e-03 7.837862223136350670e-03 7.847466966354356768e-03 7.789527509061977550e-03 7.779914709130631573e-03 7.779895509060831028e-03 7.779895509060831028e-03 7.779895509060831028e-03 7.779895509060831028e-03 7.902236290233000809e-03 7.921481090210969953e-03 7.921519490259621224e-03 7.921519490259621224e-03 7.921519490259621224e-03 7.921519490259621224e-03 1.666076073920036427e-02 1.273587871050464553e-02 7.760650708991912068e-03 7.528784478785987590e-03 6.574545819325674362e-03 5.666660228639253810e-03 2.711664624733936806e-03 1.941246112923103364e-03
7.915076823605583095e-03 7.915076823605583095e-03 7.915076823696531177e-03 7.915070423491366719e-03 7.908614956790793737e-03 7.763820842405644643e-03 6.648366110580051364e-03 2.926253924210565037e-03 6.719111038268844524e-03 1.371673177818107971e-02 1.534737481296785319e-02 9.265457714986647525e-03 8.059925338143024767e-03 7.921525890282887783e-03 7.915083223628849654e-03 7.918282156965383844e-03 7.918294956920968880e-03 7.915089623606642172e-03 7.915076823560107319e-03 7.915076823560107319e-03 7.915076823560107319e-03 7.915076823560107319e-03 7.915076823560107319e-03 7.921493890212029029e-03 7.921519490259621224e-03 7.921519490259621224e-03 7.921519490259621224e-03 7.921519490259621224e-03 7.921519490259621224e-03 1.472439416620060539e-02 3.690821887989538617e-03 6.603207932307365684e-03 5.887027280727732265e-03 2.831070786164370350e-03 2.593935908084555372e-03 1.888055575417455900e-03 5.011092976871862892e-03
7.921513090281830441e-03 7.921513090281830441e-03 7.921513090327304482e-03 7.921509890361146111e-03 7.918275756942117286e-03 7.837843023021075217e-03 7.125075251492186262e-03 4.383822316476587884e-03 5.206824385022086783e-03 5.687303037661572969e-03 6.454918570211400260e-03 1.017210840887140463e-02 8.413296311750551384e-03 7.975017630355674819e-03 7.924708365858047776e-03 7.921519490214147183e-03 7.921516290247988812e-03 7.921513090236354665e-03 7.921513090236354665e-03 7.921513090236354665e-03 7.921513090236354665e-03 7.921513090236354665e-03 7.921513090236354665e-03 7.921519490259621224e-03 7.921519490259621224e-03 7.921519490259621224e-03 7.921519490259621224e-03 7.921519490259621224e-03 7.921519490259621224e-03 1.528933589829163664e-02 5.896619480194810643e-03 2.984223835887557345e-03 3.690799487999053743e-03 6.580826000658512864e-03 5.680635629591658173e-03 2.593935908084555372e-03 6.443510929279606773e-03
7.921519490259621224e-03 7.921519490259621224e-03 7.921519490259621224e-03 7.921519490350571041e-03 7.921506690304037923e-03 7.911829890230970969e-03 7.757471089366542102e-03 6.967205089581207655e-03 5.687303037661572969e-03 1.194853152259990050e-03 2.361579365146705342e-03 4.976378216303778759e-03 1.252363244429458705e-02 1.507806825270078394e-02 1.223628820813860846e-02 8.648658587748892998e-03 7.995527180669039294e-03 7.924740823677590973e-03 7.921522690225779595e-03 7.921519490259621224e-03 7.921519490259621224e-03 7.921519490259621224e-03 7.921519490259621224e-03 7.921519490259621224e-03 7.921519490259621224e-03 7.921519490259621224e-03 7.921519490259621224e-03 7.921519490259621224e-03 7.921519490259621224e-03 1.618678378535575238e-02 9.863575513712970894e-03 6.867137494686781710e-03 8.153346953162932814e-03 1.377886113486480671e-02 1.108515508916024968e-02 2.831070786164370350e-03 6.693539382372060316e-03
7.921519490259621224e-03 7.921519490259621224e-03 7.921519490259621224e-03 7.921519490259621224e-03 7.921519490350571041e-03 7.921493890257503070e-03 7.905380823553664546e-03 7.683512908529033236e-03 6.454918570211400260e-03 2.361579365146705342e-03 5.580856869887308377e-03 7.084209931685715722e-03 3.759606013586259260e-03 6.009360719139900456e-03 9.878417109232557475e-03 1.074888196224278204e-02 1.365513257982881208e-02 1.519151948363711702e-02 1.191262100728698696e-02 8.597152982879077004e-03 7.988148210001478483e-03 7.924730994722873137e-03 1.430911228380379353e-02 1.554037692739681717e-02 9.271951581690397737e-03 8.063143471549362104e-03 7.927955756935866835e-03 7.921525890237413742e-03 1.891170411551160863e-02 8.901921952333092733e-03 6.054114047870179371e-03 7.660852478142865692e-03 6.819263058100356011e-03 2.618204412915171950e-03 1.986456238461552747e-03 4.106363168098461393e-03 7.055338211279983500e-03
7.921519490259621224e-03 7.921519490259621224e-03 7.921519490259621224e-03 7.921519490259621224e-03 7.921519490259621224e-03 7.921519490350571041e-03 7.921474690233177435e-03 7.892546690204350554e-03 7.512834213316333699e-03 5.787074432277827807e-03 3.568532306776130234e-03 6.887819678008479107e-03 6.841479743565893890e-03 3.703636821405477224e-03 2.984236635888616422e-03 5.134270381096654040e-03 3.320213705769371141e-03 5.959051512440661884e-03 7.883931870949566212e-03 1.091006778177027771e-02 1.428551308653792755e-02 1.439271534545211347e-02 8.950037761992157836e-03 8.027820804813623479e-03 1.433154961714050435e-02 1.554042812735557944e-02 1.567561584187812315e-02 1.568205210859984280e-02 1.769119584376358661e-02 1.595957140935892402e-02 7.488360708743735904e-03 7.892594690196952714e-03 7.583672310506396272e-03 6.103565130974555018e-03 4.070256395925140290e-03 4.623415377354837125e-03 7.209111597098551844e-03
