output/water_depth_1560.asc
ncols 223
nrows 158
xllcorner 0.0
yllcorner 0.0
cellsize 30.0
[rows 119 to 135 of 158, columns 185 to 221 of 223]
1.257847823954738077e-03 1.032000902834655492e-03 4.974619069194907185e-04 1.294800283007673967e-04 3.135991768498637097e-04 3.917267204405048978e-04 3.978349028682244245e-04 1.026134181317275157e-03 1.812470996116097646e-03 1.064043731536760407e-01 1.210726552371436532e-01 1.144356955314775742e-01 1.289947321808097291e-01 1.743309259039104234e-02 6.933149576988705508e-03 7.409760238925306016e-04 1.244975547480406440e-03 2.868982502801189528e-03 3.753468423271285031e-03 8.165666243954592882e-04 5.159996968947139781e-04 3.134004519255712126e-04 7.243918093982505821e-04 6.746342002986468285e-04 5.769623138197123866e-04 4.152149726255680565e-05 2.197957231856219882e-04 1.000000100000000021e-05 1.000000100000000021e-05 1.000000100000000021e-05 1.000000100000000021e-05 1.000000100000000021e-05 1.000000100000000021e-05 1.000000100000000021e-05 1.000000100000000021e-05 1.000000100000000021e-05 1.000000100000000021e-05
3.360366894618031395e-04 2.585882052427953865e-04 2.707314053531008780e-04 6.564611307610794836e-04 1.207950396887524968e-03 4.474052538761282938e-04 5.545591805755344930e-04 1.644653811976169613e-04 6.931190500299761088e-04 5.098627824531559022e-02 4.264746434782534795e-05 6.185519303467297558e-02 5.414714196505158658e-03 1.207557923557243083e-02 4.729627730118327045e-03 2.295510214122961721e-03 8.951904975634065184e-04 1.746450370780343797e-03 1.961887970044985034e-04 1.178690425451924158e-03 5.382283576604825811e-04 6.028708387873489647e-04 4.905181524897163923e-04 4.852252048730236467e-04 5.862167271018249018e-04 6.917661183208654923e-04 4.268583079501981226e-04 1.000000100000000021e-05 1.000000100000000021e-05 1.000000100000000021e-05 1.000000100000000021e-05 1.000000100000000021e-05 1.000000100000000021e-05 1.000000100000000021e-05 1.000000100000000021e-05 1.000000100000000021e-05 1.000000100000000021e-05
5.620387056477361542e-04 5.018299601911589735e-04 1.038413880365505505e-03 2.075035400075995150e-03 3.148987850829362486e-03 6.809913859326646637e-04 3.440290121591940979e-04 3.104771489953818170e-04 7.820123075731699562e-04 5.803141258978054828e-02 7.046231025834159833e-02 3.290334773195165846e-02 4.490617031713091400e-02 1.489371986759061017e-02 6.537739987967733542e-03 5.756324107956476387e-03 5.029769342082331986e-03 2.104277076672230514e-03 1.705999942854517044e-03 6.883896786311010469e-04 6.954266729069871495e-04 3.587760409620115555e-04 1.958657085384557810e-04 9.786733168389739207e-05 5.585492242712717824e-05 4.549184524888219349e-05 1.000000100000000021e-05 1.000000100000000021e-05 1.000000100000000021e-05 1.000000100000000021e-05 1.000000100000000021e-05 1.000000100000000021e-05 1.000000100000000021e-05 1.000000100000000021e-05 1.000000100000000021e-05 1.000000100000000021e-05 1.000000100000000021e-05
1.000947266903420667e-03 2.046093626330033974e-03 6.306529055376640510e-04 1.095932159866836765e-03 2.067490641799860172e-03 1.100272236630000762e-03 5.495746970792297816e-04 1.411653389633327031e-03 9.271387875289251179e-02 1.523829260683132736e-01 5.342257645278346290e-02 9.474038787504659997e-02 1.669935654516161230e-02 8.860913202897073918e-04 8.996083406941138543e-04 7.906077877105014556e-04 1.894229083005514449e-03 2.267248795583253276e-03 3.300861128888848148e-04 3.207026558057074483e-04 3.168093630282504004e-04 2.546126302531998161e-04 1.378562985416676269e-04 1.636114553715453516e-04 1.372421826021588828e-04 8.479726366510912262e-05 1.000000100000000021e-05 1.000000100000000021e-05 1.000000100000000021e-05 1.000000100000000021e-05 1.000000100000000021e-05 1.000000100000000021e-05 1.000000100000000021e-05 1.000000100000000021e-05 1.000000100000000021e-05 1.000000100000000021e-05 1.000000100000000021e-05
5.581783023339721966e-04 1.636624274757847485e-03 1.457826511767986452e-03 9.789215719717683437e-04 3.060048718116558514e-03 1.917853148782235062e-02 5.613335705064437242e-02 1.213595926213713316e-01 8.550242652080532191e-02 2.958415878254096881e-04 2.021370052301543286e-04 2.390375179695838860e-04 1.048620887065867049e-03 7.262929809020537194e-04 1.000000000000000021e-08 1.000000000000000021e-08 2.911140527986541933e-05 1.801769741042059253e-04 1.698099208011096364e-04 2.639831882855972134e-05 1.593591030689791091e-04 2.196506187945838234e-04 3.165836040250273164e-04 3.100800587902514884e-04 2.107628174819055453e-04 1.349227515552719483e-04 1.000000100000000021e-05 1.000000100000000021e-05 1.000000100000000021e-05 1.000000100000000021e-05 1.000000100000000021e-05 1.000000100000000021e-05 1.000000100000000021e-05 1.000000100000000021e-05 1.000000100000000021e-05 1.000000100000000021e-05 1.000000100000000021e-05
2.234885315155261953e-03 2.070493537763870833e-03 2.617055098104490753e-03 2.690093960857583774e-03 3.650121901813484226e-02 3.382189122647179941e-02 5.241269940406557276e-02 2.388339301642057317e-04 2.191347056203105331e-04 1.094559630406331487e-04 7.898290527655113373e-05 1.001014672361468227e-04 2.767985421895986396e-04 9.144774322711932526e-04 2.627290666405160337e-04 1.017758979098592928e-04 2.770617440768317744e-04 7.790339788609732278e-04 8.218328551428044290e-04 9.323194398589806486e-05 4.066561230420120217e-05 8.585001813192461809e-05 4.579166121396559112e-04 3.689863089018163107e-04 2.702090597488811773e-04 1.457181496660288139e-04 1.000000100000000021e-05 1.000000100000000021e-05 1.000000100000000021e-05 1.000000100000000021e-05 1.000000100000000021e-05 1.000000100000000021e-05 1.000000100000000021e-05 1.000000100000000021e-05 1.000000100000000021e-05 1.000000100000000021e-05 1.000000100000000021e-05
2.547311094214496033e-03 1.997289452345750015e-03 2.709100504639000168e-03 3.238304946097184979e-03 1.655803203603153084e-01 1.640193254311669568e-01 1.659145557973246924e-04 6.150992414746952477e-05 4.721995573667474788e-05 1.000000000000000021e-08 1.000000000000000021e-08 2.954769195633377764e-04 1.999882917098018756e-02 2.444621316252436338e-02 6.147291252341298721e-04 7.663935622322978064e-04 1.416702764539288801e-03 1.838873914546860317e-03 4.284347417663722816e-04 2.722984237461951161e-04 2.499463136184959956e-04 7.929723354326940956e-05 1.313854919766772010e-04 4.623287968437815739e-04 3.205638745136236262e-04 1.658854229187299047e-04 1.000000100000000021e-05 1.000000100000000021e-05 1.000000100000000021e-05 1.000000100000000021e-05 1.000000100000000021e-05 1.000000100000000021e-05 1.000000100000000021e-05 1.000000100000000021e-05 1.000000100000000021e-05 1.000000100000000021e-05 1.000000100000000021e-05
1.837251473054023719e-03 1.680568852693411445e-03 1.797754959914185180e-03 6.044548344611337144e-03 1.615493781470654366e-01 1.594898444610567401e-01 2.666025263667831202e-04 2.272854388018239271e-04 1.903235505066433637e-04 1.563401342214695345e-04 1.177017331304915261e-04 2.881795057507913508e-04 5.819205853385600938e-03 5.513537336432669913e-04 7.734882103855814789e-04 7.502751628375796920e-04 9.146398427453020057e-04 6.059531805509313059e-04 3.349126577823645281e-04 8.228270052275147520e-04 6.111298361351860144e-04 6.811095636162718724e-04 3.163122508844775434e-04 6.565158764663612785e-04 4.165821558093155672e-04 2.216844098601468665e-04 1.000000100000000021e-05 1.000000100000000021e-05 1.000000100000000021e-05 1.000000100000000021e-05 1.000000100000000021e-05 1.000000100000000021e-05 1.000000100000000021e-05 1.000000100000000021e-05 1.000000100000000021e-05 1.000000100000000021e-05 1.000000100000000021e-05
1.455478612848190882e-03 2.009512651531292216e-03 2.784744452424644644e-03 1.002422251930001201e-02 1.599740031228617798e-01 1.523741318296874814e-01 6.241293692462232924e-04 4.432106456375529491e-04 3.318662779684335867e-04 2.311194683425559068e-04 1.710866676917895070e-04 5.625107658307106892e-05 2.238196254558738694e-03 5.064805338714192459e-03 2.893973945808579664e-03 2.501990633324889437e-03 1.423164644304510552e-03 1.039532654770022185e-03 1.191944057584686054e-03 3.956456490544282834e-04 7.813567157617788174e-04 4.666844461808448540e-04 4.842341497985115390e-04 2.341514745131839962e-04 4.411133629787216000e-04 2.256210780557450681e-04 1.000000100000000021e-05 1.000000100000000021e-05 1.000000100000000021e-05 1.000000100000000021e-05 1.000000100000000021e-05 1.000000100000000021e-05 1.000000100000000021e-05 1.000000100000000021e-05 1.000000100000000021e-05 1.000000100000000021e-05 1.000000100000000021e-05
2.504904121364167919e-03 1.165292160706612491e-02 1.446954546988831955e-02 1.124319581144348282e-02 8.801575809586516599e-03 1.280822798325010892e-01 8.615570904148280680e-04 5.283855505242795146e-04 3.934303476318416130e-04 2.756722425989256752e-04 1.599666197094251261e-04 1.113908096630759534e-04 1.404482907527242024e-03 9.533751162144313632e-03 5.031099064285602697e-03 4.040772479381155198e-03 3.604340917634677594e-03 4.184687588875937031e-03 4.607376731714660049e-03 3.778302218628350109e-03 2.061202029247481433e-03 1.744887594627339425e-03 1.755605178699951247e-03 1.538937643498274402e-03 7.432782588533173558e-04 2.009848449647679393e-04 1.000000100000000021e-05 1.000000100000000021e-05 1.000000100000000021e-05 1.000000100000000021e-05 1.000000100000000021e-05 1.000000100000000021e-05 1.000000100000000021e-05 1.000000100000000021e-05 1.000000100000000021e-05 1.000000100000000021e-05 1.000000100000000021e-05
1.161410006283113833e-02 8.247621934742517882e-03 5.933348684514287014e-03 3.489452414732385245e-03 3.998357668434301959e-03 8.119028310340005439e-02 3.215646544034261867e-02 1.021801593038664045e-04 4.677282910385916013e-04 3.473107021514080682e-04 2.384624975692370549e-04 1.955912793766251918e-04 2.773736113027857123e-02 2.330897860114670983e-02 3.043641224531665884e-02 1.733646503416569687e-02 1.020148171600596121e-02 5.351689133235085043e-03 1.743577832800829661e-03 8.244443627906136544e-04 3.445062951567404771e-04 1.622155104205637841e-04 1.157067188355878325e-03 7.701903974747930119e-04 8.275828397377892791e-04 4.589778361486294544e-04 1.000000100000000021e-05 1.000000100000000021e-05 1.000000100000000021e-05 1.000000100000000021e-05 1.000000100000000021e-05 1.000000100000000021e-05 1.000000100000000021e-05 1.000000100000000021e-05 1.000000100000000021e-05 1.000000100000000021e-05 1.000000100000000021e-05
1.041750837405824685e-02 5.918558700529784333e-03 4.082502957816686213e-03 2.243595126218357952e-03 1.123347932869663262e-03 2.231976781089220138e-02 5.425511947336855018e-02 3.231277332520726946e-03 4.937460502235267550e-03 7.753549648230551039e-03 1.075437802824472794e-02 1.645336531958768722e-02 2.320505134588591797e-02 1.487883598020604478e-02 2.000725515061827896e-03 2.289395867419782762e-03 1.332939600269176378e-03 1.059746851173866498e-03 1.130789809365883008e-03 7.803555785241716482e-04 8.496169559192861967e-04 1.676066561737320432e-03 1.478838756132894150e-04 1.332073775770204447e-04 1.683677421554230773e-04 1.465592983010861070e-04 1.000000100000000021e-05 1.000000100000000021e-05 1.000000100000000021e-05 1.000000100000000021e-05 1.000000100000000021e-05 1.000000100000000021e-05 1.000000100000000021e-05 1.000000100000000021e-05 1.000000100000000021e-05 1.000000100000000021e-05 1.000000100000000021e-05
1.378476382417571922e-02 1.165404950893226578e-02 1.001968003915279341e-02 6.008853815614647632e-03 4.932497802948762264e-03 1.233280895415886369e-02 1.650316557778213622e-01 1.696905929870488328e-01 3.181942124284319745e-02 2.881773676900948114e-02 2.382949599823666262e-02 5.295991530319295315e-02 1.984894180594059393e-02 7.675769885385039411e-03 4.078147617581405569e-04 1.260959191484048100e-03 2.259524923798226018e-03 9.119206123701720235e-04 6.458360435751904407e-04 7.639866242886491233e-04 4.745399512561940996e-04 8.404617294018201139e-04 9.595132963439127879e-04 4.952125089917481376e-04 3.790383433452852529e-04 1.065062901163728196e-04 1.000000100000000021e-05 1.000000100000000021e-05 1.000000100000000021e-05 1.000000100000000021e-05 1.000000100000000021e-05 1.000000100000000021e-05 1.000000100000000021e-05 1.000000100000000021e-05 1.000000100000000021e-05 1.000000100000000021e-05 1.000000100000000021e-05
2.665910592439084750e-02 2.959437850922863600e-02 2.900326727905374810e-02 1.756306902997463101e-02 1.014322056579456018e-02 1.420123594216315087e-02 1.364531389870153322e-01 4.391183334062953624e-04 2.772257981262820541e-04 1.635048116302466385e-05 1.000000000000000021e-08 1.423948563912768445e-02 1.010065825326125766e-01 7.798651040472929889e-03 8.997638450334915702e-04 1.149876964971686087e-03 9.376459849928910420e-04 3.328921696983235326e-04 1.970025346126128007e-04 1.018942917136072738e-04 2.367391153441328431e-04 2.221498472841171247e-04 3.298680706677730996e-04 2.779558344527707477e-04 1.566822295840564390e-04 1.000000100000000021e-05 1.000000100000000021e-05 1.000000100000000021e-05 1.000000100000000021e-05 1.000000100000000021e-05 1.000000100000000021e-05 1.000000100000000021e-05 1.000000100000000021e-05 1.000000100000000021e-05 1.000000100000000021e-05 1.000000100000000021e-05 1.000000100000000021e-05
9.091989871158671216e-03 7.026822132815414325e-03 7.850479483376476483e-03 1.036912387538458866e-02 1.401298582908664520e-02 1.421564764902502331e-01 8.080417795982391960e-02 2.078424816849387278e-04 1.373138140320332595e-04 1.326380087246339164e-04 4.777960663386446376e-05 6.961522303963316172e-02 8.143505920156095257e-02 8.276487024644857415e-02 2.738048195013246741e-03 1.648358826847436814e-03 5.786233287011374954e-04 5.918186830563104380e-04 3.587136237993032608e-04 1.922263033608975855e-04 7.950373371985969100e-05 1.411094238681946873e-04 1.118209852898477402e-04 1.616887790953250390e-04 1.028258288292432942e-04 1.000000100000000021e-05 1.000000100000000021e-05 1.000000100000000021e-05 1.000000100000000021e-05 1.000000100000000021e-05 1.000000100000000021e-05 1.000000100000000021e-05 1.000000100000000021e-05 1.000000100000000021e-05 1.000000100000000021e-05 1.000000100000000021e-05 1.000000100000000021e-05
5.957906194855758057e-03 7.486397554889469112e-03 5.867355350405857421e-03 1.027114418846047234e-02 9.303350826805262264e-02 8.134638832231498584e-02 2.072216462591854893e-04 1.300641461830979279e-04 1.346247796410191607e-04 8.318167125481222102e-05 1.129383188310488512e-04 3.566634918110420799e-02 5.485111696712489243e-02 8.485769769179009325e-04 6.940041413853961392e-04 9.931464048763857626e-04 3.241638548490964914e-04 2.129788837820436481e-04 2.145259979347992460e-04 9.582688192911238158e-05 6.742263462698467723e-05 4.417480453435376807e-04 4.783151812542636499e-04 5.601630751510989364e-05 1.000000100000000021e-05 1.000000100000000021e-05 1.000000100000000021e-05 1.000000100000000021e-05 1.000000100000000021e-05 1.000000100000000021e-05 1.000000100000000021e-05 1.000000100000000021e-05 1.000000100000000021e-05 1.000000100000000021e-05 1.000000100000000021e-05 1.000000100000000021e-05 1.000000100000000021e-05
3.500960983580388153e-03 6.180396631241190722e-03 7.016020931579537018e-03 6.757994296716642382e-03 9.164143768438687276e-02 2.804157796189590216e-04 1.915268634413800220e-04 2.149611639393582949e-04 1.628183251279173311e-04 3.111145697072258695e-04 1.626489182418706204e-05 4.493296340035225073e-02 1.361957831120948204e-02 7.822106043452256444e-04 2.399281722717956622e-04 1.105237955170424705e-04 1.102423532349657790e-03 8.747310896963841475e-05 3.460341635824742816e-04 1.144474062371056650e-04 7.195274218121551079e-05 6.328812504002754799e-05 3.362275990151369361e-05 2.756500277384570444e-04 1.000000100000000021e-05 1.000000100000000021e-05 1.000000100000000021e-05 1.000000100000000021e-05 1.000000100000000021e-05 1.000000100000000021e-05 1.000000100000000021e-05 1.000000100000000021e-05 1.000000100000000021e-05 1.000000100000000021e-05 1.000000100000000021e-05 1.000000100000000021e-05 1.000000100000000021e-05
