output/water_depth_7920.asc
ncols 223
nrows 158
xllcorner 0.0
yllcorner 0.0
cellsize 30.0
[rows 85 to 101 of 158, columns 111 to 147 of 223]
4.766613965970052593e-04 9.012739403606154004e-04 9.659997207275830208e-04 8.053855919665086228e-04 6.327177897878734272e-04 9.286725326067053635e-05 3.536074592733563565e-04 1.850523780349166113e-03 7.083127284439307003e-03 1.611446615866700188e-03 2.564378057409687217e-04 1.640111050939651997e-04 1.138080390201855527e-04 1.109225063903539855e-04 6.440711801871293438e-05 4.188301755672951989e-05 3.940844666810250179e-05 5.137787728023379506e-05 1.000000000000000021e-08 1.000000000000000021e-08 1.000000000000000021e-08 1.000000000000000021e-08 1.124296876215059220e-04 5.141850474577047014e-05 1.000000000000000021e-08 1.000000000000000021e-08 1.000000000000000021e-08 4.824211343803739562e-05 5.000164490178242563e-05 2.783375722348254848e-05 1.000000000000000021e-08 1.000000000000000021e-08 1.000000000000000021e-08 1.000000000000000021e-08 1.000000000000000021e-08 4.218827994885757625e-05 1.738790282878204232e-05
6.677054547748068883e-04 4.624620195901407260e-04 3.891466122468690924e-05 1.213525778042543119e-04 7.595739702511740410e-04 1.256107713508716425e-04 1.453875354553500038e-04 2.272327484302935630e-03 7.875105796392608409e-03 1.157773394518193466e-03 1.228892264848170342e-04 1.375629003410595006e-04 1.338197497523016121e-04 1.000000000000000021e-08 1.000000000000000021e-08 3.986905200299535536e-05 5.317650336631173395e-05 8.101096383941780888e-05 1.000000000000000021e-08 1.000000000000000021e-08 1.000000000000000021e-08 1.000000000000000021e-08 1.547035559206839299e-04 6.311059367210832374e-05 1.873972738476555318e-05 2.012274414159913137e-05 1.000000000000000021e-08 5.575925676851551337e-05 2.897690927777311662e-05 1.579297646327598376e-05 1.000000000000000021e-08 1.000000000000000021e-08 1.000000000000000021e-08 1.000000000000000021e-08 1.000000000000000021e-08 2.370741654866747859e-05 1.341767659390101138e-05
1.102723889541464014e-04 3.743492950630059057e-05 1.000000000000000021e-08 8.296593558278675569e-05 5.646984504321441454e-04 8.234196237224289958e-04 3.456411897694098147e-04 2.770838377575897404e-02 1.158334924330845471e-02 8.708468786739056522e-04 1.000000000000000021e-08 8.970226945666959922e-05 1.000000000000000021e-08 1.000000000000000021e-08 1.000000000000000021e-08 3.490292341595760287e-05 7.686403650540315320e-05 7.552740758998477736e-05 4.874084618974428262e-05 1.506914929328454996e-05 1.000000000000000021e-08 1.051261195647278790e-04 1.506039826569113209e-04 1.090832221611362339e-04 4.834722210686443156e-05 2.935858682851791372e-05 1.838718932453978840e-05 1.000000000000000021e-08 1.000000000000000021e-08 1.000000000000000021e-08 1.000000000000000021e-08 1.000000000000000021e-08 1.000000000000000021e-08 1.000000000000000021e-08 1.000000000000000021e-08 1.021692711527503897e-05 1.000000000000000021e-08
9.324548217558363246e-05 1.000000000000000021e-08 1.000000000000000021e-08 1.000000000000000021e-08 3.825467737494295381e-04 6.576920171180906678e-05 2.696544795740927827e-05 2.220019961097747743e-05 1.235427255327567649e-02 6.514882811131873959e-04 1.000000000000000021e-08 6.793571798915222862e-05 5.124093247111486684e-05 4.525189924072414472e-05 4.209190634947453092e-05 5.267657313489959467e-05 8.059639644533166699e-05 1.309820003415913662e-04 4.268774864126734578e-05 1.064374580734414941e-04 1.117048003815453150e-04 1.702440761048765834e-04 1.672333812781625012e-04 4.482858011941721042e-05 2.794431748092205396e-05 2.412582645124975171e-05 2.319095745666919522e-05 2.821165825378091154e-05 1.527693370891710639e-05 1.000000000000000021e-08 1.000000000000000021e-08 1.000000000000000021e-08 1.000000000000000021e-08 1.000000000000000021e-08 1.000000000000000021e-08 1.000000000000000021e-08 1.000000000000000021e-08
2.751771115713624850e-04 1.268372100669222197e-05 1.000000000000000021e-08 1.000000000000000021e-08 1.724673763678342514e-05 6.519515940225508268e-05 2.334059544865407820e-05 3.605282976196184453e-05 7.862140355446571582e-03 7.294168420801584729e-03 5.465418688820709446e-05 4.663100712665450598e-05 1.000000000000000021e-08 1.000000000000000021e-08 1.000000000000000021e-08 1.000000000000000021e-08 1.000000000000000021e-08 1.159238551165102697e-04 1.000000000000000021e-08 1.140983848242663835e-04 7.945123140340432750e-05 1.000000000000000021e-08 2.031886761847849699e-05 1.000000000000000021e-08 1.000000000000000021e-08 1.000000000000000021e-08 1.000000000000000021e-08 1.000000000000000021e-08 1.000000000000000021e-08 1.000000000000000021e-08 1.000000000000000021e-08 1.000000000000000021e-08 1.000000000000000021e-08 1.000000000000000021e-08 1.000000000000000021e-08 1.000000000000000021e-08 1.000000000000000021e-08
1.595194489723280131e-04 1.446236806583778766e-03 1.000000000000000021e-08 1.000000000000000021e-08 1.000000000000000021e-08 8.087148408726446084e-05 2.053951516578442904e-05 4.534737553015617730e-05 4.986850025347358030e-03 4.558288989199439992e-03 4.109885466616611423e-03 5.540608289839967816e-04 1.000000000000000021e-08 1.000000000000000021e-08 1.000000000000000021e-08 1.000000000000000021e-08 1.000000000000000021e-08 9.597864169512572820e-05 9.672470248615685508e-05 9.798887392084631792e-05 6.027651679122287648e-05 1.000000000000000021e-08 1.000000000000000021e-08 1.000000000000000021e-08 1.000000000000000021e-08 1.000000000000000021e-08 1.000000000000000021e-08 1.000000000000000021e-08 1.000000000000000021e-08 1.000000000000000021e-08 1.000000000000000021e-08 1.000000000000000021e-08 1.000000000000000021e-08 1.000000000000000021e-08 1.000000000000000021e-08 1.000000000000000021e-08 1.000000000000000021e-08
2.721239007530151712e-03 2.352083276611914835e-03 1.560764213545274637e-03 1.018130526008194153e-03 6.654598398595616433e-04 7.089069381631953829e-04 5.516324274507715354e-04 3.090917776487639857e-05 3.215903930986361344e-03 5.553023715374508576e-03 5.382204740840943955e-03 4.583130756253976472e-03 1.476747374338306163e-04 1.000000000000000021e-08 1.000000000000000021e-08 1.000000000000000021e-08 1.000000000000000021e-08 1.009885502837544523e-04 1.743624043278582854e-04 6.626818909590699287e-05 1.000000000000000021e-08 1.000000000000000021e-08 1.000000000000000021e-08 1.000000000000000021e-08 1.000000000000000021e-08 1.000000000000000021e-08 1.000000000000000021e-08 1.000000000000000021e-08 1.000000000000000021e-08 1.000000000000000021e-08 1.000000000000000021e-08 1.000000000000000021e-08 1.000000000000000021e-08 1.000000000000000021e-08 1.000000000000000021e-08 1.000000000000000021e-08 1.000000000000000021e-08
2.247470889515081548e-04 1.839819827354014425e-03 3.164369484570263139e-04 2.979543950676339487e-04 1.306051092795991507e-04 1.478616379715961507e-04 1.727895418473656027e-04 1.290432218584172891e-04 2.194677246477733535e-03 6.318109001351922618e-03 1.013378709903105940e-02 7.623600213288941538e-03 2.010114037109754417e-03 6.194679789166056098e-04 9.230038557805179955e-04 7.651341376000635013e-04 1.422408802998304574e-03 1.158754309709447879e-03 4.829368563376986237e-03 5.690765157970954893e-05 1.000000000000000021e-08 1.000000000000000021e-08 1.000000000000000021e-08 1.000000000000000021e-08 1.000000000000000021e-08 1.000000000000000021e-08 1.000000000000000021e-08 1.000000000000000021e-08 1.000000000000000021e-08 1.000000000000000021e-08 1.000000000000000021e-08 1.000000000000000021e-08 1.000000000000000021e-08 1.000000000000000021e-08 1.000000000000000021e-08 1.000000000000000021e-08 1.000000000000000021e-08
1.069414430755016810e-03 1.460729201405381976e-03 3.681861202204196127e-04 2.019620139004914099e-04 2.702120347427386144e-04 1.262237930623185973e-03 9.010644479827852309e-04 1.240034117894168704e-03 2.004877758873263669e-03 1.727535729949449721e-03 7.269270032965567544e-04 4.462977184207242258e-03 1.308913459359521648e-03 2.449516385577583857e-03 2.275347665351978420e-03 2.888236888788141363e-03 1.990498197060294565e-03 2.513207139993320696e-03 5.591428464714116864e-03 5.292811454733038247e-03 1.549016671477637568e-05 1.000000000000000021e-08 1.000000000000000021e-08 1.000000000000000021e-08 1.000000000000000021e-08 1.000000000000000021e-08 1.000000000000000021e-08 1.000000000000000021e-08 1.000000000000000021e-08 1.000000000000000021e-08 1.000000000000000021e-08 1.000000000000000021e-08 1.000000000000000021e-08 1.000000000000000021e-08 1.000000000000000021e-08 1.000000000000000021e-08 1.000000000000000021e-08
7.856622118787117467e-04 1.150578344108821273e-03 5.169171613946817829e-04 3.360743055742657689e-03 1.774896896955104053e-02 4.381458387805679464e-03 3.157613033077599773e-03 2.065113454565740449e-03 2.271499945599831250e-03 1.791780368426691694e-03 1.360996910883400125e-03 8.050080117334882735e-04 4.439471624865491337e-03 3.657894112255302352e-03 1.701105506433008225e-03 1.002795198393699374e-03 7.347994061914712560e-04 6.384969721617363191e-04 5.593665368176470483e-03 9.546001868118986558e-03 1.995396793947380878e-05 1.000000000000000021e-08 1.000000000000000021e-08 1.000000000000000021e-08 1.000000000000000021e-08 1.000000000000000021e-08 1.000000000000000021e-08 1.000000000000000021e-08 1.000000000000000021e-08 1.000000000000000021e-08 1.000000000000000021e-08 1.000000000000000021e-08 1.000000000000000021e-08 1.000000000000000021e-08 1.000000000000000021e-08 1.000000000000000021e-08 1.000000000000000021e-08
1.064310190879778190e-04 2.670246240151282358e-04 1.924083486130840162e-04 8.529315377963709362e-04 7.744183993656514678e-04 6.287991103655639997e-04 1.985507228370128434e-03 3.125232324232322337e-03 3.028012956311533933e-03 3.840950473635345013e-03 4.371403777084955679e-03 4.183231924193578366e-03 3.924243885170450828e-03 3.642580864342586950e-03 2.758205197074954131e-03 1.941765226023008497e-03 1.287714674064589435e-03 1.525984840938038366e-03 8.255397807704104810e-04 9.948892202059946011e-03 1.982181700491368592e-05 1.000000000000000021e-08 1.000000000000000021e-08 1.000000000000000021e-08 1.000000000000000021e-08 1.000000000000000021e-08 1.000000000000000021e-08 1.147247246266671161e-05 1.000000000000000021e-08 1.000000000000000021e-08 1.000000000000000021e-08 1.000000000000000021e-08 1.000000000000000021e-08 1.000000000000000021e-08 1.000000000000000021e-08 1.000000000000000021e-08 1.000000000000000021e-08
1.039128800216282048e-04 3.723200537655271727e-05 7.233761850685762349e-05 5.274906666396764643e-05 3.845190459298874932e-04 5.540327121042402502e-04 1.146425111180529371e-03 1.025912174766019282e-03 3.453851866799024454e-03 2.001959155757339955e-03 1.653950071045841254e-03 2.992511279233622985e-03 3.876180674462637553e-03 3.821795951710812815e-03 9.011855952900419634e-04 8.225665499785499504e-04 7.896596611318534289e-04 8.747777896264768115e-04 1.986362910409524441e-03 1.019543510314633965e-02 2.259959690441772383e-05 1.000000000000000021e-08 1.000000000000000021e-08 1.000000000000000021e-08 1.000000000000000021e-08 1.000000000000000021e-08 1.000000000000000021e-08 1.000000000000000021e-08 1.000000000000000021e-08 1.000000000000000021e-08 1.000000000000000021e-08 1.000000000000000021e-08 1.000000000000000021e-08 1.000000000000000021e-08 1.000000000000000021e-08 1.000000000000000021e-08 1.000000000000000021e-08
1.096385815286839816e-04 3.317011253774593651e-05 1.073531383234392644e-05 1.974450753028977380e-05 3.545287355550979006e-04 5.533894213467473655e-04 8.791900649611798443e-04 8.523008432613919834e-04 9.338243908826616155e-05 2.372988640824792890e-03 1.512493475073835747e-04 3.603246859247570175e-04 7.808447004003701277e-04 7.971416841729441188e-04 1.122580835419009337e-03 5.926132686271045821e-04 1.010825829079182179e-03 8.093992236276306620e-04 2.743722104332281184e-03 1.140912822174360540e-02 2.488845181403993986e-05 1.000000000000000021e-08 1.000000000000000021e-08 1.000000000000000021e-08 1.000000000000000021e-08 1.000000000000000021e-08 1.000000000000000021e-08 1.000000000000000021e-08 1.000000000000000021e-08 1.000000000000000021e-08 1.000000000000000021e-08 1.000000000000000021e-08 1.000000000000000021e-08 1.000000000000000021e-08 1.000000000000000021e-08 1.000000000000000021e-08 1.000000000000000021e-08
9.685773192056950590e-05 3.935581136237648720e-05 4.195139064534072007e-05 3.371864885968674263e-05 1.000000000000000021e-08 1.631480613739939444e-04 7.052585393365605221e-05 8.056484706441840071e-05 1.149412589797368895e-04 1.745844569396063804e-03 4.640252935861711786e-04 2.508966314574312840e-04 3.155976010063154960e-04 8.183374628045333391e-04 1.312600509387483070e-03 3.964263396815757325e-03 2.628071050160879409e-03 1.950781243786764386e-03 3.685823403276342839e-03 1.309378348670875263e-02 4.688334300843363922e-05 1.000000000000000021e-08 1.000000000000000021e-08 1.000000000000000021e-08 1.000000000000000021e-08 1.000000000000000021e-08 1.000000000000000021e-08 1.000000000000000021e-08 1.000000000000000021e-08 1.000000000000000021e-08 1.000000000000000021e-08 1.000000000000000021e-08 1.000000000000000021e-08 1.000000000000000021e-08 1.000000000000000021e-08 1.000000000000000021e-08 1.000000000000000021e-08
7.290802540990755538e-04 8.221758300914592686e-05 3.757473874824675589e-05 5.283042166488092329e-05 1.603895630233531511e-05 1.841623633250471479e-05 2.660256567227327828e-05 7.748354794124537228e-05 1.499566599441426267e-04 1.522526939310998298e-03 1.915483349427486671e-03 6.349103239627738480e-04 2.590081697497749707e-04 3.288663336244972016e-04 4.206890097898963480e-04 2.932610228402864321e-03 7.039121081589413357e-04 6.957107358298378081e-04 2.562170801397571250e-04 1.308918520084060427e-02 2.680343441331801795e-03 1.000000000000000021e-08 1.000000000000000021e-08 1.000000000000000021e-08 1.000000000000000021e-08 1.000000000000000021e-08 1.000000000000000021e-08 1.000000000000000021e-08 1.000000000000000021e-08 1.000000000000000021e-08 1.000000000000000021e-08 1.000000000000000021e-08 1.000000000000000021e-08 1.000000000000000021e-08 1.000000000000000021e-08 1.000000000000000021e-08 1.000000000000000021e-08
6.967334706323644858e-05 4.566567893481311832e-05 6.960561217092562714e-05 3.705676875370745324e-05 4.453149600607036107e-05 1.887784707992029549e-05 3.790687955186581464e-05 3.492044866677766475e-05 3.405225326542033273e-05 1.372992802829120745e-04 1.543179390525293085e-03 1.108497186771114154e-03 2.129872214564489216e-04 2.833132157653740356e-04 5.223131714913295445e-04 5.074549410211950592e-04 5.975323757301860160e-04 5.668803794103033800e-04 5.681760526113142744e-04 8.237595813762184707e-03 1.965438651700904520e-03 1.000000000000000021e-08 1.000000000000000021e-08 1.000000000000000021e-08 1.000000000000000021e-08 1.000000000000000021e-08 1.000000000000000021e-08 1.000000000000000021e-08 1.000000000000000021e-08 1.000000000000000021e-08 1.000000000000000021e-08 1.000000000000000021e-08 1.141978987189213461e-05 1.000000000000000021e-08 1.000000000000000021e-08 1.000000000000000021e-08 1.000000000000000021e-08
3.601350011295746445e-05 6.796540855110820426e-05 4.136771480600252762e-05 6.558660884276199205e-05 3.331588369453999043e-05 4.367407101172258684e-05 2.463890010593832824e-05 5.006935130039052913e-05 2.578922391571212343e-05 1.133851118134980622e-04 1.781257023446308654e-04 3.788495005766359842e-03 3.306810820537108724e-04 9.324000930606039317e-05 4.160795046807121774e-04 2.837285075232264800e-04 5.976446377321160703e-04 6.645822033121668400e-04 8.867660427392599258e-04 9.256361480121004862e-03 1.278362210114362876e-03 1.000000000000000021e-08 1.000000000000000021e-08 1.000000000000000021e-08 1.196164363122782597e-05 1.000000000000000021e-08 1.000000000000000021e-08 1.000000000000000021e-08 1.000000000000000021e-08 1.000000000000000021e-08 1.000000000000000021e-08 1.000000000000000021e-08 1.000000000000000021e-08 1.000000000000000021e-08 1.000000000000000021e-08 1.000000000000000021e-08 1.000000000000000021e-08
