output/water_depth_7560.asc
ncols 223
nrows 158
xllcorner 0.0
yllcorner 0.0
cellsize 30.0
[rows 68 to 84 of 158, columns 37 to 73 of 223]
1.000000000000000021e-08 1.000000000000000021e-08 1.433481334225985348e-05 1.860683556383637370e-05 1.000000000000000021e-08 1.073954973188762904e-05 1.737761028639389627e-05 1.864106747817072891e-05 1.000000000000000021e-08 1.000000000000000021e-08 1.000000000000000021e-08 1.000000000000000021e-08 1.000000000000000021e-08 1.000000000000000021e-08 2.526153122090773096e-05 1.000000000000000021e-08 1.124081505490583460e-05 2.470480275847775986e-05 2.289020496464226997e-05 1.000000000000000021e-08 1.000000000000000021e-08 1.172766504564253517e-05 3.696106102125528982e-05 1.585493303964112663e-03 3.308448210143909184e-04 1.000000000000000021e-08 1.000000000000000021e-08 1.000000000000000021e-08 1.000000000000000021e-08 1.000000000000000021e-08 1.000000000000000021e-08 1.000000000000000021e-08 1.000000000000000021e-08 1.000000000000000021e-08 1.000000000000000021e-08 1.000000000000000021e-08 1.000000000000000021e-08
1.000000000000000021e-08 1.000000000000000021e-08 1.000000000000000021e-08 1.000000000000000021e-08 1.000000000000000021e-08 1.000000000000000021e-08 1.000000000000000021e-08 1.299813125268210333e-05 1.746411738871510606e-05 2.970043466675027937e-05 3.885616479103267578e-05 1.000000000000000021e-08 1.000000000000000021e-08 2.387246612266329568e-05 2.798382205880906875e-05 1.000000000000000021e-08 1.000000000000000021e-08 1.853868958986933224e-05 1.000000000000000021e-08 1.000000000000000021e-08 1.649869593766507765e-05 1.285448360498825171e-05 3.072998628853732884e-05 4.692042954800702505e-05 1.800566934715146401e-04 1.159045217590290878e-03 1.000000000000000021e-08 1.000000000000000021e-08 1.000000000000000021e-08 1.000000000000000021e-08 1.000000000000000021e-08 1.000000000000000021e-08 8.613134136071778837e-05 6.018761824769762328e-04 9.227658772579448677e-04 9.464080105024279569e-04 6.999040512869456098e-04
1.000000000000000021e-08 1.000000000000000021e-08 1.000000000000000021e-08 1.000000000000000021e-08 1.000000000000000021e-08 1.000000000000000021e-08 1.000000000000000021e-08 1.602236587193386788e-05 3.570045708905157276e-05 3.845569442665626420e-05 3.486967050867007190e-05 5.388157548164800010e-05 3.265703660143141521e-05 2.777703010667636674e-05 2.355105420634616355e-05 2.428651681751391587e-05 4.691705961264292483e-05 1.000000000000000021e-08 1.000000000000000021e-08 1.000000000000000021e-08 1.000000000000000021e-08 5.010697894435540625e-05 2.766139699283745308e-05 3.788670310536125518e-05 1.000000000000000021e-08 1.000000000000000021e-08 1.000000000000000021e-08 1.000000000000000021e-08 1.000000000000000021e-08 3.652942076078052853e-05 3.581960708479572724e-05 4.481888207458947760e-04 7.407961545030677291e-04 7.521306416845884371e-04 7.083473985572593659e-04 7.649043955970520310e-04 9.962378628062271493e-04
1.000000100000000021e-05 2.927895350013922664e-05 1.000000000000000021e-08 1.000000000000000021e-08 1.000000000000000021e-08 1.000000000000000021e-08 1.000000000000000021e-08 1.000000000000000021e-08 1.462694793002232238e-05 1.313965281904874316e-05 1.887885690374912424e-05 3.054549225322108808e-05 7.215564938509109994e-05 5.594566088779549909e-05 5.167742459718500074e-05 6.497018236706594342e-05 1.491180295516998232e-04 2.972864234918063059e-04 1.654964326235533847e-04 1.160420404811762974e-04 7.522890105698787193e-05 1.293067890217456024e-04 1.915342573903996591e-03 1.623885134706485320e-04 9.425608674624130735e-05 1.000000000000000021e-08 1.000000000000000021e-08 1.663946110289371233e-05 1.848949217254550504e-05 1.106818199243990664e-04 2.342261051209298137e-04 5.663906212194706703e-04 6.088382201303221743e-04 5.411187371025823591e-04 5.357026976797131437e-04 6.639591185471051737e-04 7.031664455012324446e-04
3.132616762376439471e-05 7.209698681386169988e-05 4.571333263030643099e-05 2.613300288349767919e-05 1.000000000000000021e-08 1.000000000000000021e-08 1.000000000000000021e-08 1.371174365579398583e-05 1.116013175476784236e-04 9.240090844034254609e-05 1.000000000000000021e-08 1.000000000000000021e-08 1.229775857087470178e-04 2.166490310638184203e-04 2.292226020725072555e-04 2.236477532447458689e-04 1.809581361800447234e-04 1.477276658878315591e-04 1.967562473464821613e-04 1.951996251394892592e-04 1.678091299754584209e-04 8.699885813626977616e-05 2.440681490726119833e-04 2.654158590188459839e-04 2.579976151896453632e-04 1.000000000000000021e-08 7.306282552622396075e-04 6.741551270034476474e-04 9.099118416191538270e-04 9.202347399094169648e-04 1.362717464473673550e-03 7.245432873312358628e-04 5.844660218936463579e-04 4.780893034848318385e-04 3.596641071567729204e-04 2.788959436933009990e-04 3.222610708653017011e-04
4.075879837241431998e-05 2.787131472099404177e-05 5.683884527459985353e-05 1.000000000000000021e-08 1.000000000000000021e-08 1.000000000000000021e-08 1.433903350684368849e-05 3.877054718872434077e-05 1.442835876980929776e-04 2.924667427577396059e-04 2.159010623279043989e-04 2.449059020703013372e-04 2.000599213009501246e-04 1.839131147888972044e-04 1.032361800557001256e-04 8.277132917033904142e-05 6.100093560504409414e-05 5.085448138146326011e-05 5.035250450593411472e-05 1.845212355272486551e-04 2.428844668266092030e-04 2.189745503759708530e-04 1.880214374722383066e-04 5.802101532753038563e-04 6.997018164322802358e-04 9.421519651572647777e-04 6.562325267317160524e-04 3.794650702019684786e-04 2.796791685617069272e-04 2.448391082220198922e-04 1.636290255255422798e-04 1.347766393174585091e-04 9.935165919857008360e-05 8.163726313836475363e-05 8.330715516290194337e-05 6.811764305449653193e-05 5.927076454488912225e-05
1.217503245157225129e-04 1.569129969566408767e-04 1.716829482119647439e-04 1.989019504135696207e-04 2.299120012001560807e-04 3.265421892873787181e-04 3.615286118611599491e-04 3.401860254164180736e-04 2.569333413951497137e-04 1.000000000000000021e-08 1.000000000000000021e-08 1.000000000000000021e-08 1.000000000000000021e-08 1.000000000000000021e-08 1.120760123650636974e-05 2.147054948317014914e-05 2.778824060042907478e-05 2.430783822196950890e-05 1.611068730101868657e-05 1.679046031384880572e-05 1.272833410887487515e-05 1.643539567287890504e-04 3.281786059594898755e-04 4.563938415927591653e-04 4.965885017595709816e-05 1.000000000000000021e-08 1.000000000000000021e-08 1.156895689720589034e-05 1.856062347971616037e-05 2.340369418786848347e-05 2.662524076501546176e-05 2.180002709729093465e-05 1.867928863285417797e-05 1.827933398643194433e-05 2.246727049506895381e-05 1.929518404829085680e-05 1.000000000000000021e-08
1.115823901423557271e-03 7.433209282667593083e-05 6.172732429391209114e-05 5.553097141217612015e-05 4.891552019528443282e-05 3.744197875093163648e-05 3.309455268338935510e-05 1.000000000000000021e-08 1.000000000000000021e-08 1.000000000000000021e-08 1.000000000000000021e-08 1.069477720277947928e-05 1.152160137686271984e-05 1.169842315086861196e-05 1.252685440191564214e-05 1.331313187988621900e-05 2.761753479570361880e-05 3.273784390844087198e-05 3.289352355903616391e-05 3.254177922598411782e-05 3.319074569040922031e-05 3.680067605436358681e-05 9.833502435923313601e-05 2.219036910122454230e-05 1.000000000000000021e-08 1.000000000000000021e-08 1.007207031893388410e-05 1.564058403698516191e-05 1.893116785353936884e-05 1.752549543811136274e-05 1.423185595934674148e-05 2.373419971956630087e-05 2.031173666968788286e-05 1.992262564996618828e-05 1.455370726991800086e-05 1.000000000000000021e-08 1.000000000000000021e-08
1.979748309227436821e-05 3.695014645292057492e-05 1.000000000000000021e-08 1.000000000000000021e-08 1.482534917964129791e-05 1.000000000000000021e-08 1.000000000000000021e-08 1.000000000000000021e-08 1.000000000000000021e-08 1.000000000000000021e-08 1.000000000000000021e-08 1.000000000000000021e-08 1.000000000000000021e-08 1.000000000000000021e-08 1.000000000000000021e-08 1.015580454344466974e-05 2.052318119504098278e-05 6.101850985264199598e-05 6.477323518417484017e-05 4.884264881537957355e-05 5.712571977061271951e-05 1.243118293363969435e-04 2.010795741808283550e-05 1.454463035526955187e-05 1.000000000000000021e-08 1.000000000000000021e-08 1.000000000000000021e-08 1.000000000000000021e-08 1.000000000000000021e-08 1.000000000000000021e-08 1.042269114984683828e-05 1.114302481783271174e-05 2.128540301888474804e-05 2.393343107787697664e-05 2.527478274638063005e-05 1.937748616776501632e-05 1.807979576583716404e-05
1.602167282145950758e-05 2.879180605716073174e-05 3.833083210502024381e-05 2.661435055908361274e-05 3.028763363904084401e-05 4.301433711394604372e-05 3.891074003813917235e-05 3.108962679927794025e-05 2.731259093427294913e-05 1.978073355099848173e-05 1.975243948353109320e-05 1.935975456596079959e-05 2.380800803033024233e-05 2.219361116921928049e-05 2.401946940206969210e-05 2.148001360289298635e-05 3.288543128078368359e-05 5.412597838115986907e-05 6.035693650621268980e-05 7.434703832291843163e-05 7.128035457177403641e-05 1.595501267691169344e-04 1.293929358420644433e-04 1.000000000000000021e-08 1.000000000000000021e-08 1.000000000000000021e-08 1.000000000000000021e-08 1.208699525138061964e-05 1.289150574191759218e-05 1.289661883426992974e-05 1.857660690852888506e-05 1.959315216787489578e-05 2.406547012432595084e-05 3.004992517429997683e-05 3.433472975884631535e-05 3.354818543640931532e-05 5.093736316203500742e-05
1.553517951267301272e-05 2.680338142757620725e-05 3.605924818182490552e-05 1.000000000000000021e-08 1.383739828981778141e-05 2.321355687510849849e-05 5.581841103538938637e-05 4.707181550511149612e-05 4.649594184297736228e-05 1.000000000000000021e-08 5.966545763044016717e-05 9.084069143103232018e-05 7.994323542356459829e-05 9.811083894035257946e-05 1.043360524425050625e-04 9.214190161499322032e-05 6.602110131636088324e-05 5.472960831013624878e-05 9.369568113219857962e-05 8.414380653686082752e-05 8.334013654684518599e-05 1.104066397549092045e-04 1.938926857815411798e-04 1.000000000000000021e-08 1.000000000000000021e-08 1.019516256628158104e-05 1.493488012497370275e-05 2.268225915339868573e-05 1.931610109670119015e-05 2.052645605065594182e-05 2.551896915867420698e-05 2.687315262860615303e-05 2.620032363999886063e-05 1.000000000000000021e-08 2.463838788871490891e-05 3.297607378817923841e-05 2.704241413964626856e-05
1.916987223979004778e-05 3.065134361046529843e-05 3.398484358118563053e-05 3.110975976146756209e-05 2.166612900081602998e-05 1.750819859201391623e-05 1.597614032448874095e-05 5.263677573486640038e-05 1.132751246576483282e-04 6.772151769041925753e-05 6.058258302637712620e-05 5.094610581111007363e-05 7.128008082277275889e-05 7.205551377983094945e-05 1.000000000000000021e-08 1.000000000000000021e-08 1.000000000000000021e-08 1.448291708346193375e-05 2.451803718596485971e-05 1.000000000000000021e-08 1.000000000000000021e-08 6.993545782070380616e-05 1.795387135636356977e-04 1.000000000000000021e-08 1.000000000000000021e-08 1.439111296539994828e-05 2.658997106597363972e-05 2.247178438607626901e-05 1.000000000000000021e-08 1.594700973542530055e-05 2.389255355044458813e-05 2.709563524698545378e-05 2.959664209521351881e-05 1.000000000000000021e-08 1.000000000000000021e-08 1.000000000000000021e-08 1.000000000000000021e-08
2.863283497468026797e-05 3.452782896522476859e-05 2.774112455237941777e-05 1.000000000000000021e-08 1.000000000000000021e-08 1.000000000000000021e-08 1.000000000000000021e-08 1.500327100665764491e-05 2.322361212014553361e-05 1.000000000000000021e-08 1.000000000000000021e-08 1.000000000000000021e-08 1.000000000000000021e-08 1.000000000000000021e-08 1.000000000000000021e-08 1.000000000000000021e-08 1.136809086838453513e-05 1.649529068269947572e-05 1.574374862629825610e-05 1.722065702319853329e-05 1.000000000000000021e-08 4.817700604204244589e-05 1.583130585857580577e-04 9.742083650818337225e-05 5.069729511134713580e-05 3.382235108155640053e-05 5.005189358798701094e-05 2.455803597253729736e-05 1.000000000000000021e-08 1.467896598621291745e-05 2.566859224069313467e-05 3.193492690038701314e-05 1.000000000000000021e-08 1.000000000000000021e-08 1.000000000000000021e-08 1.000000000000000021e-08 1.000000000000000021e-08
1.315879079163845390e-05 2.570581848653933293e-05 1.000000000000000021e-08 1.000000000000000021e-08 1.000000000000000021e-08 1.000000000000000021e-08 1.000000000000000021e-08 1.000000000000000021e-08 1.000000000000000021e-08 1.000000000000000021e-08 1.000000000000000021e-08 1.000000000000000021e-08 1.000000000000000021e-08 1.000000000000000021e-08 1.000000000000000021e-08 1.075531428846897622e-05 1.000000000000000021e-08 1.000000000000000021e-08 1.000000000000000021e-08 1.000000000000000021e-08 1.000000000000000021e-08 1.000000000000000021e-08 1.000000000000000021e-08 6.422353761632893529e-05 4.797290958420655942e-05 4.286071032583879084e-05 5.341866705051045885e-05 1.000000000000000021e-08 1.000000000000000021e-08 1.000000000000000021e-08 1.000000000000000021e-08 1.000000000000000021e-08 1.000000000000000021e-08 1.000000000000000021e-08 1.000000000000000021e-08 1.000000000000000021e-08 1.000000000000000021e-08
1.153275845613316375e-05 2.437746034352665861e-05 1.222395554826866343e-03 7.408280249458718003e-05 6.203325367160479305e-05 1.000000000000000021e-08 1.000000000000000021e-08 1.000000000000000021e-08 1.000000000000000021e-08 1.000000000000000021e-08 1.000000000000000021e-08 1.680291857057022672e-05 2.285104907331058228e-05 3.154267268346823102e-05 4.276513898883117424e-05 4.423881986773272419e-05 3.481067827901346778e-05 2.781497047385081539e-05 2.517976048405251531e-05 1.655362657945908271e-05 2.546811009156953523e-05 6.160704082666097574e-05 1.104833242155851846e-04 1.297067122711685811e-04 1.738850151466224067e-04 1.444389407993381346e-04 1.718797975531375993e-04 1.057914918537485841e-04 7.177445553373502202e-05 6.092714603268163529e-05 1.000000000000000021e-08 1.000000000000000021e-08 1.000000000000000021e-08 1.000000000000000021e-08 1.000000000000000021e-08 1.000000000000000021e-08 1.000000000000000021e-08
1.000000000000000021e-08 1.688781766467157265e-05 2.793580627445768318e-05 3.056226282719120028e-05 1.000000000000000021e-08 1.000000000000000021e-08 1.000000000000000021e-08 1.000000000000000021e-08 1.000000000000000021e-08 1.000000000000000021e-08 1.000000000000000021e-08 1.000000000000000021e-08 1.000000000000000021e-08 1.000000000000000021e-08 1.000000000000000021e-08 3.991536687346401512e-05 6.504590464568659294e-05 6.101416546187578396e-05 5.246685075161829136e-05 5.163746826890728615e-05 6.188278473183637094e-05 5.333931188678817044e-05 9.379723024188595104e-05 1.148894885747829840e-04 9.447819336023018371e-05 1.843299694986710174e-04 2.599453275865992101e-04 3.305119480587774463e-04 3.920205429919143753e-04 2.900856696221008088e-04 2.273503138420955377e-04 1.000000000000000021e-08 1.000000000000000021e-08 1.000000000000000021e-08 1.000000000000000021e-08 1.000000000000000021e-08 1.000000000000000021e-08
1.000000000000000021e-08 1.198273602850912640e-05 1.809885415147907068e-05 2.542468628141695151e-05 2.781476438303338256e-05 1.000000000000000021e-08 1.000000000000000021e-08 1.000000000000000021e-08 1.000000000000000021e-08 1.000000000000000021e-08 1.000000000000000021e-08 1.000000000000000021e-08 1.000000000000000021e-08 1.000000000000000021e-08 1.000000000000000021e-08 1.000000000000000021e-08 1.000000000000000021e-08 1.000000000000000021e-08 4.135779826562755378e-05 6.154084654985829991e-05 9.199774398201971532e-05 1.291544301878876219e-04 1.066815476058429992e-04 8.375605182867583431e-05 1.000000000000000021e-08 1.000000000000000021e-08 1.000000000000000021e-08 1.000000000000000021e-08 4.854203608026264884e-05 3.314114385830912741e-04 3.737512728190720414e-04 3.141348281482067334e-04 1.000000000000000021e-08 1.057582334558010905e-05 1.000000000000000021e-08 1.000000000000000021e-08 1.000000000000000021e-08
