output/water_depth_10320.asc
ncols 223
nrows 158
xllcorner 0.0
yllcorner 0.0
cellsize 30.0
[rows 102 to 118 of 158, columns 111 to 147 of 223]
1.000000000000000021e-08 1.000000000000000021e-08 1.715407270047345105e-05 1.540019159607178685e-05 1.662725600764414251e-05 1.000000000000000021e-08 1.000000000000000021e-08 1.000000000000000021e-08 1.000000000000000021e-08 1.401183884831391775e-05 7.432103677065601409e-05 1.271112904886112244e-03 4.454122580543172375e-04 9.068470425051283366e-05 1.041802976366495341e-04 2.364000329090453346e-04 1.831212345550228761e-04 1.180215605360805621e-03 1.744244853980155734e-03 8.241336945960135024e-03 4.576695486373995748e-04 1.000000000000000021e-08 1.000000000000000021e-08 1.000000000000000021e-08 1.000000000000000021e-08 1.000000000000000021e-08 1.000000000000000021e-08 1.000000000000000021e-08 1.000000000000000021e-08 1.000000000000000021e-08 1.000000000000000021e-08 1.000000000000000021e-08 1.000000000000000021e-08 1.000000000000000021e-08 1.000000000000000021e-08 1.000000000000000021e-08 1.000000000000000021e-08
2.072834337928420884e-04 2.333963088147727983e-04 2.854793495270729160e-04 3.754792459531439879e-05 1.843511275539940706e-05 1.000000000000000021e-08 1.000000000000000021e-08 1.000000000000000021e-08 1.000000000000000021e-08 1.000000000000000021e-08 2.240121325276536556e-05 8.761334692813050815e-04 6.729019348709498055e-04 5.922054758067148551e-05 1.337364625419689681e-04 1.112045993042233956e-04 1.560987265007980629e-03 1.541787589822830092e-03 3.078103506296829550e-03 1.026941952932859670e-02 3.133939526713828343e-04 1.000000000000000021e-08 1.000000000000000021e-08 1.000000000000000021e-08 1.000000000000000021e-08 1.000000000000000021e-08 1.000000000000000021e-08 1.000000000000000021e-08 1.000000000000000021e-08 1.000000000000000021e-08 1.000000000000000021e-08 1.000000000000000021e-08 1.000000000000000021e-08 1.000000000000000021e-08 1.000000000000000021e-08 1.000000000000000021e-08 1.000000000000000021e-08
2.235036124698891815e-04 3.642130217305090522e-04 5.277106228360358125e-04 7.044431268588708652e-04 8.445093965617150129e-04 9.343980877954913842e-04 6.581996171379684863e-04 5.168006340481804805e-04 4.408932472741517112e-04 2.568640607293848989e-05 3.615601125344885375e-05 7.048753063150918789e-04 1.461582746900904521e-03 2.603314056914375358e-03 2.824702878520447477e-03 4.323116902201879289e-03 3.658215283516346068e-03 4.591565095545971018e-03 4.607383168382421339e-03 1.222901335664308697e-02 2.117173718965611464e-04 1.000000000000000021e-08 1.000000000000000021e-08 1.000000000000000021e-08 1.000000000000000021e-08 1.000000000000000021e-08 1.026206088576516368e-05 1.000000000000000021e-08 1.000000000000000021e-08 1.000000000000000021e-08 1.000000000000000021e-08 1.000000000000000021e-08 1.000000000000000021e-08 1.000000000000000021e-08 1.000000000000000021e-08 1.000000000000000021e-08 1.000000000000000021e-08
1.002790885001734507e-04 1.000000000000000021e-08 1.281433908773938976e-05 2.265941054449088055e-05 1.093041170930143981e-04 1.652224760730584417e-04 6.923403700580014423e-04 9.176432161008394759e-04 1.116177563838311425e-03 1.274278373549011601e-03 1.406359946789235591e-03 1.747639006817545059e-03 1.318316949614300668e-02 2.007427689210202794e-03 2.163589923817972691e-03 1.603584473084157481e-03 1.756802838757477985e-03 1.148791844007819498e-03 1.433038229374575300e-03 7.741198312582857517e-03 7.844500910860075643e-03 1.000000000000000021e-08 1.000000000000000021e-08 1.000000000000000021e-08 1.000000000000000021e-08 1.000000000000000021e-08 1.296200768488774736e-05 1.000000000000000021e-08 1.000000000000000021e-08 1.000000000000000021e-08 1.000000000000000021e-08 1.000000000000000021e-08 1.000000000000000021e-08 1.000000000000000021e-08 1.000000000000000021e-08 1.000000000000000021e-08 1.000000000000000021e-08
3.874661806553215601e-05 2.274263248385431567e-05 1.574079881754501104e-05 1.370836385908806537e-05 1.316827891361803149e-05 1.137663008772601061e-05 1.264638253070260165e-05 1.080270373030307147e-05 1.000000000000000021e-08 1.000000000000000021e-08 1.658149073734608409e-04 1.590034377170008919e-04 9.558459323322363781e-05 1.000000000000000021e-08 1.000000000000000021e-08 1.000000000000000021e-08 1.648943828092897846e-04 5.271321026237131102e-05 1.274602285315537640e-04 4.897248134681508880e-03 9.843579580774119639e-03 2.059020981447393789e-03 1.000000000000000021e-08 1.000000000000000021e-08 1.000000000000000021e-08 1.000000000000000021e-08 1.000000000000000021e-08 1.446903259230639505e-05 1.000000000000000021e-08 1.000000000000000021e-08 1.000000000000000021e-08 1.000000000000000021e-08 1.000000000000000021e-08 1.000000000000000021e-08 1.000000000000000021e-08 1.000000000000000021e-08 1.116124041983234640e-05
2.479063186598416519e-05 2.854968799519173203e-05 2.830785023178234000e-05 3.172284388176778794e-05 3.587809951128548741e-05 3.951258866101551209e-05 3.647694156322665903e-05 3.828555173519440061e-05 1.077631367959765288e-04 6.445901984080181304e-05 1.353390975484668895e-04 1.190218388290932469e-04 1.130020279398227779e-04 8.544296137699291963e-05 6.543510337926558313e-05 1.000000000000000021e-08 1.000000000000000021e-08 1.000000000000000021e-08 8.129531250059923676e-05 3.428839345739486885e-03 2.748896267992961481e-02 8.738364855356098651e-03 2.852974544730081866e-05 1.000000000000000021e-08 1.000000000000000021e-08 1.000000000000000021e-08 1.000000000000000021e-08 2.228721473680341745e-05 1.000000000000000021e-08 1.000000000000000021e-08 1.000000000000000021e-08 1.000000000000000021e-08 1.000000000000000021e-08 1.000000000000000021e-08 1.000000000000000021e-08 1.000000000000000021e-08 2.167275366819677539e-05
1.000000000000000021e-08 1.000000000000000021e-08 2.307159880658922365e-05 3.352455392725198750e-05 4.858582695282310962e-05 7.870845004648902748e-05 9.467364665992692016e-05 1.342589764690311225e-04 1.959069287941420242e-04 2.401183402430560540e-04 1.144311826348425818e-04 1.128362432641242462e-04 1.395321189854166173e-04 1.208598985683571214e-04 1.107596445495723263e-04 7.909444131083229082e-05 5.261259214025851521e-05 1.000000000000000021e-08 6.448654966059055404e-05 2.820092500130942040e-03 9.435788106856621282e-03 2.956908611852464980e-02 8.412274797400460732e-03 4.324566410401540860e-05 1.000000000000000021e-08 1.000000000000000021e-08 1.561264457667002609e-05 1.989502509675242665e-05 1.000000000000000021e-08 1.000000000000000021e-08 1.000000000000000021e-08 1.000000000000000021e-08 1.000000000000000021e-08 1.000000000000000021e-08 1.000000000000000021e-08 1.000000000000000021e-08 3.193943404521334565e-05
1.000000000000000021e-08 1.000000000000000021e-08 1.000000000000000021e-08 2.889024302827030832e-05 1.360545147400257261e-03 1.000000000000000021e-08 1.000000000000000021e-08 1.000000000000000021e-08 1.365119252900190853e-05 2.123124833119039288e-05 8.266265264969344659e-05 1.169048495641264229e-04 1.377135676048447455e-04 1.427612045919894655e-04 1.529460892223544893e-04 2.120768296616585766e-03 1.587597201676618221e-05 1.921214761253177601e-04 9.311860297917713973e-05 3.973420668756643672e-04 2.505940907134402045e-05 5.585130131472481121e-03 7.506003966089629109e-03 6.889805831722039045e-03 3.199791043891489029e-05 1.000000000000000021e-08 1.000000000000000021e-08 1.602537999038149640e-05 1.484131034769375392e-05 1.000000000000000021e-08 1.000000000000000021e-08 1.000000000000000021e-08 1.000000000000000021e-08 1.581686583687164039e-05 1.000000000000000021e-08 2.817241282514299788e-05 3.033007590468404029e-05
1.000000000000000021e-08 1.000000000000000021e-08 1.000000000000000021e-08 2.180742387808963070e-05 8.529122852804291849e-05 1.000000000000000021e-08 1.000000000000000021e-08 1.000000000000000021e-08 1.000000000000000021e-08 1.000000000000000021e-08 8.820035531732626404e-05 2.260029098476558438e-04 3.011160999295040518e-04 2.798617863693962041e-04 2.836625427173819491e-04 3.906927502184644380e-04 1.036544630490970550e-03 7.501872791764375124e-03 1.574521162106338286e-03 3.750205408587832133e-04 5.704881461527579363e-04 5.538215092172051220e-03 6.975957867145391594e-03 7.000691549413513674e-03 6.663150910123941117e-03 9.409234387147324876e-04 9.131137817960186670e-04 2.274308808683904391e-05 1.638903233054456456e-05 1.000000000000000021e-08 1.000000000000000021e-08 1.000000000000000021e-08 1.567314765444481362e-05 1.613070265401378301e-05 2.365593798721712652e-05 2.696639900898950353e-05 3.973995754010425490e-05
1.000000000000000021e-08 1.000000000000000021e-08 1.000000000000000021e-08 1.000000000000000021e-08 8.873762559596701217e-05 6.256050553256875242e-05 5.092496834975342624e-05 1.000000000000000021e-08 1.000000000000000021e-08 1.608545411674528521e-05 2.870749736561544025e-05 1.451121903497262723e-04 2.368302560560565332e-04 4.267724223948945192e-04 6.677975259028260920e-04 6.547797780942107805e-04 6.339652642889918475e-04 3.918381750442576105e-04 9.102428117962831425e-03 2.165362267470880182e-03 1.804776017603933191e-03 3.264627102840313936e-03 1.135625911857782687e-02 3.229151007873058699e-02 8.097016154381228570e-03 5.286354366061471986e-03 5.648949297536425516e-03 4.188401144069871067e-05 1.316888250922757256e-05 1.000000000000000021e-08 1.000000000000000021e-08 1.000000000000000021e-08 3.419480386477703542e-05 2.346080709885086242e-05 1.000000000000000021e-08 2.668381598771914101e-05 4.971187875776604298e-05
1.551084050308593898e-05 2.273606707245633040e-05 6.383449643518523595e-05 1.000000000000000021e-08 5.589694733878952838e-05 8.217243377921727005e-05 1.074104753483320023e-04 1.568172293231978685e-04 2.221562125737987789e-04 1.803992935807434612e-04 2.552871423354654461e-04 2.366047973255398069e-04 2.042171974398640456e-04 1.704043572171148597e-04 1.304021265220560455e-04 9.255310073205149073e-05 1.000000000000000021e-08 1.005141199222550624e-04 4.490639458591250116e-05 5.304956934100343971e-05 1.000000000000000021e-08 2.250154141121972484e-03 5.233675409862358595e-03 1.378584761430371591e-02 1.401992962956109291e-02 1.439581801614577168e-02 9.961370216191463289e-02 9.669250562204662058e-02 9.233338008092394002e-05 1.866904029278057002e-05 2.529104915990063986e-05 1.000000000000000021e-08 5.120309368593691998e-03 4.681137286610209669e-03 3.705898284815974792e-05 1.000000000000000021e-08 4.572626606565115536e-05
1.000000000000000021e-08 2.787411632482728098e-05 1.012914891795905554e-04 1.000000000000000021e-08 1.000000000000000021e-08 1.000000000000000021e-08 1.000000000000000021e-08 1.000000000000000021e-08 1.000000000000000021e-08 2.473998568464026216e-04 1.743131746983639797e-04 1.224428762847742020e-05 1.000000000000000021e-08 4.932601161435374047e-05 3.995233697857397790e-05 3.944939230010895050e-05 3.867807726885808504e-05 3.227708754163594398e-05 2.270867864981061381e-05 3.714117088427138267e-05 2.267303304808224694e-03 3.121788125299397500e-03 6.812638920631043822e-03 6.702693395118680848e-03 9.377177129651559015e-03 1.105601432618437234e-02 9.537041114182044643e-02 9.065535227178468658e-02 7.043657288500078384e-02 2.567137428541693342e-02 2.438300903779369588e-02 2.181697791119420124e-02 1.937021203427909816e-02 1.988088276803770538e-02 2.826827574568421125e-02 2.873011729960640165e-02 2.246954490438177437e-04
1.000000000000000021e-08 5.114503132760232773e-04 6.347999730917511848e-04 7.431999593329197953e-04 1.000000000000000021e-08 1.000000000000000021e-08 1.000000000000000021e-08 1.000000000000000021e-08 1.000000000000000021e-08 1.441104842511999311e-04 1.227833198991487085e-04 8.989380707461892936e-05 6.928801171846615445e-05 5.360864002122286086e-05 4.562578191315986838e-05 3.815106241100462884e-05 2.404931801394173492e-05 1.000000000000000021e-08 1.000000000000000021e-08 3.678857723133334358e-05 9.259520897839922451e-03 1.492491790186910132e-02 9.564604957182863340e-03 5.657008393271104746e-03 3.619331363310569500e-03 2.318677155776840536e-03 1.525731086668778713e-03 1.085869846100347060e-03 5.664071297674522091e-04 4.081633028633428729e-04 2.795449410259238563e-04 5.030600846028810899e-03 6.962573466465347798e-03 9.625312401172951213e-03 6.763039340320449976e-03 3.129495641289068569e-02 1.985313372753017003e-02
3.641956061457103742e-03 3.348201264842726502e-04 4.373300386740553748e-04 1.090347519660185950e-03 9.664334610874547246e-03 6.435754285928647206e-03 9.369729331586665495e-04 6.573383555187272374e-04 4.619091998561998796e-04 2.164695512715868685e-04 1.092282591919091652e-04 5.619720899457730443e-05 3.451054265195985943e-05 2.109542791494045465e-05 2.597316605720084739e-05 3.157741333974909185e-05 1.836175056603055146e-03 1.214566821437045160e-03 8.293767888227328777e-04 1.483772438941910812e-02 3.380360194131919876e-02 1.038501416143908923e-02 5.291784817979320704e-05 1.022725160206428545e-05 1.000000000000000021e-08 1.000000000000000021e-08 1.000000000000000021e-08 1.000000000000000021e-08 1.000000000000000021e-08 1.000000000000000021e-08 6.623412486428806106e-05 1.312342231119064404e-03 2.298309151899346949e-03 1.837737680852514002e-03 1.369009365272642669e-03 1.151153918464879267e-03 1.840873000996741393e-02
1.000000000000000021e-08 1.000000000000000021e-08 1.000000000000000021e-08 1.000000000000000021e-08 1.000000000000000021e-08 1.340539666640326024e-03 1.848977413535323518e-03 2.091202714533447506e-03 1.202588682755250434e-03 8.109556505793744747e-04 5.059599195171767547e-04 3.337893487457480176e-04 2.319678760042376514e-04 1.861712375151203410e-04 9.231619870830693950e-03 1.152911855560711032e-02 9.449103269757928164e-03 1.039667058092960325e-02 1.531554545058395195e-02 1.427919056073338570e-02 3.962019364673696406e-03 1.000000000000000021e-08 1.000000000000000021e-08 1.000000000000000021e-08 1.000000000000000021e-08 1.000000000000000021e-08 1.000000000000000021e-08 1.000000000000000021e-08 1.000000000000000021e-08 4.886101237336897430e-04 7.642847970179888822e-04 6.708075870850253863e-04 6.881974348377276583e-04 6.135901011196609424e-04 3.473867314216234469e-04 3.645501799794886671e-04 5.538644342590171195e-03
1.000000000000000021e-08 1.338566504949945739e-05 1.467093340342647235e-05 3.244404604871394448e-05 1.000000000000000021e-08 1.000000000000000021e-08 1.000000000000000021e-08 2.005574959421543119e-04 8.109560684679851259e-04 9.161496507267351914e-04 7.437589538294522330e-04 6.912145392179234581e-04 2.436095190183255963e-03 4.659299949950469061e-02 3.058928858147269558e-02 6.373551071637114512e-03 4.401862218656358954e-03 4.291943125270410685e-03 8.253546230202876352e-04 1.208834653513859531e-04 1.000000000000000021e-08 1.000000000000000021e-08 1.000000000000000021e-08 1.000000000000000021e-08 1.000000000000000021e-08 1.000000000000000021e-08 1.000000000000000021e-08 9.306559344382972607e-05 6.397909328176057094e-04 6.088007314778035115e-04 5.680099638757113044e-04 3.726875848494062490e-03 3.685209472517484504e-04 2.583008057545479260e-04 2.452461794700633389e-05 1.882822688569728558e-05 2.290541388684594692e-05
3.544262513558492996e-05 3.547819949883846427e-05 4.913718572865621013e-05 1.156037208559098598e-04 1.623837692545057777e-05 1.000000000000000021e-08 1.000000000000000021e-08 1.061422494804943291e-04 5.668460436321814998e-04 8.831021112841037609e-04 7.895414079307641955e-04 7.557667921441022126e-03 1.001924956086067652e-02 1.144292447017571622e-02 5.182651250584028278e-03 3.945614907112603414e-04 1.000000000000000021e-08 1.206241987052338186e-05 1.000000000000000021e-08 1.000000000000000021e-08 1.000000000000000021e-08 1.000000000000000021e-08 1.000000000000000021e-08 1.000000000000000021e-08 1.000000000000000021e-08 1.000000000000000021e-08 9.565099911806154752e-04 9.801999105845085776e-04 6.694346033006115092e-04 5.084034417333863374e-05 6.474167882924996859e-05 5.210205884852124738e-05 1.641568536814303473e-05 1.000000000000000021e-08 1.115254018559966198e-05 1.000000000000000021e-08 1.000000000000000021e-08
