output/water_depth_3720.asc
ncols 223
nrows 158
xllcorner 0.0
yllcorner 0.0
cellsize 30.0
[rows 68 to 84 of 158, columns 37 to 73 of 223]
3.429693061070486872e-05 4.787946202669644287e-05 6.757071368316357033e-05 8.250121447184072016e-05 1.000000000000000021e-08 5.398443406775603302e-05 7.921877766594728960e-05 7.803654193858700668e-05 1.000000000000000021e-08 1.000000000000000021e-08 1.000000000000000021e-08 6.525909041505980441e-05 7.809430443048533859e-05 1.000000000000000021e-08 1.101042258436420071e-04 1.000000000000000021e-08 1.215203651174702091e-04 1.062702592408730555e-04 3.187173484400810601e-05 1.000000000000000021e-08 1.000000000000000021e-08 3.800791844590384750e-05 2.194110839015471720e-04 4.332959231944823533e-03 1.174016777772736355e-03 1.000000000000000021e-08 1.000000000000000021e-08 1.000000000000000021e-08 1.000000000000000021e-08 1.000000000000000021e-08 1.000000000000000021e-08 2.087718837875559804e-05 2.127958825637350098e-05 2.533700900665005173e-05 3.789191879010515520e-05 2.654710357321265064e-05 2.506423938156351419e-05
2.017995820131504058e-05 2.427391694098329582e-05 3.550437688814782431e-05 3.833254165646876718e-05 3.615052814016306374e-05 3.499917598811764862e-05 4.994440555427029620e-05 5.336810071494137939e-05 6.436082367236477047e-05 2.317834512279810796e-05 3.026173003918094964e-05 1.000000000000000021e-08 1.000000000000000021e-08 7.803882867700501398e-05 9.210963668930855657e-05 1.000000000000000021e-08 1.016036859092624758e-04 7.791228816536210531e-05 1.000000000000000021e-08 3.859809691038570051e-05 1.133716354220423988e-04 8.006863852609002736e-05 1.948275002945429183e-04 2.722642902570954117e-04 5.811714635313218425e-04 2.267308439766374355e-03 1.000000000000000021e-08 1.000000000000000021e-08 1.000000000000000021e-08 1.000000000000000021e-08 1.000000000000000021e-08 1.000000000000000021e-08 3.713919115829714839e-04 3.228460958571246955e-03 4.853242564027204949e-03 5.079191399633366591e-03 3.629043369603452210e-03
2.063790329927365645e-05 1.000000000000000021e-08 2.032157337960472187e-05 2.118183156515758312e-05 1.000000000000000021e-08 1.393851733959287642e-05 2.746202943623693150e-05 7.966519020354489392e-05 1.520331232496209713e-04 1.618638549328552145e-04 1.500335976635175448e-04 1.930050597861386044e-04 1.137914959039622987e-04 8.377775936605727936e-05 6.142531768748938162e-05 7.636593213455319723e-05 1.954008859963262789e-04 1.000000000000000021e-08 7.378948123226404749e-05 6.879363017846059259e-05 7.482398946242998421e-05 2.839218318672434051e-04 1.730009097294924793e-04 1.700232117325006678e-04 2.443213719363578458e-05 1.000000000000000021e-08 4.973339210160577486e-05 6.392770262330641948e-05 1.000000000000000021e-08 2.935455756038619197e-04 2.480873596978275925e-04 3.146972738507213332e-03 1.786630136383134809e-03 3.282537472832828748e-03 3.052594374054469744e-03 3.426160198337270795e-03 5.202171571137106584e-03
1.000000100000000021e-05 8.095898329108605249e-05 1.028038324876348424e-05 2.084413551957016734e-05 2.703426355613190084e-05 1.000000000000000021e-08 1.259678142576158606e-05 3.264884831319507009e-05 6.223056701987570588e-05 7.066521238877505320e-05 8.218982288619338500e-05 1.809700381972538963e-04 3.472763979545267945e-04 2.743777402985507247e-04 2.659318986243232406e-04 3.755262341893789309e-04 7.530594094562485438e-05 1.207163781100979065e-03 1.963149660577660684e-04 2.416906927398366296e-04 1.994511015251606862e-04 3.395785166516194836e-04 7.833062793603830232e-03 1.079406348819702058e-03 1.548761052526452216e-04 1.000000000000000021e-08 7.672080283696697495e-05 1.429204699379343446e-04 1.417421747607329160e-04 1.429936078589701945e-03 2.494487092560932536e-03 3.425104752023642139e-03 1.731844149710848497e-03 2.259940697118809072e-03 1.929094705773762471e-03 2.934793466644363986e-03 2.640853112624191520e-03
9.275139869758092486e-05 2.035533283232620586e-04 1.407024528291959432e-04 9.678664365222256264e-05 1.000000000000000021e-08 1.000000000000000021e-08 1.000000000000000021e-08 6.343834967551210881e-05 2.070120602073214581e-04 1.995148154708428171e-04 4.072858300425077232e-05 3.568176913518967337e-05 7.660450549128156430e-05 1.193636301288446267e-04 2.121683391718339753e-04 2.151486387995589793e-04 3.039904560340006773e-04 3.940861980580924223e-04 5.557102338013997396e-04 4.462716709533575267e-04 5.714787896636501626e-04 3.888684669876147607e-04 9.000397808660724796e-04 2.119006532073869874e-03 2.063196118853174044e-03 1.930514221556775133e-04 5.360918685503662622e-03 6.099522566278370132e-03 7.263392656065102010e-03 7.652537826372679541e-03 8.635846163124537289e-03 3.278396061912831026e-03 3.261257323066226593e-03 2.226433324178985623e-03 2.374222267015834407e-03 1.564394563252085365e-03 2.129363130197757525e-03
1.178751619074378882e-04 8.045912416592322658e-05 1.623271107880367098e-04 1.000000000000000021e-08 4.140980917124028953e-05 7.435666616442213202e-05 8.517158972950577677e-05 1.838925967226551824e-04 1.177514446254576317e-04 2.592212379107402794e-04 2.052948655546646341e-04 2.812438410434659679e-04 2.622816554227444573e-04 3.531135738078804479e-04 2.716605082373919075e-04 3.531458167649528389e-04 2.827790605141571457e-04 9.586158337044971582e-04 2.205736944354591458e-04 1.286383819658960814e-03 1.673508196616140887e-03 1.410533152085228581e-03 1.160640415779061246e-03 4.029584904093302944e-03 5.152146013450729055e-03 6.693569887733020682e-03 4.451757326240091128e-03 2.887952620495291920e-03 1.923818690985853053e-03 1.529160028732707297e-03 9.928971588465899251e-04 8.081064026215417423e-04 5.659655034993245695e-04 4.098152970376254590e-04 3.423790048868701743e-04 2.711674102933694301e-04 1.981258038919958087e-04
2.941313200169037574e-04 4.075352915478233119e-04 5.202954914497053040e-04 6.041985847738193379e-04 6.975499593232716445e-04 8.994542618771529359e-04 1.048091998437010496e-03 1.068995876620890129e-03 8.516343808463918428e-04 7.762073738768481316e-05 1.032716450302303810e-04 8.408762389940515768e-05 5.457291400757756237e-05 1.722423765090849045e-05 3.171077359353612605e-05 2.431238170313477793e-04 2.427581706693711144e-04 1.601900800892805811e-04 9.794064129384102936e-05 8.512428473879781387e-05 6.176041556850959502e-05 1.255909476604845365e-03 2.084083700774797161e-03 2.799944903487578979e-03 4.174611357642431025e-04 3.383798863229765808e-05 1.000000000000000021e-08 4.544572550970804521e-05 7.234172702794232888e-05 8.632911047511015903e-05 9.052819976691280784e-05 7.928747825926923899e-05 6.813739383130703188e-05 6.585322659442924970e-05 8.013515436105779445e-05 7.325487166562147801e-05 1.000000000000000021e-08
2.185343607381134284e-03 1.934470203180445216e-04 1.520849170674340120e-04 1.087294122450028594e-04 7.132681981329088989e-05 6.662163032687322764e-05 1.022498344395308083e-04 1.000000000000000021e-08 1.476273538859503065e-05 2.110794488916341262e-05 2.564960901627207939e-05 2.924511945094468207e-05 2.785168217505881025e-05 2.907821691568568520e-05 5.748444436703175128e-05 7.533611049604196138e-05 1.499045253000149324e-04 1.894195681488057223e-04 1.760850100787754121e-04 1.657359508843139404e-04 1.531308332668841147e-04 2.246650143886474776e-04 5.067136701176372686e-04 1.070499743234774192e-04 1.972719354928155797e-05 2.926147631290244643e-05 4.907394621743975811e-05 5.660477705017441774e-05 6.901913985207821221e-05 6.269424137695665041e-05 4.413697522668683950e-05 7.946355261756812838e-05 7.001059184316531236e-05 6.733052940872265139e-05 5.231902884322972352e-05 1.000000000000000021e-08 1.000000000000000021e-08
6.123184756808630949e-05 1.077673324797382532e-04 1.000000000000000021e-08 1.000000000000000021e-08 3.119654284528120192e-05 1.000000000000000021e-08 1.000000000000000021e-08 1.151142711729562003e-05 1.720098836475342127e-05 2.483459250174363140e-05 2.538233046614385186e-05 2.538130209671506815e-05 2.211983466930410075e-05 2.288084226769647673e-05 2.102372231336017104e-05 4.237782484272291670e-05 9.665784778493976387e-05 3.030502028609966848e-04 3.110443041220705839e-04 2.541953468474357296e-04 2.809628325481159489e-04 5.594827707748613972e-04 8.307172914515482205e-05 5.259337690573111549e-05 1.668502950253330041e-05 2.904526372188769855e-05 2.071830439079508479e-05 2.898124076740949786e-05 2.319865643037328154e-05 2.625709174992442313e-05 4.299792897844042610e-05 4.137043526433549148e-05 6.877662076868442862e-05 8.396136106227752025e-05 9.061791899967775192e-05 7.433623786152794707e-05 6.770433640309991678e-05
5.342568018619457009e-05 9.512496673988717760e-05 1.149865631047935067e-04 7.952350942945810800e-05 7.061854825460242319e-05 8.006296277022069115e-05 7.373287100853285483e-05 8.330797769257766131e-05 8.729017806742334117e-05 7.917467393156659707e-05 9.060540592770657277e-05 9.667052896015217677e-05 1.075450213500644178e-04 1.043305133232346800e-04 1.046257821536137087e-04 8.822674549812070622e-05 1.797846394174933170e-04 3.118998300435690645e-04 3.539919375736712130e-04 4.106776578633210815e-04 3.839232593189173494e-04 7.183793414525734651e-04 6.338027773952427304e-04 1.000000000000000021e-08 2.568175717669379790e-05 4.509409378257897121e-05 4.187195647101248536e-05 5.079516013281627898e-05 5.116431710589378957e-05 5.086783557856919887e-05 7.006496783319623436e-05 6.959364087979390484e-05 8.643967570387573612e-05 1.112203547796949705e-04 1.284144581738054080e-04 1.349346814176544454e-04 2.070220087055820563e-04
5.079163267577722820e-05 8.800899101094741893e-05 1.092053470147511717e-04 1.000000000000000021e-08 1.364020872600282058e-05 2.266748503567507790e-05 4.532744252151809478e-05 3.460399730764350605e-05 4.479931906528540506e-05 8.900153480784973631e-05 1.337537345747485138e-04 2.204216784637785353e-04 2.040717633348720960e-04 3.185413378071570148e-04 3.243156763003062176e-04 4.448186463774699223e-04 4.018593426005934730e-04 5.593345624777088139e-04 5.406629261268462413e-04 6.823331549197783142e-04 5.513464006383045173e-04 4.098363457869249292e-04 4.813788453331485574e-04 1.000000000000000021e-08 1.000000000000000021e-08 4.089240967911806377e-05 6.088885692960728095e-05 7.792880363082329469e-05 7.001335915592466830e-05 7.596148212629266511e-05 9.207080670889151877e-05 9.456741833021305805e-05 9.884469728161569780e-05 1.239428255179908155e-05 2.265530081855004452e-05 2.606056628600491605e-05 3.337097438838695955e-05
6.411947530171955960e-05 1.055919609496698796e-04 9.374775373008127383e-05 2.648893139045296392e-05 3.443192586368973480e-05 4.736045549495737221e-05 7.232800975616518458e-05 7.284153326143834621e-05 7.795492473058587748e-04 5.297111653050701804e-04 4.233239864151322192e-04 3.369628241273124581e-04 4.253220176937001339e-04 3.756311572439756754e-04 2.293519123894291454e-05 1.000000000000000021e-08 1.324594712062171660e-05 1.502801806057149311e-04 1.890152412137382861e-05 9.651450480880580476e-05 2.231857057043228716e-04 2.023275969337865832e-04 8.725708026176556354e-04 1.038035136671133427e-04 1.000000000000000021e-08 8.042688748557526930e-05 9.731696219063427141e-05 8.307435026930304832e-05 1.000000000000000021e-08 6.143352040398835463e-05 9.534047399595117767e-05 1.058184450660722489e-04 1.184984402385722436e-04 1.000000000000000021e-08 1.000000000000000021e-08 1.000000000000000021e-08 1.000000000000000021e-08
9.989020470474784333e-05 1.245728315128364358e-04 2.328357257001043414e-05 2.508420699681228159e-05 3.331097064595333408e-05 2.433444293067275844e-05 1.736953168438606606e-04 1.626828416798717261e-04 1.750428791666906291e-04 1.000000000000000021e-08 1.000000000000000021e-08 1.000000000000000021e-08 1.000000000000000021e-08 1.844019155655502462e-05 1.849095106651040153e-05 2.068493594331183644e-05 5.523290511373933821e-05 7.066561068963186790e-05 6.695825717449948818e-05 7.290294734239727834e-05 1.986406770644992491e-05 4.013725307529024487e-04 9.361190018951602576e-04 6.967764647845467582e-04 5.297686692221671712e-04 5.028445991953582736e-04 5.723384943575464704e-04 1.325088216187143473e-04 1.000000000000000021e-08 6.000056118407462794e-05 1.037337319870354697e-04 1.284212541568226316e-04 1.000000000000000021e-08 6.678429735438342870e-05 1.000000000000000021e-08 1.000000000000000021e-08 1.000000000000000021e-08
4.894846496468016091e-05 9.584449948222211564e-05 1.939750361561544851e-05 1.416346762678791861e-05 1.590575362993334525e-05 9.801856681933107760e-05 1.000000000000000021e-08 1.000000000000000021e-08 1.000000000000000021e-08 1.000000000000000021e-08 1.000000000000000021e-08 1.000000000000000021e-08 1.000000000000000021e-08 3.482082729437695391e-05 5.060451087265555883e-05 6.529327372304523337e-05 1.000000000000000021e-08 1.000000000000000021e-08 1.000000000000000021e-08 1.000000000000000021e-08 1.000000000000000021e-08 1.000000000000000021e-08 2.080630456429519051e-04 6.908163565855471354e-04 8.160371107650125390e-04 6.768414201887295884e-04 1.046588544875528312e-04 7.165602509217443847e-05 6.353737386955082215e-05 1.000000000000000021e-08 1.000000000000000021e-08 1.154571997384494054e-05 1.033496897909838665e-05 7.771789570812702799e-05 6.728482807672713092e-05 1.000000000000000021e-08 1.000000000000000021e-08
4.530707267828061488e-05 9.105338796037335100e-05 2.565582657925996948e-03 2.217202003227632990e-04 1.592066215997494088e-04 1.000000000000000021e-08 1.000000000000000021e-08 1.000000000000000021e-08 1.000000000000000021e-08 1.287125923812761023e-05 2.678820510469158748e-05 3.040152501358858562e-05 3.864757360869343274e-05 6.968784542317036604e-05 1.099506633427583564e-04 1.156333154696998785e-04 9.074499982782233826e-05 8.076835089461122899e-05 8.345689433483166402e-05 6.634528916260986134e-05 1.256391012355674629e-04 2.755647672879473777e-04 4.954582612569727058e-04 2.570049894241189918e-04 9.900094301621698012e-04 1.797339974502364882e-03 2.888471581916708057e-03 5.396322272903087119e-04 3.945440585292637201e-04 3.147027178991695104e-04 3.897922538606840451e-05 1.090476451387445616e-05 1.000000000000000021e-08 1.000000000000000021e-08 1.000000000000000021e-08 1.000000000000000021e-08 1.000000000000000021e-08
3.887671881788239906e-05 6.500130300210010511e-05 1.013876738451883444e-04 1.148822295144860998e-04 1.000000000000000021e-08 1.000000000000000021e-08 1.000000000000000021e-08 1.049807386912624294e-05 1.455500635327162827e-05 1.788744978017082769e-05 1.937915366280504694e-05 1.000000000000000021e-08 1.456520865024375379e-05 2.123289769893255992e-05 2.574738638371934401e-05 9.338542802679358876e-05 1.332890617646095984e-04 1.276862904534254817e-04 1.219074017055008776e-04 1.394641162345336405e-04 2.001914186836803715e-04 1.772390534358430595e-04 3.549775860627377004e-04 3.978628811650705092e-04 3.653577333262041419e-04 1.914031651261148157e-03 3.964375993411357532e-03 2.558101402503392286e-03 5.698171098400680104e-03 4.182743910314014324e-03 2.799358675095247120e-03 4.732306338496668121e-04 5.683085984287333326e-04 2.027706297052646352e-05 3.268587118410586258e-05 5.875812092212009084e-05 1.000000000000000021e-08
3.222166627350827749e-05 4.984704085008185426e-05 6.735511552900867683e-05 9.640438788123591326e-05 1.052571507689756448e-04 1.000000000000000021e-08 1.000000000000000021e-08 1.000000000000000021e-08 1.000000000000000021e-08 1.000000000000000021e-08 1.000000000000000021e-08 1.000000000000000021e-08 1.160597461792883184e-05 1.422163950245315909e-05 1.762819351768730555e-05 1.000000000000000021e-08 1.000000000000000021e-08 1.000000000000000021e-08 9.006686275615132572e-05 1.430814815756521394e-04 3.877583019947402872e-04 5.654232909377519822e-04 4.478322647294032252e-04 3.463778041009846166e-04 2.535239561568781321e-05 1.882101466271448830e-05 1.644773695273200702e-04 1.634079838443680850e-05 1.141084946681782336e-03 3.642808488802780353e-03 4.171737922916968558e-03 3.303603493818623588e-03 7.537205239443389108e-04 1.022059881802454048e-03 8.506916047499133587e-05 1.000000000000000021e-08 1.000000000000000021e-08
