output/water_depth_3720.asc
ncols 223
nrows 158
xllcorner 0.0
yllcorner 0.0
cellsize 30.0
[rows 85 to 101 of 158, columns 185 to 221 of 223]
1.188714891250246839e-04 1.413156901540242193e-04 1.434711621226195444e-05 1.290180099263640050e-05 1.719865215849741551e-05 1.464318142192950356e-05 1.311693733105291811e-03 3.134988772376607336e-01 3.104628090261123963e-01 3.140470434545372114e-01 1.141684815147984457e-02 4.899532272380057590e-03 1.000000000000000021e-08 1.000000000000000021e-08 1.338600973372284424e-04 8.649819579820407721e-05 3.361759326159652616e-05 1.000000000000000021e-08 1.000000000000000021e-08 1.000000000000000021e-08 1.000000000000000021e-08 8.962143980358541089e-05 9.340892585155454581e-05 9.514468725248724187e-05 1.115481902902924446e-04 1.327848357018187762e-04 1.445660395246570911e-04 1.690983166777096217e-04 1.081767936493994439e-04 5.422983523401808258e-05 1.000000100000000021e-05 1.000000100000000021e-05 1.000000100000000021e-05 1.000000100000000021e-05 1.000000100000000021e-05 1.000000100000000021e-05 1.000000100000000021e-05
1.225690702927047335e-04 1.753102742769212165e-04 1.734555431666824068e-05 2.144750614508398820e-05 1.914817254841785898e-05 2.554362953927823021e-05 3.666940190744598084e-05 2.720389954499387586e-01 2.708780786810413566e-01 3.250110257351470494e-03 3.678269163867300441e-03 1.222834290161656321e-03 9.131058318308764169e-05 1.046584922043554660e-04 8.625882903385519629e-05 8.020351966257385464e-05 7.821634708972714247e-05 1.000000000000000021e-08 5.959494488373230441e-05 6.805881295923651422e-05 3.025656895770488311e-05 2.767513036078558025e-05 3.843275438334740304e-05 5.435425686389606741e-05 5.533518874757239266e-05 4.698225434033530382e-05 4.348296655485814501e-05 3.979647358922719103e-05 3.193452684754984240e-05 2.393266641628237086e-05 1.578472856012737860e-05 1.000000100000000021e-05 1.000000100000000021e-05 1.000000100000000021e-05 1.000000100000000021e-05 1.000000100000000021e-05 1.000000100000000021e-05
1.256817666651273435e-04 1.045688143846288445e-05 1.411229719921965774e-05 1.242663855576842485e-05 1.678577296423144249e-05 1.516762110497856928e-05 1.000000000000000021e-08 2.088294771520790294e-01 2.082676503030714832e-01 8.315502055469974649e-05 1.030620828993060147e-04 1.405096372596885738e-04 1.000000000000000021e-08 1.000000000000000021e-08 1.000000000000000021e-08 1.000000000000000021e-08 2.112482919394723872e-04 7.493726054698729628e-05 2.133227529584732829e-05 1.000000000000000021e-08 7.822658568738723997e-05 7.495016080670885623e-05 7.392341323794290506e-05 6.547143359539215896e-05 4.224867963869978314e-05 1.437422048723767304e-05 1.000000000000000021e-08 1.635732185789346904e-05 1.643836764230629152e-05 1.639846671690679171e-05 2.087095281013761434e-05 1.000000100000000021e-05 1.000000100000000021e-05 1.000000100000000021e-05 1.000000100000000021e-05 1.000000100000000021e-05 1.000000100000000021e-05
2.144610367579431439e-04 2.001538660410971053e-04 2.613060475478822930e-04 2.159185160223398773e-04 7.917207799164198466e-04 8.661936678087736314e-05 8.580059180104545008e-05 3.112163296958103120e-01 1.038950608022999739e-01 1.653093420186054255e-04 1.525495666677169338e-04 1.000000000000000021e-08 1.000000000000000021e-08 5.288576991006533392e-05 4.154298502318267257e-05 8.068466053110789904e-04 6.684660894046894931e-03 3.401586851365604055e-04 2.152878263450620121e-05 1.796715248659342992e-05 1.864744533686280166e-04 1.770058582412670526e-04 1.664746924029476729e-04 8.959460596395362603e-05 7.200578731541014518e-05 6.640067423516309031e-05 5.855852645836576344e-05 4.990320289299269646e-05 3.808228080524499512e-05 2.861371864311942076e-05 2.358013887977337822e-05 1.000000100000000021e-05 1.000000100000000021e-05 1.000000100000000021e-05 1.000000100000000021e-05 1.000000100000000021e-05 1.000000100000000021e-05
4.555596588379125234e-04 6.844574164132671184e-04 5.710221013971487295e-04 7.299446980739315079e-04 6.726953529167507915e-04 1.932325840980223105e-03 1.607394411561321318e-03 2.279414006368615242e-01 1.852764566142075797e-01 1.030828864265388115e-03 5.764457751231318456e-05 5.857483721187407182e-05 4.760687095134061400e-05 4.482799732243824669e-05 5.304519939830596321e-04 7.205475915575419764e-04 1.000000000000000021e-08 1.623679866333637258e-04 2.113048818726527038e-05 2.539132988292983897e-05 2.159503615696707466e-05 1.529522963344281689e-04 1.194522121346685629e-04 1.507007388083112182e-04 1.620162262535155314e-04 1.722129225570636041e-04 2.192126732376173078e-04 2.291782225492943349e-04 1.610200037701260570e-04 1.005583166102558707e-04 5.061793299419291720e-05 1.000000100000000021e-05 1.000000100000000021e-05 1.000000100000000021e-05 1.000000100000000021e-05 1.000000100000000021e-05 1.000000100000000021e-05
5.808374936913829768e-04 5.031037017764790212e-04 7.738813306924141253e-04 1.436395954252975065e-03 1.482072211034999015e-03 1.811932761050161949e-03 3.821901914118535151e-04 2.263907600739724080e-01 2.261025149382484833e-01 2.333079572484189125e-04 7.382333882327413968e-05 5.336818905422126063e-05 6.316294214927747441e-05 3.609823286838789497e-05 7.163903937610663320e-05 3.978836312505223656e-04 1.000000000000000021e-08 1.000000000000000021e-08 1.000000000000000021e-08 1.000000000000000021e-08 1.000000000000000021e-08 1.087803417392242995e-05 2.044208936583338955e-05 1.000000000000000021e-08 1.559856951626912777e-05 1.895557190499432281e-04 1.105619566905540313e-05 1.000000000000000021e-08 1.000000000000000021e-08 1.000000000000000021e-08 1.000000100000000021e-05 1.000000100000000021e-05 1.000000100000000021e-05 1.000000100000000021e-05 1.000000100000000021e-05 1.000000100000000021e-05 1.000000100000000021e-05
7.021060455124517204e-05 8.951818662060074682e-05 1.775097463639628862e-04 2.458485427383552972e-04 2.080962344753351304e-03 1.079547290439462123e-03 4.818135076736588737e-03 3.823884407935394525e-01 1.175046463594251467e-01 3.650142097378558117e-04 5.561704839547022095e-05 6.784009518510663737e-05 5.114360911017781130e-05 6.006360721052978613e-05 3.457653862879199528e-05 3.991596283999661549e-05 1.460706049172232621e-05 1.702944006341442201e-05 1.984328628978754069e-05 6.290367087058380737e-05 4.773877493927783703e-05 5.618022426602165454e-05 2.914924461607790713e-05 2.981918322414714488e-05 1.314814178079387389e-05 1.000000000000000021e-08 1.000000000000000021e-08 1.000000000000000021e-08 1.000000000000000021e-08 1.118146476003966282e-05 1.000000100000000021e-05 1.000000100000000021e-05 1.000000100000000021e-05 1.000000100000000021e-05 1.000000100000000021e-05 1.000000100000000021e-05 1.000000100000000021e-05
7.995167887720242656e-05 5.552803906527373548e-05 5.795143348161040358e-05 2.603484008967083083e-05 4.665950837207513745e-05 7.594431072878656029e-04 5.893011263361637268e-04 3.200131043885582893e-01 3.935331170560713021e-02 3.862796882963984662e-05 4.822762543207267249e-05 3.411103057013169812e-05 3.818656565879582150e-05 4.346823487980282713e-05 7.986330721726335197e-05 1.237573395026338454e-05 1.000000000000000021e-08 1.089932389049874828e-05 1.766875177854481278e-05 3.425246985143268674e-05 3.195366905694755705e-05 2.581367521325269242e-05 1.256779401933054252e-05 1.108203707829688926e-05 1.133089554378114039e-05 1.000000000000000021e-08 1.000000000000000021e-08 1.000000000000000021e-08 1.000000000000000021e-08 1.757365563411023772e-05 1.000000100000000021e-05 1.000000100000000021e-05 1.000000100000000021e-05 1.000000100000000021e-05 1.000000100000000021e-05 1.000000100000000021e-05 1.000000100000000021e-05
3.517554399912705727e-05 7.988892863025894389e-05 4.544543606292845826e-05 6.268758095697578206e-05 5.946199122408561851e-05 6.283078966086234061e-05 7.589249006552335666e-05 1.841054642915338491e-01 2.931459295700609147e-01 1.719675760941400972e-03 1.060755135945314092e-04 1.277669575033246437e-04 9.710439387077656728e-05 7.498157957628361894e-05 1.000000000000000021e-08 1.000000000000000021e-08 1.000000000000000021e-08 1.000000000000000021e-08 1.000000000000000021e-08 1.000000000000000021e-08 1.000000000000000021e-08 1.000000000000000021e-08 1.000000000000000021e-08 1.000000000000000021e-08 2.653974781076430216e-05 1.744710252669902861e-05 1.000000000000000021e-08 1.000000000000000021e-08 3.238482379221230230e-05 2.228026493679929906e-05 1.000000100000000021e-05 1.000000100000000021e-05 1.000000100000000021e-05 1.000000100000000021e-05 1.000000100000000021e-05 1.000000100000000021e-05 1.000000100000000021e-05
4.527663754210625182e-04 4.355307066048322621e-04 6.766062340168749493e-04 5.780194183097643601e-04 1.665061834822621420e-03 1.451123662758819523e-03 1.277987652986256606e-03 2.146179903099367237e-01 2.161837788014344119e-01 1.318327468886534848e-03 2.187984198455554177e-05 1.072059625081802891e-05 8.732953711805008657e-05 1.000000000000000021e-08 1.000000000000000021e-08 1.695973750638243613e-05 6.606299540948285941e-05 1.000000000000000021e-08 1.000000000000000021e-08 1.000000000000000021e-08 1.000000000000000021e-08 1.133331196825946290e-05 1.000000000000000021e-08 1.000000000000000021e-08 1.000000000000000021e-08 1.000000000000000021e-08 1.000000000000000021e-08 1.000000000000000021e-08 1.000000000000000021e-08 2.860357158610344060e-05 1.000000100000000021e-05 1.000000100000000021e-05 1.000000100000000021e-05 1.000000100000000021e-05 1.000000100000000021e-05 1.000000100000000021e-05 1.000000100000000021e-05
1.864333322249009080e-03 2.589119726028861999e-03 1.820071733510025434e-03 3.703567036599649583e-03 3.097772022011018381e-03 2.648710591660578036e-03 2.094804324705887635e-03 8.804273530221248811e-02 3.124899259022696496e-01 6.710756016604231241e-04 2.639590864105112586e-04 3.297037036431154917e-04 3.871222817371208812e-04 1.273676285889052673e-05 1.000000000000000021e-08 3.269081936490492510e-05 1.056497847231658736e-04 1.609633663546159929e-04 1.096761693233832343e-05 1.000000000000000021e-08 1.000000000000000021e-08 1.000000000000000021e-08 1.000000000000000021e-08 1.000000000000000021e-08 1.000000000000000021e-08 1.000000000000000021e-08 1.000000000000000021e-08 1.000000000000000021e-08 2.804891051150465946e-05 2.982099602643981868e-05 1.000000100000000021e-05 1.000000100000000021e-05 1.000000100000000021e-05 1.000000100000000021e-05 1.000000100000000021e-05 1.000000100000000021e-05 1.000000100000000021e-05
2.250742078789403191e-04 4.413335939686411692e-04 1.675807246021590331e-03 2.570274613005698282e-03 3.082585274160224570e-03 2.821959343555911770e-03 2.644056129686641297e-03 1.744689815637465724e-01 2.231865020026145563e-01 1.679872903338492502e-04 7.826987813012883889e-05 4.215286769215507751e-05 2.552342173839855711e-05 4.763855466572700288e-04 3.645147405630670061e-04 3.539859353440869797e-04 1.501639867851439726e-04 2.028964098802888522e-04 7.056615420904104616e-05 5.331360007346788103e-05 3.889004061413416205e-05 2.601715679653418312e-05 1.747130725599736740e-05 1.000000000000000021e-08 1.000000000000000021e-08 1.000000000000000021e-08 1.000000000000000021e-08 1.000000000000000021e-08 5.299478992114654065e-05 2.948056029744109213e-05 1.000000100000000021e-05 1.000000100000000021e-05 1.000000100000000021e-05 1.000000100000000021e-05 1.000000100000000021e-05 1.000000100000000021e-05 1.000000100000000021e-05
1.505914353608832443e-04 6.170690695679770406e-05 1.133099160992257545e-03 3.342498122826802719e-03 3.414654485940743847e-03 3.290427310318915378e-03 8.691565890915782175e-03 3.110384915607013467e-01 1.384895167259434234e-01 1.824425181206944593e-04 1.318608000226205261e-04 1.554556783925159719e-04 2.365121971523138173e-04 2.391665560494719497e-04 1.218672784619822961e-03 8.139732622909508480e-04 2.338077367037369339e-04 2.297290895477643814e-04 1.595737698859325240e-04 6.450834815316405335e-05 4.420514637680285103e-05 3.113634840829041265e-05 2.012735140698282323e-05 1.168178860561538190e-05 1.000000000000000021e-08 1.000000000000000021e-08 1.254436034465676293e-05 1.000000000000000021e-08 1.000000000000000021e-08 2.957881043545335266e-05 1.000000100000000021e-05 1.000000100000000021e-05 1.000000100000000021e-05 1.000000100000000021e-05 1.000000100000000021e-05 1.000000100000000021e-05 1.000000100000000021e-05
4.916502951418982636e-05 6.934538256672141947e-05 3.069859647565630653e-04 4.981316922121014051e-04 3.742066742038553488e-03 1.631656075255462010e-03 1.524501079565744556e-03 3.699534297442482744e-01 6.291252782268884347e-02 1.023011742840826063e-03 1.807669149645457351e-04 1.321441119532327092e-04 6.572424276645899056e-05 2.833020960108910768e-05 1.787536474072104432e-04 1.882452600860097199e-04 2.525313636679227735e-04 2.470523244124103930e-04 1.000000000000000021e-08 1.000000000000000021e-08 1.000000000000000021e-08 1.000000000000000021e-08 1.000000000000000021e-08 1.000000000000000021e-08 1.000000000000000021e-08 9.448757119729281188e-05 5.681596277217443411e-05 1.000000000000000021e-08 1.000000000000000021e-08 3.484122993273422339e-05 1.000000100000000021e-05 1.000000100000000021e-05 1.000000100000000021e-05 1.000000100000000021e-05 1.000000100000000021e-05 1.000000100000000021e-05 1.000000100000000021e-05
6.925769080137438700e-05 6.388945455348566944e-05 1.190591058047012630e-04 1.068444169768636640e-04 2.620203267636781429e-04 1.280301190175685061e-03 1.875639173698597506e-01 1.894482157310639348e-01 1.282099554543495411e-02 3.295125823802337855e-04 4.187304481498712005e-05 2.191683861832532425e-05 3.001182563160996811e-04 5.465615890748563995e-05 2.236109566717177377e-04 2.242261295091471174e-04 1.833982795748664396e-04 1.000000000000000021e-08 1.000000000000000021e-08 2.347986758559842530e-05 1.328332290335033041e-05 1.000000000000000021e-08 1.000000000000000021e-08 1.000000000000000021e-08 2.712429347495317074e-05 1.558592689995519693e-05 1.324317860075564993e-05 1.000000000000000021e-08 1.000000000000000021e-08 3.977911449550733354e-05 1.000000100000000021e-05 1.000000100000000021e-05 1.000000100000000021e-05 1.000000100000000021e-05 1.000000100000000021e-05 1.000000100000000021e-05 1.000000100000000021e-05
1.000000000000000021e-08 1.000000000000000021e-08 3.380756515669852935e-05 4.826103743154685295e-05 2.767421443712579101e-05 1.525626092738151989e-03 2.068022939752661160e-01 2.019015427753538816e-01 1.053150733092026413e-02 3.613389617028607949e-05 3.585980433746788600e-04 6.640623071165126809e-05 2.773186390816299320e-04 1.000000000000000021e-08 2.445566584127553547e-04 6.270458744344619166e-04 2.026086667399824338e-04 7.372627512649093076e-05 3.800148381130009543e-05 2.391931334159050717e-05 1.000000000000000021e-08 4.431229952175756714e-05 3.869774705435800302e-05 3.245277401654352001e-05 2.666331235974407334e-05 1.000000000000000021e-08 1.000000000000000021e-08 1.000000000000000021e-08 1.000000000000000021e-08 4.392575602368831156e-05 1.000000100000000021e-05 1.000000100000000021e-05 1.000000100000000021e-05 1.000000100000000021e-05 1.000000100000000021e-05 1.000000100000000021e-05 1.000000100000000021e-05
1.000000000000000021e-08 1.309864227159692356e-05 1.278852729736199717e-04 1.000000000000000021e-08 1.000000000000000021e-08 4.401848929783539529e-04 8.644942265236728318e-02 4.312320413586490098e-01 1.580463154950752236e-02 5.112976872483328484e-05 3.825345055248192104e-05 5.591504431122094800e-05 4.093919911763730442e-05 1.924975164460265657e-05 3.469768637913768928e-04 4.200556194945631399e-04 1.972647939074465386e-04 1.000000000000000021e-08 1.000000000000000021e-08 2.064320324441058853e-05 1.000000000000000021e-08 1.000000000000000021e-08 7.670597810081617915e-05 5.202446336647569794e-05 1.000000000000000021e-08 1.646189950830525395e-05 1.000000000000000021e-08 1.000000000000000021e-08 1.000000000000000021e-08 3.633199653744708692e-05 1.000000100000000021e-05 1.000000100000000021e-05 1.000000100000000021e-05 1.000000100000000021e-05 1.000000100000000021e-05 1.000000100000000021e-05 1.000000100000000021e-05
