output/water_depth_3240.asc
ncols 223
nrows 158
xllcorner 0.0
yllcorner 0.0
cellsize 30.0
[rows 17 to 33 of 158, columns 74 to 110 of 223]
1.000000100000000021e-05 1.000000100000000021e-05 1.000000100000000021e-05 1.000000100000000021e-05 1.000000100000000021e-05 1.000000100000000021e-05 1.000000100000000021e-05 1.000000100000000021e-05 1.000000100000000021e-05 1.000000100000000021e-05 1.000000100000000021e-05 1.000000100000000021e-05 1.000000100000000021e-05 1.000000100000000021e-05 1.000000100000000021e-05 1.000000100000000021e-05 1.000000100000000021e-05 1.000000100000000021e-05 1.000000100000000021e-05 1.000000100000000021e-05 1.000000100000000021e-05 1.000000100000000021e-05 1.000000100000000021e-05 1.000000100000000021e-05 1.000000100000000021e-05 1.000000100000000021e-05 1.000000100000000021e-05 1.000000100000000021e-05 2.358643520411485623e-05 3.576635901378769550e-05 4.216018972704386580e-05 5.035473864412616898e-05 6.982467398221778808e-05 7.493358580249167493e-05 7.239737913091285357e-05 7.570481550013809994e-05 7.596759258062657635e-05
1.000000100000000021e-05 1.000000100000000021e-05 1.000000100000000021e-05 1.000000100000000021e-05 1.000000100000000021e-05 1.000000100000000021e-05 1.000000100000000021e-05 1.000000100000000021e-05 1.000000100000000021e-05 1.000000100000000021e-05 1.000000100000000021e-05 1.000000100000000021e-05 1.000000100000000021e-05 1.000000100000000021e-05 1.000000100000000021e-05 1.000000100000000021e-05 1.000000100000000021e-05 1.000000100000000021e-05 1.000000100000000021e-05 1.000000100000000021e-05 1.000000100000000021e-05 1.000000100000000021e-05 1.000000100000000021e-05 1.000000100000000021e-05 1.000000100000000021e-05 1.000000100000000021e-05 1.000000100000000021e-05 2.119980240507533513e-05 2.027817958518037995e-05 3.401830334333677606e-05 5.881132074207858407e-05 7.483247394117520954e-05 5.630263709776494241e-05 6.679060584935068436e-05 6.621318868954940236e-05 6.415248155537344962e-05 8.812649706140543914e-05
1.000000100000000021e-05 1.000000100000000021e-05 1.000000100000000021e-05 1.000000100000000021e-05 1.000000100000000021e-05 1.000000100000000021e-05 1.000000100000000021e-05 1.000000100000000021e-05 1.000000100000000021e-05 1.000000100000000021e-05 1.000000100000000021e-05 1.000000100000000021e-05 1.000000100000000021e-05 1.000000100000000021e-05 1.000000100000000021e-05 1.000000100000000021e-05 1.000000100000000021e-05 1.000000100000000021e-05 1.000000100000000021e-05 1.000000100000000021e-05 1.000000100000000021e-05 1.000000100000000021e-05 1.000000100000000021e-05 1.000000100000000021e-05 1.000000100000000021e-05 8.280970070803991704e-05 8.554737944195077296e-05 8.059210156285716764e-05 8.064778910848926109e-05 8.635174942115395914e-05 1.026691877029790168e-04 1.165378194010761783e-04 1.307517012598515883e-04 1.301738344052279922e-04 1.218178769632301863e-04 1.134872444214913401e-04 1.370119305348459888e-04
1.000000100000000021e-05 1.000000100000000021e-05 1.000000100000000021e-05 1.000000100000000021e-05 1.000000100000000021e-05 1.000000100000000021e-05 1.000000100000000021e-05 1.000000100000000021e-05 1.000000100000000021e-05 1.000000100000000021e-05 1.000000100000000021e-05 1.000000100000000021e-05 1.000000100000000021e-05 1.000000100000000021e-05 1.000000100000000021e-05 1.000000100000000021e-05 1.000000100000000021e-05 1.000000100000000021e-05 1.000000100000000021e-05 1.000000100000000021e-05 1.000000100000000021e-05 1.000000100000000021e-05 1.000000100000000021e-05 1.007883329766262771e-04 1.894400578870273136e-04 2.821283097272286530e-04 2.437569585016410422e-04 2.242219211710721268e-04 2.067315589838752835e-04 2.119882060753031474e-04 2.730567888827281471e-05 3.874161414780326503e-05 3.758983339672732950e-05 5.568645039522265882e-05 5.431372866245508767e-05 5.751938086012882423e-04 4.562648674309815165e-05
1.000000100000000021e-05 1.000000100000000021e-05 1.000000100000000021e-05 1.000000100000000021e-05 1.000000100000000021e-05 1.000000100000000021e-05 1.000000100000000021e-05 1.000000100000000021e-05 1.000000100000000021e-05 1.000000100000000021e-05 1.000000100000000021e-05 1.000000100000000021e-05 1.000000100000000021e-05 1.000000100000000021e-05 1.000000100000000021e-05 1.000000100000000021e-05 1.000000100000000021e-05 1.000000100000000021e-05 1.000000100000000021e-05 1.000000100000000021e-05 1.000000100000000021e-05 1.000000100000000021e-05 5.970611265298435364e-05 6.225465345925616507e-05 6.736555240092188292e-05 7.839570973997359027e-05 2.092748745108475694e-04 2.533284609749669497e-04 2.734655971341702608e-04 2.703776654953249478e-04 3.714756367499138942e-05 3.185760008391773406e-05 4.288973071618958500e-05 3.745428008040752662e-05 5.143259588815916070e-05 4.924426232990304435e-05 1.143442308997717543e-03
1.000000100000000021e-05 1.000000100000000021e-05 1.000000100000000021e-05 1.000000100000000021e-05 1.000000100000000021e-05 1.000000100000000021e-05 1.000000100000000021e-05 1.000000100000000021e-05 1.000000100000000021e-05 1.000000100000000021e-05 1.000000100000000021e-05 1.000000100000000021e-05 1.000000100000000021e-05 1.000000100000000021e-05 1.000000100000000021e-05 1.000000100000000021e-05 1.000000100000000021e-05 1.000000100000000021e-05 1.000000100000000021e-05 1.000000100000000021e-05 2.081764942154859188e-05 3.215133654127792280e-05 2.687874268111068091e-05 1.000000000000000021e-08 1.000000000000000021e-08 1.000000000000000021e-08 1.405139149263886535e-04 2.596299342570963179e-04 3.072115188358755179e-04 3.361358135126601694e-04 2.010851695004183635e-05 2.755578410972790829e-05 3.834866857326941461e-04 3.742132630395439527e-04 5.492824936452726662e-04 7.449609577842157852e-04 6.089867149002668604e-04
1.000000100000000021e-05 1.000000100000000021e-05 1.000000100000000021e-05 1.000000100000000021e-05 1.000000100000000021e-05 1.000000100000000021e-05 1.000000100000000021e-05 1.000000100000000021e-05 1.000000100000000021e-05 1.000000100000000021e-05 1.000000100000000021e-05 1.000000100000000021e-05 1.000000100000000021e-05 1.000000100000000021e-05 1.000000100000000021e-05 1.000000100000000021e-05 1.000000100000000021e-05 5.422804513583532590e-05 1.374406008844057485e-04 1.146273175237673555e-04 1.080600752324824401e-04 1.186001852388211722e-04 1.238765963266669516e-04 8.241685557529823583e-05 1.000000000000000021e-08 1.000000000000000021e-08 1.287062901937396681e-04 1.014945291259522557e-04 2.270676505469469730e-04 2.394779258515194586e-04 3.566368748367641393e-04 3.267766928872669610e-04 4.946204656749809752e-04 4.929435036142678283e-04 6.987122491917220407e-04 6.644769648444963980e-04 9.480716356425996283e-04
1.000000100000000021e-05 1.000000100000000021e-05 1.000000100000000021e-05 1.000000100000000021e-05 1.000000100000000021e-05 1.000000100000000021e-05 1.000000100000000021e-05 1.000000100000000021e-05 1.000000100000000021e-05 1.000000100000000021e-05 1.000000100000000021e-05 1.000000100000000021e-05 1.000000100000000021e-05 1.000000100000000021e-05 1.000000100000000021e-05 1.000000100000000021e-05 1.000000100000000021e-05 1.733322745821411700e-05 3.125949128810160419e-05 2.232819950017881077e-04 3.837019180061739172e-04 5.047847374129630325e-04 8.566936725532872372e-05 1.031220660586901542e-04 8.396725873313341955e-05 1.149739017243614513e-04 1.301032612673321616e-04 8.390940558368275388e-05 3.161829085452428397e-05 5.586871301293409636e-05 4.907973220356918792e-05 6.872514753198592612e-05 2.245718709820951646e-05 4.280020460722466709e-05 4.132912513798361746e-05 6.926669259698118794e-05 7.711085954330599581e-05
1.000000100000000021e-05 1.000000100000000021e-05 1.000000100000000021e-05 1.000000100000000021e-05 1.000000100000000021e-05 7.111719725954237657e-05 7.108570541655370332e-05 1.000000100000000021e-05 1.000000100000000021e-05 1.000000100000000021e-05 1.000000100000000021e-05 1.000000100000000021e-05 1.000000100000000021e-05 1.000000100000000021e-05 1.000000100000000021e-05 5.829125706503412356e-05 6.592509911811808110e-05 1.011911062953052949e-04 1.621275826966955835e-04 1.582526413808354614e-04 1.556209114627220063e-04 2.241543106825526644e-04 3.222434273643150904e-05 3.131934501853165099e-05 4.748442416140713024e-05 4.050846870422577340e-05 2.713346113336136697e-05 2.337856682853662124e-05 1.628298586621114411e-05 1.000000000000000021e-08 1.000000000000000021e-08 2.424552030588322969e-05 1.000000000000000021e-08 1.412937943398475544e-05 2.066044120131525408e-05 1.259587162110193813e-04 1.407675595980943737e-04
1.000000100000000021e-05 1.000000100000000021e-05 1.000000100000000021e-05 1.000000100000000021e-05 1.000000100000000021e-05 1.444082606840707420e-04 2.207522647329166626e-04 1.142940294124058880e-04 9.606706350618940253e-05 1.164441090378452254e-04 5.531028939426161029e-05 1.000000100000000021e-05 1.000000100000000021e-05 1.941804416500052713e-05 2.864381486337195875e-05 3.660570743305191656e-05 6.625149910926064821e-05 6.866938864678108793e-05 4.799083025578854432e-05 1.909074980456146919e-05 1.000000000000000021e-08 1.316871810474349020e-05 3.267520286340547134e-05 5.282429578792221234e-05 5.947289589237834522e-05 7.137270592370418317e-05 7.697524891698278389e-05 7.156037783601460432e-05 5.826510287660875367e-05 7.908511902127136027e-05 1.000000000000000021e-08 1.364428306426868344e-05 1.000000000000000021e-08 2.515242232237689093e-05 2.568875788335836123e-05 7.860402531739371125e-05 1.463118880970318573e-04
1.000000100000000021e-05 1.000000100000000021e-05 1.000000100000000021e-05 1.000000100000000021e-05 1.000000100000000021e-05 9.385435869441645113e-04 4.297842069361656678e-03 3.226426457781660139e-04 1.858970277696317267e-04 6.612867716334208397e-05 1.010574775491820477e-05 1.809922425441020828e-05 3.116254546835875867e-05 5.555291933091304488e-05 7.449577340688470252e-05 8.809378454145970917e-05 1.050069097018755732e-04 1.001291327359310007e-04 1.000000000000000021e-08 1.000000000000000021e-08 1.000000000000000021e-08 1.555737806917544029e-05 1.345204049049058818e-05 2.670464237005390205e-05 3.681693635890490371e-05 4.484673254468191393e-05 5.390318942305092308e-05 8.540969586811261185e-05 1.485855619557763609e-04 1.799557196234156334e-04 1.987130231636800802e-05 1.000000000000000021e-08 1.000000000000000021e-08 5.060263637282179242e-04 8.020838578070830539e-04 1.393094783924114744e-03 1.389584564939671727e-04
1.000000100000000021e-05 1.000000100000000021e-05 1.000000100000000021e-05 1.000000100000000021e-05 1.000000100000000021e-05 9.238164346357789769e-03 8.766597879217500992e-04 6.507240302782109408e-05 5.316352501511699213e-05 2.610934403584044876e-05 3.036729087159853826e-05 2.563914116936236284e-05 5.592076282452584972e-05 7.620276090974165476e-05 8.608732218982309732e-05 1.159155109685495126e-04 1.488495883071934856e-04 1.417643541885134589e-04 1.000000000000000021e-08 1.000000000000000021e-08 1.000000000000000021e-08 1.643380634379588563e-05 1.000000000000000021e-08 4.259183988032063842e-05 4.593134258484191481e-05 5.451473339096894662e-05 6.909854847155854306e-05 8.482090938450112397e-05 3.264788070615077392e-04 6.831955965545787870e-04 5.524027074038150107e-04 9.238227545785530762e-05 1.046896589088261692e-04 4.851282361923162827e-04 4.072198270325071536e-04 4.874984860943205032e-04 5.139599713660489332e-04
1.000000100000000021e-05 1.000000100000000021e-05 1.000000100000000021e-05 1.000000100000000021e-05 1.000000100000000021e-05 1.851884142588069646e-03 2.936629298034862477e-04 7.268968763783680291e-05 2.623827386732138734e-05 4.396488708645949990e-05 2.250782507543283077e-05 3.748658380791147836e-05 5.229129445752467927e-05 7.749440006658759228e-05 8.869777253787016326e-05 1.000000000000000021e-08 1.000000000000000021e-08 1.237987755109530585e-05 1.000000000000000021e-08 1.000000000000000021e-08 1.000000000000000021e-08 2.318641535291713450e-05 3.523217394631282252e-05 2.745662880071238194e-05 1.000000000000000021e-08 1.375511719270674431e-05 1.691360983829455703e-05 2.859499440041504936e-05 7.691743166035440189e-05 1.372878153489142956e-04 2.801168513081440343e-05 4.341251135622215381e-05 3.037915014084294576e-04 3.952202594109873476e-05 4.779062698864335154e-05 2.228092517553324292e-04 3.284891648478309749e-04
1.000000100000000021e-05 1.000000100000000021e-05 1.000000100000000021e-05 2.637589899260691341e-05 2.584393615425094283e-04 1.932949247287635026e-03 5.636715137233994636e-05 4.679214300930292195e-05 4.865173480338500753e-05 4.912465650515958105e-05 2.934494013078066762e-05 4.581347969354832098e-05 7.612833267794908592e-05 1.016953540802222901e-04 1.000000000000000021e-08 1.000000000000000021e-08 1.000000000000000021e-08 1.000000000000000021e-08 1.000000000000000021e-08 4.350399382263460000e-05 5.467800998501220734e-05 1.000000000000000021e-08 1.000000000000000021e-08 4.489252208293888891e-05 4.225087581986811672e-05 1.000000000000000021e-08 1.000000000000000021e-08 1.000000000000000021e-08 1.000000000000000021e-08 1.000000000000000021e-08 1.848698712362246182e-05 1.673721371417777478e-04 2.175846342546668965e-05 1.000000000000000021e-08 1.000000000000000021e-08 1.853472406997773425e-04 1.676399825024452856e-04
1.000000100000000021e-05 1.000000100000000021e-05 1.863951822115427089e-05 4.676308880469374796e-05 4.792427122861211476e-04 2.066492118900220033e-03 6.962834958265129730e-05 4.829002139898656642e-05 1.000000000000000021e-08 1.000000000000000021e-08 3.758052779450186557e-05 6.742087106143462632e-05 9.177531571732785900e-05 1.132002838306754073e-04 1.000000000000000021e-08 1.000000000000000021e-08 1.000000000000000021e-08 1.000000000000000021e-08 1.000000000000000021e-08 3.850334551169484390e-05 5.595200618678838184e-05 1.000000000000000021e-08 1.000000000000000021e-08 1.000000000000000021e-08 1.000000000000000021e-08 1.000000000000000021e-08 1.000000000000000021e-08 1.000000000000000021e-08 2.906893651686410273e-05 1.000000000000000021e-08 1.000000000000000021e-08 1.000000000000000021e-08 2.977440725571553666e-05 1.000000000000000021e-08 1.000000000000000021e-08 1.367460487167733741e-05 3.562007779119700135e-05
2.886884094759953250e-05 4.158931024013766143e-05 1.000000000000000021e-08 1.000000000000000021e-08 1.689543450324032569e-03 2.916714830254162668e-03 9.310855392463980302e-05 5.573808337455235279e-05 1.000000000000000021e-08 1.000000000000000021e-08 1.000000000000000021e-08 6.721462149233422374e-05 1.000000000000000021e-08 1.000000000000000021e-08 6.676590127300958120e-05 3.992211550231823523e-05 1.000000000000000021e-08 1.000000000000000021e-08 1.000000000000000021e-08 2.853954034331149256e-05 6.213444039534841534e-05 1.000000000000000021e-08 1.465038758103787180e-05 1.603397099631151030e-05 1.000000000000000021e-08 1.000000000000000021e-08 1.000000000000000021e-08 1.000000000000000021e-08 1.000000000000000021e-08 1.850355061329685504e-05 8.574294078598102627e-05 1.000000000000000021e-08 3.029943500942588669e-05 1.000000000000000021e-08 1.000000000000000021e-08 1.000000000000000021e-08 3.408689426358517838e-05
3.799895249273699087e-03 4.470712550874910741e-03 3.220747050261960325e-03 2.358835817190557509e-03 1.300884739338693330e-03 2.264556573091336573e-03 2.334571989310587140e-03 3.010342192293907087e-04 2.220807241047615180e-04 1.249343170240988063e-04 1.000000000000000021e-08 7.046418319554892189e-05 1.000000000000000021e-08 1.000000000000000021e-08 1.000000000000000021e-08 1.000000000000000021e-08 1.240760492423972650e-05 1.000000000000000021e-08 1.000000000000000021e-08 3.045561560672852575e-05 7.041971886284903979e-05 5.360056663649127683e-05 3.831650355083399562e-05 1.000000000000000021e-08 1.000000000000000021e-08 1.000000000000000021e-08 1.000000000000000021e-08 1.635827720297349140e-05 1.000000000000000021e-08 1.000000000000000021e-08 1.000000000000000021e-08 1.331680152479520231e-05 4.955085945987395483e-05 1.000000000000000021e-08 2.266151378012591506e-05 1.770849204201115678e-05 1.000000000000000021e-08
