output/water_depth_720.asc
ncols 223
nrows 158
xllcorner 0.0
yllcorner 0.0
cellsize 30.0
[rows 119 to 135 of 158, columns 37 to 73 of 223]
9.914348996002018619e-03 9.914068057090419037e-03 9.914136027813155033e-03 9.914159110152039045e-03 9.914162358048570628e-03 9.926404360461245704e-03 9.919184729672934214e-03 9.907647814664898370e-03 9.907139527270857754e-03 9.911186425446003728e-03 9.913495296617410787e-03 9.914084004989064808e-03 9.914158716249886830e-03 9.914162601884100520e-03 9.914162609523855668e-03 9.914161897935199613e-03 9.914162097478338570e-03 9.914148408400736204e-03 9.914149233676224776e-03 4.485166927236926976e-02 4.032844345641346112e-02 4.083733644004817337e-02 2.056934340692671837e-02 1.784971464006369218e-02 9.694012471603431769e-03 7.999735783263104555e-03 2.862330625487830710e-02 8.810057390687551365e-03 1.394447512775063604e-02 4.427152289097648769e-03 3.769663903749289301e-03 8.842562694154613989e-03 7.752204048378196800e-03 6.207592861103925636e-03 7.067333531116246764e-03 8.302761968783243379e-03 9.258833501856796738e-03
9.910920846353777139e-03 9.913693674419417345e-03 9.914115322256776205e-03 9.914159625289841252e-03 9.914162517846790423e-03 9.915982356354590202e-03 9.914682760730583744e-03 2.223044537290838965e-02 3.833443877950551415e-02 3.252738833219978587e-02 1.830608997682569086e-02 2.517057726434718604e-02 3.870386541724067653e-02 4.443349995975361122e-02 4.677277708854810784e-02 4.758835667847371997e-02 4.781545155522829577e-02 4.998328383229230093e-02 5.817828220154618035e-02 4.378165926408124353e-02 2.832388435076380225e-03 6.090143130742666812e-03 7.181044683451119626e-03 1.784899833048663245e-02 2.801558138616085623e-03 6.104195244076670093e-03 1.402073227292925488e-02 6.449931358702891068e-03 3.209123972684414100e-02 6.183274240237045423e-03 3.042810881281878595e-03 1.324736189513434949e-02 5.354200326680348503e-03 4.255557461249372987e-03 5.430241996201306057e-03 7.597153018863111312e-03 8.944597249895680849e-03
1.749357986940006798e-02 1.253607291221990952e-02 1.071189604293388761e-02 1.012247082147362670e-02 2.028120674321026717e-02 2.668682006889885883e-02 3.959664242414285412e-02 3.212797883135418142e-02 1.821178646826732139e-02 2.816707565837351171e-02 4.219675284187681535e-02 3.159434539509958090e-02 1.654074042783898468e-02 1.153227074304007463e-02 1.021243410553646092e-02 9.963122341226636827e-03 9.924558781434399818e-03 1.389217041799705420e-02 2.347911033687845317e-02 6.271919001310261726e-03 5.614402716180115320e-03 1.241237538418639083e-02 8.274799302974797377e-03 6.534714542916417179e-03 6.824736036392208341e-03 7.748982961813396034e-03 8.946668271831669655e-03 9.404570810905654374e-03 2.615082676532759151e-02 8.623499866730464924e-03 7.188450055851568037e-03 6.246884156504268169e-03 1.544760937576158261e-02 2.877560311061970379e-03 5.684344215691027567e-03 7.694195146208161057e-03 8.884361675094199634e-03
2.824433691722117237e-02 1.753358436620468253e-02 1.264550033741537044e-02 1.074905810031262163e-02 2.492894747618116733e-02 3.012294697977891539e-02 1.677130660167088991e-02 1.114593723062492353e-02 9.996280714707182075e-03 1.611185231525590414e-02 1.259868746277200725e-02 6.985407531453742026e-03 6.357410944637768152e-03 7.635361490732546844e-03 8.935178691839186851e-03 9.597082816647829057e-03 9.839459311782346521e-03 1.951992949431513580e-02 5.960510533849855408e-03 7.086433346909656004e-03 1.702569632970439562e-02 2.282440196164101098e-02 5.688327396225952189e-03 4.170973958056068201e-03 4.343269244721824698e-03 6.709114569669991264e-03 7.872639964565254778e-03 8.262549697542580229e-03 9.756673463509219282e-03 9.619428835716037351e-03 9.737127515503317052e-03 1.623650456593579705e-02 1.013314943218805546e-02 7.470449355454122399e-03 7.419047557535605152e-03 8.177433936938113476e-03 8.685934255512195792e-03
2.051037930856131411e-02 3.691278904246567821e-02 4.407484539090868181e-02 4.675799146310376936e-02 2.644461018129143359e-02 2.050541002393722889e-02 9.691108916862081410e-03 7.816320769901295359e-03 9.258376906321728189e-03 2.475662535461709696e-02 1.016664298248067672e-02 1.724201336738988332e-03 3.967776996234777948e-03 6.931201202981841086e-03 8.732010651632236137e-03 9.541833750821326551e-03 9.830521734814768112e-03 1.618364481524386944e-02 7.007977231760069772e-03 9.265686049487640089e-03 9.532707862339093868e-03 3.766551269958065551e-02 6.123630558148697965e-03 2.413674576671603466e-03 2.595360390490375826e-03 5.822248021026123037e-03 6.549663818428229541e-03 7.517448991038612645e-03 8.565915745707645274e-03 9.310666050108490702e-03 9.348322370018227051e-03 9.409435785104079686e-03 1.905862119896954351e-02 5.087649236267572858e-03 6.317863661782695435e-03 7.193832305286861593e-03 7.399819568885081592e-03
8.898057877953334180e-03 9.170346960885153789e-03 9.496345857799981874e-03 9.751489154435631287e-03 1.675907313932250772e-02 2.127234598243864933e-02 1.842836238164424854e-03 6.509778364840213515e-03 1.059788140640514735e-02 2.430769833308385128e-02 2.827613433103338871e-03 3.011347155571493343e-03 5.245704996981083099e-03 7.803909621573923774e-03 9.135140684914888620e-03 9.678447834388433091e-03 9.901817323983350821e-03 9.974561779593871941e-03 1.193349504913706477e-02 1.254526630348985414e-02 1.030516714975740836e-02 3.028391269757188184e-02 1.084175517701945271e-02 5.875937751872552413e-03 1.620333608243875031e-03 6.803771030593305791e-03 3.844920080048790448e-03 6.571034386078760010e-03 8.275824158530240351e-03 8.559331191039319664e-03 8.395361944652479994e-03 8.376421468832205910e-03 1.472451898813522710e-02 5.080078582188838829e-03 5.679890157582385447e-03 5.754466826015328801e-03 5.066585966753870719e-03
9.704887795336188117e-03 9.045702728629780726e-03 9.159790656698108338e-03 9.533885181493619368e-03 2.529318055821795988e-02 6.648417594146581976e-03 3.372488911670537982e-03 1.222354199656686645e-02 1.534407354076730221e-02 1.208868273199512067e-02 4.223032252091546250e-03 4.632201346525571112e-03 7.016912540955796800e-03 8.684685601050236639e-03 9.520907634426775332e-03 9.812797562184215686e-03 1.009803915042860843e-02 1.021737870053905477e-02 1.543084919997776000e-02 1.503672422043885772e-02 8.931590681762401410e-03 1.324433949547480609e-02 1.663225388045211361e-02 1.237094734758681022e-02 1.663541319220354728e-03 3.182842051098691213e-03 5.441327982530060059e-03 6.909370360909210251e-03 7.957853577621363042e-03 7.252225771966124002e-03 6.437313993077196060e-03 6.221882954044789110e-03 6.759061819169376664e-03 6.867480567636405353e-03 5.554583443977222264e-03 3.808357650860576867e-03 2.781262945165457242e-03
1.101698338855706602e-02 8.638258666027040164e-03 8.570451736553451674e-03 9.134192351151371181e-03 1.215383168831388715e-02 1.019487180786521514e-02 8.516124425543980178e-03 2.222437239256142352e-02 6.547931662482888750e-03 6.767359311700320637e-03 6.358321783695257239e-03 7.826473190980738626e-03 8.670379716483335095e-03 9.644329792748549193e-03 9.819330760122767926e-03 9.944825787291422178e-03 1.071373421476303628e-02 1.095540201188990176e-02 2.333276979018645073e-02 1.600848590225358373e-02 3.215996315989475083e-03 2.490530195069433177e-03 6.586783844736108888e-03 2.495821051086755463e-02 2.305201653730814919e-03 3.446579566759388515e-03 5.414165972949202404e-03 7.152149575207232546e-03 6.514705762250317528e-03 4.601246863758855915e-03 3.418121843012912175e-03 3.071272657986438663e-03 3.718085324934918695e-03 3.848998615354148455e-03 2.328473004814816689e-03 1.304267825690729778e-03 1.474818543096820690e-03
6.002699727010290739e-03 6.835164131674476354e-03 7.730903805835198823e-03 8.489320320708001674e-03 1.593691872324919101e-02 9.350119446238326290e-03 7.443878557872748991e-03 7.940364981373682074e-03 1.980778040580299243e-02 6.703060228556629620e-03 6.032559510943912018e-03 7.444646329986083673e-03 8.029568807720210977e-03 1.005091696177726375e-02 9.836090542770337813e-03 1.010701883618233578e-02 1.249376891558634343e-02 1.262450125053285813e-02 2.033782373802336951e-02 9.781947627493571898e-03 2.048934155425701474e-03 5.008507687002020960e-03 9.933823000324094529e-03 1.796216742678375181e-02 2.318449031734185362e-03 4.725205515564809278e-03 6.194908146729658643e-03 6.276837538265312919e-03 3.883457709966702497e-03 2.414406323129256009e-03 1.144113409003309290e-03 1.234016042497289647e-03 2.006136231551119802e-03 1.364724323195572620e-03 2.747345586649645090e-03 2.871664472091286537e-03 2.810071550628694473e-03
4.890088569793673949e-03 8.114329968911050336e-03 7.926319591327713604e-03 8.200108156149693225e-03 2.406116837903655298e-02 3.892687541944079167e-03 5.541449817822952095e-03 6.880023698644009700e-03 1.798687501469403704e-02 8.790015145971724272e-03 4.808059683067383849e-03 7.207939987645466291e-03 8.578730301218660814e-03 1.065178791552429116e-02 1.007500640046922122e-02 1.068156297818271400e-02 1.703905657226053791e-02 1.498412336389586333e-02 1.446543585710449199e-02 2.942236058327273984e-03 4.055663445703113455e-03 5.814834605108019742e-03 1.339769025884940228e-02 4.854222242410242971e-03 4.698937857042878759e-03 5.244221498681811422e-03 4.939599437728431006e-03 4.105622374703770359e-03 3.006342236080874857e-03 2.876628500990015529e-03 2.701275936208659585e-03 2.344448423256690825e-03 1.670530367682001313e-03 1.895420596898162715e-03 3.083410247176344033e-03 4.175214562446919776e-03 5.423244400966297299e-03
1.450324871542173211e-02 1.315778554392957669e-02 7.794491264879553800e-03 7.094051579527815149e-03 1.431116594433208197e-02 1.089329819009621052e-02 7.010408074378146961e-03 7.148935568724054321e-03 1.418426425798050006e-02 5.981001171103333437e-03 8.109578088563950543e-03 9.163728587585439830e-03 1.039534119493831094e-02 1.212517811403225274e-02 1.061140917430159793e-02 1.216938456985510938e-02 2.694580573465500672e-02 1.456786088080077278e-02 2.649128425703503858e-03 1.297508136268726723e-03 3.423281067956227691e-03 5.812632562659500457e-03 6.436052021520963229e-03 5.269592171431657091e-03 3.888200891518827154e-03 2.725297917599851794e-03 2.368947870362523959e-03 1.499665972582206030e-03 2.998637504320401589e-03 3.904695706198086681e-03 4.678149582883489241e-03 4.722760624815943234e-03 4.548347779842626566e-03 8.572224435460221517e-03 7.319443884077527461e-03 7.655783108687986768e-03 8.108955196833932122e-03
2.100898550901915060e-02 1.389234702347866973e-02 3.026144350353619089e-03 5.382111038974046399e-03 7.578895325180867032e-03 2.029244741697204535e-02 3.461563943322509048e-03 6.751725371972072155e-03 8.535645822697491419e-03 9.455662175636037059e-03 9.800581691100462498e-03 9.847322043545801012e-03 1.229741700920706712e-02 1.621803791207051398e-02 1.081233549751553502e-02 1.503280607442641741e-02 2.534678197244358278e-02 4.521837813699962350e-03 2.571515479465509308e-03 2.130403631247299555e-03 4.422097850594223362e-03 5.565402530313377956e-03 4.660712190523306347e-03 2.134625746700438264e-03 1.830099169328241061e-03 8.898651802904374106e-04 9.224924991591175938e-04 1.763960158146377034e-03 3.509931286879577374e-03 5.619516879536177144e-03 7.011704339705403244e-03 7.576400813281272684e-03 6.488932909899269852e-03 5.108800334606340178e-03 7.360633438232556253e-03 8.347760305969245676e-03 3.646460651674127140e-02
1.708341113307386416e-02 1.391027151166986976e-02 3.652951581812571846e-03 6.904513741513741178e-03 8.566093504153772867e-03 9.396433087325505376e-03 9.747542803537298864e-03 9.870422320758307291e-03 9.905127058967564888e-03 1.017854925397253252e-02 1.013194301870820081e-02 9.837300008742690810e-03 1.659895960259158074e-02 2.462169293406173132e-02 7.417503245992622743e-03 1.981992078565971219e-02 5.563240267057392371e-03 4.537406495390448186e-03 3.611360426797241303e-03 2.908938081521588760e-03 6.641289974048119812e-03 4.841559428072195366e-03 2.105582614936005702e-03 2.925048996235747080e-03 2.606322044661750752e-03 2.520724928154143181e-03 2.613884686181171257e-03 3.638196903066247441e-03 1.719744059264630143e-02 2.248287691869009161e-02 1.432886442874726877e-02 1.074106120356442193e-02 9.257666445898466920e-03 7.098540836274576035e-03 8.171884477118083676e-03 3.773055212765660110e-02 3.084559617139669835e-02
9.623465976013479556e-03 9.652371729710949519e-03 9.797460661805900903e-03 9.881857019566751832e-03 9.908363440657493026e-03 9.913500046817290065e-03 9.914216704176881736e-03 9.914137475001125188e-03 9.914915176735605157e-03 1.083192155250210786e-02 1.058264227679822644e-02 9.665500760123475060e-03 2.658463087049516005e-02 2.151089277685899054e-02 7.598587554946207440e-03 4.620124290312051067e-03 4.139747214879607208e-03 3.578580087346853750e-03 4.353483225903343780e-03 7.227724254001741989e-03 8.428557704854929347e-03 1.562966421600609987e-02 2.454711773602231972e-02 1.247720813126238296e-02 7.736908225574880629e-03 6.097851260489469891e-03 2.739277417716360491e-02 3.743934109919204445e-02 3.132009021825567924e-02 2.563235993112417815e-02 3.747664393561599139e-02 3.132911780946302793e-02 1.778088967087890909e-02 2.438499540968636775e-02 4.124883770112640347e-02 3.347860677452765832e-02 3.734495632146568600e-02
9.055675553312112283e-03 9.185438942707634807e-03 9.573534812474039299e-03 9.808941013428492534e-03 9.891810528400614075e-03 9.910922526099536292e-03 9.914793875790138197e-03 9.914110899474991301e-03 9.918961610795603775e-03 1.260743756586956039e-02 1.138917748461019952e-02 9.096090333908733380e-03 2.535106405587933889e-02 1.128305656819296801e-02 9.914320142587702833e-03 3.765672028174388893e-03 2.944420577196333374e-03 5.727407330102566273e-03 8.028536948071205923e-03 9.218104782242818665e-03 9.702423510892486253e-03 9.861651182139694743e-03 9.903733664153636235e-03 2.864815477899677540e-02 3.777519421049285037e-02 4.138515606176364214e-02 2.092241020985377911e-02 1.272517813734659956e-02 1.021208886507659654e-02 3.776992857337845531e-03 8.680984867747947378e-03 2.204903431211123130e-02 4.367402777591771618e-02 3.314468264084326210e-02 2.415092939057424462e-02 4.060403803008151569e-02 9.835438542025738695e-03
7.746895425255872353e-03 8.378410174312676470e-03 9.216309389133613139e-03 9.687529819014826724e-03 9.860471257919502588e-03 9.904965867675429719e-03 9.919818765441533459e-03 9.915005707019673015e-03 9.937794495666394876e-03 1.688145035880873890e-02 1.173663380116844041e-02 7.459801411035670189e-03 6.843282292169801384e-03 2.155139737980502415e-02 6.524058980753652016e-03 3.795755965352139855e-03 6.646538584042583839e-03 8.503877732012856544e-03 9.386692948859066271e-03 9.744066812284958926e-03 9.867079417866561619e-03 9.902261059081440137e-03 9.911180795673796284e-03 9.396151856557054607e-03 8.088522518513429141e-03 6.801111087982946758e-03 5.701590956808587525e-03 5.854887705687940834e-03 7.449052557565326652e-03 1.983205797868977174e-02 1.484441790583653983e-02 1.205779714249141134e-02 2.190227594367891162e-02 1.104165836462337250e-02 2.451699965588102423e-02 2.024439057417629084e-02 9.811239423228044002e-03
5.637730550855424294e-03 7.581152430460431045e-03 8.976864387144390528e-03 9.613764324270530903e-03 9.839262462022390493e-03 9.899872792114851675e-03 9.950437442633786739e-03 9.924286279359449681e-03 1.000712622393032554e-02 2.583771026330418386e-02 8.566482025150768884e-03 3.999394678860378367e-03 5.581867207787650706e-03 7.305808493250453943e-03 8.665099644834781817e-03 9.454902730916304315e-03 9.784485491703463420e-03 9.884576866291837696e-03 9.899302415791254306e-03 9.894071333504625768e-03 9.890144716367588532e-03 9.892806648470951064e-03 9.900817554929318767e-03 8.537839458252649560e-03 5.753302421476502206e-03 3.876877023312711064e-03 2.560261846979529354e-03 4.971585299336925626e-03 6.435928577693114314e-03 8.235600614656080412e-03 1.036310982747957327e-02 1.032540046629358554e-02 3.964116160264120892e-02 3.752392149565558516e-03 2.113590751216759198e-02 9.841095850000361120e-03 9.924970393725314477e-03
