output/water_depth_7680.asc
ncols 223
nrows 158
xllcorner 0.0
yllcorner 0.0
cellsize 30.0
[rows 17 to 33 of 158, columns 148 to 184 of 223]
1.000000000000000021e-08 1.000000000000000021e-08 1.000000000000000021e-08 1.067774164625334665e-05 9.006520944655898599e-05 5.027181698740278560e-05 1.000000000000000021e-08 1.176231333600785804e-05 1.302165050349263765e-05 5.406466384223798140e-03 1.000000000000000021e-08 1.000000000000000021e-08 1.100648903534162842e-05 3.978899569802146888e-05 1.000000000000000021e-08 1.000000000000000021e-08 1.000000000000000021e-08 1.000000000000000021e-08 1.000000000000000021e-08 3.243415776992749906e-04 5.194845301966848029e-04 4.925327900566772862e-05 7.365582113989528178e-05 4.483921814476284464e-04 3.431254760605561616e-04 2.282919152581902144e-04 6.840943751759267838e-04 1.042051302467643164e-03 8.280123518108002591e-04 6.167923460640387665e-04 8.757230905578299431e-05 1.291603631323837582e-05 1.441215645229424384e-05 2.807347812575255910e-05 1.000000000000000021e-08 1.000000000000000021e-08 2.033638024719611713e-03
1.000000000000000021e-08 1.000000000000000021e-08 1.000000000000000021e-08 1.000000000000000021e-08 1.000000000000000021e-08 4.805292351392115888e-05 1.000000000000000021e-08 1.000000000000000021e-08 1.000000000000000021e-08 1.000000000000000021e-08 1.000000000000000021e-08 1.000000000000000021e-08 1.000000000000000021e-08 1.713321668255290910e-05 1.000000000000000021e-08 1.111633362795603327e-05 1.327446255359595430e-05 6.349270472387142164e-04 7.093276092251175587e-04 3.965607013371974217e-04 6.659166483567216218e-04 1.020007014297409685e-03 8.773252463423064293e-03 2.120436567764041793e-03 1.827683875883487569e-03 2.374365025830469950e-03 1.405618462086720205e-03 1.446537224861345599e-03 2.063815188661003580e-03 2.988150408981496420e-03 2.068316315793653284e-02 2.138905413621092008e-05 3.397736951641039350e-05 4.388573522311798680e-05 4.949443326529713138e-05 1.000000000000000021e-08 1.150871537815506204e-02
1.000000000000000021e-08 1.000000000000000021e-08 1.000000000000000021e-08 1.000000000000000021e-08 1.087500507971274811e-05 3.042292020691515764e-05 1.000000000000000021e-08 1.000000000000000021e-08 1.000000000000000021e-08 1.000000000000000021e-08 1.000000000000000021e-08 1.000000000000000021e-08 1.000000000000000021e-08 1.209080246517200219e-05 1.695726872930525099e-05 2.797917902011343830e-05 8.479615656365112840e-05 3.549709510763124354e-03 1.740814724096805498e-05 1.000000000000000021e-08 1.000000000000000021e-08 1.000000000000000021e-08 2.812301431189069396e-05 2.465309586155577351e-05 3.314356180328335562e-05 2.984312128011177266e-05 8.483233995404405566e-04 6.551081039372832083e-04 5.361334470754510395e-05 4.266730894219641088e-04 1.555125008014932725e-02 3.965804498549533111e-03 3.427030411674407851e-03 2.439794627337882067e-03 1.796334799743388826e-03 3.031402043479048368e-03 1.634328885447712760e-03
1.000000000000000021e-08 1.000000000000000021e-08 1.000000000000000021e-08 1.000000000000000021e-08 1.000000000000000021e-08 1.608927420031007236e-05 3.101689876981383810e-05 1.000000000000000021e-08 1.000000000000000021e-08 1.000000000000000021e-08 1.000000000000000021e-08 1.000000000000000021e-08 1.000000000000000021e-08 1.562965411901815589e-05 1.000000000000000021e-08 1.000000000000000021e-08 1.000000000000000021e-08 2.308771482234603395e-05 1.591056807078305250e-05 1.000000000000000021e-08 1.000000000000000021e-08 1.000000000000000021e-08 2.419925799567350375e-05 1.000000000000000021e-08 2.180557612702346406e-05 2.259613321183219191e-05 5.119428352944314269e-04 4.526347777489254411e-03 3.916498810273731168e-04 2.093987076146431399e-04 1.121762856771018794e-04 1.000000000000000021e-08 1.000000000000000021e-08 1.422822054155903956e-03 2.552375422410854515e-03 2.960043142352298661e-03 9.385292809941229476e-04
1.000000000000000021e-08 1.000000000000000021e-08 1.000000000000000021e-08 1.000000000000000021e-08 1.000000000000000021e-08 1.490163979309372971e-05 2.225688202802082337e-05 1.000000000000000021e-08 2.141441705394933699e-05 4.817084264507246713e-05 3.538629209887896889e-05 3.162316267707594405e-05 6.566477962270274023e-05 1.695809172341826085e-04 1.016458762379349461e-04 1.000000000000000021e-08 1.000000000000000021e-08 1.025180012661893086e-05 1.103985958171144053e-05 2.632718083407042893e-05 4.203371991309200569e-05 4.635776402344217901e-05 4.240059438584092128e-05 3.841964616908516390e-05 3.495496321990228787e-05 6.014446598458404123e-05 6.078869728696136183e-04 1.131651501645679000e-03 1.052359564060271037e-03 1.152406992412760610e-03 1.229234837996717429e-03 8.240704362849903290e-04 5.806859880362606914e-05 8.209778012081471064e-04 1.097582458099433111e-02 4.667524674195415793e-03 5.300211172331217423e-04
1.000000000000000021e-08 1.000000000000000021e-08 1.000000000000000021e-08 1.000000000000000021e-08 1.000000000000000021e-08 1.174159190940725062e-05 2.092430948782006758e-05 3.019359691385357477e-05 5.931004341104738017e-05 7.028080038306329109e-05 9.783111543558668658e-05 1.367188836821215379e-04 2.867863107387827698e-04 1.564549445732245857e-04 1.000000000000000021e-08 1.000000000000000021e-08 1.000000000000000021e-08 1.000000000000000021e-08 1.000000000000000021e-08 1.000000000000000021e-08 1.000000000000000021e-08 1.000000000000000021e-08 1.000000000000000021e-08 1.000000000000000021e-08 1.000000000000000021e-08 1.000000000000000021e-08 3.237494311540333131e-05 4.069231659628945029e-05 2.183759337214102305e-04 9.969662127366179084e-05 5.317202645885568050e-05 5.277689086747244058e-04 5.489363957699097685e-04 7.997410545013001462e-04 1.718426770784708957e-03 2.082353814455639718e-02 4.029260213435974193e-04
1.000000000000000021e-08 1.000000000000000021e-08 1.000000000000000021e-08 1.000000000000000021e-08 1.000000000000000021e-08 1.176156623520539595e-05 1.908766990958766068e-05 2.259137314200330640e-05 2.470763856167302019e-05 4.261832672446267463e-05 4.191157515913071637e-05 1.498478431167729749e-04 9.547692514770553317e-05 1.000000000000000021e-08 1.846007384769021007e-05 8.466281415744916447e-05 1.000000000000000021e-08 1.000000000000000021e-08 1.000000000000000021e-08 1.000000000000000021e-08 1.000000000000000021e-08 1.747306570309588777e-05 3.547822276916332674e-05 3.621772902917093703e-05 3.825805170011106911e-05 6.528290675066946585e-05 3.591136091367838759e-05 2.427481827483020672e-05 1.750883388569849806e-05 6.555911944762640503e-05 1.000000000000000021e-08 2.778485385842263710e-05 5.214018239754356293e-04 7.397978462788540061e-04 5.827853929134842008e-03 4.966112969033686583e-03 2.432141099606839225e-05
1.000000000000000021e-08 1.000000000000000021e-08 1.000000000000000021e-08 1.000000000000000021e-08 1.372959947652609134e-05 1.814867539015387144e-05 1.553511408808560369e-05 1.248745993963779371e-05 1.291234930240842693e-05 1.667415486417343944e-05 9.275174302795155122e-05 6.687294707362374119e-05 1.000000000000000021e-08 1.197991949063810426e-05 1.385412158109283257e-05 1.081588629150459065e-05 1.303946722134792794e-05 1.372874459447865253e-05 1.700578655664223036e-05 1.000000000000000021e-08 1.441874724601400419e-05 1.000000000000000021e-08 7.002122190653478628e-05 7.033386355119277170e-05 6.865358541477757550e-05 5.269491173215078953e-05 5.099351307659195931e-05 4.786244727631497445e-05 3.952013934856999012e-05 1.000000000000000021e-08 1.000000000000000021e-08 1.000000000000000021e-08 3.690121800902461521e-04 4.931649573955631388e-02 5.941551682141014458e-03 4.415394564250057298e-05 4.670717035061945302e-05
1.000000000000000021e-08 1.000000000000000021e-08 1.000000000000000021e-08 1.000000000000000021e-08 1.000000000000000021e-08 1.000000000000000021e-08 1.000000000000000021e-08 1.000000000000000021e-08 1.000000000000000021e-08 1.000000000000000021e-08 1.000000000000000021e-08 1.082941310572209942e-05 3.015977603275668496e-05 1.000000000000000021e-08 1.000000000000000021e-08 1.071518868631984066e-05 1.917279586793143215e-05 2.510656070114602166e-05 1.000000000000000021e-08 1.000000000000000021e-08 1.000000000000000021e-08 2.016975717798337092e-05 1.429013637271134504e-05 4.366593122854020543e-05 6.968836215237955126e-05 1.000000000000000021e-08 1.000000000000000021e-08 3.628332131980500349e-05 1.000000000000000021e-08 1.000000000000000021e-08 1.000000000000000021e-08 8.885528157152842456e-05 3.490893081223532535e-02 4.352047986159170850e-02 1.000000000000000021e-08 1.000000000000000021e-08 1.000000000000000021e-08
1.000000000000000021e-08 1.000000000000000021e-08 1.000000000000000021e-08 1.000000000000000021e-08 1.000000000000000021e-08 1.000000000000000021e-08 1.000000000000000021e-08 1.005924555227334371e-05 1.463614863506928292e-05 3.751869383342478490e-05 1.000000000000000021e-08 1.000000000000000021e-08 1.000000000000000021e-08 1.000000000000000021e-08 1.000000000000000021e-08 1.374932398344033779e-05 5.518948846984280402e-05 4.994801740237822773e-05 2.654912947324759634e-05 1.790653848600603728e-05 1.386395104012810697e-05 1.216720033662457044e-05 1.868438504697283466e-05 3.776153876853268978e-05 6.570974230194105573e-05 1.000000000000000021e-08 1.000000000000000021e-08 1.000000000000000021e-08 1.000000000000000021e-08 1.000000000000000021e-08 1.001257790242212581e-05 4.846466095727703337e-03 2.114873573636728149e-02 1.000000000000000021e-08 1.000000000000000021e-08 1.892991358683663875e-05 2.359132370133076645e-05
1.000000000000000021e-08 1.000000000000000021e-08 1.000000000000000021e-08 1.000000000000000021e-08 1.000000000000000021e-08 1.000000000000000021e-08 1.513820070540773591e-05 2.764542040410872552e-05 4.734911051539065889e-05 4.498755316565968920e-05 1.000000000000000021e-08 1.000000000000000021e-08 1.000000000000000021e-08 1.000000000000000021e-08 1.173075419652529665e-05 3.007066575784890671e-05 3.773195449651493659e-05 1.042025799322307262e-04 8.214384592764934281e-05 6.677884883477135558e-05 5.034875629174506348e-05 3.611116511874988403e-05 3.493654612612699970e-05 4.394411255784945258e-05 1.000000000000000021e-08 1.000000000000000021e-08 1.000000000000000021e-08 1.000000000000000021e-08 1.000000000000000021e-08 1.000000000000000021e-08 1.783127024704104301e-05 4.412700702784885104e-02 5.397726599001020052e-03 4.555736124075924077e-05 4.240305210155543805e-05 4.040271336481037596e-05 2.983589442162608955e-05
1.000000000000000021e-08 1.000000000000000021e-08 1.000000000000000021e-08 1.000000000000000021e-08 1.000000000000000021e-08 1.000000000000000021e-08 1.000000000000000021e-08 1.000000000000000021e-08 1.000000000000000021e-08 1.000000000000000021e-08 1.000000000000000021e-08 1.008093956685551944e-05 1.268206243698068521e-05 1.000000000000000021e-08 1.162569888267649927e-05 1.182763447253205925e-05 1.083052683115132871e-05 1.044922107500767004e-05 7.189204729572694125e-05 1.233348290037228822e-04 1.034465069912785071e-04 8.410935492092721957e-05 1.000000000000000021e-08 1.000000000000000021e-08 1.000000000000000021e-08 1.000000000000000021e-08 1.000000000000000021e-08 1.000000000000000021e-08 1.000000000000000021e-08 4.080806050059337887e-05 9.081867409453010104e-03 3.356652113960952727e-02 4.243557740487163978e-05 3.841656593753998132e-05 5.065275634185990584e-05 6.261355750250598433e-05 4.762827238474388886e-05
1.000000000000000021e-08 1.000000000000000021e-08 1.000000000000000021e-08 1.000000000000000021e-08 1.000000000000000021e-08 1.000000000000000021e-08 1.000000000000000021e-08 1.000000000000000021e-08 1.000000000000000021e-08 1.000000000000000021e-08 1.749552709876400368e-05 1.000000000000000021e-08 1.701039615597566034e-05 1.000000000000000021e-08 1.116023100546709804e-05 1.229931401011131275e-05 1.261696182990433641e-05 1.175039216897807206e-05 1.767291187307221887e-05 2.012547782055820346e-05 7.450901903251733020e-05 1.000000000000000021e-08 1.000000000000000021e-08 1.000000000000000021e-08 1.000000000000000021e-08 1.000000000000000021e-08 1.000000000000000021e-08 1.000000000000000021e-08 1.380349276593832528e-05 6.571693482493403717e-03 6.502529884988901554e-03 2.397301691666006463e-05 1.000000000000000021e-08 1.000000000000000021e-08 1.000000000000000021e-08 1.000000100000000021e-05 1.000000100000000021e-05
1.000000000000000021e-08 1.000000000000000021e-08 1.000000000000000021e-08 1.000000000000000021e-08 1.000000000000000021e-08 1.000000000000000021e-08 1.000000000000000021e-08 1.000000000000000021e-08 1.000000000000000021e-08 1.775982611645001851e-05 2.929686798582537436e-05 4.600331188033170019e-05 4.413898321920040269e-05 8.135287047588573867e-05 1.035346604055888321e-04 1.764020909615399320e-04 1.000000000000000021e-08 1.000000000000000021e-08 1.000000000000000021e-08 1.723040314633648003e-05 1.000000000000000021e-08 1.713364999299576074e-05 2.571724977242883557e-05 2.906469528141017558e-05 1.000000000000000021e-08 1.000000000000000021e-08 1.000000000000000021e-08 1.000000000000000021e-08 1.462007610214606991e-05 7.547172182858469247e-03 4.014994243660740050e-03 3.223963840403972289e-05 1.098389728855985775e-05 1.000000000000000021e-08 1.000000000000000021e-08 1.000000100000000021e-05 1.000000100000000021e-05
1.000000000000000021e-08 1.000000000000000021e-08 1.000000000000000021e-08 1.000000000000000021e-08 1.000000000000000021e-08 1.000000000000000021e-08 1.000000000000000021e-08 1.000000000000000021e-08 1.000000000000000021e-08 1.000000000000000021e-08 1.000000000000000021e-08 1.000000000000000021e-08 4.472791929796135697e-05 4.907298642573181474e-05 4.529599879289300263e-05 4.206062530326204414e-05 5.535282247590883245e-05 5.372630631644974454e-05 9.285971850268660073e-05 1.000000000000000021e-08 1.000000000000000021e-08 2.619455740405681046e-05 4.313061846942438469e-05 6.818381281532457597e-05 1.000000000000000021e-08 1.000000000000000021e-08 1.000000000000000021e-08 1.000000000000000021e-08 1.829740848135309001e-05 8.776464973289632363e-03 2.819538132457202230e-03 1.000000000000000021e-08 1.000000000000000021e-08 1.000000000000000021e-08 1.000000000000000021e-08 1.000000100000000021e-05 1.000000100000000021e-05
1.000000000000000021e-08 1.000000000000000021e-08 1.000000000000000021e-08 1.000000000000000021e-08 1.000000000000000021e-08 1.000000000000000021e-08 1.000000000000000021e-08 1.000000000000000021e-08 1.000000000000000021e-08 1.000000000000000021e-08 1.000000000000000021e-08 1.402743265963589277e-05 3.084207611893272457e-05 2.835267454166310515e-05 1.000000000000000021e-08 1.133858989304674164e-05 1.774718746478611385e-05 2.087195297230301958e-05 2.223889356637176739e-05 2.912963863861160727e-05 2.056933862819606323e-05 1.301346807201939389e-05 1.114158375740633148e-05 1.000000000000000021e-08 1.443434695125246471e-05 1.738813492801611404e-05 1.000000000000000021e-08 1.000000000000000021e-08 2.031830736924348203e-05 9.376418073430611497e-03 1.659782692674954775e-03 2.941490700093668734e-05 1.716005522861948013e-05 1.090207541642873076e-05 1.000000000000000021e-08 1.000000100000000021e-05 1.000000100000000021e-05
1.000000000000000021e-08 1.000000000000000021e-08 1.000000000000000021e-08 1.000000000000000021e-08 1.000000000000000021e-08 1.000000000000000021e-08 1.000000000000000021e-08 1.000000000000000021e-08 1.000000000000000021e-08 1.000000000000000021e-08 1.000000000000000021e-08 1.000000000000000021e-08 1.000000000000000021e-08 1.000000000000000021e-08 1.000000000000000021e-08 1.000000000000000021e-08 1.111672027535643800e-05 1.181649879728591178e-05 1.284712212723178009e-05 1.447022687040738751e-05 2.513605178087607663e-05 1.000000000000000021e-08 1.000000000000000021e-08 1.000000000000000021e-08 1.000000000000000021e-08 1.000000000000000021e-08 1.000000000000000021e-08 1.362209649983682926e-05 6.048318331208542807e-03 2.477284129629690398e-02 1.322368139452130813e-03 1.000000000000000021e-08 1.000000000000000021e-08 1.000000000000000021e-08 1.000000000000000021e-08 1.000000100000000021e-05 1.000000100000000021e-05
