output/water_depth_2760.asc
ncols 223
nrows 158
xllcorner 0.0
yllcorner 0.0
cellsize 30.0
[rows 68 to 84 of 158, columns 37 to 73 of 223]
6.337630792758640818e-05 8.697820239886660761e-05 1.221835684973918406e-04 1.475884217995077129e-04 1.000000000000000021e-08 1.244115117424188927e-04 1.631566679290855158e-04 1.495842499308481220e-04 1.000000000000000021e-08 1.000000000000000021e-08 1.000000000000000021e-08 1.509646634555826409e-04 1.918376172091626442e-04 2.019678510709759067e-05 3.195929687481376970e-04 4.026789466682585906e-05 3.856362967122691941e-04 4.149015226341380924e-05 5.333073938412064685e-05 1.886071640257648861e-05 4.658937253938030961e-05 5.073070457542173229e-05 7.571595563112382653e-04 7.144167906793867304e-03 2.136249012525508629e-03 1.000000000000000021e-08 1.000000000000000021e-08 1.000000000000000021e-08 1.000000000000000021e-08 1.000000000000000021e-08 1.601219390446428131e-05 3.922486723807868200e-05 3.967658716863700581e-05 5.012372518615215055e-05 6.993868336872846006e-05 4.914750914392696554e-05 4.539610843286140103e-05
3.660225357280087212e-05 4.517983135424185909e-05 6.632955919289543363e-05 7.174007596699651535e-05 6.776807078971600019e-05 6.825648906380540903e-05 9.667412267118164675e-05 1.001643159659016888e-04 1.175946073182817912e-04 2.676235617133324661e-05 5.014020575250172421e-05 1.569831789766426878e-05 1.746900855646704980e-05 2.026061037553059194e-04 2.138294674121586083e-04 3.284469010733636078e-05 3.202766241199765467e-04 4.568654299843942788e-05 2.558814089292988755e-05 6.815665151354156470e-05 4.783510078986256703e-04 8.145175180008207120e-05 6.592563818346052667e-04 7.165905042125976943e-04 1.054098907674324865e-03 3.020766284564373183e-03 1.614030774158261498e-05 1.000000000000000021e-08 1.000000000000000021e-08 1.000000000000000021e-08 1.256206525644409401e-05 1.000000000000000021e-08 3.740722780806548901e-04 3.167266770058499784e-03 6.998302764026360055e-03 6.651630183423839007e-03 6.744624930563447758e-03
3.868901137507711085e-05 1.059237857380714076e-05 3.731840984952757072e-05 3.818791709581110242e-05 1.000000000000000021e-08 2.740247114424008317e-05 5.642449702562115429e-05 1.592570703053430056e-04 3.075419191083783154e-04 2.732388662096328592e-04 2.363058215315945378e-04 2.309333691304280261e-04 1.341523473041860738e-04 1.128427754015708069e-04 1.134058199114637311e-04 1.728432642122452339e-04 5.944348089484071968e-04 2.675328611501670505e-05 3.158211341452729442e-04 2.265846206141227531e-04 2.138058970291978193e-04 7.660352973617619299e-04 4.594769583097294257e-04 4.256765782001386417e-04 5.290954248404578051e-05 1.000000000000000021e-08 1.495455632097811185e-04 1.299384909179133237e-04 1.000000000000000021e-08 7.492387215171873033e-04 2.002800686764175261e-04 4.449149027140188867e-03 4.669062975051953973e-03 6.346593267479014831e-03 5.537041127711931666e-03 7.380969010548682832e-03 8.832040133572176960e-03
1.000000100000000021e-05 1.281478245332840480e-04 1.901410642093656834e-05 3.758354647860461938e-05 4.773536370753449063e-05 1.000000000000000021e-08 2.977033084076329133e-05 6.648643731870921322e-05 1.375634060598634112e-04 1.506824026278590772e-04 1.984298799788720719e-04 5.600569272958928150e-04 9.020863015345926194e-04 7.358775449654307620e-04 6.641910840687247032e-04 9.705027546522599930e-04 6.311047928343987805e-04 4.305909318216267698e-03 1.397371476611606851e-03 1.539175007030119807e-03 1.110106238133103107e-03 2.073231284667985830e-03 1.502963035153758939e-02 2.464991651645666391e-03 5.217100928323034669e-04 3.315236831742993757e-05 3.260132720501732390e-04 4.876629240889935116e-04 4.469610056930509081e-04 2.677941045270164876e-03 5.516578910109941683e-03 7.527876412456140608e-03 4.967760133007658591e-03 5.891011227219057622e-03 4.764506270847247357e-03 7.117242477170758821e-03 6.883802850035295254e-03
1.530175137459967825e-04 3.342902948064061745e-04 2.507913427062685198e-04 1.697774803487786272e-04 1.000000000000000021e-08 1.000000000000000021e-08 1.000000000000000021e-08 1.502812373156569464e-04 5.539526939909532712e-04 5.110337227333175674e-04 2.231269654101928734e-04 2.012102059238649076e-04 4.721067644020279720e-04 7.618038446940455285e-04 1.370319361121112882e-03 1.435832144222975960e-03 1.811837337734546662e-03 1.669103816810261478e-03 2.742862990645316638e-03 2.161316632440469718e-03 2.675272800337636248e-03 1.457791098561412885e-03 3.388395578179481497e-03 4.642314247034245306e-03 4.269802359705528010e-03 6.530814207578725713e-04 1.069602326884675110e-02 8.479639026311536903e-03 1.512538104348219378e-02 1.034631011104725738e-02 1.696616304817172641e-02 7.772982482290774486e-03 7.265386853235559009e-03 4.887617528073807255e-03 4.574716598247770272e-03 2.781523179131038716e-03 4.036400689323618902e-03
1.876524361197234360e-04 1.352152307699472584e-04 2.876661543040688238e-04 1.299064092327120140e-05 1.701529117405468775e-04 1.794119537647481492e-04 1.728971396689006667e-04 3.963795857802613004e-04 3.507001886322643359e-04 8.044844225669622742e-04 6.182076705230623789e-04 8.953514443098265201e-04 7.919249543443646587e-04 1.039690386704246548e-03 7.580823321971350177e-04 9.760106106974724381e-04 7.463028510842785847e-04 1.764912681856531298e-03 5.448224804134027804e-04 3.449505188724298187e-03 4.978583253603359633e-03 4.076730072257948520e-03 3.127640220920866777e-03 9.877126114063619622e-03 1.199442940363823137e-02 1.396334460712929382e-02 9.208266265594570316e-03 6.044027778416075081e-03 3.893549836364700641e-03 2.882841067740541177e-03 1.962229419467093668e-03 1.553256600021679515e-03 1.100719818720439537e-03 8.074168990691073938e-04 2.549877737428871746e-04 1.891028879570610358e-04 1.908299347117265561e-04
4.436279387214907711e-04 6.292872047522400864e-04 8.320985358903807642e-04 1.039278685634163193e-03 1.255195517600020535e-03 1.636356733094522205e-03 1.921292369359969918e-03 2.077790189194803419e-03 1.601905020885245829e-03 2.099386288594894470e-04 2.859306064783709365e-04 2.309291594137915724e-04 1.528366283977772527e-04 4.908222108717705772e-05 1.122694469525933495e-04 5.529147467856571291e-04 5.086204561833942202e-04 3.274016617740679500e-04 1.980374656636864046e-04 1.630357604185856432e-04 1.174621131503287414e-04 3.743083677107789022e-03 5.829075776647701414e-03 6.638083110524364318e-03 1.126926366320127543e-03 1.763948107410427061e-04 1.935637037822471847e-05 1.012884359247062275e-04 1.433519405661007838e-04 1.586661217330982807e-04 1.603250052784393684e-04 1.381872412475057066e-04 1.219790263514257807e-04 1.187516869468802273e-04 1.387016369732929307e-04 1.300050654281478032e-04 1.133909912476032323e-05
2.943294376575089633e-03 2.963309319611679912e-04 6.064400675781654631e-05 4.743943533776491219e-05 5.070578505494682120e-05 3.117087744402385592e-04 2.977999794347342840e-04 1.000000000000000021e-08 1.417020750045664983e-05 1.812898316004894780e-05 2.167994620421781880e-05 2.574763725230276833e-05 2.899613502747454787e-05 3.285574280147815951e-05 2.458528712190651152e-04 2.388886115655358775e-04 3.367560110727319369e-04 3.841993445709841574e-04 3.437515769704859781e-04 3.094440617824190522e-04 2.694490358411329601e-04 5.940107052019316398e-04 1.092285076437685522e-03 2.103997572089754558e-04 3.532632250713103395e-05 5.258678509300685529e-05 8.848381288018307336e-05 9.711963024810574166e-05 1.194316706493807854e-04 1.088565234425627345e-04 7.506557236772079230e-05 1.375366210142152368e-04 1.240211479367910291e-04 1.204650484971097089e-04 9.164267000749807851e-05 1.000000000000000021e-08 1.000000000000000021e-08
1.025337474634798260e-04 1.752894222327069907e-04 1.000000000000000021e-08 1.000000000000000021e-08 2.368966679570705513e-05 1.000000000000000021e-08 1.000000000000000021e-08 2.509818324273907657e-05 3.538583507083918649e-05 4.957971114306076711e-05 5.083615239369532510e-05 4.969547469004670110e-05 4.154427944105824530e-05 4.211783159790692021e-05 3.787202501862658755e-05 7.680153632601347934e-05 2.491918498697205035e-04 6.713907545259050879e-04 6.790124101411828400e-04 5.575549443441181301e-04 5.740920576704314779e-04 1.172157506843170792e-03 1.681666140894700321e-04 9.516185846910955295e-05 2.999324171016331064e-05 5.007569909270500111e-05 3.784815641831809781e-05 5.148833960815327079e-05 4.121075122313940637e-05 4.646669291228205505e-05 7.629515208469087007e-05 7.341073230175275584e-05 1.299039434551812003e-04 1.544868732764840419e-04 1.580085552727735442e-04 1.315684690250525589e-04 1.177185241235100146e-04
9.095270636630030999e-05 1.468447228152834898e-04 1.713091048873521902e-04 1.059545919553221986e-04 6.929410150161645593e-05 7.358553703261428195e-05 1.488668740109784126e-04 1.896435933463926624e-04 1.961415505667841845e-04 1.838013643328088333e-04 1.979858290472050685e-04 2.027682074986246810e-04 2.092105994239320513e-04 1.957015064141187578e-04 1.815335363390057852e-04 1.565132637278148929e-04 5.880913306074420348e-04 1.041764409054774356e-03 9.811568714659943749e-04 1.015814919573681824e-03 8.946058734441933056e-04 1.448218595644043451e-03 1.415507531203746014e-03 1.000000000000000021e-08 4.689688056282733210e-05 8.060057956449214942e-05 7.388092903508503169e-05 9.004329252005072181e-05 9.006296258502149001e-05 8.891108213843306178e-05 1.240472425326472452e-04 1.227350419022847389e-04 1.619493047350753804e-04 2.063178223081194073e-04 2.324951042266445024e-04 2.419493464792389463e-04 3.722982476537851936e-04
8.588614145715985288e-05 1.365994884706369294e-04 1.595719343834273824e-04 1.843520417085221065e-05 1.992765594001495824e-05 3.985256554698673450e-05 6.562862070398854913e-05 1.038192481271746261e-04 1.136845311671533433e-04 5.253071247574114637e-04 7.195944358952910489e-04 1.179922723139151339e-03 1.139553894660726542e-03 1.753236351106909636e-03 1.806231955133093866e-03 2.569711234450694666e-03 2.308191573754928352e-03 3.133647381734108554e-03 3.136280589552448931e-03 3.357113606348764712e-03 2.302845108620669295e-03 1.779757962120456956e-03 1.943764108123929900e-03 3.331498139210779742e-05 1.000000000000000021e-08 7.600049467772620820e-05 1.114920137527042663e-04 1.392689961575233949e-04 1.297214053172202845e-04 1.365388885117005608e-04 1.638539375505614559e-04 1.666701014532495032e-04 1.828263134919736192e-04 3.432648659515142968e-05 6.355864829696061986e-05 7.370314535293112992e-05 9.693060998724477881e-05
1.102962104610253458e-04 1.756969240724581805e-04 1.545452777953468303e-04 6.582647000595580236e-05 8.905411962658926544e-05 1.323381649732259632e-04 2.311851834510754195e-04 2.750818316399896660e-04 1.690204380259689243e-03 1.196259982058225403e-03 9.034523024835299865e-04 6.989230810222603557e-04 9.267317720170163697e-04 7.928449809271344555e-04 7.451270325878087499e-05 4.998624156825704157e-05 4.409697233338564744e-05 3.647683280205570207e-04 6.798948111078962405e-05 1.021938663908285999e-03 1.912619688955539705e-03 1.240467206381588774e-03 3.547565114926187410e-03 8.221504232408372416e-04 2.045433550798028102e-04 3.073126554997340429e-04 3.360702373022203673e-05 1.593411322865264778e-04 2.039879477282228554e-05 1.173985505984137350e-04 1.807754089073546077e-04 1.989564909147663004e-04 2.275436141290389637e-04 1.417478732787368027e-05 1.000000000000000021e-08 1.000000000000000021e-08 1.000000000000000021e-08
1.729825697252899400e-04 2.194025536386838050e-04 5.656910169487201258e-05 6.104160173563267621e-05 7.449185854267021366e-05 6.961409832834506057e-05 4.463887738582489480e-04 4.316153853546318242e-04 3.326637782844007085e-04 2.370462362814521339e-05 1.000000000000000021e-08 1.000000000000000021e-08 1.000000000000000021e-08 3.942899162199530074e-05 3.908442262640416965e-05 4.232816427860160526e-05 1.105195309177007027e-04 1.318715427862872554e-04 1.297131476669272933e-04 1.564288946039482805e-04 4.619226753945170332e-04 2.733184447622425718e-03 3.877698087329336206e-03 3.326484479019565545e-03 2.198533554713986461e-03 1.920926252508484708e-03 1.864195566981207775e-03 3.179298619606586631e-04 4.012363115982226392e-05 1.246375402384166981e-04 2.028338455795459182e-04 2.455139450990354824e-04 2.165585652751581257e-05 2.414779881360210653e-04 1.552094379607109483e-05 1.000000000000000021e-08 1.000000000000000021e-08
8.600384416768482065e-05 1.696903310207125326e-04 4.385827018315022533e-05 3.391024276142121400e-05 2.703575249480376420e-05 3.879126695725881115e-05 2.053811514991638518e-05 1.802183524199834629e-05 1.000000000000000021e-08 1.000000000000000021e-08 1.406824876255312851e-05 1.000000000000000021e-08 1.087784023985354432e-05 8.721498346550592747e-05 1.211254299511982640e-04 1.479667590112678172e-04 1.406204365732501212e-05 1.720475969641708529e-05 1.503109413079618435e-05 3.832832510839820659e-05 3.698870067262712913e-05 5.130629563358586907e-05 1.895626925210596152e-03 3.273125062278911621e-03 3.838696991011269523e-03 2.698221902661702976e-03 8.143891357088358773e-04 5.441422663026726850e-04 4.721439865553391131e-04 9.822826320966559263e-05 2.837104483372800473e-05 3.374527430151258466e-05 3.139456042126090941e-05 1.995603699607988873e-04 3.569805787602602987e-05 1.000000000000000021e-08 1.000000000000000021e-08
8.035078892785895582e-05 1.634183130479555047e-04 3.622032764831928982e-03 3.670509503785958122e-04 7.647808818824298539e-05 2.726523495412198187e-05 2.452099043559448973e-05 1.000000000000000021e-08 1.000000000000000021e-08 1.595497495015290438e-05 2.799946035010094909e-05 2.829769627444812189e-05 4.506584661607667878e-05 7.726221182689779884e-05 1.213275766278098985e-04 1.475933713340059784e-04 1.563345600140543870e-04 1.797911793695549623e-04 2.033345837608843871e-04 1.889469617106630944e-04 2.633942127452411483e-04 4.029205180847468407e-04 7.117841925761727011e-04 2.784642225939400369e-03 5.470408161347473097e-03 6.841218241056069675e-03 7.451679448759720471e-03 2.413362923475906047e-03 1.951635738784496428e-03 1.407384548741189012e-03 4.171216654815225423e-04 7.853815276936477107e-05 1.250006162038370432e-05 4.705432984438954081e-05 2.295618926004620153e-05 1.000000000000000021e-08 1.000000000000000021e-08
6.949776618560082019e-05 1.150486632139185983e-04 1.836025626129398735e-04 2.057475730171902503e-04 1.408426108083586423e-05 1.000000000000000021e-08 1.000000000000000021e-08 1.582843546566974741e-05 2.101263066549380153e-05 2.608911328425897791e-05 2.699303171110546925e-05 1.000000000000000021e-08 2.099602588092167358e-05 2.850308828936329590e-05 3.467265014709581698e-05 7.362056853003629822e-05 1.214776223357941204e-04 1.638776534057367331e-04 2.090865103705290523e-04 2.699466099384932876e-04 3.553132382573641465e-04 3.616929611337219735e-04 3.035454769706653921e-04 1.011553533426926650e-03 1.105220581659656495e-03 7.644616512841059461e-03 8.240121627560230769e-03 1.051063085582023583e-02 1.270166889652160104e-02 9.146236448380239484e-03 5.452836910453429629e-03 1.654892511535780569e-03 1.795908117854236709e-03 1.527181677086265920e-04 2.879395883004886420e-04 3.217390545542340454e-04 1.929484067241063697e-05
5.740339440589943879e-05 8.962930528349872183e-05 1.212080816769938449e-04 1.763047496022847424e-04 1.911203167731142767e-04 1.000000000000000021e-08 1.000000000000000021e-08 1.277419413989106303e-05 1.218187075530525299e-05 1.187624336903002307e-05 1.000000000000000021e-08 1.440897203193300711e-05 1.773391531473926666e-05 2.054758980347229537e-05 2.460845718256717988e-05 1.000000000000000021e-08 1.000000000000000021e-08 1.126435737413268162e-05 4.699750417572628482e-05 9.605820415831958434e-05 3.868953364374792228e-04 5.751578576692192510e-04 8.002304914782154121e-04 1.643570495193370264e-03 2.708539733756980131e-04 2.079336676490972386e-04 7.070211634989265886e-04 1.457681352156748971e-04 3.514119751612227328e-03 8.484707106219031153e-03 1.170067107370209407e-02 1.064483613170629644e-02 4.102530340123982863e-03 5.111798112064085305e-03 6.068182742493693788e-04 1.820862423612341679e-04 2.088888488506120166e-05
