output/water_depth_1680.asc
ncols 223
nrows 158
xllcorner 0.0
yllcorner 0.0
cellsize 30.0
[rows 102 to 118 of 158, columns 111 to 147 of 223]
9.223202125495398584e-03 7.846589523651482587e-03 1.065806608389381106e-02 7.619824583997342540e-03 9.699057891007976245e-03 6.568024754748734428e-03 8.187958463845745188e-03 5.331193706339691293e-03 7.094868054438544652e-03 4.935085041979576578e-03 8.528646127812396921e-03 1.554623448276675271e-02 1.035587874723352397e-02 9.269684115880432243e-03 7.348161339338811146e-03 6.489379814273585172e-03 9.048149177043551816e-03 8.540564779278557103e-03 1.304525599267827157e-02 1.990567649298533581e-01 1.474396632244298101e-02 2.474216214351163991e-03 2.581512245701242554e-03 1.523721902796349413e-03 2.076590813255886365e-03 1.108246555177406448e-03 1.689024135789205742e-03 1.886665909337864166e-03 1.207753926461295263e-03 1.193738441063811736e-03 7.005179729613587262e-04 6.396623633998389097e-04 8.245559746396238180e-04 1.131273211167832049e-03 1.789899343460377721e-03 4.781102401141035935e-03 2.062323523749137830e-03
1.765167713204730121e-02 1.663527215893886163e-02 1.409226239836630298e-02 1.453430438233580674e-02 9.715372296297108273e-03 1.111692326184823831e-02 7.020389248148914754e-03 8.853888858949939683e-03 5.483728319547277741e-03 7.290225905294323017e-03 5.223548268115692575e-03 1.221046176335855230e-02 1.292973045971335978e-02 8.361761999321606909e-03 7.522692873569250885e-03 8.925381884379976830e-03 2.518763036724588553e-02 1.817728743981706502e-02 3.471530003187713737e-02 2.307927209396950785e-01 9.782503427292520495e-03 3.559154875959939703e-03 1.860514786519702193e-03 2.409689956606407384e-03 1.234025501623657681e-03 1.389055810388962467e-03 2.312491495656432416e-03 1.783498048955537221e-03 1.708994340652120799e-03 1.423689024097568893e-03 1.585730321658486560e-03 7.043415325230149805e-04 1.035518308550565335e-03 5.536122091500183607e-04 2.271683542677781220e-03 6.154191860385500520e-03 2.512632125437594226e-03
1.124831758526723645e-02 2.555350055178616867e-02 3.843771066152030375e-02 5.336123806105833728e-02 5.245545655253305156e-02 5.096194981223954590e-02 3.001001932691677726e-02 1.994073376882452356e-02 1.793576795053085024e-02 1.056632592498888204e-02 1.055619109400440445e-02 1.243936303866280402e-02 1.663271254168153732e-02 6.797431719826914354e-02 6.481546888456117539e-02 9.199348997633483016e-02 6.141971023058845347e-02 8.603672521459967970e-02 5.915561799199436227e-02 2.800450837878028509e-01 9.105135016632763187e-03 4.188823267615973157e-03 3.432073748369188562e-03 1.752369403023160133e-03 2.094755343096841096e-03 1.280817668797267416e-03 3.011585964703128795e-03 2.208914210792613589e-03 1.279567397879626499e-03 4.979317647121407923e-04 1.249234907347606879e-03 1.574139002610472175e-03 8.269076046031705778e-04 1.060568373026742322e-03 1.929931755609530638e-03 1.057489757883879611e-02 2.319504762360307705e-03
6.272737848238197148e-03 2.791939666940874715e-03 2.816745222845840144e-03 2.617994488232346269e-03 1.613082115380041343e-02 2.943849373955200258e-02 6.280979342094651641e-02 8.234968930992821179e-02 9.603172410630764211e-02 1.081885887311337391e-01 8.083834569911181600e-02 1.000307301985710745e-01 1.380548268415101310e-01 5.053034932920576205e-02 5.765326259713681595e-02 2.817148968126893457e-02 3.403086501321687940e-02 1.744119059347876491e-02 2.697489251146807307e-02 1.502608750667455140e-01 1.533403764692239102e-01 6.315975157450267816e-03 5.651588718297924537e-03 2.939400985881854885e-03 1.317019993128119675e-03 1.589862019629260069e-03 2.446991592043089390e-03 1.568884545475602178e-03 1.936864552035845368e-03 4.845801973491003036e-04 2.098469850032771977e-03 1.624467990783237887e-03 1.545759177736943501e-03 1.052590363388551187e-03 2.529469247120437296e-03 1.751567806259352045e-02 2.970793449612648546e-03
1.954106476520537598e-03 9.825520685305664560e-04 9.418256939450993844e-04 9.944078771017730422e-04 6.276897921525108641e-04 3.645865846086345820e-04 2.687157100505219512e-04 2.326335133019253720e-04 1.379767280683268679e-04 1.499558893758028318e-04 2.856663548292081439e-02 1.832975649233630627e-02 9.327965055312583201e-03 1.224327651743331406e-02 5.924555884846198668e-03 5.506814316097115997e-03 8.440208740161039488e-03 5.296197734821514284e-03 5.602351215305596474e-03 7.511111070897390218e-02 1.402928632287286093e-01 8.600979691609661471e-02 3.350705060494334631e-03 2.888092853527110190e-03 1.864166806843450992e-03 6.817838307868613308e-04 9.621555362822909472e-04 2.515128048355342889e-03 3.198181993661461733e-03 4.098439188338515735e-04 9.249976720966460175e-04 1.715771466770052997e-03 1.938449827671362728e-03 1.300341654672124668e-03 1.829269577878245593e-03 2.205440872863040358e-02 7.871458733181329465e-03
7.713672441664845732e-04 1.035000004495616015e-03 7.907423213726393150e-04 1.664100239651695578e-03 1.189149769376285359e-03 9.166155017837318260e-04 6.548014671713355732e-04 5.096574222218182206e-04 1.264741685266110782e-03 3.260004847670815208e-04 7.683097512413155153e-03 5.365755681841711394e-03 7.183512150783973385e-03 6.955528206094466030e-03 7.250420928962695438e-03 4.660665581833703212e-03 4.369197182801326171e-03 2.857016337904124802e-03 4.393007959080904960e-03 3.798267298505354078e-02 1.728511194861460654e-01 1.498210444407654107e-01 4.427286108332526005e-03 3.465058428424283056e-03 1.572680582148031515e-03 1.311802073990233145e-03 8.803054901066974768e-04 2.380647316356111071e-03 1.291563644847578676e-03 1.499332313784497656e-03 9.128560197306651025e-04 2.401713379009710967e-03 3.260414900876007147e-03 7.901414223335976282e-04 3.709945288130067631e-03 1.512076747372011719e-02 2.323379293777701540e-02
2.375595500017201999e-04 3.280571431178269225e-04 4.545246973016378047e-04 9.556532084162045349e-04 1.644236359915689574e-03 2.516878033063177367e-03 2.451300259678284958e-03 2.603697624187421237e-03 2.899868184275576459e-03 3.262228190880847849e-03 9.980585800917409368e-04 3.774120293459196779e-03 4.607758975618345652e-03 7.488786490364555265e-03 5.381105407075563105e-03 7.240289065031605548e-03 4.684569612629457119e-03 3.384563920332497432e-03 3.969274988118003285e-03 3.164716432693233383e-02 1.320089740608202111e-01 1.695178774333009342e-01 1.152246875691125549e-01 2.974559900790429978e-03 2.280014462105382951e-03 1.355079315378823670e-03 2.126219449093717448e-03 3.089918223448101693e-03 1.157477494418523772e-03 4.697672198672998801e-04 7.880783617413838083e-04 1.203340451085534602e-03 4.670904859129027496e-03 4.870170443099077449e-03 4.497782755220538532e-03 1.951636499116645579e-02 2.797126434049936050e-02
6.115289409634446036e-04 3.033119400585446894e-04 3.317823318820115400e-04 4.897633485633013165e-04 9.741362409841081149e-03 2.078517808666779042e-04 3.457167925955675555e-04 2.373129253865448112e-04 7.784486023133361946e-04 7.278698297127455781e-04 9.020648023465513421e-04 2.503521987312976038e-03 3.308474479550032547e-03 5.273345384230445666e-03 7.789217931024336808e-03 3.031057461993989094e-02 6.907241756831127011e-03 8.984687539019693345e-03 4.335502667065348897e-03 7.242315591237787932e-03 2.407569019711905314e-03 7.849843566489918267e-02 9.478517786672775725e-02 9.315083546539158765e-02 1.730958672991335292e-03 2.659881709076145680e-03 1.762494336660178117e-03 1.782012928452587300e-03 1.032543902826255295e-03 4.241000792145983227e-04 5.629472557301800359e-04 6.074924209618342424e-04 4.096255272092475322e-03 1.177718392501012241e-02 9.047324871062280283e-03 3.256288156598331762e-02 1.834096856275611864e-02
8.259065888709901139e-04 9.629598050881510874e-04 4.217077598057308711e-04 7.373546398355703378e-04 7.730818700912031952e-04 2.991633237185469451e-04 1.146881570083936152e-04 1.210871479029528665e-04 1.151050521795579326e-04 4.464918797689090141e-04 2.681907646836991389e-03 5.291844346385458052e-03 5.905511834890285819e-03 5.912301354772272338e-03 6.239715951850393488e-03 1.242583185506259541e-02 2.556103497390110890e-02 8.475033797835770932e-02 3.321619443369060870e-02 1.060034949075506182e-02 1.915589471298706839e-02 7.672459758308255995e-02 8.409083384825274954e-02 8.666617803422337063e-02 6.109846453545678124e-02 1.426946175695026700e-02 1.409373317619648340e-02 1.937821341383125272e-03 1.895496010507224200e-03 4.811863481081026027e-04 5.010551646214867231e-04 6.205201072474440544e-04 9.570235001714232775e-03 1.032514276623686632e-02 2.298628838320446524e-02 2.050613689928948435e-02 2.005114459140536903e-02
2.805398793339125476e-03 1.230570669560262544e-03 2.098476228698620966e-03 4.838514604749119302e-04 2.286053452688088967e-03 9.993931091585375737e-04 1.225428821089391334e-03 4.548842683336585331e-04 1.353072375986014760e-03 1.011552995091631255e-03 1.272818184033011916e-03 2.703958777387913820e-03 4.293134628731950717e-03 9.713338390138237868e-03 1.454543926231870871e-02 1.627924569238099403e-02 1.249312341919442404e-02 9.855700323436909424e-03 9.707316656747477790e-02 5.299531777996942944e-02 4.622407733028845861e-02 6.872068253333334098e-02 1.607311560487596214e-01 1.687681653631414591e-01 9.971214162255927216e-02 5.520061815196665445e-02 6.469241988955441724e-02 1.856164642922596445e-03 6.913839643156833529e-04 4.743517027279209645e-04 1.192780872703612122e-03 7.836121819367581308e-04 1.661367678471468295e-02 2.690338860745045482e-02 1.821273096346382597e-02 1.454957729286026832e-02 2.082882394407074150e-02
5.330047131913898291e-03 4.878166936398625926e-03 5.807854622583394008e-03 2.644056954515378293e-04 4.021431227525884642e-04 1.009998938671299775e-03 1.380973436523170225e-03 4.625063533204746419e-03 6.488815234886570471e-03 6.742246538586178610e-03 5.304000767435559233e-03 4.836416600206006923e-03 4.878756905216281858e-03 3.326093495164070789e-03 3.338543780063354428e-03 1.913081642795931353e-03 5.709716659138665620e-04 2.346880907716017341e-03 9.946587384793692792e-04 4.843109081898197381e-04 6.436424973402001253e-05 1.029407890616710480e-02 1.673638897080450758e-02 1.244633265008875250e-01 1.401907836029707977e-01 1.453874135664780520e-01 3.220165664374877168e-01 3.126655025304556634e-01 1.241388874336286268e-03 1.094523742174762860e-03 1.347865598974238004e-03 1.290817496931834967e-03 3.572841535415201969e-02 7.899604324101114350e-02 1.769510317163259031e-02 1.447308482449189727e-02 1.390155433222002579e-02
1.064893769629909198e-02 7.449893332179751554e-03 1.093206529266289861e-02 1.535466014215990885e-03 2.041005323587232671e-04 7.705129682601240954e-05 1.472191725284695122e-04 5.704907870962780143e-04 8.931844400042683639e-04 4.344027014396925797e-03 2.165497566625839299e-03 1.643933229527814489e-03 6.336136974412729132e-04 9.127227464308115086e-04 1.865215607167988233e-04 2.959019736765444459e-04 3.604554278749135909e-04 7.395405078056762086e-04 1.967864488958941528e-04 3.177047719747161728e-04 1.161468206456062191e-02 1.404994897108012564e-02 2.016136731439482910e-02 1.995021601712958226e-02 9.683902796478535691e-02 1.320539664606311392e-01 3.148175966932248993e-01 2.989925637498010991e-01 2.593461172056636399e-01 2.128314237467450742e-01 1.900771162420751836e-01 1.152477418197739439e-01 7.522381221073007329e-02 1.207724216766504349e-01 1.891812348562176005e-01 1.997483003957283287e-01 1.112510382747000648e-02
1.486639048041177996e-02 5.859317779194060660e-02 5.647164172688737271e-02 5.676954073669732148e-02 8.876357552091793807e-04 3.828035726724693692e-04 3.018295703243720251e-04 1.978889875986954909e-04 7.596420150932549223e-04 3.146316609405894367e-03 2.461085075914109643e-03 1.587047166253558080e-03 9.689262968468631164e-04 5.249172332422631388e-04 3.417471233449157625e-04 2.843180789410092038e-04 2.597111534449038990e-04 1.000385091642645849e-03 4.232222796579276827e-04 3.245226870875585006e-04 3.506268750442192994e-02 5.568003837337660161e-02 2.822610466373080482e-02 1.525838044827119988e-02 6.517069267198589977e-03 4.920920973955688303e-03 1.864091045756257519e-03 1.281376507359029658e-03 3.006057658986644896e-04 4.538640631635357118e-04 7.040911408724148668e-03 5.224538348716756264e-02 5.942193947214079869e-02 1.131019652448689156e-01 6.261124019957815812e-02 2.552913431245892872e-01 1.288104744548883296e-01
1.125070187727207904e-01 3.656486580843526513e-02 4.478686511223063660e-02 9.845197019233986602e-02 1.454003962576045916e-01 9.219793650871552226e-02 2.778500133729311719e-02 1.734954969697907745e-02 1.130679406314683000e-02 3.757263416824438949e-03 2.275648830492841505e-03 1.183521120142164975e-03 5.593759548949281879e-04 2.446033256811269534e-04 2.299504809164758918e-04 2.267394587072973239e-04 3.397635526071899476e-02 1.693106379060706906e-02 9.948827203499105085e-03 7.090740535683694168e-02 9.342237735080297090e-02 4.203589125180772629e-02 3.051215412504902766e-04 3.411241583790955325e-04 2.839481832448473146e-04 3.290180733301637591e-04 9.103883930779845077e-05 2.192766253533868506e-04 2.625290877404815536e-04 2.726088247104338719e-04 1.352869810713402954e-02 5.050841111259655319e-02 6.143889460140270625e-02 3.623808442655898632e-02 2.218222306553822853e-02 1.518554292229189195e-02 9.321031891837860961e-02
1.305617136208473772e-03 6.113010740492885861e-04 3.079267566814999891e-04 5.123099734939266011e-04 3.111199980289929863e-05 3.852647210824407947e-02 6.145767825680906182e-02 5.506364721466934509e-02 2.988188011226074539e-02 1.640090061880905906e-02 1.047848618201982669e-02 4.612008959269689630e-03 4.252342649691138662e-03 3.490102573415971958e-03 8.305704339096831035e-02 1.213550746748589815e-01 9.150794611190679606e-02 1.116186851159522847e-01 1.054883417908576287e-01 6.894173308896490993e-02 2.509906414407130429e-02 1.963465280544065368e-04 1.254644848361919360e-04 1.524005994107563455e-04 2.970788994431652289e-04 2.268332392965091910e-04 1.344226154890801751e-05 2.140963257484526715e-04 1.911738459617622510e-04 5.498826152925308242e-02 6.324748068409974389e-02 3.905979687232324915e-02 2.703458181679415512e-02 2.064299050889454104e-02 1.102476745637590710e-02 1.267509564018338974e-02 5.256599501776740291e-02
1.633998410981654745e-03 1.129196952922563403e-03 7.299636916416537029e-04 8.057650689204459097e-04 9.173634309329292929e-05 1.000000000000000021e-08 1.213693184209369393e-04 1.159135902343832666e-02 2.117883498650994026e-02 2.112723072487670412e-02 1.322968172906044231e-02 1.284372362962465930e-02 6.981903592110438872e-02 2.024102486316598781e-01 1.448529118716393449e-01 5.820638690667830767e-02 2.818016532351549919e-02 2.254794058651207397e-02 3.871681549484306661e-03 8.435465198591909908e-04 2.139232266447912913e-04 1.321542867240808341e-04 8.403702604475345303e-05 1.326148752437976050e-04 1.530431349191002026e-04 1.973276945545850863e-04 4.735721327489846142e-04 5.135261799728033094e-02 9.814427616328993964e-02 5.996794595542590672e-02 3.561729486331533662e-02 6.370035605644065735e-02 1.453986915066262861e-02 1.043904728122006624e-02 1.472696765918859920e-03 1.383171448060304233e-03 4.069978178365472703e-03
2.899283784457520104e-03 1.586246531846053666e-03 2.195288766479174501e-03 2.695356653062319814e-03 3.707016387291958096e-04 1.833451044400556305e-05 3.079381706046158075e-05 5.949975980906012374e-03 1.440328886468709123e-02 1.935507003369459078e-02 1.845388466273523848e-02 1.167453748192769925e-01 1.216438908093385035e-01 1.034096464857161557e-01 6.918788684009431755e-02 5.148439444553071752e-03 8.114069696176862481e-04 1.128350086930670747e-03 3.110655050896926903e-04 1.762550898502613175e-04 1.018000849119548353e-04 6.171607915921564411e-05 8.156349135102269941e-05 8.684335218610136290e-05 1.384789424113116790e-04 8.879366633366851452e-04 1.654037718398879420e-01 1.089129252743708670e-01 5.352132330998693455e-02 2.623009415701930969e-02 1.529506068953257782e-02 9.400423077351904161e-03 3.388944853766381882e-03 1.028830074285376137e-03 1.170598393939091325e-03 2.676987503231466510e-03 2.446463999312632493e-03
