output/water_depth_2400.asc
ncols 223
nrows 158
xllcorner 0.0
yllcorner 0.0
cellsize 30.0
[rows 34 to 50 of 158, columns 148 to 184 of 223]
1.000000000000000021e-08 1.000000000000000021e-08 1.000000000000000021e-08 1.000000000000000021e-08 1.000000000000000021e-08 1.000000000000000021e-08 1.000000000000000021e-08 1.000000000000000021e-08 1.000000000000000021e-08 2.612054798044337908e-04 1.002027724947976358e-04 1.000000000000000021e-08 4.823654552473630213e-05 1.056355357695299350e-05 1.520104522899960134e-05 2.493509992030833953e-05 3.283310818003187001e-05 4.959923604188551789e-05 1.000000000000000021e-08 1.000000000000000021e-08 2.193679392347798105e-04 3.739514530959750982e-04 2.611483528797163339e-04 3.016511307424094685e-04 1.722140318348028482e-04 8.354599713791791178e-04 9.942843945356886343e-04 3.062752590632187438e-03 1.759111912695979218e-01 5.491205904829869755e-02 7.988708241049248180e-05 7.405803022983010163e-05 5.024275960096623111e-05 3.015266632927372358e-04 2.627375812989787623e-04 1.000000100000000021e-05 1.000000100000000021e-05
1.000000000000000021e-08 1.000000000000000021e-08 1.000000000000000021e-08 1.000000000000000021e-08 1.000000000000000021e-08 1.000000000000000021e-08 1.000000000000000021e-08 1.000000000000000021e-08 1.879629594659619965e-05 2.016469556585957426e-05 1.000000000000000021e-08 2.315666211219212690e-05 6.812556863233325255e-05 3.491599191420784160e-05 1.881123619137235493e-05 4.686064764987636427e-05 7.922176925880214469e-05 1.000000000000000021e-08 1.000000000000000021e-08 1.052279561824924988e-05 1.257942268272705169e-05 4.783500373747687928e-05 2.739807264611914981e-04 2.046763648398010739e-04 3.410733047885365372e-04 4.063189540139853454e-04 1.240515151388066773e-03 1.725818650396676313e-01 1.044987934288521686e-01 2.058907497425815176e-04 1.740919061084658713e-04 1.110486991449008388e-04 7.475305217492202376e-05 6.525929043886126804e-05 1.000000100000000021e-05 1.000000100000000021e-05 1.000000100000000021e-05
1.000000000000000021e-08 1.000000000000000021e-08 2.263448238165121864e-05 2.547815276306697926e-05 1.000000000000000021e-08 1.000000000000000021e-08 1.000000000000000021e-08 4.092865771329743161e-05 2.830185946064989189e-05 1.000000000000000021e-08 1.000000000000000021e-08 1.962961186769622383e-05 1.063612671880013587e-04 8.082770059244442711e-05 7.069042080386809884e-05 6.420986600571748962e-05 1.000000000000000021e-08 1.000000000000000021e-08 1.000000000000000021e-08 1.000000000000000021e-08 1.000000000000000021e-08 1.000000000000000021e-08 2.542012262293479323e-04 3.676612170473652448e-04 2.517193388373746283e-04 5.981270512092039249e-04 1.268769494692761467e-03 1.051027697868460731e-01 2.648823671304088943e-04 2.523427652212528223e-05 3.106113823387051547e-04 3.986528118508903245e-04 5.233980313752584082e-04 4.887470710466770146e-03 1.000000100000000021e-05 1.000000100000000021e-05 1.000000100000000021e-05
4.147107244564888226e-05 3.717382808956440631e-05 1.000000000000000021e-08 1.000000000000000021e-08 1.000000000000000021e-08 2.863379985386644056e-05 3.910640404717278927e-05 2.409500043821058660e-05 1.000000000000000021e-08 1.000000000000000021e-08 1.000000000000000021e-08 3.584028011587289594e-05 1.416056776927183052e-05 1.000000000000000021e-08 1.217565905346799579e-04 9.690497122312660011e-05 7.841314735122092918e-05 1.418879252294950210e-05 1.000000000000000021e-08 1.874926725248697237e-05 6.110395593387083954e-05 3.816306020403978578e-05 2.776799885545595229e-04 3.813288557782343064e-04 8.951275837817242523e-04 5.291721035226954698e-04 2.629284798825948233e-02 7.979441234160380980e-02 1.873936403335449495e-04 6.738471560387027256e-05 3.969536016055337063e-05 3.701152212483952721e-05 3.227585372332782246e-05 1.000000100000000021e-05 1.000000100000000021e-05 1.000000100000000021e-05 1.000000100000000021e-05
1.000000000000000021e-08 8.142824258572260775e-05 4.089232008465866236e-05 3.964422285042908437e-05 1.784474510685709098e-05 1.000000000000000021e-08 1.000000000000000021e-08 1.000000000000000021e-08 1.000000000000000021e-08 1.000000000000000021e-08 1.652755529248587502e-05 1.663344469772407055e-05 1.000000000000000021e-08 1.000000000000000021e-08 1.559574350417242139e-04 1.296761216890853050e-04 7.547756839562196052e-05 1.631286573060332389e-04 2.671916041418265895e-05 1.000000000000000021e-08 2.330090757257077052e-05 2.953163469053105041e-05 3.744511651640227817e-05 4.011086579076204818e-04 1.548061966750827493e-04 9.761751312689135153e-04 6.577516905640247435e-02 3.974201411812967183e-02 1.700703065606890821e-04 9.276849098458557919e-05 6.979524450730154993e-05 5.337399129814153292e-05 1.593534934301052913e-05 4.968413806331015441e-05 6.984867026021697022e-05 4.992298991663956728e-03 1.000000100000000021e-05
5.358299438598756320e-02 5.141616885616954319e-02 4.332963223198949698e-05 1.000000000000000021e-08 1.000000000000000021e-08 1.000000000000000021e-08 1.000000000000000021e-08 1.000000000000000021e-08 1.000000000000000021e-08 1.512733559906466255e-05 2.141955415931888127e-04 8.703403943562381404e-05 1.000000000000000021e-08 1.000000000000000021e-08 3.791570676943799702e-05 1.275211011396751746e-05 1.520090944162223322e-04 1.732767471716244699e-04 4.555255471543337090e-05 1.350458168512896648e-05 3.972669611911481733e-05 1.000000000000000021e-08 1.000000000000000021e-08 3.378105525812706778e-05 8.472876022630655441e-05 8.681332037530927305e-04 8.526668759200455028e-02 1.978718409382202587e-02 2.519472409013424181e-04 2.496768976312803401e-04 2.463864935642959557e-04 8.728864639239888423e-05 5.011372087136928364e-05 1.718866434405510036e-04 2.090860362237578632e-04 8.398862426216265401e-04 7.214254990671638279e-05
2.813161452254863693e-01 1.903108029149080949e-01 1.282238006864892532e-01 3.924616038903852707e-05 1.000000000000000021e-08 1.006719702360253841e-05 1.792115378294349210e-05 1.021420369990830259e-05 1.000000000000000021e-08 1.715316048723357259e-05 2.144250242327753130e-04 3.913648209212299624e-05 2.135356545509653099e-05 3.503797064280924831e-05 1.843318910874488316e-05 1.808203541179532293e-05 1.724501949662502270e-05 1.548228848732154073e-04 1.230734156268637825e-04 2.679525111599855331e-05 5.563785866265910586e-05 1.000000000000000021e-08 1.000000000000000021e-08 2.514072569834620307e-05 8.850998500874567303e-05 1.073645808517748653e-03 9.512345119969771445e-02 1.214752207381211875e-02 2.696606230007924103e-04 1.906717989154015037e-04 6.730333027522030192e-05 7.970310336530548364e-05 3.969164429323098679e-05 2.655827587228906054e-04 2.507992027848774948e-04 5.909209262587532784e-04 9.402764217702578870e-05
1.184573387643917796e-03 1.838674424567956767e-01 2.171583857158660702e-01 1.488328379258458123e-01 3.724153929139734429e-05 6.185792113977457859e-05 1.421712466836660086e-05 1.000000000000000021e-08 2.594772857134460621e-05 5.847512468352134550e-05 2.045432137620272406e-04 4.104458827548254868e-05 1.000000000000000021e-08 4.975417349965506408e-05 1.635181845183229118e-05 1.000000000000000021e-08 2.941356729031553718e-05 2.139090818120809284e-04 1.236571683370507049e-04 1.000000000000000021e-08 5.217734413738578251e-05 1.000000000000000021e-08 1.000000000000000021e-08 1.000000000000000021e-08 4.786449446209632306e-04 5.008543854748850194e-02 4.929305925118548232e-02 7.873464639708432217e-03 2.697361356405267177e-04 1.605029389742739605e-04 1.000000000000000021e-08 8.871791119295161497e-05 4.132566533810293907e-05 2.418642389133294959e-04 5.404109524548213498e-04 7.747368752845334820e-04 6.546259786518305148e-04
1.291668660613323532e-04 3.179134335103538794e-04 1.454664284563240706e-01 2.100972400288529940e-01 1.405362118430596163e-01 1.318225849044688794e-04 1.000000000000000021e-08 1.000000000000000021e-08 5.263557225592642907e-05 8.094840934114825594e-05 2.112869031471394413e-04 5.167840105192381676e-05 1.976793530073172616e-05 7.438165057311930701e-05 1.913992696470619370e-05 4.203437804944747114e-05 2.516306601013390152e-04 1.500160908633317258e-05 1.464497621480339199e-05 3.093952238330040401e-05 7.911795640429760443e-05 1.061338531409564080e-05 1.000000000000000021e-08 1.000000000000000021e-08 4.389895934947674316e-05 2.856474596700119342e-02 7.499156291675680708e-02 4.635825474012965700e-03 1.378331761310739657e-04 1.135756674387325741e-04 6.829985363342259280e-05 7.703758163527182087e-05 1.049572017824698883e-04 1.027906760283979959e-03 8.513417055459355110e-04 8.592495601199249145e-04 6.792800303826494008e-04
3.152463637799438143e-04 1.937183088892297639e-04 7.611682080563188105e-04 1.407573974679658668e-01 1.713319375508444709e-01 1.049458975006743455e-01 2.859867530962577142e-05 1.439037298860632753e-05 6.805039169518944052e-05 1.392631874987198225e-04 2.411128574496443594e-04 6.696991592198107024e-05 4.586524407574619534e-05 7.222234787771839959e-05 3.619548874460978746e-05 6.680944018230140617e-05 2.100822204210075084e-04 1.434763481534704490e-05 1.390628388103314062e-05 2.197962984888980417e-05 1.000000000000000021e-08 2.052138869878620330e-05 1.000000000000000021e-08 1.000000000000000021e-08 8.668914387290845610e-05 6.651887832700381642e-02 3.762759875639110074e-02 1.367116920249898454e-03 1.699331243268236715e-04 1.181718377875746160e-04 1.298412610879365412e-04 1.898569639126379874e-04 1.484355297559250921e-04 1.000000000000000021e-08 2.361110055182416285e-04 7.748520987384372675e-04 1.339126189982550903e-03
2.820065281978772652e-04 2.850797763456200461e-04 2.898673453597725943e-04 3.905724203337806403e-04 1.066523244818105010e-01 1.051557768991947389e-01 1.045848157965836300e-01 9.506736341692787460e-05 4.646047409237059867e-05 1.832633669534686660e-04 2.747770878771646670e-04 8.511765468970546175e-05 5.267720334708239491e-05 1.122950260283313675e-04 3.570132299508537197e-05 1.249886596579217416e-04 2.071417080642649498e-04 2.108291334255732533e-05 2.039759113400147763e-05 2.518037167597686043e-05 1.000000000000000021e-08 2.921586437181825893e-05 1.000000000000000021e-08 1.000000000000000021e-08 1.100467140618134181e-04 8.481693028908948717e-02 2.362746481146993024e-02 5.921174745195245540e-04 2.675366279629709781e-04 2.919812782670131324e-04 1.853236658915678118e-04 5.345063742600084908e-05 1.573450809410543338e-05 5.481508767939522093e-05 3.013471883964644106e-05 4.572365092841253946e-05 1.948582200442057673e-04
4.200513478892249977e-03 2.854815469410885292e-03 2.252218601313479319e-03 2.214365242600694998e-03 3.150547900989403294e-02 1.150326533588889727e-01 4.483901397994379812e-01 1.558346348695796579e-03 4.606621692544963793e-05 2.541126740566400626e-04 6.863145712245395820e-05 1.309339856986965354e-04 9.639933608668762417e-05 9.538966204619478005e-05 6.231554962503698639e-05 1.183200261975665284e-04 1.056963055806902946e-04 2.116745035258201126e-05 2.017304563439289958e-05 2.693463518551580119e-05 1.311321618155624592e-05 1.177061024078271872e-04 1.000000000000000021e-08 1.000000000000000021e-08 5.423891493818495946e-02 5.314622234694389713e-02 1.931413821890001770e-02 9.753793829866993885e-04 8.333409043756001382e-05 2.029939239995345727e-04 6.427386883572211700e-05 4.769186685667261947e-05 4.717807674371458140e-05 5.544144444072077784e-05 4.663943428386064832e-05 3.105433191832350026e-04 7.213075449179846745e-05
8.785872327930521405e-03 1.176824799077487785e-02 7.537067358969288047e-03 7.990341506332460098e-03 2.206984354841756354e-02 1.047334153351062030e-01 4.192069223719911975e-01 3.792017925960862179e-01 3.409005612380071049e-01 3.467570823851660600e-01 3.515086087651893565e-01 3.549611973171918899e-01 1.781624574007147077e-01 1.107580822163337919e-01 3.394405853439180776e-02 2.932496322280408671e-02 9.781491954260385785e-03 3.518185585719992399e-05 3.435068662040890070e-05 7.855229641241749509e-05 1.119346815310781032e-04 1.746195812890231176e-04 4.412728272453098099e-05 4.076066075203012284e-02 4.256246482395326797e-02 2.672531466065063838e-02 1.000000000000000021e-08 1.000000000000000021e-08 1.000000000000000021e-08 1.000000000000000021e-08 9.592945258087034566e-05 9.004505454784002283e-05 6.747406927551747658e-05 4.630256619365591604e-05 7.343456259867255261e-05 4.111611686304565249e-05 1.220126067293859267e-04
3.064119795985298638e-03 2.713580531562829502e-03 1.553067508297382472e-02 2.013301110556159693e-02 1.130885233588736494e-01 5.398676167509392637e-02 1.202316949426294893e-03 7.725548790447588077e-04 8.286859274806306118e-04 6.065835665632242357e-04 7.314203729283098561e-04 9.977265123285658510e-04 1.788848114965563008e-01 2.891800247579817684e-01 3.824028718502068269e-01 3.470627812677028468e-01 3.832987561553710121e-01 3.420422743564868195e-01 3.368774556453666413e-01 3.961974901499139556e-01 1.715730382579991288e-03 2.977431497258004414e-04 3.680665080324847793e-02 3.520901709897185372e-02 2.827032495627783068e-02 1.350635252223319691e-02 5.584073326447535073e-05 1.231548864285262608e-05 1.000000000000000021e-08 1.000000000000000021e-08 1.323797455544694127e-04 1.095930709930113616e-04 7.657915509812822873e-05 4.749304631542091391e-05 1.852137502074582929e-04 5.938023825166688705e-05 2.392730392267529470e-04
2.139112840117545714e-03 1.082681897585311553e-02 7.127681550575437966e-03 7.543273897122501799e-03 6.038297881644540122e-03 2.947297385868947669e-03 3.735234822177876273e-04 2.607791044418476855e-04 5.403215654930004682e-05 2.984367829226756315e-05 2.752851737942654960e-04 1.708656448856272375e-04 1.719309235407517021e-04 5.633777018718594569e-04 3.298072592761598903e-04 2.439867053845735240e-04 2.270043366093277835e-04 3.679369555532100398e-04 6.583149110105325681e-05 3.209552425889020122e-01 4.661429340717032632e-01 4.478410952419857316e-01 4.303105496919633621e-01 3.804314415219085532e-01 2.044353041212524161e-02 8.765997076728385129e-03 1.000000000000000021e-08 1.000000000000000021e-08 5.540356898886103000e-05 1.000000000000000021e-08 1.000000000000000021e-08 1.000000000000000021e-08 1.000000000000000021e-08 1.957566990870555318e-05 2.128688929615002977e-04 1.093604887587124947e-04 4.291970017024118972e-04
1.049592991473240547e-02 5.728711289970616141e-03 6.352818241520030197e-03 1.984185852105085565e-03 1.002253134358657921e-03 5.802680548178891550e-04 4.035393372240453054e-04 2.448794477584005451e-04 2.925594352360039912e-05 1.000000000000000021e-08 3.009602092642439186e-04 1.397519311330920415e-04 7.148152980263117108e-05 7.191897957268461648e-05 1.389732575908627559e-04 8.878608051053409837e-05 1.187171564988068287e-04 1.322828353835339934e-05 1.000000000000000021e-08 9.743824868881739395e-05 8.611085135333860314e-05 1.729105608721387410e-04 6.731229704188607848e-04 4.564087576589072603e-01 3.873585731195480775e-01 6.095614862742008977e-03 1.000000000000000021e-08 5.210782035240323719e-05 1.000000000000000021e-08 1.000000000000000021e-08 1.000000000000000021e-08 1.000000000000000021e-08 1.000000000000000021e-08 2.408331460222537060e-05 1.578291085221289082e-05 1.473166038418491461e-04 4.432259147930747321e-04
5.094675144928104138e-03 2.398741913024746326e-03 7.741731011048525336e-04 2.362816049011608687e-04 4.936986086161543157e-04 1.000075109518604589e-04 6.772001422790578195e-05 5.424666067199168537e-05 1.000000000000000021e-08 3.374082866612286823e-05 3.180201906774930763e-04 6.801330327405383366e-05 5.917981518060705501e-05 4.427848195172468914e-05 1.083243860161858552e-04 3.200956370646923716e-05 1.041699130556748208e-04 4.120785861836255998e-05 1.000000000000000021e-08 2.024052111379284682e-05 1.000000000000000021e-08 1.707965878737892086e-05 2.211137396901901640e-05 3.856724255932622927e-03 4.471321704463349644e-01 3.738893198274599317e-01 8.669830949081545131e-05 2.864619619632325617e-05 1.000000000000000021e-08 1.000000000000000021e-08 1.000000000000000021e-08 1.000000000000000021e-08 1.515360212703685847e-05 1.239498864357723718e-05 7.464198881292221396e-05 1.901569546615341783e-04 5.069836150267369168e-04
