output/water_depth_5640.asc
ncols 223
nrows 158
xllcorner 0.0
yllcorner 0.0
cellsize 30.0
[rows 51 to 67 of 158, columns 74 to 110 of 223]
1.000000000000000021e-08 1.000000000000000021e-08 1.000000000000000021e-08 1.215478908521044129e-05 1.710790108948258533e-05 2.309274946738783433e-05 2.842668837444836043e-05 3.462202737023016834e-05 4.122137975792277114e-05 3.467988171324582912e-05 5.394440125750527416e-05 4.301415982126598827e-05 4.443632506019416106e-05 3.638181654394787723e-05 3.601728849474930045e-05 3.539096834409529628e-05 2.362557229155784740e-05 1.896086500093831017e-05 2.188866408833976728e-05 8.710093640897998216e-05 7.965353423415026288e-05 1.000000000000000021e-08 1.000000000000000021e-08 5.537185379611687079e-05 6.746924682227048138e-05 1.000000000000000021e-08 1.490935193772674618e-05 2.405865103067424433e-05 2.281977282105031801e-05 2.289661853259524496e-05 3.684043663151613285e-05 1.000000000000000021e-08 4.780077345948693148e-05 1.826375717125699246e-04 3.281200839551049353e-05 1.000000000000000021e-08 1.000000000000000021e-08
1.000000000000000021e-08 1.000000000000000021e-08 1.000000000000000021e-08 1.137112951732298858e-05 1.213488932149530185e-05 1.364677908350018309e-05 9.767886247730637962e-05 1.097423708714698675e-04 1.144819366326836613e-04 1.228271385604565874e-04 1.000000000000000021e-08 1.000000000000000021e-08 2.999224423774099376e-05 3.767706200323095114e-05 5.342767651829899059e-05 7.317945077830811202e-05 4.282204065284151009e-05 1.000000000000000021e-08 1.000000000000000021e-08 6.014905189587898843e-05 7.636744670873022334e-05 6.956687456667638031e-05 7.588175697174872529e-05 6.530710789817996387e-05 6.077646910082206588e-05 3.542876270626951356e-05 2.204889629145394796e-05 1.635824035416354172e-05 2.557852251030246244e-05 5.012291796263062421e-05 5.041667241640623989e-05 5.721285195835932946e-05 5.747446837398796269e-05 5.195922009343453428e-05 1.000000000000000021e-08 1.000000000000000021e-08 1.000000000000000021e-08
9.165481437981346348e-05 8.687800452480333338e-05 8.580584167265639856e-05 1.000000000000000021e-08 1.000000000000000021e-08 1.000000000000000021e-08 1.000000000000000021e-08 9.505851435436630604e-05 1.092590669895025194e-04 1.119520965661385776e-04 8.706688065129133448e-05 1.000000000000000021e-08 1.000000000000000021e-08 1.930712053083267311e-05 1.295353393205801371e-05 1.000000000000000021e-08 4.303219938751572517e-05 1.000000000000000021e-08 1.000000000000000021e-08 4.616156365285499524e-05 7.014380040870002171e-05 7.290221659190478565e-05 1.000000000000000021e-08 1.000000000000000021e-08 1.000000000000000021e-08 1.000000000000000021e-08 1.000000000000000021e-08 1.000000000000000021e-08 2.157736807031842920e-05 2.651223057766522695e-05 3.054562840249820248e-05 5.064999736950599681e-05 5.183628981460359998e-05 6.391329165021662794e-05 1.000000000000000021e-08 2.215794621698138000e-05 2.061568302375868801e-05
3.203639915695596512e-05 6.180983995226803503e-05 1.000000000000000021e-08 1.000000000000000021e-08 1.000000000000000021e-08 1.000000000000000021e-08 1.596292722475831869e-05 1.000000000000000021e-08 1.000000000000000021e-08 1.000000000000000021e-08 6.494491599937203617e-05 1.000000000000000021e-08 3.487373989655668469e-05 1.000000000000000021e-08 1.000000000000000021e-08 3.065113800434285239e-05 6.061824607222154692e-05 6.402011034190819108e-05 1.000000000000000021e-08 3.531568054396374895e-05 6.399726933859828989e-05 1.000000000000000021e-08 1.000000000000000021e-08 1.000000000000000021e-08 1.000000000000000021e-08 1.000000000000000021e-08 1.000000000000000021e-08 1.000000000000000021e-08 3.187693291051095214e-05 3.137276219542832413e-05 3.839129783319947416e-05 1.000000000000000021e-08 1.000000000000000021e-08 5.083705153237277137e-05 1.294108850580165089e-04 1.408275357631556541e-04 6.651911117950365067e-05
3.180575506934086471e-05 1.000000000000000021e-08 1.000000000000000021e-08 1.000000000000000021e-08 1.000000000000000021e-08 1.000000000000000021e-08 2.116342072153896769e-05 3.571299969245360757e-05 1.000000000000000021e-08 1.000000000000000021e-08 6.164790301097299128e-05 1.000000000000000021e-08 1.000000000000000021e-08 1.000000000000000021e-08 1.910879404642710504e-05 1.000000000000000021e-08 1.000000000000000021e-08 1.000000000000000021e-08 1.000000000000000021e-08 1.000000000000000021e-08 5.427488889179993097e-05 3.981291326976403746e-05 1.000000000000000021e-08 1.000000000000000021e-08 1.000000000000000021e-08 1.000000000000000021e-08 1.392734931667649324e-05 5.473445837959827029e-05 3.373243531640442578e-05 3.808966825105646731e-05 4.378377362532058791e-05 3.485980483005694889e-05 3.187173228607701196e-05 4.932101273773896851e-05 4.392505059943214589e-05 1.110026846004354828e-04 1.433454840337903614e-04
1.000000000000000021e-08 1.000000000000000021e-08 1.000000000000000021e-08 1.000000000000000021e-08 1.000000000000000021e-08 1.000000000000000021e-08 2.052151642908002019e-05 1.000000000000000021e-08 1.000000000000000021e-08 1.000000000000000021e-08 6.514756354967023188e-05 1.000000000000000021e-08 1.000000000000000021e-08 1.000000000000000021e-08 2.213369804176323633e-05 1.000000000000000021e-08 1.000000000000000021e-08 1.000000000000000021e-08 1.000000000000000021e-08 1.077364523930415593e-05 4.969344709366892453e-05 5.579714754449838942e-05 4.219570137182614838e-05 1.000000000000000021e-08 1.000000000000000021e-08 1.000000000000000021e-08 3.518059986843575935e-05 6.465058592909490149e-05 5.533942975070238392e-05 6.476307884399199377e-05 1.000000000000000021e-08 1.000000000000000021e-08 1.000000000000000021e-08 3.445848072132971470e-05 1.000000000000000021e-08 1.000000000000000021e-08 1.517041846905127034e-04
1.000000000000000021e-08 1.000000000000000021e-08 1.000000000000000021e-08 1.000000000000000021e-08 1.000000000000000021e-08 1.000000000000000021e-08 1.929566107930584721e-05 1.000000000000000021e-08 1.000000000000000021e-08 1.000000000000000021e-08 5.430415884507024929e-05 5.162929631538176024e-05 1.000000000000000021e-08 1.000000000000000021e-08 1.000000000000000021e-08 2.231247100021989407e-05 1.000000000000000021e-08 1.000000000000000021e-08 1.000000000000000021e-08 1.224327729524570442e-05 3.477377179443624973e-05 5.365238543840018467e-05 1.000000000000000021e-08 1.385719911356593461e-05 2.588564589206619054e-05 1.000000000000000021e-08 1.000000000000000021e-08 5.789113711723191451e-05 9.259174554460412919e-05 8.685182569499395779e-05 1.000000000000000021e-08 1.000000000000000021e-08 1.000000000000000021e-08 2.826905370044586064e-05 2.408371355556833418e-05 3.483029949411635959e-05 1.296585088519716785e-04
1.000000000000000021e-08 1.000000000000000021e-08 1.000000000000000021e-08 1.000000000000000021e-08 1.000000000000000021e-08 1.000000000000000021e-08 1.000000000000000021e-08 1.000000000000000021e-08 1.000000000000000021e-08 1.000000000000000021e-08 5.216909179395344163e-05 1.000000000000000021e-08 1.000000000000000021e-08 1.000000000000000021e-08 1.000000000000000021e-08 2.736730434537132029e-05 1.000000000000000021e-08 1.000000000000000021e-08 1.314952109363382143e-05 1.885814822381607224e-05 3.031037260672013586e-05 6.608366810978885783e-05 1.000000000000000021e-08 3.316892064523058143e-05 6.470376956771434337e-05 1.000000000000000021e-08 1.000000000000000021e-08 7.186117114556571860e-05 1.048665805620037941e-04 1.004420213272492910e-04 1.028348851243629351e-04 1.000000000000000021e-08 2.188619529123715117e-05 1.000000000000000021e-08 2.617295349424301972e-05 4.370146511879629549e-05 1.000000000000000021e-08
1.000000000000000021e-08 1.000000000000000021e-08 1.000000000000000021e-08 1.159111672531176686e-05 1.040531612887595678e-05 1.000000000000000021e-08 1.268585343187931264e-05 1.296331954813849350e-05 1.267592578437886215e-05 3.340018353715480616e-05 1.000000000000000021e-08 1.000000000000000021e-08 1.000000000000000021e-08 1.000000000000000021e-08 1.000000000000000021e-08 1.000000000000000021e-08 1.000000000000000021e-08 1.488154241792061615e-05 1.000000000000000021e-08 1.000000000000000021e-08 2.657156764923882910e-05 4.695667498123242870e-05 1.000000000000000021e-08 1.000000000000000021e-08 6.410770603372982696e-05 1.000000000000000021e-08 1.000000000000000021e-08 6.151273250665319681e-05 1.085114075468613623e-04 1.074525689194654528e-04 8.529731386618264399e-05 1.000000000000000021e-08 1.000000000000000021e-08 1.481170312700184400e-05 3.639825521790908890e-05 1.000000000000000021e-08 2.453828230016084894e-05
1.115328625452575749e-05 1.300829347191331176e-05 1.099606568650903196e-05 2.526825420253366597e-05 2.699720377097704357e-05 3.978402396277503267e-05 3.742849652248912077e-05 5.232652337012662911e-05 4.268907280301464501e-05 5.688135035422677683e-05 4.807372406836335748e-05 6.299071737985535366e-05 1.940974290946750498e-05 3.309197801884118483e-05 2.730080748452914490e-05 1.743884100550035951e-05 1.456803722021573678e-05 3.062371499602329272e-05 1.000000000000000021e-08 1.000000000000000021e-08 2.063345550014785451e-05 1.000000000000000021e-08 1.000000000000000021e-08 1.000000000000000021e-08 5.477420649038996662e-05 1.000000000000000021e-08 1.000000000000000021e-08 4.869138543411639133e-05 1.021117153568483547e-04 1.143272728467411366e-04 1.067977406884413813e-04 1.000000000000000021e-08 1.000000000000000021e-08 1.000000000000000021e-08 5.410189120979038265e-05 3.655117678881846427e-05 4.406234883056093935e-05
2.014050599972252737e-04 2.303941823173246523e-04 2.668369259284153797e-04 2.322786508288977609e-04 1.619204182551500998e-04 1.477803926773210773e-04 1.367399204061310917e-04 1.279975169184971028e-04 1.911037173229531013e-04 2.601029807217363626e-04 2.888950459022902742e-04 3.450130115937963152e-04 7.622202488264373228e-05 6.488909678849367785e-05 8.273203331718854666e-05 3.089803836017406089e-05 3.549127779483545727e-05 1.135132014013674146e-05 1.000000000000000021e-08 7.084666922755557988e-05 7.634331071755605207e-05 6.479055408531382608e-05 1.000000000000000021e-08 1.000000000000000021e-08 1.000000000000000021e-08 1.000000000000000021e-08 1.374408571332157139e-05 1.000000000000000021e-08 1.000000000000000021e-08 1.000000000000000021e-08 1.131965249814783790e-04 8.043212159105404358e-05 1.000000000000000021e-08 1.000000000000000021e-08 4.999719321066268152e-05 1.000000000000000021e-08 1.000000000000000021e-08
2.786966651766739308e-04 2.070954519398874997e-04 1.563798068476556110e-04 1.000000000000000021e-08 7.908958577761758904e-05 1.000000000000000021e-08 1.000000000000000021e-08 1.306682215961373509e-05 1.307786801858953197e-05 2.515040092886064877e-05 4.389963878366168898e-05 1.000000000000000021e-08 1.000000000000000021e-08 1.000000000000000021e-08 1.000000000000000021e-08 2.618610474401685188e-05 1.904003769610413272e-05 2.569899952088831467e-05 2.130915677202987606e-05 3.125406142667880961e-05 2.848736689952466729e-04 1.358320919302019795e-05 1.000000000000000021e-08 1.000000000000000021e-08 2.459866793247656084e-05 1.000000000000000021e-08 2.399062585138871123e-05 2.210730598510586819e-05 1.000000000000000021e-08 1.000000000000000021e-08 6.035678118644377548e-05 1.000000000000000021e-08 1.000000000000000021e-08 1.000000000000000021e-08 5.138325585321561358e-05 1.000000000000000021e-08 1.000000000000000021e-08
1.826466968907628288e-03 1.217556561628981883e-03 3.777097366496705690e-04 5.701024086761396527e-04 4.132818827049399468e-04 1.275224921996271580e-03 8.991606172814795971e-04 5.699272393971651978e-04 4.355618462460841660e-04 3.487824883380584765e-04 2.571861029101339333e-04 1.859274187768798563e-04 1.000000000000000021e-08 1.000000000000000021e-08 1.000000000000000021e-08 1.000000000000000021e-08 1.000000000000000021e-08 1.097373935575198759e-05 2.237978576381436006e-05 2.034851774208948168e-05 5.471868969993737335e-05 5.743777548040099643e-05 7.475309122016889074e-05 6.214413380107966544e-05 1.000000000000000021e-08 1.000000000000000021e-08 1.000000000000000021e-08 2.749514486532998454e-05 2.445438549525252045e-05 1.000000000000000021e-08 1.000000000000000021e-08 1.000000000000000021e-08 1.000000000000000021e-08 1.000000000000000021e-08 1.000000000000000021e-08 1.000000000000000021e-08 1.340012607359105606e-05
5.392722438558537543e-03 6.030239325278203416e-03 6.714794699538249000e-03 4.946402725536906513e-03 5.081560271000908069e-03 3.505884465853758691e-03 2.561225154424315656e-03 1.966278403571243821e-03 2.791664244672842875e-03 6.904882286589454632e-03 4.752253840564094577e-03 3.036381530907683590e-03 1.928564005787998569e-03 2.684350398602226265e-04 8.123212896943591763e-05 1.310874534913566633e-04 1.118748914854473999e-04 3.507833221467930498e-03 2.217769989696484999e-03 1.411784354443394686e-03 9.105508872898804458e-04 6.044101623766584466e-04 4.200036054191174100e-04 6.134794506805045251e-04 4.880515078326768503e-05 4.056890173910199644e-05 1.000000000000000021e-08 1.000000000000000021e-08 3.832050420251034234e-05 1.000000000000000021e-08 1.000000000000000021e-08 1.000000000000000021e-08 1.000000000000000021e-08 1.000000000000000021e-08 1.158698677065441030e-05 1.000000000000000021e-08 1.806098030956783903e-05
9.420395496814793542e-04 8.040243398300046026e-04 7.567596903302884533e-04 4.791751543091997932e-03 7.048795763356834401e-03 8.281072383251908073e-03 9.074930811234598743e-03 9.654503557387617008e-03 9.136182553539951359e-03 6.225356056879946531e-03 5.619419473042711402e-03 4.464245662076172898e-03 3.647774305877491633e-03 4.199176939487124158e-03 3.064271408102302741e-03 4.647045098349036202e-03 5.438777872766011913e-03 3.803582418840506345e-03 4.674219444014728053e-03 3.272258951464913045e-03 2.277370600760074415e-03 1.586383984081834921e-03 1.283657530316527568e-03 1.797232287188111840e-04 1.797043932813016621e-04 1.415094163186860171e-04 4.363236033919650852e-05 7.383111305039089889e-05 1.000000000000000021e-08 1.000000000000000021e-08 1.000000000000000021e-08 1.269270535720846274e-05 1.027188099471380329e-05 1.000000000000000021e-08 1.000000000000000021e-08 1.000000000000000021e-08 2.168056785772487488e-05
6.991178295136830792e-04 5.484114728106997223e-04 6.893655290390248791e-04 6.489310980576074419e-04 4.805988881376481101e-04 3.382557461200723890e-04 2.481368503857474261e-04 2.121785806038162595e-04 1.678879658017934503e-03 3.424850918308848134e-04 5.255116407062001074e-03 6.773432117356624656e-03 7.866329558812428652e-03 6.127753107774766214e-03 6.540646301268511660e-03 3.416608171578544573e-03 2.404946972415943594e-03 2.209836837189365754e-03 1.771470650056228930e-03 2.849778661755385158e-03 2.587539806637396880e-03 2.355488919616600084e-03 1.796918510172516425e-03 1.582385395202565506e-03 2.109955852304574195e-04 2.703442145288959485e-04 2.111979153632941595e-04 8.780991893108283761e-05 1.457418057591893369e-04 1.000000000000000021e-08 1.000000000000000021e-08 1.000000000000000021e-08 1.000000000000000021e-08 1.000000000000000021e-08 1.000000000000000021e-08 1.000000000000000021e-08 2.583389022457834077e-05
1.686073604885740302e-04 7.965655385248565450e-05 5.850958218056221370e-04 6.045611096101995933e-05 4.938386917514786192e-05 6.362598348372395889e-05 6.509259115235462652e-05 6.748156662327707165e-04 5.549529988056163890e-04 1.174963549624648859e-04 3.011284207066991948e-04 5.960051574989777643e-04 1.082911974328034039e-03 1.064621418464070006e-03 4.052543788360386985e-03 3.412369536379381615e-03 9.586679452757635497e-04 1.063922265879968564e-03 1.135290191184419812e-03 1.998910106527410600e-03 1.877301523060219759e-03 1.465701451653444488e-03 1.312984154182508020e-03 1.673540594152647058e-03 1.860292580162198599e-03 2.656564075601408094e-03 1.920504049647833115e-03 2.654789262225766555e-03 2.579580581978200594e-03 2.769125384699019921e-03 8.860314396760606568e-04 1.259831204207400007e-03 1.970438671545780330e-04 1.039466563662544494e-04 1.000000000000000021e-08 1.000000000000000021e-08 1.000000000000000021e-08
