output/water_depth_3720.asc
ncols 223
nrows 158
xllcorner 0.0
yllcorner 0.0
cellsize 30.0
[rows 34 to 50 of 158, columns 74 to 110 of 223]
3.569568428570166294e-03 1.036603676782555435e-03 2.650026279461280710e-03 2.140633075931372593e-03 4.054638691339564863e-04 5.575165813853077143e-04 4.160232569626811793e-04 3.147502754790309511e-04 2.532603898230638005e-04 3.690971166325150406e-05 4.334277171475616407e-05 7.319949083118037537e-05 1.000000000000000021e-08 1.000000000000000021e-08 1.000000000000000021e-08 1.000000000000000021e-08 1.000000000000000021e-08 1.000000000000000021e-08 5.153918680877964966e-05 9.107742300901526240e-05 1.000000000000000021e-08 1.000000000000000021e-08 1.000000000000000021e-08 1.000000000000000021e-08 1.333706998598643893e-05 1.000000000000000021e-08 1.000000000000000021e-08 1.000000000000000021e-08 1.677698481891695407e-05 1.000000000000000021e-08 1.000000000000000021e-08 1.000000000000000021e-08 1.453809528040582917e-05 1.000000000000000021e-08 1.569688091731762097e-05 1.000000000000000021e-08 1.000000000000000021e-08
2.226215004585127121e-03 1.616795188008906484e-03 2.496910799405918820e-03 2.040048341932190062e-03 2.537112148212923059e-03 2.476654641892067719e-03 4.401756163792488845e-03 3.874550833387988003e-03 5.992048863280250923e-03 2.039201954977580555e-03 1.662423762187268490e-03 5.171941650932484341e-04 7.643506607104278957e-04 1.380800246263927823e-03 9.344906851845602999e-04 6.585009633976446602e-04 5.430587600019613108e-05 4.390184119929218783e-05 5.904836205591770066e-04 1.000000000000000021e-08 2.548872965453210420e-05 1.000000000000000021e-08 1.000000000000000021e-08 1.000000000000000021e-08 1.000000000000000021e-08 1.000000000000000021e-08 1.000000000000000021e-08 1.000000000000000021e-08 3.094319688023749380e-05 1.000000000000000021e-08 1.000000000000000021e-08 1.617551850866306520e-05 1.000000000000000021e-08 1.000000000000000021e-08 2.010496428569230007e-05 1.000000000000000021e-08 1.318940336523875389e-04
4.350347156042686002e-04 1.044298695995336378e-03 1.403229719687301702e-03 2.435821348605394024e-03 2.551546715270353385e-03 3.486412949539654301e-03 2.321269954376648827e-03 3.274812457355201663e-03 2.104717352952238489e-03 5.871405934561186798e-03 6.064437984608902869e-03 7.967948077524777267e-03 6.683552069541012428e-03 8.397703547262595769e-03 7.684750570593552182e-03 1.380053468607955053e-02 8.921876085002208856e-03 6.146044654612163767e-03 4.327550099279551914e-03 3.083094193258834048e-03 2.015377992425974353e-03 1.355897856084940139e-03 8.909446745015245795e-04 5.937184125095422817e-04 5.600310436901637833e-05 4.527756898613357277e-05 1.000000000000000021e-08 1.000000000000000021e-08 1.000000000000000021e-08 1.994374733403438035e-05 1.000000000000000021e-08 1.000000000000000021e-08 1.000000000000000021e-08 1.000000000000000021e-08 2.610906346319091673e-05 3.994407648421706062e-05 1.000000000000000021e-08
1.143075071934367468e-04 1.196446714742507763e-04 1.516094408119694238e-04 2.257734269669086822e-04 3.022754032538655907e-04 9.443205358350519323e-05 8.058695457503845731e-05 2.523008755843995742e-05 4.404385895321745697e-05 1.382768822507372208e-05 1.000000000000000021e-08 1.736781330094304280e-05 2.604880659738197676e-05 3.563305381498507707e-05 4.726402429621420379e-05 5.945691143037978507e-05 8.577042998830632786e-03 1.152748361065998248e-02 1.056900509183045407e-02 8.144593153013700987e-03 1.034627190489298409e-02 9.162849308430559558e-03 8.335368785327307642e-03 3.507084189081789011e-03 3.991099556583806510e-03 2.248560136068110480e-03 3.344896306950066798e-04 2.144078253144253443e-04 1.716401273111586075e-04 1.000000000000000021e-08 1.000000000000000021e-08 1.000000000000000021e-08 1.000000000000000021e-08 1.166473123344361360e-05 3.504706538634752561e-05 4.808815799101532831e-05 1.303729507182854470e-04
2.144416637608695939e-05 3.887494347588251739e-05 6.923796189803607746e-05 5.301354768904356076e-05 1.640939253437972422e-05 1.000000000000000021e-08 1.261463851503006750e-05 1.400536765248031232e-05 1.503371403302072195e-05 1.000000000000000021e-08 1.000000000000000021e-08 1.000000000000000021e-08 1.000000000000000021e-08 1.000000000000000021e-08 1.000000000000000021e-08 1.000000000000000021e-08 4.726307343374317436e-05 1.507923564126563486e-04 1.527023996771117488e-04 1.998967635638725559e-04 1.527663097075794411e-04 2.149241563274696936e-03 3.815976142972556107e-03 8.857075505036412708e-03 1.003392351651515198e-02 1.212299988595649282e-02 6.939833114641133678e-03 5.005448867908725806e-03 1.475964919588692702e-03 4.653020937375224216e-04 3.918928406310288382e-04 1.214402705890989953e-04 1.986660303189235447e-04 3.896664429475715612e-03 2.802945428769498468e-03 1.247011300948280832e-02 3.978937582369358565e-03
6.676717631902076436e-05 5.430931779338982733e-05 3.681786728151977993e-04 1.509785304907874034e-05 1.000000000000000021e-08 1.000000000000000021e-08 1.000000000000000021e-08 1.000000000000000021e-08 1.000000000000000021e-08 1.000000000000000021e-08 1.000000000000000021e-08 1.000000000000000021e-08 1.000000000000000021e-08 1.000000000000000021e-08 1.000000000000000021e-08 1.000000000000000021e-08 5.026185391922771895e-05 7.310427038352647810e-05 1.159704264809185357e-04 1.480612038362560923e-04 5.345570917847806882e-04 4.187393980446393535e-04 3.433279624380171824e-04 5.333859471604890812e-04 2.980836060657727268e-03 1.183209678435198468e-02 1.464900447315979279e-02 1.060217598457759841e-02 1.244192600395404441e-02 1.142144398830896232e-02 1.776534288767432981e-02 1.190755294060109187e-02 1.582897227671594201e-02 1.464194288691899118e-02 1.808708956187497080e-02 1.118821695664247960e-02 1.706657094507741182e-02
1.000000000000000021e-08 1.000000000000000021e-08 1.000000000000000021e-08 1.030932279594330789e-05 1.000000000000000021e-08 1.000000000000000021e-08 1.000000000000000021e-08 1.000000000000000021e-08 1.000000000000000021e-08 1.000000000000000021e-08 1.000000000000000021e-08 1.000000000000000021e-08 1.000000000000000021e-08 1.000000000000000021e-08 1.000000000000000021e-08 4.352919034179643831e-05 1.000000000000000021e-08 4.447436040484041309e-05 6.636023521915052146e-05 3.968622340588248351e-04 4.117678027756195287e-04 7.715045096043631617e-05 1.081958522798539944e-04 4.871166304889391636e-04 4.042939390769225197e-04 3.225524399969637609e-04 3.709601355101976340e-03 5.017306752215346458e-03 6.240173499322070570e-03 7.333175821194985212e-03 9.050113216709875993e-03 9.812065524997396274e-03 6.324285854473757178e-03 4.085351749858892947e-03 2.642979288239810220e-03 4.178109223088418344e-04 2.672012424486732850e-04
1.000000000000000021e-08 1.000000000000000021e-08 1.000000000000000021e-08 1.000000000000000021e-08 1.000000000000000021e-08 1.000000000000000021e-08 1.508083291857857673e-05 2.703692421625320647e-04 1.000000000000000021e-08 1.000000000000000021e-08 1.342554724818141149e-05 1.000000000000000021e-08 1.000000000000000021e-08 2.573816503758661397e-05 6.867645411148066894e-05 1.000000000000000021e-08 1.000000000000000021e-08 1.000000000000000021e-08 1.545904297331499256e-05 9.447164994981460098e-05 1.417524714713858114e-04 1.677343468202425049e-04 1.415761899661163519e-04 1.237483993207823003e-04 1.000000000000000021e-08 1.000000000000000021e-08 2.825592799274208457e-05 2.381769179077112295e-04 1.112290978222458228e-05 1.000000000000000021e-08 1.219536271077075318e-05 4.153444640443387754e-05 1.000000000000000021e-08 1.438981457936667581e-05 1.000000000000000021e-08 1.000000000000000021e-08 1.000000000000000021e-08
1.000000000000000021e-08 1.000000000000000021e-08 6.684592949385078525e-05 1.000000000000000021e-08 1.000000000000000021e-08 1.000000000000000021e-08 1.032402026429441466e-05 1.000000000000000021e-08 1.000000000000000021e-08 1.000000000000000021e-08 1.000000000000000021e-08 3.343624290331429372e-05 6.332354403956798349e-05 1.000000000000000021e-08 4.312309524822646126e-05 1.000000000000000021e-08 1.000000000000000021e-08 1.000000000000000021e-08 1.000000000000000021e-08 1.697839882650813053e-05 1.211397465694309574e-05 1.088986662276217765e-04 1.000000000000000021e-08 1.000000000000000021e-08 1.000000000000000021e-08 1.000000000000000021e-08 1.245625648547082589e-05 2.718186916408300426e-05 3.310222176350982056e-05 1.000000000000000021e-08 1.000000000000000021e-08 4.577536824636971877e-05 1.000000000000000021e-08 1.000000000000000021e-08 7.743001344229070602e-05 1.000000000000000021e-08 1.000000000000000021e-08
1.000000000000000021e-08 1.000000000000000021e-08 1.107204336296070180e-05 1.000000000000000021e-08 1.000000000000000021e-08 1.000000000000000021e-08 1.000000000000000021e-08 1.000000000000000021e-08 1.000000000000000021e-08 1.341237823729302792e-05 3.277120715501483702e-05 3.050120678829843082e-05 3.233565661258003715e-05 1.000000000000000021e-08 5.063308967491131026e-05 7.719222961842415749e-05 9.298908426221583028e-05 1.000000000000000021e-08 1.000000000000000021e-08 1.000000000000000021e-08 1.000000000000000021e-08 1.169198275844975235e-04 1.000000000000000021e-08 1.000000000000000021e-08 1.585027989587407205e-05 1.594730511948250408e-05 3.199670124085208470e-05 1.000000000000000021e-08 1.000000000000000021e-08 6.789986690271723594e-05 3.854891676645501802e-05 5.346611042902909308e-05 7.205711917283042227e-05 8.851056318711336397e-05 9.368435572718567005e-05 7.638476774013935845e-05 1.000000000000000021e-08
1.000000000000000021e-08 1.000000000000000021e-08 1.000000000000000021e-08 1.000000000000000021e-08 1.000000000000000021e-08 1.176072497127539070e-05 1.000000000000000021e-08 1.000000000000000021e-08 1.000000000000000021e-08 1.000000000000000021e-08 1.000000000000000021e-08 1.900242501848541454e-05 1.000000000000000021e-08 4.619778149177756603e-05 5.134333080721746790e-05 6.074523463298474882e-05 6.097392296402531000e-05 5.794892373352961043e-05 1.000000000000000021e-08 3.848772318577468502e-05 8.645138111934661538e-05 1.132231556788784765e-04 1.090579133007990793e-04 2.822454376192701865e-05 1.712697398840276646e-05 3.112017867628669773e-05 2.755948982087878829e-05 1.000000000000000021e-08 1.000000000000000021e-08 8.216719815215066771e-05 1.000000000000000021e-08 3.860932664088705005e-05 4.836633972359250286e-05 5.144521595317156374e-05 6.001400956236555972e-05 1.000000000000000021e-08 1.000000000000000021e-08
1.234960020263299889e-04 1.141701829119708340e-04 1.000000000000000021e-08 1.000000000000000021e-08 1.000000000000000021e-08 1.000000000000000021e-08 1.000000000000000021e-08 1.000000000000000021e-08 8.579188580639913011e-05 1.206900618843763141e-05 7.191745553445803765e-05 2.230638306803906388e-05 3.535295576706349137e-05 4.390854589657504841e-05 3.801252604310721445e-05 3.777477091720507415e-05 3.878007270326489485e-05 3.515991572355412707e-05 4.806586633479292033e-05 4.813586656211268824e-05 9.683019418859179449e-05 9.751452506804983206e-05 5.508346783080454116e-04 3.248376155508200396e-05 2.398678371721695791e-05 1.000000000000000021e-08 1.000000000000000021e-08 7.180420624229499004e-05 8.514622698277109431e-05 9.118865086136534082e-05 1.000000000000000021e-08 1.847929204380675429e-05 2.528705577284038011e-05 2.477854782669313688e-05 2.094277439278051874e-05 2.228784526028493399e-05 2.302237472780243869e-05
8.426353313630760556e-05 7.611750140362719846e-05 5.160093219211779597e-05 1.000000000000000021e-08 1.000000000000000021e-08 1.000000000000000021e-08 1.000000000000000021e-08 1.000000000000000021e-08 8.121007993587389575e-05 1.668283694593162723e-04 2.405250953146017569e-05 2.180630161598368175e-05 2.120881015481793430e-05 2.036174842220651670e-05 3.384010881600559847e-05 3.729905979716606907e-05 4.034114553315932075e-05 4.166949918753118566e-05 3.169707928631355611e-05 2.791219311879155737e-05 1.445852834269097077e-04 3.800852813764222745e-04 4.878035206935976459e-04 1.000000000000000021e-08 1.000000000000000021e-08 1.000000000000000021e-08 8.644075225851760938e-05 6.463884832144633347e-05 4.319022172274844263e-05 2.958715589308017952e-05 2.978449900501794155e-05 3.454227501663493551e-05 7.249573744254332629e-05 8.384914153923629415e-05 1.102618269176518456e-04 1.006131375864094765e-04 7.555975262973140482e-05
5.448586025835562341e-05 1.122835248532075622e-04 1.641485557426345841e-04 1.509267211228063912e-04 1.796270516718426603e-04 1.000000000000000021e-08 1.000000000000000021e-08 1.000000000000000021e-08 5.912085986776853698e-05 1.026416532722082152e-04 1.431245062537840726e-04 2.150517467236745235e-04 2.949784093855884110e-04 4.813380094450454318e-04 5.653008187572920252e-04 6.646843924011236601e-04 5.547495844724382183e-04 4.227153230712136014e-04 3.115539933494676267e-04 2.752999862951475583e-04 2.439546185907260896e-04 2.730364534132668857e-04 2.357809107023607685e-04 5.021732239059668515e-05 3.923269965075269788e-05 4.073201655339582278e-05 2.873807389858442003e-04 4.241891774540824619e-05 3.677358306411969945e-05 4.887108540251009652e-05 5.185508072490526652e-05 7.683107442986237591e-05 1.172257950205789819e-04 2.218352025612723138e-04 2.748526727789721985e-04 3.038038761572178434e-03 2.291938360633774454e-03
5.562086863659313466e-05 5.365098013579920583e-05 4.536671297760089413e-05 1.299665784493831962e-04 1.162177582900282780e-04 1.000000000000000021e-08 1.000000000000000021e-08 2.719939970455440570e-05 4.455494869969631004e-05 6.047549403711973917e-05 1.193555469116409326e-04 1.779165666277521740e-04 2.914661204070927072e-04 2.759979622875428831e-04 8.137095283272537431e-05 4.187979948983584896e-05 1.674516201366400305e-04 2.128019982683891328e-04 2.551362171118592981e-04 2.397049704655746893e-04 2.350498867061815756e-04 2.172205993963094526e-04 2.457224299596164974e-04 2.311830219627612933e-04 2.259285984206685642e-04 2.256371984943741438e-04 2.904884099495862551e-04 2.969272626255988379e-04 3.267468865101774873e-04 5.308509013984592665e-04 6.763052799415669811e-04 7.828374130674511065e-04 2.902042707614425465e-03 3.164033030289654155e-03 3.451301521188985134e-03 2.587512036878820455e-03 3.858539200113919598e-03
3.779014589918940656e-05 1.000000000000000021e-08 1.000000000000000021e-08 2.904230123758249344e-05 5.013825629370766515e-05 5.126380855822842812e-05 1.000000000000000021e-08 1.000000000000000021e-08 1.919345494331564921e-05 2.613464601622591014e-05 3.793983062732843103e-05 1.000000000000000021e-08 6.985864095101956199e-05 6.757216519089074755e-05 4.870541279830749461e-05 3.070728630509807422e-05 1.299172840979089720e-04 1.973433627443480387e-04 1.381408331808704087e-04 1.283711721799648197e-04 1.610393385533461657e-04 3.008399230893210293e-05 3.782371195751334361e-05 8.222252894960147213e-05 1.027075940227730594e-04 1.720261693475068387e-04 1.563240126900187436e-04 2.148213716582592309e-04 1.181755023783594497e-03 1.023520653998244651e-03 1.384635713453916984e-04 4.885574736371426946e-05 4.949027919824299811e-05 2.379486641735381272e-05 3.647630954712466214e-05 1.139464862935858402e-05 1.000000000000000021e-08
5.331825614723765730e-05 1.000000000000000021e-08 1.000000000000000021e-08 1.397992930037883947e-05 1.835925803753128178e-05 2.615383475118979018e-05 3.284227035977235889e-05 3.629977220164446459e-05 5.676709577016572406e-05 1.111374801236567235e-04 1.114761639941494248e-04 1.064227509735672048e-04 7.735453548192684433e-05 1.000000000000000021e-08 2.306143032030526967e-05 8.343841242116282325e-05 9.940662430253344682e-05 1.468523028882415564e-04 2.751559202327710243e-04 2.306773656056893191e-04 2.708036540504318314e-04 2.388147452523744141e-04 1.964280453901797168e-04 1.609712170958471189e-04 1.873096263405935719e-04 1.761839052842879394e-04 1.586396596241463708e-05 1.702385556306599025e-05 1.948631164865746257e-04 1.890248181599259419e-04 1.760671173813782922e-04 1.350331844662323887e-04 1.900546231680455881e-04 2.625236564917333239e-05 2.543569825915504852e-05 1.000000000000000021e-08 1.000000000000000021e-08
