output/water_depth_5880.asc
ncols 223
nrows 158
xllcorner 0.0
yllcorner 0.0
cellsize 30.0
[rows 136 to 152 of 158, columns 0 to 36 of 223]
1.000000100000000021e-05 1.000000100000000021e-05 1.000000100000000021e-05 1.000000100000000021e-05 1.000000100000000021e-05 1.000000100000000021e-05 1.000000100000000021e-05 1.000000100000000021e-05 1.000000100000000021e-05 1.000000100000000021e-05 1.000000100000000021e-05 1.000000100000000021e-05 1.000000100000000021e-05 1.000000000000000021e-08 1.000000000000000021e-08 1.013841495084035114e-05 1.650518317625239371e-05 1.613042274522700779e-05 1.000000000000000021e-08 1.000000000000000021e-08 1.000000000000000021e-08 1.000000000000000021e-08 1.000000000000000021e-08 1.000000000000000021e-08 1.000000000000000021e-08 1.000000000000000021e-08 1.000000000000000021e-08 1.000000000000000021e-08 2.671094205939945960e-05 3.019948179231878878e-05 6.725952400656806391e-05 4.767345616890033801e-05 7.537644260780914577e-05 4.193837521902412247e-05 1.334249671742723808e-04 1.000000000000000021e-08 1.000000000000000021e-08
1.000000100000000021e-05 1.000000100000000021e-05 1.000000100000000021e-05 1.000000100000000021e-05 1.000000100000000021e-05 1.000000100000000021e-05 1.000000100000000021e-05 1.000000100000000021e-05 1.000000100000000021e-05 1.000000100000000021e-05 1.000000100000000021e-05 1.000000100000000021e-05 1.000000100000000021e-05 1.000000000000000021e-08 1.000000000000000021e-08 1.000000000000000021e-08 1.145526252740900463e-05 1.000000000000000021e-08 1.000000000000000021e-08 1.000000000000000021e-08 1.000000000000000021e-08 1.000000000000000021e-08 1.000000000000000021e-08 1.000000000000000021e-08 1.000000000000000021e-08 1.000000000000000021e-08 1.000000000000000021e-08 2.313865510707139805e-05 3.171189226058415190e-05 7.218950704773762807e-05 4.960895351735970479e-05 8.815444910538716662e-05 4.136987177158393380e-05 6.030750600218088751e-05 5.010766604323650035e-05 1.000000000000000021e-08 1.066035602825589943e-05
1.000000100000000021e-05 1.000000100000000021e-05 1.000000100000000021e-05 1.000000100000000021e-05 1.000000100000000021e-05 1.000000100000000021e-05 1.000000100000000021e-05 1.000000100000000021e-05 1.824821148293135844e-05 3.090260537484960430e-05 4.674250450157125029e-05 6.432118575376215383e-05 5.561784663527206144e-05 1.000000000000000021e-08 1.000000000000000021e-08 1.000000000000000021e-08 1.000000000000000021e-08 1.000000000000000021e-08 1.000000000000000021e-08 1.000000000000000021e-08 1.000000000000000021e-08 1.000000000000000021e-08 1.000000000000000021e-08 1.000000000000000021e-08 1.000000000000000021e-08 1.000000000000000021e-08 1.000000000000000021e-08 2.746309705959421916e-05 8.071322122065908511e-05 5.402108071285256292e-05 9.014140874381997601e-05 5.480052961335424744e-05 4.634353435469825257e-05 3.959052323518109939e-05 1.661187652923244365e-05 1.000000000000000021e-08 1.000000000000000021e-08
1.000000100000000021e-05 1.000000100000000021e-05 1.000000100000000021e-05 1.000000100000000021e-05 1.000000100000000021e-05 1.000000100000000021e-05 1.000000100000000021e-05 1.000000100000000021e-05 1.000000100000000021e-05 1.000000000000000021e-08 1.000000000000000021e-08 1.000000000000000021e-08 3.809042871424435817e-05 3.691653146914625655e-05 3.964236297316530902e-05 3.383469720692238505e-05 3.213354611182691505e-05 3.086766097559819636e-05 2.897108199401191608e-05 3.504045764556768547e-05 2.842316280276633314e-05 1.000000000000000021e-08 1.000000000000000021e-08 1.000000000000000021e-08 1.000000000000000021e-08 1.000000000000000021e-08 1.957954720533386432e-05 7.340320757373954355e-05 6.841788496674873227e-05 9.628043521581449772e-05 5.299465399832749973e-05 8.854116881651174576e-05 1.000000000000000021e-08 1.000000000000000021e-08 1.832304102668008710e-05 1.000000000000000021e-08 1.000000000000000021e-08
1.000000100000000021e-05 1.000000100000000021e-05 1.000000100000000021e-05 1.000000100000000021e-05 1.000000100000000021e-05 1.000000100000000021e-05 1.000000100000000021e-05 1.000000100000000021e-05 1.000000100000000021e-05 1.000000000000000021e-08 1.000000000000000021e-08 1.000000000000000021e-08 3.267728695656535405e-05 4.561708291664035112e-05 5.176186893937901587e-05 4.918548862561907605e-05 5.014849836143813085e-05 5.928397064727432281e-05 9.038514047865721303e-05 1.296056143436709091e-04 1.000000000000000021e-08 1.000000000000000021e-08 1.000000000000000021e-08 1.000000000000000021e-08 1.000000000000000021e-08 1.954555823501954689e-05 4.750325335563577615e-05 6.760154102751787645e-05 1.506810663519192960e-04 4.600803252744643861e-05 7.709146677491784190e-05 1.000000000000000021e-08 1.000000000000000021e-08 1.000364273484100592e-05 1.652709712143619121e-05 1.000000000000000021e-08 1.000000000000000021e-08
1.000000100000000021e-05 1.000000100000000021e-05 1.000000100000000021e-05 1.000000100000000021e-05 1.000000100000000021e-05 1.000000100000000021e-05 1.000000100000000021e-05 1.000000100000000021e-05 1.000000100000000021e-05 1.000000000000000021e-08 1.000000000000000021e-08 1.558003233662472777e-05 3.499427024382114704e-05 1.000000000000000021e-08 1.000000000000000021e-08 4.586609805303088193e-05 5.573460580249699198e-05 1.000000000000000021e-08 1.789268232291216115e-05 2.241822435874640245e-05 1.000000000000000021e-08 1.000000000000000021e-08 1.000000000000000021e-08 1.000000000000000021e-08 5.873983626230603391e-05 6.368219265764687976e-05 3.691247789656126063e-05 1.737528926434484693e-04 1.505277261868810993e-04 1.000000000000000021e-08 2.038732268691733748e-05 1.000000000000000021e-08 1.000000000000000021e-08 1.000000000000000021e-08 1.244449512083865082e-05 1.000000000000000021e-08 1.000000000000000021e-08
1.000000100000000021e-05 1.000000100000000021e-05 1.000000100000000021e-05 1.000000100000000021e-05 1.000000100000000021e-05 1.000000100000000021e-05 1.000000100000000021e-05 1.000000100000000021e-05 1.000000100000000021e-05 1.000000000000000021e-08 1.452780831741595125e-05 2.312993548247520412e-05 4.135613464098675674e-05 3.314433867784331790e-05 2.398085704861696552e-05 4.250187569764536357e-05 1.000000000000000021e-08 1.000000000000000021e-08 1.000000000000000021e-08 1.000000000000000021e-08 1.000000000000000021e-08 1.000000000000000021e-08 1.000000000000000021e-08 1.000000000000000021e-08 1.000000000000000021e-08 3.647132780736702263e-05 1.183831928860511337e-04 2.228371124937906578e-04 1.499655662374019288e-05 1.000000000000000021e-08 1.055941440091215517e-05 3.587801239190557389e-05 3.108479153619719170e-05 1.000000000000000021e-08 1.000000000000000021e-08 1.000000000000000021e-08 1.000000000000000021e-08
1.000000100000000021e-05 1.000000100000000021e-05 1.000000100000000021e-05 1.000000100000000021e-05 1.000000100000000021e-05 1.000000100000000021e-05 1.000000100000000021e-05 1.000000100000000021e-05 1.000000100000000021e-05 2.510632639129162179e-05 4.442459622144046433e-05 8.514167289300608916e-05 8.669325641146042856e-05 7.738381269546352537e-05 6.037286373702586940e-05 1.000000000000000021e-08 1.637856214925205244e-05 5.332032395571335403e-05 3.647072225745435971e-05 1.000000000000000021e-08 1.000000000000000021e-08 1.000000000000000021e-08 1.000000000000000021e-08 1.427159921466777124e-04 1.007675635472334209e-05 1.192025787652472094e-04 1.041009723141059478e-04 1.779582825828791674e-04 1.584339905073522243e-04 1.055294029590111960e-04 1.000000000000000021e-08 1.983418902884358657e-05 1.444218275504529064e-05 1.000000000000000021e-08 1.000000000000000021e-08 1.000000000000000021e-08 1.000000000000000021e-08
1.000000100000000021e-05 1.000000100000000021e-05 1.000000100000000021e-05 1.000000100000000021e-05 1.000000100000000021e-05 1.000000100000000021e-05 1.000000100000000021e-05 1.000000100000000021e-05 1.000000100000000021e-05 1.000000100000000021e-05 1.000000100000000021e-05 1.000000100000000021e-05 5.924215131296789233e-05 1.506367807734587433e-04 3.126572461395094212e-04 1.714737688920674771e-04 6.316779917615764853e-04 6.152469015153505007e-03 1.260664526587819021e-03 1.511369293825319703e-05 1.000000000000000021e-08 1.215668937133221531e-05 1.664473305937266975e-05 1.290658204203433976e-03 1.732424781181218006e-03 1.737851051452144521e-04 2.210739155817102633e-04 1.402694130504345080e-04 1.243179304548375631e-04 1.000000000000000021e-08 2.849350125378795771e-05 1.000000000000000021e-08 1.000000000000000021e-08 1.000000000000000021e-08 1.000000000000000021e-08 1.000000000000000021e-08 1.000000000000000021e-08
1.000000100000000021e-05 1.000000100000000021e-05 1.000000100000000021e-05 1.000000100000000021e-05 1.000000100000000021e-05 1.000000100000000021e-05 1.000000100000000021e-05 1.000000100000000021e-05 1.000000100000000021e-05 1.000000100000000021e-05 1.000000100000000021e-05 1.000000100000000021e-05 6.568915926295177212e-05 2.392022363032747902e-04 4.081194083394305470e-04 5.579507126650888171e-04 4.429122040052596836e-04 2.867492171057304086e-04 8.263309474614750211e-03 1.854028030609368959e-03 1.967098693553688028e-03 1.702575854983063089e-03 1.046354253581046646e-02 1.341171846321560952e-03 1.022795181214660202e-03 1.337409886658839139e-03 1.137387130408185564e-04 5.135082976893277820e-05 2.526541782959224093e-05 2.183460029516550604e-05 1.320070094842047238e-05 1.000000000000000021e-08 1.000000000000000021e-08 1.000000000000000021e-08 1.000000000000000021e-08 1.000000000000000021e-08 1.380318772140819965e-05
1.000000100000000021e-05 1.000000100000000021e-05 1.000000100000000021e-05 1.000000100000000021e-05 1.000000100000000021e-05 1.000000100000000021e-05 1.000000100000000021e-05 1.000000100000000021e-05 1.000000100000000021e-05 1.000000100000000021e-05 1.000000100000000021e-05 1.000000100000000021e-05 1.109153308290361132e-04 1.991989216203941468e-03 1.989639449760612945e-04 1.604621657037319819e-04 2.296052622982627214e-05 2.254111027410058755e-05 2.140226937468130600e-05 2.309169469027811430e-05 7.711850123944795365e-05 2.446926668940010898e-03 1.000000000000000021e-08 1.000000000000000021e-08 1.000000000000000021e-08 7.303349468046445780e-04 5.609133542060101320e-04 3.215541714180640879e-04 2.689260001423131969e-04 6.649935981017362770e-05 1.000000000000000021e-08 1.000000000000000021e-08 1.000000000000000021e-08 1.000000000000000021e-08 1.271616092593784836e-05 1.259275781323644598e-05 1.355555369893091444e-05
1.000000100000000021e-05 1.000000100000000021e-05 1.000000100000000021e-05 1.000000100000000021e-05 1.000000100000000021e-05 1.000000100000000021e-05 1.000000100000000021e-05 1.000000100000000021e-05 1.000000100000000021e-05 1.000000100000000021e-05 1.000000100000000021e-05 1.000000100000000021e-05 1.000000100000000021e-05 9.219955549423617010e-05 1.148319006399087336e-04 1.187724626494037394e-05 1.640227233879865793e-05 1.000000000000000021e-08 1.000000000000000021e-08 1.000000000000000021e-08 9.100466670817397759e-05 1.178689725470313289e-04 2.126246790661405473e-04 4.667447811463590248e-04 5.869884425473859829e-04 1.155344379928274377e-03 1.373500934239777057e-03 2.037164650555610412e-03 1.680851467982610523e-02 4.724098849024191860e-05 9.032252333368250810e-05 1.125442421239280595e-05 1.282892879588074788e-05 1.921104755114310682e-05 2.062119346468994479e-05 2.054814837068840629e-05 2.103351577910965184e-05
1.000000100000000021e-05 1.000000100000000021e-05 1.000000100000000021e-05 1.000000100000000021e-05 1.000000100000000021e-05 1.000000100000000021e-05 1.000000100000000021e-05 1.000000100000000021e-05 1.000000100000000021e-05 1.000000100000000021e-05 1.000000100000000021e-05 1.000000100000000021e-05 1.000000100000000021e-05 5.677021512920816935e-05 7.917899426911607463e-05 1.506814005092127963e-05 4.363822315819770891e-05 7.048625357743690993e-05 1.180562455446560556e-04 1.649667170200039778e-04 1.354387113883520209e-04 1.006762291243213866e-04 1.086572495508881056e-04 5.012635176402567777e-04 2.386863691034898764e-04 1.000000000000000021e-08 1.229496886947129572e-04 1.119814620901061532e-04 1.284451271945644645e-02 3.165760116069635342e-03 1.887988553566322288e-03 1.220530650761721906e-03 1.332236943417101536e-04 6.199069789160964418e-04 3.213545541987039502e-04 2.168733107595030324e-04 1.000000000000000021e-08
1.000000100000000021e-05 1.000000100000000021e-05 1.000000100000000021e-05 1.000000100000000021e-05 1.000000100000000021e-05 1.000000100000000021e-05 1.000000100000000021e-05 1.000000100000000021e-05 1.000000100000000021e-05 1.000000100000000021e-05 1.000000100000000021e-05 1.000000100000000021e-05 1.000000100000000021e-05 7.083662146469856110e-05 1.000000000000000021e-08 1.000000000000000021e-08 1.000000000000000021e-08 1.000000000000000021e-08 1.643582388367371112e-05 2.267676479884073089e-05 2.647320671823239459e-05 2.721970379183595833e-05 1.720274236795544439e-05 4.752431682219522406e-04 1.000000000000000021e-08 3.648406443557274765e-05 2.794474061498192509e-05 4.080590302336737908e-05 3.563437050123513143e-05 2.916702714236831280e-05 1.483262049107775520e-03 3.112065016475054516e-04 3.578972692110221599e-04 2.536070012936008679e-03 2.988898644527583897e-03 3.381409991784729147e-03 3.603067322726351013e-03
1.000000100000000021e-05 1.000000100000000021e-05 1.000000100000000021e-05 1.000000100000000021e-05 1.000000100000000021e-05 1.000000100000000021e-05 1.000000100000000021e-05 1.000000100000000021e-05 1.000000100000000021e-05 1.000000100000000021e-05 1.000000100000000021e-05 1.000000100000000021e-05 1.000000100000000021e-05 2.855183512618960886e-05 3.724135002317380716e-05 1.798708926127200433e-05 1.000000000000000021e-08 1.000000000000000021e-08 1.000000000000000021e-08 1.000000000000000021e-08 1.354118095219771738e-05 3.974987373104822079e-05 3.627671706042252722e-03 6.337751141686539646e-04 1.098068051746346470e-04 5.419636137697025983e-05 5.851695205651221982e-05 4.093049163247939931e-05 1.000000000000000021e-08 1.000000000000000021e-08 2.916699623565886671e-04 2.865565147885276547e-04 1.665437195371221235e-03 1.370189616586041294e-03 1.095804223337226236e-03 7.324503309705164512e-04 3.941420078810679584e-05
1.000000100000000021e-05 1.000000100000000021e-05 1.000000100000000021e-05 1.000000100000000021e-05 1.000000100000000021e-05 1.000000100000000021e-05 1.000000100000000021e-05 1.000000100000000021e-05 1.000000100000000021e-05 1.000000100000000021e-05 1.000000100000000021e-05 1.000000100000000021e-05 1.000000100000000021e-05 1.373229926820889960e-05 1.683490277981389911e-05 1.339738139636303801e-05 1.000000000000000021e-08 1.000000000000000021e-08 1.000000000000000021e-08 1.000000000000000021e-08 1.000000000000000021e-08 1.518684433736640974e-05 1.984893048974096098e-04 2.665509857194651525e-05 1.000000000000000021e-08 4.166207638431775035e-05 7.962335522708462469e-05 2.566317579103479830e-04 4.420412183293916802e-04 3.341137896863067744e-04 2.281366862023986809e-04 3.413839028293180408e-05 7.743142295155127286e-04 9.103895313643239071e-04 1.010807163274498726e-04 1.477035125883510019e-04 1.000000000000000021e-08
1.000000100000000021e-05 1.000000100000000021e-05 1.000000100000000021e-05 1.000000100000000021e-05 1.000000100000000021e-05 1.000000100000000021e-05 1.000000100000000021e-05 1.000000100000000021e-05 1.000000100000000021e-05 1.000000100000000021e-05 1.000000100000000021e-05 1.000000100000000021e-05 1.000000100000000021e-05 1.000000000000000021e-08 1.000000000000000021e-08 1.221365832071262327e-05 1.564164695820278791e-05 2.738457563553355385e-05 4.012236157079701132e-05 6.056623992737344254e-05 8.494481923563655527e-05 1.467165974193806717e-04 1.067401441044262385e-04 1.276966614622174158e-04 1.573704317230177879e-04 1.824680568597044467e-04 2.111655619013166018e-04 2.039909546913843818e-04 1.250863522249900613e-04 1.000000000000000021e-08 1.000000000000000021e-08 2.023238900799181637e-05 1.649045209735004494e-05 2.246180220212210655e-05 3.533757112659326096e-05 1.018246103279384090e-04 1.000000000000000021e-08
