output/water_depth_1680.asc
ncols 223
nrows 158
xllcorner 0.0
yllcorner 0.0
cellsize 30.0
[rows 119 to 135 of 158, columns 0 to 36 of 223]
1.000000100000000021e-05 1.000000100000000021e-05 1.000000100000000021e-05 1.000000100000000021e-05 1.000000100000000021e-05 1.000000100000000021e-05 1.000000100000000021e-05 1.000000100000000021e-05 1.000000100000000021e-05 1.000000100000000021e-05 1.000000100000000021e-05 1.000000100000000021e-05 1.000000100000000021e-05 1.000000100000000021e-05 1.000000100000000021e-05 1.000000100000000021e-05 1.000000100000000021e-05 1.000000100000000021e-05 1.000000100000000021e-05 1.000000100000000021e-05 1.263130947328238536e-03 2.517547686438697738e-03 1.399529696451648139e-03 1.094733359943235668e-03 1.228047350985669688e-03 4.591504302146060933e-04 4.132788365208808811e-04 1.642862012466673126e-04 2.177312372498748901e-04 2.033788085288860579e-04 1.957439013605071334e-04 1.050144661018401698e-04 6.502746737158018441e-04 1.577017295417769242e-03 1.489373561204006009e-03 2.886552781765253789e-03 2.630173440271031844e-03
1.000000100000000021e-05 1.000000100000000021e-05 1.000000100000000021e-05 1.000000100000000021e-05 1.000000100000000021e-05 1.000000100000000021e-05 1.000000100000000021e-05 1.000000100000000021e-05 1.000000100000000021e-05 1.000000100000000021e-05 1.000000100000000021e-05 1.000000100000000021e-05 1.000000100000000021e-05 1.000000100000000021e-05 1.000000100000000021e-05 1.000000100000000021e-05 1.000000100000000021e-05 1.000000100000000021e-05 1.000000100000000021e-05 1.000000100000000021e-05 1.398350591204717479e-04 7.296622180671216056e-04 3.851567748153325067e-03 2.322688739186016486e-03 1.229154746357003425e-03 1.474832949820483905e-03 6.911084409082131081e-04 7.856377186122615475e-04 3.653787633825239392e-04 5.004672460754449508e-04 2.608885237745237257e-04 3.539929624371938735e-04 4.157130375751743722e-04 1.350260337805390043e-03 2.669756472814221061e-03 2.271993198139652184e-03 4.148837540497524179e-03
1.000000100000000021e-05 1.000000100000000021e-05 1.000000100000000021e-05 1.000000100000000021e-05 1.000000100000000021e-05 1.000000100000000021e-05 1.000000100000000021e-05 1.000000100000000021e-05 1.000000100000000021e-05 1.000000100000000021e-05 1.000000100000000021e-05 1.000000100000000021e-05 1.000000100000000021e-05 1.000000100000000021e-05 1.000000100000000021e-05 1.000000100000000021e-05 1.000000100000000021e-05 1.000000100000000021e-05 1.000000100000000021e-05 1.000000100000000021e-05 1.183288114253847246e-04 5.207028382164582145e-04 6.997706668764203542e-04 8.736703613317819885e-04 1.618358643672891759e-03 1.191621361423239990e-03 1.751211015930711958e-03 9.311802254078788707e-04 1.170004586363350765e-03 6.036019818354766871e-04 8.039648720529533974e-04 4.367157082806596090e-04 1.363132678616537936e-03 1.038708843228934760e-03 2.524647516599374912e-03 6.250364160999197227e-02 7.532258548644422957e-02
1.000000100000000021e-05 1.000000100000000021e-05 1.000000100000000021e-05 1.000000100000000021e-05 1.000000100000000021e-05 1.000000100000000021e-05 1.000000100000000021e-05 1.000000100000000021e-05 1.000000100000000021e-05 1.000000100000000021e-05 1.000000100000000021e-05 1.000000100000000021e-05 1.000000100000000021e-05 1.000000100000000021e-05 1.000000100000000021e-05 1.000000100000000021e-05 1.000000100000000021e-05 1.000000100000000021e-05 1.000000100000000021e-05 1.000000100000000021e-05 2.284874447832041739e-04 4.380873423414580062e-04 6.160010611780215514e-04 1.040513477200273942e-03 1.059401213651084851e-03 2.038534167069764973e-03 2.267418066228149912e-03 2.608509926122386854e-03 1.368904881743413741e-03 1.782468854546111550e-03 9.353687553120387235e-04 1.252713889842903923e-03 1.258129144078175580e-03 2.706893312291974545e-03 7.119481628315371680e-02 5.622495578030205915e-02 7.677111298655006633e-02
1.000000100000000021e-05 1.000000100000000021e-05 1.000000100000000021e-05 1.000000100000000021e-05 1.000000100000000021e-05 1.000000100000000021e-05 1.000000100000000021e-05 1.000000100000000021e-05 1.000000100000000021e-05 1.000000100000000021e-05 1.000000100000000021e-05 1.000000100000000021e-05 1.000000100000000021e-05 1.000000100000000021e-05 1.000000100000000021e-05 1.000000100000000021e-05 1.000000100000000021e-05 1.000000100000000021e-05 1.000000100000000021e-05 1.889732519398423230e-03 9.702748559806966162e-04 1.444936623633041655e-03 4.383692260983305944e-03 5.727450491697812923e-03 1.164822905675550954e-02 1.806052226661517338e-02 2.642635454952048726e-02 3.726509565694092335e-02 3.919206340177489728e-02 5.786624683952065057e-02 7.857970569006084149e-02 9.757064615157680365e-02 7.987295993330331689e-02 1.128044391141203306e-01 6.508104080959803417e-02 3.841941590160496967e-02 2.432775470115839875e-02
1.000000100000000021e-05 1.000000100000000021e-05 1.000000100000000021e-05 1.000000100000000021e-05 1.000000100000000021e-05 1.000000100000000021e-05 1.000000100000000021e-05 1.000000100000000021e-05 1.000000100000000021e-05 1.000000100000000021e-05 1.000000100000000021e-05 1.000000100000000021e-05 1.000000100000000021e-05 1.000000100000000021e-05 1.000000100000000021e-05 1.108106113280583161e-04 3.273828176373698418e-04 2.269272235789491794e-03 2.771615604942493510e-03 1.845975961736049222e-03 8.724144498145220685e-04 2.260374139828154154e-03 1.695770282598644228e-03 2.694043808626588564e-03 1.877236062245562880e-03 2.724467952408369999e-03 3.445694767313547350e-03 5.895772845155719359e-03 1.643162267234496779e-02 1.329660184783373715e-02 1.095530091357115217e-02 9.409597485877387382e-03 4.467321626941633123e-02 2.617852002209219986e-02 1.768000826094277833e-02 1.052951879959526139e-02 1.198504189898693881e-02
1.000000100000000021e-05 1.000000100000000021e-05 1.000000100000000021e-05 1.000000100000000021e-05 1.000000100000000021e-05 1.000000100000000021e-05 1.000000100000000021e-05 1.000000100000000021e-05 1.000000100000000021e-05 1.000000100000000021e-05 1.000000100000000021e-05 1.000000100000000021e-05 1.000000100000000021e-05 1.000000100000000021e-05 3.756211766696894850e-04 5.229660103758732633e-04 3.642449669125253113e-04 2.143926629286909628e-04 5.629169147625819828e-04 4.347891583095109410e-04 6.517861186064468314e-04 9.472821600854981631e-04 1.936823320198951832e-03 1.322804582027917305e-03 2.111474414150348467e-03 1.156835645027341590e-03 2.650407852581672385e-03 3.119310588336429626e-03 3.398883039742736992e-03 4.825842045331724811e-03 3.649813647794201976e-03 5.570586140496902074e-03 4.062854999536529357e-03 7.593127424611360692e-03 5.657705909917835375e-03 4.376703950701887023e-03 1.058409908073792809e-02
1.000000100000000021e-05 1.000000100000000021e-05 1.000000100000000021e-05 1.000000100000000021e-05 1.000000100000000021e-05 1.000000100000000021e-05 1.000000100000000021e-05 1.000000100000000021e-05 1.000000100000000021e-05 1.000000100000000021e-05 1.000000100000000021e-05 1.000000100000000021e-05 1.000000100000000021e-05 3.473008385012143562e-04 1.055746641249815331e-04 2.011298825579991266e-04 1.052029276104547029e-04 1.840638897003908777e-04 4.712874343061108527e-04 1.578051513817670505e-03 2.012612712971206808e-03 1.853847634962194632e-03 1.247360944518723742e-03 1.499782307775826594e-03 1.012110265824859179e-03 8.813692954525489389e-04 3.471618039528946622e-03 2.793315744118336601e-03 4.136591646944222378e-03 3.035905707678689287e-03 5.118132559825027544e-03 3.281907110860098151e-03 5.096963534494892284e-03 4.145548252609290024e-03 7.263880911993099432e-03 8.828785868857129057e-03 1.885882708999963089e-02
1.000000100000000021e-05 1.000000100000000021e-05 1.000000100000000021e-05 1.000000100000000021e-05 1.000000100000000021e-05 1.000000100000000021e-05 1.000000100000000021e-05 1.000000100000000021e-05 1.000000100000000021e-05 1.000000100000000021e-05 1.000000100000000021e-05 1.000000100000000021e-05 1.000000100000000021e-05 1.699003775928674376e-04 2.686761475675385319e-05 2.443647955842236569e-05 6.831029491268646333e-05 7.465573043403105904e-05 2.703076524227571078e-04 2.790283943364109767e-04 1.011599384907168166e-03 1.237413242652498063e-03 1.290089454311071308e-03 1.570569812660309447e-03 2.768586901614735092e-03 4.512517357875685427e-03 4.220715703091684583e-03 3.869948725924208990e-03 2.319792052903744094e-03 3.559693447361115225e-03 2.761903514472573932e-03 4.464197694926108455e-03 3.159131255218576226e-03 5.688342448526230791e-03 5.910807500951480511e-03 1.271158681747925484e-02 2.643315736792323928e-02
1.000000100000000021e-05 1.000000100000000021e-05 1.000000100000000021e-05 1.000000100000000021e-05 1.000000100000000021e-05 1.000000100000000021e-05 1.000000100000000021e-05 1.000000100000000021e-05 1.000000100000000021e-05 1.000000100000000021e-05 1.000000100000000021e-05 1.000000100000000021e-05 1.000000100000000021e-05 1.659415696194587678e-04 1.708997395940335025e-05 3.318588471463439931e-05 4.719636878408437928e-05 1.003743710180628418e-04 2.639776834238622446e-04 4.174503747432728538e-04 3.260289458588982742e-04 6.094720826381843900e-04 3.478892479724239421e-04 8.910789586225104824e-04 9.197533664175910808e-04 1.159164358304788471e-03 4.289296049651333993e-03 9.324673321624035683e-04 2.201166333767256948e-03 1.909599632952233483e-03 3.636808941153165005e-03 2.854284375602411487e-03 5.985902863469371935e-03 4.298522896811197286e-03 6.160283033182234642e-03 4.847597797025189267e-03 1.694402823084937074e-02
1.000000100000000021e-05 1.000000100000000021e-05 1.000000100000000021e-05 1.000000100000000021e-05 1.000000100000000021e-05 1.000000100000000021e-05 1.000000100000000021e-05 1.000000100000000021e-05 1.000000100000000021e-05 1.000000100000000021e-05 1.000000100000000021e-05 1.000000100000000021e-05 1.000000100000000021e-05 1.456389061552894933e-04 9.775362988043945710e-05 2.213485543449348735e-04 2.740498287588972884e-04 4.499644826734008852e-04 2.309908295348840710e-04 3.032227451057740281e-04 3.843736678448155019e-04 2.781443125846068789e-04 9.837407254638759133e-04 6.607221889482812636e-04 8.087389441311242273e-04 1.328263404149547262e-03 1.130370319128178643e-03 2.207582784326029939e-03 1.714742584351794819e-03 3.254217728332942788e-03 2.493963028550157113e-03 4.509953896104496734e-03 3.371655015290090686e-03 5.202738320823212768e-03 3.944303612829845596e-03 6.267595787041887329e-03 5.893824315839554795e-03
1.000000100000000021e-05 1.000000100000000021e-05 1.000000100000000021e-05 1.000000100000000021e-05 1.000000100000000021e-05 1.000000100000000021e-05 1.000000100000000021e-05 1.000000100000000021e-05 1.000000100000000021e-05 1.000000100000000021e-05 1.000000100000000021e-05 1.000000100000000021e-05 1.000000100000000021e-05 1.101445779994822551e-04 6.883020845252409842e-05 3.584984992105528958e-05 5.849877125157368156e-05 2.909635207378874681e-05 1.396092578210292399e-04 1.898687129189032658e-04 1.435575177938362311e-04 2.735000071443388658e-04 2.508368690676455342e-04 1.419887643379733923e-03 7.638798938941301258e-04 6.709386596603676093e-04 1.498669460222999249e-03 1.331798501811276049e-03 2.619780163884603743e-03 2.224982751860824816e-03 3.972436477675238969e-03 2.951330707624738592e-03 4.627525046171045674e-03 3.408536789098876290e-03 4.948472929409523935e-03 4.924208267084429456e-03 6.388728614464645600e-03
1.000000100000000021e-05 1.000000100000000021e-05 1.000000100000000021e-05 1.000000100000000021e-05 1.000000100000000021e-05 1.000000100000000021e-05 1.000000100000000021e-05 1.000000100000000021e-05 1.000000100000000021e-05 1.000000100000000021e-05 1.000000100000000021e-05 1.000000100000000021e-05 1.000000100000000021e-05 2.946772274906846672e-05 8.533352898998264086e-05 2.676426787496224960e-05 2.315184345839179666e-05 1.138988561488695584e-04 1.066600140686844214e-04 1.236275326223292036e-04 1.434840676826341661e-04 1.179852093650497682e-04 3.301550335043349936e-04 4.935877567282057890e-04 4.386237367423930227e-04 9.823247631718370551e-04 9.175653982773910623e-04 1.980620695006094986e-03 1.727776227531956912e-03 3.060748549209668483e-03 2.552802871931568029e-03 4.011529352872856592e-03 3.620854322727508953e-03 4.472423054562710797e-03 4.463107032791568951e-03 3.990223754890628513e-03 6.824457119795386204e-03
1.000000100000000021e-05 1.000000100000000021e-05 1.000000100000000021e-05 1.000000100000000021e-05 1.000000100000000021e-05 1.000000100000000021e-05 1.000000100000000021e-05 1.000000100000000021e-05 1.000000100000000021e-05 1.000000100000000021e-05 1.000000100000000021e-05 1.000000100000000021e-05 1.000000100000000021e-05 1.823139449952170210e-05 5.133053339774855519e-05 2.352637434512561856e-05 3.353786710224655249e-05 1.881466882309017230e-05 1.504624371772106623e-04 3.499845356198863229e-05 5.764205355108544242e-05 1.331161981045837534e-04 2.937233923841308498e-04 3.506169147283566372e-04 5.947331829027819629e-04 5.725830934641295460e-04 1.299615625306475061e-03 1.602289019286269210e-03 2.448629043113634100e-03 2.608430190536366756e-03 3.455795790432444545e-03 3.966912249538044263e-03 3.189076938840316577e-03 4.817980647119579629e-03 3.534574626181574870e-03 6.391263954541519937e-03 4.771189041919125622e-03
1.000000100000000021e-05 1.000000100000000021e-05 1.000000100000000021e-05 1.000000100000000021e-05 1.000000100000000021e-05 1.000000100000000021e-05 1.000000100000000021e-05 1.000000100000000021e-05 1.000000100000000021e-05 1.000000100000000021e-05 1.000000100000000021e-05 1.000000100000000021e-05 1.000000100000000021e-05 2.388510572311562500e-04 6.638804041399670904e-05 1.466732834665828718e-05 1.161996111438910989e-05 1.000000000000000021e-08 4.873028059444010104e-05 2.440154754928650397e-04 3.240449162536015852e-04 5.567921804517572335e-04 2.573230560306456749e-04 3.846929740767876093e-04 3.071570373145454018e-04 7.694279935129102240e-04 1.314841898214705708e-03 1.349753083945752453e-03 2.793276235257443653e-03 2.284237158050290029e-03 3.949669186426454405e-03 2.947501150586181486e-03 4.530972213558594718e-03 3.253966747094109730e-03 5.212572219216783133e-03 5.018723642303036386e-03 6.870412601083284061e-03
1.000000100000000021e-05 1.000000100000000021e-05 1.000000100000000021e-05 1.000000100000000021e-05 1.000000100000000021e-05 1.000000100000000021e-05 1.000000100000000021e-05 1.000000100000000021e-05 1.000000100000000021e-05 1.000000100000000021e-05 1.000000100000000021e-05 1.000000100000000021e-05 1.000000100000000021e-05 2.715236371727023181e-04 1.203985008852540174e-05 1.605587759698529448e-05 1.650445541682351187e-05 4.673990017080748320e-05 1.188678521103867528e-04 7.951251194376505668e-05 1.253294173600590891e-04 7.579739102483068524e-05 1.203748635182252372e-04 1.346820846753087660e-04 3.364953312814487484e-04 5.334340520537685787e-04 1.134836599208097381e-03 2.298978765726662765e-03 1.985224140641639670e-03 3.752266294520537060e-03 2.896084369014680082e-03 4.706914402614146425e-03 3.239777099100478366e-03 4.891718482781950463e-03 3.713037164014703490e-03 7.572400576641869635e-03 4.875232369563555282e-03
1.000000100000000021e-05 1.000000100000000021e-05 1.000000100000000021e-05 1.000000100000000021e-05 1.000000100000000021e-05 1.000000100000000021e-05 1.000000100000000021e-05 1.000000100000000021e-05 1.000000100000000021e-05 1.000000100000000021e-05 1.000000100000000021e-05 1.000000100000000021e-05 1.000000100000000021e-05 1.158119516483855483e-04 1.753991816001598694e-04 2.130796113871800973e-05 6.894789343010851619e-05 1.623910345396801548e-04 5.627522174595113577e-04 1.048437746941448788e-04 5.427838199171639998e-05 7.447444594097241404e-05 4.332169773535545540e-05 1.969546584719620945e-04 9.723439784262463519e-04 1.551218909099965921e-03 2.337034127444195808e-03 1.868661404052845195e-03 3.679196495554417842e-03 2.900309927951439867e-03 4.846726068816545330e-03 3.668660764408975591e-03 5.227554219961580775e-03 3.580904341250848097e-03 5.731332198683823306e-03 6.375718622776770095e-03 5.456690400087498222e-04
