output/water_depth_6120.asc
ncols 223
nrows 158
xllcorner 0.0
yllcorner 0.0
cellsize 30.0
[rows 0 to 16 of 158, columns 111 to 147 of 223]
1.000000100000000021e-05 1.000000100000000021e-05 1.000000100000000021e-05 1.000000100000000021e-05 1.000000100000000021e-05 1.000000100000000021e-05 1.000000100000000021e-05 1.000000100000000021e-05 1.000000100000000021e-05 1.000000100000000021e-05 1.000000100000000021e-05 1.000000100000000021e-05 1.000000100000000021e-05 1.000000100000000021e-05 1.000000100000000021e-05 1.000000100000000021e-05 1.000000100000000021e-05 1.000000100000000021e-05 1.000000100000000021e-05 1.000000100000000021e-05 1.000000100000000021e-05 1.000000100000000021e-05 1.000000100000000021e-05 1.000000100000000021e-05 1.000000100000000021e-05 1.000000100000000021e-05 1.000000100000000021e-05 1.000000100000000021e-05 1.000000100000000021e-05 1.000000100000000021e-05 1.000000100000000021e-05 1.000000100000000021e-05 1.000000100000000021e-05 1.000000100000000021e-05 1.000000100000000021e-05 1.000000100000000021e-05 1.000000100000000021e-05
1.000000100000000021e-05 1.000000100000000021e-05 1.000000100000000021e-05 1.000000100000000021e-05 1.000000100000000021e-05 1.000000100000000021e-05 1.000000100000000021e-05 1.000000100000000021e-05 1.000000100000000021e-05 1.000000100000000021e-05 1.000000100000000021e-05 1.000000100000000021e-05 1.000000100000000021e-05 1.000000100000000021e-05 1.000000100000000021e-05 1.000000100000000021e-05 1.000000100000000021e-05 1.000000100000000021e-05 1.000000100000000021e-05 1.000000100000000021e-05 1.000000100000000021e-05 1.000000100000000021e-05 1.000000100000000021e-05 1.000000100000000021e-05 1.000000100000000021e-05 1.000000100000000021e-05 1.000000100000000021e-05 1.000000100000000021e-05 1.000000100000000021e-05 1.000000100000000021e-05 1.000000100000000021e-05 1.000000100000000021e-05 1.000000100000000021e-05 1.000000100000000021e-05 1.000000100000000021e-05 1.000000100000000021e-05 1.000000100000000021e-05
1.000000100000000021e-05 1.000000100000000021e-05 1.000000100000000021e-05 1.000000100000000021e-05 1.000000100000000021e-05 1.000000100000000021e-05 1.000000100000000021e-05 1.000000100000000021e-05 1.000000100000000021e-05 1.000000100000000021e-05 1.000000100000000021e-05 1.000000100000000021e-05 1.000000100000000021e-05 1.000000100000000021e-05 1.000000100000000021e-05 1.000000100000000021e-05 1.000000100000000021e-05 1.000000100000000021e-05 1.000000000000000021e-08 1.000000000000000021e-08 1.327721161412594502e-05 1.996617717331430051e-05 6.654922910526043199e-03 1.000000100000000021e-05 1.000000100000000021e-05 1.000000100000000021e-05 1.000000100000000021e-05 1.000000100000000021e-05 1.000000100000000021e-05 9.644355940774665870e-05 6.915173463287752282e-05 7.584518247699838559e-05 4.811861876091028920e-05 1.000000100000000021e-05 1.000000100000000021e-05 1.000000100000000021e-05 1.000000100000000021e-05
1.883971132346636760e-04 2.252056837589205189e-04 2.637365447447578577e-04 1.983641033313030412e-04 1.457515808140202320e-04 1.112911468022287549e-04 9.236825702442732935e-05 6.165840590688558898e-05 5.473236224599838568e-05 1.514906448814526559e-04 2.148468746650416844e-04 1.760351555831460616e-04 2.043071049467891679e-04 2.620005305366852476e-04 3.051454839192066200e-04 3.430970168602448609e-04 2.506513027729452342e-04 1.881973167375805003e-04 1.388921117177524241e-04 9.470568001464632678e-05 1.684713102664797246e-04 8.488793692245061306e-03 5.996073011050531351e-03 7.444566841987967963e-04 3.884259708416476563e-04 4.252380403085213151e-04 8.429334926776942431e-05 1.257285082257213100e-05 1.338149042725576479e-05 1.760417406480160527e-04 8.030279213497595826e-05 4.632569434948372006e-05 4.205171473234748568e-05 3.629244521481406210e-05 1.493410714348673822e-05 1.000000100000000021e-05 1.000000100000000021e-05
1.000000000000000021e-08 1.000000000000000021e-08 1.764027765573789641e-05 1.334235077531328059e-04 1.402441499145616480e-04 2.259969178282726220e-04 1.877101020691084585e-04 1.490327144414435112e-04 2.049359018743961028e-04 3.555094389575027799e-04 4.249908020402948911e-04 2.298852122553801409e-04 1.901790212622147093e-04 2.420975409555440683e-04 2.811778884103043833e-04 2.119712639793784029e-04 3.201825584538151655e-04 4.494462861273103684e-04 5.592816594745089786e-04 7.105702972052317743e-04 7.874371585565287900e-04 6.594727020398338498e-04 6.554964005334473244e-04 6.942448609252068869e-04 7.458127713479773468e-04 8.657323229562240716e-04 1.747580406011856177e-04 2.469139970273890539e-05 2.991699670022862300e-05 2.532579554193115415e-04 7.312402092005309748e-05 4.574930040536558676e-05 1.000000000000000021e-08 1.000000000000000021e-08 1.000000000000000021e-08 3.733771194695815934e-05 2.303711960716428429e-05
1.000000000000000021e-08 1.000000000000000021e-08 1.977204294460798638e-05 1.137120698345420373e-04 1.323587336826825963e-04 1.392277754556047722e-04 2.841770445556412810e-04 2.795498226581501818e-04 3.194275470356126661e-04 1.000000000000000021e-08 1.000000000000000021e-08 1.500625474783445746e-04 1.667400846015157270e-04 1.177549442432750115e-04 8.207214745816336534e-05 1.501387479671243178e-04 1.118374825164229422e-04 8.171522475294566473e-05 6.125480692239259933e-05 1.000000000000000021e-08 1.754088313018358251e-04 6.898032853216844737e-04 2.468952803036691783e-03 4.130249208174194796e-03 2.366963792572702053e-03 2.214463752767916425e-03 2.295344998866523292e-03 2.929186126468363415e-04 6.387514719558391122e-04 2.727756599613753198e-03 7.035131272969354554e-05 2.640486998545033193e-05 2.918913867813516580e-05 3.267107647620580641e-05 3.223590477430492818e-05 3.372077615504863403e-05 3.463481502745924641e-05
1.864706711976923644e-04 1.791717974207993915e-04 1.662844557762703718e-04 1.836337321266934123e-04 1.000000000000000021e-08 1.000000000000000021e-08 3.179017602865521304e-05 3.630311854138754298e-04 2.209992600518238413e-04 1.189697716720012065e-04 3.325800553664212770e-05 2.162633106001240568e-04 1.134167700219461351e-04 1.121134832208721318e-04 1.080761624676490347e-04 1.704919545327698198e-04 3.550617953320702597e-03 4.371904188529885413e-04 1.000000000000000021e-08 1.000000000000000021e-08 2.730209846663319358e-04 3.233471901249732310e-03 2.420148194651836754e-03 1.828228725076003897e-03 4.207525057034453703e-03 5.236010204055326599e-03 6.186411829522178545e-03 6.223769342429926951e-03 2.399662244917373857e-02 3.397557144348803035e-04 1.367287277568879518e-04 5.958010629780640852e-05 6.593232843049822963e-05 5.152558046211286352e-05 4.466295636538397440e-05 3.931135628661970398e-05 2.295797759177655638e-05
1.000000000000000021e-08 1.000000000000000021e-08 1.009945801877580281e-04 1.000000000000000021e-08 1.000000000000000021e-08 1.000000000000000021e-08 1.000000000000000021e-08 1.000000000000000021e-08 1.000000000000000021e-08 1.000000000000000021e-08 6.151406726324413587e-05 4.608246322568717267e-04 4.483654347283001188e-04 1.199605129463459123e-03 2.015568826650861178e-03 2.355879900378022532e-03 2.661223332664861690e-03 1.304983292090830874e-02 2.009989023740262580e-03 1.488711777222425075e-03 2.298748480952027533e-03 3.845438118990266926e-03 5.179494403171661619e-04 3.452600756620710209e-04 2.785925777635421194e-04 2.053908111531947808e-04 1.685165795373213008e-04 1.290164402515990918e-03 6.242673547686009190e-03 1.088736033691350795e-03 4.277370154338736626e-05 4.776775614130322880e-05 1.000000000000000021e-08 1.000000000000000021e-08 1.000000000000000021e-08 1.000000000000000021e-08 1.000000000000000021e-08
1.000000000000000021e-08 1.344299988254336409e-04 1.781522845955030591e-04 4.192127725114588518e-04 2.852078989009493846e-04 1.991024819964442411e-04 1.000000000000000021e-08 1.000000000000000021e-08 1.000000000000000021e-08 1.000000000000000021e-08 1.055060843939744069e-03 1.368959608838257475e-03 1.256388074006824750e-03 1.102728433702773432e-03 7.327009570995227658e-04 5.076095022019297930e-04 3.252291609447798687e-04 2.525360769930257610e-04 1.762147544207337546e-03 2.397260316612288486e-03 1.763651976493530327e-03 2.251624166584042814e-03 3.242065380515204444e-04 1.800918793863943317e-04 1.000000000000000021e-08 1.755994821311019865e-05 2.071863339769423927e-05 1.435747036789755400e-04 4.340157401594632418e-03 4.212338016135130057e-03 3.701374535105269399e-05 1.000000000000000021e-08 1.000000000000000021e-08 1.000000000000000021e-08 1.000000000000000021e-08 1.000000000000000021e-08 1.000000000000000021e-08
1.786573135201566752e-04 1.459092992559971004e-04 1.923583984103839520e-04 1.612193356172084385e-04 2.622985179318051930e-04 2.259099895430887405e-04 1.247131599675948990e-04 6.361765979366960759e-05 2.508383158821091385e-05 7.980621927526977721e-05 5.219117770814685198e-03 6.608130719803860650e-04 4.337416230211391479e-04 2.740924807876866042e-04 3.020341003548669017e-04 1.215302459180825931e-04 7.136053756986882198e-05 1.000000000000000021e-08 1.307449691700665987e-05 1.289459173136416989e-05 3.219774853835739343e-05 1.000000000000000021e-08 1.000000000000000021e-08 1.291279823550046729e-04 1.191938296648564110e-04 8.893780244214893481e-05 7.180366911376538837e-05 1.131526049586147140e-04 4.480362034241014424e-03 4.384919459870372828e-03 1.000000000000000021e-08 1.000000000000000021e-08 1.000000000000000021e-08 1.000000000000000021e-08 1.000000000000000021e-08 1.000000000000000021e-08 1.000000000000000021e-08
1.000000000000000021e-08 1.000000000000000021e-08 1.000000000000000021e-08 1.000000000000000021e-08 2.278330122975139309e-04 5.051177285361388826e-04 5.460073999506816688e-04 3.727925930044360741e-04 2.870251351191973493e-04 6.971455620741783595e-04 1.385887259045310085e-03 1.000000000000000021e-08 2.113580490521780822e-05 3.019676350019753023e-05 3.280610639618392044e-05 1.458375843640424266e-03 1.000000000000000021e-08 1.000000000000000021e-08 1.000000000000000021e-08 1.637045136922495278e-05 1.883337458929213828e-05 2.074582659330779724e-05 2.004630482681723111e-05 9.576732259649558437e-05 1.381392406430603965e-04 1.246390943105034549e-04 9.356947940136945731e-05 1.000000000000000021e-08 4.618823716026307889e-03 4.552253490277627553e-03 1.259778477053816866e-05 1.000000000000000021e-08 1.000000000000000021e-08 1.000000000000000021e-08 1.000000000000000021e-08 1.000000000000000021e-08 1.000000000000000021e-08
1.680463815467193053e-04 1.829830333038030268e-04 2.070962043352329624e-04 2.195570653963432601e-04 2.708970424621342100e-04 6.670806986366989650e-04 7.164454811785104637e-04 3.968986646685023867e-04 4.934960117921788391e-04 5.506088454484210810e-04 7.611394030543180891e-04 1.284779701344840547e-04 1.078204132365588677e-05 1.067251233621981411e-05 1.166577174724313856e-05 1.014962067131971461e-05 1.000000000000000021e-08 1.000000000000000021e-08 1.000000000000000021e-08 2.339899975839454551e-05 3.226186869500770023e-05 1.000000000000000021e-08 1.943337319394873090e-05 7.855699696964372016e-05 1.253769007930852382e-04 1.321244592052749989e-04 1.279585352813724600e-04 9.774746066114087684e-05 4.766959872005607779e-03 4.721299914473114402e-03 2.365687044900140299e-05 1.282753070055199484e-05 1.000000000000000021e-08 1.000000000000000021e-08 1.000000000000000021e-08 1.000000000000000021e-08 1.000000000000000021e-08
2.491489335952104512e-04 2.668093232464651982e-04 3.019989961572211012e-04 2.588764636903289782e-04 5.367909563408259635e-04 4.133741384144963256e-04 4.755073274125272789e-04 4.211695013750101860e-04 4.942182554304746676e-04 5.868402167670866334e-04 5.059154224115564816e-04 3.019144386682369582e-04 1.512179116286157079e-04 5.995753178756460170e-05 3.213927964757587344e-05 5.146571739444928180e-05 1.000000000000000021e-08 1.000000000000000021e-08 1.000000000000000021e-08 2.163166059003136256e-05 1.000000000000000021e-08 1.000000000000000021e-08 1.000000000000000021e-08 8.056080748354525344e-05 1.170064450178564793e-04 1.467542275725673695e-04 1.866395723573431337e-04 3.282137272057677134e-04 5.718760833529279268e-03 5.708475550227186043e-03 1.000000000000000021e-08 1.000000000000000021e-08 1.000000000000000021e-08 1.000000000000000021e-08 1.000000000000000021e-08 1.000000000000000021e-08 1.251671742749390635e-05
1.958774906880780418e-04 2.684543152470176197e-04 2.306432457368374480e-04 5.441307499345765519e-04 3.880192160328696255e-04 4.802693216871867276e-04 4.764379455462916199e-04 6.528917454966077583e-04 8.186364037507120901e-04 5.880219680799957105e-04 4.210018338193334607e-04 4.109594698263252716e-04 2.877568462650279034e-04 1.000000000000000021e-08 2.832896175440860966e-05 4.378511345877528140e-05 3.169531228799827048e-05 1.000000000000000021e-08 1.000000000000000021e-08 1.000000000000000021e-08 1.000000000000000021e-08 1.000000000000000021e-08 1.248337907474144255e-05 8.032560357439958115e-05 2.038853035739812778e-03 1.641721427092215826e-04 1.766085172803558655e-04 2.194246611826397445e-04 5.347168667535394382e-02 5.554350291084594882e-02 5.504071792734436391e-02 1.477722906009240015e-04 1.000000000000000021e-08 1.000000000000000021e-08 1.277903164499625218e-05 1.000000000000000021e-08 1.000000000000000021e-08
1.828274323769622399e-04 1.650418263790355891e-04 3.199608497580085260e-04 3.150225139439146414e-04 1.000000000000000021e-08 1.158079862858989645e-05 2.258997389618565765e-05 1.793493513544215841e-04 1.585989530002197563e-04 1.639419453609676980e-04 3.117208799307614781e-04 4.116945856412701716e-04 2.949398464360186974e-05 1.893202064290765540e-05 1.591791392942041433e-05 1.000000000000000021e-08 4.000377995351914499e-05 2.313752986739098024e-05 1.000000000000000021e-08 1.000000000000000021e-08 1.000000000000000021e-08 1.082809152038877487e-05 8.126912835868966840e-05 1.032253345057704426e-04 1.000000000000000021e-08 9.853314795089547213e-05 1.000000000000000021e-08 3.781464437510676104e-05 5.142222566108065746e-02 5.511414718995574780e-02 5.475123116478537028e-02 9.589615479311052555e-04 1.405407012333618295e-04 2.376237807601286326e-05 1.656815429092997868e-05 1.000000000000000021e-08 1.000000000000000021e-08
7.026841582658125611e-05 6.205665880376023296e-05 6.119317933789667375e-05 6.078246380904482908e-05 2.923588722206631286e-05 1.669700083945878496e-05 1.217915216749013903e-05 2.825788278830445999e-05 1.756477861552711451e-05 1.632688259055653968e-05 3.041179682530585843e-04 5.494481981779323048e-04 7.459221834084910768e-04 6.235467477360863691e-04 1.145487669827524547e-03 1.193821741021274798e-03 9.668935251394230766e-04 6.565534116984231153e-04 4.305476701701023922e-04 2.482275868612756741e-05 1.992580166605136894e-05 4.244285167087240757e-05 7.158941050725577376e-05 9.780959288538344570e-05 9.484609994287448510e-05 8.789813546892080774e-05 1.000000000000000021e-08 3.384133078906727016e-05 3.954766911998862378e-02 6.089295431997824876e-04 6.930389944697994652e-04 9.816738654027765305e-04 1.424109279190961374e-03 1.394472328240455115e-03 1.325596968080096621e-03 1.338959288275938953e-03 1.197391720318491610e-03
3.272400562972970829e-05 2.914652027441335633e-05 2.886478735108828511e-05 2.103194069547778766e-05 1.000000000000000021e-08 1.000000000000000021e-08 1.589483232991351202e-05 2.697672059812643403e-05 3.135868834309617285e-05 3.405898489183777474e-05 2.560999118437793320e-05 6.421559564582832278e-05 1.000000000000000021e-08 4.446564578765231884e-04 3.346779561095486509e-04 2.129660090003477019e-04 1.509988469078865734e-04 6.638240424548142468e-05 5.390182355501107157e-04 3.809107125763798571e-05 7.539307600437132281e-05 7.027867436281426817e-05 7.989919541297219616e-05 1.021249487720099584e-04 1.184946848231411279e-04 1.139307212291437244e-04 7.609409433723738324e-05 8.082052548702598274e-03 8.674829997507198590e-03 9.640144573775633031e-05 1.355524321428805542e-04 1.079723208455852910e-04 1.469048835200304946e-04 1.705015769800626244e-05 1.902275318856167202e-05 1.979575980251136304e-05 2.183559164633734037e-05
