output/water_depth_9360.asc
ncols 223
nrows 158
xllcorner 0.0
yllcorner 0.0
cellsize 30.0
[rows 119 to 135 of 158, columns 185 to 221 of 223]
3.590722783859556523e-05 3.008451305036401180e-05 2.855788814937474166e-05 1.000000000000000021e-08 1.000000000000000021e-08 1.000000000000000021e-08 1.000000000000000021e-08 3.711019852347546572e-05 7.096131299245351035e-04 1.616269763711059571e-01 1.816270674011189745e-01 1.644164154636865161e-01 1.748250839442386517e-01 3.306874381541307349e-04 4.938152731126807602e-05 1.064982919833446230e-05 1.710301889077704018e-05 2.908047194247598735e-05 3.644597121634968092e-05 1.231138486434662761e-05 1.000000000000000021e-08 1.000000000000000021e-08 2.046910119067016199e-05 1.713186787345956287e-05 1.148118774741040779e-05 1.000000000000000021e-08 1.000000000000000021e-08 1.000000100000000021e-05 1.000000100000000021e-05 1.000000100000000021e-05 1.000000100000000021e-05 1.000000100000000021e-05 1.000000100000000021e-05 1.000000100000000021e-05 1.000000100000000021e-05 1.000000100000000021e-05 1.000000100000000021e-05
1.000000000000000021e-08 1.000000000000000021e-08 1.000000000000000021e-08 1.000000000000000021e-08 1.000000000000000021e-08 1.000000000000000021e-08 1.000000000000000021e-08 1.000000000000000021e-08 7.885961868519866520e-05 8.775490312553725636e-02 1.000000000000000021e-08 8.997272571252350193e-02 2.699197704315663918e-04 2.488628216096617379e-04 3.916821558201593825e-05 1.370399107938989936e-05 1.000000000000000021e-08 1.000000000000000021e-08 1.000000000000000021e-08 3.489038540771941709e-05 1.743957192897381566e-05 1.692900493000916312e-05 1.526130296330424296e-05 1.442607987413467600e-05 1.489081726734963558e-05 1.357429008421599067e-05 1.000000000000000021e-08 1.000000100000000021e-05 1.000000100000000021e-05 1.000000100000000021e-05 1.000000100000000021e-05 1.000000100000000021e-05 1.000000100000000021e-05 1.000000100000000021e-05 1.000000100000000021e-05 1.000000100000000021e-05 1.000000100000000021e-05
1.000000000000000021e-08 1.000000000000000021e-08 1.000000000000000021e-08 1.000000000000000021e-08 1.876950919566858686e-05 1.000000000000000021e-08 1.000000000000000021e-08 1.000000000000000021e-08 1.000000000000000021e-08 1.075735262594524344e-01 1.148569823259774636e-01 5.411845268912904988e-02 1.992773829432561983e-02 2.873340491000912723e-04 1.059466106939795896e-04 8.811856690717518735e-05 8.317750477869674010e-05 3.467481133042078886e-05 4.199883666362722772e-05 1.830331512101380056e-05 1.256547354588243922e-05 1.000000000000000021e-08 1.000000000000000021e-08 1.000000000000000021e-08 1.000000000000000021e-08 1.000000000000000021e-08 1.000000100000000021e-05 1.000000100000000021e-05 1.000000100000000021e-05 1.000000100000000021e-05 1.000000100000000021e-05 1.000000100000000021e-05 1.000000100000000021e-05 1.000000100000000021e-05 1.000000100000000021e-05 1.000000100000000021e-05 1.000000100000000021e-05
1.000000000000000021e-08 1.000000000000000021e-08 1.000000000000000021e-08 1.000000000000000021e-08 2.070145179264604342e-05 1.000000000000000021e-08 1.000000000000000021e-08 3.588289609710056897e-03 1.876005426873877391e-01 2.791637611313951273e-01 7.541171196066061289e-02 1.264676453982530313e-01 5.004582349136913431e-03 2.566799378111647711e-05 2.418952203761582474e-05 3.639956573745274263e-05 4.119834235221816966e-05 3.733809712627435647e-05 1.000000000000000021e-08 1.000000000000000021e-08 1.000000000000000021e-08 1.000000000000000021e-08 1.000000000000000021e-08 1.000000000000000021e-08 1.000000000000000021e-08 1.000000000000000021e-08 1.000000100000000021e-05 1.000000100000000021e-05 1.000000100000000021e-05 1.000000100000000021e-05 1.000000100000000021e-05 1.000000100000000021e-05 1.000000100000000021e-05 1.000000100000000021e-05 1.000000100000000021e-05 1.000000100000000021e-05 1.000000100000000021e-05
1.000000000000000021e-08 1.000000000000000021e-08 1.000000000000000021e-08 1.000000000000000021e-08 1.000000000000000021e-08 6.688985219138832150e-02 1.294171881398543389e-01 2.403062603830026234e-01 1.900420944789414091e-01 1.093354506506755532e-03 2.859689615671645938e-04 3.612322155238169600e-04 4.529964907587900354e-05 1.648544439855191573e-05 1.000000000000000021e-08 1.000000000000000021e-08 1.000000000000000021e-08 1.000000000000000021e-08 1.000000000000000021e-08 1.000000000000000021e-08 1.000000000000000021e-08 1.000000000000000021e-08 1.000000000000000021e-08 1.000000000000000021e-08 1.000000000000000021e-08 1.000000000000000021e-08 1.000000100000000021e-05 1.000000100000000021e-05 1.000000100000000021e-05 1.000000100000000021e-05 1.000000100000000021e-05 1.000000100000000021e-05 1.000000100000000021e-05 1.000000100000000021e-05 1.000000100000000021e-05 1.000000100000000021e-05 1.000000100000000021e-05
1.000000000000000021e-08 1.000000000000000021e-08 1.000000000000000021e-08 4.875412415504727930e-04 1.013258110788677197e-01 9.977588444992781247e-02 1.311932333551436292e-01 9.038187128605520808e-04 1.192198567471734749e-03 1.000000000000000021e-08 1.000000000000000021e-08 1.000000000000000021e-08 1.000000000000000021e-08 2.197096218898474256e-05 2.218729784363546620e-05 1.210658260229049465e-05 1.085765130955581086e-05 1.053055909382382866e-05 1.000000000000000021e-08 1.000000000000000021e-08 1.000000000000000021e-08 1.000000000000000021e-08 1.000000000000000021e-08 1.000000000000000021e-08 1.000000000000000021e-08 1.000000000000000021e-08 1.000000100000000021e-05 1.000000100000000021e-05 1.000000100000000021e-05 1.000000100000000021e-05 1.000000100000000021e-05 1.000000100000000021e-05 1.000000100000000021e-05 1.000000100000000021e-05 1.000000100000000021e-05 1.000000100000000021e-05 1.000000100000000021e-05
1.000000000000000021e-08 1.000000000000000021e-08 1.000000000000000021e-08 3.988120224183486608e-04 3.543214671761936163e-01 3.496932289337426059e-01 3.164832847739966460e-04 1.000000000000000021e-08 1.000000000000000021e-08 1.000000000000000021e-08 1.000000000000000021e-08 1.246315322625923687e-05 3.376494611247684696e-03 4.089383759911051873e-03 1.676695875226527041e-05 1.797403612270887991e-05 1.539808290980530022e-05 1.767425251892264953e-05 1.000000000000000021e-08 1.000000000000000021e-08 1.000000000000000021e-08 1.000000000000000021e-08 1.000000000000000021e-08 1.000000000000000021e-08 1.000000000000000021e-08 1.000000000000000021e-08 1.000000100000000021e-05 1.000000100000000021e-05 1.000000100000000021e-05 1.000000100000000021e-05 1.000000100000000021e-05 1.000000100000000021e-05 1.000000100000000021e-05 1.000000100000000021e-05 1.000000100000000021e-05 1.000000100000000021e-05 1.000000100000000021e-05
1.242482676604764384e-05 1.000000000000000021e-08 1.000000000000000021e-08 4.088780765091416304e-04 3.486491187627236421e-01 3.409953871677523507e-01 2.666227855399164225e-04 1.000000000000000021e-08 1.000000000000000021e-08 1.000000000000000021e-08 1.000000000000000021e-08 1.246795037347797664e-05 5.929028613940931763e-04 1.097036203385400472e-05 1.596821280689980134e-05 1.000000000000000021e-08 1.315916992446380295e-05 1.000000000000000021e-08 1.000000000000000021e-08 1.000000000000000021e-08 1.000000000000000021e-08 1.000000000000000021e-08 1.000000000000000021e-08 1.272068925678605422e-05 1.000000000000000021e-08 1.000000000000000021e-08 1.000000100000000021e-05 1.000000100000000021e-05 1.000000100000000021e-05 1.000000100000000021e-05 1.000000100000000021e-05 1.000000100000000021e-05 1.000000100000000021e-05 1.000000100000000021e-05 1.000000100000000021e-05 1.000000100000000021e-05 1.000000100000000021e-05
1.010641315825997220e-05 1.010351594473446242e-05 1.000000000000000021e-08 5.458754513206642454e-05 3.430878919791719439e-01 3.262202684286508170e-01 1.283324671225810360e-03 1.212925975729271731e-05 1.000000000000000021e-08 1.000000000000000021e-08 1.000000000000000021e-08 1.000000000000000021e-08 3.174012886005337492e-04 3.383403572672717186e-04 2.246720743248108049e-05 1.376238931708013847e-05 1.094483505422807729e-05 1.000000000000000021e-08 1.000000000000000021e-08 1.000000000000000021e-08 1.000000000000000021e-08 1.000000000000000021e-08 1.000000000000000021e-08 1.000000000000000021e-08 1.000000000000000021e-08 1.000000000000000021e-08 1.000000100000000021e-05 1.000000100000000021e-05 1.000000100000000021e-05 1.000000100000000021e-05 1.000000100000000021e-05 1.000000100000000021e-05 1.000000100000000021e-05 1.000000100000000021e-05 1.000000100000000021e-05 1.000000100000000021e-05 1.000000100000000021e-05
1.440513401826253521e-05 1.000000000000000021e-08 1.129338564664296150e-05 1.000000000000000021e-08 9.534540128883476793e-04 2.753746663197054745e-01 8.455245742060550499e-04 2.222971620778658951e-05 1.000000000000000021e-08 1.000000000000000021e-08 1.000000000000000021e-08 1.000000000000000021e-08 1.943397982707599568e-04 5.662033082701386230e-04 6.454872977120665962e-05 4.827116180613450305e-05 5.995625616469035763e-05 7.669597952596204720e-05 8.596649850184159554e-05 7.431357562722191849e-05 5.719362009309334794e-05 4.616115671569941890e-05 3.619024340969114308e-05 3.181015235482453885e-05 1.520156174088252276e-05 1.000000000000000021e-08 1.000000100000000021e-05 1.000000100000000021e-05 1.000000100000000021e-05 1.000000100000000021e-05 1.000000100000000021e-05 1.000000100000000021e-05 1.000000100000000021e-05 1.000000100000000021e-05 1.000000100000000021e-05 1.000000100000000021e-05 1.000000100000000021e-05
1.507551511041361030e-05 1.737315912463128551e-05 1.000000000000000021e-08 1.000000000000000021e-08 1.000000000000000021e-08 1.827610305901701260e-01 9.322318649582558847e-02 1.000000000000000021e-08 1.000000000000000021e-08 1.000000000000000021e-08 1.000000000000000021e-08 1.000000000000000021e-08 4.959802210538330394e-04 4.136174085446678436e-04 2.752237523891535339e-04 1.517190010179289886e-04 1.006059454005264628e-04 5.565156119211412067e-05 1.044334098639239802e-05 1.000000000000000021e-08 1.000000000000000021e-08 1.000000000000000021e-08 2.623547835457982268e-05 2.067439544810027960e-05 2.006596902758826545e-05 1.086901242039895526e-05 1.000000100000000021e-05 1.000000100000000021e-05 1.000000100000000021e-05 1.000000100000000021e-05 1.000000100000000021e-05 1.000000100000000021e-05 1.000000100000000021e-05 1.000000100000000021e-05 1.000000100000000021e-05 1.000000100000000021e-05 1.000000100000000021e-05
4.491429729826637888e-05 1.000000000000000021e-08 1.000000000000000021e-08 1.000000000000000021e-08 1.000000000000000021e-08 7.055350330813864312e-02 1.664135885070011922e-01 9.410380189552135363e-04 8.627370203958593486e-05 1.221224062987044049e-04 1.743375603115448504e-04 2.743451997346572566e-04 3.804327447079067703e-04 2.708220367895739270e-04 1.830413008266546410e-05 1.277422839695088989e-05 1.000000000000000021e-08 1.000000000000000021e-08 1.000000000000000021e-08 1.000000000000000021e-08 1.000000000000000021e-08 2.007404214260103190e-05 1.000000000000000021e-08 1.000000000000000021e-08 1.000000000000000021e-08 1.000000000000000021e-08 1.000000100000000021e-05 1.000000100000000021e-05 1.000000100000000021e-05 1.000000100000000021e-05 1.000000100000000021e-05 1.000000100000000021e-05 1.000000100000000021e-05 1.000000100000000021e-05 1.000000100000000021e-05 1.000000100000000021e-05 1.000000100000000021e-05
4.155021945114805652e-05 4.181028719464928217e-05 3.449486381178136669e-05 2.803759274281978221e-05 1.982165409521701441e-05 3.923647527126199186e-02 3.522674847938110365e-01 3.578192037384111956e-01 4.501900712800759150e-04 4.113376230210218803e-04 4.303855195390625214e-04 2.721171376823131819e-03 3.514410864636321780e-04 1.396980337245909399e-04 1.000000000000000021e-08 1.000000000000000021e-08 1.436776683369712015e-05 1.000000000000000021e-08 1.000000000000000021e-08 1.000000000000000021e-08 1.000000000000000021e-08 1.942690749437137710e-05 1.933358303098437798e-05 1.114057695138291611e-05 1.000000000000000021e-08 1.000000000000000021e-08 1.000000100000000021e-05 1.000000100000000021e-05 1.000000100000000021e-05 1.000000100000000021e-05 1.000000100000000021e-05 1.000000100000000021e-05 1.000000100000000021e-05 1.000000100000000021e-05 1.000000100000000021e-05 1.000000100000000021e-05 1.000000100000000021e-05
4.324212920958360836e-05 7.014919656005558083e-05 8.426088473170373415e-05 7.006390184203901842e-05 4.929145606579163780e-05 2.410736776566754780e-02 3.191189756009620848e-01 2.860313589008000972e-04 1.000000000000000021e-08 1.000000000000000021e-08 1.000000000000000021e-08 3.013007779417842930e-04 7.464143360377965657e-03 1.189039400540427022e-04 1.000000000000000021e-08 1.000000000000000021e-08 1.000000000000000021e-08 1.000000000000000021e-08 1.000000000000000021e-08 1.000000000000000021e-08 1.000000000000000021e-08 1.000000000000000021e-08 1.000000000000000021e-08 1.000000000000000021e-08 1.000000000000000021e-08 1.000000100000000021e-05 1.000000100000000021e-05 1.000000100000000021e-05 1.000000100000000021e-05 1.000000100000000021e-05 1.000000100000000021e-05 1.000000100000000021e-05 1.000000100000000021e-05 1.000000100000000021e-05 1.000000100000000021e-05 1.000000100000000021e-05 1.000000100000000021e-05
1.299290554735678261e-05 1.000000000000000021e-08 1.000000000000000021e-08 1.000000000000000021e-08 1.000000000000000021e-08 3.657306024643832698e-01 2.376003320888271375e-01 1.000000000000000021e-08 1.000000000000000021e-08 1.000000000000000021e-08 1.000000000000000021e-08 5.317150113793808232e-03 6.435411661250966565e-03 6.814001633934064182e-03 1.101463805400962626e-05 1.000000000000000021e-08 1.000000000000000021e-08 1.000000000000000021e-08 1.000000000000000021e-08 1.000000000000000021e-08 1.000000000000000021e-08 1.000000000000000021e-08 1.000000000000000021e-08 1.000000000000000021e-08 1.000000000000000021e-08 1.000000100000000021e-05 1.000000100000000021e-05 1.000000100000000021e-05 1.000000100000000021e-05 1.000000100000000021e-05 1.000000100000000021e-05 1.000000100000000021e-05 1.000000100000000021e-05 1.000000100000000021e-05 1.000000100000000021e-05 1.000000100000000021e-05 1.000000100000000021e-05
1.000000000000000021e-08 1.000000000000000021e-08 1.000000000000000021e-08 1.340376348360497894e-03 2.747013453958389029e-01 2.692913113022846749e-01 1.000000000000000021e-08 1.000000000000000021e-08 1.000000000000000021e-08 1.000000000000000021e-08 1.000000000000000021e-08 1.099149227929980448e-03 4.239334207058560386e-03 1.000000000000000021e-08 1.000000000000000021e-08 1.000000000000000021e-08 1.000000000000000021e-08 1.000000000000000021e-08 1.000000000000000021e-08 1.000000000000000021e-08 1.000000000000000021e-08 1.000000000000000021e-08 1.000000000000000021e-08 1.000000000000000021e-08 1.000000100000000021e-05 1.000000100000000021e-05 1.000000100000000021e-05 1.000000100000000021e-05 1.000000100000000021e-05 1.000000100000000021e-05 1.000000100000000021e-05 1.000000100000000021e-05 1.000000100000000021e-05 1.000000100000000021e-05 1.000000100000000021e-05 1.000000100000000021e-05 1.000000100000000021e-05
1.000000000000000021e-08 1.000000000000000021e-08 1.000000000000000021e-08 9.571757925316185618e-04 2.804831728716028483e-01 1.758806226380904222e-04 1.196397073261549846e-05 1.000000000000000021e-08 1.000000000000000021e-08 1.000000000000000021e-08 1.000000000000000021e-08 1.571499614271203854e-03 4.274444808579171465e-04 1.000000000000000021e-08 1.000000000000000021e-08 1.000000000000000021e-08 1.000000000000000021e-08 1.000000000000000021e-08 1.000000000000000021e-08 1.000000000000000021e-08 1.000000000000000021e-08 1.000000000000000021e-08 1.000000000000000021e-08 1.000000000000000021e-08 1.000000100000000021e-05 1.000000100000000021e-05 1.000000100000000021e-05 1.000000100000000021e-05 1.000000100000000021e-05 1.000000100000000021e-05 1.000000100000000021e-05 1.000000100000000021e-05 1.000000100000000021e-05 1.000000100000000021e-05 1.000000100000000021e-05 1.000000100000000021e-05 1.000000100000000021e-05
