output/water_depth_1920.asc
ncols 223
nrows 158
xllcorner 0.0
yllcorner 0.0
cellsize 30.0
[rows 68 to 84 of 158, columns 148 to 184 of 223]
2.749005975968382611e-03 1.162798415415758747e-04 3.456762201023656024e-05 4.461886031167689066e-05 3.536422607832524550e-05 3.086035832787889017e-05 1.675716734092668787e-05 2.474239951130420773e-05 2.098092103112572432e-04 1.212791254129891728e-04 1.000000000000000021e-08 2.581073007567195377e-05 2.085245910394041297e-04 7.404071959612691038e-05 1.303011689903978317e-04 1.841497373626183260e-05 1.000000000000000021e-08 1.000000000000000021e-08 3.164700326487102300e-05 8.711498853419099089e-04 8.238484484460820980e-04 2.316179121849126625e-04 3.094378287292398806e-04 3.100357636693061862e-04 5.118840599285683947e-04 1.111058004151362901e-03 2.084611865303249946e-04 1.861915738866392668e-04 7.756337229348350074e-04 2.627935889795366409e-01 2.628578131931902698e-05 1.152755419193837097e-05 1.000000000000000021e-08 1.000000000000000021e-08 1.017721866942811155e-04 8.897985034613216176e-05 1.929934746562530774e-04
1.943774098321070579e-03 2.363045691028857215e-03 5.999212043472633719e-05 3.466429116140308509e-05 5.163172702418993574e-05 2.073498164557940687e-05 2.961830626138112373e-05 1.771592953602324900e-05 2.117781410037406430e-04 2.597724405502400253e-04 1.176649923017985207e-05 3.715187792127559133e-05 2.304101255158003201e-04 9.386815617035990458e-05 1.882250001118277100e-04 6.117497927780520277e-05 1.000000000000000021e-08 1.000000000000000021e-08 1.000000000000000021e-08 1.000000000000000021e-08 1.000000000000000021e-08 3.922936679969912105e-04 1.244000684768351115e-04 1.439518078988175249e-04 1.107968680103825932e-04 6.512106752366064234e-05 8.573276542815252662e-05 4.521181511154133111e-05 6.278531306802760019e-05 2.307029653264451030e-01 1.711204303683823980e-01 4.265171098465769936e-05 1.000000000000000021e-08 1.000000000000000021e-08 1.000000000000000021e-08 7.401090324639468933e-05 3.406774411647809535e-05
1.881267347620880267e-03 2.377235302536786533e-03 4.217233018134477156e-05 5.123981402004695429e-05 1.943712242940496280e-05 4.855322961869826948e-05 4.602318793207120745e-05 1.684334325985513531e-05 6.065241923390503217e-05 2.691439402822187938e-04 1.808011004528733881e-05 4.201853103302908324e-05 2.101188957862306164e-04 1.567169887805590800e-04 2.400016844623884817e-04 9.892971634132408229e-05 2.998728326993134173e-05 3.252342037140454936e-05 3.623216127077502884e-05 1.000000000000000021e-08 1.000000000000000021e-08 3.540542963498432877e-04 3.696025226240940288e-04 8.808055019267821135e-05 9.173541331436601046e-05 6.954386327341706051e-05 2.937177530560006211e-05 4.451017734834904525e-05 3.794396834999496965e-05 1.069812057479279293e-04 2.315906715816945238e-01 1.704044186201238986e-01 2.054228391754601250e-05 1.000000000000000021e-08 1.000000000000000021e-08 1.246129840767102215e-04 4.993228644175477825e-05
4.192417530039065088e-03 1.890152030359216638e-03 1.185768416126601894e-04 6.964029282656773962e-05 5.566228736788200976e-05 6.083833733758617151e-05 7.337619118240948639e-05 2.286511306067259179e-05 8.048837215378929085e-05 3.982210706459920211e-04 3.249166445038020569e-05 7.503126027596014765e-05 3.183248012211756521e-04 1.597748284414351409e-04 2.460549149430052559e-04 1.776212484678915920e-04 6.629700801815802916e-05 4.786758090022074220e-05 3.734353629867497531e-05 1.738106642238625960e-05 3.650595416803939015e-05 3.600245781559999707e-05 6.682666419416555552e-05 2.647310287953871531e-05 1.000000000000000021e-08 1.154269281536780356e-04 1.064643425395605478e-04 2.224548250620270759e-04 1.741505706525575475e-05 3.433092389605650694e-05 1.323012894024416927e-03 2.972465132072003025e-01 2.633976946574658751e-01 6.811331231075609281e-04 1.000000000000000021e-08 1.000000000000000021e-08 5.725057622784531495e-05
5.957992271878184525e-03 2.280733180247649771e-03 1.550648370558961998e-04 1.704643587339711849e-04 7.483594441477000453e-05 1.332378876949747901e-04 7.948791964036054734e-05 4.161821688099809889e-05 7.483273538542602036e-05 3.598539286881281742e-04 1.541310835726855612e-04 1.438668198449950689e-04 3.927802920340787399e-04 2.166637655579160739e-04 3.812023067925737947e-04 1.724141278107303352e-04 1.427653502566503089e-04 1.011191103889260600e-04 1.197641608242190278e-04 6.941080968820882919e-05 6.708064930861635622e-05 2.948829944044363847e-05 3.577647437853775117e-05 5.888972789010045960e-05 2.398571001456482684e-05 2.911180010283853577e-05 4.091583477411238074e-05 2.164462789863616217e-04 6.333381793777030123e-05 2.294530359614156489e-05 2.249610456744905601e-05 1.168507816578346443e-03 2.223982910016123193e-01 1.722473742320974333e-01 1.538966310378050151e-01 3.220680789946387047e-05 1.036380934359349733e-04
6.411273443635350129e-03 6.433690267123625892e-03 2.751823590718548867e-04 2.679123684147087666e-04 1.884964831081394499e-04 1.357775862102767296e-04 1.516207537355616377e-04 6.932727593567716211e-05 1.181235137138702916e-04 4.158191985596860520e-04 1.514519182064484398e-04 3.023913487819939534e-04 3.537356089312641773e-04 2.768847833456877143e-04 4.369155261204471356e-04 2.218891069541735614e-04 1.745200104720586343e-04 2.072701470372638336e-04 2.286152309122468896e-04 1.876312539258163882e-04 9.836782895015236481e-05 1.158378486496700849e-05 1.043770272644146100e-04 2.470527629627605821e-05 4.699285628157167652e-05 8.393968167778526122e-05 1.000000000000000021e-08 1.945462594409799338e-05 1.664332622640814479e-04 1.000000000000000021e-08 1.600133645914424190e-05 7.738724416049521705e-05 1.000000000000000021e-08 1.421975379097269732e-01 1.177879545855676641e-01 1.581103856243095684e-01 9.640068012815956877e-02
7.202948487562703568e-03 1.225526569685976216e-02 1.496759295333350507e-03 5.554162265082789127e-04 1.339957898810905171e-03 4.572758486019042295e-04 2.470632662340976502e-04 1.779576598929876830e-04 5.101451420583789920e-04 2.272371102826895625e-04 4.149926636941949124e-04 3.315415022129112070e-04 1.748439558300976266e-04 8.777998133035130402e-04 1.003464738672637298e-03 2.103702925590380645e-04 2.932149410433080314e-04 2.589767324460626858e-04 4.977095584228451164e-04 2.842045140616993818e-04 1.160564745055497898e-04 5.022451348371605612e-05 1.340834482372122501e-04 5.204112129102505348e-05 1.866963567921420307e-05 7.810644475603789366e-05 1.219722437938340555e-04 2.625292365573158974e-05 1.479214723654865039e-05 2.228817036506343374e-05 1.000000000000000021e-08 6.791076895347700226e-05 1.000000000000000021e-08 3.694599957024503553e-05 1.294762888043766590e-04 6.332258834501557055e-05 4.542586885287020620e-02
1.153442119620480544e-02 9.092760341832425292e-03 8.254143524413722760e-03 7.061497773793156199e-03 8.683621676147605661e-02 4.411343420509031971e-02 2.379133034552465692e-02 1.598591795603567997e-02 9.497776588096378328e-03 6.238813776645649872e-03 1.398429534308129052e-01 2.110986445957931668e-01 2.458448212104412112e-01 1.618705594984227170e-01 3.081072316220416774e-01 2.865867155904921471e-01 2.431223637138270055e-01 2.609349391150961872e-01 2.160181723793863084e-01 1.329807690273646648e-01 1.806521070879217872e-01 9.804052790896543301e-02 4.565538136351188214e-02 2.555681006347393282e-04 4.238837559199525626e-04 1.868029647992536907e-04 3.666145037074264312e-02 5.052109159479641759e-02 2.478811793921208845e-02 1.788128418587037541e-02 1.722222494269548543e-02 1.167274307747152379e-04 2.998078421418648264e-05 6.289700040970816052e-05 5.586471320002508512e-05 8.568278425028358076e-05 2.129941305866711251e-02
1.218770819431125585e-01 1.725914379495745443e-01 2.591958353878940358e-01 2.211486684774296441e-01 1.438098267987625023e-01 1.930277672988022220e-01 2.216663364034561212e-01 2.414260974821208772e-01 2.738275443290025812e-01 2.282192020388009446e-01 1.325982719725846970e-01 6.734358402086260131e-02 3.454670398063496017e-02 1.164063534423674245e-01 5.774709772452953083e-02 5.571873903790971333e-02 9.673902308203496427e-05 8.394501496698066534e-04 1.179740812050485317e-03 6.872039285325706737e-02 3.332727239369221578e-02 1.960260891993768906e-01 1.585809503085798822e-01 1.495182834132860183e-01 1.408848049322893869e-01 1.337236476874174573e-01 9.155927584637882366e-02 7.305763964269799959e-02 9.527861683609616106e-02 1.048786258588493281e-01 1.151544276350724150e-01 1.132733489796219212e-01 5.615158935730058670e-02 2.781418582775322876e-02 1.376186809659089329e-02 8.383948504789032197e-03 1.519750753432950151e-02
1.192211283621991691e-01 4.026695410883779358e-02 3.349631379512803958e-02 1.186530964219242174e-02 5.249400796898124732e-04 1.951120162911527782e-03 4.983029291440745599e-04 7.212414687773592310e-04 1.049736791651638673e-03 1.171064826051952624e-03 1.483646170880396345e-04 2.389213129642339672e-04 2.329539603841975328e-04 7.523909059566899005e-04 4.377653593030717862e-04 3.479959680608603464e-04 2.234273242541189172e-04 5.558956234800319692e-04 9.558991829634041560e-04 2.089719152738546610e-04 3.461923346714167681e-04 7.344675704712722583e-04 7.992130193735826331e-05 1.564493769029502078e-05 5.549816466419666214e-05 5.715259266049720326e-04 2.396509433490179037e-04 3.290017435203402429e-05 3.128470337470904306e-05 1.061975515300507555e-04 6.569156912683808290e-05 3.864093056009775679e-04 5.514194277503948333e-02 8.090764812948914031e-02 9.190758134025969750e-02 4.887626398603412553e-02 3.062020861373521835e-02
3.774475438896047336e-03 5.000349240763075562e-04 1.938667947602554676e-04 4.561252991076745426e-04 7.831736498059811225e-04 8.449428322972830701e-04 6.132054097740623601e-04 3.853900478335697821e-04 5.206254423882503103e-04 3.725603757640936391e-04 5.172573890198188789e-04 2.486908658027726080e-04 1.264734950634991133e-04 7.383959830997111019e-04 3.892193727122960864e-04 2.474659467452279939e-04 7.841154018968339513e-05 5.333778162921884924e-04 8.506422180215206285e-04 1.146897661398792797e-05 1.176637225838127323e-04 3.773508004185786228e-04 5.021658651994347479e-05 1.521172321984476039e-05 4.332779704791473672e-05 1.270227002024080089e-04 1.341266610796687997e-04 1.288937300859810280e-05 2.855436998252499557e-05 1.934237416678413670e-05 3.860926063668916098e-05 3.466896336828483147e-05 7.615182614603765521e-04 4.328963594937770831e-04 4.847387445721110179e-04 4.719207773738561679e-02 3.760166634503406269e-02
1.462383405217810954e-03 4.291869839235832543e-04 7.903409254818035779e-05 2.780510862253807560e-04 8.524111946434964919e-04 6.346783721859004367e-04 3.963649046966396128e-04 2.956539538555996455e-04 1.276251365351450864e-04 2.819259338217935821e-04 1.775053240417840219e-04 9.644773345260043251e-05 9.507099840589780157e-05 2.098694160311528661e-04 1.187919789818504552e-04 1.179115206173120815e-04 2.275562543354404726e-05 6.177749618571669104e-04 3.527991041136199958e-05 1.000000000000000021e-08 7.562775355175845374e-05 1.898695898058631469e-04 3.557991342108638713e-05 1.000000000000000021e-08 7.431486508833079789e-05 1.173064870052799801e-04 7.614739690316001119e-05 2.521711684646320235e-05 1.728732267654207414e-05 2.255634999308406708e-05 2.205368381766174653e-05 2.600418807094882203e-04 8.643025300894490674e-04 1.759862115071414641e-04 1.332916030804203551e-04 1.955690475890519862e-04 3.729430220308003335e-02
1.620758738307696584e-03 5.032354388743388775e-04 2.543465036172906456e-05 2.984908530007389415e-04 8.900367653865177021e-04 2.551780486742163522e-04 2.620691400493266559e-04 1.565532837146490542e-04 5.500790301748469178e-05 1.557759599422055372e-04 9.173941353809899799e-05 1.043260089067113503e-04 4.956994360444048734e-05 2.136608153964821163e-04 3.264086601784521439e-04 9.252093410853714519e-05 1.000000000000000021e-08 4.482366121402968622e-04 2.134911083016080850e-04 1.000000000000000021e-08 8.599379660340178790e-05 1.691306026801923208e-04 1.654380252634968650e-05 1.468029784717649985e-05 3.394777254854537782e-05 3.913451266871771617e-04 6.602675439073859263e-05 2.352319943012616915e-05 2.316533316672133598e-05 1.010393177449034200e-04 2.367717284586539532e-04 7.179477068225647001e-04 6.340947861618905553e-04 7.650444805919914305e-05 5.695814258164420368e-05 1.658027526472941483e-04 3.677007732871083847e-04
8.081860920464180309e-04 1.146038899905105126e-03 1.653645403757460328e-04 1.589112047384006821e-04 6.106773221189454575e-04 2.108802749401095657e-04 1.166599680997923704e-04 1.185500566753410238e-04 3.298321057527404769e-05 9.648796328093114916e-05 6.134899607223082336e-05 6.376757774712963906e-05 4.182693959225389788e-05 1.398475105622965333e-04 1.038618339226567459e-04 2.460426239522555314e-05 1.000000000000000021e-08 1.832054772821900936e-04 2.484393989061585775e-04 6.921316996435903680e-05 1.078076207379292581e-04 1.168653775679967923e-04 1.480145416984187832e-04 1.551716777849775932e-04 6.727465478206742669e-05 6.215869680567356924e-05 2.185103951396014929e-05 4.721124095274693724e-05 5.028337307333392370e-05 4.995388111528958289e-04 4.358875410285467612e-04 3.649930188489702702e-04 3.405047818750912196e-05 6.516348717747261134e-05 8.042744573515835842e-05 1.336075727193956680e-04 8.825626820778992450e-05
5.436868678518937950e-04 7.357380583502403249e-04 8.460554655362038956e-05 1.512003225065076538e-04 4.700069235633146645e-04 1.511181757459143210e-04 3.229182111606615887e-05 6.910892643183957126e-05 2.503191051959722401e-05 5.702802869842400508e-05 2.115774244062706156e-05 6.205378269960284054e-05 2.021329728077352273e-05 1.055439097560093660e-04 1.380593131785177877e-04 1.160834256795019418e-05 1.000000000000000021e-08 7.795924545858090040e-05 1.084128571292941270e-04 8.681034469909261041e-05 8.495201247170732417e-05 2.299774604238489736e-04 4.090637106264450413e-04 6.180204825453233016e-04 5.186844607941610164e-04 3.127327982631374222e-05 4.953587809087830823e-05 4.390373967250045778e-05 6.961202654702546618e-05 3.687123713947422607e-04 8.643239751800183457e-05 8.101767918975890509e-05 1.246198972319477222e-04 1.166523374056139672e-04 1.721934329503862723e-04 9.518528036641426605e-05 1.273148799397298670e-04
9.524773076664562986e-04 3.891239233255630960e-04 5.727765475405659668e-05 6.242321475450003968e-05 7.610346244326641639e-04 3.110351294693699099e-05 1.000000000000000021e-08 3.257190214462883383e-05 5.519805849698974562e-05 1.333935400856209623e-04 1.190878149651488120e-04 3.665435541667705816e-05 1.760240830313384514e-05 5.183721974251598416e-05 1.085675946775596699e-04 9.246540789066350920e-05 7.316554251569636991e-05 6.849642639661956728e-05 7.040775841766073713e-05 1.205630044917671377e-04 1.523526064057901597e-04 2.062092120967465959e-05 2.649064050298515847e-05 2.482437388464247915e-05 3.599528840289514272e-05 9.399412712264789305e-05 8.947129288553248849e-05 6.281370960213949572e-05 6.132478925633427671e-05 8.889255803845249899e-05 3.263058624895681420e-05 7.370336808671248627e-05 7.507192656642903777e-05 1.121638781895040301e-04 9.897247903928888197e-05 4.357780484628347661e-04 4.159730085987981430e-04
5.057286630830480981e-04 3.708477663149676944e-04 2.423487964819398210e-05 4.086670753003707928e-05 4.932240704345966379e-04 1.000000000000000021e-08 1.000000000000000021e-08 2.052437274572953770e-05 3.278547372318879458e-05 7.482476277728943850e-05 8.569903366351257733e-05 3.029402625017884096e-05 1.135605887501928313e-05 4.620861435496929730e-05 6.983332377233525694e-05 1.379418491221921414e-04 1.248593178351120551e-05 1.472319663999050875e-04 1.068939833451217179e-05 1.000000000000000021e-08 1.208774327369668298e-05 1.000000000000000021e-08 1.000000000000000021e-08 2.666636229624186412e-05 4.611091930215937098e-05 1.000000000000000021e-08 1.000000000000000021e-08 3.322933761285814039e-04 3.609076742605469104e-04 3.663469843473742059e-04 7.765816181896326598e-04 1.033228020306388483e-03 8.835676810533576227e-04 6.620225394043766998e-04 5.257142891030900343e-04 4.719186084928616654e-04 3.279732628398775336e-04
