output/water_depth_9120.asc
ncols 223
nrows 158
xllcorner 0.0
yllcorner 0.0
cellsize 30.0
[rows 17 to 33 of 158, columns 111 to 147 of 223]
1.000000000000000021e-08 1.000000000000000021e-08 1.000000000000000021e-08 1.000000000000000021e-08 1.000000000000000021e-08 2.319845085352656758e-05 1.756963507212447705e-05 1.993405350437165113e-05 2.381623471233005026e-05 2.298033992336829935e-05 1.000000000000000021e-08 1.000000000000000021e-08 1.000000000000000021e-08 1.922776075287549398e-05 1.212581682054289014e-05 1.000000000000000021e-08 5.616489506497768756e-05 1.287172632396371003e-04 1.893423803810230976e-04 2.665447196878409125e-04 3.863264391881600021e-04 4.006129830539111210e-04 5.721539862469732446e-05 5.026227634683429213e-05 5.461642088860065795e-05 6.179045849795709259e-05 1.291111563488520769e-03 6.358058169322505435e-03 5.214303099524721791e-03 4.024018983264201127e-05 1.073367078622917148e-05 1.000000000000000021e-08 1.000000000000000021e-08 1.000000000000000021e-08 1.000000000000000021e-08 1.000000000000000021e-08 1.000000000000000021e-08
1.273940452180380985e-05 1.000000000000000021e-08 1.000000000000000021e-08 1.000000000000000021e-08 1.000000000000000021e-08 1.000000000000000021e-08 1.861750314662909161e-05 2.301991902079764203e-05 1.000000000000000021e-08 1.988782322264507249e-05 1.546371928633172662e-05 1.000000000000000021e-08 1.000000000000000021e-08 2.045888915590050831e-05 2.074608021722030481e-05 2.089789764616128650e-05 5.317283084547252514e-05 2.719181675732653303e-04 3.625783448828529725e-04 1.017429535435259314e-03 1.333084368994672713e-03 9.789138464182195465e-03 1.887512325413980962e-03 1.935575022933746841e-03 1.954399306786653700e-03 2.026345417546270705e-03 2.893791154699353052e-02 7.277566858488372474e-03 2.270417973396985896e-05 1.000000000000000021e-08 1.000000000000000021e-08 1.000000000000000021e-08 1.000000000000000021e-08 1.000000000000000021e-08 1.000000000000000021e-08 1.000000000000000021e-08 1.000000000000000021e-08
1.829817829817653971e-05 1.000000000000000021e-08 1.000000000000000021e-08 1.000000000000000021e-08 1.000000000000000021e-08 1.139239734285294128e-05 1.000000000000000021e-08 1.000000000000000021e-08 1.000000000000000021e-08 2.359404697793615374e-05 1.967149694533920691e-05 1.579164429415263500e-05 1.760588580898493462e-05 2.907976860563545022e-05 3.202526390020531713e-05 6.831876054087824895e-04 9.158181788432291724e-04 1.191273790464999300e-03 1.489017151567634126e-03 7.708349474581828453e-04 4.645514989823151748e-05 5.961415475272462084e-05 4.814369914498161019e-05 3.401533315675529486e-05 3.527183919181325704e-05 1.946502980105876577e-04 8.726205413864348073e-03 5.878842660337895863e-05 1.000000000000000021e-08 1.000000000000000021e-08 1.000000000000000021e-08 1.000000000000000021e-08 1.000000000000000021e-08 1.000000000000000021e-08 1.000000000000000021e-08 1.000000000000000021e-08 1.000000000000000021e-08
1.594356270520149880e-05 1.296439361923526230e-05 1.143602141500949581e-05 1.078523995605363262e-05 1.119620230007405602e-05 1.470461071982270724e-05 2.096329415728561026e-04 2.695290346036344794e-04 3.093189901381169994e-04 6.200283180077284474e-04 7.142686408865434869e-04 8.294684504468105828e-04 9.959879144243622296e-04 1.047666064384716357e-03 1.089848132310871059e-03 9.084715108716151901e-04 5.670890818397727426e-05 4.403356370183995688e-05 1.000000000000000021e-08 1.000000000000000021e-08 1.000000000000000021e-08 1.000000000000000021e-08 1.000000000000000021e-08 1.000000000000000021e-08 2.182009249339766701e-05 1.950874411665325157e-04 3.794719980204739468e-02 1.716223410261202368e-05 1.000000000000000021e-08 1.000000000000000021e-08 1.000000000000000021e-08 1.000000000000000021e-08 1.000000000000000021e-08 1.000000000000000021e-08 1.000000000000000021e-08 1.000000000000000021e-08 1.000000000000000021e-08
7.448358686871086622e-05 9.117857559955402295e-05 7.628436427667923206e-05 6.387475560627415628e-05 8.556890020996474951e-05 2.676756643155256995e-04 2.379975159027234192e-04 3.550188993428479906e-04 5.157009044480878341e-04 4.201304113697463226e-04 3.622560467849540397e-04 2.195647923009160375e-04 1.397224792397645733e-04 8.480650493870951138e-05 5.967114482085005331e-05 7.308676637123026816e-05 1.000000000000000021e-08 1.000000000000000021e-08 2.711749005241677229e-05 4.969423086190838206e-05 4.007910218634844034e-05 3.411764773851733580e-05 2.874123650355101458e-05 2.681093075115952731e-05 1.543258238497675848e-05 3.280821638078130922e-05 2.964987008262429460e-02 1.000000000000000021e-08 1.000000000000000021e-08 1.000000000000000021e-08 1.000000000000000021e-08 1.000000000000000021e-08 1.000000000000000021e-08 1.000000000000000021e-08 1.000000000000000021e-08 1.000000000000000021e-08 1.000000000000000021e-08
6.084461982134107134e-05 4.707475594741567789e-05 6.304013938448203066e-05 1.686777831864051311e-04 2.752361420662023271e-04 2.282126129932307633e-04 1.000000000000000021e-08 1.000000000000000021e-08 1.000000000000000021e-08 1.375705111780440050e-05 1.389773684811038595e-05 1.303590166630583130e-05 1.453926698518010446e-05 1.000000000000000021e-08 1.000000000000000021e-08 1.000000000000000021e-08 1.000000000000000021e-08 1.000000000000000021e-08 1.000000000000000021e-08 1.881573328008546449e-05 1.000000000000000021e-08 2.717930702886684383e-05 6.254147951043887951e-05 1.000000000000000021e-08 1.000000000000000021e-08 2.696105883696415839e-05 8.712075166661777809e-03 1.000000000000000021e-08 1.000000000000000021e-08 1.000000000000000021e-08 1.000000000000000021e-08 1.000000000000000021e-08 1.000000000000000021e-08 1.000000000000000021e-08 1.000000000000000021e-08 1.000000000000000021e-08 1.000000000000000021e-08
6.739192935459929160e-05 1.079128924808204544e-04 1.298403599377257194e-04 1.231800857910135853e-04 1.552349744727472033e-04 1.688377354648694221e-04 1.330199921692159343e-04 1.547996493921767984e-05 2.037011412674457733e-05 1.000000000000000021e-08 1.000000000000000021e-08 1.000000000000000021e-08 1.000000000000000021e-08 1.000000000000000021e-08 1.000000000000000021e-08 1.000000000000000021e-08 1.000000000000000021e-08 1.000000000000000021e-08 1.000000000000000021e-08 1.000000000000000021e-08 1.000000000000000021e-08 1.000000000000000021e-08 8.151392974362187105e-05 9.158014638686652359e-05 7.118900414577345869e-05 6.608555958546561305e-05 8.829265332398153476e-03 1.000000000000000021e-08 1.000000000000000021e-08 1.000000000000000021e-08 1.000000000000000021e-08 1.000000000000000021e-08 1.000000000000000021e-08 1.000000000000000021e-08 1.000000000000000021e-08 1.000000000000000021e-08 1.000000000000000021e-08
1.000000000000000021e-08 1.742758251158148938e-05 3.442457053242045542e-05 3.797070923693933046e-05 6.483991274718387183e-05 1.615531847212185084e-04 8.929220381908462782e-05 2.909124392438760761e-04 2.296806719510843638e-05 1.000000000000000021e-08 1.000000000000000021e-08 1.000000000000000021e-08 1.000000000000000021e-08 1.000000000000000021e-08 1.000000000000000021e-08 1.000000000000000021e-08 1.307220921393320355e-05 1.208834435260298487e-05 1.000000000000000021e-08 1.254255186748370577e-05 4.693105169353788657e-05 5.948219419802079362e-05 4.057265418078569055e-05 1.000000000000000021e-08 8.118781070426341236e-05 9.103145208980069781e-05 8.950308033210127925e-03 1.000000000000000021e-08 1.000000000000000021e-08 1.000000000000000021e-08 1.000000000000000021e-08 1.000000000000000021e-08 1.000000000000000021e-08 1.000000000000000021e-08 1.000000000000000021e-08 1.000000000000000021e-08 1.000000000000000021e-08
1.000000000000000021e-08 2.495458430314398399e-05 1.000000000000000021e-08 3.897373286689009999e-05 4.801997416326343884e-05 5.175079896116574490e-05 1.479287083452619301e-03 3.952553989954255757e-04 1.000000000000000021e-08 1.000000000000000021e-08 1.000000000000000021e-08 1.000000000000000021e-08 1.000000000000000021e-08 1.015624873850902512e-05 2.362517738702781127e-05 1.650583495960336177e-05 1.834592725934049948e-05 2.501049888715235281e-05 4.005069681775734220e-05 5.438075133307395347e-05 5.230740899992982292e-05 4.226431950860193591e-05 1.000000000000000021e-08 1.000000000000000021e-08 2.619174546588050976e-05 1.256710786648733045e-04 3.224272890120048751e-02 1.000000000000000021e-08 1.000000000000000021e-08 1.000000000000000021e-08 1.000000000000000021e-08 1.000000000000000021e-08 1.000000000000000021e-08 1.000000000000000021e-08 1.000000000000000021e-08 1.000000000000000021e-08 1.000000000000000021e-08
2.900569125821733109e-05 3.303292618745294276e-05 4.191492095714490835e-05 4.658739111383604689e-05 4.998582386176508770e-05 3.903127762156253171e-05 3.368892029297446291e-05 1.995206256395356138e-03 2.131320166711165730e-05 1.000000000000000021e-08 1.000000000000000021e-08 1.000000000000000021e-08 1.000000000000000021e-08 1.000000000000000021e-08 1.457602290215567379e-05 1.000000000000000021e-08 1.000000000000000021e-08 1.000000000000000021e-08 1.150587463940288639e-05 2.532467909835388545e-05 1.979828278696039545e-05 1.000000000000000021e-08 1.083239274885552974e-05 2.102754682015896422e-05 1.770695721872512084e-05 1.813042494170250693e-05 8.669231818009055790e-03 6.193968662443820501e-03 5.608627062370315219e-03 2.564034783919182201e-05 1.000000000000000021e-08 1.000000000000000021e-08 1.000000000000000021e-08 1.000000000000000021e-08 1.000000000000000021e-08 1.000000000000000021e-08 1.000000000000000021e-08
2.292455993736478798e-05 2.620893619612459804e-05 2.634770345737515206e-05 2.542302475184088692e-05 2.974279617713798259e-05 1.000000000000000021e-08 1.000000000000000021e-08 1.000000000000000021e-08 1.000000000000000021e-08 1.000000000000000021e-08 1.000000000000000021e-08 1.000000000000000021e-08 1.149052916276600752e-05 1.358703249086364116e-05 1.813573976289002907e-05 1.260361112118195360e-05 1.227901905763445698e-05 1.000000000000000021e-08 1.000000000000000021e-08 1.000000000000000021e-08 1.000000000000000021e-08 1.000000000000000021e-08 1.000000000000000021e-08 1.000000000000000021e-08 1.000000000000000021e-08 1.000000000000000021e-08 1.427085613533073984e-03 1.539485087261202763e-03 4.693422605914489634e-03 4.865669168731034770e-03 1.227542060337638387e-05 1.000000000000000021e-08 1.000000000000000021e-08 1.000000000000000021e-08 1.000000000000000021e-08 1.000000000000000021e-08 1.000000000000000021e-08
2.796548690969163036e-05 1.800895860503166839e-05 1.269704990920812641e-05 1.000000000000000021e-08 1.000000000000000021e-08 1.000000000000000021e-08 1.000000000000000021e-08 1.000000000000000021e-08 1.000000000000000021e-08 1.368811734183785575e-05 3.224945277333848435e-05 4.744118378600316891e-05 4.108497236717750751e-05 5.538020147483261441e-05 5.487324776170017521e-05 9.563187236448068113e-05 6.479673767845051786e-05 9.453780003982797172e-05 6.379225922973093114e-05 5.715613338149425104e-05 5.348690626559994798e-05 4.011378266031691373e-05 3.539683070761527644e-05 2.545436325650158018e-05 1.000000000000000021e-08 1.000000000000000021e-08 1.697460290535133360e-04 5.259629328903791395e-04 3.835627771524925851e-03 6.642735386822863110e-03 1.280826893058389709e-03 1.000000000000000021e-08 1.000000000000000021e-08 1.000000000000000021e-08 1.000000000000000021e-08 1.000000000000000021e-08 1.000000000000000021e-08
2.631818987226406799e-05 3.081429316561664717e-05 2.511663875438086157e-05 2.326704477266777066e-05 2.298357779888956140e-05 2.111760597583412185e-05 1.670651970184390935e-05 1.693478405073131935e-05 1.798354350048452031e-05 2.163954992220846552e-05 1.105677789586765537e-05 1.056333071620204042e-05 2.698263015205866372e-05 3.272361258107780101e-05 6.717548590315723493e-05 8.674622332638905133e-05 1.030809393879608199e-04 1.157593449285353063e-04 1.206191027037456325e-04 9.617994249016473122e-05 8.274351369488681615e-05 9.045846091957470412e-05 7.453595386026118006e-05 6.938724169322372159e-05 5.380571151302269821e-05 4.818996636999159236e-05 1.315080117555729304e-04 5.190886435094135224e-04 7.794650810214113872e-04 5.394889022223335086e-03 5.176556519904434300e-03 3.007499269785018488e-05 1.000000000000000021e-08 1.000000000000000021e-08 1.000000000000000021e-08 1.000000000000000021e-08 1.000000000000000021e-08
2.113174549671789041e-05 2.972248615991336993e-05 1.000000000000000021e-08 2.052142961170592286e-05 2.740839563573862667e-05 1.000000000000000021e-08 1.964271025523613799e-05 1.000000000000000021e-08 1.739348329392801423e-05 1.744766546925246816e-05 1.554327965705483110e-05 1.695839227994537323e-05 2.776014494609900266e-05 1.000000000000000021e-08 1.000000000000000021e-08 1.000000000000000021e-08 1.000000000000000021e-08 1.000000000000000021e-08 6.690821216455902364e-05 8.735753845178638357e-05 8.804876897321483773e-05 8.487249396385546552e-05 9.043657120813196825e-05 7.723204409443830084e-05 8.559360424232747037e-05 7.783358534759007190e-05 1.000000000000000021e-08 1.568984006387379930e-04 6.582913719545652144e-04 1.231557068638252294e-03 7.460576797534730110e-03 3.668465778803675723e-05 1.000000000000000021e-08 1.000000000000000021e-08 1.000000000000000021e-08 1.000000000000000021e-08 1.000000000000000021e-08
1.000000000000000021e-08 2.366542767540382735e-05 2.459322601300901464e-05 1.000000000000000021e-08 2.169677567221202526e-05 1.843716461193122962e-05 2.537116370143152497e-05 1.729089362433429560e-05 1.000000000000000021e-08 1.000000000000000021e-08 1.000000000000000021e-08 2.519025102650140544e-05 3.314363355120587308e-05 1.000000000000000021e-08 1.000000000000000021e-08 1.000000000000000021e-08 1.000000000000000021e-08 1.000000000000000021e-08 3.316695318012662574e-05 1.000000000000000021e-08 5.965209665861180311e-05 7.990447975102234169e-05 8.904927629708667136e-05 9.411669463288112737e-05 9.112414166063865400e-05 1.316547008400187607e-04 9.399612838268253591e-05 1.341889458640731377e-04 2.393447316856381888e-04 1.021857570418082490e-03 1.980591617176133846e-03 2.592044470232209019e-03 1.212500316087772305e-05 1.000000000000000021e-08 1.000000000000000021e-08 1.000000000000000021e-08 1.000000000000000021e-08
1.000000000000000021e-08 1.000000000000000021e-08 3.413051400204143026e-05 5.152954422277566439e-05 1.000000000000000021e-08 1.000000000000000021e-08 2.126774160718699814e-05 2.834606898235954420e-05 2.427932671483948071e-05 2.278345672930886178e-05 1.000000000000000021e-08 2.676610903339440511e-05 1.000000000000000021e-08 1.000000000000000021e-08 1.000000000000000021e-08 1.000000000000000021e-08 1.000000000000000021e-08 1.000000000000000021e-08 1.000000000000000021e-08 1.000000000000000021e-08 1.000000000000000021e-08 1.000000000000000021e-08 5.985388561573150410e-05 1.000000000000000021e-08 1.000000000000000021e-08 1.000000000000000021e-08 1.000000000000000021e-08 4.050609286462348354e-05 2.339080621930347771e-04 3.793705438024924247e-04 1.644847394482470190e-03 7.341720152063420379e-03 3.742409290188839790e-05 1.000000000000000021e-08 1.000000000000000021e-08 1.000000000000000021e-08 1.000000000000000021e-08
1.000000000000000021e-08 1.000000000000000021e-08 1.000000000000000021e-08 1.067488436255820391e-05 1.900033448581649027e-05 2.240982698851162844e-05 3.655488025769535761e-05 5.263100940986576793e-05 5.049920532135816049e-05 5.333411926990494137e-05 1.000000000000000021e-08 1.000000000000000021e-08 1.000000000000000021e-08 1.000000000000000021e-08 1.000000000000000021e-08 1.000000000000000021e-08 1.000000000000000021e-08 1.000000000000000021e-08 1.000000000000000021e-08 1.000000000000000021e-08 1.000000000000000021e-08 1.000000000000000021e-08 1.000000000000000021e-08 1.000000000000000021e-08 1.000000000000000021e-08 1.000000000000000021e-08 1.000000000000000021e-08 3.387728131942128426e-05 2.003287187120753380e-04 3.253034551216447837e-04 1.302953239080272430e-03 5.384987170574253440e-03 4.745027226823411368e-03 1.366950450987686576e-05 1.000000000000000021e-08 1.000000000000000021e-08 1.000000000000000021e-08
