output/water_depth_3000.asc
ncols 223
nrows 158
xllcorner 0.0
yllcorner 0.0
cellsize 30.0
[rows 119 to 135 of 158, columns 37 to 73 of 223]
7.052844346834300708e-05 6.789292248161315764e-05 1.599371739198893378e-04 1.314956940651689724e-04 2.648130257805609818e-04 1.964350766457906110e-04 3.757751303884151930e-04 2.669297299931990865e-04 4.783570202699832840e-04 3.155922140576848905e-04 5.257251402183092930e-04 3.289418674635965264e-04 5.317583582658884324e-04 3.302030450372460098e-04 5.783479511638959071e-04 4.072784830503149299e-04 7.977758523811369438e-04 1.613895339833563806e-03 2.189818637407878275e-03 1.317010334953745421e-01 1.502504316496031389e-01 1.695543359014519691e-01 8.987786657598013929e-02 5.050336582934317892e-02 2.341828430402127792e-02 1.676205745971994995e-02 1.383163738940976044e-02 4.167054103094222780e-05 2.206104658415874358e-04 2.395788155340212305e-05 1.000000000000000021e-08 1.286996438739917371e-05 2.711340350201035465e-05 1.000000000000000021e-08 1.000000000000000021e-08 1.724830197697453180e-05 1.000000000000000021e-08
1.280951700995996609e-04 3.028658341620116897e-04 3.995874933982956033e-04 3.935844472615270678e-04 2.236951492731548640e-04 3.782778898559222350e-04 6.507981254902635380e-04 6.141160435525714993e-03 1.535795547759079109e-02 1.952996607689545111e-02 1.177685765498527951e-02 1.736195668530551850e-02 2.525057833930164503e-02 4.018158221258185531e-02 5.088796384276794010e-02 6.266953723457864556e-02 7.445932966427527833e-02 8.718499140022631377e-02 1.003610782855718642e-01 1.148097715539912050e-01 1.109399054643776979e-03 2.045195449116012695e-03 8.731017229454054052e-04 2.754965637909812600e-04 1.000000000000000021e-08 1.000000000000000021e-08 9.791603789967390724e-05 1.300635161270489480e-05 2.470210963241816957e-04 2.034091025280537995e-05 1.256656981266355488e-05 1.000000000000000021e-08 1.927924745042868080e-05 1.000000000000000021e-08 1.000000000000000021e-08 1.000000000000000021e-08 1.000000000000000021e-08
2.423251960630817478e-03 1.781291707155343998e-03 1.355078969476019874e-03 2.962750940901764918e-04 2.490643929015648548e-03 5.639053942799601184e-03 1.635774545129411311e-02 2.100995658842362210e-02 1.675187922809307992e-02 2.144973668041843043e-02 2.982006839687323732e-02 2.957848450995866074e-02 2.199427953149487441e-02 1.115580976156820003e-02 1.281557112587970552e-02 4.404670638823222906e-03 5.032726388036493081e-03 1.770109786035274808e-03 1.329446210522330441e-03 5.320121198672439532e-04 1.043578412172238047e-03 8.021194562771854228e-04 2.081048725659054874e-04 9.716804959490254123e-05 1.576730951486571752e-04 1.000000000000000021e-08 1.690028021883935576e-04 1.414357599857569606e-05 1.460946048456247446e-04 1.000000000000000021e-08 1.000000000000000021e-08 1.000000000000000021e-08 1.843641148392702127e-05 1.000000000000000021e-08 1.000000000000000021e-08 1.000000000000000021e-08 1.000000000000000021e-08
4.391146388557769578e-03 4.517866551477912537e-03 3.258408367451338852e-03 3.900163286702547447e-03 1.105700570995231564e-02 2.136669318411016372e-02 1.606601605868527433e-02 7.722004751151824095e-03 7.098693765875753979e-03 6.286442962886731010e-03 1.754061508328028226e-03 2.014785923801761490e-03 2.467401958330170788e-04 4.549081257879347717e-04 2.716206842797903062e-04 6.952917497242875429e-04 4.386007832641477503e-04 5.951445454507197806e-04 2.835664677101010244e-04 4.792174510215334781e-04 9.930269802965881968e-04 2.276286587223937639e-03 2.541564076126420416e-05 4.711637649439541416e-05 1.000000000000000021e-08 4.087143021837766219e-05 1.045903375172673355e-04 7.582958134876800261e-05 7.225111015863213131e-05 1.000000000000000021e-08 1.000000000000000021e-08 5.453019139658971348e-05 1.373894087756432704e-05 1.000000000000000021e-08 1.000000000000000021e-08 1.000000000000000021e-08 1.000000000000000021e-08
4.802862452960214232e-03 8.086270115718170726e-03 1.391150729242085493e-02 1.604422344577086101e-02 1.696122091272469351e-02 1.353817953977160676e-02 4.803885355766244515e-03 3.593658155825183061e-03 2.224321661371316244e-03 3.727120084839251075e-03 8.969748617109137056e-04 1.184326470390561576e-04 2.558541660011061109e-04 2.731507529028536678e-04 3.309439467893185959e-04 1.346455565900989842e-04 3.806056134811252809e-04 3.167637314319566308e-04 2.921706263577967546e-04 2.377556161514652743e-04 9.235449096584049094e-04 1.983599701803452544e-03 1.669384855018417660e-05 2.328846385454632381e-05 5.217057821407408388e-05 7.268742001562722194e-05 8.986857818162585483e-05 1.000000000000000021e-08 2.653294482209655992e-05 1.000000000000000021e-08 1.000000000000000021e-08 1.884004719867155857e-05 1.318218219213244754e-05 1.314848199593968183e-05 1.000000000000000021e-08 1.000000000000000021e-08 1.000000000000000021e-08
1.826955234212542705e-03 3.324475754186487046e-03 2.230693746763398686e-03 4.062010244087121622e-03 6.453548525622634750e-03 5.247190675508110920e-03 2.669427146086105060e-04 8.160125788577764563e-04 1.631793945973209576e-03 9.923553351098056766e-04 7.371725003687512839e-05 1.310303299775868375e-04 3.638678899969637992e-04 5.329430350990362227e-04 1.256492066319339510e-04 5.598585144913614526e-05 6.679480977465887862e-05 2.633796001148737561e-04 3.069140673405175847e-04 3.856442506003422721e-04 3.768032923805016902e-04 1.019199220989598512e-03 1.626461720464921119e-05 1.791157776032327627e-04 1.079866350655011488e-05 6.274082102891596826e-05 4.907618733744596669e-05 1.000000000000000021e-08 1.000000000000000021e-08 1.000000000000000021e-08 1.000000000000000021e-08 1.000000000000000021e-08 1.000000000000000021e-08 1.000000000000000021e-08 1.000000000000000021e-08 1.000000000000000021e-08 1.000000000000000021e-08
4.047740836530254113e-03 2.511117345147482853e-03 3.088571120335675043e-03 3.916336128043063428e-03 5.245549459411939439e-03 2.667605053761433649e-03 8.778181664896424295e-04 6.701891649229059153e-04 1.470151184796578483e-03 3.493687289222279901e-04 7.381101461837034537e-05 8.486508066398251401e-05 4.129614611840736155e-04 3.445095415925027832e-04 4.624962185911149064e-05 5.351739645333179551e-05 1.289238026174071054e-04 2.849494775622415411e-04 6.004850473443910973e-04 1.550771719548560271e-04 2.182536124126385646e-05 2.368294038626352072e-04 1.707911449864495210e-04 3.659557818453452224e-05 1.530838652581035470e-05 3.995986408230963881e-05 5.150144247780728363e-05 1.000000000000000021e-08 1.000000000000000021e-08 1.000000000000000021e-08 1.000000000000000021e-08 1.000000000000000021e-08 7.316594341768977588e-05 1.000000000000000021e-08 2.057608707509020482e-05 2.228364635737391751e-05 2.086147372535187311e-05
3.749903771460110381e-03 1.665780647865914513e-03 2.555779254370110255e-03 1.708847232788057377e-03 3.785767686671242648e-03 2.442297582284950683e-03 1.470720695588785586e-03 1.148279896298492336e-03 3.177122332157976360e-04 2.841851291526219236e-04 4.805971375215477314e-05 7.913631251686202117e-05 2.997578857155089619e-04 2.734214192320754159e-04 2.097330317983474695e-05 1.009876017149726889e-04 8.559581946050007673e-05 1.687278813779333913e-04 4.028548254192445264e-04 8.507382891938410465e-05 3.019382479431399386e-05 3.250020749609435969e-05 7.533951695739238513e-05 3.969440972830091220e-05 1.098369017500416487e-05 2.790765635508293704e-05 2.529177751371849050e-05 1.960000869252172755e-05 1.000000000000000021e-08 1.000000000000000021e-08 1.000000000000000021e-08 1.000000000000000021e-08 1.000000000000000021e-08 6.455302438749129749e-05 5.899663792629849862e-05 5.437652965492710425e-05 5.855406205255291074e-05
4.359073676863001179e-03 2.304883230334774883e-03 1.560102093083723732e-03 2.700021843899492752e-03 1.815692457381174211e-03 2.457397820288245802e-03 8.780944242602404907e-04 4.948575959624035812e-04 4.187373590003925367e-04 1.736278167002446872e-04 2.286539045455823787e-05 4.564938456389054118e-05 3.092134042278361222e-04 1.942520870721552140e-04 2.771923843676919969e-05 8.899554291502681643e-05 1.439369924821182981e-04 9.964583190560025985e-05 2.169608065077709776e-04 3.761633230685305831e-04 1.909317137852087671e-05 3.388714042594545811e-05 5.177102225963681789e-05 2.808563699290084285e-05 1.000000000000000021e-08 1.684033975095581138e-05 1.000000000000000021e-08 1.000000000000000021e-08 1.000000000000000021e-08 1.098710168036291589e-05 1.368149636292376178e-05 2.001626430487362407e-05 1.007709160088275180e-04 1.000000000000000021e-08 1.622065662837122424e-05 2.023107487252834999e-05 2.441875367237480654e-05
3.381412692902097551e-03 1.384741352586372305e-03 2.424273430911138595e-03 2.065863477947130905e-03 1.580913995553631483e-03 4.798724571825049639e-04 1.936053896866653831e-04 4.299134138772112319e-04 2.265699785834974166e-04 1.816864347162299408e-04 1.944301879212099316e-05 1.000000000000000021e-08 1.986438974600666864e-04 1.317319350749402243e-04 1.982474624150366827e-05 2.276771973931711671e-04 7.055481119326386286e-05 1.479825707948472673e-04 1.016943650712573184e-05 7.713556483409235269e-05 3.797395988605852034e-05 2.083142979651666916e-05 3.552549176941007479e-05 3.122226810072246315e-05 8.897407660057133705e-05 1.000000000000000021e-08 1.370328474776000242e-05 2.086405879508699239e-05 7.538312727286067337e-05 1.000000000000000021e-08 1.076872838710633109e-05 1.321574934221813470e-05 8.767571848030045862e-05 1.183889507060599300e-04 1.258828082393159003e-04 1.145825717112382416e-04 1.000000000000000021e-08
3.948701779933799609e-03 2.745605527865260104e-03 1.868041598276291978e-03 4.160019347990269673e-04 9.263671472668527813e-04 7.331655985941739348e-04 1.023114539308776446e-04 5.335422061203808905e-05 1.733509405753924594e-04 1.119852596253673941e-04 1.000000000000000021e-08 1.346900088787104597e-05 1.442714972776458070e-04 7.673756623946777005e-05 4.560799221268856953e-05 1.392910421707622352e-04 1.937285575861879953e-04 1.402334824613685692e-04 2.586714951068701856e-05 1.777574593038652514e-05 1.000000000000000021e-08 1.000000000000000021e-08 1.000000000000000021e-08 7.344986948191388433e-05 1.172356695437020818e-04 1.000000000000000021e-08 1.000000000000000021e-08 1.060407248190078339e-05 1.168782254574339194e-04 1.304471953922808393e-04 1.000000000000000021e-08 1.000000000000000021e-08 8.615002117535342917e-05 1.400596692961576079e-04 1.309234756844708915e-04 1.304199666586145900e-04 2.352895532517801532e-04
5.236245671372334078e-03 2.361917542415731090e-03 9.164373176966479140e-05 2.252477568708921389e-04 1.685529860380503451e-04 8.698835096536346222e-04 2.118526149556924514e-05 5.119725326169629411e-05 3.277743892530409018e-05 1.064005771063504307e-04 1.000000000000000021e-08 1.547160229075276143e-05 7.933787311099419208e-05 3.396258949311387997e-05 5.226934432363814810e-04 5.160544013175915202e-04 7.211717644283744929e-04 4.246796714679192483e-05 1.223761889408569229e-05 1.430143624681508410e-05 1.000000000000000021e-08 1.000000000000000021e-08 2.181333962963234957e-05 1.000000000000000021e-08 3.355359222573702638e-05 3.185255595840218509e-05 4.390094956345840448e-05 5.971336239792551369e-05 1.390197848965903679e-04 1.920998107104838440e-04 2.064505583688928741e-05 2.606143970226834964e-05 2.689062820264039429e-05 3.867501910396138517e-05 4.230407629979084680e-05 7.488475412886209622e-05 3.483169825046281837e-02
3.018690824856501767e-03 2.388448965120611080e-03 2.118849910979274343e-04 1.650442330967446928e-04 2.740546012294459242e-04 3.528593516655451176e-04 6.239382548006356028e-05 3.490830640729135651e-05 4.369338825000650215e-05 2.016613725697195207e-05 1.885402835991297900e-05 1.000000000000000021e-08 1.000000000000000021e-08 9.717828004169718522e-05 1.598004065298023969e-04 1.900235803233164128e-04 1.068069480270963944e-04 2.495195565167149414e-05 1.000000000000000021e-08 1.000000000000000021e-08 1.000000000000000021e-08 1.000000000000000021e-08 1.137903649393809741e-05 2.474585962319089525e-05 4.528784412933107277e-05 6.106732400319417775e-05 7.467646887907597474e-05 9.325108923495611338e-05 3.333442467383512797e-04 6.268377490747898155e-04 5.146092802448958307e-04 3.967151025239107603e-04 3.003121749832736464e-04 2.428848773086526055e-04 2.628199822430245117e-04 3.504773191949220323e-02 3.280628206238043326e-02
2.153193831298602732e-03 1.666745019526428727e-03 3.186665291645060516e-04 2.806071818066481786e-04 1.409964322617497537e-04 1.267147719074403038e-04 4.306688943809749786e-05 3.880780704184848658e-05 1.324543377628141735e-05 1.502716251788229680e-05 1.000000000000000021e-08 1.000000000000000021e-08 3.599303706458062473e-05 1.114239362178747166e-04 4.527681743365238811e-05 3.514372506663467456e-05 2.996902822922947090e-05 1.190209540263237700e-05 1.000000000000000021e-08 1.599108666145005643e-05 2.224511917144827105e-05 5.916148595784978488e-05 1.082083977492589625e-04 1.145762807459876778e-04 1.356806320127484802e-04 1.539095533888484781e-04 7.334180364991964372e-05 1.305893147491671790e-04 2.961670855207653406e-04 3.546295763886998125e-04 4.252098818084611501e-03 5.086948116994022967e-03 2.826132069000638833e-03 1.134769852833983177e-02 3.399028654073241174e-02 3.400980813489550003e-02 2.543275927432895114e-02
1.614576296928977445e-03 2.856747174636514535e-04 2.009285917524877884e-04 6.837543136490653107e-05 1.351383245387992424e-04 1.000000000000000021e-08 1.000000000000000021e-08 1.000000000000000021e-08 1.000000000000000021e-08 8.246757759510609746e-05 1.000000000000000021e-08 1.350312450234113965e-05 1.797862656097280284e-05 1.439422143086149200e-05 3.330501415412709637e-05 2.373108075181486586e-05 1.896330923285673636e-05 1.000000000000000021e-08 1.000000000000000021e-08 1.000000000000000021e-08 1.000000000000000021e-08 1.000000000000000021e-08 2.267511877396605058e-05 1.551373329048964008e-04 3.738424913900325491e-04 5.566530499152733558e-04 4.874663583199911215e-04 3.919373590602241242e-04 5.276962103719079608e-04 5.186183949121444224e-05 5.949852371445656617e-03 1.235786364769553280e-02 3.138262542558417634e-02 3.612339967649158545e-02 2.705802549741516752e-02 2.187977356112898175e-02 4.092661300339453301e-05
5.644669951677191858e-04 4.133526471201599573e-05 1.418832814332722183e-05 1.000000000000000021e-08 1.000000000000000021e-08 1.000000000000000021e-08 1.000000000000000021e-08 1.000000000000000021e-08 1.000000000000000021e-08 6.374736331809334119e-05 1.000000000000000021e-08 1.000000000000000021e-08 1.228518387379875882e-05 1.000000000000000021e-08 1.507767430884492812e-05 1.110555688264084575e-05 1.681704768010893716e-05 1.000000000000000021e-08 1.000000000000000021e-08 2.364113381647532902e-05 1.000000000000000021e-08 1.000000000000000021e-08 1.000000000000000021e-08 8.602437473890909474e-05 1.413995615598168554e-04 1.000000000000000021e-08 1.000000000000000021e-08 9.311130240735724956e-05 4.525969820598337240e-04 6.184463572325581311e-03 6.600880217688364672e-03 1.387066557155198360e-02 2.057334309860057997e-02 1.574271161126755691e-02 1.193544595300637286e-02 1.834425838058569794e-03 2.948911166909358035e-05
1.018480752621331461e-04 1.000000000000000021e-08 1.000000000000000021e-08 1.000000000000000021e-08 1.000000000000000021e-08 1.000000000000000021e-08 1.000000000000000021e-08 1.000000000000000021e-08 1.000000000000000021e-08 4.983494067447988345e-05 1.816449746336943523e-05 1.000000000000000021e-08 1.000000000000000021e-08 1.000000000000000021e-08 1.000000000000000021e-08 1.000000000000000021e-08 1.000000000000000021e-08 2.357817526649581889e-05 1.000000000000000021e-08 1.000000000000000021e-08 1.725392893510697997e-05 3.214076964405724018e-05 8.423216538274615607e-05 7.094763149806125103e-05 1.000000000000000021e-08 1.000000000000000021e-08 1.000000000000000021e-08 3.798217998782171768e-04 2.340040598360857652e-03 8.285821106304708597e-03 1.550161662154610903e-02 1.335786152120495979e-02 3.084791105738853359e-02 2.331804475330365899e-05 1.000000000000000021e-08 1.000000000000000021e-08 1.332027042460248992e-05
