output/water_depth_360.asc
ncols 223
nrows 158
xllcorner 0.0
yllcorner 0.0
cellsize 30.0
[rows 119 to 135 of 158, columns 185 to 221 of 223]
1.056643459815485159e-02 7.529503892697798385e-03 6.787734794130195759e-03 6.482003125261948454e-03 5.097879144359220363e-03 5.063635387655167873e-03 5.203020777980267922e-03 6.793678447416719168e-03 8.755564121148352169e-03 9.471565894310486275e-03 8.407762819416594521e-03 7.861677082882802259e-03 1.098951540700601227e-02 6.965882275977386406e-03 6.278238313330699281e-03 3.320909875679613384e-03 3.628407909951315412e-03 5.898433876193715474e-03 1.102856268640233298e-02 8.658329856519923762e-03 6.825905825104096325e-03 7.029712364470364939e-03 7.029600364472466528e-03 6.981664364371576587e-03 6.497927815331318649e-03 3.562736432291681125e-03 5.135509134322855697e-03 1.000000100000000021e-05 1.000000100000000021e-05 1.000000100000000021e-05 1.000000100000000021e-05 1.000000100000000021e-05 1.000000100000000021e-05 1.000000100000000021e-05 1.000000100000000021e-05 1.000000100000000021e-05 1.000000100000000021e-05
3.788809254507109585e-03 6.545917791987343817e-03 6.981776364460423948e-03 6.997643031177980776e-03 8.516700700390572240e-03 5.216348309926916588e-03 6.590045119542887846e-03 6.981911231747185177e-03 5.475517813711850562e-03 8.245013425324304243e-03 1.355864104786567471e-03 7.548024138683594522e-03 3.820586009720395443e-03 7.029568364447080948e-03 6.949725320196997735e-03 6.449949791891308563e-03 6.450160002219386055e-03 6.321879464035996994e-03 4.078525099162911768e-03 8.938227549513620349e-03 5.475571945163735729e-03 7.029536364467171144e-03 6.965621697696300005e-03 6.723804695553448930e-03 6.965753744458092270e-03 9.932987211646728681e-03 6.739861501486206496e-03 1.000000100000000021e-05 1.000000100000000021e-05 1.000000100000000021e-05 1.000000100000000021e-05 1.000000100000000021e-05 1.000000100000000021e-05 1.000000100000000021e-05 1.000000100000000021e-05 1.000000100000000021e-05 1.000000100000000021e-05
6.513912458609306087e-03 6.965765697765058037e-03 7.029600364472466528e-03 7.029680364444979360e-03 9.013761484233506066e-03 5.265183149820197583e-03 6.778188231106364176e-03 7.013703986927690218e-03 6.825889825091403101e-03 9.579703513951765004e-03 1.007639613195350156e-02 5.793475144388353024e-03 1.116318714571247830e-02 1.197825443701357011e-02 1.194610510361224925e-02 1.188217443687416067e-02 1.136631053105328221e-02 7.529566708768365736e-03 1.078643366932363623e-02 7.217361948010770842e-03 8.771358367203167111e-03 6.917669697628192615e-03 6.192138123065782200e-03 4.641018133814515251e-03 3.094958502611812063e-03 2.216285689366324137e-03 1.000000100000000021e-05 1.000000100000000021e-05 1.000000100000000021e-05 1.000000100000000021e-05 1.000000100000000021e-05 1.000000100000000021e-05 1.000000100000000021e-05 1.000000100000000021e-05 1.000000100000000021e-05 1.000000100000000021e-05 1.000000100000000021e-05
6.997707031137801251e-03 7.029616364439683976e-03 7.029712364470364939e-03 7.029712364470364939e-03 7.265308120309678722e-03 6.825989363738594121e-03 6.997839609317347068e-03 7.029664364477761045e-03 9.701874313044124565e-03 1.439957894949517314e-02 7.998042866108383275e-03 1.359572995078445201e-02 9.604092279942938459e-03 6.949643031071795450e-03 6.450061791934681016e-03 6.545949791967254489e-03 7.561362936990812487e-03 1.101241501242464921e-02 6.449933791878616207e-03 6.449901791853230627e-03 6.418024458576733482e-03 5.982213886141730420e-03 3.562613772652079968e-03 5.081796475327280543e-03 6.144274284593743453e-03 4.394040983959565834e-03 1.000000100000000021e-05 1.000000100000000021e-05 1.000000100000000021e-05 1.000000100000000021e-05 1.000000100000000021e-05 1.000000100000000021e-05 1.000000100000000021e-05 1.000000100000000021e-05 1.000000100000000021e-05 1.000000100000000021e-05 1.000000100000000021e-05
7.029680364444979360e-03 7.029712364470364939e-03 7.029712364470364939e-03 7.029712364470364939e-03 7.045656742007745145e-03 8.973721777752761974e-03 7.908964719754118383e-03 1.428103666454441471e-02 1.168269810219124683e-02 6.949487235447926632e-03 6.429894947137550047e-03 5.013871278286651141e-03 8.434028283921615049e-03 6.223954210787164057e-03 3.336775437179208357e-03 3.788548676271498092e-03 6.434111849290170479e-03 4.676138383520391482e-03 3.304850103864632842e-03 3.304882103890017988e-03 3.336775437179208357e-03 3.788596676309575594e-03 6.481955125223871385e-03 6.739680817468873472e-03 6.691775523728105655e-03 4.845818270348753801e-03 1.000000100000000021e-05 1.000000100000000021e-05 1.000000100000000021e-05 1.000000100000000021e-05 1.000000100000000021e-05 1.000000100000000021e-05 1.000000100000000021e-05 1.000000100000000021e-05 1.000000100000000021e-05 1.000000100000000021e-05 1.000000100000000021e-05
7.029712364470364939e-03 7.029712364470364939e-03 7.029712364470364939e-03 7.029712364470364939e-03 1.138241605318024603e-02 7.831038758473263597e-03 1.087161576420465903e-02 6.449917791865922984e-03 6.433788082864234752e-03 6.085984529005040305e-03 4.162171774256489751e-03 3.611482879048063567e-03 4.779632356474120859e-03 5.281191175594423734e-03 8.188982261325770950e-03 6.224143461991739693e-03 4.947148010525002915e-03 5.298430786016461794e-03 8.204926136264185238e-03 6.449933791878615340e-03 6.450029791909296303e-03 6.513912458609306087e-03 6.997659031190673132e-03 6.997653054446240431e-03 6.723828857098745546e-03 4.877743603663328882e-03 1.000000100000000021e-05 1.000000100000000021e-05 1.000000100000000021e-05 1.000000100000000021e-05 1.000000100000000021e-05 1.000000100000000021e-05 1.000000100000000021e-05 1.000000100000000021e-05 1.000000100000000021e-05 1.000000100000000021e-05 1.000000100000000021e-05
7.045640742040526830e-03 7.029728364483057296e-03 7.029712364470364939e-03 7.029712364470364939e-03 1.214229356201286698e-02 1.123960077593856403e-02 3.304850103864632842e-03 3.304818103884722604e-03 3.273020770444313998e-03 2.971787153443498832e-03 1.296834165288246812e-03 5.629104958507052600e-03 1.142783813533509302e-02 1.298920072158300798e-02 5.446406502080828292e-03 6.723673832680910657e-03 5.317237684094493558e-03 8.322207403893226024e-03 5.462419960436899757e-03 6.997627031119813511e-03 6.997627031119813511e-03 6.997723031150494474e-03 7.029664364432287003e-03 7.013647721219862935e-03 6.723860857124131125e-03 4.877775603688713595e-03 1.000000100000000021e-05 1.000000100000000021e-05 1.000000100000000021e-05 1.000000100000000021e-05 1.000000100000000021e-05 1.000000100000000021e-05 1.000000100000000021e-05 1.000000100000000021e-05 1.000000100000000021e-05 1.000000100000000021e-05 1.000000100000000021e-05
7.233587758497275061e-03 7.045624742027834474e-03 7.029728364483057296e-03 9.182101226536535862e-03 1.034668569911425737e-02 9.957528717972464680e-03 6.449933791878615340e-03 6.449917791865922984e-03 6.433827125243520018e-03 6.112346701052852327e-03 4.280556037926106297e-03 4.749245698038637338e-03 8.676079881732030874e-03 3.804689632084668448e-03 6.825759468216242506e-03 6.981762653554947004e-03 6.567789263322888760e-03 5.447239277571180004e-03 6.825839468234230246e-03 7.045608742015142117e-03 7.249445956182067746e-03 8.806594140061442533e-03 7.029696364457672583e-03 7.013663721187081250e-03 6.723860857124131125e-03 4.877775603688713595e-03 1.000000100000000021e-05 1.000000100000000021e-05 1.000000100000000021e-05 1.000000100000000021e-05 1.000000100000000021e-05 1.000000100000000021e-05 1.000000100000000021e-05 1.000000100000000021e-05 1.000000100000000021e-05 1.000000100000000021e-05 1.000000100000000021e-05
6.841765348013617576e-03 7.013831986938280985e-03 7.029696364457671716e-03 9.214017668972316472e-03 1.172439480317710031e-02 9.995281861596970810e-03 6.997627031119813511e-03 6.997627031119813511e-03 6.997531031134607456e-03 6.917613805722689496e-03 5.972240077477076158e-03 2.358570303750136959e-03 6.595878039939530313e-03 1.075467394048781195e-02 7.013799986958370314e-03 7.029616364485158884e-03 6.981892942672752317e-03 6.825795794935297228e-03 7.013783986945677090e-03 7.013847986950972474e-03 6.857781049944501085e-03 5.725921112625863632e-03 8.968228232131073008e-03 7.013663721187081250e-03 6.723860857124131125e-03 4.877775603688713595e-03 1.000000100000000021e-05 1.000000100000000021e-05 1.000000100000000021e-05 1.000000100000000021e-05 1.000000100000000021e-05 1.000000100000000021e-05 1.000000100000000021e-05 1.000000100000000021e-05 1.000000100000000021e-05 1.000000100000000021e-05 1.000000100000000021e-05
8.895115051970050105e-03 1.157132923868256155e-02 1.167221705541659008e-02 7.577549603689370458e-03 7.029664364477761912e-03 1.138139693135602204e-02 7.029680364444979360e-03 7.029664364432287003e-03 7.013669697795090092e-03 6.755589318714450876e-03 5.047788339888489850e-03 4.503110373527545972e-03 6.676180261098020249e-03 1.189802510357902514e-02 7.029696364457672583e-03 7.029728364483057296e-03 7.045707031153037626e-03 7.335739268870280182e-03 9.768505724424766945e-03 1.197819043696279895e-02 1.185051197085693758e-02 1.070404219104228484e-02 8.076719388751769924e-03 1.164026009137695238e-02 8.882518466468423621e-03 4.877775603688713595e-03 1.000000100000000021e-05 1.000000100000000021e-05 1.000000100000000021e-05 1.000000100000000021e-05 1.000000100000000021e-05 1.000000100000000021e-05 1.000000100000000021e-05 1.000000100000000021e-05 1.000000100000000021e-05 1.000000100000000021e-05 1.000000100000000021e-05
7.075944622717245634e-03 6.501011282358271429e-03 5.097895183753033480e-03 6.223998888259197650e-03 6.433987125234020589e-03 9.369977935701831809e-03 9.155458201580873520e-03 7.029712364470364939e-03 7.029632364452376332e-03 6.965685697747070297e-03 6.223922746181310972e-03 3.514954590997044961e-03 1.081866529180468620e-02 8.253392176407836275e-03 1.194620110359745531e-02 1.191435798055489118e-02 1.170625957211621909e-02 1.165641115508686543e-02 9.239493076993602130e-03 6.997803031123006438e-03 6.561927314174576496e-03 4.042124592984587018e-03 8.773012628147718039e-03 7.303736668341921645e-03 9.197678290224478928e-03 8.554712781000360644e-03 1.000000100000000021e-05 1.000000100000000021e-05 1.000000100000000021e-05 1.000000100000000021e-05 1.000000100000000021e-05 1.000000100000000021e-05 1.000000100000000021e-05 1.000000100000000021e-05 1.000000100000000021e-05 1.000000100000000021e-05 1.000000100000000021e-05
5.342268861790755788e-03 3.596460934619139568e-03 4.672980523211701584e-03 3.530801007496743322e-03 3.320796770509228026e-03 4.945312173894551855e-03 1.138487955241169851e-02 7.029712364470364939e-03 7.029712364470364939e-03 7.029568364447080948e-03 6.949723031089783190e-03 6.529955125284581802e-03 7.577533603722153011e-03 7.061813697833608724e-03 6.434068230379020800e-03 6.273905861422358551e-03 5.342300861816140500e-03 7.029616364439683976e-03 6.997755031130404278e-03 7.061717697893877578e-03 7.561589226139298764e-03 1.059875094129518816e-02 5.459682297960678256e-03 6.825653352285266165e-03 5.154515427704562877e-03 4.619990025810548177e-03 1.000000100000000021e-05 1.000000100000000021e-05 1.000000100000000021e-05 1.000000100000000021e-05 1.000000100000000021e-05 1.000000100000000021e-05 1.000000100000000021e-05 1.000000100000000021e-05 1.000000100000000021e-05 1.000000100000000021e-05 1.000000100000000021e-05
6.789641727760576534e-03 6.482069335521267912e-03 6.691879362193398940e-03 6.481875125205882777e-03 6.449981791916693276e-03 6.758293485659928358e-03 1.274003215396228572e-02 1.473658910194161273e-02 1.194616431094426383e-02 1.160368567712419773e-02 8.849159943844627993e-03 1.094554469113190320e-02 7.029712364470364072e-03 6.482051125345500431e-03 3.336807476585713830e-03 3.823566355555052879e-03 7.075855952421637035e-03 6.965749697752365681e-03 6.513976458614602338e-03 7.029728364483057296e-03 7.045640742040526830e-03 7.249463281328539718e-03 8.819429347878406794e-03 7.185368915184777924e-03 7.917435038552703142e-03 3.305476569461258431e-03 1.000000100000000021e-05 1.000000100000000021e-05 1.000000100000000021e-05 1.000000100000000021e-05 1.000000100000000021e-05 1.000000100000000021e-05 1.000000100000000021e-05 1.000000100000000021e-05 1.000000100000000021e-05 1.000000100000000021e-05 1.000000100000000021e-05
9.013857957155617037e-03 9.013622851479111825e-03 9.029578316731453475e-03 7.233302786931640992e-03 7.013571408702668625e-03 7.013709963535698193e-03 1.191905287993982009e-02 6.965605697729082557e-03 6.691540854086165668e-03 6.085902915907249154e-03 2.971787153443499266e-03 5.051894520210658754e-03 1.351104309910500754e-02 6.965653697721685585e-03 6.466007314025668494e-03 6.766996310903673414e-03 8.878981582499771708e-03 6.529987125309966514e-03 3.820586009720395443e-03 7.029680364444979360e-03 7.029680364444979360e-03 7.029696364457671716e-03 7.013567721201875195e-03 6.675890927095574218e-03 4.619990025810548177e-03 1.000000100000000021e-05 1.000000100000000021e-05 1.000000100000000021e-05 1.000000100000000021e-05 1.000000100000000021e-05 1.000000100000000021e-05 1.000000100000000021e-05 1.000000100000000021e-05 1.000000100000000021e-05 1.000000100000000021e-05 1.000000100000000021e-05 1.000000100000000021e-05
5.297057721234474034e-03 5.265336677460272577e-03 5.265311878885309965e-03 6.825957363758684317e-03 7.013783986945677090e-03 1.415371545540175524e-02 9.098755795220446821e-03 6.207945324018405292e-03 4.784732262341649146e-03 4.158206978341422860e-03 1.351035255683466366e-03 9.808712411262720740e-03 8.902970528426824501e-03 1.406281440431596599e-02 1.162407419988620294e-02 1.125433292996229698e-02 6.789526207927232444e-03 7.303486699998652451e-03 1.075447862499994030e-02 6.997627031119813511e-03 6.997723031150494474e-03 7.029600364472466528e-03 6.965629791198702132e-03 6.192289058531863510e-03 3.305476569461258431e-03 1.000000100000000021e-05 1.000000100000000021e-05 1.000000100000000021e-05 1.000000100000000021e-05 1.000000100000000021e-05 1.000000100000000021e-05 1.000000100000000021e-05 1.000000100000000021e-05 1.000000100000000021e-05 1.000000100000000021e-05 1.000000100000000021e-05 1.000000100000000021e-05
6.778300231104261719e-03 6.794084608651142221e-03 6.794100608663834577e-03 6.997855609330040291e-03 1.166682395651685855e-02 8.857563843016265023e-03 4.672880113649865476e-03 3.530834947428852007e-03 4.690773270042118519e-03 3.496979581143263606e-03 4.158206978341422860e-03 7.193352497156068129e-03 8.531621058393433835e-03 4.893277084686328826e-03 5.081971552266659718e-03 6.257714530334746762e-03 5.050439156247529121e-03 5.097828478958167826e-03 6.449933791878616207e-03 6.450029791909296303e-03 6.513896458642088640e-03 6.981578387745580004e-03 6.691871523758785752e-03 4.877791603655931910e-03 1.000000100000000021e-05 1.000000100000000021e-05 1.000000100000000021e-05 1.000000100000000021e-05 1.000000100000000021e-05 1.000000100000000021e-05 1.000000100000000021e-05 1.000000100000000021e-05 1.000000100000000021e-05 1.000000100000000021e-05 1.000000100000000021e-05 1.000000100000000021e-05 1.000000100000000021e-05
7.013671986902304638e-03 7.013751986920292378e-03 7.013751986920292378e-03 7.029664364477761045e-03 1.139853826448951335e-02 3.562613772652079968e-03 5.081986071218585858e-03 6.277975212520582604e-03 5.148595723926565997e-03 7.734231309483873690e-03 3.472460842754921968e-03 1.062271214287273738e-02 5.150898594045499532e-03 4.861522811069611712e-03 4.688823010126478598e-03 3.770928670979523892e-03 6.562915988044482930e-03 4.656955416785081223e-03 3.304882103890017988e-03 3.336775437179208357e-03 3.788548676271498092e-03 6.433981148580537705e-03 6.208188951319137949e-03 4.893792247037561521e-03 1.000000100000000021e-05 1.000000100000000021e-05 1.000000100000000021e-05 1.000000100000000021e-05 1.000000100000000021e-05 1.000000100000000021e-05 1.000000100000000021e-05 1.000000100000000021e-05 1.000000100000000021e-05 1.000000100000000021e-05 1.000000100000000021e-05 1.000000100000000021e-05 1.000000100000000021e-05
