output/water_depth_8280.asc
ncols 223
nrows 158
xllcorner 0.0
yllcorner 0.0
cellsize 30.0
[rows 51 to 67 of 158, columns 74 to 110 of 223]
1.000000000000000021e-08 1.000000000000000021e-08 1.000000000000000021e-08 1.000000000000000021e-08 1.000000000000000021e-08 1.000000000000000021e-08 1.000000000000000021e-08 1.351284707344307998e-05 1.736408704678679972e-05 1.604010737180255240e-05 2.601719383832814861e-05 2.173275557408467078e-05 2.275622831680376368e-05 1.990270088456625960e-05 1.941224368704778114e-05 2.133312394013693215e-05 1.174016552737496692e-05 1.000000000000000021e-08 1.000000000000000021e-08 4.372828875883738304e-05 4.005914837963591352e-05 1.000000000000000021e-08 1.000000000000000021e-08 3.249687594874148088e-05 4.148256468180483545e-05 1.000000000000000021e-08 1.005025739257996914e-05 1.245928886328644899e-05 1.087859067209097765e-05 1.010867995146003555e-05 1.653309815388617489e-05 1.000000000000000021e-08 2.131937795688135180e-05 8.655764242224629117e-05 1.496761220822460506e-05 1.000000000000000021e-08 1.000000000000000021e-08
1.000000000000000021e-08 1.000000000000000021e-08 1.000000000000000021e-08 1.000000000000000021e-08 1.000000000000000021e-08 1.000000000000000021e-08 1.755518000372601953e-05 2.534421195670463243e-05 3.590087650499646389e-05 4.482960000513253366e-05 1.000000000000000021e-08 1.000000000000000021e-08 1.713259443596717982e-05 2.551521590235369594e-05 4.202186235060474591e-05 5.508568765247141515e-05 2.735075409006694445e-05 1.000000000000000021e-08 1.000000000000000021e-08 2.987930012914566372e-05 3.777062020607797481e-05 3.803034114793061752e-05 4.040509637435041860e-05 3.533856342278851950e-05 3.295305925514967047e-05 2.015483480909376071e-05 1.303197995011169085e-05 1.000000000000000021e-08 1.200857052275656655e-05 2.262823647652549268e-05 2.294447577673384953e-05 2.643797296992761252e-05 2.560773128787108291e-05 2.468943054106148530e-05 1.000000000000000021e-08 1.000000000000000021e-08 1.000000000000000021e-08
4.368498780371897266e-05 4.171677574444273418e-05 4.137570495466807530e-05 1.000000000000000021e-08 1.000000000000000021e-08 1.000000000000000021e-08 1.000000000000000021e-08 2.475410034842146059e-05 3.386623275937923887e-05 4.116577503406238956e-05 3.378147877896071910e-05 1.000000000000000021e-08 1.000000000000000021e-08 1.556086036309146670e-05 1.227484825750640269e-05 1.000000000000000021e-08 2.286960988920542682e-05 1.000000000000000021e-08 1.000000000000000021e-08 2.334098326334389090e-05 3.845233218647810345e-05 3.902340704597935625e-05 1.000000000000000021e-08 1.000000000000000021e-08 1.000000000000000021e-08 1.000000000000000021e-08 1.000000000000000021e-08 1.000000000000000021e-08 1.000000000000000021e-08 1.161007940610127133e-05 1.396983580692507701e-05 2.433150805374468531e-05 2.670450070977483758e-05 3.074316325853781274e-05 1.000000000000000021e-08 1.044124066464921200e-05 1.000000000000000021e-08
1.538540016739270774e-05 2.963102563056333678e-05 1.000000000000000021e-08 1.000000000000000021e-08 1.000000000000000021e-08 1.000000000000000021e-08 1.000000000000000021e-08 1.000000000000000021e-08 1.000000000000000021e-08 1.000000000000000021e-08 2.632943697457799023e-05 1.000000000000000021e-08 1.000000000000000021e-08 1.000000000000000021e-08 1.000000000000000021e-08 1.000000000000000021e-08 2.189842684522584114e-05 2.336872100374178110e-05 1.000000000000000021e-08 1.866849861443730058e-05 3.476528098378902135e-05 1.000000000000000021e-08 1.000000000000000021e-08 1.000000000000000021e-08 1.000000000000000021e-08 1.000000000000000021e-08 1.000000000000000021e-08 1.000000000000000021e-08 1.478501867132059305e-05 1.381201943643225177e-05 1.906122722260008938e-05 1.000000000000000021e-08 1.000000000000000021e-08 2.676857729036336212e-05 7.048003598783722479e-05 7.692228667722033979e-05 3.218972936392345755e-05
1.547274866149193166e-05 1.000000000000000021e-08 1.000000000000000021e-08 1.000000000000000021e-08 1.000000000000000021e-08 1.000000000000000021e-08 1.000000000000000021e-08 1.073774545734548415e-05 1.000000000000000021e-08 1.000000000000000021e-08 2.320538364881210615e-05 1.000000000000000021e-08 1.000000000000000021e-08 1.000000000000000021e-08 1.000000000000000021e-08 1.000000000000000021e-08 1.000000000000000021e-08 1.000000000000000021e-08 1.000000000000000021e-08 1.000000000000000021e-08 2.836910466628284186e-05 2.232248751920074372e-05 1.000000000000000021e-08 1.000000000000000021e-08 1.000000000000000021e-08 1.000000000000000021e-08 1.000000000000000021e-08 2.297545874482228681e-05 1.623001598552854634e-05 1.699520544457072761e-05 2.034120084165152095e-05 1.675520052777369515e-05 1.569442535043463196e-05 2.473159598311817722e-05 2.316178605551956813e-05 5.581815100553417407e-05 7.141962813924832660e-05
1.000000000000000021e-08 1.000000000000000021e-08 1.000000000000000021e-08 1.000000000000000021e-08 1.000000000000000021e-08 1.000000000000000021e-08 1.000000000000000021e-08 1.000000000000000021e-08 1.000000000000000021e-08 1.000000000000000021e-08 2.272550398352192824e-05 1.000000000000000021e-08 1.000000000000000021e-08 1.000000000000000021e-08 1.000000000000000021e-08 1.000000000000000021e-08 1.000000000000000021e-08 1.000000000000000021e-08 1.000000000000000021e-08 1.000000000000000021e-08 2.496293289823323816e-05 3.180321810797876055e-05 2.436007125663468417e-05 1.000000000000000021e-08 1.000000000000000021e-08 1.000000000000000021e-08 1.000000000000000021e-08 2.400033194567762100e-05 2.144083240475869927e-05 2.671833249517989824e-05 1.000000000000000021e-08 1.000000000000000021e-08 1.000000000000000021e-08 1.867615235324359256e-05 1.000000000000000021e-08 1.000000000000000021e-08 7.361417680267531415e-05
1.000000000000000021e-08 1.000000000000000021e-08 1.000000000000000021e-08 1.000000000000000021e-08 1.000000000000000021e-08 1.000000000000000021e-08 1.000000000000000021e-08 1.000000000000000021e-08 1.000000000000000021e-08 1.000000000000000021e-08 1.862429255051059401e-05 2.118766062680703830e-05 1.000000000000000021e-08 1.000000000000000021e-08 1.000000000000000021e-08 1.000000000000000021e-08 1.000000000000000021e-08 1.000000000000000021e-08 1.000000000000000021e-08 1.000000000000000021e-08 1.928852920486874803e-05 3.041184703854247684e-05 1.000000000000000021e-08 1.000000000000000021e-08 1.000000000000000021e-08 1.000000000000000021e-08 1.000000000000000021e-08 2.172804369881090283e-05 3.626700119490445596e-05 3.493679669169740096e-05 1.000000000000000021e-08 1.000000000000000021e-08 1.000000000000000021e-08 1.749590265137045583e-05 1.377192163535023377e-05 1.511105474075634937e-05 6.311193402016271228e-05
1.000000000000000021e-08 1.000000000000000021e-08 1.000000000000000021e-08 1.000000000000000021e-08 1.000000000000000021e-08 1.000000000000000021e-08 1.000000000000000021e-08 1.000000000000000021e-08 1.000000000000000021e-08 1.000000000000000021e-08 1.808017646966062747e-05 1.000000000000000021e-08 1.000000000000000021e-08 1.000000000000000021e-08 1.000000000000000021e-08 1.000000000000000021e-08 1.000000000000000021e-08 1.000000000000000021e-08 1.000000000000000021e-08 1.000000000000000021e-08 1.754755226566106886e-05 3.441921227304400827e-05 1.000000000000000021e-08 1.000000000000000021e-08 2.045053861808197862e-05 1.000000000000000021e-08 1.000000000000000021e-08 2.779224576216132446e-05 4.224704199704623902e-05 4.069528477922182668e-05 4.415526350627862567e-05 1.000000000000000021e-08 1.000000000000000021e-08 1.000000000000000021e-08 1.269216184684535845e-05 1.779822755868126048e-05 1.000000000000000021e-08
1.000000000000000021e-08 1.000000000000000021e-08 1.000000000000000021e-08 1.000000000000000021e-08 1.000000000000000021e-08 1.000000000000000021e-08 1.000000000000000021e-08 1.000000000000000021e-08 1.000000000000000021e-08 1.000000000000000021e-08 1.000000000000000021e-08 1.000000000000000021e-08 1.000000000000000021e-08 1.000000000000000021e-08 1.000000000000000021e-08 1.000000000000000021e-08 1.000000000000000021e-08 1.000000000000000021e-08 1.000000000000000021e-08 1.000000000000000021e-08 1.595043541116021588e-05 2.283883047158544194e-05 1.000000000000000021e-08 1.000000000000000021e-08 2.134838631342066815e-05 1.000000000000000021e-08 1.000000000000000021e-08 2.445542834225605911e-05 4.562749672084081209e-05 4.443205612178951830e-05 3.784662527628608039e-05 1.000000000000000021e-08 1.000000000000000021e-08 1.000000000000000021e-08 1.362046819661136351e-05 1.000000000000000021e-08 1.000000000000000021e-08
1.000000000000000021e-08 1.000000000000000021e-08 1.000000000000000021e-08 7.452221839141724398e-05 1.056469092365887682e-04 1.268573801756859849e-04 1.367943073803408580e-04 1.387519456872840702e-04 1.029230172882332538e-04 9.358059821586423683e-05 6.814717743234688775e-05 5.557333626721837344e-05 3.109432542337118357e-05 2.019979512924656762e-05 1.545380370881517399e-05 1.000000000000000021e-08 1.000000000000000021e-08 1.000000000000000021e-08 1.000000000000000021e-08 1.000000000000000021e-08 1.190375280828077128e-05 1.000000000000000021e-08 1.000000000000000021e-08 1.000000000000000021e-08 2.269990451227323121e-05 1.000000000000000021e-08 1.000000000000000021e-08 2.284472251508345438e-05 4.463709805400091295e-05 4.913336326933697345e-05 4.675567396111699234e-05 1.000000000000000021e-08 1.000000000000000021e-08 1.000000000000000021e-08 2.100878519464564388e-05 1.469113764695920490e-05 1.625768017221537493e-05
9.181030634323522003e-05 1.084171873347730355e-04 1.267097796172569511e-04 1.101725724696909971e-04 8.156745675478712320e-05 7.453879207103201023e-05 6.732882900109864665e-05 6.187034859234285991e-05 1.081426470724027082e-04 1.252910283822209479e-04 1.286446681989211857e-04 1.346797493375770035e-04 1.687988811211796596e-04 1.866660745928766800e-04 1.537569237493982186e-04 1.090802177482544648e-04 1.000000000000000021e-08 1.000000000000000021e-08 1.000000000000000021e-08 1.110684945182060047e-05 1.651120838916343695e-05 1.595848727388274774e-05 1.000000000000000021e-08 1.000000000000000021e-08 1.000000000000000021e-08 1.000000000000000021e-08 1.000000000000000021e-08 1.000000000000000021e-08 1.000000000000000021e-08 1.000000000000000021e-08 5.823723061939778335e-05 4.010731869704667243e-05 1.000000000000000021e-08 1.000000000000000021e-08 1.947788705839354989e-05 1.000000000000000021e-08 1.000000000000000021e-08
1.259579407132881915e-04 1.004833991121576771e-04 8.381405249945457969e-05 1.000000000000000021e-08 3.778054885715435385e-05 1.000000000000000021e-08 1.000000000000000021e-08 1.000000000000000021e-08 1.000000000000000021e-08 1.000000000000000021e-08 1.397367117031837339e-05 1.000000000000000021e-08 1.000000000000000021e-08 1.000000000000000021e-08 1.000000000000000021e-08 1.000000000000000021e-08 1.000000000000000021e-08 1.000000000000000021e-08 1.000000000000000021e-08 1.439990826125604978e-05 3.033762957297450038e-05 1.000000000000000021e-08 1.000000000000000021e-08 1.000000000000000021e-08 1.000000000000000021e-08 1.000000000000000021e-08 1.000000000000000021e-08 1.000000000000000021e-08 1.000000000000000021e-08 1.000000000000000021e-08 2.933104070494254724e-05 1.000000000000000021e-08 1.000000000000000021e-08 1.000000000000000021e-08 2.023584374113750610e-05 1.000000000000000021e-08 1.000000000000000021e-08
1.820156243349378266e-03 1.942383926361856690e-04 1.242823357622958695e-04 9.576145079833299576e-05 1.178836462156632924e-04 4.916578342663445369e-04 4.065388232590107839e-04 2.650596514364868370e-04 2.200906100866499972e-04 1.913331313540795697e-04 1.418084751162494250e-04 1.134307219046405072e-04 1.000000000000000021e-08 1.000000000000000021e-08 1.000000000000000021e-08 1.000000000000000021e-08 1.000000000000000021e-08 1.000000000000000021e-08 1.000000000000000021e-08 1.438936186791870261e-05 3.000133406044438281e-05 2.867658914603924328e-05 2.561793332357241115e-05 2.118148495417999602e-05 1.000000000000000021e-08 1.000000000000000021e-08 1.000000000000000021e-08 1.197599197032568128e-05 1.273240197630799116e-05 1.000000000000000021e-08 1.000000000000000021e-08 1.000000000000000021e-08 1.000000000000000021e-08 1.000000000000000021e-08 1.000000000000000021e-08 1.000000000000000021e-08 1.000000000000000021e-08
3.712146386005728618e-03 4.295206195360729527e-03 4.616573291630734870e-03 3.243836704971237144e-03 2.317923170432483609e-03 1.764342520680013768e-03 1.343308079581576877e-03 1.048930424689472393e-03 1.398361393309882367e-03 3.672313026965222989e-03 2.610016755884303659e-03 1.707894241526370467e-03 1.098529794469256006e-03 7.100576579789212887e-04 4.990276071009120545e-04 3.831122913577978198e-04 2.697333153962031059e-04 2.100376346836363168e-03 1.332784908032434885e-03 8.463032775263819394e-04 5.405976881244411916e-04 3.498834700543356217e-04 2.321614884526302465e-04 1.862921660028661413e-04 1.000000000000000021e-08 1.000000000000000021e-08 1.000000000000000021e-08 1.000000000000000021e-08 2.146975638211431493e-05 1.000000000000000021e-08 1.000000000000000021e-08 1.000000000000000021e-08 1.000000000000000021e-08 1.000000000000000021e-08 1.000000000000000021e-08 1.000000000000000021e-08 1.000000000000000021e-08
4.983002785097867624e-04 4.240925418560635902e-04 4.045064649084943037e-04 2.886890262117483997e-03 3.904656084272430452e-03 4.529002018857856970e-03 4.946121911906799576e-03 5.250807269187993641e-03 5.076257683862777856e-03 3.572447639106204886e-03 3.203682142417921871e-03 2.524304668896150926e-03 2.139341662536466560e-03 2.561714869710077485e-03 1.920583280323420305e-03 2.942432804434926691e-03 3.494472979472320728e-03 2.513883544867103002e-03 3.057663038925542871e-03 2.122534785789697339e-03 1.495557350955980646e-03 1.021504704538339680e-03 8.160686244751957094e-04 6.103080091884501566e-05 7.550097263236582080e-05 2.276411910509927865e-05 1.901917936639813329e-05 1.507219257399442042e-05 1.000000000000000021e-08 1.000000000000000021e-08 1.000000000000000021e-08 1.000000000000000021e-08 1.000000000000000021e-08 1.000000000000000021e-08 1.000000000000000021e-08 1.000000000000000021e-08 1.000000000000000021e-08
3.523784567692603612e-04 2.868895126194476739e-04 3.417034647628106525e-04 2.994793975574171728e-04 2.163097309464147831e-04 1.521263904335760540e-04 1.202107260815274924e-04 1.096784370793694178e-04 7.247449135563094162e-04 4.626865184479941385e-04 2.709949385281975719e-03 4.065095693994650282e-03 4.910808478388429578e-03 4.794128855324803970e-03 3.703931595293055885e-03 2.100256265161742388e-03 1.531688208365897036e-03 1.478748418878708844e-03 1.192545083827983984e-03 1.911140538944056024e-03 1.715875333672522507e-03 1.583827079569875319e-03 1.193082420998748923e-03 1.038332888373746845e-03 8.277135604661250566e-05 1.372163860201250265e-04 4.713732694280506992e-05 4.884821427548010795e-05 3.826342906686513621e-05 1.000000000000000021e-08 1.000000000000000021e-08 1.000000000000000021e-08 1.000000000000000021e-08 1.000000000000000021e-08 1.000000000000000021e-08 1.000000000000000021e-08 1.000000000000000021e-08
6.625688659019767109e-05 3.433607601220953182e-05 2.932566665515100985e-04 1.256673991396229184e-05 1.000000000000000021e-08 1.000000000000000021e-08 1.642722677132840044e-05 1.074112068469370315e-04 1.227992807599801394e-04 4.058220277542795248e-04 7.310503124655016224e-04 8.440104994588138983e-04 4.911126912686704891e-04 5.791656029324577333e-04 2.313476988103867898e-03 2.021679092366669185e-03 1.464893225310304799e-03 1.439570433762700497e-03 1.913878894962663590e-03 2.654294139310097497e-03 2.209810034433286503e-03 3.574672595239182364e-04 6.178827394342923784e-04 5.508590755059791875e-04 9.400136149319251100e-04 8.532156874630279601e-04 1.023255190542596282e-03 8.607915527027546225e-04 1.226213263943221748e-03 8.674547100407296960e-04 5.602254888446796038e-04 4.039273370588535896e-04 5.029797415718326783e-05 2.924822891493516951e-05 1.000000000000000021e-08 1.000000000000000021e-08 1.000000000000000021e-08
