output/water_depth_11280.asc
ncols 223
nrows 158
xllcorner 0.0
yllcorner 0.0
cellsize 30.0
[rows 85 to 101 of 158, columns 74 to 110 of 223]
1.000000000000000021e-08 1.000000000000000021e-08 1.000000000000000021e-08 1.000000000000000021e-08 1.000000000000000021e-08 1.000000000000000021e-08 1.000000000000000021e-08 1.000000000000000021e-08 1.000000000000000021e-08 1.000000000000000021e-08 1.000000000000000021e-08 1.000000000000000021e-08 1.000000000000000021e-08 1.000000000000000021e-08 1.000000000000000021e-08 1.000000000000000021e-08 1.000000000000000021e-08 1.000000000000000021e-08 1.000000000000000021e-08 1.000000000000000021e-08 1.000000000000000021e-08 1.000000000000000021e-08 1.000000000000000021e-08 1.000000000000000021e-08 1.000000000000000021e-08 1.000000000000000021e-08 1.000000000000000021e-08 5.491755274265625476e-05 1.000000000000000021e-08 1.000000000000000021e-08 1.000000000000000021e-08 1.092794880111348411e-05 1.875057887562747461e-05 1.000000000000000021e-08 1.000000000000000021e-08 1.979332846902548675e-04 1.770855425881093329e-05
1.580742570706025350e-04 1.000000000000000021e-08 2.181269941560002508e-05 1.000000000000000021e-08 1.000000000000000021e-08 1.000000000000000021e-08 1.000000000000000021e-08 1.000000000000000021e-08 1.000000000000000021e-08 1.000000000000000021e-08 1.000000000000000021e-08 1.000000000000000021e-08 1.000000000000000021e-08 1.000000000000000021e-08 1.000000000000000021e-08 1.000000000000000021e-08 1.000000000000000021e-08 2.058861052123492973e-05 5.973404713760362231e-05 7.932333601861260553e-05 7.179138519017834192e-05 1.000000000000000021e-08 1.000000000000000021e-08 1.000000000000000021e-08 1.000000000000000021e-08 1.000000000000000021e-08 1.000000000000000021e-08 1.000000000000000021e-08 1.000000000000000021e-08 1.000000000000000021e-08 1.000000000000000021e-08 1.000000000000000021e-08 1.000000000000000021e-08 1.000000000000000021e-08 1.000000000000000021e-08 1.000000000000000021e-08 1.000000000000000021e-08
1.000000000000000021e-08 1.000000000000000021e-08 1.000000000000000021e-08 2.249326076275820802e-05 3.185317994957529569e-05 4.097803935934094753e-05 4.260846512411170723e-05 3.905671587498926560e-05 1.000000000000000021e-08 1.000000000000000021e-08 1.000000000000000021e-08 1.000000000000000021e-08 1.000000000000000021e-08 1.000000000000000021e-08 1.000000000000000021e-08 1.000000000000000021e-08 1.000000000000000021e-08 1.000000000000000021e-08 5.803532695249420155e-05 7.262119101956993452e-05 1.223749016076560922e-04 1.019036641814987298e-04 1.000000000000000021e-08 1.000000000000000021e-08 1.000000000000000021e-08 1.000000000000000021e-08 1.000000000000000021e-08 1.000000000000000021e-08 1.000000000000000021e-08 1.593970182840040634e-05 2.058066832743623228e-05 1.000000000000000021e-08 1.000000000000000021e-08 1.123775587778454747e-05 1.000000000000000021e-08 1.000000000000000021e-08 1.000000000000000021e-08
7.143453486278407536e-05 5.811721553665687433e-05 5.525298342549349719e-05 1.350927728573785860e-04 1.772231041031173556e-04 2.892282088166891899e-04 2.467998104051608043e-04 1.935750172794137151e-04 2.183590030510182878e-04 1.622399807815349561e-04 1.849905044661527998e-04 1.546276419208524196e-04 1.299388998383050394e-04 9.750183947346513459e-05 6.994347701483041781e-05 1.000000000000000021e-08 1.000000000000000021e-08 1.000000000000000021e-08 8.658704345626923923e-05 2.116869957162493263e-04 1.744306628622659941e-04 2.190261088980029604e-04 2.337594436787535633e-04 1.875136092462867398e-04 1.531694674338694262e-04 1.044311623755899467e-04 8.471560080378381680e-05 5.240082195574433945e-05 3.454512652929037710e-05 2.451159344609263769e-05 2.957334567890943655e-05 3.656103208926221441e-05 3.275036536906395261e-05 3.416118402132590814e-05 5.425104806082733071e-05 1.000000000000000021e-08 1.000000000000000021e-08
2.968147848041560776e-04 2.264326028368830225e-04 1.936382840644375726e-04 1.350613327705804461e-04 2.676698068020585400e-04 2.168738399561497140e-04 3.465191314770191527e-04 4.685027140157856053e-04 3.097279615843907645e-04 4.063794068991437259e-04 4.361235444295463791e-04 4.911689373342711246e-04 5.334977468555160895e-04 5.766815142468432456e-04 6.063787296386227146e-04 4.660971726385103732e-04 3.135604878523131798e-04 2.484681706357011596e-04 1.962536190978398808e-04 2.010997934120854552e-04 3.120128933888464831e-04 3.449174950161507146e-04 3.699594458322378807e-04 4.260862408010265790e-04 4.826632196681172296e-04 5.858264860376282334e-04 6.402455959405699022e-04 4.933004220542690395e-04 5.046462976741165771e-05 6.642211900505842065e-05 5.903861945987783164e-04 6.827223732617543773e-04 4.756924024978430505e-04 3.229062836899738304e-04 2.336469108356314245e-04 1.554280599773438955e-05 1.000000000000000021e-08
7.021326857721679532e-05 2.392420969907470014e-04 3.168568753357363117e-04 3.700950022170971382e-04 2.117291740947081237e-04 1.545918333084744811e-04 9.279138252745744995e-05 5.803894540695656007e-05 2.430883261879253582e-04 1.148597497403268348e-04 6.992919971359859194e-05 5.502754138487017535e-05 3.314419166032619329e-05 2.514199202264031209e-05 5.399939818427457021e-05 3.412712209270514800e-04 5.975375564971054316e-04 4.315941582376738202e-04 3.088312238356672032e-04 1.717454590383704150e-04 1.218921250759654856e-04 7.230494688560934035e-05 5.523961700688184316e-05 1.000000000000000021e-08 3.248281970673068506e-04 2.112189355222240830e-04 1.735386501039837119e-04 4.248844016675089796e-04 6.082765168012342280e-04 6.227106458270630042e-04 4.069429773708884129e-04 3.179695819709332273e-04 4.016167375766580461e-04 5.997558427126591150e-05 1.027214847625156053e-04 3.148651452616928670e-04 2.632894610109831583e-05
4.091333867391660155e-05 3.760592792459864676e-05 6.227319238574282603e-05 7.688134843344847358e-05 1.616294407858809062e-04 1.738569653967400445e-04 1.493053327692155791e-04 1.366465872702766040e-04 2.106359926018268281e-04 1.927387210567405983e-04 1.000000000000000021e-08 1.000000000000000021e-08 1.000000000000000021e-08 1.000000000000000021e-08 1.000000000000000021e-08 1.000000000000000021e-08 1.000000000000000021e-08 2.275741195849655465e-04 3.318715859848926701e-05 5.956054450902861070e-05 4.878773781335571179e-05 6.469435307431659716e-05 4.893743412103592231e-05 5.646579892041945342e-05 4.516653905712049552e-05 1.000000000000000021e-08 1.000000000000000021e-08 1.785404485164696189e-05 1.000000000000000021e-08 1.795900532050835884e-05 1.508906163305379266e-05 1.345498080126780900e-05 2.385817114893475793e-04 5.903329640509166233e-05 2.295513815173414937e-04 4.192125819811231213e-05 8.373301341251173518e-05
1.467553040518005422e-05 1.334104393234354508e-05 1.057140016708288005e-05 1.000000000000000021e-08 1.298371335867774606e-04 2.294356411135412715e-04 3.075429957393122971e-04 3.505233570028163520e-04 4.202618554927826326e-04 3.192885914786995519e-04 3.257982422299248392e-05 1.000000000000000021e-08 1.000000000000000021e-08 1.000000000000000021e-08 1.000000000000000021e-08 2.038916129790461940e-05 1.997670427342964077e-05 1.974469253348448195e-04 3.613267332979216008e-04 3.819610261312651181e-04 3.951289653748367263e-04 3.126459703613765503e-04 2.130975411547448314e-04 1.551003857783795942e-04 1.010343161428840699e-04 1.000000000000000021e-08 1.000000000000000021e-08 2.271761452381903791e-05 2.603196515784053248e-05 1.773006412397307681e-05 1.828082560970360019e-05 1.000000000000000021e-08 1.582804618640701376e-04 4.559735325880127877e-04 3.777826705032374683e-04 6.803814526484227080e-05 5.422513267776317512e-05
1.005390159279301792e-05 1.236858560917960851e-05 1.000000000000000021e-08 1.000000000000000021e-08 1.000000000000000021e-08 1.742235262615627857e-05 1.116990390544182135e-05 1.000000000000000021e-08 2.437703266646518228e-05 2.235808106051745880e-04 5.621381026703459839e-05 3.321374779143563454e-05 1.000000000000000021e-08 1.000000000000000021e-08 1.000000000000000021e-08 9.402090369876363253e-05 1.227362320408207199e-04 1.308717373878215537e-04 1.594962267708970830e-04 1.107442764943950832e-04 7.214011140171724804e-05 1.630216967425044132e-04 2.303005945754263699e-04 2.106342029350982941e-04 1.767947183615092767e-04 1.193761130560936924e-04 7.722199689552249622e-05 4.006051275610830384e-05 2.572391051586341416e-05 2.725404467336251318e-05 2.674735103789691818e-05 2.820365484862562315e-05 1.557643365401469818e-04 1.313234665001852721e-04 4.155961994744794791e-04 4.841079668424938748e-04 3.309136677853505705e-04
1.000000000000000021e-08 1.000000000000000021e-08 1.000000000000000021e-08 1.000000000000000021e-08 1.000000000000000021e-08 1.000000000000000021e-08 1.000000000000000021e-08 1.000000000000000021e-08 1.000000000000000021e-08 1.199532932013788744e-04 1.110438540693559827e-04 3.667891334314544853e-05 3.000138525847769366e-04 2.080986721839618245e-04 1.675608470158661658e-04 9.220362587500794608e-05 1.000000000000000021e-08 1.000000000000000021e-08 1.000000000000000021e-08 1.000000000000000021e-08 3.664163135024297690e-05 1.377777228493672556e-04 2.253358015745181428e-04 2.423391186549632946e-04 3.177114199052045415e-05 1.000000000000000021e-08 1.000000000000000021e-08 1.000000000000000021e-08 1.000000000000000021e-08 1.600213546188652020e-05 3.172428033638729936e-05 4.706105313330457532e-05 7.036859176053300536e-05 6.745983599267647108e-05 6.534928004458229157e-05 4.386448249210255011e-04 4.857987921123050148e-04
1.000000000000000021e-08 1.000000000000000021e-08 1.000000000000000021e-08 1.000000000000000021e-08 1.000000000000000021e-08 1.000000000000000021e-08 1.000000000000000021e-08 1.000000000000000021e-08 1.000000000000000021e-08 1.000000000000000021e-08 5.257928077311311904e-05 7.445010114422048828e-05 6.511861517329688772e-05 2.666188945093723767e-04 2.383111737153140544e-04 1.830482419039278241e-04 1.000000000000000021e-08 1.000000000000000021e-08 1.000000000000000021e-08 1.000000000000000021e-08 2.194940825128664764e-05 1.668145696131419789e-05 1.000000000000000021e-08 1.000000000000000021e-08 1.000000000000000021e-08 1.000000000000000021e-08 1.000000000000000021e-08 1.000000000000000021e-08 1.000000000000000021e-08 1.279159549780051361e-05 2.394854267365120615e-05 2.093455705855377843e-05 1.376466088209189448e-05 2.768476533513943494e-05 2.397780859440752348e-05 5.727499043486957705e-05 2.866435052132811491e-04
1.000000000000000021e-08 1.000000000000000021e-08 1.000000000000000021e-08 1.000000000000000021e-08 1.000000000000000021e-08 1.410190967584331032e-05 2.768356065285066878e-05 2.078877806772379735e-05 1.613511018244298361e-05 1.000000000000000021e-08 1.000000000000000021e-08 1.000000000000000021e-08 1.000000000000000021e-08 1.000000000000000021e-08 1.000000000000000021e-08 1.000000000000000021e-08 1.000000000000000021e-08 1.000000000000000021e-08 1.000000000000000021e-08 1.000000000000000021e-08 1.000000000000000021e-08 1.000000000000000021e-08 1.000000000000000021e-08 1.000000000000000021e-08 1.000000000000000021e-08 1.000000000000000021e-08 1.000000000000000021e-08 1.000000000000000021e-08 1.000000000000000021e-08 1.087458096469731396e-05 1.000000000000000021e-08 1.000000000000000021e-08 1.268267232094956215e-05 1.272089324029564211e-05 1.987503053314801984e-05 4.467180037992865430e-05 2.529238017055650503e-05
1.000000000000000021e-08 1.000000000000000021e-08 1.000000000000000021e-08 1.000000000000000021e-08 1.000000000000000021e-08 1.026871635749502509e-05 1.756172028903369936e-05 3.634672734376649477e-05 2.973790903615728860e-05 2.580030838276125248e-05 2.023637859822600914e-05 1.614269672931272788e-05 1.199497708349505806e-05 1.177260281334681816e-05 1.148306224164411344e-05 1.000000000000000021e-08 1.000000000000000021e-08 1.000000000000000021e-08 1.000000000000000021e-08 1.000000000000000021e-08 1.000000000000000021e-08 1.000000000000000021e-08 1.000000000000000021e-08 1.000000000000000021e-08 1.000000000000000021e-08 1.000000000000000021e-08 1.000000000000000021e-08 1.000000000000000021e-08 1.000000000000000021e-08 1.114779816985609095e-05 1.069022580471874192e-05 1.000000000000000021e-08 1.000000000000000021e-08 1.409868756072853048e-05 2.131404595788992853e-05 1.000000000000000021e-08 1.000000000000000021e-08
1.000000000000000021e-08 1.000000000000000021e-08 1.000000000000000021e-08 1.000000000000000021e-08 1.000000000000000021e-08 1.000000000000000021e-08 1.000000000000000021e-08 1.000000000000000021e-08 2.795545783574798757e-05 4.248849989353412987e-05 5.880128756788951936e-05 4.147491140315563289e-05 3.428042334825476468e-05 2.857346199959420632e-05 1.000000000000000021e-08 1.174972887072870608e-05 1.000000000000000021e-08 1.000000000000000021e-08 1.000000000000000021e-08 1.000000000000000021e-08 1.000000000000000021e-08 1.000000000000000021e-08 1.000000000000000021e-08 1.000000000000000021e-08 1.000000000000000021e-08 1.000000000000000021e-08 1.000000000000000021e-08 1.000000000000000021e-08 7.819866268908074705e-05 1.067611890226733036e-04 1.531467897228442211e-04 1.983342597344148726e-04 2.444885204636927678e-04 1.939183244057191479e-04 1.601041337900226233e-04 1.227821926866328622e-04 1.124668495457484908e-04
1.000000000000000021e-08 1.000000000000000021e-08 1.000000000000000021e-08 1.000000000000000021e-08 1.000000000000000021e-08 1.000000000000000021e-08 1.000000000000000021e-08 1.000000000000000021e-08 1.000000000000000021e-08 1.000000000000000021e-08 1.000000000000000021e-08 4.061435044557596124e-05 4.091043279489548900e-05 3.776552290589066775e-05 1.000000000000000021e-08 1.000000000000000021e-08 1.000000000000000021e-08 1.000000000000000021e-08 1.000000000000000021e-08 1.000000000000000021e-08 1.000000000000000021e-08 1.000000000000000021e-08 1.000000000000000021e-08 1.000000000000000021e-08 1.000000000000000021e-08 1.000000000000000021e-08 1.000000000000000021e-08 5.405406160445774908e-05 5.295674130073449378e-05 5.258858980595129689e-05 5.280020385968397178e-05 5.977038982116881258e-05 3.836289536373010782e-05 1.320898998593230712e-04 1.571531106601846471e-04 1.781498715830738663e-04 1.765372782879665037e-04
1.348702051536482110e-05 1.000000000000000021e-08 1.000000000000000021e-08 1.000000000000000021e-08 1.000000000000000021e-08 1.000000000000000021e-08 1.000000000000000021e-08 1.000000000000000021e-08 1.000000000000000021e-08 1.000000000000000021e-08 1.000000000000000021e-08 1.000000000000000021e-08 1.000000000000000021e-08 1.000000000000000021e-08 1.000000000000000021e-08 1.000000000000000021e-08 1.000000000000000021e-08 1.000000000000000021e-08 1.000000000000000021e-08 1.000000000000000021e-08 1.000000000000000021e-08 1.000000000000000021e-08 1.000000000000000021e-08 1.000000000000000021e-08 1.428205737214178482e-05 1.795546944476515534e-05 2.610937946580062973e-05 2.826576523408846534e-05 2.909460606481681171e-05 2.360051027634135770e-05 2.972482089472178491e-05 2.446969855270161046e-05 1.000000000000000021e-08 1.000000000000000021e-08 1.000000000000000021e-08 1.000000000000000021e-08 1.308197708121642687e-04
1.300604971281689169e-05 1.219021139767438342e-05 1.256771995333116090e-05 1.000000000000000021e-08 1.000000000000000021e-08 1.000000000000000021e-08 1.000000000000000021e-08 1.000000000000000021e-08 1.000000000000000021e-08 1.000000000000000021e-08 1.000000000000000021e-08 1.000000000000000021e-08 1.000000000000000021e-08 1.000000000000000021e-08 1.000000000000000021e-08 1.000000000000000021e-08 1.000000000000000021e-08 1.000000000000000021e-08 1.000000000000000021e-08 1.000000000000000021e-08 1.000000000000000021e-08 1.000000000000000021e-08 1.000000000000000021e-08 1.000000000000000021e-08 1.518226018436540057e-05 2.433763292858342925e-05 3.195264675624881874e-05 3.419061447268110772e-05 1.000000000000000021e-08 1.000000000000000021e-08 1.000000000000000021e-08 1.524136237300880414e-05 1.489141202860789126e-05 2.500120132830920447e-05 1.000000000000000021e-08 1.000000000000000021e-08 1.000000000000000021e-08
