output/water_depth_1320.asc
ncols 223
nrows 158
xllcorner 0.0
yllcorner 0.0
cellsize 30.0
[rows 68 to 84 of 158, columns 111 to 147 of 223]
5.650148898202075887e-03 6.977254831357217885e-03 8.035347074049722926e-03 1.032982404797943080e-02 1.270231537021894799e-02 3.680673145044825734e-02 7.226615766344588083e-03 1.073257256308786899e-02 4.131034925730046881e-02 4.857451570063271717e-02 3.666632299458209149e-02 2.751405675902538969e-02 7.719377478131414158e-03 5.098175477557414549e-04 3.376964725276889747e-04 4.970062300616978060e-04 4.303877427809053163e-04 8.076967065697608162e-04 6.697370976984828774e-04 2.582621923341940455e-03 1.096906087218945964e-03 2.655853276150296760e-03 1.507263929723668501e-03 1.975895274099728240e-03 3.962159769568914490e-03 4.587890221137342663e-03 4.209092501843056909e-03 1.266621381876891807e-02 1.420894539133119583e-01 1.031436699367168641e-01 5.006763354043229641e-03 2.967008755590532995e-03 3.525242249761621153e-03 4.227145714078037013e-03 2.217041233455858268e-03 2.029044377293356093e-03 1.573712515887229491e-02
7.930680132570644414e-03 8.034035474225521833e-03 2.698961574187080589e-02 6.263125333032192044e-02 8.557621011934567201e-02 6.130912730912636832e-02 8.841711326366163970e-02 2.311751063142176987e-02 3.682422552577328811e-02 3.395647272989983645e-02 2.058974787503200371e-02 5.140205980467079175e-03 4.604519019272701984e-03 3.567738628411478764e-04 5.189870317638301152e-04 5.216451417481488603e-04 7.961221903484524054e-04 6.322029947481005172e-04 1.830669528367770589e-03 1.318013580967551234e-03 1.997300266206754587e-03 2.283373706809789083e-03 4.012748191951812093e-03 8.441004376647573805e-04 5.124782712719874256e-04 8.127455729556989699e-04 6.955733541767022922e-04 1.170139570122227584e-03 1.920689029769320419e-03 7.060131775427247458e-02 3.767223599005546653e-02 3.253972283956747813e-02 9.159271413381811500e-03 5.433015571939177682e-03 1.629746300983131056e-03 2.294561796902715341e-03 1.122814471097052964e-02
4.279377452536366200e-02 6.054004519327575717e-02 4.931517396628883054e-02 2.423446843744204646e-02 1.412929337841972895e-02 7.428955384870604417e-02 1.134327555800839910e-01 9.089678174336024430e-02 2.855436284051715568e-02 2.208576304622831415e-02 1.095105693058266889e-02 3.937762488140705841e-03 8.971378916242886154e-04 7.045621772221375128e-04 5.804259929890428528e-04 2.385094693603041251e-04 4.116428023236096091e-04 1.015457235183168504e-03 1.110726512313349110e-03 2.096817939200802585e-03 2.235319973613827515e-03 5.255949034521615812e-03 1.208675351669721973e-03 8.871276280469029283e-04 1.497375754644543694e-03 7.550696119755546812e-04 1.189673521688638502e-03 9.658603729977316855e-04 1.277218268887960612e-03 1.970807583195229723e-02 2.931972983172799127e-02 3.071726230405743760e-02 3.189206395333352151e-02 9.895783803063546227e-03 1.495714707039341989e-03 1.671593833497592640e-03 8.310016931071820268e-03
1.167322087315528049e-02 1.345698068514658390e-02 4.859902926670009319e-04 1.015359134310926551e-04 3.914350114888923387e-05 9.487220720827910854e-05 7.408420577895433179e-02 1.716947599114823919e-01 2.009417070965675498e-02 1.295039305764773829e-02 7.095801039051122250e-03 1.417028486693904443e-03 9.509767450629299417e-04 4.842192695985116807e-04 4.787830872583896820e-04 2.735368573073575422e-04 6.680675587707374154e-04 6.607868544092005206e-04 1.574628838546784969e-03 1.380364323674779497e-03 2.974222215517092777e-03 4.384378511700413351e-03 5.132439882248157267e-03 1.858890416399530720e-03 9.840022742607858371e-04 1.054840130877020840e-03 1.175230660675684281e-03 1.746263689761174678e-03 2.305924737429764382e-03 2.262382263393256793e-02 5.074911315024857594e-02 6.207495851002390458e-02 4.753407470300977794e-02 7.479968329426361223e-03 9.331559403814649375e-04 1.348371792903229303e-03 6.837471215606164346e-03
4.992039442646690334e-03 4.177254316132582822e-03 9.067544965966750897e-04 4.116347887621868006e-05 8.003454287831767116e-05 7.519482861338588528e-05 3.338117930578387432e-02 1.987402750606484525e-01 1.333996644287574820e-02 8.239369676259735570e-03 4.342664372850990086e-03 1.309008357165217067e-03 3.097530329001128239e-04 1.442256002375078049e-04 1.778915861207994728e-04 4.361874890402314773e-04 4.375126152987256884e-04 1.048182663271592530e-03 1.009058497069875021e-03 2.085997616414102512e-03 1.912618161563934367e-03 5.086327784894010759e-03 1.389083089575428309e-02 1.375259189170256486e-03 1.152087028897061383e-03 1.878875835754750248e-04 1.023531970189308065e-03 1.170857231528759463e-03 8.417587764687573058e-04 5.971017471489883498e-04 7.529378569911210437e-04 5.740124976336350576e-02 9.621211872152168887e-02 4.385381963454272787e-03 1.131439239110986145e-03 1.005971739240832212e-03 4.887072830057907075e-03
1.860451117608417741e-03 4.410433946770686217e-03 5.717576624610245075e-04 9.044755618434095409e-04 7.594049338193665415e-04 1.352228546086726210e-03 1.388444671828335765e-03 2.212217643154094082e-01 1.705380266307452708e-01 5.734056466760860393e-03 3.631167887645130824e-03 4.284719479544250647e-04 4.395178752388679807e-04 1.424137379119500566e-04 3.429393115775955427e-04 1.947525821113686511e-04 6.330996931253900142e-04 6.827593057428724393e-04 1.585708453098093242e-03 1.479684009417905032e-03 2.940389194676835266e-03 4.543466161168439182e-03 2.375488038320365883e-02 2.302635117579576642e-03 5.969213908264078437e-04 3.187790448632495544e-04 2.867487912558185428e-04 1.920709386737046783e-05 1.000000000000000021e-08 3.123738231712176717e-05 5.729273582509254785e-05 1.953067993309917942e-04 4.544854502614697339e-02 2.358277288610216918e-02 1.172393642728332235e-02 7.537795771447473522e-03 5.565620476301394448e-03
5.547400989478956310e-03 6.377226301340882097e-04 9.750881565149304504e-05 1.079546523480537530e-04 1.019810924726432481e-03 1.027881056471060921e-03 6.306128500456791497e-04 1.193653481151935166e-03 1.035119927123155786e-01 5.295980199273696287e-02 1.999884179706537795e-03 6.591213157472661493e-04 3.781141916908068693e-04 2.853646713849070072e-04 2.635241083287658860e-04 4.454334091267211243e-04 3.228073934046439184e-04 9.972503291764917097e-04 1.046218386727798891e-03 2.366409060035187632e-03 2.093658507470732080e-03 1.300556076533724778e-02 2.710129739824918699e-02 1.864801856675709670e-03 1.111458551463364620e-03 2.017001048108106348e-04 1.962340610807005207e-04 6.614785266000565954e-05 3.815426482327584465e-05 1.000000000000000021e-08 1.000000000000000021e-08 8.087751955261878725e-05 2.154328463640150029e-02 2.126601870080187251e-02 1.600475272640383348e-02 1.187214238251084117e-02 9.254101895453765644e-03
9.711705214585341847e-03 5.139371826785226003e-04 1.764083132933072268e-04 2.333473163955709169e-04 3.260479275685140127e-04 8.008743572917936208e-04 3.375500721019978668e-04 2.239458846388642493e-04 9.265368583327707186e-02 2.041753160432017988e-01 1.740550124408060950e-01 1.256132242731652134e-03 7.391461082165618921e-04 8.384362074005418568e-04 1.034238652825526751e-03 1.163980433674726561e-03 1.130214467904528536e-03 1.569229482735434635e-03 5.951241989690566475e-02 6.411486187344216103e-02 6.946137019017223357e-02 8.854030153894247579e-02 8.385806952108851298e-02 4.397891795148497346e-02 4.574466977566051668e-02 2.118119493826680841e-04 1.649598923777055614e-04 1.663306526509531803e-04 1.279025345895937259e-04 3.201606644255704411e-04 5.273833193286431471e-05 1.876285246574764130e-04 1.026486274726003470e-02 1.505376153753198477e-02 1.633684733065568842e-02 1.426476478166682944e-02 1.044782367989237695e-02
3.420375742821323006e-02 5.432646022228929811e-04 1.779535688322666175e-04 7.438759104041996889e-04 1.159325120699917187e-03 8.575233764217322268e-04 7.452106113247418612e-04 2.190982503134305821e-04 1.555639282140346342e-04 8.360051132548571148e-04 1.332052645029860316e-01 7.899865806804265422e-02 6.872279367777513193e-02 6.056951127699600201e-02 5.437879614421298885e-02 5.063687256718844149e-02 4.920100354055582242e-02 5.078888493550871852e-02 5.357966214719270259e-02 4.574976623311115200e-05 1.351043762518344433e-04 7.760656052938158739e-04 4.285389129508250516e-02 9.123471365527370536e-02 2.019420671218429553e-01 1.692684106660760635e-01 1.110269288857030625e-03 6.234617477030548116e-04 7.307575162580180620e-04 2.152121523297787268e-04 8.075594006604104591e-04 9.248120097328329289e-04 4.088638371497559099e-02 6.948137139532585549e-02 9.197848843635578198e-02 1.077777450317457392e-01 1.443649513342910307e-01
4.072469513437617511e-02 1.124157072364044899e-02 2.904957453238669581e-04 1.122560130876685397e-04 2.689792616221958863e-04 3.001111172349431484e-04 2.591822135937050056e-04 3.916288274374275335e-04 4.679335049597152844e-04 5.108061711850226880e-04 2.886592361158735187e-04 1.285321705134380541e-04 4.495047397008606065e-04 1.436529439626793060e-03 8.267051932622188981e-04 1.327969087336985541e-03 1.140229544254096905e-04 5.301452729716558997e-04 2.918704628932893008e-04 3.560217033730376417e-04 5.295168510497409373e-04 1.216447196022872525e-04 1.971859911097396381e-04 1.682369536647425464e-04 8.605901498028202664e-04 1.159756588773561969e-01 1.069744143102469569e-01 9.749858778709249996e-02 8.742195380153443274e-02 7.889052253141913551e-02 7.164227989474018787e-02 6.651003195967011838e-02 3.234877352886874474e-02 1.590474329140436835e-02 9.182429538359198132e-03 5.132242767178326476e-03 1.360755037581617699e-01
2.850130530663004189e-02 4.071337224070659122e-02 1.437902437446198964e-04 2.003960017355073918e-04 3.253688212982409835e-04 3.512391440295338399e-04 4.461466830123163763e-04 2.549399117434616871e-04 2.793972703675036895e-04 2.954124779484754984e-04 6.230585981748817080e-05 2.555040024834545078e-04 5.208238718756925305e-04 1.527650392074779298e-03 1.482013588965175798e-04 2.949674794512992834e-04 1.714448800007908045e-04 9.833233053389736460e-05 2.230442117675498538e-04 2.547134587905200052e-04 4.053111990995049451e-04 4.642226045539998803e-04 5.351733835405679107e-04 5.833798088562704544e-04 1.859357897437298316e-04 1.250527135969575852e-03 4.251310785630567552e-04 2.273184223722210170e-03 1.876259411938050966e-04 1.843983949193807965e-03 4.566991727992061227e-04 6.643037835605066117e-04 3.685504783155588594e-04 5.615801786162161104e-04 5.157158237621172533e-04 2.847136998827504758e-03 3.759908886184753357e-02
1.675478272760794196e-02 2.848432930757874987e-02 2.816714657250907888e-02 3.364355107590329412e-04 1.035145890252429538e-04 4.077881955717839934e-04 6.474210389549844413e-04 9.908527923144861208e-04 1.990290930929708131e-04 1.652073959698801544e-04 3.411785957119850359e-04 4.117819829150604397e-04 4.352397775972219351e-04 7.738092724596704703e-04 5.991120875400305962e-05 1.766829355969399282e-04 4.349683364670327567e-05 7.744986580474168606e-05 8.837570773512760350e-05 1.457894641907712258e-04 2.499686256475435820e-04 3.292077586905159370e-04 3.461043048584811431e-04 3.837365760684841205e-04 4.494181484110967655e-04 4.899734172349445036e-04 5.962197359677433913e-04 3.245629613413767030e-04 1.509953129338662795e-04 1.222269217722081144e-04 3.840480113414578359e-04 1.883761166047766972e-04 1.221355268580304513e-04 2.178721282300253431e-04 1.096821517228377960e-03 3.423986478852954207e-03 3.501457553038005155e-02
2.996350777047620401e-02 6.796168511117825495e-02 1.670766988209706760e-01 1.420296696471806674e-01 1.090638712240011160e-01 3.846221814033946168e-02 2.931617043826407337e-02 5.591360106932041427e-03 1.871218442582597320e-03 1.406755213659939552e-03 2.764306699751383910e-04 4.680158647648653719e-05 1.365800833217687793e-04 2.142065273577106028e-04 1.357058999877468869e-04 7.791433618820397058e-05 3.877943544845665453e-04 3.813710897110513909e-04 1.516921014044934825e-04 2.054463644404727792e-04 1.860569853118244899e-04 1.419236442933894087e-04 1.220701180667016809e-04 1.494311197059888005e-04 2.045389153425308695e-04 9.704524579559939933e-04 3.231505261342765755e-04 5.489898743181877800e-04 1.773912505631790337e-04 2.183111915985194978e-04 2.764724015555720970e-04 7.558018782742333792e-05 8.080390553262715926e-05 3.288919463334724603e-04 1.787257099396906933e-03 4.645805767140116435e-03 7.046967821197567747e-03
1.466475577416387170e-02 1.271539818119081337e-02 6.463792600868031001e-03 4.249628286080985376e-03 1.716104155472994485e-03 1.857491547066774176e-02 2.281308023186253559e-02 1.250291047620861323e-02 1.266780632894865151e-02 1.072017592954118293e-03 2.543544309898989188e-04 1.000000000000000021e-08 1.292128887599867709e-04 3.016755521941381262e-04 3.473661994118211970e-04 4.026488635370638206e-04 1.054508952006467156e-03 1.153819297410204448e-04 2.943521391427529328e-04 3.554521971880106280e-04 4.285899095701420228e-04 5.157288773300148631e-04 4.392231662527834373e-04 4.935537732716619623e-04 1.170060803069044317e-03 5.113321169581810715e-04 3.708545385652506614e-04 2.516037404074222047e-04 2.192249941150686257e-04 1.037768946650418836e-04 1.658977760903929339e-04 4.343088210178466476e-05 9.893464540903216566e-05 3.527550909027986955e-04 1.542977080314507929e-03 5.797259090738369862e-03 7.023111849602353164e-03
9.440204861874273989e-03 4.738660456181126301e-03 2.402922964493307313e-03 1.207070389146563472e-03 1.242350997246068414e-03 9.584233028829498846e-03 1.551115637408920396e-02 1.499898021865149651e-02 2.114952592186093716e-02 1.084398597344015704e-03 3.102242056984357726e-04 8.004277239910989909e-05 2.326083378108002538e-04 3.805576729796722696e-04 5.481468402369171593e-04 7.099729698303015825e-04 7.093416350977427851e-04 8.372075440167594520e-04 7.442241284353767359e-04 6.970654890170386361e-04 7.534469348415864754e-04 9.324688119805526641e-04 1.614638569719666680e-03 2.813771075887987801e-03 2.410291315008358977e-03 1.105433003457799462e-04 1.549157340524016707e-04 1.429780310342019405e-04 8.473526075925764587e-05 7.565899427787171850e-05 6.473113402021808758e-05 7.276736724741626424e-05 3.405543578242105482e-04 2.772935969076582461e-04 1.932153598814004064e-03 6.222704447829162551e-03 6.027240555602038884e-03
2.384995554796050243e-03 1.126927393607201526e-03 1.719008762882600358e-03 1.383481007220135504e-03 1.228810796166001935e-03 5.800340929386840240e-03 1.019466280930392092e-02 2.064962165573314481e-02 1.954732637267939804e-02 8.990364358253021470e-04 3.972131418229100713e-04 1.876898168930151171e-04 3.779577516181471157e-04 5.672209689000386581e-04 3.052877793106375127e-04 7.123438938978571494e-04 8.457242147448172610e-04 1.222183729722855659e-03 6.160530824059796962e-04 8.913477120362326171e-04 4.039883523708220100e-04 3.533466157954398990e-03 2.320765850562985736e-03 2.094438009915225440e-03 2.341387914098269954e-04 2.892682352701887705e-04 4.446481505170998849e-04 3.168974174970410739e-04 2.521739871016656100e-04 1.936419620004207142e-04 7.454618952806286818e-05 4.792277031759734334e-04 1.658814782609216898e-04 3.448310784793480531e-04 1.434259155262178342e-03 4.531769429994471181e-03 6.170455669085024401e-03
2.120428063039388970e-03 1.734078364350100012e-03 1.433054737436200007e-03 2.150367319087309343e-03 1.650221963723762144e-03 2.539272164361330505e-03 7.632420466320293147e-03 2.864287270572816319e-02 1.089444611453610490e-02 8.256136034295451535e-04 1.321346497094557509e-03 3.588871624589721186e-04 1.953672303799096224e-04 2.872568352097224029e-04 4.807218237533757133e-04 4.083429505241623785e-04 1.114256625984299219e-03 1.847350124516284860e-03 8.520595594324702465e-04 5.838525803232166118e-04 6.219840629258285153e-04 2.656751345075637066e-03 4.969673054237581412e-03 1.606931922821348011e-03 2.686289639403511816e-04 1.655983486159084213e-04 5.493578500349893291e-04 5.044922855194640225e-04 6.540429862593782808e-04 1.294446258581956940e-03 1.437451410286167417e-03 6.088693918653792850e-04 6.037638721434302825e-04 2.247033235445311528e-04 1.157417601493800074e-03 4.487750397915466621e-03 2.279102302534814772e-03
