output/water_depth_7080.asc
ncols 223
nrows 158
xllcorner 0.0
yllcorner 0.0
cellsize 30.0
[rows 34 to 50 of 158, columns 111 to 147 of 223]
1.000000000000000021e-08 1.000000000000000021e-08 1.000000000000000021e-08 1.000000000000000021e-08 1.095427478921676019e-05 2.666563746573148662e-05 2.388585689516247479e-05 2.461507964738776278e-05 1.000000000000000021e-08 1.000000000000000021e-08 1.357334359636256767e-05 1.000000000000000021e-08 1.000000000000000021e-08 1.000000000000000021e-08 1.000000000000000021e-08 1.202610019749464746e-05 1.000000000000000021e-08 1.000000000000000021e-08 1.000000000000000021e-08 1.000000000000000021e-08 1.000000000000000021e-08 1.000000000000000021e-08 1.000000000000000021e-08 1.000000000000000021e-08 1.139116773573021932e-05 1.000000000000000021e-08 1.000000000000000021e-08 1.885224075530246554e-05 2.303729616114552950e-04 5.655263132466679769e-04 2.104038266032018812e-03 6.324284492928826558e-03 3.239242900929414221e-03 2.244399647294494199e-05 1.000000000000000021e-08 1.000000000000000021e-08 1.000000000000000021e-08
1.000000000000000021e-08 1.000000000000000021e-08 1.000000000000000021e-08 1.000000000000000021e-08 1.000000000000000021e-08 1.000000000000000021e-08 1.000000000000000021e-08 1.000000000000000021e-08 1.000000000000000021e-08 1.063340339620868579e-05 2.410740746473978986e-05 1.993798717988291890e-05 1.905962214680628314e-05 1.953139760247781073e-05 2.133625418926408276e-05 1.000000000000000021e-08 1.000000000000000021e-08 1.000000000000000021e-08 1.000000000000000021e-08 1.000000000000000021e-08 1.000000000000000021e-08 1.000000000000000021e-08 1.503216600070694742e-05 3.315743158497805006e-05 4.035089336422260984e-05 3.668779104534785365e-05 4.399575474852612306e-05 1.652919522839359516e-05 7.439112712720149286e-05 9.520755682889734230e-04 2.822186688360029099e-03 4.559053241034760270e-03 2.271927703474462684e-03 2.130679852417843344e-05 1.000000000000000021e-08 1.000000000000000021e-08 1.000000000000000021e-08
1.008677115126812975e-05 1.000000000000000021e-08 1.613497566948933118e-05 1.000000000000000021e-08 1.000000000000000021e-08 1.000000000000000021e-08 1.000000000000000021e-08 1.000000000000000021e-08 1.000000000000000021e-08 1.379773463293943185e-05 1.000000000000000021e-08 1.000000000000000021e-08 1.000000000000000021e-08 1.000000000000000021e-08 3.133418843431939914e-05 1.000000000000000021e-08 1.000000000000000021e-08 1.150226359636815352e-04 7.627245440921261415e-05 1.072671663946283020e-04 1.000000000000000021e-08 1.779879412814907094e-03 6.790735938985363422e-03 9.073230210278121141e-03 9.922640219463778680e-03 1.104560242647354210e-02 1.081845429107580574e-02 1.119701050817720894e-02 1.158555884485110675e-02 1.209814064843138873e-02 1.502130744414054489e-02 6.331363800983762398e-03 2.809714275505465712e-03 4.337204639510047993e-04 1.000000000000000021e-08 1.000000000000000021e-08 1.000000000000000021e-08
1.597221679186212683e-05 3.106413303031128057e-05 1.000000000000000021e-08 1.000000000000000021e-08 1.000000000000000021e-08 1.000000000000000021e-08 1.000000000000000021e-08 1.000000000000000021e-08 1.000000000000000021e-08 1.000000000000000021e-08 1.000000000000000021e-08 1.000000000000000021e-08 1.000000000000000021e-08 1.000000000000000021e-08 1.000000000000000021e-08 1.435356561928371623e-05 3.738553768721070261e-05 9.246273591841417186e-03 9.667012452684453291e-03 1.001957020844911235e-02 1.092872035064765095e-02 1.005845130165306314e-02 6.796162250593287130e-03 4.333715909452097101e-03 2.536493899239689129e-03 1.666891256813406467e-03 9.211051053404255892e-04 6.349763106513731017e-04 3.685140852945083972e-04 2.610433164211317832e-03 1.599408303736640433e-02 1.917220353083953083e-02 4.281173543897933559e-02 1.469388887040814703e-02 8.057754847289155917e-05 1.000000000000000021e-08 1.000000000000000021e-08
1.077706756869487980e-03 9.414889692620333282e-05 4.492112251144017349e-05 3.329047850514199857e-05 1.000000000000000021e-08 1.000000000000000021e-08 1.000000000000000021e-08 1.000000000000000021e-08 1.000000000000000021e-08 1.000000000000000021e-08 1.000000000000000021e-08 1.000000000000000021e-08 1.000000000000000021e-08 1.446502453506888342e-05 1.000000000000000021e-08 4.179370704446198383e-03 3.119769244928661742e-02 8.766720237705241323e-03 3.074157482804327438e-05 1.884202163311912776e-05 1.000000000000000021e-08 1.000000000000000021e-08 1.000000000000000021e-08 1.000000000000000021e-08 1.000000000000000021e-08 1.000000000000000021e-08 1.000000000000000021e-08 1.000000000000000021e-08 1.000000000000000021e-08 1.000000000000000021e-08 7.144949200415951353e-05 1.467137813802029756e-04 1.322797388075150002e-02 6.806476826585855511e-02 2.469847856305216680e-02 1.033638119908305777e-04 1.000000000000000021e-08
5.047783146093241802e-03 5.543621537280298689e-03 6.453902997114644401e-03 1.225769950101273298e-03 3.844001959729748466e-04 3.258675223461516592e-04 1.009186923413002012e-04 8.552013708335034852e-05 6.852094339118263832e-05 8.572388697965829243e-05 4.266512814401560703e-04 3.224251330022106349e-04 3.082412680737688961e-03 5.049497588490547105e-03 5.472567143217453751e-03 4.342142878137696463e-03 4.202921610707262626e-03 1.000000000000000021e-08 1.000000000000000021e-08 1.000000000000000021e-08 1.000000000000000021e-08 1.000000000000000021e-08 1.000000000000000021e-08 1.000000000000000021e-08 1.000000000000000021e-08 1.000000000000000021e-08 1.000000000000000021e-08 1.000000000000000021e-08 1.000000000000000021e-08 1.000000000000000021e-08 1.000000000000000021e-08 1.000000000000000021e-08 3.059556140539796684e-05 8.597905443946965377e-05 6.871568080824685953e-02 2.408703710182253863e-02 1.529671202789070934e-02
1.563923667494919846e-04 1.298500690705653600e-04 1.090262131478892272e-03 4.293203602207856275e-03 5.741360123937474039e-03 6.392068461876724249e-03 4.600385564734713224e-03 4.633932395215435360e-03 5.146237109011158294e-03 5.095359026264164280e-03 4.940685633402577999e-03 5.704152929462024367e-03 3.033711952806979282e-03 3.011654945743690286e-03 1.539786279690725840e-05 1.113343135393521470e-05 1.000000000000000021e-08 1.000000000000000021e-08 1.000000000000000021e-08 1.000000000000000021e-08 1.000000000000000021e-08 1.000000000000000021e-08 1.000000000000000021e-08 1.000000000000000021e-08 1.000000000000000021e-08 1.000000000000000021e-08 1.000000000000000021e-08 1.000000000000000021e-08 1.000000000000000021e-08 1.000000000000000021e-08 1.000000000000000021e-08 1.000000000000000021e-08 1.000000000000000021e-08 1.000000000000000021e-08 5.717939864301517327e-05 5.848570532859224611e-03 1.198664794788272328e-02
1.000000000000000021e-08 1.000000000000000021e-08 1.000000000000000021e-08 1.216144561908687226e-05 2.381502983979128397e-05 2.038371694812675958e-05 3.776798990340984614e-03 3.436469768226739323e-03 1.965611187199224792e-03 1.228095005566180774e-03 8.806456185614181193e-04 1.263031155240069460e-03 1.000000000000000021e-08 1.000000000000000021e-08 1.000000000000000021e-08 1.000000000000000021e-08 1.000000000000000021e-08 1.000000000000000021e-08 1.000000000000000021e-08 1.000000000000000021e-08 1.000000000000000021e-08 1.000000000000000021e-08 1.000000000000000021e-08 1.000000000000000021e-08 1.000000000000000021e-08 1.000000000000000021e-08 1.000000000000000021e-08 1.000000000000000021e-08 1.000000000000000021e-08 1.000000000000000021e-08 1.000000000000000021e-08 1.000000000000000021e-08 1.000000000000000021e-08 1.000000000000000021e-08 1.000000000000000021e-08 1.000000000000000021e-08 2.662155066380450391e-05
1.000000000000000021e-08 1.000000000000000021e-08 1.000000000000000021e-08 1.000000000000000021e-08 1.000000000000000021e-08 1.000000000000000021e-08 1.000000000000000021e-08 1.000000000000000021e-08 1.892640256229467466e-05 9.741504857399397688e-05 6.344557009089278176e-04 7.808686363326960544e-04 1.000000000000000021e-08 1.000000000000000021e-08 1.000000000000000021e-08 1.000000000000000021e-08 1.000000000000000021e-08 1.000000000000000021e-08 1.000000000000000021e-08 1.000000000000000021e-08 1.000000000000000021e-08 1.000000000000000021e-08 1.000000000000000021e-08 1.429461751671569701e-05 2.379260565317640639e-05 2.272771748561839070e-05 5.257136895738547905e-05 6.121488039044538777e-05 4.517350283942693956e-05 4.700450022788758760e-05 4.439233769756573670e-05 4.821620029925307525e-05 1.000000000000000021e-08 3.248428389585159985e-05 3.527030617368178480e-05 3.722602972678365572e-05 1.000000000000000021e-08
1.000000000000000021e-08 1.000000000000000021e-08 1.000000000000000021e-08 1.000000000000000021e-08 1.000000000000000021e-08 1.000000000000000021e-08 1.000000000000000021e-08 1.000000000000000021e-08 6.207144811366566324e-05 1.364743462207129146e-04 5.335228443869630523e-04 2.454086925792902697e-04 1.000000000000000021e-08 1.000000000000000021e-08 1.000000000000000021e-08 1.000000000000000021e-08 1.000000000000000021e-08 1.000000000000000021e-08 1.000000000000000021e-08 1.000000000000000021e-08 1.000000000000000021e-08 1.000000000000000021e-08 1.000000000000000021e-08 1.582861393186138103e-05 3.728360641442319515e-05 7.410201250001041565e-05 7.575210245377699144e-05 5.542570595449655999e-05 7.501732431085523340e-05 6.005459785897115607e-05 5.306783429775026849e-05 4.030862010750642827e-05 4.690379864228692110e-05 3.652966129408233482e-05 2.768574463290835307e-05 2.583432448140251546e-05 2.361744178048720718e-05
1.000000000000000021e-08 1.000000000000000021e-08 1.000000000000000021e-08 1.000000000000000021e-08 1.000000000000000021e-08 1.000000000000000021e-08 1.000000000000000021e-08 1.000000000000000021e-08 8.789214000537066973e-04 7.905113473674797589e-04 6.208814897516210874e-04 1.154398893776712378e-05 1.000000000000000021e-08 1.000000000000000021e-08 1.000000000000000021e-08 1.000000000000000021e-08 2.037135798952271532e-05 2.009528425452117975e-05 3.548932378935524374e-05 4.086873673950023998e-05 1.000000000000000021e-08 1.000000000000000021e-08 1.000000000000000021e-08 1.244070540305881158e-05 1.465423316035123940e-05 1.791963884902045683e-05 1.943353458064665801e-05 1.684590570862534229e-05 1.000000000000000021e-08 1.000000000000000021e-08 1.000000000000000021e-08 1.000000000000000021e-08 1.000000000000000021e-08 1.000000000000000021e-08 1.834545174304034239e-05 2.653399175729362401e-05 2.816432867469086750e-05
1.000000000000000021e-08 1.000000000000000021e-08 1.000000000000000021e-08 1.000000000000000021e-08 1.000000000000000021e-08 1.000000000000000021e-08 1.427377567222102965e-04 1.234348646681004231e-03 1.272812549686179288e-03 2.250611312702115304e-04 1.555461997051098822e-05 1.323939704174078325e-05 1.000000000000000021e-08 1.000000000000000021e-08 1.000000000000000021e-08 1.000000000000000021e-08 1.978248928575527800e-05 1.866590522223650936e-05 1.342214639456119167e-05 1.085431080848728262e-05 1.000000000000000021e-08 1.000000000000000021e-08 1.000000000000000021e-08 1.000000000000000021e-08 1.000000000000000021e-08 1.000000000000000021e-08 1.000000000000000021e-08 1.000000000000000021e-08 1.000000000000000021e-08 1.000000000000000021e-08 1.000000000000000021e-08 2.178054710160004127e-05 3.864547487639177000e-05 6.113624638391219294e-05 9.432168734970068256e-05 8.116664351874735184e-05 8.355939781066127464e-05
1.698003814736082635e-05 1.888085097319815644e-05 1.840340528932007244e-05 8.147542632500001669e-05 5.954928969194688004e-04 8.282843112118865427e-04 1.119188356760610764e-03 1.207485700845335871e-03 1.000000000000000021e-08 1.000000000000000021e-08 1.102652749327619871e-05 1.516820714463096116e-05 2.079656829971482165e-05 4.731413897274736703e-05 1.000000000000000021e-08 2.159516073902903663e-05 2.263886678845589050e-05 3.359151210812485821e-05 2.825758604510279038e-05 2.800273714320995760e-05 2.441303626295529341e-05 2.554327214719736519e-05 2.804941538587956126e-05 2.459460832268998656e-05 2.170150705257496029e-05 2.380549058900542083e-05 2.499281147157669182e-05 3.908513243703647854e-05 4.003888691230471207e-05 4.463027680656107566e-05 1.000000000000000021e-08 1.000000000000000021e-08 1.000000000000000021e-08 1.000000000000000021e-08 1.000000000000000021e-08 1.000000000000000021e-08 4.314502240195575947e-05
4.996783503762457397e-04 7.518727311764946493e-05 8.849579174236665402e-05 6.911864334552512848e-04 5.039544476478392951e-04 3.250980063059595625e-04 3.381139265125371221e-04 5.788685347332165969e-05 1.000000000000000021e-08 1.000000000000000021e-08 1.171831259652881670e-05 1.849230160098201426e-05 2.016692853609941896e-05 2.094938924059895949e-05 1.865955297410482532e-05 1.883040994740884156e-05 3.523982191556341339e-05 7.305278173381172114e-05 1.055826653732741169e-04 9.784613123432518982e-05 8.676298514683415230e-05 7.759657084937651088e-05 1.617298768350980149e-04 2.430600922055669872e-04 2.060754036424515025e-04 2.681183879088996870e-04 3.008063207831296391e-04 2.441260999362539338e-04 2.587606470783372246e-04 2.821362933104434759e-04 2.717763478748879617e-04 1.775356563909473602e-04 1.393535095438790334e-04 9.267677866405019495e-05 1.409875776361781173e-04 1.230058951404468248e-04 9.904251216134354592e-05
4.189635044567967086e-04 2.209613899266641256e-05 1.000000000000000021e-08 1.000000000000000021e-08 1.000000000000000021e-08 1.430347535437255018e-05 2.788239301354630324e-05 6.061612219077634718e-05 1.000000000000000021e-08 1.000000000000000021e-08 1.687755888757302248e-05 1.541830097687766122e-05 1.312967122970681890e-05 1.262645656256841747e-05 2.382011349149217350e-05 2.194737670564650279e-05 1.000000000000000021e-08 4.724350143514167419e-05 1.187931055241542332e-04 2.055941979535281052e-04 1.835877003254058237e-04 2.236457579360696642e-04 1.922738178183214664e-04 2.410166010915343326e-04 3.300687036113431104e-04 2.716497731599532158e-04 2.273532136944054767e-04 2.524728122875717368e-04 2.101130466477989039e-04 1.625757797786562316e-04 1.389133816079479624e-04 1.526016868906059564e-04 1.678136855754989868e-04 1.816152462569363532e-04 1.077330189553067185e-04 6.938771651355277268e-05 7.557076356659091991e-05
2.688998346084707082e-05 1.000000000000000021e-08 1.000000000000000021e-08 1.000000000000000021e-08 1.000000000000000021e-08 1.182404896330671534e-05 2.118254043694730448e-05 3.895567755642568138e-05 3.281781536962532760e-05 1.000000000000000021e-08 1.536902981864091860e-05 1.000000000000000021e-08 1.000000000000000021e-08 1.000000000000000021e-08 3.552665884478269749e-05 1.000000000000000021e-08 1.110110435880074623e-05 8.183496708802855775e-05 9.859329650507184749e-05 1.203146046237466319e-04 2.160116575143897525e-04 2.410405774252232598e-04 2.710350494856366538e-04 1.966248134754158600e-04 1.399585342004110427e-04 1.000000000000000021e-08 1.721820884016516596e-05 1.000000000000000021e-08 1.000000000000000021e-08 1.000000000000000021e-08 1.000000000000000021e-08 1.000000000000000021e-08 1.000000000000000021e-08 1.354902006779783669e-05 7.356487026660371055e-05 8.154969339996845324e-05 1.330820162787576361e-04
2.109739741061341484e-05 1.000000000000000021e-08 1.000000000000000021e-08 1.614296677091311318e-05 1.000000000000000021e-08 1.041770392735118300e-05 1.770213670629389613e-05 1.907968327404725061e-05 2.074372437021679492e-05 1.000000000000000021e-08 1.738046101873890381e-05 1.000000000000000021e-08 1.000000000000000021e-08 5.904242122908781246e-05 7.686003051730396776e-05 1.302315853339270464e-04 1.529939689820007339e-04 1.411697629434632514e-04 1.075624394018691630e-04 8.633678457159179806e-05 1.000000000000000021e-08 1.000000000000000021e-08 1.000000000000000021e-08 1.000000000000000021e-08 1.000000000000000021e-08 1.886240910837929080e-05 2.730861009675268611e-05 1.000000000000000021e-08 1.000000000000000021e-08 1.000000000000000021e-08 1.000000000000000021e-08 1.000000000000000021e-08 1.000000000000000021e-08 1.000000000000000021e-08 5.523828968371037108e-05 1.080841870985026833e-04 2.265975120984936684e-04
