output/water_depth_2640.asc
ncols 223
nrows 158
xllcorner 0.0
yllcorner 0.0
cellsize 30.0
[rows 68 to 84 of 158, columns 185 to 221 of 223]
1.000000000000000021e-08 7.607737083406638633e-05 2.510187546307762578e-04 3.601183048941478489e-05 2.793258729594947162e-05 1.391639335961245439e-04 5.093149426860243029e-05 1.955657982899933558e-04 2.010061278050553771e-04 1.422577040346271419e-03 6.085150503921066224e-04 5.319284939671914576e-04 5.798057909456927859e-03 8.394691172659120640e-03 6.175251507151337076e-03 2.148201531216450359e-03 4.039369609669606585e-03 6.274513017312548756e-03 2.192622324816987517e-02 8.469400403905957483e-03 9.073124928650019849e-03 1.000000100000000021e-05 1.000000100000000021e-05 1.000000100000000021e-05 1.000000100000000021e-05 1.000000100000000021e-05 1.000000100000000021e-05 1.000000100000000021e-05 1.000000100000000021e-05 1.000000100000000021e-05 1.000000100000000021e-05 1.000000100000000021e-05 1.000000100000000021e-05 1.000000100000000021e-05 1.000000100000000021e-05 1.000000100000000021e-05 1.000000100000000021e-05
1.102694532742808964e-05 1.000000000000000021e-08 1.323740758723820432e-04 1.620639947074788302e-05 3.814325657749839541e-04 1.597485177328162296e-04 5.159641053830110692e-05 7.660909865266611217e-05 2.042168431097303167e-04 2.320525883313109762e-04 6.918972643770606281e-04 9.443886787630967252e-04 4.395442966853909707e-03 4.692489475731244364e-02 7.809801025838297543e-03 2.288014633142270056e-03 1.000000000000000021e-08 1.000000000000000021e-08 3.757162377817663962e-03 3.268156298460562614e-03 1.296812749258560715e-02 1.000000100000000021e-05 1.000000100000000021e-05 1.000000100000000021e-05 1.000000100000000021e-05 1.000000100000000021e-05 1.000000100000000021e-05 1.000000100000000021e-05 1.000000100000000021e-05 1.000000100000000021e-05 1.000000100000000021e-05 1.000000100000000021e-05 1.000000100000000021e-05 1.000000100000000021e-05 1.000000100000000021e-05 1.000000100000000021e-05 1.000000100000000021e-05
1.293663858597515816e-05 1.000000000000000021e-08 1.000000000000000021e-08 7.208853280038885565e-05 1.762075341741274864e-04 1.097891943517765093e-04 5.197216423090038020e-05 1.097730091220475938e-04 9.657241733483010171e-05 2.425944459725551654e-04 1.071375016432324313e-03 7.512181092645900220e-03 5.919816418328340338e-03 8.111376120165396733e-03 1.377495819458614962e-03 3.019568446857210883e-04 1.000000000000000021e-08 3.295032007374213611e-05 9.651306153339672895e-04 4.080243175934195922e-03 1.397502284566456109e-02 1.000000100000000021e-05 1.000000100000000021e-05 1.000000100000000021e-05 1.000000100000000021e-05 1.000000100000000021e-05 1.000000100000000021e-05 1.000000100000000021e-05 1.000000100000000021e-05 1.000000100000000021e-05 1.000000100000000021e-05 1.000000100000000021e-05 1.000000100000000021e-05 1.000000100000000021e-05 1.000000100000000021e-05 1.000000100000000021e-05 1.000000100000000021e-05
1.479695244950942398e-05 1.000000000000000021e-08 2.029097961675641732e-05 1.000000000000000021e-08 1.000000000000000021e-08 2.358618873993591518e-04 1.252357458394929928e-04 3.750433169146994328e-05 1.146288595093906227e-04 1.134374347000981475e-04 5.453243031526206538e-04 8.828520852722796311e-03 8.582544827844337462e-03 3.149503873224838470e-03 7.963653994903649924e-04 8.908761882632256195e-04 1.148790939317724443e-04 1.102354726776504426e-04 7.116253424098957026e-04 3.545639371186540441e-03 7.612473590179131937e-03 7.278543143191661818e-03 1.000000100000000021e-05 1.000000100000000021e-05 1.000000100000000021e-05 1.000000100000000021e-05 1.000000100000000021e-05 1.000000100000000021e-05 1.000000100000000021e-05 1.000000100000000021e-05 1.000000100000000021e-05 1.000000100000000021e-05 1.000000100000000021e-05 1.000000100000000021e-05 1.000000100000000021e-05 1.000000100000000021e-05 1.000000100000000021e-05
1.813202066479175536e-05 1.018302698959797744e-05 1.037419239690154561e-04 1.000000000000000021e-08 1.000000000000000021e-08 1.197610019617104037e-05 5.323974322291690874e-05 8.141632186086662077e-05 6.596280839633010410e-05 3.195554869326524151e-04 5.552642963655485047e-04 1.201502495746178609e-02 3.938997412112692567e-03 2.593124162044914416e-03 5.071358432338050762e-04 8.515795802651202279e-04 5.954098079751563759e-04 3.789735742797734801e-04 9.005709857551693915e-04 3.541325844852257279e-03 9.874935239091308867e-03 5.402563334439351196e-03 3.307394250571205291e-05 1.000000100000000021e-05 1.000000100000000021e-05 1.000000100000000021e-05 1.000000100000000021e-05 1.000000100000000021e-05 1.000000100000000021e-05 1.000000100000000021e-05 1.000000100000000021e-05 1.000000100000000021e-05 1.000000100000000021e-05 1.000000100000000021e-05 1.000000100000000021e-05 1.000000100000000021e-05 1.000000100000000021e-05
1.172464474546872299e-03 6.260466376313874443e-05 1.000000000000000021e-08 1.558798115400761029e-05 1.000000000000000021e-08 1.000000000000000021e-08 5.660264777981179019e-05 5.321192821804925332e-05 1.476320679051292559e-03 1.048054852524461919e-03 9.050498632712688151e-04 1.350925720732924253e-02 5.780065005463727590e-03 1.641333648616185746e-03 3.084608114425054035e-04 7.253981588054271784e-04 8.336310527191683742e-04 6.181153934734253102e-04 1.683704881211885640e-03 4.848682302863799136e-03 1.920590085493317778e-02 4.015666341209397742e-03 3.684722027078943664e-04 2.948587074033549708e-04 1.000000100000000021e-05 1.000000100000000021e-05 1.000000100000000021e-05 1.000000100000000021e-05 1.000000100000000021e-05 1.000000100000000021e-05 1.000000100000000021e-05 1.000000100000000021e-05 1.000000100000000021e-05 1.000000100000000021e-05 1.000000100000000021e-05 1.000000100000000021e-05 1.000000100000000021e-05
6.486765973995176071e-02 1.000000000000000021e-08 7.814547300777272530e-05 1.534063343594563289e-04 1.982529161442663781e-04 1.108301794811921471e-05 3.550287386545991999e-05 6.653840750332301558e-04 3.860440455702207662e-04 3.119851346083266845e-04 6.987541791824006861e-04 1.843429669494382750e-02 5.359126168724013574e-03 2.930410290022299408e-04 2.139073217328413474e-04 6.038167363231566019e-04 1.282855127287207096e-03 5.496484700789707779e-04 1.292532724618024103e-03 3.198571082699463476e-03 2.195423695306396306e-02 5.073974194752638688e-03 2.371367010712637738e-04 1.016019469070154766e-04 1.000000100000000021e-05 1.000000100000000021e-05 1.000000100000000021e-05 1.000000100000000021e-05 1.000000100000000021e-05 1.000000100000000021e-05 1.000000100000000021e-05 1.000000100000000021e-05 1.000000100000000021e-05 1.000000100000000021e-05 1.000000100000000021e-05 1.000000100000000021e-05 1.000000100000000021e-05
5.102689008286739880e-02 4.756531460718613907e-02 7.052084276208531980e-05 6.201686082752755694e-05 2.655675208344744466e-05 2.261965928290035394e-04 4.360328574323446912e-05 6.041684847171909114e-05 2.884991373427294782e-04 4.885375275603164383e-04 5.722947029677213741e-03 1.721879110411471750e-02 3.794276929582910719e-03 9.798742866423103010e-04 1.514363048931717634e-04 5.843284476721790103e-04 1.666654123464954892e-03 7.470590418354435339e-04 8.368577948959466870e-04 8.791658170559062124e-02 9.429288947143822652e-02 1.419636481470499482e-03 1.285213839819420931e-04 1.221826901209319485e-04 1.000000100000000021e-05 1.000000100000000021e-05 1.000000100000000021e-05 1.000000100000000021e-05 1.000000100000000021e-05 1.000000100000000021e-05 1.000000100000000021e-05 1.000000100000000021e-05 1.000000100000000021e-05 1.000000100000000021e-05 1.000000100000000021e-05 1.000000100000000021e-05 1.000000100000000021e-05
6.449104033430981542e-02 5.649022159600519677e-02 5.841714691169981241e-05 2.660444800714063029e-05 2.582729027293857466e-05 1.546313238885397648e-05 2.049901435570690853e-05 6.458271976085501508e-05 2.987149419585285928e-04 6.761323545870329913e-04 4.090436070713440557e-03 2.145819545160994671e-02 2.849297300004453772e-03 7.162446008493018402e-04 1.324557074968278245e-04 8.498652161517602230e-05 1.758716137665898875e-03 6.375959626505764638e-04 6.825374890398974714e-02 8.052249260206394144e-02 9.000388965317422663e-02 2.986074082496194357e-04 4.696329448159318096e-04 9.321255310846579512e-05 6.136047441159744528e-03 2.151366468279359071e-04 1.000000100000000021e-05 1.000000100000000021e-05 1.000000100000000021e-05 1.000000100000000021e-05 1.000000100000000021e-05 1.000000100000000021e-05 1.000000100000000021e-05 1.000000100000000021e-05 1.000000100000000021e-05 1.000000100000000021e-05 1.000000100000000021e-05
1.446995448526477712e-01 3.319171015052571616e-02 4.446671123248041244e-05 3.279682835888748102e-05 3.577754679404941018e-05 1.581429073515296430e-05 1.857125867195701856e-05 4.919234170969256957e-04 1.374744659319963869e-03 8.622540935863219754e-04 3.089408630019880534e-03 2.079259067107867842e-02 2.302901362407547541e-03 8.586881642497609570e-04 1.150005713139286290e-03 6.928799290276192215e-03 2.207153344704477008e-02 2.352768435550830345e-02 3.655535877984496251e-02 6.506155702998511758e-02 1.799310600637029408e-03 1.241325204620083618e-02 1.347598889967137944e-03 9.001654502827038896e-04 1.369502519816742907e-04 9.360154072868603003e-05 1.000000100000000021e-05 1.000000100000000021e-05 1.000000100000000021e-05 1.000000100000000021e-05 1.000000100000000021e-05 1.000000100000000021e-05 1.000000100000000021e-05 1.000000100000000021e-05 1.000000100000000021e-05 1.000000100000000021e-05 1.000000100000000021e-05
1.488710603124153709e-01 9.635505657840326421e-02 2.345880063376749706e-04 2.626245081699684378e-04 2.018930632336123293e-04 2.572797777932334259e-04 5.791766765611667221e-04 1.004024776845254419e-03 1.920072886114860405e-03 3.911928816094751953e-03 2.527184470221290405e-02 2.228799393166367576e-02 8.848072773828683651e-03 1.300555480498079286e-02 2.399774165581991525e-02 8.712312072516285866e-02 3.356923325149413495e-02 2.386714440968064344e-02 5.725688635296278194e-05 3.124310318195843252e-05 4.937809334723640143e-05 3.419670295387986132e-05 2.153608335532855567e-04 2.439843873587794928e-05 1.000000000000000021e-08 8.494628208837171404e-05 1.000000100000000021e-05 1.000000100000000021e-05 1.000000100000000021e-05 1.000000100000000021e-05 1.000000100000000021e-05 1.000000100000000021e-05 1.000000100000000021e-05 1.000000100000000021e-05 1.000000100000000021e-05 1.000000100000000021e-05 1.000000100000000021e-05
2.102416784027889285e-01 4.268184251643118987e-01 1.272944137739184670e-03 2.828419487852286440e-04 2.133034886942209146e-04 3.682315343427677921e-04 9.620550135277542109e-05 2.048333374878935837e-04 1.272522130450802827e-04 9.879482674967443676e-04 4.817425765777548323e-03 1.357967505883972414e-01 1.820929597357489466e-02 2.280340569817089491e-02 2.108353250375527219e-02 6.348563784550714751e-04 8.894559297271093607e-04 2.595214538764153717e-04 1.082772078066026212e-04 3.154937674793838881e-04 3.201135250723583306e-04 1.000000000000000021e-08 1.953250452398986575e-05 1.910364220830389017e-05 1.000000000000000021e-08 7.941705685851018469e-05 1.000000100000000021e-05 1.000000100000000021e-05 1.000000100000000021e-05 1.000000100000000021e-05 1.000000100000000021e-05 1.000000100000000021e-05 1.000000100000000021e-05 1.000000100000000021e-05 1.000000100000000021e-05 1.000000100000000021e-05 1.000000100000000021e-05
1.736087182491372364e-03 3.652889319120997125e-01 2.771447698944130567e-01 1.536894024862874800e-03 2.161428233893682486e-04 5.407469869198653191e-04 1.138114313009334563e-04 1.376516897848798231e-05 1.000000000000000021e-08 1.214605962423780675e-04 3.734134771640905317e-03 1.196573899685218906e-01 1.213114745884841666e-01 2.262974246066176004e-02 7.962355291957566583e-03 1.030885472733099113e-05 1.000000000000000021e-08 3.686288583941344681e-05 5.175548289826488414e-04 6.783778190208330334e-05 3.291630941752218397e-05 1.265688397845913760e-05 1.000000000000000021e-08 1.000000000000000021e-08 2.376082968005341272e-05 5.994578179192568091e-05 1.000000100000000021e-05 1.000000100000000021e-05 1.000000100000000021e-05 1.000000100000000021e-05 1.000000100000000021e-05 1.000000100000000021e-05 1.000000100000000021e-05 1.000000100000000021e-05 1.000000100000000021e-05 1.000000100000000021e-05 1.000000100000000021e-05
1.341594804435537602e-05 5.538857163351013167e-05 2.682220645481457888e-01 1.319882373762184258e-01 9.077918411639833429e-02 3.667576568655405572e-02 2.160888255806963580e-04 1.972557763600861375e-05 1.317567142457230485e-04 1.000000000000000021e-08 1.271735540005721095e-03 7.816074057396271701e-02 1.081921972196532994e-01 5.270410964642036934e-03 1.896893274972670258e-03 1.262322476208877094e-04 7.382493816949211522e-05 6.014346278852653212e-05 2.050044884127072008e-05 4.094354527097079498e-05 2.272540697799688614e-05 2.370135247832948859e-05 1.000000000000000021e-08 1.000000000000000021e-08 1.000000000000000021e-08 1.000000000000000021e-08 1.000000100000000021e-05 1.000000100000000021e-05 1.000000100000000021e-05 1.000000100000000021e-05 1.000000100000000021e-05 1.000000100000000021e-05 1.000000100000000021e-05 1.000000100000000021e-05 1.000000100000000021e-05 1.000000100000000021e-05 1.000000100000000021e-05
2.184125402258139481e-05 1.177593469213940494e-05 2.819635495249799947e-05 1.273896444919207227e-01 3.347532066091388758e-01 3.010270631692010257e-01 2.235584425241304296e-01 3.779682024032471679e-03 4.085085484553783834e-03 1.712398265785700785e-02 2.562710135742158474e-02 4.634170529489138601e-02 3.333269306431547487e-03 1.924930328320245687e-02 2.504329836139815619e-05 1.000000000000000021e-08 1.000000000000000021e-08 1.114473225584245728e-05 2.205065966531971784e-05 2.399309191697793065e-05 4.206622013557759302e-05 2.498710467664106972e-05 2.010223273006725477e-05 1.223938184653558283e-05 1.784662242101748219e-05 1.000000000000000021e-08 1.000000100000000021e-05 1.000000100000000021e-05 1.000000100000000021e-05 1.000000100000000021e-05 1.000000100000000021e-05 1.000000100000000021e-05 1.000000100000000021e-05 1.000000100000000021e-05 1.000000100000000021e-05 1.000000100000000021e-05 1.000000100000000021e-05
1.310475269298467686e-05 1.000000000000000021e-08 1.000000000000000021e-08 3.239092950340672098e-04 3.609486442810698882e-04 2.624964206735633417e-04 1.442043193959869352e-01 5.776692949646370506e-02 3.047949793764204163e-02 2.804800720171795464e-02 2.921941569406548075e-02 2.513314102148040893e-02 1.000000000000000021e-08 1.000000000000000021e-08 1.000000000000000021e-08 1.000000000000000021e-08 1.000000000000000021e-08 1.192389274026551075e-05 4.728625425677976835e-05 3.251033068059613136e-05 3.775119575497909484e-04 3.074922012102133972e-04 1.732219025393022603e-04 1.870482331101438813e-05 2.011345950274382669e-05 2.624894974612625723e-05 1.000000100000000021e-05 1.000000100000000021e-05 1.000000100000000021e-05 1.000000100000000021e-05 1.000000100000000021e-05 1.000000100000000021e-05 1.000000100000000021e-05 1.000000100000000021e-05 1.000000100000000021e-05 1.000000100000000021e-05 1.000000100000000021e-05
1.484275219475062867e-04 1.167843104544774455e-04 1.006515582215192705e-04 1.000000000000000021e-08 1.000000000000000021e-08 1.000000000000000021e-08 1.382484506094792120e-01 2.702738808657427216e-01 2.641699659932179589e-01 3.086616428120773220e-02 2.738837047546788944e-02 1.339397155272952118e-02 1.602254479973035930e-04 1.192552078868392492e-04 1.227677158464931108e-04 7.292968860199479397e-05 6.093785288908038118e-05 3.217032698969571526e-05 2.154824306809355707e-05 3.925758691477632969e-04 3.024169145577786425e-04 3.843500140702303235e-04 7.321508812985875352e-05 4.581492119260518016e-05 3.675541752475194429e-05 3.360661397569984993e-04 3.603270656467263576e-04 1.000000100000000021e-05 1.000000100000000021e-05 1.000000100000000021e-05 1.000000100000000021e-05 1.000000100000000021e-05 1.000000100000000021e-05 1.000000100000000021e-05 1.000000100000000021e-05 1.000000100000000021e-05 1.000000100000000021e-05
