output/water_depth_11760.asc
ncols 223
nrows 158
xllcorner 0.0
yllcorner 0.0
cellsize 30.0
[rows 102 to 118 of 158, columns 185 to 221 of 223]
1.000000000000000021e-08 1.000000000000000021e-08 1.000000000000000021e-08 1.000000000000000021e-08 1.000000000000000021e-08 1.000000000000000021e-08 1.292107336752569731e-02 1.018671636753868542e-01 4.028244911940370818e-04 1.794313633877635348e-04 1.298470336830090106e-04 5.323161859500847475e-05 3.863826157657512968e-05 3.960242240440585757e-05 4.319886300494091546e-05 3.809894880239286086e-05 1.258749659162577460e-05 1.000000000000000021e-08 1.000000000000000021e-08 1.000000000000000021e-08 1.000000000000000021e-08 1.000000000000000021e-08 1.000000000000000021e-08 1.000000000000000021e-08 1.000000000000000021e-08 1.000000000000000021e-08 1.000000000000000021e-08 1.000000000000000021e-08 1.000000000000000021e-08 1.000000000000000021e-08 1.000000100000000021e-05 1.000000100000000021e-05 1.000000100000000021e-05 1.000000100000000021e-05 1.000000100000000021e-05 1.000000100000000021e-05 1.000000100000000021e-05
1.025477665332637319e-05 1.000000000000000021e-08 1.766767521429959506e-05 1.788891206397817755e-05 1.549987100110983792e-05 1.000000000000000021e-08 2.249107829634198336e-03 5.592600418001586471e-02 1.509188639262397315e-04 6.224267621109225265e-05 8.764284278032042437e-05 1.224614338264534989e-04 1.094574852966860486e-04 8.584279480806664771e-05 6.223575092863325661e-05 2.261462596561067892e-05 6.582054354992017821e-05 1.000000000000000021e-08 1.000000000000000021e-08 1.000000000000000021e-08 1.000000000000000021e-08 1.000000000000000021e-08 1.000000000000000021e-08 1.000000000000000021e-08 1.000000000000000021e-08 1.000000000000000021e-08 1.000000000000000021e-08 1.000000000000000021e-08 1.000000000000000021e-08 1.000000000000000021e-08 1.000000100000000021e-05 1.000000100000000021e-05 1.000000100000000021e-05 1.000000100000000021e-05 1.000000100000000021e-05 1.000000100000000021e-05 1.000000100000000021e-05
1.000000000000000021e-08 1.000000000000000021e-08 1.000000000000000021e-08 1.000000000000000021e-08 3.122745978254677039e-05 4.374897781389324109e-04 1.306686793744767927e-01 5.613998565539757291e-02 1.778345381674848854e-05 1.000000000000000021e-08 1.000000000000000021e-08 1.000000000000000021e-08 1.000000000000000021e-08 1.000000000000000021e-08 1.000000000000000021e-08 4.692496834308693577e-05 1.321198317594099230e-04 2.849198269305419054e-05 2.556335024405427474e-05 1.427157083506741287e-05 1.000000000000000021e-08 1.000000000000000021e-08 1.000000000000000021e-08 1.000000000000000021e-08 1.000000000000000021e-08 1.000000000000000021e-08 1.000000000000000021e-08 1.000000000000000021e-08 1.000000000000000021e-08 1.000000000000000021e-08 1.000000100000000021e-05 1.000000100000000021e-05 1.000000100000000021e-05 1.000000100000000021e-05 1.000000100000000021e-05 1.000000100000000021e-05 1.000000100000000021e-05
1.000000000000000021e-08 1.000000000000000021e-08 1.000000000000000021e-08 1.000000000000000021e-08 8.675667097211428927e-05 8.875764121468726620e-02 1.010661881956280289e-01 3.438866174478270594e-05 1.000000000000000021e-08 1.000000000000000021e-08 1.000000000000000021e-08 1.000000000000000021e-08 1.000000000000000021e-08 1.000000000000000021e-08 1.476537907375846370e-05 2.189866539847245901e-05 3.842231631675575333e-03 2.274395649603450559e-05 1.000000000000000021e-08 1.000000000000000021e-08 1.000000000000000021e-08 1.000000000000000021e-08 1.000000000000000021e-08 1.000000000000000021e-08 1.000000000000000021e-08 1.000000000000000021e-08 1.000000000000000021e-08 1.000000000000000021e-08 1.000000000000000021e-08 1.000000000000000021e-08 1.000000100000000021e-05 1.000000100000000021e-05 1.000000100000000021e-05 1.000000100000000021e-05 1.000000100000000021e-05 1.000000100000000021e-05 1.000000100000000021e-05
6.928223649155553757e-05 5.458270748276316300e-05 1.000000000000000021e-08 1.000000000000000021e-08 3.119312345518485439e-05 7.626503350564657613e-02 8.165150039240351432e-02 6.132007287682476231e-05 4.123165209845012006e-05 3.202229374028795199e-05 2.157703424373903293e-05 1.570897214086764890e-05 1.162349878645708546e-05 1.751804209975221964e-05 1.000000000000000021e-08 1.000000000000000021e-08 3.281009129072416913e-03 4.262780159170439419e-05 1.000000000000000021e-08 1.000000000000000021e-08 1.000000000000000021e-08 1.000000000000000021e-08 1.000000000000000021e-08 1.000000000000000021e-08 1.000000000000000021e-08 1.000000000000000021e-08 1.000000000000000021e-08 1.471707544922783352e-05 1.000000000000000021e-08 1.000000000000000021e-08 1.000000100000000021e-05 1.000000100000000021e-05 1.000000100000000021e-05 1.000000100000000021e-05 1.000000100000000021e-05 1.000000100000000021e-05 1.000000100000000021e-05
2.058431171675034768e-05 5.604156052458277064e-05 4.888281584361556909e-05 4.058972483850987236e-05 5.045467501810050611e-05 4.031696659314749909e-02 5.577826265140548023e-02 1.000000000000000021e-08 1.000000000000000021e-08 1.000000000000000021e-08 1.000000000000000021e-08 3.759596765605930003e-05 3.495575261402593045e-05 1.000000000000000021e-08 1.000000000000000021e-08 1.000000000000000021e-08 4.270429710516207133e-04 4.806910563693606454e-05 5.232062079716321486e-05 6.158582289726171233e-05 5.251151484341140562e-05 4.327395924274178780e-05 3.391655978030263559e-05 2.441994187880377947e-05 1.270714209389873412e-05 1.000000000000000021e-08 1.000000000000000021e-08 1.000000000000000021e-08 1.000000000000000021e-08 1.000000100000000021e-05 1.000000100000000021e-05 1.000000100000000021e-05 1.000000100000000021e-05 1.000000100000000021e-05 1.000000100000000021e-05 1.000000100000000021e-05 1.000000100000000021e-05
1.359432122766611903e-05 1.708020871458334526e-05 3.299533982031396958e-05 1.000000000000000021e-08 6.987020406710909724e-05 1.108034956185843106e-01 1.434711054466203395e-02 1.000000000000000021e-08 1.188925826455051725e-05 1.120443877898653302e-05 1.078134625460364044e-05 1.000000000000000021e-08 1.000000000000000021e-08 1.000000000000000021e-08 1.000000000000000021e-08 1.000000000000000021e-08 4.517366506587958846e-04 6.057582214982962904e-05 3.855567853955412660e-05 1.061850213932422504e-05 1.000000000000000021e-08 1.000000000000000021e-08 1.000000000000000021e-08 1.000000000000000021e-08 1.000000000000000021e-08 1.000000000000000021e-08 1.000000000000000021e-08 1.000000000000000021e-08 1.000000000000000021e-08 1.000000100000000021e-05 1.000000100000000021e-05 1.000000100000000021e-05 1.000000100000000021e-05 1.000000100000000021e-05 1.000000100000000021e-05 1.000000100000000021e-05 1.000000100000000021e-05
1.000000000000000021e-08 1.829810591489059018e-05 3.641645578816479062e-05 5.571845338288649528e-05 7.661084321578782996e-02 7.899756467341118027e-02 6.691445195637896193e-02 5.105095264001078843e-05 1.000000000000000021e-08 1.000000000000000021e-08 1.000000000000000021e-08 1.000000000000000021e-08 1.503932849024462476e-05 1.000000000000000021e-08 1.000000000000000021e-08 1.000000000000000021e-08 6.038124060230311806e-03 9.213953544428917408e-05 2.445357753442327082e-05 1.000000000000000021e-08 1.000000000000000021e-08 1.000000000000000021e-08 1.000000000000000021e-08 1.000000000000000021e-08 1.000000000000000021e-08 1.000000000000000021e-08 1.000000000000000021e-08 1.000000000000000021e-08 1.000000000000000021e-08 1.000000100000000021e-05 1.000000100000000021e-05 1.000000100000000021e-05 1.000000100000000021e-05 1.000000100000000021e-05 1.000000100000000021e-05 1.000000100000000021e-05 1.000000100000000021e-05
1.000000000000000021e-08 1.000000000000000021e-08 1.000000000000000021e-08 1.000000000000000021e-08 1.000000000000000021e-08 3.412540318821668389e-02 2.748253189631466586e-02 4.606556620862211618e-05 1.000000000000000021e-08 1.000000000000000021e-08 1.000000000000000021e-08 1.000000000000000021e-08 1.000000000000000021e-08 1.000000000000000021e-08 1.294171092777960960e-05 3.577899952492284100e-03 4.381144858887276415e-03 1.124610904705446601e-05 1.649648357816128173e-05 1.000000000000000021e-08 1.000000000000000021e-08 1.000000000000000021e-08 1.000000000000000021e-08 1.000000000000000021e-08 1.000000000000000021e-08 1.000000000000000021e-08 1.000000000000000021e-08 1.000000000000000021e-08 1.000000000000000021e-08 1.000000100000000021e-05 1.000000100000000021e-05 1.000000100000000021e-05 1.000000100000000021e-05 1.000000100000000021e-05 1.000000100000000021e-05 1.000000100000000021e-05 1.000000100000000021e-05
1.000000000000000021e-08 1.000000000000000021e-08 1.000000000000000021e-08 1.000000000000000021e-08 1.000000000000000021e-08 1.898943870713670767e-02 4.296045931664637524e-02 7.206246379999809749e-05 1.000000000000000021e-08 1.000000000000000021e-08 1.000000000000000021e-08 1.000000000000000021e-08 1.000000000000000021e-08 1.000000000000000021e-08 1.000000000000000021e-08 4.495758028405242765e-04 6.800691115102467255e-04 1.000000000000000021e-08 1.000000000000000021e-08 1.719382109279354227e-05 1.014986304969301029e-05 1.000000000000000021e-08 1.000000000000000021e-08 1.000000000000000021e-08 1.000000000000000021e-08 1.000000000000000021e-08 1.000000000000000021e-08 1.000000000000000021e-08 1.000000000000000021e-08 1.000000100000000021e-05 1.000000100000000021e-05 1.000000100000000021e-05 1.000000100000000021e-05 1.000000100000000021e-05 1.000000100000000021e-05 1.000000100000000021e-05 1.000000100000000021e-05
1.000000000000000021e-08 1.000000000000000021e-08 1.000000000000000021e-08 1.000000000000000021e-08 1.000000000000000021e-08 1.156272782054867596e-02 5.071775092474927610e-02 5.989620093128765086e-05 1.000000000000000021e-08 1.000000000000000021e-08 1.000000000000000021e-08 1.000000000000000021e-08 1.000000000000000021e-08 1.000000000000000021e-08 1.000000000000000021e-08 6.901738980228580957e-04 6.691629237938188945e-05 1.000000000000000021e-08 2.511752118829742192e-05 1.000000000000000021e-08 1.000000000000000021e-08 1.000000000000000021e-08 1.000000000000000021e-08 1.000000000000000021e-08 1.000000000000000021e-08 1.000000000000000021e-08 1.000000000000000021e-08 1.000000000000000021e-08 1.000000000000000021e-08 1.000000100000000021e-05 1.000000100000000021e-05 1.000000100000000021e-05 1.000000100000000021e-05 1.000000100000000021e-05 1.000000100000000021e-05 1.000000100000000021e-05 1.000000100000000021e-05
2.663700881655528673e-05 2.465868078259697937e-05 2.540627472559051989e-05 1.000000000000000021e-08 1.000000000000000021e-08 1.437514753391079259e-01 1.429406444195555625e-01 1.267235746620435644e-01 1.000000000000000021e-08 1.000000000000000021e-08 1.000000000000000021e-08 1.000000000000000021e-08 1.000000000000000021e-08 1.000000000000000021e-08 9.314234390390155327e-03 1.082041438805414046e-03 8.463504203402300973e-05 1.000000000000000021e-08 1.000000000000000021e-08 1.000000000000000021e-08 1.000000000000000021e-08 1.143481096462175241e-05 1.772200256117964571e-05 1.844425987477910396e-05 1.523651232995483386e-05 1.000000000000000021e-08 1.000000000000000021e-08 1.000000000000000021e-08 1.000000000000000021e-08 1.000000100000000021e-05 1.000000100000000021e-05 1.000000100000000021e-05 1.000000100000000021e-05 1.000000100000000021e-05 1.000000100000000021e-05 1.000000100000000021e-05 1.000000100000000021e-05
4.718050255872936749e-02 4.867680104007181957e-02 4.960525765720881497e-02 5.030011691105797794e-02 5.085513954893711164e-02 1.461192779368029049e-01 1.397644754945686629e-01 1.087366943184047141e-01 6.005763787041417529e-02 1.000000000000000021e-08 1.000000000000000021e-08 1.000000000000000021e-08 1.000000000000000021e-08 1.000000000000000021e-08 7.280076728209824814e-03 1.302341563161120051e-04 7.502084839341054731e-05 1.000000000000000021e-08 1.000000000000000021e-08 1.000000000000000021e-08 1.000000000000000021e-08 2.698233426661782031e-05 2.746866351163955772e-05 2.109235207635980019e-05 2.183103902638989919e-05 2.355731762349808146e-05 1.369615040113943794e-05 1.000000000000000021e-08 1.000000000000000021e-08 1.000000100000000021e-05 1.000000100000000021e-05 1.000000100000000021e-05 1.000000100000000021e-05 1.000000100000000021e-05 1.000000100000000021e-05 1.000000100000000021e-05 1.000000100000000021e-05
5.119203548848791190e-03 3.051095885662012241e-03 1.961484277199201844e-03 1.293798946855182234e-03 8.341136628182210322e-04 5.569354670923666768e-04 3.325180912781095996e-04 5.875100273901226466e-02 1.867927138166348422e-01 1.449681943557668551e-01 6.770608721220681926e-04 2.314571562586885411e-04 3.632097986928788677e-05 1.198831363711816986e-04 8.157436787796232876e-04 1.002224338838516074e-04 1.499364782149652864e-05 2.458737162191431926e-05 3.040460605539867201e-05 3.321230818213940117e-05 4.093459949776183539e-05 4.943449924724743977e-05 2.018920234505442113e-05 1.000000000000000021e-08 1.252517753145536647e-05 1.000000000000000021e-08 1.000000000000000021e-08 1.000000000000000021e-08 1.000000000000000021e-08 1.000000100000000021e-05 1.000000100000000021e-05 1.000000100000000021e-05 1.000000100000000021e-05 1.000000100000000021e-05 1.000000100000000021e-05 1.000000100000000021e-05 1.000000100000000021e-05
1.000000000000000021e-08 1.000000000000000021e-08 1.000000000000000021e-08 1.000000000000000021e-08 1.077253564686379797e-05 1.000000000000000021e-08 1.000000000000000021e-08 1.314618433992247341e-04 2.306074713111183844e-04 6.057370484291719342e-02 6.105376809576647940e-02 4.879917004190250903e-04 1.792873819722524997e-04 8.853853699264984853e-05 7.106792165513737061e-04 9.261511161709977923e-05 7.264389819903966988e-05 8.729191146738163364e-05 1.123060198082963929e-04 9.471216388651239034e-05 6.625225182854841343e-05 2.838104550024162729e-05 2.203474264388060163e-05 1.000000000000000021e-08 1.052909404590910692e-05 1.000000000000000021e-08 1.000000000000000021e-08 1.000000000000000021e-08 1.000000000000000021e-08 1.000000100000000021e-05 1.000000100000000021e-05 1.000000100000000021e-05 1.000000100000000021e-05 1.000000100000000021e-05 1.000000100000000021e-05 1.000000100000000021e-05 1.000000100000000021e-05
1.000000000000000021e-08 1.000000000000000021e-08 1.000000000000000021e-08 1.000000000000000021e-08 1.000000000000000021e-08 5.334419598656522975e-04 1.000000000000000021e-08 1.000000000000000021e-08 1.000000000000000021e-08 3.038768424247504860e-02 1.453987828021889861e-01 1.356620573938953911e-01 1.450154799468021021e-04 1.578374579117413756e-04 6.023569826376770284e-04 2.084786569692167178e-04 1.268269722875739339e-04 7.457772348747048212e-05 1.991832774773640908e-05 1.947890892884583626e-05 1.841812132008438920e-05 1.891291556894090489e-05 2.056556252734662049e-05 2.377319454363428525e-05 1.496096568862122205e-05 1.000000000000000021e-08 1.000000000000000021e-08 1.000000000000000021e-08 1.000000100000000021e-05 1.000000100000000021e-05 1.000000100000000021e-05 1.000000100000000021e-05 1.000000100000000021e-05 1.000000100000000021e-05 1.000000100000000021e-05 1.000000100000000021e-05 1.000000100000000021e-05
1.000000000000000021e-08 1.000000000000000021e-08 1.000000000000000021e-08 1.000000000000000021e-08 1.000000000000000021e-08 4.974040707651790187e-05 7.504988887338434047e-05 3.417677299318857501e-05 4.035110589782334769e-05 1.243154067264250484e-01 1.290706794049807093e-01 1.245791206301903736e-01 1.230109729646582245e-01 4.100080755540794404e-04 6.086230946759164971e-05 2.207693543864935529e-05 2.402276214209754165e-05 2.428326756211587659e-05 1.584228021709297335e-05 1.000000000000000021e-08 1.000000000000000021e-08 1.000000000000000021e-08 1.000000000000000021e-08 1.000000000000000021e-08 1.000000000000000021e-08 1.000000000000000021e-08 1.000000000000000021e-08 1.000000000000000021e-08 1.000000100000000021e-05 1.000000100000000021e-05 1.000000100000000021e-05 1.000000100000000021e-05 1.000000100000000021e-05 1.000000100000000021e-05 1.000000100000000021e-05 1.000000100000000021e-05 1.000000100000000021e-05
