output/water_depth_9360.asc
ncols 223
nrows 158
xllcorner 0.0
yllcorner 0.0
cellsize 30.0
[rows 102 to 118 of 158, columns 185 to 221 of 223]
1.030669797727404364e-05 1.157211954276643488e-05 1.450065644829756216e-05 1.484076568584407786e-05 1.000000000000000021e-08 1.000000000000000021e-08 1.708456752481652199e-02 1.333995251507454627e-01 1.011863260667075380e-03 2.689348876654282195e-04 1.905865007506553181e-04 8.186009759619393596e-05 6.226810812574060062e-05 6.275598427245845056e-05 6.872922959110782932e-05 6.934806325932437463e-05 2.168216040187866237e-05 1.000000000000000021e-08 1.000000000000000021e-08 1.000000000000000021e-08 1.000000000000000021e-08 1.000000000000000021e-08 1.000000000000000021e-08 1.000000000000000021e-08 1.000000000000000021e-08 1.000000000000000021e-08 1.000000000000000021e-08 1.000000000000000021e-08 1.000000000000000021e-08 1.000000000000000021e-08 1.000000100000000021e-05 1.000000100000000021e-05 1.000000100000000021e-05 1.000000100000000021e-05 1.000000100000000021e-05 1.000000100000000021e-05 1.000000100000000021e-05
1.757898754717390221e-05 1.585348715063236610e-05 2.889667906241370730e-05 2.818124637968612322e-05 2.311200434585275376e-05 1.000000000000000021e-08 3.681993035065031766e-03 6.366031553839018864e-02 3.400171280277738961e-04 9.163778018812602166e-05 1.299976602229448055e-04 1.776516357992493462e-04 1.598401256054165446e-04 1.272307603122972111e-04 9.577463333629299136e-05 3.769532196077565072e-05 1.065448035455791848e-04 2.039999303230236922e-05 1.832085758263964781e-05 1.000000000000000021e-08 1.000000000000000021e-08 1.000000000000000021e-08 1.000000000000000021e-08 1.000000000000000021e-08 1.000000000000000021e-08 1.000000000000000021e-08 1.000000000000000021e-08 1.000000000000000021e-08 1.000000000000000021e-08 1.000000000000000021e-08 1.000000100000000021e-05 1.000000100000000021e-05 1.000000100000000021e-05 1.000000100000000021e-05 1.000000100000000021e-05 1.000000100000000021e-05 1.000000100000000021e-05
1.000000000000000021e-08 1.000000000000000021e-08 1.000000000000000021e-08 1.000000000000000021e-08 6.586345692104771294e-05 1.373596128068086016e-03 1.836270836367187298e-01 6.866062857887837712e-02 5.815172971139613865e-05 1.000000000000000021e-08 1.000000000000000021e-08 1.000000000000000021e-08 1.000000000000000021e-08 1.000000000000000021e-08 1.000000000000000021e-08 7.286899736143631243e-05 1.993644563529493505e-04 5.149096183530311180e-05 4.443249470649025449e-05 2.804103468830686496e-05 1.569368847924245853e-05 1.000000000000000021e-08 1.000000000000000021e-08 1.000000000000000021e-08 1.000000000000000021e-08 1.000000000000000021e-08 1.000000000000000021e-08 1.000000000000000021e-08 1.000000000000000021e-08 1.000000000000000021e-08 1.000000100000000021e-05 1.000000100000000021e-05 1.000000100000000021e-05 1.000000100000000021e-05 1.000000100000000021e-05 1.000000100000000021e-05 1.000000100000000021e-05
1.000000000000000021e-08 1.000000000000000021e-08 1.000000000000000021e-08 1.000000000000000021e-08 2.488915809951788329e-04 1.197596584135473818e-01 1.395512641983196189e-01 6.466157888525102390e-05 1.000000000000000021e-08 1.191777345453955417e-05 1.000000000000000021e-08 1.000000000000000021e-08 1.000000000000000021e-08 1.000000000000000021e-08 2.045688444671179003e-05 3.135879869121759424e-05 4.998918669603870379e-03 3.521754566154076434e-05 1.000000000000000021e-08 1.000000000000000021e-08 1.000000000000000021e-08 1.000000000000000021e-08 1.000000000000000021e-08 1.000000000000000021e-08 1.000000000000000021e-08 1.000000000000000021e-08 1.000000000000000021e-08 1.000000000000000021e-08 1.000000000000000021e-08 1.000000000000000021e-08 1.000000100000000021e-05 1.000000100000000021e-05 1.000000100000000021e-05 1.000000100000000021e-05 1.000000100000000021e-05 1.000000100000000021e-05 1.000000100000000021e-05
8.311506046839773785e-05 6.548478302841819973e-05 1.000000000000000021e-08 1.000000000000000021e-08 1.100434800185695741e-04 1.029658780541909124e-01 1.137070933075651630e-01 8.737841276792711353e-05 6.237547385604242896e-05 5.120110702214643458e-05 3.245653779329014119e-05 2.289457866211156952e-05 1.830499272529254384e-05 2.544445150732388129e-05 1.000000000000000021e-08 1.429828270467202907e-05 4.267692161285973305e-03 6.709857616629726291e-05 1.000000000000000021e-08 1.000000000000000021e-08 1.000000000000000021e-08 1.000000000000000021e-08 1.000000000000000021e-08 1.000000000000000021e-08 1.000000000000000021e-08 1.000000000000000021e-08 1.000000000000000021e-08 2.692626759826756967e-05 1.843979463156326224e-05 1.077130349858099206e-05 1.000000100000000021e-05 1.000000100000000021e-05 1.000000100000000021e-05 1.000000100000000021e-05 1.000000100000000021e-05 1.000000100000000021e-05 1.000000100000000021e-05
3.408128902416585510e-05 7.237658997186373409e-05 6.618885235224624851e-05 6.082888587949760790e-05 1.505499214602736013e-04 5.508973198959254969e-02 7.887309096585563839e-02 1.234896959442614003e-05 1.000000000000000021e-08 1.304182453782399680e-05 1.000000000000000021e-08 5.419903320531900857e-05 5.007690160414594909e-05 1.370103087098211284e-05 1.000000000000000021e-08 1.000000000000000021e-08 5.976823098827018432e-04 8.674723167069570379e-05 8.795244250827905722e-05 1.031654937277387389e-04 8.699161356917943998e-05 7.299070247073947298e-05 5.908792060618906465e-05 4.584688878339410520e-05 2.910592040139443960e-05 1.582663260930559110e-05 1.000000000000000021e-08 1.000000000000000021e-08 1.000000000000000021e-08 1.000000100000000021e-05 1.000000100000000021e-05 1.000000100000000021e-05 1.000000100000000021e-05 1.000000100000000021e-05 1.000000100000000021e-05 1.000000100000000021e-05 1.000000100000000021e-05
2.258162880173785093e-05 2.554120927810451828e-05 4.820594022703837385e-05 1.000000000000000021e-08 2.488072983873351632e-04 1.537578447027031225e-01 2.287869748216698335e-02 1.000000000000000021e-08 1.982248930317748157e-05 1.844107433890636359e-05 1.837981117971995406e-05 1.193486787443005472e-05 1.000000000000000021e-08 1.000000000000000021e-08 1.000000000000000021e-08 1.000000000000000021e-08 6.384813246745731303e-04 1.071449724530241013e-04 6.371958758638188506e-05 1.856447963136253031e-05 1.753849505502270921e-05 1.473934010187135735e-05 1.293962252791502665e-05 1.000000000000000021e-08 1.000000000000000021e-08 1.000000000000000021e-08 1.000000000000000021e-08 1.000000000000000021e-08 1.000000000000000021e-08 1.000000100000000021e-05 1.000000100000000021e-05 1.000000100000000021e-05 1.000000100000000021e-05 1.000000100000000021e-05 1.000000100000000021e-05 1.000000100000000021e-05 1.000000100000000021e-05
1.270003141482567012e-05 2.811129945261250628e-05 5.164153467951416028e-05 7.805783759384005876e-05 1.052737237189667746e-01 1.103794985217345648e-01 9.180542220910095641e-02 1.494444671625259902e-04 1.000000000000000021e-08 1.616604986900324864e-05 1.000000000000000021e-08 1.000000000000000021e-08 2.091411273619883828e-05 1.000000000000000021e-08 1.000000000000000021e-08 1.000000000000000021e-08 7.954006288509772940e-03 1.537115728720662511e-04 3.538839790672041136e-05 1.000000000000000021e-08 1.000000000000000021e-08 1.000000000000000021e-08 1.000000000000000021e-08 1.000000000000000021e-08 1.000000000000000021e-08 1.000000000000000021e-08 1.000000000000000021e-08 1.000000000000000021e-08 1.000000000000000021e-08 1.000000100000000021e-05 1.000000100000000021e-05 1.000000100000000021e-05 1.000000100000000021e-05 1.000000100000000021e-05 1.000000100000000021e-05 1.000000100000000021e-05 1.000000100000000021e-05
1.000000000000000021e-08 1.000000000000000021e-08 1.000000000000000021e-08 1.000000000000000021e-08 1.000000000000000021e-08 5.087496094378420042e-02 3.771631634230904889e-02 1.603173225618652017e-04 1.000000000000000021e-08 1.000000000000000021e-08 1.000000000000000021e-08 1.000000000000000021e-08 1.000000000000000021e-08 1.000000000000000021e-08 2.045812894695078646e-05 4.624273149309845662e-03 5.760870589041769754e-03 1.761887610590578572e-05 2.387770408150629529e-05 1.000000000000000021e-08 1.000000000000000021e-08 1.000000000000000021e-08 1.000000000000000021e-08 1.000000000000000021e-08 1.000000000000000021e-08 1.028835347273918218e-05 1.000000000000000021e-08 1.000000000000000021e-08 1.079825390669408833e-05 1.000000100000000021e-05 1.000000100000000021e-05 1.000000100000000021e-05 1.000000100000000021e-05 1.000000100000000021e-05 1.000000100000000021e-05 1.000000100000000021e-05 1.000000100000000021e-05
1.000000000000000021e-08 1.000000000000000021e-08 1.000000000000000021e-08 1.000000000000000021e-08 1.000000000000000021e-08 2.838906445989495403e-02 5.131540097670338196e-02 2.355294885487597707e-04 1.000000000000000021e-08 1.000000000000000021e-08 1.000000000000000021e-08 1.000000000000000021e-08 1.000000000000000021e-08 1.000000000000000021e-08 1.000000000000000021e-08 6.417634014426083777e-04 9.698439981755403424e-04 1.000000000000000021e-08 1.000000000000000021e-08 2.142649687254692605e-05 1.695204859085179744e-05 1.116329100305600581e-05 1.000000000000000021e-08 1.779700536581016828e-05 1.597743948869985060e-05 1.400270315179642769e-05 1.000000000000000021e-08 1.000000000000000021e-08 1.000000000000000021e-08 1.000000100000000021e-05 1.000000100000000021e-05 1.000000100000000021e-05 1.000000100000000021e-05 1.000000100000000021e-05 1.000000100000000021e-05 1.000000100000000021e-05 1.000000100000000021e-05
1.000000000000000021e-08 1.000000000000000021e-08 1.000000000000000021e-08 1.000000000000000021e-08 1.000000000000000021e-08 2.024836015806689982e-02 5.989245799827454947e-02 2.157675289572544720e-04 1.000000000000000021e-08 1.000000000000000021e-08 1.000000000000000021e-08 1.000000000000000021e-08 1.000000000000000021e-08 1.000000000000000021e-08 1.000000000000000021e-08 9.868714485016176312e-04 9.432646173642306739e-05 1.000000000000000021e-08 4.098950468278193099e-05 1.000000000000000021e-08 1.000000000000000021e-08 1.122568189439466030e-05 1.000000000000000021e-08 1.000000000000000021e-08 1.893769639953027156e-05 1.407866502577279396e-05 1.010064567414078259e-05 1.000000000000000021e-08 1.000000000000000021e-08 1.000000100000000021e-05 1.000000100000000021e-05 1.000000100000000021e-05 1.000000100000000021e-05 1.000000100000000021e-05 1.000000100000000021e-05 1.000000100000000021e-05 1.000000100000000021e-05
7.735346202527057069e-05 6.912851195747778739e-05 6.947929334447234650e-05 1.000000000000000021e-08 1.000000000000000021e-08 2.056256969675578083e-01 2.067217250596838085e-01 1.801859442675397549e-01 1.000000000000000021e-08 1.000000000000000021e-08 1.000000000000000021e-08 1.000000000000000021e-08 1.000000000000000021e-08 1.000000000000000021e-08 1.224524946885641521e-02 1.622351046306668093e-03 7.236834360037304372e-05 1.000000000000000021e-08 1.000000000000000021e-08 1.000000000000000021e-08 1.000000000000000021e-08 1.829655903926125592e-05 2.737201436912407314e-05 3.112588456552741123e-05 3.071062348970013151e-05 1.953876675095554539e-05 1.309769719732413651e-05 1.000000000000000021e-08 1.000000000000000021e-08 1.000000100000000021e-05 1.000000100000000021e-05 1.000000100000000021e-05 1.000000100000000021e-05 1.000000100000000021e-05 1.000000100000000021e-05 1.000000100000000021e-05 1.000000100000000021e-05
6.089771259162494316e-02 6.274475419588020075e-02 6.404340311861664303e-02 6.501080089604294177e-02 7.000414115166024576e-02 2.108741517635009111e-01 2.029010252280961935e-01 1.549237770383976032e-01 7.826450026768948243e-02 1.000000000000000021e-08 1.000000000000000021e-08 1.000000000000000021e-08 1.000000000000000021e-08 1.000000000000000021e-08 9.528965689006846720e-03 2.496879616724376563e-04 9.596248385853863114e-05 1.000000000000000021e-08 1.000000000000000021e-08 1.000000000000000021e-08 1.000000000000000021e-08 4.132668238042299752e-05 4.332396206495266492e-05 3.432694777072338330e-05 3.724113399946780371e-05 4.144818904923420740e-05 2.819877160488704342e-05 1.511179715008107538e-05 1.000000000000000021e-08 1.000000100000000021e-05 1.000000100000000021e-05 1.000000100000000021e-05 1.000000100000000021e-05 1.000000100000000021e-05 1.000000100000000021e-05 1.000000100000000021e-05 1.000000100000000021e-05
8.151476153035880357e-03 5.560932287157057015e-03 3.550790461638859367e-03 2.289974500029437303e-03 1.516877510875469341e-03 1.091162180670885058e-03 7.542993346088120625e-04 7.564508875569084245e-02 2.790718119774970862e-01 2.114186389364173246e-01 2.943613714705167316e-03 3.228116958697362332e-04 6.436979211107133518e-05 9.983207294083693939e-05 1.175135031785123256e-03 1.583670575893838877e-04 2.346935158408857577e-05 3.957034763692433572e-05 5.186843092342951356e-05 5.203269635225554751e-05 6.463814308882484658e-05 7.463969786704452219e-05 3.148705893007478743e-05 1.000000000000000021e-08 2.222391638133334470e-05 1.000000000000000021e-08 1.000000000000000021e-08 1.000000000000000021e-08 1.000000000000000021e-08 1.000000100000000021e-05 1.000000100000000021e-05 1.000000100000000021e-05 1.000000100000000021e-05 1.000000100000000021e-05 1.000000100000000021e-05 1.000000100000000021e-05 1.000000100000000021e-05
1.000000000000000021e-08 1.000000000000000021e-08 1.000000000000000021e-08 1.000000000000000021e-08 1.791755249714534253e-05 1.000000000000000021e-08 1.000000000000000021e-08 4.554178287014905204e-04 9.381549501036590133e-04 7.841876979808100334e-02 7.950785319272465901e-02 1.487073775492804084e-03 1.530014460733102825e-04 1.411137651273808346e-04 1.057109868007910644e-03 1.293309688542726172e-04 1.136145427735187980e-04 1.363080773824726865e-04 1.628398705028156546e-04 1.405420737278626115e-04 9.885927095515342517e-05 4.774319064644520462e-05 3.729324868193166563e-05 1.000000000000000021e-08 2.224043486600424000e-05 1.022312288246827645e-05 1.000000000000000021e-08 1.000000000000000021e-08 1.000000000000000021e-08 1.000000100000000021e-05 1.000000100000000021e-05 1.000000100000000021e-05 1.000000100000000021e-05 1.000000100000000021e-05 1.000000100000000021e-05 1.000000100000000021e-05 1.000000100000000021e-05
1.000000000000000021e-08 1.000000000000000021e-08 1.000000000000000021e-08 1.000000000000000021e-08 1.000409275478649491e-05 6.715549939820663478e-04 1.000000000000000021e-08 1.000000000000000021e-08 1.000000000000000021e-08 4.344163057213485529e-02 2.163973620688510735e-01 1.983712948833947498e-01 3.952433172323424832e-04 1.149311342018630297e-04 8.657736213649047533e-04 2.936122566758258916e-04 1.766709924441970281e-04 1.023942740064962264e-04 3.437048559237676542e-05 3.391183339517274517e-05 3.067507782562532541e-05 3.245317151706688882e-05 3.601436509664406342e-05 4.142239088675587631e-05 2.994271874816673281e-05 1.000000000000000021e-08 1.000000000000000021e-08 1.000000000000000021e-08 1.000000100000000021e-05 1.000000100000000021e-05 1.000000100000000021e-05 1.000000100000000021e-05 1.000000100000000021e-05 1.000000100000000021e-05 1.000000100000000021e-05 1.000000100000000021e-05 1.000000100000000021e-05
1.507714571051785311e-05 1.720392358383705515e-05 1.000000000000000021e-08 1.000000000000000021e-08 1.000000000000000021e-08 6.530163772996175169e-05 1.003876876398501847e-04 4.649538548605553281e-05 1.715992109249475466e-04 1.802247816224737953e-01 1.915513037111885031e-01 1.811544300410138641e-01 1.804853054317638317e-01 6.128555204157764853e-04 9.647583767900751281e-05 3.845918441912542322e-05 3.648890954804157245e-05 3.508484142391576368e-05 2.638370067058378994e-05 1.113801689860769025e-05 1.344421701813620594e-05 1.264114341386273505e-05 1.369710675364649869e-05 1.000000000000000021e-08 1.000000000000000021e-08 1.000000000000000021e-08 1.000000000000000021e-08 1.000000000000000021e-08 1.000000100000000021e-05 1.000000100000000021e-05 1.000000100000000021e-05 1.000000100000000021e-05 1.000000100000000021e-05 1.000000100000000021e-05 1.000000100000000021e-05 1.000000100000000021e-05 1.000000100000000021e-05
