output/water_depth_4680.asc
ncols 223
nrows 158
xllcorner 0.0
yllcorner 0.0
cellsize 30.0
[rows 119 to 135 of 158, columns 111 to 147 of 223]
3.653257570617599592e-01 4.000766517127069544e-01 4.263273440766637279e-01 4.473216561992936491e-01 4.668360427133245727e-01 4.844632741639074425e-01 3.159145398758989032e-01 4.218699598676329821e-01 4.808802081677765461e-01 5.215093162241792868e-01 5.615127735931912945e-01 3.153539014614853420e-01 1.818385965705925644e-01 9.179261938407955179e-02 7.116183580363839856e-02 2.776364241710393629e-02 1.760512600838131682e-04 4.602662083395861302e-05 2.315513487999063089e-05 1.077568843125653841e-05 1.000000000000000021e-08 1.000000000000000021e-08 1.043607394682561154e-05 2.102245836631354942e-05 4.056523030996355306e-05 6.481592327455329774e-03 6.015026852037074281e-03 6.123858765658917434e-05 2.749095789552242296e-05 3.124323031236450198e-05 1.000000000000000021e-08 1.000000000000000021e-08 2.622017251403316912e-05 3.725277585294327391e-05 7.918136970629883207e-05 3.339833096487895776e-05 1.135674925717959417e-05
3.234561919986934930e-02 1.965069810241199671e-02 1.060500274465117285e-02 6.936109254833374219e-03 4.636333741381224935e-03 3.213896025939975802e-03 2.360933407758107061e-01 9.507568856889443698e-02 5.297946199394874822e-02 3.465225464289984486e-02 2.837292854762341054e-02 9.967334635757281458e-03 1.000000000000000021e-08 1.000000000000000021e-08 1.000000000000000021e-08 1.856904399476946816e-05 1.152048159128378896e-05 1.357350928593572857e-05 1.533918717831989501e-05 1.000000000000000021e-08 1.227261081889106775e-05 1.945029200201145987e-05 2.544105215407588749e-05 3.042911592804126673e-03 4.997694870253113937e-03 5.423339735595364246e-03 7.674671680642199871e-05 2.686020854870709211e-05 3.239063822162328241e-05 1.000000000000000021e-08 1.562558261362836576e-05 1.000000000000000021e-08 2.656437962897879437e-05 2.938321827875161360e-05 4.806270157438574621e-05 2.486063965429838652e-05 1.052960796634207875e-05
5.273592187264922009e-03 2.630553196378004454e-03 1.333808450994209771e-03 7.563835301123668841e-04 4.464430014158469670e-04 2.966067736193987790e-04 8.656232302810288812e-04 1.138400084238767526e-02 5.994660808349610084e-03 3.708371489638425528e-03 3.293722824480384368e-03 3.654794725319747867e-05 2.193241811159730520e-05 1.000000000000000021e-08 1.000000000000000021e-08 1.000000000000000021e-08 1.000000000000000021e-08 1.000000000000000021e-08 1.000000000000000021e-08 1.000000000000000021e-08 6.017260217786434147e-05 4.666358101125602799e-04 2.697349617346517583e-03 2.826734457908779922e-03 2.910609070625898992e-03 6.097189962800366380e-04 1.312373550933372185e-05 1.000000000000000021e-08 2.789147025787300097e-05 1.830391380362717240e-05 2.196553674979920631e-05 2.635290691758187704e-05 2.610044862804702538e-05 2.242819834059968425e-05 1.799218354783237590e-05 1.134734501699074098e-05 1.339691830139602327e-05
1.000000000000000021e-08 1.762978488326196217e-03 1.618745805074330111e-03 1.194876628195990333e-03 1.013348364518417690e-03 8.863198275381751340e-04 4.557431168164470525e-02 3.711206694756035568e-02 2.909123609620922410e-02 6.284379190592453751e-05 2.435755371864050300e-05 2.882976246609283109e-05 2.044397591113449085e-05 1.000000000000000021e-08 1.000000000000000021e-08 1.000000000000000021e-08 1.000000000000000021e-08 5.357586314193979303e-05 2.441712007061199244e-03 1.378849067071778549e-05 1.133033032182135678e-05 2.266000107342144940e-03 2.363355552517329775e-03 2.750014050223256821e-03 1.023471182244702402e-04 1.599733812039890035e-05 1.319807927766874607e-05 1.000000000000000021e-08 1.562458325926579706e-05 1.000000000000000021e-08 1.377669825699639385e-05 2.088279489372744734e-05 1.000000000000000021e-08 1.000000000000000021e-08 1.000000000000000021e-08 1.000000000000000021e-08 1.000000000000000021e-08
7.039073559838353810e-05 1.994201910041215262e-03 2.974154292387300690e-03 2.524213382291977999e-03 2.024382620947977416e-03 1.206064390556386805e-02 5.122563579136638068e-02 4.616042764455080549e-02 1.398260829708019269e-04 3.967621826193670640e-05 1.000000000000000021e-08 1.828797025936129499e-05 1.615386202628290788e-05 1.000000000000000021e-08 1.000000000000000021e-08 5.190349276715058472e-05 1.000000000000000021e-08 1.000000000000000021e-08 1.461225476867909605e-04 9.995064700966073607e-05 2.493445865365160989e-03 2.162383138307385436e-03 2.279852440074721636e-03 5.374478659239322010e-04 1.041676450372208927e-05 1.444837310996203227e-05 1.537511105855348824e-05 1.960353833825441520e-05 1.000000000000000021e-08 1.000000000000000021e-08 1.000000000000000021e-08 1.000000000000000021e-08 1.000000000000000021e-08 1.000000000000000021e-08 6.709717047315437617e-05 1.000000000000000021e-08 4.155109479732633620e-05
1.000000000000000021e-08 9.092663691657585279e-05 8.518762984820293493e-04 2.709961968287745004e-03 5.164289350608705989e-03 1.027246784794781827e-02 3.119879171755926203e-03 1.000000000000000021e-08 6.093245015749795980e-05 4.139750485926378004e-05 3.154308549537378719e-05 1.000000000000000021e-08 2.025977499177491402e-05 2.367441078252237069e-04 4.324477750794007008e-04 5.672529191748541463e-04 5.903362509335710351e-05 1.663713976149965479e-04 2.575726612732377936e-04 2.743555808041231968e-03 1.038665034834882622e-02 2.671431501866737990e-03 1.761310589665921595e-04 6.761381152830059165e-05 1.000000000000000021e-08 1.005213063823203476e-05 1.000000000000000021e-08 1.000000000000000021e-08 1.000000000000000021e-08 1.000000000000000021e-08 1.000000000000000021e-08 1.000000000000000021e-08 1.000000000000000021e-08 1.000000000000000021e-08 8.501318337901118873e-05 7.215274181144473264e-05 1.000000000000000021e-08
6.244489199473604992e-05 5.555967039163523153e-05 5.346170491576614833e-04 8.535444439943125870e-05 2.081268043115899139e-03 9.279956682676627697e-03 1.741529486277256216e-03 2.374493777795495553e-05 2.949170205419884955e-05 3.234531925434580872e-05 2.813060596739937330e-05 1.000000000000000021e-08 1.086634438145483848e-04 2.163320550792184908e-04 1.657523564902969122e-04 1.744848323790372838e-04 2.065894326143943101e-04 8.040884654172000085e-04 1.451317624597490952e-04 2.402271827200557223e-04 5.903307615582209121e-04 3.660951625788681578e-04 1.773276313479263768e-04 1.692973846967410446e-04 2.033345005277180969e-04 1.000000000000000021e-08 1.338425999887292491e-05 1.000000000000000021e-08 1.000000000000000021e-08 1.000000000000000021e-08 1.000000000000000021e-08 3.755550950757622773e-05 1.000000000000000021e-08 4.883764836435705602e-05 7.418500382321387620e-05 1.000000000000000021e-08 1.000000000000000021e-08
7.170392274801744173e-05 1.099381591231078171e-03 8.527422987979253960e-04 6.109628382493538230e-05 2.387064830530786011e-03 7.381775673189770563e-03 2.318940796126059845e-03 1.000000000000000021e-08 1.000000000000000021e-08 1.000000000000000021e-08 3.352602413951871632e-05 6.442199044355921133e-05 6.357163563621479713e-05 2.107177749855218237e-04 6.968750562755871480e-05 1.812839547854840929e-04 1.132683636304425163e-03 1.044998714617500048e-03 9.780263662271471907e-05 1.584415023917923077e-04 4.401634835630420192e-04 1.889090657838827256e-04 1.354100024544232540e-04 1.000000000000000021e-08 2.589547325973921344e-04 4.048789611339261046e-05 1.000000000000000021e-08 1.104620794506056409e-04 1.000000000000000021e-08 3.681232760857706585e-05 4.600631959007901674e-05 3.824479436476117307e-05 4.898961949161994325e-05 2.852459859523462189e-05 1.170983881741013821e-05 1.000000000000000021e-08 1.000000000000000021e-08
2.172787683955132221e-05 3.624055563558557509e-05 3.037980752061930872e-04 1.463375398726746805e-05 1.325686459976026417e-03 6.557230331793659217e-03 3.572765474312379185e-03 1.000000000000000021e-08 1.000000000000000021e-08 1.286044785477139787e-04 3.698321037522957417e-05 9.383147350006686334e-05 1.000000000000000021e-08 5.633599550685625232e-05 7.720793391159863010e-05 2.591648626809270068e-04 9.924919607720093361e-04 6.217301597341099708e-04 3.423770500311510887e-04 2.659422810077228649e-04 3.250046302985532530e-04 4.764227656024694828e-05 2.357421122953447560e-05 1.251024729728024258e-05 1.000000000000000021e-08 3.458344066980508701e-05 1.000000000000000021e-08 1.645817871656849449e-04 1.580899242268981491e-04 6.114045591955436193e-05 3.626572224622791828e-05 1.573370189583987087e-05 3.800586840306354911e-05 1.000000000000000021e-08 1.000000000000000021e-08 1.000000000000000021e-08 1.000000000000000021e-08
3.545985218588016915e-04 3.333973617550176852e-04 1.000000000000000021e-08 2.525177728563556088e-05 4.256155404936328790e-05 5.973791512773041039e-03 2.029860958232708457e-02 2.824508237624773904e-02 1.541777747256363972e-04 2.861781091971114869e-05 2.819985716141768626e-05 2.068707144445087041e-05 7.193086424007770691e-05 6.561736057088760619e-05 6.649553819007301210e-05 2.141791543129606813e-04 1.212218449190790833e-03 1.298018487933197819e-04 9.023081385738138495e-05 1.000000000000000021e-08 5.076818008009541331e-05 5.130663733387087945e-05 1.000000000000000021e-08 1.000000000000000021e-08 2.721991451840294246e-05 6.938092537887498464e-05 9.149500527188025357e-05 1.463626492754895795e-04 7.606378262174932816e-05 4.855694783020672361e-05 3.293185328632981167e-05 1.000000000000000021e-08 2.351104998176867204e-05 8.140493828626230730e-05 3.761450731295294751e-05 1.000000000000000021e-08 1.000000000000000021e-08
1.771750902580359460e-04 3.932086695249929894e-04 1.000000000000000021e-08 1.000000000000000021e-08 1.251264752977060131e-04 1.007574689533739147e-03 4.565377969990018665e-03 5.197056100339537271e-03 7.081271680420584769e-05 1.000000000000000021e-08 1.423772493058577800e-05 2.082757677654219246e-05 6.448902403472884994e-05 3.076035741623550732e-05 3.958988120562395634e-05 5.848135363549587101e-05 1.429953242036536079e-03 6.340515545011276362e-05 1.215827247024034433e-05 1.534770658737980015e-05 1.000000000000000021e-08 3.777728335918012861e-05 7.069937045591984169e-05 5.259697371923035040e-05 2.078302959398661126e-05 1.000000000000000021e-08 2.448760916279825364e-04 1.065430794721825914e-04 7.169534607470541619e-05 2.507542210640706457e-05 1.707443889559864616e-05 1.000000000000000021e-08 1.000000000000000021e-08 1.000000000000000021e-08 2.529632559003141331e-05 1.000000000000000021e-08 1.000000000000000021e-08
6.578044021450072689e-05 8.360342556794549964e-05 1.290640302186518229e-04 1.515038285758686046e-04 2.568407631509537136e-04 3.163944147086275799e-04 1.057081921457802068e-03 4.127996358907710939e-03 8.702821396954864340e-05 1.146605401144036517e-05 1.342151911230066200e-05 1.642391082736709306e-05 2.563882408411530297e-05 2.926780818111858492e-05 2.872242529982739961e-05 2.812960887664621627e-05 9.660442296253004320e-04 1.000000000000000021e-08 1.000000000000000021e-08 1.431990995315448769e-05 1.000000000000000021e-08 3.756940175889045063e-05 1.000000000000000021e-08 5.905264891756959800e-05 1.705384252720101181e-05 4.462053162193237849e-05 1.813813667860286500e-04 7.048443490296822341e-05 6.409087205131113157e-05 1.000000000000000021e-08 1.000000000000000021e-08 1.000000000000000021e-08 1.000000000000000021e-08 1.000000000000000021e-08 1.000000000000000021e-08 8.429110892784875237e-05 1.000000000000000021e-08
2.901673174952344711e-05 6.176284560145514537e-05 9.842243290167761323e-05 1.496583302385010917e-04 3.371672546880266153e-04 2.421265636002795975e-04 1.131379189783873578e-03 3.891295046533449313e-03 5.677015440873874400e-03 1.000000000000000021e-08 1.000000000000000021e-08 8.152228506901273042e-05 2.317004549185348568e-05 1.451436997299107114e-05 1.517605796490149784e-05 1.000000000000000021e-08 1.006225210372484484e-04 1.000000000000000021e-08 1.343255926720925408e-05 1.107006399316256621e-05 1.000000000000000021e-08 3.883439018486349202e-05 2.789754345611522042e-05 3.460050258370500745e-05 1.240197966521255640e-05 3.979714850287777904e-05 1.139685597331835805e-04 6.290804574919272500e-05 5.597223617451448714e-05 1.000000000000000021e-08 1.000000000000000021e-08 1.000000000000000021e-08 1.000000000000000021e-08 1.000000000000000021e-08 1.000000000000000021e-08 9.500081008771400987e-05 1.000000000000000021e-08
2.287401598843413980e-05 1.000000000000000021e-08 4.203701188907726493e-05 7.090725157693487967e-05 4.095736734993046563e-04 1.966296061488168045e-03 2.690972960384085434e-03 3.320790683153417629e-03 6.014310361219183179e-04 7.386674091399848385e-04 3.202316452975126809e-05 1.000000000000000021e-08 1.391838155285147607e-05 1.000000000000000021e-08 1.553272316435259199e-05 6.502845185491779587e-05 1.136242266018466839e-04 2.100085723585973110e-04 1.000000000000000021e-08 1.000000000000000021e-08 3.781825697696356253e-05 2.743668678075829708e-05 2.738119160524129728e-05 1.436869276896159689e-05 1.000000000000000021e-08 3.375351907579733277e-05 5.971877085134050229e-05 6.026332189883177698e-05 2.933800667528061091e-05 1.147331411334372064e-05 1.000000000000000021e-08 1.000000000000000021e-08 1.000000000000000021e-08 3.342998342671424350e-05 6.179273319394847368e-05 6.562031914920449910e-05 5.759329571635421794e-05
1.701434536783325322e-05 1.000000000000000021e-08 1.000000000000000021e-08 1.000000000000000021e-08 3.746115337372193932e-03 3.144339546836979245e-03 3.504539588019218478e-03 9.171867362819060600e-04 2.775285737270810106e-04 7.498618097126563220e-05 3.426310973189988405e-05 8.499395502275874188e-05 7.666208974573798709e-05 6.227288838759696937e-05 9.810623248962393268e-05 1.020445901627507279e-04 7.551486452759515692e-04 2.530590685072348013e-04 7.229825304121153770e-05 6.575731822032591814e-05 2.313797955113829787e-05 1.748572793118968364e-05 1.240163963214543531e-05 1.000000000000000021e-08 1.000000000000000021e-08 2.243260611436677385e-05 3.162639385005070218e-05 3.299327028017684131e-05 1.738706901453021677e-05 1.000000000000000021e-08 1.000000000000000021e-08 1.000000000000000021e-08 1.000000000000000021e-08 3.450759325330382283e-05 6.659970479190909637e-05 3.458739083567416043e-05 1.000000000000000021e-08
1.000000000000000021e-08 1.000000000000000021e-08 1.000000000000000021e-08 1.000000000000000021e-08 3.290689569988458250e-05 1.234259886821128215e-02 1.522198836035613782e-02 8.488788203910881385e-04 1.000000000000000021e-08 5.864833809529165667e-05 1.710862220847358635e-05 2.661877923860567034e-05 1.000000000000000021e-08 5.290420808629948019e-05 6.121179661523676850e-05 5.104003760346455119e-05 3.421034362428408563e-04 2.202706452548134242e-04 2.963394749261034997e-04 1.618134569701216725e-05 1.000000000000000021e-08 1.000000000000000021e-08 1.000000000000000021e-08 1.000000000000000021e-08 1.000000000000000021e-08 1.638221152856531056e-05 1.000000000000000021e-08 1.193414135230239403e-05 1.000000000000000021e-08 1.000000000000000021e-08 1.000000000000000021e-08 1.000000000000000021e-08 1.000000000000000021e-08 4.835596854385304342e-05 2.911333195868866372e-05 1.430444729289349337e-05 1.000000000000000021e-08
1.000000000000000021e-08 1.000000000000000021e-08 1.000000000000000021e-08 1.000000000000000021e-08 1.000000000000000021e-08 1.485157312094473716e-04 3.490244173499308222e-03 9.350720120636802496e-04 2.107783807078334904e-05 1.877554602725272525e-05 2.886650752698497827e-05 1.791263991843669164e-05 8.789236011810707869e-05 8.430432392591076420e-05 1.000000000000000021e-08 1.000000000000000021e-08 1.000000000000000021e-08 1.369935031016800817e-05 1.000000000000000021e-08 1.000000000000000021e-08 1.255223725550780236e-04 1.460006411641896643e-04 2.557037741263857710e-05 3.064583817087802918e-05 3.055728168307414948e-05 1.000000000000000021e-08 1.000000000000000021e-08 1.000000000000000021e-08 1.000000000000000021e-08 1.000000000000000021e-08 1.000000000000000021e-08 1.000000000000000021e-08 1.000000000000000021e-08 3.051364575793244884e-05 2.237929359338900086e-05 1.612226327900488916e-05 1.000000000000000021e-08
