output/water_depth_600.asc
ncols 223
nrows 158
xllcorner 0.0
yllcorner 0.0
cellsize 30.0
[rows 68 to 84 of 158, columns 37 to 73 of 223]
3.870388299732454348e-03 6.360443442493789352e-03 8.408771016396286019e-03 9.158927722304300439e-03 9.264660450147432433e-03 9.497516179211316911e-03 9.645703164945671967e-03 8.752708070127056608e-03 8.270433628089024145e-03 9.146437799821370909e-03 9.637554754529931156e-03 8.624314087804608314e-03 8.620285420177908192e-03 8.966360586813180988e-03 9.182858396373859422e-03 9.283961264221516491e-03 8.470702956977703771e-03 8.594132517404007646e-03 8.964919027979276894e-03 8.911812582876819586e-03 9.115590839549922442e-03 7.528637462595300089e-03 8.059753026858318750e-03 2.014343921409967458e-02 1.377115842477514077e-02 1.026116295653467297e-03 3.904345914693046170e-03 4.655803226108263214e-03 3.409119500604625846e-03 2.486417046543459505e-03 3.368530909912405627e-03 5.279393625553916239e-03 3.192927795878203537e-03 2.437014273700869628e-03 3.328943892319573706e-03 2.471214069010451656e-03 2.420831334116607669e-03
2.357540633469254465e-03 4.173139004017709965e-03 6.319958022898874289e-03 7.413097527781730214e-03 7.551834551062285537e-03 8.195111464313896074e-03 8.600262523608338122e-03 6.371037970777862144e-03 5.712809412204010624e-03 8.476341560648083598e-03 9.158352043080898036e-03 6.169004780052881297e-03 6.501599003634992748e-03 7.001845388216253012e-03 7.354662697465330808e-03 7.707308677845405194e-03 5.716452732259876338e-03 6.167265080842027417e-03 6.939210292992731115e-03 6.610789526581421424e-03 6.769468393197755444e-03 3.489745517557396072e-03 5.666684102501250500e-03 7.544376349536407837e-03 1.108917769325906688e-02 1.241215737620390142e-02 1.981146264270830515e-03 2.268135301992839706e-03 4.575318205378978674e-03 5.728552161771998177e-03 4.754147903436663387e-03 2.809560750723938752e-03 1.058767443859646648e-02 1.952719661258574615e-02 2.322050377909684604e-02 1.659342744539407666e-02 8.926299443048036145e-03
2.754603429551571829e-03 1.673531518474494911e-03 3.427393334610217505e-03 3.625470756514844253e-03 4.076673871280260021e-03 5.456195240915588315e-03 5.865396769053646438e-03 1.080024053710762141e-02 1.345881208406406529e-02 9.535283620576893993e-03 8.300307065868340120e-03 9.567029247133183173e-03 3.984862590308268886e-03 3.909497663806730562e-03 3.973913685488847033e-03 4.353740039047393831e-03 8.407940234663301843e-03 4.098196566254565069e-03 4.016594306851089743e-03 2.661733287303286524e-03 3.681644276271412407e-03 1.014850651659278576e-02 4.333469620845364217e-03 6.244340209759396618e-03 1.654787497096884283e-03 2.106216703727247213e-03 4.206661085066736201e-03 5.425285285941261297e-03 7.430770795811923908e-03 1.325663955992598120e-02 9.639662565617556494e-03 1.898152571169114608e-02 1.829967181241934360e-02 1.239805651533382180e-02 1.048814365852516160e-02 1.199999284291010382e-02 1.525460727997874147e-02
1.000000100000000021e-05 3.736170643028833768e-03 1.594776696469509458e-03 3.032935089748914088e-03 3.650301823785246508e-03 2.563243148465699575e-03 2.437412831199142847e-03 3.833436721424871626e-03 4.938782500623790754e-03 4.441770721965236125e-03 5.001470786271567867e-03 1.194117899943259939e-02 1.434791410714482754e-02 7.189339720433470145e-03 4.663719121200237544e-03 8.982153470150324587e-03 1.482704170311172250e-02 2.042520068501228400e-02 8.995975319003746834e-03 6.683257691853326105e-03 4.838285384377898762e-03 1.059598641005576360e-02 1.832178626251402750e-02 3.945708974235867354e-03 4.665899507659665435e-03 5.292050432748267308e-03 7.045525606489156170e-03 8.331022064643122879e-03 9.181779731019133403e-03 1.226494112993714060e-02 1.702290414498048091e-02 1.248628788947237986e-02 1.048846948036364843e-02 9.915970925734228503e-03 9.862884379011602198e-03 1.482699274831608682e-02 1.355344119694163602e-02
4.105900474535884546e-03 9.476797142209059110e-03 7.019436058073408487e-03 6.608267377585652115e-03 7.285014905968212155e-03 6.802490364173200722e-03 6.244969163537872868e-03 8.607266876641588016e-03 1.407571757042621816e-02 7.091639661046875501e-03 1.264609930029064397e-02 7.684658097371521897e-03 1.472341251949730451e-02 2.228895368937949817e-02 2.444600430688888271e-02 1.927864237826621210e-02 1.215219499484513320e-02 9.668049374553022018e-03 1.960131469034743709e-02 1.214775963274726533e-02 8.943902470794937859e-03 3.797144986977885397e-03 8.405504181663945446e-03 7.620453345801735459e-03 7.821105424985519070e-03 8.376748279109535664e-03 2.204951868082710709e-02 2.641265226860335311e-02 2.765532985816528816e-02 2.032564483322190502e-02 1.861447580490199066e-02 1.197287464295507774e-02 9.888135897138935343e-03 9.362193944192343659e-03 9.505933500744077544e-03 9.646146245935169339e-03 1.476797864660689408e-02
4.182987916999806807e-03 4.499567898113438977e-03 7.569379163063360769e-03 8.690440875428549761e-03 9.122474818590062262e-03 8.995036501376972582e-03 8.817257470976556585e-03 1.097110177588927517e-02 1.060571234168813243e-02 2.028507522294015208e-02 9.997857279989417686e-03 1.423821064647571438e-02 1.108859136723688681e-02 1.003925359066991721e-02 9.759994421195669623e-03 9.508625840074756003e-03 8.503833346670519253e-03 7.127414301734035645e-03 6.483071664145911850e-03 1.865555962288775044e-02 2.190351321292627329e-02 1.145719564431922806e-02 6.545330440151157954e-03 2.160161960576581844e-02 2.378464633178149074e-02 2.570571135232378734e-02 1.421685386524908050e-02 1.049974552000415388e-02 9.726010988045829392e-03 9.439703631354434687e-03 9.059595480842775467e-03 8.304468988838863835e-03 7.789133443051043069e-03 7.578559388215154805e-03 8.191089284385754885e-03 8.596260339830704908e-03 8.775534571790132368e-03
5.027470054716804901e-03 1.622652604520995190e-02 2.387998581019340483e-02 2.700337270656157779e-02 2.778098930042099957e-02 2.742863046626874135e-02 2.712178895975151174e-02 1.934797155136766533e-02 1.161440140252446504e-02 9.642148147789641327e-03 1.356930804156378755e-02 1.030544868902646266e-02 9.178159308370169647e-03 8.829766045013030806e-03 8.762492043964386149e-03 8.246927352987341864e-03 5.784173384759077989e-03 3.005784015376301854e-03 2.376718272888146861e-03 3.299021237420654389e-03 2.476460212211004618e-03 1.161193157455753071e-02 2.007100138819944632e-02 1.596600304107256146e-02 4.279863808267136450e-03 6.326953800764496989e-03 7.991050733636761993e-03 8.019974222472497916e-03 8.309385577043514395e-03 7.990283440297873616e-03 6.988370598022384909e-03 5.287170605030067604e-03 4.475015070789225766e-03 4.161621877445473815e-03 5.486500189460857650e-03 5.767837334028007128e-03 6.008567976670199824e-03
1.226070056805663409e-02 6.061325662860272967e-03 8.600623077321446069e-03 9.576615364524998855e-03 9.851814496081289299e-03 8.675790699938745049e-03 7.881151128761787125e-03 6.917133869895708206e-03 6.439532820362304545e-03 6.926210266313803827e-03 6.668477776632712045e-03 6.332384246978218188e-03 6.117080980261960579e-03 6.063250974843273876e-03 5.935543417591006635e-03 5.084282835039016096e-03 7.765741727638491611e-03 6.897303911935147649e-03 6.174598652140824741e-03 4.646362509134703382e-03 5.631784798963314700e-03 5.476605432251549499e-03 7.403037601940395430e-03 4.224198339308794792e-03 2.179623478854348425e-03 3.061293788835393360e-03 4.891171873313206186e-03 4.422635032015170310e-03 5.584378578504522149e-03 4.672078865252589711e-03 2.790060316339415623e-03 5.997902010401340647e-03 4.761343899155208968e-03 4.248496328826855545e-03 2.666722580724694303e-03 2.388617741311895113e-03 2.074430689149874257e-03
4.084417085892968861e-03 7.486815792391368629e-03 9.253606189152864536e-03 9.794088672545999200e-03 9.900417370166480699e-03 6.352308349663234217e-03 4.736256006041084619e-03 2.749981086835556407e-03 2.326232346225928695e-03 3.288451567690819661e-03 2.475437852843188468e-03 2.353396758295849510e-03 2.212041400600877651e-03 2.287602515551870417e-03 2.279864541902585674e-03 5.712074879280219092e-03 8.489963446013826243e-03 1.367682244624046292e-02 1.036206126294340023e-02 8.761526744020137550e-03 8.426502794130584853e-03 1.249782912375404717e-02 5.359451767660386098e-03 4.092226695427821255e-03 2.169851006163211419e-03 3.283686013416409980e-03 2.199284187988625235e-03 3.419822377525759665e-03 2.488438009639260245e-03 3.415500226524583946e-03 5.298809014453119935e-03 4.850306979767309359e-03 6.754608107197357381e-03 7.321468955918619681e-03 6.805871530226369551e-03 6.359775032280415123e-03 6.257265589041284201e-03
4.084067833330451772e-03 7.546430739360886555e-03 9.255314928517263673e-03 9.791693056953165025e-03 9.899879988855475252e-03 1.033116186129690202e-02 5.915346512939298820e-03 5.939943276668860177e-03 5.866764406057889576e-03 4.812703659001992505e-03 5.623200377057528503e-03 5.799423120048090123e-03 6.004184393234557847e-03 6.052961297025232466e-03 6.146007168548649202e-03 5.139079080506672031e-03 9.372264847513212330e-03 1.182582049100255536e-02 1.068396014473685721e-02 9.740675332462644942e-03 9.594004020649235520e-03 1.087022300010497336e-02 1.669286020709841514e-02 2.734202788171134508e-03 4.558850839560993351e-03 6.343341342229478867e-03 6.577309216057558063e-03 7.015296666334991382e-03 6.701458708024376522e-03 7.035444907736320211e-03 8.038326006438665725e-03 8.053092026451423927e-03 8.707915211046865847e-03 9.096501287816437242e-03 8.984264104522961952e-03 8.864865960398248326e-03 1.314487594740802734e-02
4.175889420952098169e-03 7.655525583989885793e-03 9.255538182909306411e-03 9.767996092553887441e-03 9.892371576855596774e-03 1.469407394397004643e-02 2.181174755854365863e-02 1.252645685547898284e-02 9.627680236766111496e-03 2.124410656400280845e-02 2.432854419833668444e-02 2.570512088335229206e-02 1.939936988438776405e-02 2.375081065104817091e-02 2.507561019468405872e-02 2.450614122593245195e-02 1.801408943718920547e-02 1.698376235652396607e-02 2.432592421631264365e-02 1.415565238370030017e-02 1.087777084643087692e-02 1.037442950758625526e-02 2.119773776209163407e-02 2.522121399674899511e-03 5.572404754392855895e-03 8.063806846651942750e-03 8.766155315637232798e-03 9.064152024105650435e-03 8.966523074590015269e-03 9.089204685854865989e-03 9.448674530116052406e-03 9.440508827750394502e-03 9.619155924823217033e-03 9.747992211699540305e-03 9.732947999903927491e-03 9.707015003944918438e-03 6.761299630233112354e-03
4.315695914168326576e-03 7.959936209348169797e-03 9.187518409120028207e-03 9.636762189196387829e-03 9.835352912735772710e-03 9.901916973134149841e-03 9.913210823864147467e-03 2.252008472645096113e-02 2.659605349957340145e-02 1.601561143837310075e-02 9.071068160513761844e-03 8.239099051510068508e-03 1.349962260651878590e-02 9.153646463922570156e-03 7.211910835152167236e-03 6.494932581275435907e-03 5.434468091992014291e-03 8.125415240768719613e-03 8.993677162046452914e-03 2.233350034005846668e-02 1.392087058905738806e-02 1.095106760233969037e-02 1.370250934399658109e-02 8.192381064903686907e-03 8.284282596044733119e-03 9.290247699694675204e-03 1.405786227606680566e-02 6.743211467217428631e-03 8.689309774521036811e-03 9.472781432426502154e-03 9.785066182515522043e-03 9.825115401630257414e-03 9.867646896721935304e-03 9.893850449437678954e-03 9.891741753684558242e-03 9.888807026467050232e-03 8.851066699602172516e-03
7.032077532562353017e-03 8.627326853396453596e-03 8.827794423299138715e-03 9.161155292743869763e-03 9.621362730680203465e-03 9.843564840169649957e-03 9.904493105690137522e-03 9.905682803431346481e-03 9.910274215902546008e-03 1.407007545132856613e-02 3.151171828018356491e-03 5.153153185286585281e-03 3.141340705738442356e-03 3.585149003504900945e-03 2.525524064675257249e-03 2.284706104153001391e-03 8.374430698535606510e-03 7.781379804995169208e-03 7.532220559204444096e-03 8.203035067830143426e-03 1.931558617701150879e-02 2.212206853299535439e-02 1.457626316690360281e-02 1.043461678194356097e-02 9.667227731946271413e-03 9.803088920701637926e-03 1.584205113903222606e-02 6.057702423258078638e-03 8.320879926608114666e-03 9.442319257717402339e-03 9.820326834718373296e-03 9.893829780079186828e-03 9.909164139875003760e-03 9.912846464825207302e-03 9.912563492920101541e-03 9.912409201691419272e-03 9.623532779035971763e-03
4.044811895284918836e-03 7.513550335837436769e-03 7.136980572906883626e-03 8.307106911919192802e-03 9.193873360376102200e-03 9.700490410008141134e-03 9.862582430408594128e-03 9.847989964722303480e-03 9.873349282164356130e-03 9.886442880573241554e-03 5.753279656303537590e-03 2.896784697016784905e-03 4.850218024058977791e-03 4.394904275036378045e-03 5.557813711337541811e-03 5.803678028678435109e-03 3.373155854832980520e-03 3.669054030548843989e-03 3.982037495012595053e-03 5.433124993900540108e-03 3.223901191152313099e-03 2.511308902171934671e-03 1.453260955481087968e-02 1.135568223756629885e-02 1.023555042887304076e-02 9.971363845882963081e-03 1.169098231651654121e-02 9.054780138406869419e-03 9.249642342214004290e-03 9.705305880591850315e-03 9.877264914515338640e-03 9.909944245494928597e-03 9.913826497116617550e-03 9.914135789252697187e-03 9.914110633083993498e-03 9.914110453822587432e-03 9.856716601310410927e-03
4.044274779728265073e-03 7.512006179089014343e-03 1.936676732964470043e-02 7.651093979440120457e-03 9.080548775576546480e-03 9.513994359834698072e-03 9.715263637129765636e-03 9.558397432859720017e-03 9.662522696211026108e-03 9.702107950337024098e-03 1.947259205638468549e-02 2.235694136582745337e-02 2.476198698489818356e-02 2.522641683433218471e-02 2.580450143844566918e-02 1.358802137513842427e-02 8.322447062053022621e-03 5.328537414370849642e-03 4.337936438765154119e-03 2.676564241040078722e-03 8.961978367381436689e-03 1.683442379893606081e-02 1.787363120213185386e-02 2.510615188524164404e-02 2.740255755846513278e-02 1.486916401175543065e-02 1.146068373994560755e-02 9.913845391596199166e-03 9.762493218234821399e-03 9.865576446676214278e-03 9.907499256527018544e-03 9.913749567598216170e-03 9.914161867194281122e-03 9.914162583967055936e-03 9.914162558319304652e-03 9.914162558319304652e-03 9.906385304960650673e-03
4.038476814483753924e-03 7.493059723159178204e-03 9.228088776156736714e-03 9.768524017393731204e-03 9.519599102016884640e-03 9.075322565998732507e-03 9.103508796973558068e-03 8.508804816695858531e-03 8.912038379761297660e-03 8.909316557522773197e-03 8.839196713355278179e-03 9.046637424338343711e-03 8.961859727818164215e-03 9.325496801223862389e-03 9.127632192970424468e-03 1.934609964848995473e-02 2.144167717326129693e-02 1.201017741580793358e-02 8.627341383847608389e-03 7.044831023116360051e-03 1.024921176223244669e-02 7.106519768702987058e-03 8.598448687765571780e-03 9.222961617918854979e-03 9.683059550146509015e-03 2.286529985134032328e-02 2.649629756882270967e-02 2.738688433031122998e-02 2.074907902079964686e-02 1.285108302220899779e-02 1.055332113786201439e-02 1.001890133168993439e-02 9.926060477786024724e-03 9.914987359692106067e-03 9.914188610522187486e-03 9.914162635171606952e-03 9.913529619037518212e-03
4.002470717545932553e-03 7.361174503542799313e-03 9.049296859333057913e-03 9.578539043044228402e-03 8.457132993256465808e-03 7.084264026101238197e-03 7.099989440879228217e-03 5.706521995305950494e-03 7.324704749347377142e-03 6.816175015077107803e-03 6.370051584629919834e-03 6.920692409615670365e-03 6.676985417956103619e-03 7.744525349183760399e-03 7.098951216479263381e-03 3.795564792698525713e-03 2.393837001176527847e-03 1.171332876233317430e-02 1.023287541114180528e-02 1.579023992054716732e-02 1.606134530887655051e-02 1.456168530790648112e-02 8.813341609796708498e-03 8.234804981778807639e-03 9.040284896885649943e-03 9.305892162168248952e-03 8.328206971812987178e-03 8.406064831554914754e-03 1.464909449955920442e-02 2.102623287138025501e-02 1.344611226025656942e-02 1.080157486588498653e-02 1.007565377434141950e-02 1.435927806656444976e-02 6.889619458625541662e-03 8.870473035434344941e-03 9.624814026150063651e-03
