output/water_depth_9720.asc
ncols 223
nrows 158
xllcorner 0.0
yllcorner 0.0
cellsize 30.0
[rows 85 to 101 of 158, columns 185 to 221 of 223]
1.644746823343075430e-05 1.374800733162345345e-05 1.000000000000000021e-08 1.000000000000000021e-08 1.000000000000000021e-08 1.000000000000000021e-08 3.187292257975453381e-04 1.046979850305424925e-01 1.032168952427878206e-01 1.044756456175724296e-01 1.769565437485072111e-03 9.167411748355335259e-04 1.000000000000000021e-08 1.000000000000000021e-08 1.000000000000000021e-08 1.000000000000000021e-08 1.000000000000000021e-08 1.000000000000000021e-08 1.000000000000000021e-08 1.000000000000000021e-08 1.000000000000000021e-08 1.717838309092907656e-05 1.632897769259956871e-05 1.579112213771164536e-05 1.693548741043507483e-05 1.903894915359130084e-05 1.772526807505251674e-05 1.837733692856081662e-05 1.000000000000000021e-08 1.000000000000000021e-08 1.000000100000000021e-05 1.000000100000000021e-05 1.000000100000000021e-05 1.000000100000000021e-05 1.000000100000000021e-05 1.000000100000000021e-05 1.000000100000000021e-05
1.300531077669767387e-05 1.663632500408869275e-05 1.000000000000000021e-08 1.000000000000000021e-08 1.000000000000000021e-08 1.000000000000000021e-08 4.073696568472638180e-05 8.139355494264606528e-02 8.085656690802077440e-02 3.624730964483156262e-04 3.953416952611489544e-04 1.453269184726193686e-04 2.280021733827555235e-05 1.222552265434374831e-05 1.000000000000000021e-08 1.000000000000000021e-08 1.000000000000000021e-08 1.000000000000000021e-08 1.122614855336399401e-05 1.000000000000000021e-08 1.000000000000000021e-08 1.000000000000000021e-08 1.000000000000000021e-08 1.000000000000000021e-08 1.000000000000000021e-08 1.000000000000000021e-08 1.000000000000000021e-08 1.000000000000000021e-08 1.000000000000000021e-08 1.000000000000000021e-08 1.000000000000000021e-08 1.000000100000000021e-05 1.000000100000000021e-05 1.000000100000000021e-05 1.000000100000000021e-05 1.000000100000000021e-05 1.000000100000000021e-05
1.164912296122118461e-05 1.000000000000000021e-08 1.000000000000000021e-08 1.000000000000000021e-08 1.000000000000000021e-08 1.000000000000000021e-08 1.000000000000000021e-08 2.739651161867800305e-02 2.712418281899876479e-02 1.000000000000000021e-08 1.000000000000000021e-08 1.000000000000000021e-08 1.000000000000000021e-08 1.000000000000000021e-08 1.000000000000000021e-08 1.000000000000000021e-08 2.136864413999472667e-05 1.000000000000000021e-08 1.000000000000000021e-08 1.000000000000000021e-08 1.110098152285180914e-05 1.000000000000000021e-08 1.000000000000000021e-08 1.000000000000000021e-08 1.000000000000000021e-08 1.000000000000000021e-08 1.000000000000000021e-08 1.000000000000000021e-08 1.000000000000000021e-08 1.000000000000000021e-08 1.000000000000000021e-08 1.000000100000000021e-05 1.000000100000000021e-05 1.000000100000000021e-05 1.000000100000000021e-05 1.000000100000000021e-05 1.000000100000000021e-05
1.560212754943379434e-05 1.358096121654108210e-05 1.179195734853012467e-05 1.030294031902495814e-05 1.000000000000000021e-08 1.000000000000000021e-08 3.447482876214872012e-05 3.870651038438840952e-02 1.989098621854918161e-02 1.000000000000000021e-08 1.000000000000000021e-08 1.000000000000000021e-08 1.000000000000000021e-08 1.000000000000000021e-08 1.000000000000000021e-08 1.545105353491453136e-04 1.968947553662260975e-03 2.509137925181510344e-05 1.000000000000000021e-08 1.000000000000000021e-08 3.217898865361092586e-05 2.768542856176840609e-05 2.217339895541473770e-05 1.135819886285396109e-05 1.000000000000000021e-08 1.000000000000000021e-08 1.000000000000000021e-08 1.000000000000000021e-08 1.000000000000000021e-08 1.000000000000000021e-08 1.000000000000000021e-08 1.000000100000000021e-05 1.000000100000000021e-05 1.000000100000000021e-05 1.000000100000000021e-05 1.000000100000000021e-05 1.000000100000000021e-05
4.304774880317423431e-05 5.821413371946203248e-05 4.373208881662963622e-05 3.515486540000718470e-05 2.794897650399479910e-05 2.911277057703553521e-05 3.670462542695959068e-05 3.598359500865750543e-02 2.452069745114572250e-02 3.612064520282023418e-05 1.000000000000000021e-08 1.000000000000000021e-08 1.000000000000000021e-08 5.287317431845380293e-05 8.199451734307639287e-05 1.665259425453277252e-04 1.000000000000000021e-08 1.771467942655379236e-05 2.672476808053017799e-05 2.692305765731296493e-05 3.178811141633299545e-05 2.681432101482241845e-05 2.159888245683627806e-05 2.533445191614043629e-05 2.622330554668347060e-05 2.511064786295603673e-05 2.897212042751717425e-05 2.733334652658490346e-05 1.829745199760483232e-05 1.124090325974856144e-05 1.000000000000000021e-08 1.000000100000000021e-05 1.000000100000000021e-05 1.000000100000000021e-05 1.000000100000000021e-05 1.000000100000000021e-05 1.000000100000000021e-05
2.657697552684819612e-05 2.467042588827138516e-05 4.033121800462925895e-05 6.317009844552314317e-05 6.834794449855089099e-05 6.184537063843881938e-05 1.000000000000000021e-08 4.836175070952795918e-02 5.997198003270199501e-02 4.853042738111551464e-05 1.000000000000000021e-08 1.000000000000000021e-08 1.000000000000000021e-08 1.000000000000000021e-08 8.301993028516799027e-05 7.906754919697144934e-05 1.000000000000000021e-08 1.000000000000000021e-08 1.000000000000000021e-08 1.000000000000000021e-08 1.000000000000000021e-08 1.000000000000000021e-08 1.678952973872145356e-05 1.000000000000000021e-08 1.000000000000000021e-08 1.863618204133169804e-05 1.000000000000000021e-08 1.000000000000000021e-08 1.000000000000000021e-08 1.000000000000000021e-08 1.000000100000000021e-05 1.000000100000000021e-05 1.000000100000000021e-05 1.000000100000000021e-05 1.000000100000000021e-05 1.000000100000000021e-05 1.000000100000000021e-05
1.000000000000000021e-08 1.000000000000000021e-08 2.247513979192461883e-05 1.869469052686239269e-05 5.984930807051944167e-05 6.332939252753691235e-05 2.140358325869585576e-04 1.479584618262684281e-01 2.152119429396396472e-02 1.000000000000000021e-08 1.000000000000000021e-08 1.000000000000000021e-08 1.000000000000000021e-08 1.000000000000000021e-08 1.000000000000000021e-08 6.397518197253748533e-05 1.000000000000000021e-08 1.000000000000000021e-08 1.000000000000000021e-08 1.149878086440243463e-05 1.466191094596592627e-05 1.780032999072649869e-05 1.647226683213221993e-05 1.000000000000000021e-08 1.000000000000000021e-08 1.000000000000000021e-08 1.000000000000000021e-08 1.000000000000000021e-08 1.000000000000000021e-08 1.000000000000000021e-08 1.000000100000000021e-05 1.000000100000000021e-05 1.000000100000000021e-05 1.000000100000000021e-05 1.000000100000000021e-05 1.000000100000000021e-05 1.000000100000000021e-05
1.000000000000000021e-08 1.000000000000000021e-08 1.000000000000000021e-08 1.000000000000000021e-08 1.000000000000000021e-08 3.118196147503788344e-05 3.180794421928364126e-05 1.163410770331910205e-01 4.866939150921344680e-03 1.000000000000000021e-08 1.000000000000000021e-08 1.000000000000000021e-08 1.000000000000000021e-08 1.000000000000000021e-08 1.000000000000000021e-08 1.000000000000000021e-08 1.000000000000000021e-08 1.000000000000000021e-08 1.000000000000000021e-08 2.108073508467881753e-05 2.200436965200030853e-05 1.223690878481055398e-05 1.000000000000000021e-08 1.000000000000000021e-08 1.000000000000000021e-08 1.000000000000000021e-08 1.000000000000000021e-08 1.000000000000000021e-08 1.000000000000000021e-08 1.000000000000000021e-08 1.000000100000000021e-05 1.000000100000000021e-05 1.000000100000000021e-05 1.000000100000000021e-05 1.000000100000000021e-05 1.000000100000000021e-05 1.000000100000000021e-05
1.000000000000000021e-08 1.000000000000000021e-08 1.000000000000000021e-08 1.000000000000000021e-08 1.000000000000000021e-08 1.000000000000000021e-08 1.000000000000000021e-08 3.737796680336961247e-02 9.462871494335578504e-02 2.290993947216767273e-04 1.000000000000000021e-08 1.000000000000000021e-08 1.000000000000000021e-08 1.000000000000000021e-08 1.000000000000000021e-08 1.000000000000000021e-08 1.000000000000000021e-08 1.000000000000000021e-08 1.000000000000000021e-08 1.000000000000000021e-08 1.000000000000000021e-08 1.000000000000000021e-08 1.000000000000000021e-08 1.000000000000000021e-08 1.000000000000000021e-08 1.000000000000000021e-08 1.000000000000000021e-08 1.000000000000000021e-08 1.000000000000000021e-08 1.000000000000000021e-08 1.000000100000000021e-05 1.000000100000000021e-05 1.000000100000000021e-05 1.000000100000000021e-05 1.000000100000000021e-05 1.000000100000000021e-05 1.000000100000000021e-05
1.000000000000000021e-08 1.000000000000000021e-08 1.442651341105864381e-05 1.600354765169640457e-05 1.747488541463294113e-05 2.262934421147515233e-05 2.027655447909226276e-05 6.767370660271640470e-02 4.707260960349276407e-02 2.525838321937062163e-04 1.000000000000000021e-08 1.000000000000000021e-08 1.000000000000000021e-08 1.000000000000000021e-08 1.000000000000000021e-08 1.000000000000000021e-08 1.175247627229645309e-05 1.000000000000000021e-08 1.000000000000000021e-08 1.000000000000000021e-08 1.000000000000000021e-08 1.000000000000000021e-08 1.000000000000000021e-08 1.000000000000000021e-08 1.000000000000000021e-08 1.000000000000000021e-08 1.000000000000000021e-08 1.000000000000000021e-08 1.000000000000000021e-08 1.000000000000000021e-08 1.000000100000000021e-05 1.000000100000000021e-05 1.000000100000000021e-05 1.000000100000000021e-05 1.000000100000000021e-05 1.000000100000000021e-05 1.000000100000000021e-05
3.237954901619886607e-05 4.260049750725191964e-05 3.826357379130297372e-05 4.673944489458087287e-05 5.354523386658639164e-05 5.110929565498793358e-05 3.766381607306019047e-05 1.567746564826862435e-02 4.819172099762253358e-02 6.155859936329363831e-05 1.676280264514122157e-05 1.761874611666861432e-05 1.585291764480475110e-05 1.000000000000000021e-08 1.000000000000000021e-08 1.195862222724907639e-05 1.296034036047443682e-05 1.000000000000000021e-08 1.000000000000000021e-08 1.000000000000000021e-08 1.000000000000000021e-08 1.000000000000000021e-08 1.000000000000000021e-08 1.000000000000000021e-08 1.000000000000000021e-08 1.000000000000000021e-08 1.000000000000000021e-08 1.000000000000000021e-08 1.000000000000000021e-08 1.000000000000000021e-08 1.000000100000000021e-05 1.000000100000000021e-05 1.000000100000000021e-05 1.000000100000000021e-05 1.000000100000000021e-05 1.000000100000000021e-05 1.000000100000000021e-05
1.000000000000000021e-08 1.000000000000000021e-08 3.232298451509823655e-05 4.300758745297373416e-05 6.339577098616787853e-05 6.321260389160958761e-05 7.124848991312321867e-05 2.436203169372403235e-02 4.820498382103804297e-02 5.037756274762991715e-05 1.000000000000000021e-08 1.000000000000000021e-08 1.000000000000000021e-08 3.060823319810832769e-05 2.162375349703134672e-05 2.548804620401118852e-05 1.961802689225465937e-05 1.208225053503820643e-05 1.000000000000000021e-08 1.000000000000000021e-08 1.000000000000000021e-08 1.000000000000000021e-08 1.000000000000000021e-08 1.000000000000000021e-08 1.000000000000000021e-08 1.000000000000000021e-08 1.000000000000000021e-08 1.000000000000000021e-08 1.000000000000000021e-08 1.000000000000000021e-08 1.000000100000000021e-05 1.000000100000000021e-05 1.000000100000000021e-05 1.000000100000000021e-05 1.000000100000000021e-05 1.000000100000000021e-05 1.000000100000000021e-05
1.000000000000000021e-08 1.000000000000000021e-08 1.837643991840810651e-05 6.222197441972192572e-05 7.569868576084714813e-05 7.485655828623157849e-05 1.198305308768386280e-03 5.563731892041594990e-02 4.174805935804481311e-02 1.000000000000000021e-08 1.000000000000000021e-08 1.000000000000000021e-08 8.063555872355645106e-05 6.853017310017308033e-05 1.195205952634951195e-04 8.230150078331692465e-05 2.919485423287163564e-05 2.481136978234390556e-05 2.374836227924557728e-05 1.000000000000000021e-08 1.000000000000000021e-08 1.000000000000000021e-08 1.000000000000000021e-08 1.000000000000000021e-08 1.000000000000000021e-08 1.000000000000000021e-08 1.000000000000000021e-08 1.000000000000000021e-08 1.000000000000000021e-08 1.000000000000000021e-08 1.000000100000000021e-05 1.000000100000000021e-05 1.000000100000000021e-05 1.000000100000000021e-05 1.000000100000000021e-05 1.000000100000000021e-05 1.000000100000000021e-05
1.000000000000000021e-08 1.000000000000000021e-08 1.739827033069533071e-05 3.045837949431006318e-05 8.701173122885059313e-05 9.339266879964754260e-05 1.468931271381465728e-04 6.042627808393515043e-02 1.506637630608438291e-02 2.384991432116428023e-05 1.895093950214158372e-05 2.251115553603212139e-05 2.646587362288887254e-05 4.022173906586264753e-05 1.962745973830936944e-05 2.417771348530121792e-05 3.156936029848598797e-05 2.462743826401593585e-05 1.000000000000000021e-08 1.000000000000000021e-08 1.000000000000000021e-08 1.000000000000000021e-08 1.000000000000000021e-08 1.000000000000000021e-08 1.000000000000000021e-08 1.097796435625084674e-05 1.000000000000000021e-08 1.000000000000000021e-08 1.000000000000000021e-08 1.000000000000000021e-08 1.000000100000000021e-05 1.000000100000000021e-05 1.000000100000000021e-05 1.000000100000000021e-05 1.000000100000000021e-05 1.000000100000000021e-05 1.000000100000000021e-05
1.000000000000000021e-08 1.000000000000000021e-08 1.264020818211430111e-05 1.355255975857507479e-05 1.760698794592187926e-05 1.670150755328554009e-04 3.027846175571207929e-02 3.504846768920853728e-02 2.810205263662291734e-03 1.044120723323193664e-05 1.323790777303740758e-05 1.000000000000000021e-08 3.746224230924669101e-05 3.933368977955593345e-05 2.817395531181888450e-05 3.065576196284141832e-05 2.427687899523349539e-05 1.000000000000000021e-08 1.000000000000000021e-08 1.000000000000000021e-08 1.000000000000000021e-08 1.000000000000000021e-08 1.000000000000000021e-08 1.000000000000000021e-08 1.000000000000000021e-08 1.000000000000000021e-08 1.000000000000000021e-08 1.000000000000000021e-08 1.000000000000000021e-08 1.000000000000000021e-08 1.000000100000000021e-05 1.000000100000000021e-05 1.000000100000000021e-05 1.000000100000000021e-05 1.000000100000000021e-05 1.000000100000000021e-05 1.000000100000000021e-05
1.000000000000000021e-08 1.000000000000000021e-08 1.279331330309834694e-05 1.501400941666224764e-05 1.000000000000000021e-08 1.671853627028016911e-04 6.532365709324433611e-02 4.419747602725895841e-02 1.867654148699995518e-03 1.000000000000000021e-08 2.387097763268165737e-05 2.644940578236566961e-05 3.163858105884022819e-05 1.000000000000000021e-08 3.203715179029197003e-05 9.485540472083137814e-05 2.473458017546840168e-05 1.000000000000000021e-08 1.000000000000000021e-08 1.000000000000000021e-08 1.000000000000000021e-08 1.000000000000000021e-08 1.000000000000000021e-08 1.000000000000000021e-08 1.000000000000000021e-08 1.000000000000000021e-08 1.000000000000000021e-08 1.000000000000000021e-08 1.000000000000000021e-08 1.000000000000000021e-08 1.000000100000000021e-05 1.000000100000000021e-05 1.000000100000000021e-05 1.000000100000000021e-05 1.000000100000000021e-05 1.000000100000000021e-05 1.000000100000000021e-05
1.000000000000000021e-08 1.000000000000000021e-08 1.182674705968672552e-05 1.000000000000000021e-08 1.000000000000000021e-08 2.271553143735364222e-05 1.701403621887976475e-02 1.530527915748253753e-01 2.591858058970132432e-03 1.000000000000000021e-08 3.763157788433781417e-05 3.488751638864548047e-05 3.751873359702708073e-05 3.197379225195233558e-05 4.661360084309745978e-05 6.085061038060393169e-05 2.235596627332457357e-05 1.000000000000000021e-08 1.000000000000000021e-08 1.000000000000000021e-08 1.000000000000000021e-08 1.000000000000000021e-08 1.000000000000000021e-08 1.000000000000000021e-08 1.000000000000000021e-08 1.000000000000000021e-08 1.000000000000000021e-08 1.000000000000000021e-08 1.000000000000000021e-08 1.000000000000000021e-08 1.000000100000000021e-05 1.000000100000000021e-05 1.000000100000000021e-05 1.000000100000000021e-05 1.000000100000000021e-05 1.000000100000000021e-05 1.000000100000000021e-05
