output/water_depth_1800.asc
ncols 223
nrows 158
xllcorner 0.0
yllcorner 0.0
cellsize 30.0
[rows 136 to 152 of 158, columns 37 to 73 of 223]
1.994613620943955982e-04 6.698682651908365526e-05 6.157586697132501840e-05 1.255336708919523362e-04 1.103922492666753848e-04 2.349234194748833228e-04 2.308959256755778336e-04 8.992069983864230641e-04 1.014227633531428413e-03 1.510457427834818993e-03 1.174314127361063189e-03 1.437858923492080091e-03 5.039455394969299864e-04 6.215866739711685689e-05 9.993849797187615469e-05 6.865639674912578231e-05 1.186362823352050136e-04 8.016445733212618956e-05 1.488094433982348674e-04 1.092206470523843437e-04 1.855825617000879716e-04 3.398631517346517887e-04 1.092462957634249016e-03 2.571068183442137378e-04 2.261523503596800963e-04 2.921169625481625197e-04 2.524141266824494827e-04 5.189406428810934384e-03 1.001466307935655782e-02 2.100222500797238601e-02 3.443611504402137313e-02 2.952302405595540538e-02 5.559873131951778569e-02 9.575789745455309159e-04 1.758372951444400604e-04 3.176978275185869433e-04 5.909443124925506337e-05
8.845823936294962622e-05 4.385573618151980373e-05 6.090265105095590440e-05 5.136988266672087806e-05 1.131882938643147057e-04 1.074548653242512504e-04 3.025205736014003970e-04 2.786579396860539839e-04 9.772146125062370400e-04 8.587639857142933012e-04 9.769857468085413159e-04 2.041361736213363818e-04 2.680696027793751991e-04 6.306809947016986666e-05 4.771212607592872245e-05 8.595232340043182048e-05 5.529239048276006404e-05 9.222812847835368689e-05 6.945263979072461582e-05 1.167347912487835186e-04 6.864365629439759793e-05 9.404671793400498430e-05 1.432621278217692399e-04 2.253789905991707078e-04 1.423808268716851002e-03 1.501968551099184743e-03 1.051172744959898413e-03 1.057330366625187576e-02 1.392950844228271062e-02 3.178352080597825896e-02 4.717724428695286437e-02 2.412195468964464795e-02 2.521782274062974935e-02 8.046447985548784484e-04 1.322275524479407259e-04 1.705769518895239106e-04 8.989574410540211106e-05
2.563001383403084834e-05 4.199853841491546231e-05 1.000000000000000021e-08 3.717108015929776541e-05 4.797043908881488484e-05 1.164142410662330972e-04 1.826025292243019390e-04 3.854714707206479221e-04 3.404195347145635422e-04 6.977141252488802724e-04 2.874960294164443644e-04 7.653142898942952668e-05 2.485463343414865051e-04 4.989754937404981247e-05 7.213475510582918022e-05 4.562948382428645439e-05 7.040172831691600549e-05 4.322779663108411533e-05 9.061325696573428940e-05 4.675244058374855029e-05 4.811394276871656060e-05 2.055097325035905938e-05 6.869587811767548929e-05 4.839358284313658755e-03 9.844158237046490498e-03 2.642187850779506228e-02 4.515861309045800936e-02 5.119103532287491709e-02 5.531521045875094356e-02 4.906386555852216419e-02 6.144171516396897820e-02 6.352665174263725806e-04 1.015973826762548490e-03 1.004042376977477141e-03 7.303902617219429783e-05 6.097676698450894486e-05 9.047557905076555169e-05
1.000000000000000021e-08 1.000000000000000021e-08 1.000000000000000021e-08 1.630692766381542313e-05 4.282877241812105235e-05 5.184459606206796959e-05 3.088975005910863584e-04 2.081274082272730115e-04 4.911291039650503070e-04 4.193753488841928459e-05 2.806957622930222453e-05 6.114534838108581858e-05 1.879475590779438471e-04 3.445947349021151159e-04 5.099288883646142529e-05 6.056608705086481687e-05 3.183378991449002432e-05 5.269326919796423853e-05 6.643914473403171757e-05 2.314307792064006206e-05 1.000000000000000021e-08 1.000000000000000021e-08 1.000000000000000021e-08 4.207240456869117302e-03 1.223122764160654123e-02 1.583285649533858197e-02 1.814563874971419910e-02 2.051257431024490138e-02 2.104905539366292225e-02 4.189237627860233071e-02 1.060477843024724802e-02 5.424223191267106038e-04 4.174145139453739554e-04 8.427051849892992861e-04 5.996000083182022929e-04 6.848996818223985247e-05 1.535244276494923115e-05
1.000000000000000021e-08 1.000000000000000021e-08 1.000000000000000021e-08 5.009038841228985613e-05 1.000000000000000021e-08 4.376466818326775211e-05 3.184856054920129982e-04 2.328068914304940980e-04 1.250891184303505496e-05 1.000000000000000021e-08 2.923814550184963021e-05 2.389601857996844172e-05 1.701196158961773358e-04 2.637927385896977005e-04 3.375318657708661495e-04 3.337807467632550529e-05 3.311830981792361205e-05 3.405400870956344856e-05 1.000000000000000021e-08 1.000000000000000021e-08 1.000000000000000021e-08 1.000000000000000021e-08 1.000000000000000021e-08 7.284231038542197598e-03 1.495346409277184020e-02 1.916515431397197017e-02 2.013412001318423683e-02 2.238134269440117743e-02 2.112663191416459113e-02 2.883399532260400716e-02 4.160662743534787210e-04 2.220545977604390056e-04 9.984867178358154552e-05 9.488877997518143986e-04 7.319559047922647192e-04 2.332746312802275309e-04 1.791727851912037074e-04
1.000000000000000021e-08 1.000000000000000021e-08 1.000000000000000021e-08 1.000000000000000021e-08 6.781914551792909594e-05 3.184062751521986740e-05 1.847797077930058058e-04 1.856843570626402849e-04 5.050219583473505077e-05 1.000000000000000021e-08 1.000000000000000021e-08 1.734460182418828163e-05 1.353909044621815448e-04 2.157810697352653998e-04 2.086177213531092425e-04 1.908125764754647511e-04 1.288862273081795750e-05 1.000000000000000021e-08 1.000000000000000021e-08 5.086371844459588613e-05 7.013910002702095482e-05 8.990115489003556309e-05 1.483062582026430359e-04 1.434108223481861052e-02 2.220458212353472807e-02 2.290527766638982346e-02 2.059306064605475120e-02 2.400359557198820243e-02 1.486884019606448358e-02 1.046799308045489631e-02 2.869089215915225492e-04 4.937411029655566688e-04 2.402755545782048370e-04 3.239375377482209511e-04 2.587487386215298751e-04 1.590497792489951390e-04 1.657625336317607580e-04
1.000000000000000021e-08 6.293810820173983088e-05 1.000000000000000021e-08 2.025529594981412940e-05 5.202292166939780240e-05 7.877204079053099796e-05 4.618429271771444826e-04 6.805491841237560832e-04 3.841545161156492097e-05 6.912077970584424387e-05 9.683126373686415703e-05 1.134002372894708603e-04 1.272761333117581771e-04 1.355066664968797947e-04 1.310134251554511287e-04 1.000000000000000021e-08 1.068326861632797151e-05 1.416981805856304008e-05 2.517979433172615178e-05 1.889266394975412525e-04 2.176696887775030293e-04 2.062702769626016588e-04 1.516122932071445968e-04 2.815657026009886488e-02 2.939263546052962861e-02 2.291205605873394141e-02 1.819612997353762390e-02 2.596077298783767279e-02 1.649264025577101746e-04 2.676975430328584348e-04 1.941059596634944762e-04 3.366633284561099788e-04 5.493750454082180429e-04 3.213038371655900483e-04 1.534421864092668734e-04 2.696192839360660870e-05 1.647057642933216813e-04
1.000000000000000021e-08 3.124958887883744229e-05 9.102520317692022441e-05 1.000000000000000021e-08 1.000000000000000021e-08 3.684209491379255484e-05 1.671712136930698608e-04 4.468648889026755836e-04 2.078511472871252445e-05 3.075467367561894220e-05 3.509721125904217406e-05 4.527241708611016589e-05 4.154681481339463805e-05 4.103345816827174607e-05 1.000000000000000021e-08 1.000000000000000021e-08 1.000000000000000021e-08 4.053701841447852796e-05 1.565698684982256769e-02 3.858923945055753313e-02 2.192935604389780954e-02 1.365340390237632096e-02 5.829695905114717913e-02 5.522768702488386333e-02 2.929707119871250570e-02 1.586146554250562890e-02 9.345083868768056315e-03 9.979893744639463035e-03 9.303571321227137943e-05 2.626915788880804388e-04 8.605088347389262642e-05 1.898526484041881273e-04 3.082421208362888586e-04 2.049742748256579378e-04 1.404090506168273564e-04 1.000000100000000021e-05 1.000000100000000021e-05
1.000000000000000021e-08 1.646404318467324486e-05 3.022772469186681219e-05 1.000000000000000021e-08 1.000000000000000021e-08 2.645080227406061671e-05 9.043051757921233128e-05 1.404229360098731502e-05 7.308666814984810932e-05 1.070431999846491053e-04 1.303358371878696794e-04 1.489145507562966795e-04 1.006103833702839037e-05 1.000000000000000021e-08 1.469520695552843618e-05 1.000000000000000021e-08 1.686734630209862332e-05 8.092398524559758798e-05 1.930628313979400323e-02 2.082267372528215019e-02 5.503625216473124332e-02 7.597370578391916818e-02 4.229397613538239675e-02 4.940174304635840813e-02 4.116164943867934613e-03 1.611836323001234871e-03 2.008426527033639608e-03 1.841277546168735993e-03 3.022337260035158819e-04 3.425886185275840029e-05 8.365320027536375072e-05 1.285516574608145464e-04 2.819383427433657763e-04 9.738623692202917452e-05 7.857154936040809299e-05 1.000000100000000021e-05 1.000000100000000021e-05
3.719352765570363819e-04 5.416976280289609227e-04 6.000001173285520134e-05 4.007026405729771624e-05 1.310358968109914133e-05 1.000000000000000021e-08 1.914303369766497923e-04 2.746631228425597422e-05 1.363162592701906141e-05 1.922575243218576453e-05 1.424850899775026066e-05 2.269158940847687981e-05 3.946356108262062304e-05 6.106682753670347047e-05 1.772774575045506576e-02 1.163600051953888465e-02 2.248894945420824507e-02 5.042813003431301927e-02 3.268631267699341481e-02 2.204155808476995076e-02 1.352040953340509673e-02 8.979561273519245934e-03 5.922519527958088059e-03 5.947411528265242851e-03 5.847680046679775562e-03 1.719432982348207458e-03 1.635146225078725054e-03 1.165944350876467532e-04 4.090050352553472847e-05 1.597809397774770481e-05 5.543200838958989274e-05 1.278387820588506403e-04 2.052307911255684422e-04 2.840950056491724308e-05 4.938608458590900102e-05 1.000000100000000021e-05 1.000000100000000021e-05
1.289599748320662215e-04 1.745640980381180064e-04 5.469701948480325141e-05 8.859022811882216221e-05 1.535410628436720650e-04 8.210859114180650217e-03 7.876909183191567465e-03 5.101575729936759160e-03 3.708595358988360166e-03 2.181196225300897559e-03 1.587592376434134381e-03 5.093967687637756874e-04 7.130491106729108276e-04 5.186017849743050027e-04 2.005054942382689109e-02 4.648896108988255504e-02 4.765220926562875603e-02 2.759342876080232709e-02 1.730603051890444721e-02 1.082378821647650424e-02 8.593099394025194293e-03 3.469327854663757649e-03 3.056984483979350957e-03 1.409397665563329443e-03 3.315999177319528014e-03 1.114821173804687870e-03 5.775745287275852293e-04 4.305170068557836256e-04 4.215789812048859991e-05 1.000000000000000021e-08 4.499474145920159579e-05 4.540371929516812881e-04 7.010392102877149563e-05 2.284375924321721486e-04 1.000000100000000021e-05 1.000000100000000021e-05 1.000000100000000021e-05
3.168638583434537324e-04 7.808499382660523272e-05 1.317669172898777719e-02 2.693151564148650937e-02 3.816804561056669209e-02 3.808544883067286474e-02 4.741540905472611117e-02 5.327812547032109020e-02 5.882527831527187279e-02 6.184745093614793521e-02 6.466618366200835299e-02 6.680955578675515372e-02 6.868867991984385635e-02 7.075313376269316834e-02 3.627754761021134006e-02 1.849570591180146883e-02 9.395840078262884809e-03 7.145297075216086938e-03 3.215126471057211475e-03 2.790136526578940093e-03 2.020169498723285804e-03 7.765044746488286142e-04 4.361387402157689734e-04 1.018079707994353324e-03 5.162579151619106632e-04 1.309699938069210524e-03 4.836609479650514146e-04 4.666174665932495058e-04 2.669890195412372819e-05 1.974141306423384161e-05 2.183316818966926968e-05 2.162949631515740528e-04 1.000000100000000021e-05 1.000000100000000021e-05 1.000000100000000021e-05 1.000000100000000021e-05 1.000000100000000021e-05
2.136978342674787461e-04 8.085046846535121762e-03 1.407835061882991949e-02 1.208872566579507167e-02 8.745349403926875806e-03 9.042618216667967085e-03 4.733760909765800939e-03 4.747339019614394036e-03 2.056539086465670151e-03 1.989948580111686616e-03 7.843729309175784606e-04 8.022744793654085433e-04 3.775524754645014493e-04 7.126634328425169185e-04 2.791010397527575113e-03 2.539138225766866493e-04 9.894345055469945668e-05 2.381407378575995575e-04 4.425082625872536844e-04 3.080140792854906711e-04 7.267847735102959212e-04 2.455531310567797120e-04 3.478916771044707115e-04 1.965155140089443740e-04 2.876596639457511934e-04 5.687378566400937531e-04 3.138448984014153534e-04 6.798065384816911246e-04 1.000000100000000021e-05 1.000000100000000021e-05 1.000000100000000021e-05 1.000000100000000021e-05 1.000000100000000021e-05 1.000000100000000021e-05 1.000000100000000021e-05 1.000000100000000021e-05 1.000000100000000021e-05
4.470126647924646535e-02 3.865804410641698885e-02 2.188058441897473838e-02 1.263306858595242277e-02 7.437739952313817716e-03 4.729036689565624049e-03 3.243513312295317596e-03 1.251422216681317284e-03 1.044985213650745110e-03 3.565707070672975167e-04 3.702503095040895944e-04 1.603718222413113876e-04 3.249521638525382965e-04 5.377691367433773710e-04 4.555364485267594994e-04 3.159100471748811645e-04 6.676804639039453186e-05 4.926597868533150355e-04 2.665712201506467423e-04 2.838158920371519687e-04 9.256994510708036622e-05 3.470477315131482592e-05 9.059924588835301822e-05 1.777943707419866971e-04 1.055641016821801126e-04 4.388566165439836196e-04 8.893927097700702169e-04 1.000000100000000021e-05 1.000000100000000021e-05 1.000000100000000021e-05 1.000000100000000021e-05 1.000000100000000021e-05 1.000000100000000021e-05 1.000000100000000021e-05 1.000000100000000021e-05 1.000000100000000021e-05 1.000000100000000021e-05
7.588861509349286837e-04 6.564679148948531157e-04 2.392872882229967401e-04 8.614543406167399957e-04 1.457581421565665300e-04 1.361787339804517577e-04 6.653040886978078047e-05 1.076758150180282198e-04 6.410185059237735045e-05 8.993882966889393555e-05 7.008099644118994255e-05 1.037099151940982459e-04 2.438509412758932664e-04 9.042888321239208205e-04 4.398309860017265505e-04 1.491750551199756485e-04 1.004029168897541222e-04 2.334947144279492519e-04 1.332293336446030018e-04 3.726919372929324634e-05 3.788028773495307497e-05 1.000000000000000021e-08 2.257183656150563741e-04 8.912543016577815873e-05 8.843300581983746253e-05 1.407970856515837130e-04 1.000000100000000021e-05 1.000000100000000021e-05 1.000000100000000021e-05 1.000000100000000021e-05 1.000000100000000021e-05 1.000000100000000021e-05 1.000000100000000021e-05 1.000000100000000021e-05 1.000000100000000021e-05 1.000000100000000021e-05 1.000000100000000021e-05
4.607843689121141528e-05 1.651932854499614607e-05 7.943048567166284286e-05 2.544143223165771898e-04 3.479632867306102994e-04 4.615900781453640171e-05 5.913766036515977133e-05 5.242935802416978864e-05 7.629382156565598359e-05 3.330149000910390220e-05 1.044275309298255979e-04 5.193887276400390644e-05 1.460638081205501738e-04 5.687474922018328745e-04 3.545573548144826726e-04 7.741005780814377586e-05 1.204360348984687688e-04 1.086535974389235873e-04 2.548078471568542306e-05 1.000000000000000021e-08 1.000000000000000021e-08 1.000000000000000021e-08 3.228140494679039379e-04 1.000000100000000021e-05 1.000000100000000021e-05 1.000000100000000021e-05 1.000000100000000021e-05 1.000000100000000021e-05 1.000000100000000021e-05 1.000000100000000021e-05 1.000000100000000021e-05 1.000000100000000021e-05 1.000000100000000021e-05 1.000000100000000021e-05 1.000000100000000021e-05 1.000000100000000021e-05 1.000000100000000021e-05
2.070886303587304844e-04 2.184759149924905591e-04 2.737801378806554043e-04 2.524580399713091954e-04 2.772595619389842461e-04 4.369755394369356007e-05 3.005619643433897400e-05 9.377628088108381805e-05 4.171781419167072907e-05 1.842524497361005577e-05 1.772507119198669018e-05 3.767975165474953333e-05 9.039822826768499782e-05 5.735827157883538257e-04 3.717879372211908970e-04 3.849017975277467578e-05 3.778573933234764066e-05 4.600913414187054378e-05 1.000000000000000021e-08 1.000000000000000021e-08 6.151303030777678801e-05 1.000000000000000021e-08 7.771612370969892400e-04 1.000000100000000021e-05 1.000000100000000021e-05 1.000000100000000021e-05 1.000000100000000021e-05 1.000000100000000021e-05 1.000000100000000021e-05 1.000000100000000021e-05 1.000000100000000021e-05 1.000000100000000021e-05 1.000000100000000021e-05 1.000000100000000021e-05 1.000000100000000021e-05 1.000000100000000021e-05 1.000000100000000021e-05
