output/water_depth_4560.asc
ncols 223
nrows 158
xllcorner 0.0
yllcorner 0.0
cellsize 30.0
[rows 17 to 33 of 158, columns 74 to 110 of 223]
1.000000100000000021e-05 1.000000100000000021e-05 1.000000100000000021e-05 1.000000100000000021e-05 1.000000100000000021e-05 1.000000100000000021e-05 1.000000100000000021e-05 1.000000100000000021e-05 1.000000100000000021e-05 1.000000100000000021e-05 1.000000100000000021e-05 1.000000100000000021e-05 1.000000100000000021e-05 1.000000100000000021e-05 1.000000100000000021e-05 1.000000100000000021e-05 1.000000100000000021e-05 1.000000100000000021e-05 1.000000100000000021e-05 1.000000100000000021e-05 1.000000100000000021e-05 1.000000100000000021e-05 1.000000100000000021e-05 1.000000100000000021e-05 1.000000100000000021e-05 1.000000100000000021e-05 1.000000100000000021e-05 1.000000100000000021e-05 1.245584647273671564e-05 1.867567407049154586e-05 2.236264977076994184e-05 2.669086768761496530e-05 3.614819170506429876e-05 3.908023001448626346e-05 3.826249724025365179e-05 4.066991618046822188e-05 4.025182011747628131e-05
1.000000100000000021e-05 1.000000100000000021e-05 1.000000100000000021e-05 1.000000100000000021e-05 1.000000100000000021e-05 1.000000100000000021e-05 1.000000100000000021e-05 1.000000100000000021e-05 1.000000100000000021e-05 1.000000100000000021e-05 1.000000100000000021e-05 1.000000100000000021e-05 1.000000100000000021e-05 1.000000100000000021e-05 1.000000100000000021e-05 1.000000100000000021e-05 1.000000100000000021e-05 1.000000100000000021e-05 1.000000100000000021e-05 1.000000100000000021e-05 1.000000100000000021e-05 1.000000100000000021e-05 1.000000100000000021e-05 1.000000100000000021e-05 1.000000100000000021e-05 1.000000100000000021e-05 1.000000100000000021e-05 1.119189762606640062e-05 1.040489823249459656e-05 1.819529989580168813e-05 3.107079337787298679e-05 3.872124606214010937e-05 2.896531369711228727e-05 3.552783456190711730e-05 3.525738271614177569e-05 3.363175595283596382e-05 4.751568236015283285e-05
1.000000100000000021e-05 1.000000100000000021e-05 1.000000100000000021e-05 1.000000100000000021e-05 1.000000100000000021e-05 1.000000100000000021e-05 1.000000100000000021e-05 1.000000100000000021e-05 1.000000100000000021e-05 1.000000100000000021e-05 1.000000100000000021e-05 1.000000100000000021e-05 1.000000100000000021e-05 1.000000100000000021e-05 1.000000100000000021e-05 1.000000100000000021e-05 1.000000100000000021e-05 1.000000100000000021e-05 1.000000100000000021e-05 1.000000100000000021e-05 1.000000100000000021e-05 1.000000100000000021e-05 1.000000100000000021e-05 1.000000100000000021e-05 1.000000100000000021e-05 4.145132836977687211e-05 4.491767931634283931e-05 4.205168870101243917e-05 3.996739665790940467e-05 4.344733202167835894e-05 5.430209033067490230e-05 6.157247884929219445e-05 6.838692803374778217e-05 6.813849242009964067e-05 6.485052733170071685e-05 6.273906719104654667e-05 7.390886449774298854e-05
1.000000100000000021e-05 1.000000100000000021e-05 1.000000100000000021e-05 1.000000100000000021e-05 1.000000100000000021e-05 1.000000100000000021e-05 1.000000100000000021e-05 1.000000100000000021e-05 1.000000100000000021e-05 1.000000100000000021e-05 1.000000100000000021e-05 1.000000100000000021e-05 1.000000100000000021e-05 1.000000100000000021e-05 1.000000100000000021e-05 1.000000100000000021e-05 1.000000100000000021e-05 1.000000100000000021e-05 1.000000100000000021e-05 1.000000100000000021e-05 1.000000100000000021e-05 1.000000100000000021e-05 1.000000100000000021e-05 4.945093131794422775e-05 9.206648155636441453e-05 1.405511393840319211e-04 1.183251920631170953e-04 1.127606711588407818e-04 1.049499687943183419e-04 1.103372368739396770e-04 3.072999088817332888e-05 1.659638609277912122e-05 1.639529669839197133e-05 2.045508383137791851e-05 2.418279836389873334e-05 2.704449449365861190e-04 1.601375602746616007e-05
1.000000100000000021e-05 1.000000100000000021e-05 1.000000100000000021e-05 1.000000100000000021e-05 1.000000100000000021e-05 1.000000100000000021e-05 1.000000100000000021e-05 1.000000100000000021e-05 1.000000100000000021e-05 1.000000100000000021e-05 1.000000100000000021e-05 1.000000100000000021e-05 1.000000100000000021e-05 1.000000100000000021e-05 1.000000100000000021e-05 1.000000100000000021e-05 1.000000100000000021e-05 1.000000100000000021e-05 1.000000100000000021e-05 1.000000100000000021e-05 1.000000100000000021e-05 1.000000100000000021e-05 3.002693834326020629e-05 3.117237154713328924e-05 3.448357296007599222e-05 3.984877076966497308e-05 9.727846810992592968e-05 1.204329800677783320e-04 1.339169137796906506e-04 1.353957217258319713e-04 4.667071782037334425e-05 1.493695599874215008e-05 1.289970693459441499e-05 1.374886995347997920e-05 1.477466841108964324e-05 1.714260160621698114e-05 4.117754386654995618e-04
1.000000100000000021e-05 1.000000100000000021e-05 1.000000100000000021e-05 1.000000100000000021e-05 1.000000100000000021e-05 1.000000100000000021e-05 1.000000100000000021e-05 1.000000100000000021e-05 1.000000100000000021e-05 1.000000100000000021e-05 1.000000100000000021e-05 1.000000100000000021e-05 1.000000100000000021e-05 1.000000100000000021e-05 1.000000100000000021e-05 1.000000100000000021e-05 1.000000100000000021e-05 1.000000100000000021e-05 1.000000100000000021e-05 1.000000100000000021e-05 1.077613379824349406e-05 1.683365837634478144e-05 1.391238453892944461e-05 1.000000000000000021e-08 1.000000000000000021e-08 1.000000000000000021e-08 6.408175451814267915e-05 1.245944969818914652e-04 1.504873958278855894e-04 1.653311117703564045e-04 1.000000000000000021e-08 1.005359810576575419e-05 1.075499557272748506e-04 1.332990277780862266e-04 2.006583588670439531e-04 2.660974356362517056e-04 2.204160513162533555e-04
1.000000100000000021e-05 1.000000100000000021e-05 1.000000100000000021e-05 1.000000100000000021e-05 1.000000100000000021e-05 1.000000100000000021e-05 1.000000100000000021e-05 1.000000100000000021e-05 1.000000100000000021e-05 1.000000100000000021e-05 1.000000100000000021e-05 1.000000100000000021e-05 1.000000100000000021e-05 1.000000100000000021e-05 1.000000100000000021e-05 1.000000100000000021e-05 1.000000100000000021e-05 2.776614056082035286e-05 7.125959515854480566e-05 5.906923551488123790e-05 5.531004846852689843e-05 6.426026758630865910e-05 6.815917275337839772e-05 4.513861691942053087e-05 1.000000000000000021e-08 1.000000000000000021e-08 5.269421129316295943e-05 2.807448366861255552e-05 3.213161466729799797e-05 5.297659878351882357e-05 4.556383691474790273e-05 6.075834471113611727e-05 5.266999121397799601e-05 7.615793202920343168e-05 6.794863906705905831e-05 9.390334341537283824e-05 8.479909622082903303e-05
1.000000100000000021e-05 1.000000100000000021e-05 1.000000100000000021e-05 1.000000100000000021e-05 1.000000100000000021e-05 1.000000100000000021e-05 1.000000100000000021e-05 1.000000100000000021e-05 1.000000100000000021e-05 1.000000100000000021e-05 1.000000100000000021e-05 1.000000100000000021e-05 1.000000100000000021e-05 1.000000100000000021e-05 1.000000100000000021e-05 1.000000100000000021e-05 1.000000100000000021e-05 1.000000000000000021e-08 1.556277049652192562e-05 1.128505891683925859e-04 1.847224921947578351e-04 2.416587616193745919e-04 2.879301965189051083e-05 2.553355953555075020e-05 3.268411030941321591e-05 2.796348931224887458e-05 3.835342270966919198e-05 1.186624276250552694e-05 1.000000000000000021e-08 1.054663683891838527e-05 1.305149910281595343e-05 1.570144569867874666e-05 1.000000000000000021e-08 1.000000000000000021e-08 1.296385967639981091e-05 2.045826449903466687e-05 2.817171768530394218e-05
1.000000100000000021e-05 1.000000100000000021e-05 1.000000100000000021e-05 1.000000100000000021e-05 1.000000100000000021e-05 3.836293103918661361e-05 3.834840149007642059e-05 1.000000100000000021e-05 1.000000100000000021e-05 1.000000100000000021e-05 1.000000100000000021e-05 1.000000100000000021e-05 1.000000100000000021e-05 1.000000100000000021e-05 1.000000100000000021e-05 3.269877265540749382e-05 3.609404593149402455e-05 5.153613928699433521e-05 8.648796925332065736e-05 9.193870162643459068e-05 8.594457634030020768e-05 1.170781626121006032e-04 1.000000000000000021e-08 1.102742878669301070e-05 1.283241205359703175e-05 1.173133928966665932e-05 1.000000000000000021e-08 1.000000000000000021e-08 1.000000000000000021e-08 1.000000000000000021e-08 1.000000000000000021e-08 1.163838014980840752e-05 1.000000000000000021e-08 1.000000000000000021e-08 1.000000000000000021e-08 2.092236571829710119e-05 2.739147626596946818e-05
1.000000100000000021e-05 1.000000100000000021e-05 1.000000100000000021e-05 1.000000100000000021e-05 1.000000100000000021e-05 7.809975483159421468e-05 1.186126871681307559e-04 5.939598822558774275e-05 5.192805344265941130e-05 6.187032159045133316e-05 2.907611378670606125e-05 1.000000100000000021e-05 1.000000100000000021e-05 1.027297321022996665e-05 1.539740319565722218e-05 1.956681341105070260e-05 3.557455376846154220e-05 3.730751408822392259e-05 3.891377712626340379e-05 2.741646546921088070e-05 1.000000000000000021e-08 1.000000000000000021e-08 2.414974613619773377e-05 4.587466856394253775e-05 6.354290881091613963e-05 7.916644505419947455e-05 8.997227566769018439e-05 5.743187194255292943e-05 3.257403745828201062e-05 3.727018925755135628e-05 1.000000000000000021e-08 1.000000000000000021e-08 1.000000000000000021e-08 2.955606436124692241e-05 2.425923987897411562e-05 8.730145696639653597e-05 4.713013446754819825e-05
1.000000100000000021e-05 1.000000100000000021e-05 1.000000100000000021e-05 1.000000100000000021e-05 1.000000100000000021e-05 5.459431716722382881e-04 2.842051615855574823e-03 1.713185421504927143e-04 9.846750461797703355e-05 3.389896093538958904e-05 1.000000000000000021e-08 1.000000000000000021e-08 1.624527733377038405e-05 2.797776702055182273e-05 3.676581939730022612e-05 4.560291277271780305e-05 5.574972194303013545e-05 5.433930575735856217e-05 1.000000000000000021e-08 1.000000000000000021e-08 1.000000000000000021e-08 1.246694332900978404e-05 1.152705226679178225e-05 2.108189676136146127e-05 2.985945412629434562e-05 3.615235753587566381e-05 4.556665413960194573e-05 8.032103756540485333e-05 7.389227798789054977e-05 6.587385230680470674e-05 1.000000000000000021e-08 1.000000000000000021e-08 1.000000000000000021e-08 1.896108189057798253e-04 3.320122171841086611e-04 6.873723229022814154e-04 3.043235136144672545e-05
1.000000100000000021e-05 1.000000100000000021e-05 1.000000100000000021e-05 1.000000100000000021e-05 1.000000100000000021e-05 6.220627592114855685e-03 5.158439808784270799e-04 3.669832602999188330e-05 2.926127577351444016e-05 1.346747728498084339e-05 1.492465705087577729e-05 1.364896618348999579e-05 3.066319646792094650e-05 4.128825749830541519e-05 4.785869830858217752e-05 6.188842456032099624e-05 7.940302527950636490e-05 7.360260486659655208e-05 1.000000000000000021e-08 1.000000000000000021e-08 1.000000000000000021e-08 1.000000000000000021e-08 1.000000000000000021e-08 1.990341357897513293e-05 2.121991131664412099e-05 2.425849450999053664e-05 3.206391039735130447e-05 3.993759771381107039e-05 1.124274502832382262e-04 2.478211570550978879e-04 1.882841852196749264e-04 1.863344863072588075e-05 1.548320901562303724e-05 1.901647319623666309e-04 1.729704788697826055e-04 1.967595201273531521e-04 2.198653314507653764e-04
1.000000100000000021e-05 1.000000100000000021e-05 1.000000100000000021e-05 1.000000100000000021e-05 1.000000100000000021e-05 1.105162326180909134e-03 1.679339884370735839e-04 4.002147716789732583e-05 1.425567495731950871e-05 2.301332764181415638e-05 1.161036434288701235e-05 2.003874069849179254e-05 2.708368106390250091e-05 4.158715774317487952e-05 4.847555667516902051e-05 1.000000000000000021e-08 1.000000000000000021e-08 1.000000000000000021e-08 1.000000000000000021e-08 1.000000000000000021e-08 1.000000000000000021e-08 1.163391472274970754e-05 1.778408387620999479e-05 1.320950114770463352e-05 1.000000000000000021e-08 1.000000000000000021e-08 1.000000000000000021e-08 1.222207143399146760e-05 3.144302092511584435e-05 5.454925419066105556e-05 1.000000000000000021e-08 1.222881755534480760e-05 6.457034984567686933e-05 5.407761186449655977e-05 5.149640241041439446e-05 4.018166421061077488e-05 9.535008152158367322e-05
1.000000100000000021e-05 1.000000100000000021e-05 1.000000100000000021e-05 1.368552951268495573e-05 1.236359184680216404e-04 1.084770325475193763e-03 2.933778782302088795e-05 2.457943778851690435e-05 2.524697818085385400e-05 2.602816040338839566e-05 1.478887768283704571e-05 2.347652054414500316e-05 3.844732119674756389e-05 5.116532607936552415e-05 1.000000000000000021e-08 1.000000000000000021e-08 1.000000000000000021e-08 1.000000000000000021e-08 1.000000000000000021e-08 1.358351590754023830e-05 2.400114434986544098e-05 1.000000000000000021e-08 1.000000000000000021e-08 1.985202287538645954e-05 1.900635252517115094e-05 1.000000000000000021e-08 1.000000000000000021e-08 1.000000000000000021e-08 1.000000000000000021e-08 1.000000000000000021e-08 1.000000000000000021e-08 2.685431593517532015e-05 1.000000000000000021e-08 1.000000000000000021e-08 1.000000000000000021e-08 4.639948344230576709e-05 4.914021248928870434e-05
1.000000100000000021e-05 1.000000100000000021e-05 1.000000000000000021e-08 2.459431467400980252e-05 2.303419368484554302e-04 1.155177096801117756e-03 3.575176879302085928e-05 2.535069640161235081e-05 1.000000000000000021e-08 1.000000000000000021e-08 1.857491588002024052e-05 3.381930419601638786e-05 4.711673712853557965e-05 5.730046564580744547e-05 1.000000000000000021e-08 1.000000000000000021e-08 1.000000000000000021e-08 1.000000000000000021e-08 1.000000000000000021e-08 1.985906921305156754e-05 3.359932025690512343e-05 1.000000000000000021e-08 1.000000000000000021e-08 1.000000000000000021e-08 1.000000000000000021e-08 1.000000000000000021e-08 1.000000000000000021e-08 1.000000000000000021e-08 1.124726233432786764e-05 1.000000000000000021e-08 1.000000000000000021e-08 1.000000000000000021e-08 1.000000000000000021e-08 1.000000000000000021e-08 1.000000000000000021e-08 1.000000000000000021e-08 4.590985603984351366e-05
1.510075472895047474e-05 2.156047489057521483e-05 1.000000000000000021e-08 1.000000000000000021e-08 1.026531546566477422e-03 1.625179279735039636e-03 4.631928133065286031e-05 2.764061040735916257e-05 1.000000000000000021e-08 1.000000000000000021e-08 1.000000000000000021e-08 3.422786635921393189e-05 1.000000000000000021e-08 1.000000000000000021e-08 1.665244957207185364e-05 2.047415574987265896e-05 1.000000000000000021e-08 1.000000000000000021e-08 1.000000000000000021e-08 2.121832109461066021e-05 4.071756637852212235e-05 1.000000000000000021e-08 1.000000000000000021e-08 1.000000000000000021e-08 1.000000000000000021e-08 1.000000000000000021e-08 1.000000000000000021e-08 1.000000000000000021e-08 1.000000000000000021e-08 1.000000000000000021e-08 1.980879941070874906e-05 1.000000000000000021e-08 1.000000000000000021e-08 1.000000000000000021e-08 1.000000000000000021e-08 1.000000000000000021e-08 3.846980211355524370e-05
2.275422847205805978e-03 2.926210569660321354e-03 2.085743532709342929e-03 1.508505608299423031e-03 8.302094864122729198e-04 1.338950316397355574e-03 1.303102691368281628e-03 1.487721907914211594e-04 1.047149686823154054e-04 7.190885987610412067e-05 1.000000000000000021e-08 3.616521761406763847e-05 1.000000000000000021e-08 1.000000000000000021e-08 1.000000000000000021e-08 1.000000000000000021e-08 1.000000000000000021e-08 1.000000000000000021e-08 1.000000000000000021e-08 2.153508749085098945e-05 4.166344522199560036e-05 3.309844236625362064e-05 2.599580695442737960e-05 1.000000000000000021e-08 1.000000000000000021e-08 1.000000000000000021e-08 1.000000000000000021e-08 1.000000000000000021e-08 1.000000000000000021e-08 1.000000000000000021e-08 1.000000000000000021e-08 1.000000000000000021e-08 1.000000000000000021e-08 1.000000000000000021e-08 1.056002435599337488e-05 1.180731584592752924e-05 1.000000000000000021e-08
