output/water_depth_9480.asc
ncols 223
nrows 158
xllcorner 0.0
yllcorner 0.0
cellsize 30.0
[rows 85 to 101 of 158, columns 111 to 147 of 223]
2.207882232274686830e-04 4.451819577405185711e-04 4.685801683771138090e-04 4.152260915278961411e-04 3.492816174815218657e-04 5.538560528140106968e-05 2.279583185623564544e-04 1.169117922661923326e-03 4.595440421428915317e-03 9.818618950734024371e-04 1.473287440349622588e-04 1.058878173803039148e-04 7.767794193360749624e-05 6.849109418268728932e-05 4.128647797173578957e-05 2.845364066440498753e-05 2.555705098467076934e-05 3.383546429803394289e-05 1.000000000000000021e-08 1.000000000000000021e-08 1.000000000000000021e-08 1.000000000000000021e-08 7.950992244367695826e-05 3.733331913779525460e-05 1.000000000000000021e-08 1.000000000000000021e-08 1.000000000000000021e-08 3.392364254613598848e-05 3.506632017310905996e-05 1.847848322170591323e-05 1.000000000000000021e-08 1.000000000000000021e-08 1.000000000000000021e-08 1.000000000000000021e-08 1.000000000000000021e-08 2.783184970535730588e-05 1.000000000000000021e-08
3.447636399970764858e-04 2.448773348018836522e-04 1.732143929528802149e-05 5.258625730421834487e-05 4.156970041850086505e-04 6.908702802809790669e-05 8.964731551664296798e-05 1.457800137330889480e-03 5.094568167187696686e-03 6.955780348706759814e-04 7.978933439756775981e-05 9.568199166651676017e-05 9.349291197869963549e-05 1.000000000000000021e-08 1.000000000000000021e-08 2.696965047014435348e-05 3.459182790499198669e-05 5.354466535133623584e-05 1.000000000000000021e-08 1.000000000000000021e-08 1.000000000000000021e-08 1.000000000000000021e-08 1.136251751284084085e-04 4.585633972502204238e-05 1.942377866711808240e-05 1.652484286994525248e-05 1.000000000000000021e-08 3.813744375186605405e-05 1.942891072523717544e-05 1.026298344595511500e-05 1.000000000000000021e-08 1.000000000000000021e-08 1.000000000000000021e-08 1.000000000000000021e-08 1.000000000000000021e-08 1.295042531729139369e-05 1.000000000000000021e-08
4.806828367338324658e-05 1.881302752578355029e-05 1.000000000000000021e-08 3.994426384439192751e-05 3.331844140306740440e-04 4.986835701671413473e-04 2.059800547964180573e-04 1.995053274703179405e-02 7.597634691941973148e-03 5.563840406910262231e-04 1.000000000000000021e-08 6.314780417748608744e-05 1.000000000000000021e-08 1.000000000000000021e-08 1.000000000000000021e-08 2.593950354401359121e-05 5.283347651425423022e-05 5.164279470781229104e-05 3.540497028658441784e-05 1.118409486023570956e-05 1.000000000000000021e-08 7.508650135495630843e-05 1.084715532896739768e-04 7.774807639782075632e-05 3.412728717104488547e-05 2.058026494867964699e-05 1.307843492692909251e-05 1.000000000000000021e-08 1.000000000000000021e-08 1.000000000000000021e-08 1.000000000000000021e-08 1.000000000000000021e-08 1.000000000000000021e-08 1.000000000000000021e-08 1.000000000000000021e-08 1.000000000000000021e-08 1.000000000000000021e-08
3.979009503671084507e-05 1.000000000000000021e-08 1.000000000000000021e-08 1.000000000000000021e-08 2.373020588088626994e-04 3.757141728439834983e-05 1.527485045714158264e-05 1.000000000000000021e-08 8.492929140380666916e-03 4.461865034209683235e-04 1.000000000000000021e-08 4.614500933339267367e-05 3.268959292289650890e-05 3.071724723873908204e-05 3.199726969997573677e-05 4.010157095394483633e-05 5.831253683433878935e-05 9.313362541699556736e-05 3.504900701093236474e-05 7.702024018381695874e-05 7.622687032185094928e-05 1.188226517137172620e-04 1.166040699571714004e-04 3.052047195713142232e-05 1.942494065010380135e-05 1.702115108239284454e-05 1.602936096594483303e-05 1.921003738092455547e-05 1.011188084824150317e-05 1.000000000000000021e-08 1.000000000000000021e-08 1.000000000000000021e-08 1.000000000000000021e-08 1.000000000000000021e-08 1.000000000000000021e-08 1.000000000000000021e-08 1.000000000000000021e-08
1.115937097772993808e-04 1.000000000000000021e-08 1.000000000000000021e-08 1.000000000000000021e-08 1.000000000000000021e-08 2.974085308878008114e-05 1.000000000000000021e-08 1.112289041985600295e-05 5.309194755252824409e-03 4.795509643020531669e-03 2.736305178322986686e-05 3.040080234879626603e-05 1.000000000000000021e-08 1.000000000000000021e-08 1.000000000000000021e-08 1.000000000000000021e-08 1.000000000000000021e-08 8.256759025093394230e-05 1.000000000000000021e-08 9.014308890921140800e-05 5.602296670861641592e-05 1.000000000000000021e-08 1.190303573195374504e-05 1.000000000000000021e-08 1.000000000000000021e-08 1.000000000000000021e-08 1.000000000000000021e-08 1.000000000000000021e-08 1.000000000000000021e-08 1.000000000000000021e-08 1.000000000000000021e-08 1.000000000000000021e-08 1.000000000000000021e-08 1.000000000000000021e-08 1.000000000000000021e-08 1.000000000000000021e-08 1.000000000000000021e-08
6.248223574130930204e-05 7.206258885126615773e-04 1.000000000000000021e-08 1.000000000000000021e-08 1.000000000000000021e-08 3.710819963516110180e-05 1.844138073460451719e-05 1.725446536202307409e-05 3.389205337188312163e-03 3.191789665605322592e-03 3.185801409529466152e-03 3.922600806019064580e-04 1.000000000000000021e-08 1.000000000000000021e-08 1.000000000000000021e-08 1.000000000000000021e-08 1.000000000000000021e-08 6.870389908384815251e-05 8.613423587272286887e-05 9.216870138879744022e-05 4.722726895247153408e-05 1.000000000000000021e-08 1.000000000000000021e-08 1.000000000000000021e-08 1.000000000000000021e-08 1.000000000000000021e-08 1.000000000000000021e-08 1.000000000000000021e-08 1.000000000000000021e-08 1.000000000000000021e-08 1.000000000000000021e-08 1.000000000000000021e-08 1.000000000000000021e-08 1.000000000000000021e-08 1.000000000000000021e-08 1.000000000000000021e-08 1.000000000000000021e-08
1.287903323724366288e-03 1.174843893690162523e-03 8.255864005577817199e-04 5.508776520716507624e-04 3.839108589160066258e-04 4.276773078099811764e-04 3.102254566777270118e-04 1.000000000000000021e-08 2.170868312590823294e-03 3.882026781715144665e-03 3.845097504952355982e-03 3.233871467179143169e-03 8.758763272085669238e-05 1.000000000000000021e-08 1.000000000000000021e-08 1.000000000000000021e-08 1.000000000000000021e-08 6.970523419425128317e-05 1.514467905070624105e-04 8.257041293844796597e-05 1.000000000000000021e-08 1.000000000000000021e-08 1.000000000000000021e-08 1.000000000000000021e-08 1.000000000000000021e-08 1.000000000000000021e-08 1.000000000000000021e-08 1.000000000000000021e-08 1.000000000000000021e-08 1.000000000000000021e-08 1.000000000000000021e-08 1.000000000000000021e-08 1.000000000000000021e-08 1.000000000000000021e-08 1.000000000000000021e-08 1.000000000000000021e-08 1.000000000000000021e-08
9.642043324760016449e-05 9.248595307413792202e-04 1.396906527383506337e-04 1.385572878476055145e-04 6.204429758641940521e-05 7.430526232588187006e-05 8.786501040113583083e-05 5.403129974768350026e-05 1.461925360787457622e-03 4.229025163656715755e-03 7.291175343328418212e-03 5.450332456775046179e-03 1.514051672716730610e-03 4.694413631453999477e-04 6.999372901534214484e-04 5.829143105593143992e-04 1.100681985974316787e-03 8.919772423041695281e-04 3.601000360319846477e-03 2.533712319005509240e-05 1.000000000000000021e-08 1.000000000000000021e-08 1.000000000000000021e-08 1.000000000000000021e-08 1.000000000000000021e-08 1.000000000000000021e-08 1.000000000000000021e-08 1.000000000000000021e-08 1.000000000000000021e-08 1.000000000000000021e-08 1.000000000000000021e-08 1.000000000000000021e-08 1.000000000000000021e-08 1.000000000000000021e-08 1.000000000000000021e-08 1.000000000000000021e-08 1.000000000000000021e-08
6.695932324640024857e-04 8.189231938418112472e-04 1.788393139313653054e-04 9.667346335346936365e-05 1.295300069834285804e-04 7.318959229391238741e-04 5.300798306897884721e-04 7.403891339580550863e-04 1.381664102115802038e-03 1.123693010701238984e-03 4.816819219433974100e-04 3.099666781886070265e-03 9.727585026453747577e-04 1.833864446871511737e-03 1.722640144950983616e-03 2.194860308587914637e-03 1.498001930390593451e-03 1.895056320050213976e-03 4.114039768422773219e-03 3.800426838023229347e-03 1.000000000000000021e-08 1.000000000000000021e-08 1.000000000000000021e-08 1.000000000000000021e-08 1.000000000000000021e-08 1.000000000000000021e-08 1.000000000000000021e-08 1.000000000000000021e-08 1.000000000000000021e-08 1.000000000000000021e-08 1.000000000000000021e-08 1.000000000000000021e-08 1.000000000000000021e-08 1.000000000000000021e-08 1.000000000000000021e-08 1.000000000000000021e-08 1.000000000000000021e-08
5.107546143899278045e-04 6.997122151596417428e-04 2.784277016368548810e-04 1.959215278109763779e-03 1.318813991978741613e-02 2.940911530777760765e-03 2.183631219359783923e-03 1.475964405164156097e-03 1.641949086356292095e-03 1.242212051568392485e-03 9.135451029186415816e-04 5.787780148335894964e-04 3.214837697872666242e-03 2.709907965677845094e-03 1.261978154299046168e-03 7.448208057598360108e-04 5.496691391075749855e-04 4.670971106134305011e-04 4.008031609071143787e-03 7.022520076728477716e-03 1.134975646767250509e-05 1.000000000000000021e-08 1.000000000000000021e-08 1.000000000000000021e-08 1.000000000000000021e-08 1.000000000000000021e-08 1.000000000000000021e-08 1.000000000000000021e-08 1.000000000000000021e-08 1.000000000000000021e-08 1.000000000000000021e-08 1.000000000000000021e-08 1.000000000000000021e-08 1.000000000000000021e-08 1.000000000000000021e-08 1.000000000000000021e-08 1.000000000000000021e-08
6.859861910901771033e-05 1.683239971312240331e-04 1.226579991055777314e-04 5.669224332173633269e-04 5.531684432146975142e-04 4.274749974479625028e-04 1.374861587400917412e-03 2.218783528879693292e-03 2.197961623563359380e-03 2.757587574682818406e-03 3.105572229131667653e-03 2.977889327658298554e-03 2.776463460064701461e-03 2.609401500539139558e-03 1.969048169365147493e-03 1.386189587489975849e-03 9.047201060310400928e-04 1.048138743783065627e-03 5.634848953799107864e-04 7.268809856535873686e-03 1.230660213378449402e-05 1.000000000000000021e-08 1.000000000000000021e-08 1.000000000000000021e-08 1.000000000000000021e-08 1.000000000000000021e-08 1.000000000000000021e-08 1.000000000000000021e-08 1.000000000000000021e-08 1.000000000000000021e-08 1.000000000000000021e-08 1.000000000000000021e-08 1.000000000000000021e-08 1.000000000000000021e-08 1.000000000000000021e-08 1.000000000000000021e-08 1.000000000000000021e-08
6.588431616743203282e-05 2.353745210129954150e-05 4.597473541127368424e-05 3.400046084969206631e-05 2.592640284786383283e-04 3.850094944900746058e-04 7.915309727414074218e-04 7.061470207680503250e-04 2.503994086886382475e-03 1.405139028251473337e-03 1.092134119310479278e-03 2.033783165696822527e-03 2.738095120950752304e-03 2.704031775338017717e-03 6.715904200284257899e-04 6.111145770404070518e-04 5.742956129953627519e-04 6.235975881438488759e-04 1.344749591254119350e-03 7.094328321188870211e-03 1.379520175354870326e-05 1.000000000000000021e-08 1.000000000000000021e-08 1.000000000000000021e-08 1.000000000000000021e-08 1.000000000000000021e-08 1.000000000000000021e-08 1.000000000000000021e-08 1.000000000000000021e-08 1.000000000000000021e-08 1.000000000000000021e-08 1.000000000000000021e-08 1.000000000000000021e-08 1.000000000000000021e-08 1.000000000000000021e-08 1.000000000000000021e-08 1.000000000000000021e-08
6.978264022698303171e-05 2.103930148861823642e-05 1.000000000000000021e-08 2.389867652076633860e-05 1.868261866815624508e-04 3.466435220185075166e-04 5.891660121825594487e-04 5.683250988139760488e-04 6.090634945817305433e-05 1.611526955350810458e-03 9.384964779512490344e-05 2.525907657357923932e-04 5.372083018794128082e-04 5.759109529724749195e-04 8.158392352755948571e-04 4.305647167826209755e-04 7.248255897660753995e-04 5.721293840686660819e-04 1.854497409684886799e-03 7.837685174240166183e-03 1.540337183674155754e-05 1.000000000000000021e-08 1.000000000000000021e-08 1.000000000000000021e-08 1.000000000000000021e-08 1.000000000000000021e-08 1.000000000000000021e-08 1.000000000000000021e-08 1.000000000000000021e-08 1.000000000000000021e-08 1.000000000000000021e-08 1.000000000000000021e-08 1.000000000000000021e-08 1.000000000000000021e-08 1.000000000000000021e-08 1.000000000000000021e-08 1.000000000000000021e-08
6.128517350117770597e-05 2.500014672868138785e-05 2.099366263048180295e-05 1.729766442058036633e-05 1.000000000000000021e-08 1.863182290983636123e-04 5.050572748755189387e-05 5.386703559247812024e-05 7.569096078084288043e-05 1.181945992038419728e-03 2.966164140110567004e-04 1.661086188672544696e-04 2.123788612697526655e-04 5.715825411443517176e-04 9.206984961540177863e-04 2.774541230705159563e-03 1.796507021124748140e-03 1.342623540502689301e-03 2.488483846576555487e-03 8.892247097836787975e-03 2.707126415929172959e-05 1.000000000000000021e-08 1.000000000000000021e-08 1.000000000000000021e-08 1.000000000000000021e-08 1.000000000000000021e-08 1.000000000000000021e-08 1.000000000000000021e-08 1.000000000000000021e-08 1.000000000000000021e-08 1.000000000000000021e-08 1.000000000000000021e-08 1.000000000000000021e-08 1.000000000000000021e-08 1.000000000000000021e-08 1.000000000000000021e-08 1.000000000000000021e-08
5.093630470968521159e-04 5.561276306556631595e-05 2.325382511890754824e-05 3.043729280620251573e-05 1.000000000000000021e-08 1.000000000000000021e-08 1.528008505427868975e-05 5.006232655133661296e-05 9.685193414733341889e-05 1.018508759562091826e-03 1.247361574616311346e-03 3.897940063623181722e-04 1.729309535156542778e-04 2.245061208623177075e-04 2.886295060765571704e-04 1.988562400667448146e-03 4.770238207542366318e-04 4.613405287575755636e-04 1.620157804990041855e-04 8.887224281083527105e-03 1.618543754452011129e-03 1.000000000000000021e-08 1.000000000000000021e-08 1.000000000000000021e-08 1.000000000000000021e-08 1.000000000000000021e-08 1.000000000000000021e-08 1.000000000000000021e-08 1.000000000000000021e-08 1.000000000000000021e-08 1.000000000000000021e-08 1.000000000000000021e-08 1.000000000000000021e-08 1.000000000000000021e-08 1.000000000000000021e-08 1.000000000000000021e-08 1.000000000000000021e-08
4.893350554751952416e-05 3.171949471584881820e-05 4.612461931304912086e-05 2.324377602173194855e-05 1.951879670814789843e-05 1.000000000000000021e-08 1.000000000000000021e-08 1.544672295161332956e-05 1.650045017412503617e-05 8.511549337482943590e-05 9.810655972381690081e-04 6.773236915649361424e-04 1.366264596414296702e-04 1.916685301524625475e-04 3.475084667643531960e-04 3.511839325267166823e-04 3.993470365634640452e-04 3.739977386405672665e-04 3.657695009143026050e-04 6.287912299499431867e-03 1.148688824308213190e-03 1.000000000000000021e-08 1.000000000000000021e-08 1.000000000000000021e-08 1.000000000000000021e-08 1.000000000000000021e-08 1.000000000000000021e-08 1.000000000000000021e-08 1.000000000000000021e-08 1.000000000000000021e-08 1.000000000000000021e-08 1.000000000000000021e-08 1.000000000000000021e-08 1.000000000000000021e-08 1.000000000000000021e-08 1.000000000000000021e-08 1.000000000000000021e-08
2.377847964515633096e-05 4.657106739323731761e-05 2.813986148722282248e-05 4.312589774732186688e-05 1.903332752199043027e-05 1.000000000000000021e-08 1.000000000000000021e-08 1.000000000000000021e-08 1.113497504044820091e-05 6.755928150338786904e-05 1.111268688846860087e-04 2.328676975429617296e-03 1.962184314357266464e-04 6.140403592376400110e-05 2.740460907652845146e-04 1.892857949937490553e-04 3.955114420886007278e-04 4.331179455981126226e-04 5.632183424620619506e-04 6.064233806045286543e-03 7.412421710063590592e-04 1.000000000000000021e-08 1.000000000000000021e-08 1.000000000000000021e-08 1.000000000000000021e-08 1.000000000000000021e-08 1.000000000000000021e-08 1.000000000000000021e-08 1.000000000000000021e-08 1.000000000000000021e-08 1.000000000000000021e-08 1.000000000000000021e-08 1.000000000000000021e-08 1.000000000000000021e-08 1.000000000000000021e-08 1.000000000000000021e-08 1.000000000000000021e-08
