output/water_depth_8400.asc
ncols 223
nrows 158
xllcorner 0.0
yllcorner 0.0
cellsize 30.0
[rows 85 to 101 of 158, columns 74 to 110 of 223]
1.000000000000000021e-08 1.000000000000000021e-08 1.000000000000000021e-08 1.000000000000000021e-08 1.000000000000000021e-08 1.000000000000000021e-08 1.000000000000000021e-08 1.000000000000000021e-08 1.000000000000000021e-08 1.000000000000000021e-08 1.000000000000000021e-08 1.000000000000000021e-08 1.000000000000000021e-08 1.634749273369487743e-05 1.000000000000000021e-08 1.000000000000000021e-08 1.040636270992934184e-05 2.079791086863640761e-05 1.000000000000000021e-08 1.000000000000000021e-08 1.000000000000000021e-08 1.000000000000000021e-08 1.000000000000000021e-08 1.131243110413463383e-05 1.000000000000000021e-08 1.000000000000000021e-08 1.000000000000000021e-08 1.352153855026623974e-04 1.000000000000000021e-08 1.396905180740362898e-05 1.000000000000000021e-08 3.740405839672167223e-05 2.820170881455670109e-05 4.314913309335255843e-05 3.163704406490975684e-05 5.557188224843690990e-04 3.641923046672977774e-05
3.774473380199020464e-04 2.333400511894411124e-05 1.946219875471788172e-04 1.000000000000000021e-08 1.000000000000000021e-08 1.000000000000000021e-08 1.000000000000000021e-08 1.000000000000000021e-08 1.000000000000000021e-08 1.000000000000000021e-08 1.000000000000000021e-08 1.000000000000000021e-08 1.000000000000000021e-08 1.217260925427636910e-05 1.027922354379320839e-05 1.000000000000000021e-08 2.827438858551532157e-05 6.411466515450328413e-05 1.238605061484221892e-04 1.751402980750337110e-04 1.883635679527264197e-04 1.000000000000000021e-08 1.000000000000000021e-08 1.000000000000000021e-08 1.000000000000000021e-08 1.000000000000000021e-08 1.000000000000000021e-08 1.000000000000000021e-08 3.549903235030392045e-05 1.000000000000000021e-08 1.000000000000000021e-08 1.137325058574170082e-05 3.326582356957000436e-05 2.327957965378777669e-05 4.622681212146888393e-05 3.873277689566430434e-05 5.352708618998381111e-05
2.471221742965059153e-05 1.868626684053349197e-05 3.655045466899115096e-05 2.553078223781888494e-04 1.998407515586115527e-04 1.646050107496208525e-04 1.251337006038832943e-04 7.598224683970536506e-05 1.000000000000000021e-08 1.000000000000000021e-08 1.000000000000000021e-08 1.000000000000000021e-08 1.000000000000000021e-08 1.000000000000000021e-08 1.220710722127681992e-05 1.315536011776222327e-05 1.000000000000000021e-08 1.000000000000000021e-08 7.952467207768994782e-05 1.190019324559204956e-04 2.572968529157575093e-04 2.428310051415285805e-04 1.000000000000000021e-08 1.000000000000000021e-08 1.000000000000000021e-08 1.000000000000000021e-08 1.000000000000000021e-08 1.000000000000000021e-08 3.818804250656706055e-05 7.299646121240248818e-05 9.737835028847388803e-05 1.000000000000000021e-08 2.693388074674698564e-05 7.300469269481189123e-05 3.654811150897320759e-05 1.172815898913162044e-04 1.777116766321644011e-05
1.713022791479436866e-04 1.422248277914730217e-04 1.212853530581379569e-04 3.573468434289164743e-04 4.842137686778109039e-04 6.252629214220336348e-04 5.108792167074562322e-04 3.778158594764588485e-04 3.892920365884438758e-04 2.837951717246911510e-04 3.191649594126444727e-04 2.634307464236479782e-04 2.223170861990169517e-04 1.654792376559286609e-04 1.227066252187773720e-04 1.000000000000000021e-08 1.592055930340115306e-05 1.520197689078260944e-05 1.100382895062762306e-04 2.664651009419290411e-04 2.248075920012177051e-04 3.491870019604522975e-04 2.518127236328711479e-04 1.051581166303469260e-04 5.714306631030232649e-05 4.556997509022039710e-05 4.819038923631619717e-05 4.412884339657644270e-05 4.867784697696507989e-05 5.413640686026341420e-05 1.757877722836580334e-04 2.958087351821274674e-04 2.426040785252913550e-04 2.228922236625493168e-04 4.672206328660088006e-04 5.892637649752361907e-05 1.190934040758503552e-04
6.916341878004654987e-04 4.982030914666203160e-04 3.739409395428674033e-04 2.151704677294576649e-04 3.123063638719053591e-04 2.359764213437786251e-04 5.027576786125587767e-04 6.891382665763482905e-04 4.593913173188550231e-04 6.250425594463041934e-04 6.741650898967016352e-04 7.811862932132447113e-04 8.758630999231352496e-04 9.710662904351117543e-04 1.032500010676588951e-03 7.763926788249956613e-04 5.032728854044896637e-04 3.747584865181396237e-04 2.668346460859293045e-04 2.600389285673050037e-04 4.143549334533943034e-04 4.904357553905633630e-04 5.684879223828028481e-04 6.603346012814939386e-04 7.785096636973933048e-04 9.919699677193535327e-04 1.173080116564690582e-03 9.303871024049291220e-04 9.113176821787390917e-05 8.606249044362522288e-05 1.543031244014285604e-03 1.999927729055652956e-03 1.402589297429268373e-03 9.732399885561984721e-04 7.466668595114177645e-04 1.104923997359547982e-04 7.058621911414401581e-05
1.491545540429731231e-04 4.619524696814300449e-04 5.080690032160459094e-04 4.905166643571289660e-04 2.565817478216782005e-04 1.721435593963479367e-04 1.073105051785263583e-04 7.146360509291012071e-05 3.600929226597512347e-04 1.709648625882551759e-04 1.013182906596957016e-04 5.965472687130200081e-05 2.573927719743773177e-05 1.997661093206398120e-05 7.065251927578673145e-05 5.630084368308252429e-04 9.125294810960102830e-04 6.597457821452936202e-04 4.472030956174668191e-04 2.373969712825844058e-04 1.591652331490077887e-04 1.003104412812494498e-04 8.052474633428146201e-05 1.000000000000000021e-08 4.437033745260712792e-04 3.168977850712889144e-04 2.725518952167323410e-04 9.021340530386600179e-04 1.344849796455797972e-03 1.482461675477171614e-03 9.968002310722914525e-04 7.987948808053856823e-04 1.190328880999098372e-03 2.268195291524744534e-04 2.783352055093420174e-04 1.156521875830802829e-03 1.826237004116041795e-04
7.353422497933688180e-05 7.067683740497875968e-05 1.047340255743332908e-04 1.294915329367063190e-04 2.135960376411476648e-04 2.177897106498920667e-04 1.850249074994325844e-04 1.804831669407675789e-04 3.126946462716223432e-04 3.017593129285548359e-04 1.640456479899169180e-05 1.000000000000000021e-08 1.000000000000000021e-08 1.000000000000000021e-08 1.000000000000000021e-08 1.511988704665245390e-05 2.710782114602995971e-05 3.138584587171244821e-04 3.976348138845705595e-05 4.436361454576787989e-05 5.484582223939430908e-05 4.477213509821370086e-05 5.418001215115114477e-05 4.060008617546530718e-05 5.284253043045899595e-05 1.000000000000000021e-08 1.000000000000000021e-08 3.915516692129176443e-05 1.000000000000000021e-08 4.847919482107719319e-05 4.158205532554618293e-05 3.865903497955462984e-05 7.538868683966377460e-04 1.227862513511035047e-04 7.303450188967729011e-04 1.844143454039703044e-04 2.922976677853917184e-04
2.993605487236312236e-05 2.512877224704351429e-05 1.872676873622451465e-05 1.308579299968537316e-05 1.652710935884618606e-04 3.032499012940556744e-04 4.334800727030573095e-04 5.282973979752915569e-04 6.649242701196949549e-04 5.135259327535420752e-04 3.427690223953617669e-05 2.271260315383337192e-05 1.000000000000000021e-08 1.000000000000000021e-08 1.000000000000000021e-08 4.025609503553283767e-05 3.639770903650540914e-05 2.692596260764044697e-04 4.954276766843814872e-04 5.420935368906411051e-04 5.832003514547069983e-04 4.724868528628904337e-04 3.203069850015079494e-04 2.239047671698224363e-04 1.438611098055482096e-04 1.000000000000000021e-08 1.000000000000000021e-08 4.888513924830046865e-05 5.678098384909986771e-05 4.369536187433945489e-05 4.788767853619621502e-05 1.000000000000000021e-08 5.603999592002865265e-04 1.476413395576149081e-03 1.216644629443603375e-03 1.642029469423490892e-04 2.369954881147296692e-04
1.525862724133637705e-05 2.025404937203885628e-05 1.000000000000000021e-08 1.000000000000000021e-08 1.000000000000000021e-08 3.444616315325637598e-05 2.393785134647206700e-05 2.047290946922661312e-05 5.758115701192303829e-05 4.165263701242365602e-04 9.656661067263387654e-05 3.633703113445581388e-05 3.054123549332323775e-05 1.000000000000000021e-08 1.253411222957435714e-05 8.138576071589813193e-05 3.953991900547409202e-05 3.760415409505036026e-05 4.518184770776565037e-05 4.032479437529370970e-05 1.633695131763935988e-05 9.296222151794703362e-05 1.215760949318443979e-04 3.809421219067682081e-04 3.520817678466619778e-04 2.410480721024915664e-04 1.559515328377072366e-04 8.276868361705698267e-05 5.526785687220343878e-05 6.372998408594577442e-05 6.572754244807748009e-05 6.541579976054335015e-05 5.517024262038614261e-04 4.231307377157304318e-04 1.411370579901269481e-03 1.515529067914488538e-03 9.839780911572433651e-04
1.135628037955432217e-05 1.733736529735158561e-05 1.000000000000000021e-08 1.000000000000000021e-08 1.000000000000000021e-08 1.000000000000000021e-08 1.000000000000000021e-08 1.000000000000000021e-08 1.000000000000000021e-08 2.390863705646247017e-04 2.312952399176726296e-04 8.194795947463966548e-05 7.637534620123784864e-04 5.702295195634273341e-04 5.065300922839522258e-04 2.907149605397151720e-04 1.000000000000000021e-08 1.000000000000000021e-08 1.000000000000000021e-08 1.000000000000000021e-08 2.046487642988890801e-05 2.698312441979370440e-05 3.154308512228713447e-05 1.351522985501309973e-04 1.875053236529344511e-05 2.468867910785236180e-05 1.279468655315861656e-05 1.000000000000000021e-08 1.000000000000000021e-08 3.544374448564366489e-05 7.913946243840258251e-05 1.327544701427309356e-04 2.179921915865496536e-04 1.912542790989124879e-04 1.711644137742172444e-04 1.251208552364985313e-03 1.478410157865486839e-03
1.000000000000000021e-08 1.369590766661687047e-05 1.000000000000000021e-08 1.000000000000000021e-08 1.000000000000000021e-08 1.000000000000000021e-08 1.000000000000000021e-08 1.000000000000000021e-08 1.000000000000000021e-08 1.000000000000000021e-08 1.219403096285559638e-04 1.580645958071765953e-04 1.083791339848173547e-04 6.823218188133107218e-04 6.518165448915931581e-04 4.824150505478384116e-04 2.681155924584478783e-05 1.000000000000000021e-08 1.090049385344877723e-05 1.254129184484779883e-05 1.698363330210411751e-05 1.371847241406149641e-05 1.000000000000000021e-08 1.000000000000000021e-08 1.000000000000000021e-08 1.528855974149057100e-05 2.577511697751099041e-05 1.000000000000000021e-08 1.000000000000000021e-08 2.072708287291689607e-05 6.162421244605989447e-05 7.051896180239916297e-05 5.540664936831233433e-05 9.598292686005122358e-05 8.168096186382038074e-05 1.869171512572444271e-04 7.490537503365140171e-04
1.000000000000000021e-08 1.000000000000000021e-08 1.000000000000000021e-08 1.013928529855475860e-05 2.067751292515426672e-05 3.015119088823012554e-05 4.934439219445611792e-05 3.408950593277019798e-05 2.505381440412239954e-05 1.000000000000000021e-08 1.000000000000000021e-08 1.141942243457017022e-05 1.135704185940992855e-05 1.583648341584174534e-05 2.355606158737666726e-05 4.826064510059454064e-05 2.290436110103026519e-05 1.928400116370370949e-05 1.000000000000000021e-08 1.000000000000000021e-08 1.000000000000000021e-08 1.000000000000000021e-08 1.000000000000000021e-08 1.000000000000000021e-08 1.000000000000000021e-08 1.580991163587618781e-05 1.537820624268751714e-05 1.000000000000000021e-08 1.000000000000000021e-08 1.381104386492947072e-05 1.000000000000000021e-08 1.000000000000000021e-08 4.136298101293558723e-05 2.797975751368596509e-05 5.649047192415705687e-05 1.216783945327674682e-04 5.498816485351349943e-05
1.000000000000000021e-08 1.000000000000000021e-08 1.000000000000000021e-08 1.380806589868267187e-05 1.508193871953076262e-05 2.277326006506409542e-05 2.833176658581594744e-05 5.192906488653854232e-05 4.091844235394787483e-05 3.291830014905280065e-05 2.449563336969941878e-05 2.380695343685663168e-05 1.995760503571503968e-05 2.570734590988201616e-05 3.375986455429770674e-05 2.500202646983165237e-05 4.031304794073558792e-05 1.817657532436103807e-05 1.000000000000000021e-08 1.000000000000000021e-08 1.000000000000000021e-08 1.000000000000000021e-08 1.000000000000000021e-08 1.124593213351693549e-05 1.339886669156642970e-05 1.000000000000000021e-08 1.940989173895324131e-05 1.292446140785835605e-05 1.000000000000000021e-08 2.676815797443043421e-05 2.783439462950770959e-05 1.000000000000000021e-08 1.000000000000000021e-08 1.864149654047124921e-05 5.985923225805610086e-05 1.000000000000000021e-08 3.453577193055032429e-05
1.000000000000000021e-08 1.000000000000000021e-08 1.000000000000000021e-08 1.000000000000000021e-08 1.342070749746455996e-05 1.293503611692538431e-05 1.537117249709022253e-05 1.205322714594112789e-05 3.570809630611367552e-05 4.879891791307441662e-05 6.932049714050563546e-05 5.143813952115280073e-05 4.842086147467706967e-05 4.796239681951955104e-05 1.000000000000000021e-08 4.176297973611261638e-05 2.502152184248200356e-05 3.634724555148021396e-05 1.109539470834507568e-05 1.000000000000000021e-08 1.000000000000000021e-08 1.000000000000000021e-08 1.000000000000000021e-08 1.000000000000000021e-08 1.541263252158704228e-05 1.000000000000000021e-08 2.046881786562073911e-05 4.936076754238333779e-05 5.193782019098093202e-04 6.158708443443299376e-04 7.584781048707783324e-04 9.016112610395930153e-04 1.042582640887164533e-03 7.537903838524438131e-04 5.621471981392533058e-04 3.940080557051594515e-04 4.004354393023469246e-04
1.333446405487203167e-05 1.000000000000000021e-08 1.235673506762989271e-05 1.000000000000000021e-08 1.000000000000000021e-08 1.000000000000000021e-08 1.000000000000000021e-08 1.000000000000000021e-08 1.000000000000000021e-08 1.000000000000000021e-08 1.369256828121575244e-05 6.137564712817265042e-05 6.342209872922203995e-05 6.391376039332875652e-05 1.000000000000000021e-08 1.000000000000000021e-08 2.105488911027262464e-05 1.749749902851377550e-05 2.409760748012894078e-05 2.012386164567683632e-05 1.000000000000000021e-08 1.000000000000000021e-08 1.000000000000000021e-08 1.000000000000000021e-08 1.000000000000000021e-08 1.000000000000000021e-08 1.647981879235917304e-05 1.928859451549885969e-04 1.817807456840826079e-04 1.926387339169872634e-04 1.783939572756856114e-04 1.769778888720215430e-04 1.232778459687146008e-04 5.181808594101205718e-04 5.761361784173206187e-04 5.977853391189090438e-04 5.313224693332752394e-04
3.182841924282200501e-05 1.000000000000000021e-08 1.000000000000000021e-08 1.000000000000000021e-08 1.000000000000000021e-08 1.000000000000000021e-08 1.000000000000000021e-08 1.000000000000000021e-08 1.000000000000000021e-08 1.000000000000000021e-08 1.000000000000000021e-08 1.000000000000000021e-08 1.000000000000000021e-08 1.000000000000000021e-08 1.000000000000000021e-08 1.000000000000000021e-08 1.000000000000000021e-08 1.000000000000000021e-08 1.000000000000000021e-08 1.000000000000000021e-08 1.000000000000000021e-08 1.000000000000000021e-08 1.204284070053577202e-05 1.450381561715534685e-05 9.613563529975065940e-05 1.055996282823867995e-04 1.316440329372765654e-04 1.251924918171444816e-04 1.107618532911264832e-04 8.452249019867366002e-05 8.747843520192399619e-05 7.131588968791267435e-05 1.000000000000000021e-08 2.980509539157237425e-05 3.603904232973402239e-05 5.198524325937418976e-05 4.917246738365174240e-04
2.771793516195892701e-05 2.588310113189573096e-05 2.684711662870294054e-05 1.000000000000000021e-08 1.000000000000000021e-08 1.000000000000000021e-08 1.000000000000000021e-08 1.000000000000000021e-08 1.000000000000000021e-08 1.000000000000000021e-08 1.000000000000000021e-08 1.000000000000000021e-08 1.000000000000000021e-08 1.000000000000000021e-08 1.000000000000000021e-08 1.000000000000000021e-08 1.000000000000000021e-08 1.000000000000000021e-08 1.000000000000000021e-08 1.000000000000000021e-08 1.000000000000000021e-08 1.000000000000000021e-08 1.271791326507848266e-05 1.701512032304942868e-05 6.281680014445216334e-05 1.146021570069868641e-04 1.458119520969444467e-04 1.618311568998096622e-04 1.000000000000000021e-08 1.000000000000000021e-08 1.000000000000000021e-08 3.623408180641494655e-05 2.968841662675222642e-05 2.283156513484243730e-04 3.679297761274116275e-05 2.715217846393476879e-05 5.037591044236077538e-05
