output/water_depth_8520.asc
ncols 223
nrows 158
xllcorner 0.0
yllcorner 0.0
cellsize 30.0
[rows 85 to 101 of 158, columns 185 to 221 of 223]
2.099179652088598418e-05 1.728012657460776646e-05 1.000000000000000021e-08 1.000000000000000021e-08 1.000000000000000021e-08 1.000000000000000021e-08 5.577271474650277597e-04 1.251420980274645378e-01 1.233440503917091063e-01 1.250470344584992399e-01 2.286617074007256389e-03 1.194796284566793012e-03 1.000000000000000021e-08 1.000000000000000021e-08 1.572845486070542894e-05 1.000000000000000021e-08 1.000000000000000021e-08 1.000000000000000021e-08 1.000000000000000021e-08 1.000000000000000021e-08 1.000000000000000021e-08 2.235201723337812120e-05 2.116095760978340488e-05 2.105610935112529525e-05 2.270830411062692614e-05 2.612514945939557870e-05 2.459225503230437826e-05 2.640327455182628892e-05 1.421611655007104937e-05 1.000000000000000021e-08 1.000000100000000021e-05 1.000000100000000021e-05 1.000000100000000021e-05 1.000000100000000021e-05 1.000000100000000021e-05 1.000000100000000021e-05 1.000000100000000021e-05
1.628774726887242686e-05 2.088923029318452901e-05 1.000000000000000021e-08 1.000000000000000021e-08 1.000000000000000021e-08 1.000000000000000021e-08 6.675753457841084634e-05 9.772101598839635916e-02 9.734170057607630100e-02 5.098142532327624857e-04 5.477942993401067320e-04 2.030485991450078291e-04 3.050635889700273944e-05 1.860765922433215894e-05 1.000000000000000021e-08 1.000000000000000021e-08 1.000000000000000021e-08 1.000000000000000021e-08 1.640677585890689072e-05 1.159656962436058785e-05 1.000000000000000021e-08 1.000000000000000021e-08 1.000000000000000021e-08 1.130948088607873955e-05 1.000000000000000021e-08 1.000000000000000021e-08 1.000000000000000021e-08 1.000000000000000021e-08 1.000000000000000021e-08 1.000000000000000021e-08 1.000000000000000021e-08 1.000000100000000021e-05 1.000000100000000021e-05 1.000000100000000021e-05 1.000000100000000021e-05 1.000000100000000021e-05 1.000000100000000021e-05
1.471824971048683142e-05 1.000000000000000021e-08 1.000000000000000021e-08 1.000000000000000021e-08 1.000000000000000021e-08 1.000000000000000021e-08 1.000000000000000021e-08 3.352707366385054150e-02 3.642013199379215416e-02 1.192139177078745383e-05 1.000000000000000021e-08 1.000000000000000021e-08 1.000000000000000021e-08 1.000000000000000021e-08 1.000000000000000021e-08 1.000000000000000021e-08 2.849714199758408264e-05 1.475334897080692533e-05 1.018215815394594165e-05 1.000000000000000021e-08 1.566676233926452198e-05 1.474167486098889625e-05 1.330001486550390642e-05 1.035712112154284666e-05 1.000000000000000021e-08 1.000000000000000021e-08 1.000000000000000021e-08 1.000000000000000021e-08 1.000000000000000021e-08 1.000000000000000021e-08 1.000000000000000021e-08 1.000000100000000021e-05 1.000000100000000021e-05 1.000000100000000021e-05 1.000000100000000021e-05 1.000000100000000021e-05 1.000000100000000021e-05
1.917990660636655222e-05 1.677722259398835210e-05 1.447614123441378370e-05 1.281074633613507588e-05 1.206005116952498356e-05 1.000000000000000021e-08 2.804399511990881395e-05 4.517555960019965788e-02 2.649789617618928186e-02 1.432865652433223594e-05 1.000000000000000021e-08 1.000000000000000021e-08 1.000000000000000021e-08 1.000000000000000021e-08 1.000000000000000021e-08 1.865808708792396733e-04 2.293207191373167544e-03 3.094406903951719317e-05 1.000000000000000021e-08 1.000000000000000021e-08 4.145202707925886787e-05 3.679656673458350915e-05 3.148915048363469792e-05 1.744201587612102876e-05 1.443957288678796923e-05 1.408146161962003107e-05 1.000000000000000021e-08 1.000000000000000021e-08 1.000000000000000021e-08 1.000000000000000021e-08 1.000000000000000021e-08 1.000000100000000021e-05 1.000000100000000021e-05 1.000000100000000021e-05 1.000000100000000021e-05 1.000000100000000021e-05 1.000000100000000021e-05
5.315914001761372495e-05 7.183230713248003820e-05 5.424302653683032549e-05 4.308155099336154897e-05 3.482387652627395521e-05 3.516729436116675935e-05 3.831110736394029506e-05 5.008724286468507064e-02 3.144161879978464580e-02 7.344522496287893135e-05 1.000000000000000021e-08 1.000000000000000021e-08 1.000000000000000021e-08 6.515612404668046358e-05 1.000117861355431120e-04 2.021269893891470626e-04 1.000000000000000021e-08 2.060630634496836332e-05 3.273282949998837542e-05 3.406991523939231222e-05 4.016909918769280286e-05 3.391639551367177965e-05 2.771795686738366349e-05 3.327262831031841506e-05 3.493206781853859652e-05 3.407006697140791567e-05 3.962705036127242217e-05 3.744078022076732093e-05 2.549869987476673474e-05 1.675210582916918038e-05 1.000000000000000021e-08 1.000000100000000021e-05 1.000000100000000021e-05 1.000000100000000021e-05 1.000000100000000021e-05 1.000000100000000021e-05 1.000000100000000021e-05
3.550261336122614853e-05 3.397878110714042707e-05 5.261190492037715863e-05 8.150065847962133627e-05 8.488399007713279384e-05 7.659880101824727023e-05 1.000000000000000021e-08 6.109459434291047292e-02 7.482231095233468632e-02 1.078192720873155880e-04 1.000000000000000021e-08 1.000000000000000021e-08 1.000000000000000021e-08 1.000000000000000021e-08 1.024048702666342325e-04 9.636603666892315230e-05 1.000000000000000021e-08 1.000000000000000021e-08 1.000000000000000021e-08 1.000000000000000021e-08 1.000000000000000021e-08 1.000000000000000021e-08 2.153482840816274698e-05 1.000000000000000021e-08 1.000000000000000021e-08 2.494384922006890801e-05 1.000000000000000021e-08 1.000000000000000021e-08 1.000000000000000021e-08 1.000000000000000021e-08 1.000000100000000021e-05 1.000000100000000021e-05 1.000000100000000021e-05 1.000000100000000021e-05 1.000000100000000021e-05 1.000000100000000021e-05 1.000000100000000021e-05
1.000000000000000021e-08 1.000000000000000021e-08 2.776829078714494544e-05 2.358685686890849375e-05 7.427795415855226559e-05 8.000976958002077545e-05 3.988900377961762341e-04 1.786280259536420223e-01 2.811383337405144039e-02 1.128831739981302891e-05 1.000000000000000021e-08 1.000000000000000021e-08 1.000000000000000021e-08 1.000000000000000021e-08 1.000000000000000021e-08 8.145667131567625328e-05 1.000000000000000021e-08 1.000000000000000021e-08 1.000000000000000021e-08 1.217328050187717491e-05 1.617378073783763337e-05 2.059709754576594522e-05 2.013692273251747460e-05 1.000000000000000021e-08 1.000000000000000021e-08 1.000000000000000021e-08 1.000000000000000021e-08 1.000000000000000021e-08 1.000000000000000021e-08 1.000000000000000021e-08 1.000000100000000021e-05 1.000000100000000021e-05 1.000000100000000021e-05 1.000000100000000021e-05 1.000000100000000021e-05 1.000000100000000021e-05 1.000000100000000021e-05
1.000000000000000021e-08 1.000000000000000021e-08 1.000000000000000021e-08 1.000000000000000021e-08 1.000000000000000021e-08 3.976033143321727525e-05 5.031585859471870748e-05 1.410812326745717882e-01 7.168988621507894031e-03 1.000000000000000021e-08 1.187453272503824820e-05 1.000000000000000021e-08 1.000000000000000021e-08 1.000000000000000021e-08 1.000000000000000021e-08 1.000000000000000021e-08 1.000000000000000021e-08 1.000000000000000021e-08 1.000000000000000021e-08 2.306741563419175149e-05 2.394031539265414329e-05 1.376897781265288981e-05 1.000000000000000021e-08 1.000000000000000021e-08 1.000000000000000021e-08 1.000000000000000021e-08 1.000000000000000021e-08 1.000000000000000021e-08 1.000000000000000021e-08 1.000000000000000021e-08 1.000000100000000021e-05 1.000000100000000021e-05 1.000000100000000021e-05 1.000000100000000021e-05 1.000000100000000021e-05 1.000000100000000021e-05 1.000000100000000021e-05
1.000000000000000021e-08 1.000000000000000021e-08 1.000000000000000021e-08 1.000000000000000021e-08 1.000000000000000021e-08 1.000000000000000021e-08 1.000000000000000021e-08 4.830628437824018712e-02 1.159340640482507817e-01 4.090236645290337464e-04 1.000000000000000021e-08 1.000000000000000021e-08 1.000000000000000021e-08 1.000000000000000021e-08 1.000000000000000021e-08 1.000000000000000021e-08 1.000000000000000021e-08 1.000000000000000021e-08 1.000000000000000021e-08 1.000000000000000021e-08 1.000000000000000021e-08 1.000000000000000021e-08 1.000000000000000021e-08 1.000000000000000021e-08 1.000000000000000021e-08 1.000000000000000021e-08 1.000000000000000021e-08 1.000000000000000021e-08 1.000000000000000021e-08 1.000000000000000021e-08 1.000000100000000021e-05 1.000000100000000021e-05 1.000000100000000021e-05 1.000000100000000021e-05 1.000000100000000021e-05 1.000000100000000021e-05 1.000000100000000021e-05
1.000000000000000021e-08 1.064141085188169942e-05 2.197021144857564716e-05 2.269633054478022800e-05 2.435703631096667858e-05 3.384934283564207142e-05 3.054653635792485935e-05 8.272335223611806954e-02 6.014165633161014379e-02 4.427745748213859651e-04 1.000000000000000021e-08 1.000000000000000021e-08 1.000000000000000021e-08 1.000000000000000021e-08 1.000000000000000021e-08 1.000000000000000021e-08 1.446425768777570354e-05 1.000000000000000021e-08 1.000000000000000021e-08 1.000000000000000021e-08 1.000000000000000021e-08 1.000000000000000021e-08 1.000000000000000021e-08 1.000000000000000021e-08 1.000000000000000021e-08 1.000000000000000021e-08 1.000000000000000021e-08 1.000000000000000021e-08 1.000000000000000021e-08 1.000000000000000021e-08 1.000000100000000021e-05 1.000000100000000021e-05 1.000000100000000021e-05 1.000000100000000021e-05 1.000000100000000021e-05 1.000000100000000021e-05 1.000000100000000021e-05
4.741345557873751724e-05 6.171207772530769775e-05 5.662160568011996228e-05 6.587863486607939390e-05 7.812076712394363652e-05 7.316194114905937452e-05 5.497882524040852105e-05 2.161377558071189697e-02 5.580512254831601626e-02 1.148683384967751368e-04 2.341694757980916815e-05 2.465999823317538585e-05 2.207251463292913133e-05 1.000000000000000021e-08 1.000000000000000021e-08 1.576022259206194786e-05 1.771716473114148460e-05 1.090011962500588897e-05 1.000000000000000021e-08 1.000000000000000021e-08 1.000000000000000021e-08 1.000000000000000021e-08 1.000000000000000021e-08 1.000000000000000021e-08 1.000000000000000021e-08 1.000000000000000021e-08 1.000000000000000021e-08 1.000000000000000021e-08 1.000000000000000021e-08 1.000000000000000021e-08 1.000000100000000021e-05 1.000000100000000021e-05 1.000000100000000021e-05 1.000000100000000021e-05 1.000000100000000021e-05 1.000000100000000021e-05 1.000000100000000021e-05
1.044017873066517258e-05 1.558575845206390396e-05 4.739155649896689736e-05 6.253500337271766991e-05 9.133346884572408626e-05 8.853450655260209983e-05 1.374129775396412797e-04 2.894509327084106992e-02 6.194810072335308476e-02 1.040209292958955625e-04 1.000000000000000021e-08 1.000000000000000021e-08 1.000000000000000021e-08 4.036962135896622519e-05 2.813906276506299977e-05 3.524935784426238113e-05 2.652332705225195260e-05 1.879571296965118477e-05 1.176363363676399656e-05 1.000000000000000021e-08 1.000000000000000021e-08 1.000000000000000021e-08 1.000000000000000021e-08 1.000000000000000021e-08 1.000000000000000021e-08 1.000000000000000021e-08 1.000000000000000021e-08 1.000000000000000021e-08 1.000000000000000021e-08 1.000000000000000021e-08 1.000000100000000021e-05 1.000000100000000021e-05 1.000000100000000021e-05 1.000000100000000021e-05 1.000000100000000021e-05 1.000000100000000021e-05 1.000000100000000021e-05
1.000000000000000021e-08 1.000000000000000021e-08 2.667975943390359743e-05 8.535723551108153251e-05 1.074667995931145159e-04 1.024526064108608446e-04 2.138097416017624691e-03 7.424021616502407550e-02 5.260784036499396854e-02 1.000000000000000021e-08 1.000000000000000021e-08 1.000000000000000021e-08 1.025687565922996325e-04 8.794909443631946289e-05 1.520177099099493257e-04 1.050618887336337941e-04 3.884889710051458615e-05 3.332902359692506520e-05 3.419632295483874380e-05 1.117806098989705068e-05 1.000000000000000021e-08 1.000000000000000021e-08 1.000000000000000021e-08 1.000000000000000021e-08 1.000000000000000021e-08 1.000000000000000021e-08 1.000000000000000021e-08 1.000000000000000021e-08 1.000000000000000021e-08 1.000000000000000021e-08 1.000000100000000021e-05 1.000000100000000021e-05 1.000000100000000021e-05 1.000000100000000021e-05 1.000000100000000021e-05 1.000000100000000021e-05 1.000000100000000021e-05
1.000000000000000021e-08 1.000000000000000021e-08 2.475550973335875914e-05 4.155154652682589332e-05 1.126543542429038865e-04 1.257668054511022467e-04 2.867943807505588948e-04 8.100342015582791266e-02 2.077383493523420749e-02 3.440212257771557654e-05 2.139343089937440252e-05 2.774490337262051776e-05 3.330664492540451918e-05 5.109362246182143976e-05 2.538067742759355782e-05 3.143780208018967086e-05 4.033795806183631638e-05 3.391489106132655236e-05 1.000000000000000021e-08 1.000000000000000021e-08 1.000000000000000021e-08 1.000000000000000021e-08 1.000000000000000021e-08 1.000000000000000021e-08 1.000000000000000021e-08 1.525436043613326461e-05 1.000000000000000021e-08 1.000000000000000021e-08 1.000000000000000021e-08 1.000000000000000021e-08 1.000000100000000021e-05 1.000000100000000021e-05 1.000000100000000021e-05 1.000000100000000021e-05 1.000000100000000021e-05 1.000000100000000021e-05 1.000000100000000021e-05
1.000000000000000021e-08 1.000000000000000021e-08 1.740669576805600204e-05 1.734199906116455227e-05 2.170225268858008886e-05 2.988286183581287045e-04 3.652662747310483904e-02 4.459610447210125145e-02 4.519168026378815421e-03 1.224428082020515488e-05 1.425657901657477889e-05 1.000000000000000021e-08 4.753667190516534943e-05 5.035558493589931985e-05 3.617737682617357977e-05 4.092500439150523130e-05 3.157356815382034756e-05 1.000000000000000021e-08 1.000000000000000021e-08 1.000000000000000021e-08 1.000000000000000021e-08 1.000000000000000021e-08 1.000000000000000021e-08 1.000000000000000021e-08 1.000000000000000021e-08 1.000000000000000021e-08 1.000000000000000021e-08 1.000000000000000021e-08 1.000000000000000021e-08 1.000000000000000021e-08 1.000000100000000021e-05 1.000000100000000021e-05 1.000000100000000021e-05 1.000000100000000021e-05 1.000000100000000021e-05 1.000000100000000021e-05 1.000000100000000021e-05
1.000000000000000021e-08 1.000000000000000021e-08 1.590133696918487793e-05 1.816941296712257348e-05 1.000000000000000021e-08 3.348071891697177675e-04 8.013721718167408914e-02 5.525943953698003036e-02 2.966922837672834618e-03 1.000000000000000021e-08 2.736295385378299027e-05 3.193413602318840265e-05 3.882761347862275967e-05 1.000000000000000021e-08 4.400711551969723612e-05 1.228766082258804483e-04 3.312665959798746323e-05 1.000000000000000021e-08 1.000000000000000021e-08 1.000000000000000021e-08 1.000000000000000021e-08 1.000000000000000021e-08 1.000000000000000021e-08 1.000000000000000021e-08 1.000000000000000021e-08 1.000000000000000021e-08 1.000000000000000021e-08 1.000000000000000021e-08 1.000000000000000021e-08 1.000000000000000021e-08 1.000000100000000021e-05 1.000000100000000021e-05 1.000000100000000021e-05 1.000000100000000021e-05 1.000000100000000021e-05 1.000000100000000021e-05 1.000000100000000021e-05
1.000000000000000021e-08 1.000000000000000021e-08 1.456598174215650629e-05 1.000000000000000021e-08 1.000000000000000021e-08 4.996828830717099716e-05 2.254137978867260667e-02 1.904387412705999538e-01 4.077824724953113891e-03 1.000000000000000021e-08 4.554904082897936481e-05 4.130811867919198066e-05 4.576761468057111561e-05 4.079708906285247320e-05 5.874572140025975404e-05 8.056690113959331207e-05 3.022508461755557324e-05 1.000000000000000021e-08 1.000000000000000021e-08 1.000000000000000021e-08 1.000000000000000021e-08 1.000000000000000021e-08 1.216908146941849325e-05 1.000000000000000021e-08 1.000000000000000021e-08 1.000000000000000021e-08 1.000000000000000021e-08 1.000000000000000021e-08 1.000000000000000021e-08 1.000000000000000021e-08 1.000000100000000021e-05 1.000000100000000021e-05 1.000000100000000021e-05 1.000000100000000021e-05 1.000000100000000021e-05 1.000000100000000021e-05 1.000000100000000021e-05
