output/water_depth_12000.asc
ncols 223
nrows 158
xllcorner 0.0
yllcorner 0.0
cellsize 30.0
[rows 102 to 118 of 158, columns 185 to 221 of 223]
1.000000000000000021e-08 1.000000000000000021e-08 1.000000000000000021e-08 1.000000000000000021e-08 1.000000000000000021e-08 1.000000000000000021e-08 1.222137147353304781e-02 1.000816822479645429e-01 3.686898414766215707e-04 1.746810306143837394e-04 1.247205607666953251e-04 5.158818184651502034e-05 3.676088260282846942e-05 3.838918920043751093e-05 4.086887277599466674e-05 3.666844238083137076e-05 1.196898725046091489e-05 1.000000000000000021e-08 1.000000000000000021e-08 1.000000000000000021e-08 1.000000000000000021e-08 1.000000000000000021e-08 1.000000000000000021e-08 1.000000000000000021e-08 1.000000000000000021e-08 1.000000000000000021e-08 1.000000000000000021e-08 1.000000000000000021e-08 1.000000000000000021e-08 1.000000000000000021e-08 1.000000100000000021e-05 1.000000100000000021e-05 1.000000100000000021e-05 1.000000100000000021e-05 1.000000100000000021e-05 1.000000100000000021e-05 1.000000100000000021e-05
1.000000000000000021e-08 1.000000000000000021e-08 1.627693157002853307e-05 1.686016621929150927e-05 1.474657459324192281e-05 1.000000000000000021e-08 2.224699715890539678e-03 5.465481388118440670e-02 1.384639888754344108e-04 5.955952145439191757e-05 8.557852229974528260e-05 1.175640515289991408e-04 1.062060702080497071e-04 8.206732160655524206e-05 6.011419667794828817e-05 2.125002769749521848e-05 6.248034606847972501e-05 1.000000000000000021e-08 1.000000000000000021e-08 1.000000000000000021e-08 1.000000000000000021e-08 1.000000000000000021e-08 1.000000000000000021e-08 1.000000000000000021e-08 1.000000000000000021e-08 1.000000000000000021e-08 1.000000000000000021e-08 1.000000000000000021e-08 1.000000000000000021e-08 1.000000000000000021e-08 1.000000100000000021e-05 1.000000100000000021e-05 1.000000100000000021e-05 1.000000100000000021e-05 1.000000100000000021e-05 1.000000100000000021e-05 1.000000100000000021e-05
1.000000000000000021e-08 1.000000000000000021e-08 1.000000000000000021e-08 1.000000000000000021e-08 2.950374193727637508e-05 4.046423449970053894e-04 1.279901753074149939e-01 5.499443835644989009e-02 1.625167793971109040e-05 1.000000000000000021e-08 1.000000000000000021e-08 1.000000000000000021e-08 1.000000000000000021e-08 1.000000000000000021e-08 1.000000000000000021e-08 4.486727113702199625e-05 1.267186125568458253e-04 2.653006296197248711e-05 2.407515878405079392e-05 1.328107559541706068e-05 1.000000000000000021e-08 1.000000000000000021e-08 1.000000000000000021e-08 1.000000000000000021e-08 1.000000000000000021e-08 1.000000000000000021e-08 1.000000000000000021e-08 1.000000000000000021e-08 1.000000000000000021e-08 1.000000000000000021e-08 1.000000100000000021e-05 1.000000100000000021e-05 1.000000100000000021e-05 1.000000100000000021e-05 1.000000100000000021e-05 1.000000100000000021e-05 1.000000100000000021e-05
1.000000000000000021e-08 1.000000000000000021e-08 1.000000000000000021e-08 1.000000000000000021e-08 8.060624649782474963e-05 8.706620621307294139e-02 9.906065852572130959e-02 3.266665104244131370e-05 1.000000000000000021e-08 1.000000000000000021e-08 1.000000000000000021e-08 1.000000000000000021e-08 1.000000000000000021e-08 1.000000000000000021e-08 1.433430863734918003e-05 2.120862902137095451e-05 3.754975888776350065e-03 2.186181923967726941e-05 1.000000000000000021e-08 1.000000000000000021e-08 1.000000000000000021e-08 1.000000000000000021e-08 1.000000000000000021e-08 1.000000000000000021e-08 1.000000000000000021e-08 1.000000000000000021e-08 1.000000000000000021e-08 1.000000000000000021e-08 1.000000000000000021e-08 1.000000000000000021e-08 1.000000100000000021e-05 1.000000100000000021e-05 1.000000100000000021e-05 1.000000100000000021e-05 1.000000100000000021e-05 1.000000100000000021e-05 1.000000100000000021e-05
6.776930525360712148e-05 5.316821757824204760e-05 1.000000000000000021e-08 1.000000000000000021e-08 2.929359112013238127e-05 7.480849339640183171e-02 8.001328994334880318e-02 5.915912705361856927e-05 3.964078018044451325e-05 3.069695966053942189e-05 2.077779907249686567e-05 1.518862496154035785e-05 1.105327291959767008e-05 1.694790251652264241e-05 1.000000000000000021e-08 1.000000000000000021e-08 3.206652261325143756e-03 4.028545049161314770e-05 1.000000000000000021e-08 1.000000000000000021e-08 1.000000000000000021e-08 1.000000000000000021e-08 1.000000000000000021e-08 1.000000000000000021e-08 1.000000000000000021e-08 1.000000000000000021e-08 1.000000000000000021e-08 1.354039191616460211e-05 1.000000000000000021e-08 1.000000000000000021e-08 1.000000100000000021e-05 1.000000100000000021e-05 1.000000100000000021e-05 1.000000100000000021e-05 1.000000100000000021e-05 1.000000100000000021e-05 1.000000100000000021e-05
1.955784986454921765e-05 5.481495435434647939e-05 4.688781827917455587e-05 3.943387704635184423e-05 4.702719028647138976e-05 3.952223989256387071e-02 5.459828011338058174e-02 1.000000000000000021e-08 1.000000000000000021e-08 1.000000000000000021e-08 1.000000000000000021e-08 3.610935618772775273e-05 3.367735111811574576e-05 1.000000000000000021e-08 1.000000000000000021e-08 1.000000000000000021e-08 4.132846718927842304e-04 4.603771048315828137e-05 4.968393902860296141e-05 5.898297312696990037e-05 5.006496599771387458e-05 4.125846536510048291e-05 3.211813612672534309e-05 2.298415331465342488e-05 1.174541472362227907e-05 1.000000000000000021e-08 1.000000000000000021e-08 1.000000000000000021e-08 1.000000000000000021e-08 1.000000100000000021e-05 1.000000100000000021e-05 1.000000100000000021e-05 1.000000100000000021e-05 1.000000100000000021e-05 1.000000100000000021e-05 1.000000100000000021e-05 1.000000100000000021e-05
1.255962099254225600e-05 1.627295897852515613e-05 3.265509845030761717e-05 1.000000000000000021e-08 6.524553133584887069e-05 1.082965656995554249e-01 1.446036533013370616e-02 1.000000000000000021e-08 1.136355192119696683e-05 1.060828520576824887e-05 1.021819060153632681e-05 1.000000000000000021e-08 1.000000000000000021e-08 1.000000000000000021e-08 1.000000000000000021e-08 1.000000000000000021e-08 4.398943236483825897e-04 5.691204072279045542e-05 3.675464566898643050e-05 1.000000000000000021e-08 1.000000000000000021e-08 1.000000000000000021e-08 1.000000000000000021e-08 1.000000000000000021e-08 1.000000000000000021e-08 1.000000000000000021e-08 1.000000000000000021e-08 1.000000000000000021e-08 1.000000000000000021e-08 1.000000100000000021e-05 1.000000100000000021e-05 1.000000100000000021e-05 1.000000100000000021e-05 1.000000100000000021e-05 1.000000100000000021e-05 1.000000100000000021e-05 1.000000100000000021e-05
1.000000000000000021e-08 1.730107674128121965e-05 3.518154195089536222e-05 5.414414524863994730e-05 7.509797015115828034e-02 7.744115000536340443e-02 6.534670632095351817e-02 4.812420450671855499e-05 1.000000000000000021e-08 1.000000000000000021e-08 1.000000000000000021e-08 1.000000000000000021e-08 1.459796127080726998e-05 1.000000000000000021e-08 1.000000000000000021e-08 1.000000000000000021e-08 5.893803064725315795e-03 8.861925355971483670e-05 2.332677161454537715e-05 1.000000000000000021e-08 1.000000000000000021e-08 1.000000000000000021e-08 1.000000000000000021e-08 1.000000000000000021e-08 1.000000000000000021e-08 1.000000000000000021e-08 1.000000000000000021e-08 1.000000000000000021e-08 1.000000000000000021e-08 1.000000100000000021e-05 1.000000100000000021e-05 1.000000100000000021e-05 1.000000100000000021e-05 1.000000100000000021e-05 1.000000100000000021e-05 1.000000100000000021e-05 1.000000100000000021e-05
1.000000000000000021e-08 1.000000000000000021e-08 1.000000000000000021e-08 1.000000000000000021e-08 1.000000000000000021e-08 3.335932012986453365e-02 2.693727181449160832e-02 4.271309162485477346e-05 1.000000000000000021e-08 1.000000000000000021e-08 1.000000000000000021e-08 1.000000000000000021e-08 1.000000000000000021e-08 1.000000000000000021e-08 1.241904858146889283e-05 3.497092763278955053e-03 4.278288177496466192e-03 1.080446903988166017e-05 1.611463770590014586e-05 1.000000000000000021e-08 1.000000000000000021e-08 1.000000000000000021e-08 1.000000000000000021e-08 1.000000000000000021e-08 1.000000000000000021e-08 1.000000000000000021e-08 1.000000000000000021e-08 1.000000000000000021e-08 1.000000000000000021e-08 1.000000100000000021e-05 1.000000100000000021e-05 1.000000100000000021e-05 1.000000100000000021e-05 1.000000100000000021e-05 1.000000100000000021e-05 1.000000100000000021e-05 1.000000100000000021e-05
1.000000000000000021e-08 1.000000000000000021e-08 1.000000000000000021e-08 1.000000000000000021e-08 1.000000000000000021e-08 1.842908829605635970e-02 4.216737376274383442e-02 6.713564820678856514e-05 1.000000000000000021e-08 1.000000000000000021e-08 1.000000000000000021e-08 1.000000000000000021e-08 1.000000000000000021e-08 1.000000000000000021e-08 1.000000000000000021e-08 4.352801154234041989e-04 6.552065737730469524e-04 1.000000000000000021e-08 1.000000000000000021e-08 1.624962227064112594e-05 1.000000000000000021e-08 1.000000000000000021e-08 1.000000000000000021e-08 1.000000000000000021e-08 1.000000000000000021e-08 1.000000000000000021e-08 1.000000000000000021e-08 1.000000000000000021e-08 1.000000000000000021e-08 1.000000100000000021e-05 1.000000100000000021e-05 1.000000100000000021e-05 1.000000100000000021e-05 1.000000100000000021e-05 1.000000100000000021e-05 1.000000100000000021e-05 1.000000100000000021e-05
1.000000000000000021e-08 1.000000000000000021e-08 1.000000000000000021e-08 1.000000000000000021e-08 1.000000000000000021e-08 1.125347106188032305e-02 4.966411300299076320e-02 5.541592596312494605e-05 1.000000000000000021e-08 1.000000000000000021e-08 1.000000000000000021e-08 1.000000000000000021e-08 1.000000000000000021e-08 1.000000000000000021e-08 1.000000000000000021e-08 6.607563228128336208e-04 8.570631017422744395e-05 1.000000000000000021e-08 2.408897291219209107e-05 1.000000000000000021e-08 1.000000000000000021e-08 1.000000000000000021e-08 1.000000000000000021e-08 1.000000000000000021e-08 1.000000000000000021e-08 1.000000000000000021e-08 1.000000000000000021e-08 1.000000000000000021e-08 1.000000000000000021e-08 1.000000100000000021e-05 1.000000100000000021e-05 1.000000100000000021e-05 1.000000100000000021e-05 1.000000100000000021e-05 1.000000100000000021e-05 1.000000100000000021e-05 1.000000100000000021e-05
2.438949797918888706e-05 2.286504175957913083e-05 2.353071314036276864e-05 1.000000000000000021e-08 1.000000000000000021e-08 1.402974896984909570e-01 1.395152956651574960e-01 1.237007519421939039e-01 1.000000000000000021e-08 1.000000000000000021e-08 1.000000000000000021e-08 1.000000000000000021e-08 1.000000000000000021e-08 1.000000000000000021e-08 9.080862913729118718e-03 1.071392604126295001e-03 6.496585804081495268e-05 1.000000000000000021e-08 1.000000000000000021e-08 1.000000000000000021e-08 1.000000000000000021e-08 1.102682684066320391e-05 1.687576974369944116e-05 1.726155366625774820e-05 1.386968268824860104e-05 1.000000000000000021e-08 1.000000000000000021e-08 1.000000000000000021e-08 1.000000000000000021e-08 1.000000100000000021e-05 1.000000100000000021e-05 1.000000100000000021e-05 1.000000100000000021e-05 1.000000100000000021e-05 1.000000100000000021e-05 1.000000100000000021e-05 1.000000100000000021e-05
4.560777769385497560e-02 4.693873760846225401e-02 4.785941804161147894e-02 4.854351176589481037e-02 4.909952216161667105e-02 1.425492109732836299e-01 1.363546065955869302e-01 1.060478562863934188e-01 5.835770990325084978e-02 1.000000000000000021e-08 1.000000000000000021e-08 1.000000000000000021e-08 1.000000000000000021e-08 1.000000000000000021e-08 7.108984387390077965e-03 1.234210799545337669e-04 7.419161697467922681e-05 1.000000000000000021e-08 1.000000000000000021e-08 1.000000000000000021e-08 1.000000000000000021e-08 2.578939194882388773e-05 2.636565193089193982e-05 2.011005452140172194e-05 2.060872141656973841e-05 2.214160988238718042e-05 1.269507285756606610e-05 1.000000000000000021e-08 1.000000000000000021e-08 1.000000100000000021e-05 1.000000100000000021e-05 1.000000100000000021e-05 1.000000100000000021e-05 1.000000100000000021e-05 1.000000100000000021e-05 1.000000100000000021e-05 1.000000100000000021e-05
4.363097059873688281e-03 2.976983021464309383e-03 1.883947166509630702e-03 1.247942353666543248e-03 7.861134642044399290e-04 5.401139606700963670e-04 3.058493719386120354e-04 5.712774069823938622e-02 1.821524338807433974e-01 1.413853798732242761e-01 6.240489200034625037e-04 2.161819375574405063e-04 5.852171294882710893e-05 8.862120372919936762e-05 7.941609111198682722e-04 9.655011093932810659e-05 1.430978651067992284e-05 2.333024521376231552e-05 2.925912490162942633e-05 3.169787347290429461e-05 3.950705870819531441e-05 4.772431307500865909e-05 1.940620959853560360e-05 1.000000000000000021e-08 1.191373852764298574e-05 1.000000000000000021e-08 1.000000000000000021e-08 1.000000000000000021e-08 1.000000000000000021e-08 1.000000100000000021e-05 1.000000100000000021e-05 1.000000100000000021e-05 1.000000100000000021e-05 1.000000100000000021e-05 1.000000100000000021e-05 1.000000100000000021e-05 1.000000100000000021e-05
1.000000000000000021e-08 1.000000000000000021e-08 1.000000000000000021e-08 1.000000000000000021e-08 1.032430875421067634e-05 1.000000000000000021e-08 1.000000000000000021e-08 1.216174086570459041e-04 2.114039061605438264e-04 5.887264607861009136e-02 5.934706791369284001e-02 4.611276828258603936e-04 1.366611787212963867e-04 1.314211806094696823e-04 6.736823548654916928e-04 8.763569586053999029e-05 6.922305445491285316e-05 8.475969621799533005e-05 1.078809114337334215e-04 9.159960217231933428e-05 6.342179113982176000e-05 2.696405233017452730e-05 2.104496658758769361e-05 1.000000000000000021e-08 1.001472230516626657e-05 1.000000000000000021e-08 1.000000000000000021e-08 1.000000000000000021e-08 1.000000000000000021e-08 1.000000100000000021e-05 1.000000100000000021e-05 1.000000100000000021e-05 1.000000100000000021e-05 1.000000100000000021e-05 1.000000100000000021e-05 1.000000100000000021e-05 1.000000100000000021e-05
1.000000000000000021e-08 1.000000000000000021e-08 1.000000000000000021e-08 1.000000000000000021e-08 1.000000000000000021e-08 5.225616521715822005e-04 1.000000000000000021e-08 1.000000000000000021e-08 1.000000000000000021e-08 2.953782208074320903e-02 1.418207799847644723e-01 1.322875063796134232e-01 1.799223427753817578e-04 1.094201645344166420e-04 5.896521080848397692e-04 2.024883276720415896e-04 1.232523612095569126e-04 7.170051834680800265e-05 1.897668791219047073e-05 1.832474374978226400e-05 1.747981449866606668e-05 1.784944582462974098e-05 1.933325993812008998e-05 2.259952906434328443e-05 1.413687685533399835e-05 1.000000000000000021e-08 1.000000000000000021e-08 1.000000000000000021e-08 1.000000100000000021e-05 1.000000100000000021e-05 1.000000100000000021e-05 1.000000100000000021e-05 1.000000100000000021e-05 1.000000100000000021e-05 1.000000100000000021e-05 1.000000100000000021e-05 1.000000100000000021e-05
1.000000000000000021e-08 1.000000000000000021e-08 1.000000000000000021e-08 1.000000000000000021e-08 1.000000000000000021e-08 4.851915916187085148e-05 7.299784267274581073e-05 3.349464613816965621e-05 3.712868896522561701e-05 1.212544295157086810e-01 1.258128211501162996e-01 1.215020127920020260e-01 1.198838946196077032e-01 4.162821632348392975e-04 5.779137935966992821e-05 2.118857803779039073e-05 2.304674637189418950e-05 2.356117890073091653e-05 1.503520270216402149e-05 1.000000000000000021e-08 1.000000000000000021e-08 1.000000000000000021e-08 1.000000000000000021e-08 1.000000000000000021e-08 1.000000000000000021e-08 1.000000000000000021e-08 1.000000000000000021e-08 1.000000000000000021e-08 1.000000100000000021e-05 1.000000100000000021e-05 1.000000100000000021e-05 1.000000100000000021e-05 1.000000100000000021e-05 1.000000100000000021e-05 1.000000100000000021e-05 1.000000100000000021e-05 1.000000100000000021e-05
