output/water_depth_10680.asc
ncols 223
nrows 158
xllcorner 0.0
yllcorner 0.0
cellsize 30.0
[rows 0 to 16 of 158, columns 111 to 147 of 223]
1.000000100000000021e-05 1.000000100000000021e-05 1.000000100000000021e-05 1.000000100000000021e-05 1.000000100000000021e-05 1.000000100000000021e-05 1.000000100000000021e-05 1.000000100000000021e-05 1.000000100000000021e-05 1.000000100000000021e-05 1.000000100000000021e-05 1.000000100000000021e-05 1.000000100000000021e-05 1.000000100000000021e-05 1.000000100000000021e-05 1.000000100000000021e-05 1.000000100000000021e-05 1.000000100000000021e-05 1.000000100000000021e-05 1.000000100000000021e-05 1.000000100000000021e-05 1.000000100000000021e-05 1.000000100000000021e-05 1.000000100000000021e-05 1.000000100000000021e-05 1.000000100000000021e-05 1.000000100000000021e-05 1.000000100000000021e-05 1.000000100000000021e-05 1.000000100000000021e-05 1.000000100000000021e-05 1.000000100000000021e-05 1.000000100000000021e-05 1.000000100000000021e-05 1.000000100000000021e-05 1.000000100000000021e-05 1.000000100000000021e-05
1.000000100000000021e-05 1.000000100000000021e-05 1.000000100000000021e-05 1.000000100000000021e-05 1.000000100000000021e-05 1.000000100000000021e-05 1.000000100000000021e-05 1.000000100000000021e-05 1.000000100000000021e-05 1.000000100000000021e-05 1.000000100000000021e-05 1.000000100000000021e-05 1.000000100000000021e-05 1.000000100000000021e-05 1.000000100000000021e-05 1.000000100000000021e-05 1.000000100000000021e-05 1.000000100000000021e-05 1.000000100000000021e-05 1.000000100000000021e-05 1.000000100000000021e-05 1.000000100000000021e-05 1.000000100000000021e-05 1.000000100000000021e-05 1.000000100000000021e-05 1.000000100000000021e-05 1.000000100000000021e-05 1.000000100000000021e-05 1.000000100000000021e-05 1.000000100000000021e-05 1.000000100000000021e-05 1.000000100000000021e-05 1.000000100000000021e-05 1.000000100000000021e-05 1.000000100000000021e-05 1.000000100000000021e-05 1.000000100000000021e-05
1.000000100000000021e-05 1.000000100000000021e-05 1.000000100000000021e-05 1.000000100000000021e-05 1.000000100000000021e-05 1.000000100000000021e-05 1.000000100000000021e-05 1.000000100000000021e-05 1.000000100000000021e-05 1.000000100000000021e-05 1.000000100000000021e-05 1.000000100000000021e-05 1.000000100000000021e-05 1.000000100000000021e-05 1.000000100000000021e-05 1.000000100000000021e-05 1.000000100000000021e-05 1.000000100000000021e-05 1.000000000000000021e-08 1.000000000000000021e-08 1.000000000000000021e-08 1.000000000000000021e-08 3.588324439630713718e-03 1.000000100000000021e-05 1.000000100000000021e-05 1.000000100000000021e-05 1.000000100000000021e-05 1.000000100000000021e-05 1.000000100000000021e-05 3.873132798650144197e-05 2.254668204360010911e-05 2.542703537931288840e-05 1.662418224505989950e-05 1.000000100000000021e-05 1.000000100000000021e-05 1.000000100000000021e-05 1.000000100000000021e-05
6.938903512503034865e-05 8.338035582887669001e-05 9.884826467315603138e-05 7.374809376345485828e-05 5.487472913277506836e-05 4.208548639305749125e-05 3.484273296457984136e-05 2.393244641251809362e-05 2.108993905037490893e-05 5.747617291806897958e-05 8.113778198739224497e-05 6.501225866736815798e-05 7.603397067227820065e-05 9.665501394705084597e-05 1.135944976771734356e-04 1.282330513895014361e-04 9.175424429597295295e-05 6.768727407924766439e-05 4.958658325565925385e-05 3.451680717883830852e-05 5.577463063508303196e-05 4.284921932968516374e-03 3.141103429911823279e-03 3.191488342239621545e-04 1.662968920565758733e-04 1.796586113442031729e-04 3.150796275691778277e-05 1.000000000000000021e-08 1.000000000000000021e-08 6.183640101276304413e-05 3.206769821972826711e-05 1.408409548822073352e-05 1.124958173740275821e-05 1.000000000000000021e-08 1.000000000000000021e-08 1.000000100000000021e-05 1.000000100000000021e-05
1.000000000000000021e-08 1.000000000000000021e-08 1.000000000000000021e-08 5.017912132513404353e-05 5.398573500923158465e-05 8.796288477001487117e-05 7.216396452720089962e-05 5.745335218462995674e-05 7.809343343504080109e-05 1.342146015240531013e-04 1.596409601532644952e-04 8.424706670217639701e-05 6.483396578619196713e-05 8.518081711974807933e-05 1.012714800041981727e-04 7.446585023870814645e-05 1.194583755419836938e-04 1.610207564632341751e-04 2.067965166785299064e-04 2.567313364071557185e-04 2.828988376220718695e-04 2.218995970369681608e-04 3.301113667090013921e-04 3.397964017904910798e-04 3.053148398736720177e-04 3.696329379166007228e-04 6.390614532710617833e-05 1.000000000000000021e-08 1.000000000000000021e-08 8.675711961318645794e-05 2.375839509369502962e-05 1.605147343104209356e-05 1.000000000000000021e-08 1.000000000000000021e-08 1.000000000000000021e-08 1.000000000000000021e-08 1.000000000000000021e-08
1.000000000000000021e-08 1.000000000000000021e-08 1.000000000000000021e-08 4.033069590853640557e-05 5.037684709696218957e-05 5.367108445718080681e-05 1.105012708634770245e-04 1.026047369002918401e-04 1.203822570039015456e-04 1.000000000000000021e-08 1.000000000000000021e-08 5.516026546348081486e-05 6.429304752738461838e-05 4.681704709992831663e-05 3.342916985822344875e-05 5.720471507650740973e-05 4.195446349620373695e-05 3.056301716479108501e-05 2.422335678184900723e-05 1.000000000000000021e-08 4.230572150307436300e-05 1.906523299295773686e-04 9.863282228765579956e-04 1.515412289066096849e-03 9.357614129648618656e-04 7.836974485285550917e-04 8.242066682925560219e-04 8.146455141394214029e-05 2.406673352931008381e-04 1.370411497294653355e-03 2.234896082145015639e-05 1.000000000000000021e-08 1.059755360440201096e-05 1.212683186136644418e-05 1.240609798962929880e-05 1.178747501480004931e-05 1.088685436533900996e-05
6.904246184224459044e-05 7.048693962612594588e-05 6.000514449359377214e-05 7.986257903043056589e-05 1.000000000000000021e-08 1.000000000000000021e-08 1.466710468474393145e-05 1.433050403912102986e-04 1.169656511973331877e-04 9.476393103629036831e-05 6.237330066411928713e-05 1.184797748889195116e-04 4.588234225377695383e-05 4.707015144123317875e-05 4.485428875769216983e-05 6.410315235260226048e-05 1.631371145729861288e-03 1.607871870991603740e-04 1.000000000000000021e-08 1.000000000000000021e-08 6.927463927968080168e-05 1.247004895621729682e-03 8.971890878404130626e-04 6.126303476846224876e-04 1.492674427376097660e-03 1.912548379697022981e-03 2.206497944436564950e-03 2.278806431600876106e-03 1.096030471073285682e-02 1.217259422747648514e-04 4.982761787708210203e-05 2.091353561639255847e-05 2.402943248640297271e-05 1.873725222630444172e-05 1.485573631064586995e-05 1.088527176068839706e-05 1.000000000000000021e-08
1.000000000000000021e-08 1.000000000000000021e-08 4.335080590040403119e-05 1.000000000000000021e-08 1.000000000000000021e-08 1.000000000000000021e-08 1.000000000000000021e-08 1.000000000000000021e-08 1.000000000000000021e-08 1.000000000000000021e-08 5.448601278378105932e-05 2.305912347344788859e-04 2.200682184831517308e-04 6.067392395564341710e-04 9.372315293473938930e-04 1.055578183181899712e-03 1.183261099152067754e-03 6.756980577243117993e-03 8.403353492939941161e-04 5.458575137317307280e-04 8.159498076023939802e-04 1.539845290642860012e-03 1.521049205597924765e-04 1.018814525655887193e-04 8.101633303147060363e-05 5.882358051053917733e-05 4.682676176993750286e-05 3.734202885612546022e-04 2.153767304936106755e-03 2.881111727458203270e-04 1.628679950325656381e-05 1.713474791903633380e-05 1.000000000000000021e-08 1.000000000000000021e-08 1.000000000000000021e-08 1.000000000000000021e-08 1.000000000000000021e-08
1.000000000000000021e-08 5.226528658027208818e-05 6.957014525085799899e-05 1.552053686832862681e-04 1.103627805588127466e-04 8.793569427108652097e-05 1.000000000000000021e-08 1.000000000000000021e-08 1.000000000000000021e-08 1.000000000000000021e-08 5.977920916545471095e-04 7.727582996921287693e-04 6.934381728013306418e-04 5.622177742391192695e-04 3.700646325184659617e-04 2.493883712421052180e-04 1.536902978554161405e-04 1.107017731475939569e-04 7.591539373327036832e-04 9.058865271314807789e-04 6.752155295457226529e-04 9.314522110789944919e-04 8.882419455196324603e-05 4.976873029186128081e-05 1.000000000000000021e-08 1.000000000000000021e-08 1.000000000000000021e-08 2.894001590173271725e-05 1.544784863171404145e-03 1.297382449496563154e-03 1.268376539038701405e-05 1.000000000000000021e-08 1.000000000000000021e-08 1.000000000000000021e-08 1.000000000000000021e-08 1.000000000000000021e-08 1.000000000000000021e-08
6.511041149860700419e-05 4.970932816045394435e-05 6.616914687813794417e-05 5.440599842763258793e-05 1.064005087336720757e-04 8.505808183360426245e-05 4.826747894760847194e-05 3.673613383700595329e-05 2.856615353997639129e-05 6.497443895757759407e-05 3.302996107346181306e-03 3.804915856315486803e-04 2.624649416845708291e-04 1.457473603315524908e-04 1.397033042400349940e-04 5.442509488724561143e-05 3.284091400671221186e-05 1.000000000000000021e-08 1.000000000000000021e-08 1.000000000000000021e-08 1.000000000000000021e-08 1.000000000000000021e-08 1.000000000000000021e-08 3.686508879398230575e-05 3.295787577586988410e-05 2.506633028293748461e-05 1.903630927767611678e-05 2.663476298731184622e-05 1.581077705288604389e-03 1.347988449215146685e-03 1.000000000000000021e-08 1.000000000000000021e-08 1.000000000000000021e-08 1.000000000000000021e-08 1.000000000000000021e-08 1.000000000000000021e-08 1.000000000000000021e-08
1.000000000000000021e-08 1.000000000000000021e-08 1.000000000000000021e-08 1.000000000000000021e-08 9.179546893731792962e-05 2.140450579366989239e-04 2.611683705613898317e-04 1.979713661520098543e-04 1.563938684970869156e-04 3.510565877326695880e-04 6.436921979939971361e-04 1.000000000000000021e-08 1.000000000000000021e-08 1.000000000000000021e-08 1.000000000000000021e-08 8.252000665999803053e-04 1.000000000000000021e-08 1.000000000000000021e-08 1.000000000000000021e-08 1.000000000000000021e-08 1.000000000000000021e-08 1.000000000000000021e-08 1.000000000000000021e-08 2.764831402880679349e-05 3.912067432195501612e-05 3.634117097765117557e-05 2.678653142536305617e-05 1.000000000000000021e-08 1.671600232591314347e-03 1.471089048723824748e-03 1.000000000000000021e-08 1.000000000000000021e-08 1.000000000000000021e-08 1.000000000000000021e-08 1.000000000000000021e-08 1.000000000000000021e-08 1.000000000000000021e-08
5.730541746243704979e-05 6.479118359989925096e-05 7.634312159082219272e-05 8.626263380331830870e-05 1.120015197328636669e-04 2.713990755585623041e-04 3.028479800351193242e-04 1.605120429752988269e-04 2.246798361027326299e-04 2.416304003532146125e-04 3.207921759886720684e-04 6.072029392268910633e-05 1.000000000000000021e-08 1.000000000000000021e-08 1.000000000000000021e-08 1.000000000000000021e-08 1.000000000000000021e-08 1.000000000000000021e-08 1.000000000000000021e-08 1.000000000000000021e-08 1.000000000000000021e-08 1.000000000000000021e-08 1.000000000000000021e-08 2.255223209275257924e-05 3.707433091388288182e-05 3.976298573227644677e-05 3.611326321077182707e-05 3.349074961614807131e-05 1.644755025671184494e-03 1.448353514852775527e-03 1.000000000000000021e-08 1.000000000000000021e-08 1.000000000000000021e-08 1.000000000000000021e-08 1.000000000000000021e-08 1.000000000000000021e-08 1.000000000000000021e-08
8.921254136570882522e-05 9.471558567668235374e-05 1.038975930350587618e-04 8.628360544520524223e-05 1.923184732230219637e-04 1.393416727173626296e-04 1.609843187321267671e-04 1.475704616946483855e-04 1.791631558910575012e-04 2.076488880513282760e-04 1.652745220505356710e-04 1.048933921302774408e-04 6.723869104789807251e-05 3.850325509722945990e-05 2.985412354687980109e-05 3.421811343999582399e-05 1.000000000000000021e-08 1.000000000000000021e-08 1.000000000000000021e-08 1.000000000000000021e-08 1.000000000000000021e-08 1.000000000000000021e-08 1.000000000000000021e-08 2.333482461852704075e-05 3.585867476049232113e-05 4.318256215440834469e-05 4.939441442974859737e-05 1.069593543826007694e-04 2.161900137114335096e-03 1.961192458557252556e-03 1.000000000000000021e-08 1.000000000000000021e-08 1.000000000000000021e-08 1.000000000000000021e-08 1.000000000000000021e-08 1.000000000000000021e-08 1.000000000000000021e-08
7.224546325305663955e-05 9.998321543631556447e-05 8.030753007467641535e-05 2.019361431060131228e-04 1.387907214367774418e-04 1.688195899251098851e-04 1.709052935936720562e-04 2.438334468188898250e-04 2.912603542793216994e-04 2.032150821543399699e-04 1.354865948300539567e-04 1.407229037488396252e-04 1.094549340156663768e-04 1.000000000000000021e-08 3.329677266238591709e-05 2.178119092552537975e-05 1.254330826113185258e-05 1.000000000000000021e-08 1.000000000000000021e-08 1.000000000000000021e-08 1.000000000000000021e-08 1.000000000000000021e-08 1.000000000000000021e-08 3.297643602538146768e-05 1.061831563455814184e-03 6.827005296647589987e-05 6.738665035790859445e-05 9.584913710406857336e-05 2.672518148851131189e-02 2.731376773547778206e-02 2.723480486026023592e-02 4.470211331632138692e-05 1.000000000000000021e-08 1.000000000000000021e-08 1.000000000000000021e-08 1.000000000000000021e-08 1.000000000000000021e-08
6.291337618803849614e-05 5.530602953068195187e-05 1.202243769681564172e-04 1.054672880391566657e-04 1.000000000000000021e-08 1.000000000000000021e-08 1.476796484712515839e-05 4.305668010376916194e-05 3.453914273744295474e-05 3.154658178987602643e-05 9.212058944425273140e-05 1.354210892655238632e-04 1.000000000000000021e-08 1.000000000000000021e-08 2.541529249308952903e-05 1.000000000000000021e-08 1.356632755312865025e-05 1.000000000000000021e-08 1.000000000000000021e-08 1.000000000000000021e-08 1.000000000000000021e-08 1.000000000000000021e-08 2.594039916138424261e-05 3.615730557380019712e-05 1.000000000000000021e-08 5.027533966304363828e-05 1.000000000000000021e-08 1.118696265512116589e-05 2.567928737778836512e-02 2.712880524677140082e-02 2.713817572934651076e-02 3.513845472151483525e-04 4.048670919685041402e-05 1.000000000000000021e-08 1.000000000000000021e-08 1.000000000000000021e-08 1.000000000000000021e-08
2.604264513999277414e-05 2.337669612844576515e-05 2.278640486166474703e-05 2.057874466994461977e-05 1.104978948872250857e-05 1.000000000000000021e-08 1.000000000000000021e-08 1.000000000000000021e-08 1.000000000000000021e-08 1.000000000000000021e-08 8.640621187619265578e-05 1.739478835743090486e-04 1.965897508286517455e-04 1.671475764083793915e-04 3.878814905134044390e-04 4.541178770537846084e-04 4.084443746424784930e-04 2.732753343581152119e-04 1.817219321259146527e-04 1.167776394677283729e-04 7.809617746175440372e-05 7.228756234464526326e-05 4.113836770140840235e-05 3.821129136565172270e-05 2.738224715918756934e-05 3.934882825847175320e-05 1.000000000000000021e-08 1.000000000000000021e-08 1.967945646326033082e-02 2.345429551713458180e-04 2.999071527873140778e-04 3.992519510797298268e-04 5.593643573715312593e-04 5.578675142071853801e-04 5.396935455070085404e-04 5.883929999722083094e-04 4.829409983705820687e-04
1.195701023577343510e-05 1.075723039941601256e-05 1.098687030743205602e-05 1.000000000000000021e-08 1.000000000000000021e-08 1.000000000000000021e-08 1.000000000000000021e-08 1.000000000000000021e-08 1.000000000000000021e-08 1.000000000000000021e-08 1.000000000000000021e-08 1.940939272442676687e-05 1.000000000000000021e-08 1.330553073611742785e-04 1.129664011120385379e-04 8.755619222500422459e-05 6.994761374751111926e-05 1.651351688022853384e-04 2.194352053913195414e-04 2.082244218403853672e-04 2.351266409705024757e-04 4.573138507236653723e-05 3.897466048936172020e-05 3.838948809086969744e-05 3.492834237560891748e-05 3.975416053280014632e-05 2.556756069018246543e-05 2.889197508704854749e-03 3.427241020586889540e-03 1.121083578869644838e-05 2.882597672442274871e-05 3.356200465835525962e-05 4.606287660295440997e-05 1.000000000000000021e-08 1.000000000000000021e-08 1.000000000000000021e-08 1.000000000000000021e-08
