output/water_depth_3240.asc
ncols 223
nrows 158
xllcorner 0.0
yllcorner 0.0
cellsize 30.0
[rows 68 to 84 of 158, columns 37 to 73 of 223]
4.551799960816345331e-05 6.253587418828130339e-05 8.918309377635759980e-05 1.069774698647700463e-04 1.000000000000000021e-08 7.605901761281165204e-05 1.099668182970884526e-04 1.043556462364813193e-04 1.000000000000000021e-08 1.000000000000000021e-08 1.000000000000000021e-08 1.288340241479522265e-04 1.239816367456499178e-04 1.000000000000000021e-08 1.850821794095581065e-04 1.404891200655042743e-05 2.286643690452650553e-04 3.721125922611985169e-05 1.034309274021840199e-05 1.000000000000000021e-08 1.000000000000000021e-08 2.122860817772733686e-05 3.819830644012365325e-04 5.485965044082457068e-03 1.556638860148959816e-03 1.000000000000000021e-08 1.000000000000000021e-08 1.000000000000000021e-08 1.000000000000000021e-08 1.000000000000000021e-08 1.236057436473419677e-05 2.761341546876921557e-05 2.842050520565730622e-05 3.397271546180351671e-05 5.017782577450297386e-05 3.517505018138874254e-05 3.318812348270314258e-05
2.633964333129042382e-05 3.223955724798161892e-05 4.676951415812488139e-05 5.111367326508179098e-05 4.773902556995841411e-05 4.723587676408038885e-05 6.745313300560738855e-05 7.097257835831826593e-05 8.438582172328125592e-05 1.837958308650692213e-05 3.037399844877042087e-05 1.867361944837327774e-05 1.000000000000000021e-08 1.183981251695754834e-04 1.335122723529985709e-04 1.611436149684655810e-05 1.823643890011359542e-04 2.858418378641339454e-05 1.000000000000000021e-08 2.483711655257581774e-05 2.346479855203891375e-04 8.965057388923692422e-05 3.242799079355350943e-04 4.377576295574978657e-04 7.608356120756493493e-04 2.591016012255355390e-03 1.000000000000000021e-08 1.000000000000000021e-08 1.000000000000000021e-08 1.000000000000000021e-08 1.000000000000000021e-08 1.000000000000000021e-08 5.433679591102607252e-04 4.557718202379924116e-03 7.008948498996774544e-03 7.186755547206893045e-03 4.982237816840362314e-03
2.730347444133792074e-05 1.000000000000000021e-08 2.679560150689212972e-05 2.755048578264787115e-05 1.000000000000000021e-08 1.881666330889770762e-05 3.765321553490353723e-05 1.082073999996084710e-04 2.071321281300781704e-04 2.127582435382402860e-04 1.969231727722878212e-04 2.234082498137749176e-04 1.277445580604642968e-04 8.986760179878407629e-05 7.460334703487097729e-05 1.081409371282047668e-04 3.048703412869003247e-04 1.000000000000000021e-08 1.546426456991835754e-04 1.222468115275959452e-04 1.171176923607170951e-04 4.311085381801806299e-04 2.644763234680008453e-04 2.550977211477210480e-04 3.483306993872152497e-05 1.000000000000000021e-08 8.367548748789541591e-05 9.365329344356211226e-05 1.000000000000000021e-08 3.979070173972907177e-04 3.280893059807108705e-04 4.289819844228093086e-03 2.549531170620530571e-03 4.907975803564824241e-03 4.111140446284018528e-03 4.826750118024689291e-03 7.166628065827751644e-03
1.000000100000000021e-05 9.956174875737723096e-05 1.355036296014764229e-05 2.736844015659413174e-05 3.498366326412013372e-05 1.000000000000000021e-08 1.838042431577429614e-05 4.489443206483540089e-05 8.856376764937081293e-05 9.889621501677011860e-05 1.213803365149032437e-04 2.923109618546799408e-04 5.122684879399300737e-04 4.189175912327576176e-04 4.021795092463138050e-04 5.694191978953299423e-04 2.107159877958313956e-04 2.067502341291163875e-03 5.711714222631531380e-04 4.616019134926602728e-04 5.801731448064791075e-04 6.760515139432287908e-04 1.082909383559126082e-02 1.637437165744899626e-03 3.661740985125559495e-04 1.145627303356794302e-05 1.751087977950580889e-04 2.391367219966658044e-04 2.278260885743824582e-04 1.879624803139378882e-03 3.253821259061706172e-03 4.496340213758141108e-03 2.954094946903772397e-03 2.562875878278070545e-03 3.377973315127270892e-03 3.358429752993261509e-03 4.523356455032982726e-03
1.163128630373608355e-04 2.522897117177766153e-04 1.847550633682685747e-04 1.235493196199969517e-04 1.000000000000000021e-08 1.000000000000000021e-08 1.000000000000000021e-08 9.168664555766840028e-05 3.159951423604335672e-04 3.042145861928059096e-04 7.554285721494430762e-05 9.482241934723003077e-05 1.357177853673891389e-04 3.157290648444537528e-04 3.851849899619470569e-04 5.959161730507670125e-04 5.290488865049865598e-04 9.232853022319440417e-04 9.289913213373185126e-04 1.157630894670606033e-03 9.210071870073964929e-04 9.574717323768686724e-04 1.473129747932818865e-03 3.334057517699725616e-03 2.954440808502865803e-03 5.271806354114907077e-04 7.529407503128670784e-03 9.130436122359468498e-03 1.053297133235382016e-02 1.055754427235708337e-02 1.103665804315661324e-02 5.017362570796274866e-03 3.570317729772103359e-03 3.795868467986364923e-03 2.398143190156620634e-03 2.511114416444196456e-03 2.225323326634962972e-03
1.458207538375925919e-04 1.009031714342519188e-04 2.087544079775203250e-04 1.000000000000000021e-08 8.124695122266999559e-05 1.165382795042765499e-04 1.215860038036649003e-04 2.580589143233820632e-04 2.206600661431490818e-04 3.505914360539211390e-04 4.244622132699319502e-04 3.766149339056994064e-04 5.350993662754078249e-04 4.428022507504969789e-04 5.362124814004477118e-04 4.349661410900930686e-04 5.505158998923425110e-04 1.203445933028753252e-03 3.062819392153780414e-04 1.985970990344238570e-03 2.725124348058714004e-03 2.256317182997876272e-03 1.835056666240746440e-03 6.189059933993383729e-03 7.931570024754657292e-03 9.622692406336931514e-03 6.729928254719368466e-03 4.132899730916516322e-03 2.782575615803061994e-03 2.098526484020724406e-03 1.396901064343516932e-03 1.095650126532765048e-03 7.526570331019239802e-04 5.370928087115886627e-04 4.347433897353608135e-04 3.018523974379342572e-04 1.903960383660123642e-04
3.532190861148357965e-04 4.957106558496020667e-04 6.427629332269263560e-04 7.547469052541778663e-04 9.025501979183632407e-04 1.175095286669924259e-03 1.376112622567823114e-03 1.454568410692267571e-03 1.139358245178227584e-03 1.556440574940442503e-04 1.327794623705369557e-04 1.661374671063768919e-04 5.209248260952691512e-05 4.478474964675181616e-05 4.184687378795389699e-05 3.516414952921279795e-04 3.416469247232367060e-04 2.228872924780628555e-04 1.365393278617380588e-04 1.151295158242856984e-04 8.341522169382757526e-05 2.098085850334600877e-03 3.361918441089328021e-03 4.255208948307953772e-03 6.714306942178988654e-04 8.603508352989533382e-05 1.000000000000000021e-08 6.362063445194346010e-05 9.711554176645799722e-05 1.146382761830028142e-04 1.182537144593951366e-04 1.017770655305458180e-04 8.884528589030573980e-05 8.602588118970736083e-05 1.021412107019745548e-04 9.465879161815981798e-05 1.000000000000000021e-08
2.503000811075524901e-03 2.353054368853613274e-04 1.576766832805857161e-04 8.354372060516543266e-05 5.292188572540831095e-05 1.064960107672334910e-04 1.655629188443106538e-04 1.000000000000000021e-08 1.563301803832691287e-05 2.158564039583455419e-05 2.592696267966509868e-05 2.923921729657517221e-05 2.929130430914977628e-05 3.149807884128076922e-05 9.611109832944656991e-05 1.271042705920342748e-04 2.208743079663866586e-04 2.695166884496715920e-04 2.390605848099787141e-04 2.240869272000517312e-04 2.026383917590773745e-04 3.482558690186154829e-04 7.324021848291437965e-04 1.470655549094979791e-04 2.592539133027589948e-05 3.806742961473605217e-05 6.592272274471621741e-05 7.153693907997610833e-05 8.883264294644337882e-05 7.995948659802884972e-05 5.604192200634663127e-05 1.019662618848547774e-04 9.015234539843885423e-05 8.717666511081998283e-05 6.820443071905795372e-05 1.000000000000000021e-08 1.000000000000000021e-08
7.759747746223584117e-05 1.333212954434493205e-04 1.000000000000000021e-08 1.000000000000000021e-08 2.980178602762754308e-05 1.000000000000000021e-08 1.000000000000000021e-08 1.629948281099206074e-05 2.373281798049259753e-05 3.386768583634025402e-05 3.450135608074808558e-05 3.465165187776587577e-05 2.959663371606665854e-05 3.013625627709214225e-05 2.773283895627046367e-05 5.504261481441988718e-05 1.452777659586445994e-04 4.247304221875000283e-04 4.442390383715468525e-04 3.610274037203559040e-04 3.872507127259779071e-04 7.910713380406797198e-04 1.141135509156903288e-04 6.915143639114873769e-05 2.185644282766461519e-05 3.718087277169912285e-05 2.709894826120980954e-05 3.784854482944126109e-05 2.993729863175438054e-05 3.419680544416664692e-05 5.597794562730048606e-05 5.340985202062983341e-05 9.121892374324638440e-05 1.115972660479583989e-04 1.161555704312132258e-04 9.686839353595482198e-05 8.744039277936367009e-05
6.833869576269654294e-05 1.168714366659449525e-04 1.382379390077888813e-04 9.423591184494072188e-05 7.470452267599137712e-05 7.849996101840565042e-05 9.181153874301487276e-05 1.170239438361587997e-04 1.241731202421698097e-04 1.145790914367226431e-04 1.277171276937650235e-04 1.344014974119578712e-04 1.456328007163515447e-04 1.406516161033498889e-04 1.359225342824627177e-04 1.147148194431358778e-04 2.963171932002959738e-04 5.308487564672900640e-04 5.484072214210835043e-04 6.149192848465641001e-04 5.563283623721746157e-04 9.893598250246722625e-04 9.146967651390633261e-04 1.000000000000000021e-08 3.375707631431125005e-05 5.829223914337212112e-05 5.437881110516981160e-05 6.542103677883938286e-05 6.645120037787240750e-05 6.517092323321244227e-05 9.043926629444723323e-05 9.034265407561800480e-05 1.154772595014917392e-04 1.469937499727144584e-04 1.691597916287209064e-04 1.757917194596585273e-04 2.707773177270345554e-04
6.489582896438314779e-05 1.087738652603511039e-04 1.356953440253142254e-04 1.114622719395465014e-05 1.497404814337396754e-05 1.603276982136289745e-05 3.256365187951844352e-05 3.218009388537766929e-05 5.024013402640822401e-05 1.939048709705897368e-04 3.554712432428108206e-04 3.884802814532939061e-04 5.280367714498804960e-04 5.378922211528723747e-04 8.040874441041068839e-04 7.756843048545024365e-04 1.067753515838417832e-03 1.003359202679079574e-03 1.502957129139641333e-03 1.161405461876063991e-03 1.415340697231542641e-03 5.338443487856472892e-04 1.155896082396355370e-03 2.125230048785341319e-05 1.000000000000000021e-08 5.428685672562110458e-05 8.000697876241788086e-05 1.005565686083121995e-04 9.260903797897586073e-05 9.860867970397717253e-05 1.201410128385109623e-04 1.213895335475289385e-04 1.302026802029907187e-04 2.247724620007802995e-05 2.956252403202582033e-05 5.060228871950675213e-05 4.231340666200304875e-05
8.150385986908500135e-05 1.355469592023269209e-04 1.185882330801998994e-04 4.836935486197527142e-05 4.120574971246574949e-05 8.446367348410432213e-05 9.303953431751655701e-05 1.539403946465266193e-04 1.089710472147480862e-03 7.873935506550069994e-04 5.997860530010602938e-04 4.646168863777220864e-04 5.959872432170331812e-04 5.215004788311579289e-04 4.887511711835605145e-05 1.561096242960768356e-05 2.726387959725670474e-05 2.287849409160488208e-04 3.074930704911046171e-05 3.642016091053164014e-04 5.477624437314883256e-04 8.051153446327202756e-04 1.372459515151616162e-03 3.637261196108750581e-04 3.645374939907203825e-05 1.400338926506914750e-04 9.419897376865455935e-05 1.111042407113063820e-04 1.000000000000000021e-08 8.254023088386884652e-05 1.266955417600460236e-04 1.410580872947065419e-04 1.588077602969370202e-04 1.000000000000000021e-08 1.000000000000000021e-08 1.000000000000000021e-08 1.000000000000000021e-08
1.287343357991704569e-04 1.592996726154029708e-04 4.221184508146295770e-05 2.254760539272778933e-05 5.633552836510579938e-05 1.792510802414149686e-05 2.553566963426417914e-04 2.483935575466162077e-04 2.531693812821919371e-04 1.874497410565658910e-05 1.000000000000000021e-08 1.000000000000000021e-08 1.000000000000000021e-08 2.582471641618792156e-05 2.561466947254263467e-05 2.852120221559537340e-05 7.599971730412488592e-05 9.403017655327614173e-05 9.041264059380392829e-05 1.013201817590589880e-04 1.122646052474967146e-04 8.408008022486318381e-04 2.448697343873817989e-03 9.360989268627840140e-04 1.389295021150794684e-03 9.419659568527946007e-04 9.999528310367683959e-04 2.026837327482270551e-04 2.112958548166780359e-05 8.330664868250608503e-05 1.404217333787799351e-04 1.713890373194663192e-04 1.550025765236918415e-05 1.361034306480459453e-04 1.000000000000000021e-08 1.000000000000000021e-08 1.000000000000000021e-08
6.293852226342388633e-05 1.257123832896647015e-04 2.206342405893769616e-05 3.067108637528853199e-05 1.216903136414818813e-05 4.537855231909669970e-05 1.000000000000000021e-08 1.000000000000000021e-08 1.000000000000000021e-08 1.000000000000000021e-08 1.119650475804859341e-05 1.000000000000000021e-08 1.000000000000000021e-08 5.140993123946773586e-05 7.402417421343154434e-05 9.323399117507565645e-05 1.000000000000000021e-08 1.000000000000000021e-08 1.000000000000000021e-08 1.000000000000000021e-08 1.148618163319588484e-05 2.222664736605519523e-05 5.420585223757932222e-04 1.936176385011232921e-03 1.089645018613901416e-03 1.716360612338917310e-03 3.419431799076140229e-04 1.208455484208838460e-04 2.286390314551714931e-04 2.271537289398494521e-05 1.456197922108468592e-05 1.684032454898080406e-05 1.351367603764076020e-05 1.240644767536928223e-04 6.801443579516315639e-05 1.000000000000000021e-08 1.000000000000000021e-08
5.916144152303765897e-05 1.180049311383766391e-04 2.999480278841133458e-03 2.774791654401394161e-04 1.169832356981234683e-04 1.000000000000000021e-08 1.000000000000000021e-08 1.000000000000000021e-08 1.000000000000000021e-08 1.454027294748248157e-05 2.826222249526132849e-05 2.968962373425581349e-05 4.128943475688238817e-05 7.705868515849651401e-05 1.219421624378882871e-04 1.329820087594831511e-04 1.089426801431196012e-04 1.102841828798279837e-04 1.201394612038033071e-04 9.944019831282644350e-05 1.809675582900116368e-04 3.605502120668667345e-04 6.056528524146577745e-04 5.253436776939931011e-04 2.588747448464727343e-03 2.629304226698014370e-03 4.756231474594621936e-03 1.356318174629701561e-03 5.125965210526784712e-04 8.263480349552750808e-04 1.113122073617897747e-04 2.891643364458585573e-05 1.000000000000000021e-08 1.064942591569988230e-05 1.000000000000000021e-08 1.000000000000000021e-08 1.000000000000000021e-08
5.047626597938910343e-05 8.477496283916950335e-05 1.317866575748439975e-04 1.504782192392978095e-04 1.000000000000000021e-08 1.000000000000000021e-08 1.000000000000000021e-08 1.305426819773154280e-05 1.737529632303095461e-05 2.157845447459238856e-05 2.281895616740659138e-05 1.000000000000000021e-08 1.737124620462232624e-05 2.447697370776046199e-05 2.983463617995317532e-05 9.225225398684830087e-05 1.352885331568186441e-04 1.420984164923742876e-04 1.538163396605757402e-04 1.857839226000603070e-04 2.642572731715995995e-04 2.322638884351592306e-04 2.407542492534735798e-04 2.905345913266494913e-04 3.222117520316541083e-04 3.599856442195132743e-03 6.610265462352667154e-03 4.882186359380833417e-03 5.388454157578059095e-03 5.195129698033562095e-03 3.325790141511374143e-03 8.862668795750058490e-04 6.810666459251375152e-04 6.954472325936072411e-05 6.344101319764324605e-05 1.177713568119900914e-04 1.000000000000000021e-08
4.169530199361714515e-05 6.458725494792855572e-05 8.804269517850220154e-05 1.272184801765606911e-04 1.368586778475242959e-04 1.000000000000000021e-08 1.000000000000000021e-08 1.043385603194771766e-05 1.000000000000000021e-08 1.000000000000000021e-08 1.000000000000000021e-08 1.105668739950984023e-05 1.455825257593334014e-05 1.696828433675977898e-05 2.062416775809101281e-05 1.000000000000000021e-08 1.000000000000000021e-08 1.000000000000000021e-08 8.480237609130813993e-05 1.332079380551900441e-04 4.571087580898466635e-04 6.402369892973593926e-04 5.001474410679364541e-04 4.403649892480388461e-04 5.286350282169323677e-05 2.886750579963700999e-05 2.995841317310905371e-04 4.895827352962380435e-05 1.461624787876418530e-03 2.659022308891867414e-03 5.613078957282659903e-03 6.030664860833987242e-03 2.433329899020634981e-03 1.999989759790104290e-03 2.760048619060188283e-04 3.042394611637878741e-05 1.000000000000000021e-08
