output/water_depth_6240.asc
ncols 223
nrows 158
xllcorner 0.0
yllcorner 0.0
cellsize 30.0
[rows 68 to 84 of 158, columns 74 to 110 of 223]
4.949847904483715006e-05 3.219440701765595837e-05 3.716760499608524415e-04 2.117000559455255382e-05 1.722630644739968681e-05 2.214106459175092399e-05 1.953482890506590868e-04 1.506848413693519793e-04 9.716785776586706969e-05 6.291490747565134693e-05 3.998361540150343805e-05 2.764060629976148654e-04 7.658342805083225837e-04 1.086718643576754144e-03 2.401689688307047897e-03 3.033632921374898334e-03 5.530644497400787583e-04 3.710342944635310991e-04 1.087912985693627647e-04 2.419566255877235905e-04 5.366647224282838175e-04 1.272728940591963138e-03 1.133068594438777161e-03 1.463744135042401419e-03 1.011502723547864045e-03 1.059791692480448883e-03 8.997093589190909013e-04 1.191452302165512843e-03 8.884971279287999599e-04 1.556956663265977262e-03 1.725108565844268513e-03 3.106142109817150703e-03 1.041818127638944030e-03 1.512436725510203596e-03 8.801728653978982820e-05 6.343198853723315978e-05 1.964470038479640732e-05
6.895950073771394675e-04 6.353915422729600583e-04 4.208328248351975924e-04 3.017125118836766007e-04 1.794417145928975149e-04 9.517080422170223883e-05 1.069106929451881459e-04 1.372076875343081616e-04 1.590579828731113958e-04 1.424277999107317926e-04 1.251917383330793554e-04 2.061477372635735997e-04 4.268172487205285645e-04 7.240189194543733618e-05 2.921491949303829357e-04 3.752585370178271838e-04 6.102663382811909700e-04 2.973821624418512095e-04 3.417883263031273010e-04 2.640617087903042318e-04 7.054226241287351673e-04 6.042829450115229590e-04 6.468162510676012068e-04 4.651351237267963706e-04 5.272995961371125008e-04 5.127230403342396140e-04 1.087319902788145025e-03 7.793602132542999531e-04 8.981943483165495939e-04 5.908466675701612740e-04 1.167073393673812758e-03 9.215785332305593625e-04 2.455830811991781531e-03 1.260719680286167231e-03 1.114467071032757862e-03 3.615450510837375092e-04 3.208326421026355549e-04
6.829062342706359277e-04 5.518202211094226130e-04 2.195376250312976694e-04 1.387651507425761131e-04 1.274092782439259866e-04 1.210284441077042324e-04 1.332789138779053918e-04 1.434299938374633196e-04 1.667429207221837945e-04 1.635856895938147767e-04 1.623541872760385330e-04 1.681104514406628889e-04 2.066154451366555356e-04 1.230152678199318951e-04 3.450593735911370750e-04 4.784755855789745403e-04 3.301285778172996033e-04 9.285393184268211876e-04 3.889225261782618104e-04 1.720860204092274385e-03 2.103222516916451127e-03 2.769495386586648400e-03 2.435693691053249406e-03 3.122056114614804850e-03 2.098604929796200110e-03 2.679711565832830662e-03 1.523081960364308391e-03 3.384323374804232634e-03 6.035855667663852500e-04 5.070288599916753913e-04 6.052739120536064976e-04 5.605794052504149997e-04 1.006176016655725095e-03 2.557362322283320780e-03 2.417086616180494796e-03 3.574389775917104738e-03 3.097571296998389775e-03
6.430506886497526107e-04 3.609455023908719398e-05 2.297313938001680389e-05 2.712915069675958621e-05 4.841483452310702532e-05 6.295504889345880358e-05 1.074217626502605306e-04 1.021314030503491063e-04 1.324836805938603207e-04 1.230384824253821774e-04 8.548575721996275688e-05 8.481596936450855112e-05 1.287144407165190664e-04 1.468866342205026347e-03 1.221941008887471314e-03 5.559008670391061072e-04 1.114696719397752396e-03 1.011451343499524848e-03 5.475664965749833281e-03 3.812768824485246368e-03 2.471505793192104589e-03 1.793245426375457462e-03 9.834395360103541719e-04 5.620136752283946694e-04 1.392349359368610148e-03 9.370779886695880653e-04 1.552402759211349422e-03 7.275431799088315221e-04 4.062361946632983166e-04 6.756294760946123749e-04 5.294888065587918108e-04 6.847380076207728846e-04 5.966010153336480772e-04 1.110245855066532925e-03 2.851613284655472175e-03 2.004453136530636847e-03 2.696901696834418539e-03
5.312702868349990313e-04 5.894731012556570426e-04 1.036648957042195099e-04 1.390452005126364098e-04 1.653923915471503252e-04 2.235860324787974397e-04 1.936478972059379599e-04 2.606556403893162729e-04 8.634369739163919825e-05 7.832850605162544892e-05 5.264416502113078607e-05 9.852129585031471994e-05 9.329327095125488430e-05 1.431455004687611724e-04 2.539736792822505683e-04 3.909308251846422958e-04 4.402825816466969630e-04 5.846763393063118992e-04 1.422651737410616330e-03 8.330911337665310515e-04 4.734730947387364667e-04 2.764230182041830944e-04 1.336092799856313331e-04 1.547210499606723974e-04 4.467268274780243523e-04 4.631937833967502294e-04 7.200239684211036991e-04 4.426504178589674783e-04 7.087594992582678605e-04 5.650036784454878433e-04 3.980286856991880002e-04 3.509493851607400840e-04 4.880694879495879536e-04 4.836313775942970212e-04 7.643851284674057882e-04 2.301901745337702875e-03 1.384771780337196688e-03
6.905179472206186483e-04 7.795259071566253053e-04 6.893143022628418521e-05 6.976051540736652164e-05 4.077824713597973918e-05 3.439690159572039144e-05 4.584839601088848188e-05 5.359461806844372417e-05 2.228307078190191960e-04 2.555044242292558217e-04 4.176923276522672953e-04 3.434451882184533580e-04 4.681679252291505835e-04 3.717953643984137470e-04 4.810884783869463343e-04 3.714714224162260839e-04 5.580512242760387676e-04 4.941855558755362064e-04 6.166203894355393872e-04 6.177255438488093693e-04 7.686958697606592313e-04 5.861641824898460636e-04 6.835562889769225634e-04 5.010495610649260117e-04 3.461337948745687142e-04 1.314852146001757702e-04 2.888582757110824554e-04 9.168351572392183495e-04 4.973902109306545683e-04 8.240549427192279388e-04 8.562011799827165667e-04 1.029640097397246587e-03 7.508637522983675327e-04 9.100142125685920739e-04 2.703095679758241426e-03 2.628184040668513251e-03 2.002923694797307131e-03
1.000000000000000021e-08 8.986836235020441042e-04 1.392340882042287674e-03 1.611984696960650984e-03 1.287723369848467990e-03 9.252872335734946448e-04 6.318737390109162907e-04 4.861268669738016019e-05 6.893133184896755694e-05 1.297732490547000598e-04 1.641269778614319716e-04 2.444506768007411075e-04 2.048616759694976914e-04 3.131699132837739881e-04 2.772134365476470476e-04 1.243758206121623215e-03 6.793538666005534150e-04 4.227919000023161607e-04 3.478711324152806484e-04 4.218095923302259782e-04 8.692679596175204937e-04 2.273420481138944938e-04 2.490797952842966202e-04 3.774302976424029083e-04 2.222328167100116544e-04 5.419125171106641556e-04 1.748494409662195456e-04 3.888476662249927616e-04 3.431403994842712520e-03 5.008201490861405878e-04 7.183331969389052151e-04 2.678810887958026120e-04 5.368189856930611313e-04 2.097375497500452248e-04 2.253833577237403067e-03 3.835541521423702430e-03 1.483272548548738223e-03
1.000000000000000021e-08 1.061887878843720772e-05 1.568269313709340295e-05 1.345219121746291742e-05 5.569944771339147352e-04 6.045299781914061565e-04 5.259997334198797088e-04 4.467987398178562691e-04 2.828470965197456711e-04 2.324488545313861980e-04 2.576833917442244949e-04 2.876257904355577848e-04 3.508067647140187813e-04 3.382260103471267576e-04 7.509048308709800282e-04 1.052254357323371709e-03 1.090770266460315639e-03 1.239827323528610735e-04 4.576123328977028482e-05 7.415421172049995943e-05 5.682538621322929059e-05 8.345256268741174720e-05 8.628988977096358664e-05 1.807057661376619366e-04 2.301760846792358373e-03 2.494953287113030674e-03 3.298072437754520983e-03 2.174992010065728357e-03 1.770669675175446040e-03 2.140012559145108417e-03 5.196115675150750910e-04 9.313126575229455995e-04 3.067842067662196470e-04 4.241283691485524536e-04 7.875367629977131096e-04 2.645522445261040689e-03 2.182417130943743993e-03
2.942643205767074395e-05 1.000000000000000021e-08 1.000000000000000021e-08 1.332998077093078225e-05 1.000000000000000021e-08 1.000000000000000021e-08 5.239149682040926902e-05 9.138426382609935871e-05 3.407860319454281139e-05 6.992556926887736354e-05 5.754135109468661849e-05 4.973729787939228054e-04 3.242256283811034245e-05 2.678049545400682232e-05 6.830081191744278440e-04 1.056203848799663284e-03 1.006900285999731519e-03 2.553496997407280183e-04 1.885534297368454963e-04 5.819366726195156062e-05 9.756739375977783145e-05 7.862939695088680186e-05 1.010116443435215986e-04 4.988088137352904121e-04 2.637957485732107333e-05 7.455029411115625599e-05 5.896345595347492489e-05 1.543700922547843737e-03 2.620768854535690572e-04 4.411691224914386948e-04 3.793284704879419655e-04 5.410860050767890084e-04 3.171657306580143686e-03 1.351763364749021751e-03 2.597297837792764130e-03 7.212867099568259430e-03 2.217857013138358618e-02
9.983532963566092570e-05 9.364819681104624228e-05 7.952297845362937302e-05 1.000000000000000021e-08 1.000000000000000021e-08 1.000000000000000021e-08 1.000000000000000021e-08 1.000000000000000021e-08 1.091361087675258460e-05 1.000000000000000021e-08 3.867803976090374170e-05 1.527652406176052051e-05 2.952396366235855913e-04 1.528139681542547049e-05 4.635866108110987382e-04 6.866842687784423336e-04 9.564952995699527432e-04 9.743120607964344474e-05 8.693070093202369549e-05 2.330248372042196842e-04 1.820853383582510742e-04 2.253203447612255267e-04 7.884460076976914896e-04 5.422753327382727473e-04 3.880945973362424960e-04 2.193264665517169584e-04 1.000000000000000021e-08 1.303141359678468714e-04 2.493538235361048797e-04 2.099197787086427955e-04 2.020521916366679156e-04 8.059513792973200695e-04 7.703914398167509888e-04 5.960083692491208391e-04 4.732464860847406841e-04 4.429611683154800598e-04 3.643465172273790964e-03
2.685383064255366335e-05 7.408834835267092734e-05 1.000000000000000021e-08 1.000000000000000021e-08 2.804287282825862007e-05 2.845855160171068926e-05 1.000000000000000021e-08 1.056952811568366296e-05 1.090600182679610805e-04 1.000000000000000021e-08 1.881370976486160045e-05 2.338044318495776362e-05 4.202340231527685769e-05 3.322714426897484426e-04 3.616804120221738862e-04 5.472141934979528723e-04 9.112012725409008641e-05 1.460873367343728201e-04 1.660479323616388539e-04 5.486510274184280855e-05 1.025709878312769711e-04 9.295812295119184384e-05 2.205321984743583493e-04 8.965215048285492478e-04 7.138372147443899571e-04 5.406134001585718692e-04 3.015315708157858030e-05 1.028769492239671511e-04 1.063671343270879117e-04 4.857749258811078002e-04 4.976402037613548339e-04 1.782184815431523111e-03 1.294625272485555156e-03 1.441746990463054390e-04 1.123305467389847372e-04 1.390539334529953045e-04 3.896221328034402218e-03
1.000000000000000021e-08 1.000000000000000021e-08 1.000000000000000021e-08 1.000000000000000021e-08 1.000000000000000021e-08 1.768542269035804087e-05 1.325115988837637363e-05 1.454386004877027367e-05 1.000000000000000021e-08 1.086791700875141693e-05 1.000000000000000021e-08 1.000000000000000021e-08 4.385774018728959083e-05 1.035182566450837865e-05 2.267191271380800886e-05 6.974952533736784453e-05 6.682309381299413693e-04 1.104790422662576161e-04 2.144200768153004281e-04 3.480080905974364193e-04 1.078601635031750975e-04 9.294966303701680441e-05 8.723889595268718403e-05 8.692130194839931684e-04 1.333772102776956537e-04 1.710845658268308144e-04 1.247265187544635643e-04 1.767961520490053369e-04 3.748283870570749861e-04 3.209755370105664223e-04 4.528647164113278100e-04 7.327752700204057373e-04 5.896595360415366523e-04 2.289501057813227017e-04 1.989048683848031846e-04 1.680730459769288630e-04 3.282217819906063433e-04
1.000000000000000021e-08 1.000000000000000021e-08 1.000000000000000021e-08 1.000000000000000021e-08 1.000000000000000021e-08 1.000000000000000021e-08 1.552589998873430582e-05 2.481553590147330882e-05 2.664444769889413923e-05 4.101222142551891125e-05 2.898049480329216080e-05 1.000000000000000021e-08 1.000000000000000021e-08 1.000000000000000021e-08 1.000000000000000021e-08 1.000000000000000021e-08 4.456323350895279077e-04 4.077657223326984666e-04 5.959661272369299418e-04 5.772798800227375024e-04 1.326243479237195887e-04 6.931183790894573352e-05 6.079991051205572419e-05 1.780828655138304805e-04 3.290461551656774465e-04 2.649531635284552177e-04 4.415783677905142234e-04 3.483665424608773428e-04 1.979257956228174659e-03 1.318106009999462074e-03 9.402350800089211320e-04 1.063631895509180693e-03 6.226829571607448138e-04 1.087528117139710624e-03 1.060642357993650119e-04 9.374958293389057049e-05 9.924350974312382153e-05
1.000000000000000021e-08 1.000000000000000021e-08 1.000000000000000021e-08 1.000000000000000021e-08 1.000000000000000021e-08 1.000000000000000021e-08 1.897413400255319938e-05 1.000000000000000021e-08 2.180236745881725227e-05 2.514630648418322289e-05 3.640664441159044461e-05 1.000000000000000021e-08 1.000000000000000021e-08 2.183883798734387999e-05 9.584708286008204205e-05 1.000000000000000021e-08 1.781181332464188132e-04 1.577458427014257999e-04 6.164209496156492819e-05 2.290153887399518789e-04 1.217834384576045972e-04 1.353742916162191097e-04 1.572511679459897595e-04 8.365323108010778736e-04 8.601496066020528162e-05 9.779483466305708675e-05 1.581334623384226179e-04 7.662647006016397528e-04 5.938665702794079749e-04 1.091881476734875593e-03 1.069382314251885596e-03 7.186877887127727984e-04 1.827153678783198087e-04 4.101406113166847570e-03 5.542653428587771859e-03 3.529633746501737931e-03 3.711423941681359345e-03
1.000000000000000021e-08 1.000000000000000021e-08 1.000000000000000021e-08 1.000000000000000021e-08 1.000000000000000021e-08 1.000000000000000021e-08 1.000000000000000021e-08 1.000000000000000021e-08 2.337586023202936985e-05 4.236788267550185225e-05 5.708067350219471118e-05 5.472310704750966168e-05 5.047601366423840383e-05 3.206337256021399008e-05 5.198952449788983549e-05 5.318180212515125765e-05 1.000000000000000021e-08 1.000000000000000021e-08 1.000000000000000021e-08 1.000000000000000021e-08 1.545145832645531834e-04 1.288821545381201245e-04 1.885563577405438822e-04 2.841930226997210307e-04 4.649946642400052169e-04 3.761359190488248257e-04 4.795185498344403056e-04 1.578885686912020678e-03 1.270094813612597040e-03 1.204765411380049169e-03 2.174536495046303292e-04 2.447664635499760674e-04 2.923441934077666273e-04 1.094607618662226528e-03 4.653490536828205513e-04 2.258381690826605833e-03 2.417385176647382245e-03
1.000000000000000021e-08 1.000000000000000021e-08 1.000000000000000021e-08 1.000000000000000021e-08 1.000000000000000021e-08 1.000000000000000021e-08 1.000000000000000021e-08 1.000000000000000021e-08 4.611954132670006225e-05 5.877582076654559501e-05 7.975346170926300585e-05 7.764796067046248840e-05 6.891271630586541888e-05 6.192475056886712103e-05 6.376963284080531809e-05 1.000000000000000021e-08 1.000000000000000021e-08 1.000000000000000021e-08 1.000000000000000021e-08 1.000000000000000021e-08 1.000000000000000021e-08 1.000000000000000021e-08 1.000000000000000021e-08 1.000000000000000021e-08 1.000000000000000021e-08 3.178579543995064226e-04 6.757467658187050726e-04 1.097522681475075453e-03 1.255956011311663541e-03 2.059810284115185831e-03 1.863635827427021635e-03 1.326144521030201643e-03 1.044905392289268613e-03 6.904797217961735310e-04 6.471153358393072919e-04 1.364371491507773791e-03 1.107450853345246953e-03
1.000000000000000021e-08 1.000000000000000021e-08 1.000000000000000021e-08 1.000000000000000021e-08 1.000000000000000021e-08 1.000000000000000021e-08 1.000000000000000021e-08 1.000000000000000021e-08 1.000000000000000021e-08 1.000000000000000021e-08 1.000000000000000021e-08 1.000000000000000021e-08 1.000000000000000021e-08 3.477220862428517025e-05 4.038880272343383938e-05 1.000000000000000021e-08 1.000000000000000021e-08 1.000000000000000021e-08 1.000000000000000021e-08 1.000000000000000021e-08 1.000000000000000021e-08 1.000000000000000021e-08 1.000000000000000021e-08 1.215744756484751238e-05 1.000000000000000021e-08 2.203552526194656701e-04 2.307531739948434808e-04 9.379173450514587855e-04 1.824479318891787704e-03 1.466024313373079238e-03 2.485120736195279168e-03 2.015330979944241711e-03 3.368966091730478288e-04 1.475659787928527045e-04 3.148377033497867187e-04 1.099921153789581996e-03 9.857988372493709309e-04
