output/water_depth_9240.asc
ncols 223
nrows 158
xllcorner 0.0
yllcorner 0.0
cellsize 30.0
[rows 68 to 84 of 158, columns 37 to 73 of 223]
1.000000000000000021e-08 1.000000000000000021e-08 1.000000000000000021e-08 1.000000000000000021e-08 1.000000000000000021e-08 1.000000000000000021e-08 1.000000000000000021e-08 1.018901493978071394e-05 1.000000000000000021e-08 1.000000000000000021e-08 1.000000000000000021e-08 1.000000000000000021e-08 1.000000000000000021e-08 1.000000000000000021e-08 1.770762119667090335e-05 1.000000000000000021e-08 1.000000000000000021e-08 1.453008056942394692e-05 1.462755016485100764e-05 1.000000000000000021e-08 1.000000000000000021e-08 1.000000000000000021e-08 2.166799532549215556e-05 1.245426719154818593e-03 2.464411548333209903e-04 1.000000000000000021e-08 1.000000000000000021e-08 1.000000000000000021e-08 1.000000000000000021e-08 1.000000000000000021e-08 1.000000000000000021e-08 1.000000000000000021e-08 1.000000000000000021e-08 1.000000000000000021e-08 1.000000000000000021e-08 1.000000000000000021e-08 1.000000000000000021e-08
1.000000000000000021e-08 1.000000000000000021e-08 1.000000000000000021e-08 1.000000000000000021e-08 1.000000000000000021e-08 1.000000000000000021e-08 1.000000000000000021e-08 1.000000000000000021e-08 1.038057216228899896e-05 2.001083039036156134e-05 2.637051090369673249e-05 1.000000000000000021e-08 1.000000000000000021e-08 1.634798398204741069e-05 1.966995160365655177e-05 1.000000000000000021e-08 1.000000000000000021e-08 1.106228151329620839e-05 1.000000000000000021e-08 1.000000000000000021e-08 1.000000000000000021e-08 1.000000000000000021e-08 1.856431568829009483e-05 3.019583800539788051e-05 1.382053327525627499e-04 9.607148794550571637e-04 1.000000000000000021e-08 1.000000000000000021e-08 1.000000000000000021e-08 1.000000000000000021e-08 1.000000000000000021e-08 1.000000000000000021e-08 4.894633688369838900e-05 3.426917396889159152e-04 5.406996451050181864e-04 5.846856715778056719e-04 4.638758448633057666e-04
1.000000000000000021e-08 1.000000000000000021e-08 1.000000000000000021e-08 1.000000000000000021e-08 1.000000000000000021e-08 1.000000000000000021e-08 1.000000000000000021e-08 1.021595625493386232e-05 2.382491444108872556e-05 2.483151736158368189e-05 2.321362829360144083e-05 3.742910763595931259e-05 2.215262305122929623e-05 1.890833958344703773e-05 1.608183054745377998e-05 1.708444363422947473e-05 3.599626047137173806e-05 1.000000000000000021e-08 1.000000000000000021e-08 1.000000000000000021e-08 1.000000000000000021e-08 3.220532828402771609e-05 1.743237761016713235e-05 2.530257650064774271e-05 1.000000000000000021e-08 1.000000000000000021e-08 1.000000000000000021e-08 1.000000000000000021e-08 1.000000000000000021e-08 2.201990784043299004e-05 2.175717060055474888e-05 2.570772224194411873e-04 4.271927754833433513e-04 4.455555079240073636e-04 4.293009742864953662e-04 4.708315721620965700e-04 6.606461819814486583e-04
1.000000100000000021e-05 2.189832254920136726e-05 1.000000000000000021e-08 1.000000000000000021e-08 1.000000000000000021e-08 1.000000000000000021e-08 1.000000000000000021e-08 1.000000000000000021e-08 1.000500102281906353e-05 1.000000000000000021e-08 1.089535570021747289e-05 2.043764412319795993e-05 4.972099119725240714e-05 3.832929045170158143e-05 3.553757652381057974e-05 4.575627382556262085e-05 1.470429347610776845e-04 3.016813376034539686e-04 1.607931107611382476e-04 1.095567074215539322e-04 6.656562972747910307e-05 1.120003233650409326e-04 1.526366566938556569e-03 1.197681418672886101e-04 6.707492634649719237e-05 1.000000000000000021e-08 1.000000000000000021e-08 1.000000000000000021e-08 1.006701701640772971e-05 6.335524952434036408e-05 1.351265260196657391e-04 3.466858769591341137e-04 3.764324899178579675e-04 3.397257582049369629e-04 3.392073626539985807e-04 4.240733975806153114e-04 4.657397273657901105e-04
2.318308587660105545e-05 5.384821010116142736e-05 3.397490139541825793e-05 1.898824177752490291e-05 1.000000000000000021e-08 1.000000000000000021e-08 1.000000000000000021e-08 1.000000000000000021e-08 8.270883033205182180e-05 6.978051195836139169e-05 1.000000000000000021e-08 1.000000000000000021e-08 9.110158421161462566e-05 1.806120575994851296e-04 2.109263330877562763e-04 2.267597671676642359e-04 1.951091337832187476e-04 1.651039733872567241e-04 2.080892180542110869e-04 1.904183513521132077e-04 1.526150520406074614e-04 7.580707273806353897e-05 1.879173917258254798e-04 1.905135754208105658e-04 1.716438886204603876e-04 1.000000000000000021e-08 5.079222678350912975e-04 4.524778858170854390e-04 6.204851240293124751e-04 5.956664506168255499e-04 9.107605905814357937e-04 4.673692233953839282e-04 3.791896125237094787e-04 3.106283398538013185e-04 2.360481093751410112e-04 1.845508083078050885e-04 2.162311929974262243e-04
3.026951445837049409e-05 2.064692601166087042e-05 4.515527003989384480e-05 1.000000000000000021e-08 1.000000000000000021e-08 1.000000000000000021e-08 1.000000000000000021e-08 2.501098107912753731e-05 1.042774973701040506e-04 1.831670981501795018e-04 1.201776649908437743e-04 1.401256217760453687e-04 1.249157120988546744e-04 1.326188032270488753e-04 8.233674879539818327e-05 7.584827514091559456e-05 5.801176801090497144e-05 4.446918696657753899e-05 3.645881717602864270e-05 1.602892904970082129e-04 2.030469261074073083e-04 1.755426778610449858e-04 1.425591654951740444e-04 4.174336658161031379e-04 4.971512267528794236e-04 6.662459877866287392e-04 4.373826754083460534e-04 2.596591747898351413e-04 1.870119719986841253e-04 1.594846073429867679e-04 1.063792943215117077e-04 8.625814188332366615e-05 6.281719365182907467e-05 5.166929634595044708e-05 5.562790354548145040e-05 4.452393201886529730e-05 3.987927250020908596e-05
9.641943383838427067e-05 1.220556767908135599e-04 1.309553542061325869e-04 1.475241407364590864e-04 1.686641340542786741e-04 2.459332471984457323e-04 2.715291863517093544e-04 2.542159582182661453e-04 1.919910238526475305e-04 1.000000000000000021e-08 1.000000000000000021e-08 1.000000000000000021e-08 1.000000000000000021e-08 1.000000000000000021e-08 1.000000000000000021e-08 1.164975445277998710e-05 1.659325227708224225e-05 1.543961527890309223e-05 1.000000000000000021e-08 1.026152774975266892e-05 1.000000000000000021e-08 1.234513723067765347e-04 2.346948476440632837e-04 3.217463644669172913e-04 3.103629429309560884e-05 1.000000000000000021e-08 1.000000000000000021e-08 1.000000000000000021e-08 1.149924402012030914e-05 1.597233811608488640e-05 1.856041667711391284e-05 1.582217364930189305e-05 1.299190173052369866e-05 1.272353939624447022e-05 1.581492526517020157e-05 1.337634972906006186e-05 1.000000000000000021e-08
9.259335309362463429e-04 5.712993319595913459e-05 4.704375125325861376e-05 4.191059349524869785e-05 3.696632950292827029e-05 2.819398707822463028e-05 2.453190424561608069e-05 1.000000000000000021e-08 1.000000000000000021e-08 1.000000000000000021e-08 1.000000000000000021e-08 1.000000000000000021e-08 1.000000000000000021e-08 1.000000000000000021e-08 1.000000000000000021e-08 1.000000000000000021e-08 1.718633879277808044e-05 2.144982080847005851e-05 2.116757385002437952e-05 2.092827943375239930e-05 2.116384617027332579e-05 2.448770675200778605e-05 6.614355297055543343e-05 1.470011081424722322e-05 1.000000000000000021e-08 1.000000000000000021e-08 1.000000000000000021e-08 1.000000000000000021e-08 1.171999451402495256e-05 1.202064686182580566e-05 1.000000000000000021e-08 1.701350920939195569e-05 1.457782933529779964e-05 1.444411654822931194e-05 1.029765503103277819e-05 1.000000000000000021e-08 1.000000000000000021e-08
1.498754652871034500e-05 2.785568128070059940e-05 1.000000000000000021e-08 1.000000000000000021e-08 1.118332302362526650e-05 1.000000000000000021e-08 1.000000000000000021e-08 1.000000000000000021e-08 1.000000000000000021e-08 1.000000000000000021e-08 1.000000000000000021e-08 1.000000000000000021e-08 1.000000000000000021e-08 1.000000000000000021e-08 1.000000000000000021e-08 1.000000000000000021e-08 1.203135798988353126e-05 3.945590374012579953e-05 4.118737407622289601e-05 3.246703015086783826e-05 3.754899064298189215e-05 8.455769526412327544e-05 1.414483789999462423e-05 1.062303565380889468e-05 1.000000000000000021e-08 1.000000000000000021e-08 1.000000000000000021e-08 1.000000000000000021e-08 1.000000000000000021e-08 1.000000000000000021e-08 1.000000000000000021e-08 1.000000000000000021e-08 1.298383960555819861e-05 1.635261732543624144e-05 1.785648761789326774e-05 1.371745550340291452e-05 1.278072921144406259e-05
1.160455691023879172e-05 2.038489995228015455e-05 2.788637590029116310e-05 1.963907523346518878e-05 2.318781692155081199e-05 3.279520008548809516e-05 2.993985673415750686e-05 2.400295234884609690e-05 2.038340859414901172e-05 1.582112143839489954e-05 1.444207738862323657e-05 1.333808198803359388e-05 1.598272703271479342e-05 1.523787986390498583e-05 1.625046376410792210e-05 1.450674280940708247e-05 2.255811842790433059e-05 3.708217444522931384e-05 4.141653200787161931e-05 4.912739322286035267e-05 4.585723943196090286e-05 1.087402690063652441e-04 8.818407159808800799e-05 1.000000000000000021e-08 1.000000000000000021e-08 1.000000000000000021e-08 1.000000000000000021e-08 1.000000000000000021e-08 1.000000000000000021e-08 1.000000000000000021e-08 1.000000000000000021e-08 1.134922093199346156e-05 1.701127104317906802e-05 2.159045747417327404e-05 2.441880926343582061e-05 2.363202648932805154e-05 3.418344971253107047e-05
1.113709418573310282e-05 1.918349775747741617e-05 2.591914697040323477e-05 1.000000000000000021e-08 1.233153905658882831e-05 2.218107022882571833e-05 4.657900071935543840e-05 3.900633565067291762e-05 3.862920846159959801e-05 1.000000000000000021e-08 4.547461331530796262e-05 7.204746968933187147e-05 7.262937657517909223e-05 9.019460401610245850e-05 1.072163626402040102e-04 1.100921865573009547e-04 9.460830414215770667e-05 8.582614835773534547e-05 1.021435830121087654e-04 7.929499257614322895e-05 6.862036156721284619e-05 8.241584062670659339e-05 1.355734016919969915e-04 1.000000000000000021e-08 1.000000000000000021e-08 1.000000000000000021e-08 1.000000000000000021e-08 1.193448930512783283e-05 1.211047095598035267e-05 1.250892624636893909e-05 1.645907014739574471e-05 1.826789539912823483e-05 1.888105022296058746e-05 1.000000000000000021e-08 1.777308272822338478e-05 2.350397689607557717e-05 1.959185242802442356e-05
1.371636705961074773e-05 2.171075885666305864e-05 2.447508925268284923e-05 2.331732521897632589e-05 1.740560646337119450e-05 1.538863742399894179e-05 1.236586579542895629e-05 4.060325631986637086e-05 8.547704468674380220e-05 4.989501657401721954e-05 4.379383011865029777e-05 3.638994063098791542e-05 4.802530189733966227e-05 4.688995967991618720e-05 1.000000000000000021e-08 1.000000000000000021e-08 1.000000000000000021e-08 1.000000000000000021e-08 1.587001359600005704e-05 1.000000000000000021e-08 1.000000000000000021e-08 5.338986032427447411e-05 1.314220889559652235e-04 1.000000000000000021e-08 1.000000000000000021e-08 1.000000000000000021e-08 1.512053182779753896e-05 1.476178396912062896e-05 1.000000000000000021e-08 1.076826164638868890e-05 1.641807993413097738e-05 1.867619080632876389e-05 2.061679686352979609e-05 1.000000000000000021e-08 1.000000000000000021e-08 1.000000000000000021e-08 1.000000000000000021e-08
1.912695430043306489e-05 2.347839501165883765e-05 1.958713255699968267e-05 1.000000000000000021e-08 1.000000000000000021e-08 1.000000000000000021e-08 1.000000000000000021e-08 1.000000000000000021e-08 1.266003780141543761e-05 1.000000000000000021e-08 1.000000000000000021e-08 1.000000000000000021e-08 1.000000000000000021e-08 1.000000000000000021e-08 1.000000000000000021e-08 1.000000000000000021e-08 1.000000000000000021e-08 1.000000000000000021e-08 1.000000000000000021e-08 1.180536887250251609e-05 1.000000000000000021e-08 4.740380072717026531e-05 1.316152488715153753e-04 9.127855944092597379e-05 5.822122024597969491e-05 3.429101529955856371e-05 3.535049410114015543e-05 1.668173776884315405e-05 1.000000000000000021e-08 1.000000000000000021e-08 1.719145507901704724e-05 2.180884007443464965e-05 1.000000000000000021e-08 1.000000000000000021e-08 1.000000000000000021e-08 1.000000000000000021e-08 1.000000000000000021e-08
1.000000000000000021e-08 1.596117626596239242e-05 1.000000000000000021e-08 1.000000000000000021e-08 1.000000000000000021e-08 1.000000000000000021e-08 1.000000000000000021e-08 1.000000000000000021e-08 1.000000000000000021e-08 1.000000000000000021e-08 1.000000000000000021e-08 1.000000000000000021e-08 1.000000000000000021e-08 1.000000000000000021e-08 1.000000000000000021e-08 1.000000000000000021e-08 1.000000000000000021e-08 1.000000000000000021e-08 1.000000000000000021e-08 1.000000000000000021e-08 1.000000000000000021e-08 1.000000000000000021e-08 1.000000000000000021e-08 7.740477022042990861e-05 6.796819512810309846e-05 5.256906243047610350e-05 4.285053458107265079e-05 1.000000000000000021e-08 1.000000000000000021e-08 1.000000000000000021e-08 1.000000000000000021e-08 1.000000000000000021e-08 1.000000000000000021e-08 1.000000000000000021e-08 1.000000000000000021e-08 1.000000000000000021e-08 1.000000000000000021e-08
1.000000000000000021e-08 1.372392110703508117e-05 9.994502105816534948e-04 5.648920505883915877e-05 4.703218305355709390e-05 1.000000000000000021e-08 1.000000000000000021e-08 1.000000000000000021e-08 1.000000000000000021e-08 1.000000000000000021e-08 1.000000000000000021e-08 1.057171459303895826e-05 1.672351940931406081e-05 2.392335377244782373e-05 3.126869760318249497e-05 3.057247264947017204e-05 2.485937405670578286e-05 2.019562349241001340e-05 1.847242049979284177e-05 1.193849157235271685e-05 1.746996294821903201e-05 4.276713256357338508e-05 7.392417041104541514e-05 1.250126935805462151e-04 1.769334329320656530e-04 1.424918960717873155e-04 1.474898360093766585e-04 8.423587659889002937e-05 5.056067279692498057e-05 3.752294289105979647e-05 1.000000000000000021e-08 1.000000000000000021e-08 1.000000000000000021e-08 1.000000000000000021e-08 1.000000000000000021e-08 1.000000000000000021e-08 1.000000000000000021e-08
1.000000000000000021e-08 1.000000000000000021e-08 1.652862040011028445e-05 2.040794102917804247e-05 1.000000000000000021e-08 1.000000000000000021e-08 1.000000000000000021e-08 1.000000000000000021e-08 1.000000000000000021e-08 1.000000000000000021e-08 1.000000000000000021e-08 1.000000000000000021e-08 1.000000000000000021e-08 1.000000000000000021e-08 1.000000000000000021e-08 2.831971172326576289e-05 4.727926251488352819e-05 4.441242066865504890e-05 3.884383077132465224e-05 3.882164826242063172e-05 4.561504551273197310e-05 3.973396007832267682e-05 6.366239371872411490e-05 7.732362692825462205e-05 6.453416574757202837e-05 1.427056894024063879e-04 1.928429749844682228e-04 2.335022390251153082e-04 2.645642921998018538e-04 1.911699856432715213e-04 1.469248169318036355e-04 1.000000000000000021e-08 1.000000000000000021e-08 1.000000000000000021e-08 1.000000000000000021e-08 1.000000000000000021e-08 1.000000000000000021e-08
1.000000000000000021e-08 1.000000000000000021e-08 1.000000000000000021e-08 1.488982528252650399e-05 1.871046980308040597e-05 1.000000000000000021e-08 1.000000000000000021e-08 1.000000000000000021e-08 1.000000000000000021e-08 1.000000000000000021e-08 1.000000000000000021e-08 1.000000000000000021e-08 1.000000000000000021e-08 1.000000000000000021e-08 1.000000000000000021e-08 1.000000000000000021e-08 1.000000000000000021e-08 1.000000000000000021e-08 3.088321203128445940e-05 4.689179425655003782e-05 6.402596935313694152e-05 8.526709423619447238e-05 7.072459757858067658e-05 5.697222218965701605e-05 1.000000000000000021e-08 1.000000000000000021e-08 1.000000000000000021e-08 1.000000000000000021e-08 2.536461800642260728e-05 1.926084983342202261e-04 2.231675728677822367e-04 1.899358434512474203e-04 1.000000000000000021e-08 1.000000000000000021e-08 1.000000000000000021e-08 1.000000000000000021e-08 1.000000000000000021e-08
