output/water_depth_6000.asc
ncols 223
nrows 158
xllcorner 0.0
yllcorner 0.0
cellsize 30.0
[rows 85 to 101 of 158, columns 74 to 110 of 223]
1.000000000000000021e-08 1.000000000000000021e-08 1.000000000000000021e-08 1.000000000000000021e-08 1.000000000000000021e-08 1.000000000000000021e-08 1.000000000000000021e-08 1.000000000000000021e-08 1.000000000000000021e-08 1.000000000000000021e-08 1.000000000000000021e-08 1.000000000000000021e-08 1.000000000000000021e-08 2.636941382836947162e-05 1.000000000000000021e-08 1.000000000000000021e-08 7.340183438313799171e-05 1.356886454821814236e-04 1.000000000000000021e-08 1.000000000000000021e-08 1.000000000000000021e-08 1.531484726399495828e-05 3.359507193150086874e-05 4.863601587124415847e-05 1.000000000000000021e-08 1.000000000000000021e-08 1.748902108320028105e-05 6.405489436494258594e-04 5.477148032178263379e-05 1.896850414929841626e-04 8.291852678689155495e-05 4.122898040488235435e-04 2.608247074091364181e-04 3.677952241322136277e-04 2.335946630679853922e-04 1.662767670810283297e-03 1.801891721610362736e-04
7.975823652018018727e-04 6.538837430711831849e-05 3.184719562802872366e-04 1.406271542787672252e-05 1.000000000000000021e-08 1.000000000000000021e-08 1.000000000000000021e-08 1.000000000000000021e-08 1.000000000000000021e-08 1.000000000000000021e-08 1.000000000000000021e-08 1.000000000000000021e-08 1.000000000000000021e-08 1.567442248232584959e-05 1.318503313410173976e-05 1.000000000000000021e-08 1.562109513404275204e-04 3.492351178014884935e-04 6.357973769270395051e-04 7.952513809886389319e-04 7.178316334954712961e-04 3.597212973761407820e-05 1.166390208235895559e-05 1.000000000000000021e-08 1.000000000000000021e-08 1.000000000000000021e-08 1.000000000000000021e-08 5.041133689418421002e-05 5.684319425417515628e-04 9.317049076169634067e-05 1.396658548344911690e-04 1.717229503061787127e-04 3.671003696337635713e-04 2.275341437710713492e-04 3.904917771207812175e-04 2.654751146851430980e-04 3.165318726440259373e-04
2.734592204446661617e-05 6.638730405615392532e-05 1.034499386246179493e-04 5.371510193932694686e-04 3.159893926092781499e-05 4.255349181310153970e-05 3.848971431220714567e-05 2.549518212318245336e-05 1.000000000000000021e-08 1.000000000000000021e-08 1.000000000000000021e-08 1.000000000000000021e-08 1.000000000000000021e-08 1.838915385501491630e-05 2.331872023334862442e-05 2.014033287973357420e-05 1.000000000000000021e-08 1.000000000000000021e-08 4.027627540357113425e-04 5.314761981456866177e-04 1.034259957092174224e-03 9.045574760326542197e-04 9.480598792820188968e-05 7.726704207901486429e-05 9.886308882311728300e-05 8.176088792439242185e-05 5.278050570943641003e-05 8.656163888121457429e-05 1.792200830854669006e-04 2.852940854836149881e-04 1.281146656215480977e-03 2.874580524236048295e-04 4.983516046811359594e-04 9.460847395354932046e-04 4.155814067645126884e-04 9.956013519420168004e-04 1.341761858600292010e-04
1.578036756574645544e-04 1.651716735015160403e-04 2.225450417418564089e-04 9.517352703038362742e-04 1.386444465134371688e-03 1.814062560775604738e-03 1.447814773223558924e-03 1.099422228387363564e-03 1.213019476642721896e-03 8.878096255192793147e-04 1.025389033742419046e-03 8.173775208333548424e-04 6.555464284075611771e-04 4.539698475769979834e-04 3.101351498323461943e-04 1.698394946391251420e-05 1.453271688484460752e-04 4.219442932873037288e-05 4.867665490421920491e-04 1.086044465164820493e-03 8.843615884727297049e-04 1.468084146151131487e-03 4.414984792727427699e-04 4.931121206412544507e-04 3.834788056839752413e-04 4.690887082482457959e-04 4.005042109469694593e-04 4.810309599512858545e-04 3.672812726587322443e-04 4.545709451138440723e-04 1.548669632886002850e-03 1.704523996736079195e-03 2.368765679653726092e-04 1.090242187729969294e-04 8.151236141701719224e-04 5.596849594250034908e-04 1.052360972773073696e-03
4.363950375312876601e-04 5.187379485508512725e-04 3.987341667748258095e-04 4.496411970839882082e-04 4.556860059736210803e-04 5.327427184792754263e-04 6.686792039281492551e-04 1.074160358873788110e-03 3.490317195575182510e-04 7.612677046679422032e-04 6.633800882333703523e-04 9.661556954538094580e-04 8.823557565221659075e-04 1.208676855120396042e-03 1.054792587181843004e-03 1.230483195143635940e-03 8.778806832228486755e-04 1.037016972159714254e-03 7.471430362948920309e-04 9.683335448277954416e-04 3.374099503492677867e-03 3.550421989847144140e-03 3.632523722022474276e-03 3.849234906531035123e-03 4.040254615453109550e-03 4.651146747493031114e-03 5.041473664679633690e-03 3.580438863746838833e-03 6.771631970216397201e-04 6.668710790174680030e-04 4.942055584474040232e-03 5.335391422118863393e-03 3.512561098604492175e-03 2.382062920803635925e-03 1.576385711825899249e-03 6.591865284547296019e-04 5.255410044319749983e-04
3.739214076308419905e-04 7.257668231904898168e-04 9.911610087904182149e-04 1.225719765697276965e-03 6.806634172781799710e-04 4.853125962824258923e-04 2.987941027915945848e-04 1.897131860461196090e-04 1.546116885851043935e-03 1.622927389307300509e-04 1.239875688775665718e-04 1.530808638930379617e-04 1.164912632225287547e-04 1.483321620831257182e-04 1.316416168554859030e-04 1.608305144586914901e-03 2.276971192201518186e-03 1.882095410899700411e-03 1.313522553109475232e-03 6.923291075695875603e-04 4.778022932496095356e-04 2.907689866779928408e-04 2.110009665395356148e-04 4.505126117227244761e-05 1.753287274912557420e-03 1.210727272679636450e-03 9.333748021042742203e-04 3.356716849115598186e-03 4.565626679235984010e-03 4.419558737624645038e-03 7.059142142489911384e-04 7.853419588668563052e-04 1.403040651124432296e-03 1.169594291918411248e-03 1.021139714863056021e-03 1.572472892372541852e-03 6.888940323815199995e-04
1.564483172802883632e-04 1.479077562931484333e-04 2.516033461438137902e-04 3.750860306622929696e-04 6.414524661000692773e-04 6.526593368658451010e-04 5.319697279177606564e-04 4.937684121202049392e-04 1.226069019831967869e-03 1.163886604048207330e-03 1.278707633515112406e-04 4.098251382064202128e-05 3.778422454072774989e-05 3.033329776560982985e-05 3.822114475509378147e-05 2.039727812600586451e-04 1.455422036518556840e-04 1.061483466222251561e-03 2.416243266467086399e-04 2.690404337700127600e-04 3.435609332559783264e-04 3.035499895192375077e-04 3.684963305589674634e-04 2.611160928774071931e-04 3.395796461899445529e-04 2.653386224461587090e-05 1.644064361179431075e-05 1.557868235650473716e-05 2.799255522651969736e-05 2.987706915771981379e-04 2.150157642622564679e-04 1.492393471823276311e-04 8.241292970204178604e-04 4.008979785130504202e-04 1.701614663520339748e-03 3.934464444755644678e-04 1.112546203661080252e-03
5.435479296560943667e-05 4.377116083875009925e-05 3.261477787934203844e-05 2.244765696598822305e-05 5.550413141086256528e-04 9.979391221631034054e-04 1.390802580547752026e-03 1.656219030984235150e-03 2.196060855962384852e-03 1.764085111365513905e-03 2.225887278662347498e-04 1.855611140504533204e-04 6.899144251322871435e-05 5.894977476088285740e-05 4.883386946950158943e-05 8.150688368999112524e-05 7.166438781902718751e-05 2.863897414364767881e-04 4.340811311588091892e-04 5.958008377442969555e-04 4.941526294572912842e-04 6.008808997202439795e-04 1.971287038211896978e-04 1.019461656311537387e-03 6.741398842836431949e-04 4.483645815838466659e-05 3.596382137297926952e-05 5.282582630694040933e-05 3.197658026610949913e-04 1.986859231535294083e-04 1.657134017245443674e-04 1.933793942063489124e-05 5.858563847804934338e-04 2.412688184176305355e-03 2.032976441970299475e-03 3.809734653763858104e-04 6.131715617203269651e-04
2.490236317500385034e-05 2.775705819779811134e-05 1.000000000000000021e-08 1.356638372168603651e-05 1.000000000000000021e-08 1.151853744511098786e-04 7.507414259480822802e-05 5.524035768816674388e-05 2.352499606653069171e-04 1.380621188647639455e-03 5.646979256987053703e-04 2.331910181295575042e-04 2.554346137024002261e-04 9.698388692332014966e-05 1.633456068289365897e-04 1.859657741272478044e-04 2.352661105888823241e-04 2.179633893569216498e-04 3.429086682707341641e-04 3.061706668950120100e-04 2.144258400717961649e-04 2.269286275462458640e-04 5.949068661081520753e-04 6.000283829523714828e-04 1.810108460631101347e-03 1.244784132013461008e-03 8.362069245721340596e-04 1.241512837787442348e-04 1.334328769449195191e-04 1.134105475096952690e-04 1.486986652140444710e-04 1.187215738086088270e-04 2.249738527999085738e-04 1.792255820650909021e-04 2.817018642944658143e-03 2.827452993082541378e-03 1.931725181313566613e-03
1.442501321915176263e-05 2.245926364970010747e-05 1.000000000000000021e-08 1.000000000000000021e-08 1.000000000000000021e-08 1.000000000000000021e-08 1.000000000000000021e-08 1.000000000000000021e-08 1.640656508187003797e-05 1.929961700734940996e-04 2.792644360743924041e-04 6.320951451487598176e-04 7.549975174002830809e-04 5.630321794016283042e-04 1.434479299285531043e-03 6.140324057014736421e-04 1.000000000000000021e-08 1.000000000000000021e-08 1.590853911350706879e-05 3.687183893770187355e-05 2.190000961233096264e-04 3.265649642636273865e-04 3.283345472683869165e-04 4.974548762502500237e-04 3.388336233269855944e-04 3.866707835767800496e-04 1.793807157367618846e-04 1.435991044703711613e-04 4.626209552084790993e-05 8.359801203752217826e-05 4.807527876691218560e-04 7.283008025880655090e-05 8.537337885461064428e-05 1.059026445996155637e-04 5.562855395426287864e-04 2.625935655038168053e-03 2.917976702834518959e-03
1.000000000000000021e-08 2.396974052879052047e-05 1.000000000000000021e-08 1.000000000000000021e-08 1.000000000000000021e-08 1.000000000000000021e-08 1.000000000000000021e-08 1.754570006639511506e-05 1.000000000000000021e-08 1.216563502217061639e-05 2.455552310758695421e-04 7.366435058353789961e-05 9.065316863125956470e-05 2.444544593015559718e-03 2.134188959448955151e-03 1.306163105005424653e-03 1.236228617981454498e-04 3.394602081109001008e-05 5.001691666910445681e-05 4.274827957231406152e-05 8.759507539795626093e-05 8.805744051516950868e-05 6.376555972031107140e-05 3.474173015642648902e-05 2.801271968725500784e-04 2.068867043843079453e-04 3.151092509182964975e-04 1.418158400415901049e-04 1.593594238721743155e-04 1.284886630731980266e-04 7.162729254387267385e-04 4.962241007139706625e-04 2.731213765622580222e-04 3.211421041419114126e-04 2.126138365608067169e-04 4.641941003639543108e-04 1.640216951947318829e-03
1.000000000000000021e-08 1.000000000000000021e-08 2.307198432734623819e-05 2.861943592677041124e-05 4.575200481274488006e-05 5.489242384435290728e-05 6.924335541792877213e-05 4.552267142938153072e-05 3.227452737140789230e-05 1.000000000000000021e-08 1.849632257479085707e-05 1.857101827376902910e-05 2.428455903061640472e-05 1.844530343285374669e-04 1.661848654617947797e-04 2.458499725838072972e-04 1.046714917536019921e-04 1.099901312435069432e-04 3.087456047711862407e-05 2.562510890397295995e-05 1.000000000000000021e-08 1.000000000000000021e-08 6.196807463200742930e-05 7.140370070998417048e-05 1.107601016389064282e-04 2.702755609655280405e-04 1.814655081125834870e-04 2.742604871040055345e-04 1.341211995134872052e-04 2.285686657775304483e-04 6.503583236881996395e-05 4.592190180071581109e-05 9.027044908229085978e-05 7.308271157687197257e-05 4.538023769867045518e-04 4.601571742985392441e-04 1.894601107631359326e-04
1.000000000000000021e-08 1.000000000000000021e-08 2.053521703251563922e-05 3.739214090266024373e-05 3.338742317179611797e-05 3.374326672980181160e-05 2.787222091746660853e-05 5.255302714052976956e-05 4.214384938756196667e-05 3.192963764721687338e-05 4.329691971501250906e-05 6.217064322352298402e-05 5.574847441374076356e-05 7.566947595224996653e-05 2.137979922272231813e-04 1.350717853286170864e-04 1.943314530443337172e-04 8.625502693255637093e-05 9.522229282366411070e-05 3.615553952912766166e-05 3.272780606533835129e-05 1.227159672637051566e-05 3.392075371567190682e-05 9.838601035483853093e-05 3.105261732800638423e-04 1.816651356820993615e-04 3.083930825389616273e-04 1.804827522174223679e-04 2.669899409659164872e-04 3.784623282849278701e-04 5.104918976385037447e-04 6.305194560573563068e-05 2.109743320098722279e-05 4.042669775656723539e-05 4.443830570773277993e-04 4.317028046975368571e-05 1.480518178445140720e-04
1.214741593862948349e-05 1.000000000000000021e-08 2.852801730446667233e-05 1.000000000000000021e-08 2.134408579456880067e-05 1.387133826539875078e-05 1.594490836435060797e-05 1.415669806112645522e-05 3.849333311647890548e-05 5.823689891354374211e-05 1.105014664919717107e-04 9.969035560640042155e-05 1.063207449818989091e-04 9.962348618403531013e-05 1.000000000000000021e-08 2.085581929770543306e-04 1.178951597066139905e-04 1.679823741630453060e-04 7.907265252733617852e-05 9.975924321139242315e-05 4.504068957445800961e-05 5.369684664981741549e-05 1.966908934266913819e-05 4.439732050887345823e-05 5.837379346712998415e-05 1.918677758147680574e-04 3.865375122765784188e-04 7.492347697201464426e-04 8.961036310456454079e-04 1.240106848753981094e-03 1.512141948334408013e-03 2.245480654443940231e-03 1.964147542329057819e-03 2.105491014166677079e-03 1.491468459468991417e-03 1.693466481186354025e-03 2.881420817135210179e-03
2.836533352254241234e-05 1.452819733519955445e-05 3.208269095955545649e-05 1.000000000000000021e-08 1.000000000000000021e-08 1.000000000000000021e-08 1.000000000000000021e-08 1.000000000000000021e-08 1.000000000000000021e-08 1.136109518778378580e-05 3.387901735048001950e-05 1.302452681689674169e-04 1.382988540207194007e-04 1.390667960040264191e-04 1.000000000000000021e-08 1.000000000000000021e-08 9.767492608217172333e-05 8.021821152200457963e-05 1.371041333867746689e-04 2.144763585422092256e-04 1.866783439843032986e-04 8.218596217674461026e-05 9.136085812309637747e-05 3.087189001170997059e-05 2.821259870441746384e-05 1.767000717039922842e-04 2.719640308161609026e-04 3.475505927314100334e-04 4.583634718280187557e-04 3.812245562888193651e-04 4.761440401290637685e-04 1.336935125744116541e-03 2.820180447793271469e-04 5.541342726036296287e-04 9.524997225612685109e-04 9.744894321469662560e-04 1.872886212094152392e-03
8.014651081634693224e-05 1.863203724844807714e-05 1.000000000000000021e-08 1.000000000000000021e-08 1.000000000000000021e-08 1.000000000000000021e-08 1.000000000000000021e-08 1.000000000000000021e-08 1.000000000000000021e-08 1.000000000000000021e-08 1.000000000000000021e-08 1.724456274388915599e-05 1.000000000000000021e-08 1.000000000000000021e-08 1.000000000000000021e-08 1.000000000000000021e-08 2.961533179756316940e-05 9.424843819317243088e-05 7.497599828636323485e-05 7.507726356520302803e-05 8.809730617273482320e-05 1.514567131526748885e-04 2.107656258264365638e-04 3.207647301081594979e-04 1.112643718148399003e-03 8.337261902382462914e-04 6.794115590316230670e-04 4.976563341404112700e-04 4.567766265448674665e-04 3.156547771784174979e-04 2.730382040588818495e-04 5.339898768354511160e-05 2.579034295228814893e-05 5.517917083994418250e-05 6.411625694536637193e-05 1.299468776603221096e-04 1.821909676302729884e-04
7.009368522018631805e-05 6.836313156465333260e-05 6.993961873562795487e-05 1.000000000000000021e-08 1.000000000000000021e-08 1.000000000000000021e-08 1.000000000000000021e-08 1.000000000000000021e-08 1.000000000000000021e-08 1.000000000000000021e-08 1.000000000000000021e-08 1.000000000000000021e-08 1.000000000000000021e-08 1.000000000000000021e-08 1.000000000000000021e-08 1.000000000000000021e-08 2.537801642117390276e-05 3.848825229414602549e-05 1.005752541591334282e-04 5.868517469504243333e-05 1.300522206232557155e-04 9.246136084471945566e-05 1.746244104032717106e-04 1.604006556344776398e-04 3.524667957365413933e-04 1.202566949741647488e-03 9.425443920597475350e-04 7.605273271216992943e-04 1.744915407991496300e-05 2.535079568677345399e-05 2.063730739788660739e-05 2.756100439904497705e-05 2.348615197102121486e-05 8.046823380177236520e-05 9.864191787145473820e-05 7.280521758629084116e-05 1.976855973242868910e-04
