output/water_depth_3840.asc
ncols 223
nrows 158
xllcorner 0.0
yllcorner 0.0
cellsize 30.0
[rows 68 to 84 of 158, columns 111 to 147 of 223]
3.675438753414762383e-04 9.257913645364207163e-04 9.535949406405650505e-05 1.194675584531525907e-04 6.690911409066506270e-05 2.171263682870776409e-04 2.444512066547932139e-05 7.773025251568551556e-05 1.488844705871372439e-04 9.721523904542552982e-04 1.235619948780997861e-03 2.975699156942698364e-04 7.720489626220810100e-05 1.300719374275425247e-05 1.769615333548854732e-05 1.000000000000000021e-08 1.000000000000000021e-08 1.000000000000000021e-08 1.000000000000000021e-08 1.192288229120249852e-05 1.000000000000000021e-08 3.958616211028749793e-05 1.000000000000000021e-08 1.000000000000000021e-08 1.556774984737202547e-05 2.037032828347945095e-05 2.199642950860685326e-05 6.781060636805746639e-05 1.061464007923811417e-02 2.155850178588207110e-03 1.656851600855318907e-05 1.000000000000000021e-08 1.828254562226390250e-04 2.321462276856690480e-05 1.090233559834847651e-05 1.000000000000000021e-08 2.436602849582449157e-05
1.621942584303222908e-03 2.791275998134226926e-03 8.351566418857248736e-03 1.546617321839070629e-02 2.215114068008461334e-02 1.338976938180405814e-02 9.213875530337234041e-03 3.656993948975417871e-04 3.926146550472656756e-04 3.614388501491263943e-04 6.665096653417017887e-04 1.000000000000000021e-08 1.000000000000000021e-08 1.865716490776024906e-05 2.692126985889995789e-05 1.983794303244788357e-05 1.000000000000000021e-08 1.000000000000000021e-08 1.249803224205526920e-05 1.000000000000000021e-08 1.000000000000000021e-08 5.709466627439997672e-05 1.013807408705044938e-04 1.000000000000000021e-08 1.000000000000000021e-08 1.000000000000000021e-08 1.050190924513697768e-05 2.006036537603934808e-05 4.617127411468928947e-05 2.313333993838192614e-03 1.774752228321595888e-03 1.530658477012812558e-03 4.095223808994664276e-04 2.243767554527290135e-05 1.333525154978154072e-05 1.000000000000000021e-08 3.015671573431047669e-05
2.383957340702824029e-02 2.812199192381986679e-02 2.834645850837747352e-02 1.653604481128850140e-02 1.362588500087697288e-02 2.644620360133903905e-02 2.323835454697669931e-02 5.930209449213181931e-03 2.288484771831301426e-04 3.329256847189063315e-04 6.746467250582952415e-05 1.000000000000000021e-08 1.000000000000000021e-08 2.987203856543621907e-05 4.123186228601349884e-05 1.000000000000000021e-08 1.000000000000000021e-08 1.000000000000000021e-08 1.000000000000000021e-08 1.000000000000000021e-08 1.464019499086567346e-05 8.360645329685640270e-05 1.000000000000000021e-08 1.000000000000000021e-08 1.000000000000000021e-08 1.000000000000000021e-08 1.000000000000000021e-08 1.111217976360701818e-05 1.877498502186409008e-05 2.911602941229499510e-04 1.433404970059864352e-03 6.011220989332683113e-04 1.563622261864835018e-04 3.614368312599263849e-05 1.271926689036113958e-05 1.271476733997292492e-05 3.661145989217186281e-05
1.062879277147425056e-02 1.426388000783358583e-02 5.804500122309049154e-04 5.280698486166710904e-05 3.634958801754099075e-05 5.216164084083690282e-05 3.060690211565844643e-02 2.400195926330760121e-02 2.959028710670600758e-04 1.231835886674813676e-04 2.137384578387165363e-05 1.000000000000000021e-08 1.000000000000000021e-08 3.602363527604928524e-05 1.000000000000000021e-08 1.000000000000000021e-08 1.000000000000000021e-08 1.000000000000000021e-08 1.000000000000000021e-08 1.000000000000000021e-08 1.000000000000000021e-08 7.066090751935810135e-05 1.175709436217362106e-04 1.000000000000000021e-08 1.000000000000000021e-08 1.000000000000000021e-08 1.000000000000000021e-08 1.942194890407264311e-05 3.316489001782402371e-05 3.949190104257101859e-04 1.764017639051456820e-03 3.754159970705065342e-03 1.223364282455957717e-03 3.312958115068113393e-05 1.599176687033211847e-05 1.000000000000000021e-08 4.552228735841657803e-05
5.631227068075213803e-03 5.981690838028303446e-03 1.013299915082378853e-03 5.057190653977385898e-05 3.917037310423188975e-05 4.838958725926062319e-05 7.189338807875868612e-03 3.397185075785991853e-02 3.135252259319388926e-04 1.092247624283909662e-04 1.841310201443118534e-05 1.000000000000000021e-08 1.000000000000000021e-08 1.000000000000000021e-08 1.000000000000000021e-08 1.000000000000000021e-08 1.000000000000000021e-08 1.000000000000000021e-08 1.000000000000000021e-08 1.000000000000000021e-08 1.000000000000000021e-08 1.000000000000000021e-08 1.727642635839236234e-04 1.000000000000000021e-08 1.000000000000000021e-08 1.000000000000000021e-08 1.399901124605719893e-05 3.196959618586749102e-05 1.000000000000000021e-08 1.000964184671103781e-05 1.814509452072706741e-05 3.399541368048472189e-03 4.914658430397680737e-03 4.601865522410616516e-05 1.585239490950562626e-05 1.000000000000000021e-08 1.000000000000000021e-08
1.045359896748430549e-03 3.242681862377285763e-03 5.023185616080257879e-04 7.432790448020292840e-04 6.062550852669176468e-04 8.735303908992407855e-04 7.226338971364597167e-04 9.723318970316023602e-02 3.174332373291427478e-02 4.976462818106445075e-04 1.607159301562033238e-05 1.000000000000000021e-08 1.000000000000000021e-08 1.000000000000000021e-08 1.000000000000000021e-08 1.000000000000000021e-08 1.000000000000000021e-08 1.000000000000000021e-08 1.000000000000000021e-08 1.000000000000000021e-08 1.000000000000000021e-08 1.973923072799742620e-05 2.016883385298347774e-04 1.000000000000000021e-08 1.000000000000000021e-08 1.000000000000000021e-08 1.000000000000000021e-08 1.000000000000000021e-08 1.000000000000000021e-08 1.000000000000000021e-08 1.000000000000000021e-08 1.000000000000000021e-08 2.777109541854074024e-03 2.118133502529348771e-03 1.186013315072960645e-03 1.100938924271677188e-04 1.453633320218058794e-04
2.939844471081194070e-03 5.171093246294840729e-04 5.380168932401417176e-05 3.724015468406973454e-05 5.066751735151323261e-04 3.742017663016603685e-04 5.537053985661297243e-05 5.004521609561956766e-05 3.454574240692342285e-02 8.420081734505627594e-03 2.296694900537785892e-05 1.379828801356001342e-05 1.511298791137952313e-05 1.000000000000000021e-08 1.000000000000000021e-08 1.078415984463276796e-05 1.000000000000000021e-08 1.000000000000000021e-08 4.363601104429696735e-05 1.000000000000000021e-08 1.000000000000000021e-08 7.430264190721755997e-05 2.084165134315962614e-04 1.000000000000000021e-08 1.000000000000000021e-08 1.000000000000000021e-08 1.000000000000000021e-08 1.000000000000000021e-08 1.000000000000000021e-08 1.000000000000000021e-08 1.000000000000000021e-08 1.000000000000000021e-08 5.691005296424260637e-04 2.059036573996469478e-03 8.896386721122188489e-04 2.963575677953580079e-04 5.352540123275508947e-05
7.311977951117615976e-03 4.100698531783842716e-04 3.134767361665688988e-05 4.292537228912924582e-05 4.065644250182521928e-05 8.451613349887142389e-05 1.000000000000000021e-08 1.000000000000000021e-08 2.871182741047893089e-02 1.597151499985213496e-01 1.412235976925018122e-01 4.784487386091280936e-04 2.681736387875810606e-05 4.440431984441500866e-05 5.824167787103529836e-05 5.651195775664618281e-05 7.142947556308273883e-05 1.000000000000000021e-08 5.618683412093297691e-02 5.200122104425509290e-02 5.836276306127671787e-02 5.485025412966589020e-02 4.845535947712427405e-02 2.972301069627816469e-02 2.453047673949848573e-02 3.497520770614293082e-05 1.000000000000000021e-08 1.000000000000000021e-08 1.000000000000000021e-08 1.534594792162153709e-05 1.000000000000000021e-08 1.000000000000000021e-08 1.179709947321488320e-03 5.358797762978900758e-04 1.013573453092094477e-03 1.264706314716037509e-03 3.326494592598171532e-04
2.568485297625657318e-02 5.931336280663888558e-04 2.658893616497616733e-05 9.755262284889494107e-05 1.447197589999676612e-04 9.285506031752592158e-05 8.031436971949654474e-05 1.000000000000000021e-08 1.078375794415490274e-04 7.866567243727473299e-05 1.063096317536832841e-01 4.734584419979133429e-02 4.009533644301187943e-02 4.914128586377185248e-02 4.256568782145216806e-02 4.416568926978681198e-02 4.588054253336947691e-02 4.766051691710395527e-02 5.522225965545785042e-02 1.000000000000000021e-08 1.000000000000000021e-08 2.453285126713477366e-05 1.114343275199897350e-02 4.771630594417066579e-02 1.823364280790413794e-01 1.450458899750464437e-01 9.236306258888648700e-04 9.574295990493915105e-05 5.569603126768493038e-05 1.000000000000000021e-08 2.319786620716854196e-05 3.797003561080136691e-05 4.071236295565995589e-02 6.742151567155360570e-02 7.801663908733191821e-02 8.400795299754915124e-02 1.321321333145306365e-01
2.859188289935090527e-02 8.184594268971941838e-03 1.051114545945158567e-04 1.037181176767278172e-05 2.544611032166096252e-05 2.950649733514978642e-05 2.373377632768894005e-05 4.103209561893750084e-05 4.604046889787427019e-05 5.347645577963515797e-05 1.090061257683200269e-04 1.000000000000000021e-08 5.288667565326935752e-05 1.517320752828911306e-04 1.000000000000000021e-08 6.718917294579759922e-05 1.000000000000000021e-08 3.734606583209128846e-05 3.308419412103669953e-05 3.795013933850860052e-05 5.945879641322162474e-05 1.000000000000000021e-08 4.717518418577103370e-05 1.066275570588263479e-04 1.918578893206232766e-04 6.640071919948600798e-02 6.841633815037100053e-02 7.024092613399063323e-02 7.199721000279661609e-02 7.377767594038266152e-02 7.565552912347348058e-02 7.768757878026721908e-02 3.937396235045696746e-02 2.500186990895971947e-02 9.915254402758023194e-03 7.020219396801949223e-03 1.121483414822615488e-01
2.734744547847478557e-02 1.878634095677164315e-02 1.484678488151025967e-04 1.750383238653096724e-05 2.867567588207156848e-05 3.444063052732809196e-05 4.275758055179439983e-05 2.577985816230377644e-05 2.701860972412005091e-05 2.625308988147730251e-05 1.000000000000000021e-08 9.895434501439746486e-05 9.675422768274821348e-05 1.618739388652192250e-04 1.000000000000000021e-08 2.979390268910344920e-05 1.567701714080539272e-05 1.000000000000000021e-08 2.249809481037159698e-05 2.474652154659898545e-05 4.070558067978898606e-05 4.375398075594156736e-05 4.636506526083561570e-05 5.401517704320311323e-05 1.000000000000000021e-08 2.860212617053892572e-04 1.335553994748421362e-05 2.930965429701666721e-04 1.000000000000000021e-08 8.692629773026433937e-05 4.649157846436985559e-05 1.936659641704360126e-05 1.000000000000000021e-08 1.000000000000000021e-08 1.000000000000000021e-08 1.000000000000000021e-08 4.105315833961978365e-04
1.384513959875749087e-02 2.214234546658789757e-02 1.886390553409592746e-02 1.265790206946573141e-04 1.000000000000000021e-08 3.821674681373813060e-05 5.843840095360882758e-05 8.951287832786878945e-05 1.829904323267794459e-05 1.659358053419397112e-05 1.627220649114799098e-04 1.549752399820490028e-04 9.125925907503167945e-05 9.510968463448900745e-05 1.000000000000000021e-08 1.757716794094112326e-05 1.000000000000000021e-08 1.000000000000000021e-08 1.000000000000000021e-08 1.446379217386766307e-05 2.540000203930622803e-05 3.449756580313606525e-05 3.450358893953314634e-05 3.373382587142967186e-05 4.176894051965010724e-05 1.000000000000000021e-08 4.635931764875335088e-05 1.000000000000000021e-08 1.000000000000000021e-08 1.000000000000000021e-08 3.727235033939727487e-05 1.000000000000000021e-08 1.000000000000000021e-08 1.000000000000000021e-08 3.738743659114331710e-05 1.293681657243221967e-05 2.902858554054836863e-04
2.001018062229805577e-02 4.430982291155979164e-02 1.756188495186189746e-01 1.520443971444273290e-01 1.198670024238366050e-01 3.751728926878090953e-02 2.374997499481417557e-02 6.148008419813369776e-03 2.297030092142049017e-03 1.706997499605705793e-03 2.474745956477266405e-04 1.000000000000000021e-08 1.432313016630712364e-05 2.518700439882345289e-05 1.511524589702592819e-05 1.000000000000000021e-08 3.689744234951788476e-05 4.004504292353615178e-05 1.598133378985330973e-05 2.279209340939758200e-05 1.986074567791471919e-05 1.528267856882106079e-05 1.335810328266406610e-05 1.576855477805379015e-05 1.678670948667861700e-05 8.937594395649285021e-05 3.300924946695991567e-05 6.021306055840439537e-05 1.749062665939298022e-05 2.338462744902513533e-05 3.198497605377932857e-05 1.000000000000000021e-08 1.000000000000000021e-08 1.184692990916820888e-05 3.280987610375547136e-05 3.943329500006610960e-05 7.874145699225586974e-05
8.934185077476387155e-03 1.003247703829777092e-02 5.459711201095027687e-03 3.569253050593323030e-03 1.675297978758304943e-03 1.886730761144010671e-02 2.713278978092974539e-02 1.301410718390938817e-02 1.687009611039168647e-02 1.268761224797160898e-03 1.573265321261381607e-04 1.000000000000000021e-08 1.279132963720882038e-05 3.158719823805895805e-05 3.824052276840338128e-05 4.396810630050283395e-05 9.335377780802344555e-05 1.000000000000000021e-08 2.340458783666613535e-05 3.264149944490091107e-05 3.957201213682499220e-05 4.772138443088198389e-05 3.782214933762353026e-05 4.514037462505495423e-05 1.275859347374130881e-04 4.817656264060599499e-05 3.833793435210217446e-05 2.470517911047335848e-05 2.161784269321832328e-05 1.000000000000000021e-08 1.517917840414354952e-05 1.000000000000000021e-08 1.000000000000000021e-08 1.000000000000000021e-08 2.788964207061289452e-05 2.958397945061693284e-05 6.500470059521721916e-05
7.273442931771382028e-03 2.313615953688859857e-03 1.224864078938779329e-03 6.855484419675533922e-04 1.130276006121130883e-03 1.281941083957894092e-02 1.597450513246157985e-02 2.238060629206249652e-02 2.844178080654085478e-02 1.043227921089942469e-03 1.403324755930130351e-04 1.000000000000000021e-08 2.043788439345207847e-05 3.683642292142388561e-05 5.556227098011871603e-05 7.748309383550599204e-05 1.000000000000000021e-08 3.102660160387589851e-05 4.043379405597909555e-05 4.813803954210563879e-05 6.064493475195390453e-05 7.935566692851966843e-05 1.283594482760945575e-04 2.856031706683431152e-04 2.597454860366192370e-04 1.000000000000000021e-08 1.521453787560114864e-05 1.287197791234346179e-05 1.000000000000000021e-08 1.000000000000000021e-08 1.000000000000000021e-08 1.000000000000000021e-08 1.000000000000000021e-08 1.000000000000000021e-08 2.536650019891578599e-05 3.482909725718417342e-05 6.484299466623518696e-05
9.123744131789519657e-04 4.863146523722590301e-04 9.038557134640590575e-04 8.646753538074569354e-04 1.055137581625459862e-03 5.222347290488447979e-03 1.496818870666459869e-02 2.388872866469247264e-02 2.806621260240566712e-02 6.992911612159274318e-04 1.192498031693721249e-04 1.260984550814404756e-05 3.297684022373275026e-05 5.460244176489405802e-05 6.136037042692159434e-05 7.811047880868812840e-05 2.772707049099128640e-05 5.023280305871802417e-05 1.000000000000000021e-08 4.936169581279005306e-05 1.000000000000000021e-08 2.908575314203130794e-04 1.993327759365642502e-04 1.995945797271832646e-04 2.508523240785388153e-05 3.191022129585396053e-05 4.677670751470630064e-05 3.489224532144079830e-05 2.730459413127068574e-05 1.982105889312768822e-05 1.000000000000000021e-08 3.836849125866769974e-05 1.000000000000000021e-08 1.000000000000000021e-08 2.337678399789891692e-05 2.879752016932321908e-05 8.714201003941217285e-05
2.528292175453108548e-04 1.153651287399364673e-04 3.728575083255648934e-04 1.179842664372056892e-03 1.228123341352004841e-03 4.191392414589292098e-03 6.740291736875734727e-03 4.760978306733249649e-02 1.969552842623150529e-02 1.174015132828384834e-03 1.122509818884597985e-03 1.274270400322478599e-04 1.000000000000000021e-08 1.000000000000000021e-08 4.995948603468949916e-05 1.000000000000000021e-08 1.408421080722168599e-05 1.019177318007778873e-04 1.000000000000000021e-08 1.000000000000000021e-08 1.000000000000000021e-08 1.969339148308884993e-04 4.225887511476516742e-04 1.517628002587073925e-04 1.000000000000000021e-08 1.000000000000000021e-08 3.136864797858355234e-05 1.000000000000000021e-08 1.173706000983970637e-04 9.885123849477627509e-05 9.905910831765808060e-05 4.379566677596278179e-05 2.482610851268046196e-05 1.000000000000000021e-08 1.486489449061115534e-05 2.557230893333041727e-04 7.835421184903796179e-05
