output/water_depth_2640.asc
ncols 223
nrows 158
xllcorner 0.0
yllcorner 0.0
cellsize 30.0
[rows 51 to 67 of 158, columns 74 to 110 of 223]
1.000000000000000021e-08 1.000000000000000021e-08 1.314182328333759597e-05 1.099074998388426824e-04 1.279128513286982832e-04 1.451378903603051942e-04 1.533585316071013887e-04 1.718722886483245319e-04 1.998741261203737518e-04 1.582871959244119592e-04 5.659773467742305794e-05 3.275119262032724594e-05 4.576961977042254579e-05 4.671496583821375546e-05 2.960510938640148427e-04 3.107523151697953409e-04 1.927883456137904873e-04 2.136359104697805182e-05 1.926953504040986650e-05 3.989258546590630371e-04 3.805317754117675433e-04 1.372951480907648564e-05 2.143637373739836911e-05 2.149030762515793090e-05 3.759547142065885225e-04 2.217635282391874831e-05 3.534123166457399124e-05 3.212277717068517339e-04 2.491313823887996988e-04 2.067056734409283554e-04 2.431871104713897276e-04 4.473040307837695072e-05 3.338443863214429048e-04 6.791130908631718734e-04 1.402237752568777124e-04 2.559228682117786348e-05 4.794779397969511475e-05
1.602235285750745254e-04 1.486619617588796135e-04 2.130993431679092508e-04 2.095765283085052337e-04 2.870546859379888836e-04 2.545187137006213528e-04 9.267969951943136981e-04 7.153255666220450192e-04 6.145261952226784138e-04 5.304039638202963976e-04 4.907124420717526585e-05 1.563831211784058074e-05 3.029687039620437990e-05 3.080416712282091102e-05 8.689553737314276995e-05 6.382954674313782040e-04 4.723582952437988843e-05 2.920330850688676274e-05 2.672672538324647528e-05 3.781569588825913733e-04 4.190762571673181994e-04 6.982309420805709850e-05 4.795115270953998897e-05 5.996130103171929754e-05 3.413744194658536817e-04 4.924259232232538433e-05 4.255984946054317659e-05 2.511605544177812708e-04 2.394626834259593441e-04 3.147081799491027883e-04 2.767947006892696469e-04 2.404696700197163492e-04 2.088943918973553294e-04 1.774114785677978435e-04 2.325789343031474369e-05 2.670293858724831710e-05 2.744501746594960436e-05
5.093903706315682694e-04 4.650723058742641447e-04 4.257841896153352753e-04 3.620792147281452316e-05 2.121079548660919308e-05 7.559103315642190513e-05 2.379426795891730962e-04 9.952635828535444287e-04 6.875029798951328005e-04 4.715002265850516878e-04 5.938697842140219698e-04 8.316221915781854860e-05 3.094319926600557023e-05 6.850145347914059137e-05 6.931287456574629618e-05 1.884285020775201358e-04 7.343328460930401147e-04 7.886300248690264513e-05 5.449396563286344611e-05 4.170407658319701919e-04 4.803739423681364093e-04 1.816173052606301613e-04 1.000000000000000021e-08 1.000000000000000021e-08 1.000000000000000021e-08 1.000000000000000021e-08 1.000000000000000021e-08 2.220031279755952245e-05 1.604736874492084322e-04 1.517949813039623952e-04 1.375963059196910027e-04 2.144302649279300357e-04 1.467088027283177689e-04 1.978764111725809691e-04 1.887504801804411859e-05 1.219768292020265128e-04 9.372679929044092550e-05
1.586543730212374229e-04 6.085170605687154229e-05 6.106411198316115765e-05 3.159139345176415978e-05 4.583551450489083075e-05 1.646977363481139586e-05 3.480726222287489372e-04 1.609530307572312367e-04 1.076664871630437603e-04 1.145144443519091853e-04 7.287649576324469912e-04 1.017096647813527262e-04 7.772088069911785692e-04 1.390617971278300543e-04 1.749330907740770304e-04 6.293700253409543512e-04 8.472665888320634600e-04 3.030521740367099004e-04 1.149425840870651707e-04 2.566599719512199307e-04 4.481754531223800420e-04 4.428116938696073461e-05 1.921850551768516442e-05 2.028708146605973575e-05 1.000000000000000021e-08 1.000000000000000021e-08 1.000000000000000021e-08 2.929086919413412011e-05 1.357970817154969189e-04 1.335370241526928994e-04 1.564551801375612316e-04 1.529510002834211067e-05 2.012139127653850572e-05 4.625989091856851174e-05 7.566764573322274983e-04 8.661723991468786490e-04 3.193287552397351876e-04
1.581335006849833265e-04 1.000000000000000021e-08 2.009128693913222563e-05 4.573458220926820213e-05 3.045022125987019210e-05 4.177238617236641574e-05 8.765235458740729504e-05 8.098366489871902446e-04 1.790825926523392634e-04 9.052392739795426233e-05 8.354644884453110622e-04 1.812776999308283359e-04 1.190803822141656636e-04 1.024256600827905467e-04 4.554666456911012464e-04 8.226573375795908217e-05 1.174883185801757870e-04 4.854948804042800211e-05 1.407650454613393353e-04 1.276381423096938279e-04 2.886321035032354257e-04 9.359604526406211419e-05 2.440521020390206254e-05 1.767255332477908532e-05 1.824541626644615022e-05 1.000000000000000021e-08 2.047813678964950776e-04 5.950849855190043589e-04 1.575521475044064606e-04 1.597718728574523445e-04 1.781419717953059974e-04 1.489648690970341320e-04 1.433709059219169144e-04 6.972818857966419357e-05 1.667798204690635494e-04 6.293974214949930607e-04 8.656557429782411103e-04
1.000000000000000021e-08 1.000000000000000021e-08 1.817970443968646037e-05 2.170545591474377277e-05 9.993322430965528901e-05 4.765390535605707725e-05 9.788275131722107920e-05 8.887100782461433907e-05 8.638847972394615520e-05 1.526204832553079347e-04 8.731075716634548829e-04 1.518132351011977784e-04 2.112446282471816257e-04 1.039961485142291519e-04 2.622153812954901319e-04 6.768052251147690522e-05 6.018612796892306544e-05 9.404716862377001979e-05 1.985955971008817645e-04 4.598964929494313313e-04 5.676702243930346892e-04 8.083907040972046704e-04 6.287412519566362625e-04 4.388626952882262316e-04 1.476934107843384943e-04 2.578859845983965358e-04 8.342772434265580128e-04 8.375774014784170742e-04 4.425747950777672362e-04 2.762441640540529825e-04 2.226264464009796300e-05 1.233160939561569481e-05 1.499164501926630684e-05 1.477507332040469963e-04 1.047240618640394163e-05 7.371625457537117003e-05 8.977801398161491505e-04
3.403653522752578991e-05 5.756714621290694796e-05 2.734123870056526939e-05 9.887729682663313297e-05 3.580939680318636682e-05 7.459194250494665150e-05 1.579073301655473452e-04 3.685887140650942874e-05 1.064906949487425057e-04 8.422898283814571514e-05 9.070397767343921919e-04 4.459025172035680873e-04 9.022567439702453701e-05 1.699695000622835858e-04 1.425911861902614413e-04 8.256676691454318618e-04 1.537908944766846727e-04 2.115398211945584072e-04 3.006164650399504733e-04 2.951235106202121285e-04 4.754287324119970608e-04 1.223102118015626134e-03 2.126431836822407129e-04 2.774593440144310650e-04 6.085422287340206586e-04 3.187265033019264052e-05 1.153652476891933515e-04 2.686580585651468338e-04 3.889968457976827193e-04 3.262429756471872514e-04 2.362175643525888226e-05 5.562397459163691157e-05 2.291442007173767677e-05 5.807916535325795916e-05 3.518594248049886509e-04 5.492560643885759878e-04 8.971428652419350357e-04
3.554112645979304016e-05 3.567743234605494384e-05 1.066649710841848327e-04 3.807404253420014918e-05 6.595389164264923770e-05 4.724188427759030360e-05 1.493641334686271569e-04 8.112600165734901744e-05 9.744180696064597364e-05 1.408011305927743832e-04 3.161749730497900607e-04 1.698567222688265833e-04 2.228201978375834037e-04 1.306784586494220285e-04 2.416442702178871345e-04 3.618692549923889805e-04 7.828792093177608749e-05 7.384079556188908287e-05 9.991619892817579503e-05 1.859728844219649862e-04 2.279495601529168579e-04 1.498448949797785441e-03 3.838138958932727006e-04 1.467063424575561778e-03 8.342688323877604870e-04 1.112021975165705738e-04 7.481158778378492751e-05 1.233837763135825364e-03 8.092166030000158853e-04 3.830701211726273824e-04 5.242964965285111740e-04 5.207098310106659926e-05 4.493039876406200754e-04 3.492307628516172453e-05 4.565847579732997441e-04 5.485897765235760604e-04 1.066079395810449299e-04
1.771626762958637073e-04 2.106415815562216547e-04 1.823029457118258438e-04 3.522983364615356284e-04 3.476560559058228922e-04 2.764148432917016055e-04 4.324436776159972960e-04 6.697788864876419706e-04 6.523502655921536303e-04 1.711186247655818553e-03 4.974307302457116504e-04 4.170695250836745126e-04 2.126969070113091695e-04 3.045204351215249298e-04 1.816228892642617184e-04 3.930163605100619540e-04 4.381350124695769987e-04 1.420887712995275414e-04 1.000000000000000021e-08 1.000000000000000021e-08 3.623163616848412618e-04 2.019681465471634169e-04 1.939561105803853816e-04 3.946336456881294023e-04 7.461497556419799653e-04 2.786742737192437450e-04 3.091377481486595790e-04 4.963919298150737836e-04 7.936468683150259577e-04 1.434478748307515931e-04 7.371549983860211644e-05 2.123367949067894817e-05 5.918026960359712332e-05 4.550341735116849402e-04 5.822039498984299833e-04 1.042928903850714691e-04 1.080117432800435992e-04
4.388266481415704868e-04 3.873934896958768754e-04 5.824891493670570795e-04 6.866027256595784575e-04 1.121843950116060236e-03 1.368158004933470260e-03 1.952813799628015136e-03 1.953483493617829553e-03 2.312544424574805146e-03 2.653487437608589069e-03 3.921017337017015589e-03 3.850224054241338598e-03 2.854566094429706897e-03 2.055829203756047094e-03 2.619437078846304119e-03 1.007592440938818740e-03 1.877342752505521597e-03 3.445468056446895693e-04 1.173597740620859798e-04 1.064219393710181898e-04 1.566517827452119645e-04 7.577239732960104330e-05 2.371964865005470524e-04 2.089365384002419038e-04 4.251226292188271067e-04 5.542794980199634543e-04 2.811081610168767722e-04 5.643785478957225347e-04 5.802215760325432929e-04 2.143022683532149570e-04 1.360252565939377067e-04 2.529225055664032374e-05 3.017009376633757379e-05 7.077167880052455536e-05 6.947724186432614095e-04 1.900964377366305843e-04 1.601680841576127925e-04
2.613607733236958559e-03 1.102549179716328601e-03 9.192891023806576628e-04 1.119657981553045687e-03 6.752440896504167305e-04 7.864025989735743630e-04 5.567261525283911851e-04 7.044904352838678684e-04 1.217271652966411214e-03 1.816985876717547212e-03 1.797603355505296907e-03 2.506767818577570334e-03 4.633611798490138746e-03 6.583862226612070476e-03 4.672816819522823510e-03 4.259207213498644208e-03 2.022816644472574029e-03 1.941766997697871736e-03 7.548039814474318595e-04 2.132773693157711484e-03 8.391055690717967759e-04 3.150486280928657592e-04 9.580388366919435439e-05 2.678775982418256764e-04 4.577937976371648809e-04 3.307414492135782921e-04 9.481174516708576732e-04 2.448416242418742115e-04 5.873113327906038595e-04 3.245385257039405322e-04 1.279193110513049316e-03 1.308327894988928263e-04 1.228814932055663175e-04 7.163537662070959566e-05 3.109053093346046898e-04 1.347321814790980899e-04 9.706827674623393402e-05
2.398352491644164045e-03 2.640656427775631230e-03 1.668118043423188340e-03 1.024685840795799959e-03 3.679609688089310491e-04 2.914500932945252726e-04 2.015869952324207443e-04 5.659358655430093846e-04 3.317376410608952031e-04 2.112735450956628564e-04 3.815770927655570319e-04 4.171750305078745499e-05 5.333509835077206932e-05 1.321096638926373625e-04 1.420091291320107205e-03 1.859595687701942612e-03 3.318264403369465456e-03 1.766063503467625454e-03 3.100051221925427189e-03 2.416056293841530294e-03 4.295270200809450135e-03 9.972203764930884923e-04 7.732055287980219797e-04 3.388818284076971186e-04 4.427728903025217235e-04 5.805087653556761668e-04 1.079375354389063056e-03 6.853726567134757648e-04 2.240764109824881951e-04 4.394432994756346396e-04 2.335125619232533267e-04 2.852415479247327550e-04 1.467471991508327567e-04 2.139507394783768304e-04 4.825590310176662719e-04 8.702586332179676996e-05 1.533014616024386744e-04
1.729718618895307453e-02 1.148084111383420973e-02 7.784469487252806269e-03 5.914514234808333423e-03 3.948202772369410231e-03 3.914658664201598783e-03 4.156814078366489508e-03 2.714021138811391690e-03 1.845129690162976722e-03 1.421270608664084714e-03 3.927642752552818199e-04 4.930313230062709304e-04 1.606755015399792953e-04 2.422446602456485661e-04 5.671465934899002715e-04 2.110453449810732914e-03 1.822396737129283609e-03 3.121486381577848017e-03 2.663463335797370407e-03 3.507740689524958041e-03 3.302431906816118493e-03 3.989353176073255104e-03 2.821625473002915829e-03 3.179323434014657938e-03 9.232980909257865621e-04 1.063893307414853339e-03 8.784235043927664070e-04 1.128741012374836344e-03 8.112710584925756025e-04 3.349867848399800145e-04 2.165796240125166276e-04 1.700427834979444976e-04 3.005858729840877111e-04 1.940164371911287655e-04 5.186410310511239356e-04 2.461983661755148128e-04 2.491872737138413579e-04
3.580425404133328465e-02 4.765595525913904340e-02 5.335971559473010051e-02 3.239075451221025415e-02 2.122313602646694677e-02 1.674253470743876024e-02 1.359807694496760477e-02 8.418790176945932513e-03 1.638053738667459916e-02 2.847368251490354010e-02 1.866422631645734895e-02 1.267273253432080020e-02 9.909704270452759228e-03 4.196622740236922652e-03 3.795175589168268016e-03 3.431858814713500960e-03 5.323137341609043491e-03 1.851105427251859351e-02 1.304276796219037450e-02 8.029039762424349316e-03 3.868982853329354637e-03 3.810866665397991473e-03 1.932649618715783944e-03 5.497250688757154141e-03 1.563079447715776766e-03 2.958810709365232439e-03 6.000774891987269589e-04 1.278610819863700270e-03 1.933092322833111559e-03 4.214505006394785210e-04 8.604046498862457271e-05 4.676824595228433056e-04 1.337430995530331044e-04 3.059853888067351718e-04 6.817147103517615016e-04 2.764415057063494005e-04 3.131724885229569127e-04
4.646909853042277723e-03 3.183979727495900736e-03 3.833970889775108540e-03 2.653948592934958495e-02 3.996863750181660346e-02 4.889862611695672268e-02 5.311997067963239449e-02 5.564439508172942805e-02 4.339928421698811128e-02 2.669213701554889323e-02 2.268590884789160877e-02 1.823540073337875586e-02 1.583505238409567417e-02 2.067443083217958624e-02 1.666983501258142639e-02 2.120380260859945631e-02 2.576359891317795553e-02 1.790074963761229335e-02 2.347902919492775992e-02 1.569192767783938666e-02 1.410352071184440767e-02 1.004334556326322118e-02 1.040469520854522129e-02 4.992202634490402330e-03 6.609325091680641473e-03 3.543507123366669738e-03 3.336920977901718967e-03 2.715210993663968835e-03 2.727682818430612281e-03 9.904815277981303748e-04 4.221824530409312715e-04 4.582562969141806722e-04 3.361777588044868046e-04 1.204630235259519403e-04 5.811940979635972417e-04 2.883476741787347527e-04 3.600746124123959638e-04
1.231969122669012394e-03 1.775914185527218987e-03 2.789426507707817859e-03 4.279760920507520543e-03 2.921340608833392690e-03 3.067616462570125872e-03 1.924785908395990411e-03 2.150684908549294755e-03 9.839715035983680191e-03 6.823934661653595010e-03 1.601239858876663327e-02 2.367488178211999555e-02 3.267265906093555494e-02 2.914763862142110903e-02 2.578355053034380590e-02 1.314825746571976484e-02 8.282778456932475553e-03 8.801952104036156466e-03 7.533623202157220360e-03 1.721726114739005956e-02 1.304129585939167030e-02 1.738510553325722102e-02 1.195497300381089152e-02 1.367124225372307912e-02 6.475006241783843111e-03 9.009317783941862140e-03 4.714352804180681894e-03 5.641841569070524948e-03 4.385164245762656308e-03 2.830275791146184741e-03 1.172935883402981792e-03 1.070343771500807759e-03 3.701395191612951319e-04 2.273185620120742566e-04 2.026052130905112896e-04 4.345725302740190165e-04 4.740053130487806906e-04
1.316038127104978079e-03 2.676918173095650579e-03 3.039062915329531281e-03 1.408885551456597746e-03 1.885152717032728513e-03 1.305893174170662729e-03 1.966841927784069178e-03 4.031606954488035563e-03 2.868661305830247626e-03 3.163200867271372899e-03 5.552869637177625974e-03 7.067490967649739039e-03 3.671762069214342880e-03 5.993800812753340840e-03 1.651949597269480180e-02 1.081553498515370679e-02 1.014052483693043960e-02 8.330735342998041998e-03 1.398392282655762375e-02 1.484663279754020772e-02 1.481286122424690238e-02 1.356197054196616424e-02 1.550472718560836488e-02 1.221654195349949554e-02 2.795429948772800571e-02 3.785903333844253121e-02 2.585207607777167960e-02 2.718867209578405136e-02 3.854018406740685604e-02 2.475019557914842280e-02 1.618586299924494598e-02 1.121359645366120338e-02 8.630851901961037256e-03 2.215759866133324221e-03 9.624898769437027334e-04 4.991429632761202728e-04 2.090905566655714050e-04
