output/water_depth_3840.asc
ncols 223
nrows 158
xllcorner 0.0
yllcorner 0.0
cellsize 30.0
[rows 102 to 118 of 158, columns 74 to 110 of 223]
1.101435467557837608e-04 7.116962539341123418e-05 7.241808253828998804e-04 5.220008898880953985e-04 4.426099438559230018e-05 4.225228199485239045e-05 5.809163089964936678e-05 1.000000000000000021e-08 1.000000000000000021e-08 1.000000000000000021e-08 1.151631311534841218e-05 1.000000000000000021e-08 1.000000000000000021e-08 1.000000000000000021e-08 5.682623300625440159e-05 1.243921344673602585e-04 2.287351056237614847e-04 1.529416077529941040e-03 2.515678029312923107e-03 2.588708656647895675e-03 1.470520299904735494e-03 2.331225896112374546e-03 1.052336411586690581e-03 3.393098852707626505e-03 1.438882482499501125e-03 1.697376227895539252e-03 3.295927549577666940e-03 1.847960097625294187e-03 4.402700529551514244e-04 1.511270295438701765e-04 1.447712658630702473e-04 5.681865732744975861e-05 7.088474068146775919e-05 3.236752981782377910e-04 2.364546713685602725e-03 3.869397951158398252e-03 2.910954428266877142e-03
3.674019276363641004e-05 8.810306974140163887e-05 7.690884170234570192e-04 9.752076796865131970e-05 8.667778861753910695e-05 7.039025632704408529e-05 1.000000000000000021e-08 3.878418681740577659e-05 1.000000000000000021e-08 1.000000000000000021e-08 1.000000000000000021e-08 1.000000000000000021e-08 1.000000000000000021e-08 1.000000000000000021e-08 1.000000000000000021e-08 1.115633446183499045e-04 5.758845161223969137e-04 6.403268021112020923e-04 1.084433292746888678e-03 2.910265945633765724e-03 3.337325903206481755e-03 3.300204186685963721e-03 4.541107915080029069e-03 3.793454394737430600e-03 6.704505042867914440e-03 3.187085953922611133e-03 2.239159357694750670e-03 4.369421442840793618e-03 6.417210858895871541e-04 6.358854763748272680e-04 2.509855284646408187e-04 2.655900983476934432e-04 1.075274686574910049e-04 2.964307049574438531e-04 5.467573773674824604e-04 2.701145803514684324e-03 4.169462880671452078e-03
3.265764133488342985e-05 3.994527973364695643e-05 1.214000208448383301e-04 1.264908648024708085e-04 6.682054308839248163e-05 1.016770920524881321e-04 8.316395779490003549e-05 1.000000000000000021e-08 1.000000000000000021e-08 1.000000000000000021e-08 1.000000000000000021e-08 2.056643684704535997e-05 1.000000000000000021e-08 1.000000000000000021e-08 1.000000000000000021e-08 1.836475929453141849e-04 3.021047004339338145e-04 1.689479767311956117e-05 2.299228896690038169e-05 8.498189679772272503e-04 2.239374071355244768e-03 3.516238790753082460e-03 3.303888583950956651e-03 4.324598937555568581e-03 4.320266828399381767e-03 3.758614252587937077e-03 4.358298666476652546e-03 4.756683990872785997e-03 1.978884170368617416e-03 8.481721953354600567e-04 9.462627683675817062e-04 3.878729456309883247e-04 4.274416512686292791e-04 2.305692766379214133e-04 1.012887632182380522e-03 2.043474920015212869e-03 9.438490854869174482e-03
1.086899813400060885e-05 4.487974233428578593e-05 5.389109974684489450e-05 1.137355851924435018e-04 9.318037739446371473e-05 9.217043443424223568e-05 1.128479369213198909e-04 9.852828233685868831e-05 1.000000000000000021e-08 1.257749228811378897e-05 1.000000000000000021e-08 1.000000000000000021e-08 5.450348866395893032e-05 4.219800653268077333e-05 1.000000000000000021e-08 1.000000000000000021e-08 1.554508397103870435e-05 2.137570269612796444e-05 1.000000000000000021e-08 8.365815068526200201e-05 4.323201214184687387e-04 9.438573615797225293e-04 1.034426162175805302e-03 2.469975778905876117e-03 1.903004241965222838e-03 3.787731094615848920e-03 2.640078617611081764e-03 5.517264038130714754e-03 2.513460808666528185e-03 2.819142683360750107e-03 1.206118027194175244e-03 1.364528002418981733e-03 1.221375367082693690e-03 3.156537299739154562e-03 2.833607251463989528e-03 4.524586923610468200e-03 3.858046665331138665e-03
1.000000000000000021e-08 1.477310933784436516e-05 5.996873216512241353e-05 5.572760098329184917e-05 1.091401064421243495e-04 1.163402429760809471e-04 7.276033509082981392e-05 1.291965574385932922e-04 1.153967348708106924e-04 1.000000000000000021e-08 1.000000000000000021e-08 1.000000000000000021e-08 4.281178328998440862e-05 3.991303965864386382e-05 1.000000000000000021e-08 1.000000000000000021e-08 1.000000000000000021e-08 1.000000000000000021e-08 1.000000000000000021e-08 2.738153902695476561e-05 3.027803620921203911e-04 9.456442336597834040e-04 1.383737010154736328e-03 7.618456516197236010e-04 2.007019726335844845e-03 1.851663945447046961e-03 3.741205929656771755e-03 2.995848459805589611e-03 4.582498397932343280e-03 2.385098012723064348e-03 3.009636731760796484e-03 2.638303024341404589e-03 3.934399029857637078e-03 2.827455126625643550e-03 4.141293671029063796e-03 2.580485021779222506e-03 4.094517474949020859e-03
1.000000000000000021e-08 2.807065810678219839e-05 5.422449894663619883e-05 4.953082188942775361e-05 5.056875017085037333e-05 1.053268996427933951e-04 1.195860950030600689e-04 8.132416888633449219e-05 1.491373789414613587e-04 1.330774580573111296e-04 1.000000000000000021e-08 1.000000000000000021e-08 1.000000000000000021e-08 1.000000000000000021e-08 1.000000000000000021e-08 1.783205978100306586e-05 1.634534485838709311e-04 5.150017296837000570e-05 4.076790075735309656e-05 7.277919185011859826e-05 1.280175149932795929e-04 4.564774012010655341e-04 6.057084649739444878e-04 1.147901091516170943e-03 1.027975681362960393e-03 2.442023044045216890e-03 1.944175852603351878e-03 4.078918294680889886e-03 2.828841377047756640e-03 4.324717242526416108e-03 2.364305812737922674e-03 3.789128640516593004e-03 4.032658502399688420e-03 5.385394759539212286e-04 2.029398197247645375e-04 3.104802269509661264e-04 6.970424333546162282e-04
1.346431852964678480e-05 4.833192240403488935e-05 1.366887183055566060e-05 2.225481758059816002e-05 6.387853984396818052e-05 5.461575956364862284e-05 1.124273828534301783e-04 1.085311320475171890e-04 1.538075847561024803e-04 1.395994939715415302e-04 9.333491229240268444e-05 8.407033686500751382e-05 1.000000000000000021e-08 1.000000000000000021e-08 1.857848146538358403e-05 1.000000000000000021e-08 8.888425903281349386e-05 5.634869095188420546e-05 5.289334288165682045e-05 5.014495016365133097e-05 7.260432498946171528e-04 1.053841636269517836e-04 5.866677134185204661e-04 5.684106304062610344e-04 1.388187148130659793e-03 1.242259907899354119e-03 2.699001315122902950e-03 2.190561047013766301e-03 4.198406648224320588e-03 2.755176575296627850e-03 4.280313210139442305e-03 6.349346816827276460e-03 3.483250655624794056e-04 1.847147842017930687e-04 1.026117569188883093e-04 4.146679662492922945e-05 9.606216440357143432e-05
1.000000000000000021e-08 7.012957604264543352e-05 2.015314398582901910e-05 4.264967574859320154e-05 5.840796807232007245e-05 4.924925121231120927e-05 5.292175153819012306e-05 1.185614154886612226e-04 8.981037185775736411e-05 1.724360839155019212e-04 8.737502814984867262e-05 2.717964427659887335e-04 1.288577937630754945e-04 1.000000000000000021e-08 3.241970099352544282e-05 1.000000000000000021e-08 1.000000000000000021e-08 1.000000000000000021e-08 2.829672788148118785e-05 1.000000000000000021e-08 7.753992743681922763e-05 5.995720505960645678e-05 5.362081092610240969e-04 1.470278789938178881e-03 1.858883771317437848e-03 2.367463011990897197e-03 1.647163647315949856e-03 5.657191795652133370e-03 6.904578467421955065e-03 9.275986751681532944e-03 4.972619734308901182e-03 1.012689214073372694e-02 3.204193626781064261e-03 7.866598112754184715e-04 2.836137259189934782e-04 2.785775067051290401e-04 1.183513254827964689e-04
1.000000000000000021e-08 7.039281527270837874e-05 3.159760506274551480e-05 3.923037548599548859e-05 8.482192602822218193e-05 4.515693192255480401e-05 4.769084077204703499e-05 5.476431064321189788e-05 1.274228218215193119e-04 9.862604631858709581e-05 3.265350376800664543e-04 2.655012136616923066e-04 1.770166284808894559e-04 1.000000000000000021e-08 6.781921827761326496e-05 1.000000000000000021e-08 1.000000000000000021e-08 1.000000000000000021e-08 1.000000000000000021e-08 1.000000000000000021e-08 2.512995815710136581e-05 7.460088296010274859e-05 7.428591041948402122e-05 1.026494444281483105e-03 1.754624681930429426e-03 1.916685483799757637e-03 4.014549751853488391e-03 2.857037462649263723e-03 2.382102669680559795e-03 2.373550448583157044e-03 5.754628507935817885e-03 5.461794512987828282e-03 6.384200332901886210e-03 2.238963042401584044e-03 2.135603488747975925e-03 7.678713767919803689e-04 7.496974656641924428e-04
1.000000000000000021e-08 1.003615506611096571e-04 3.161959893999809207e-05 5.961850351213988431e-05 7.739939293060777836e-05 6.344353092140522375e-05 4.621713278208791837e-05 4.941657709157533493e-05 5.820321502086656828e-05 2.772768086386890696e-04 3.006852294012949691e-04 3.874544163760140379e-04 1.691286482442972143e-04 1.000000000000000021e-08 1.835620630564899157e-05 1.000000000000000021e-08 1.000000000000000021e-08 1.000000000000000021e-08 1.000000000000000021e-08 1.000000000000000021e-08 4.616895025987141702e-05 3.936332097894286984e-05 1.824655157410320840e-04 3.593097019888039849e-04 9.120581094571474350e-04 1.215212333357356712e-03 1.185297505018844105e-03 1.296347890108783983e-03 1.172219834833024710e-03 5.211801737889459017e-03 3.700793094741097310e-03 1.010029023222635755e-02 5.392875161002892541e-03 6.228494705622765297e-03 2.737316879279639171e-03 2.918718232991030816e-03 1.163619432301497402e-03
1.000000000000000021e-08 9.475557041187628515e-05 4.898487275543345851e-05 6.093228372613524303e-05 1.096371600695818780e-04 5.839383759748925954e-05 6.575225075952348711e-05 4.793128930906527632e-05 5.260036473513408792e-05 1.090401536521714302e-04 6.285223052938923366e-04 3.421048760859374954e-04 1.545336410888895138e-04 1.000000000000000021e-08 1.000000000000000021e-08 1.000000000000000021e-08 1.000000000000000021e-08 1.000000000000000021e-08 1.000000000000000021e-08 1.000000000000000021e-08 1.000000000000000021e-08 3.456201802122994707e-05 4.452662138122243703e-05 1.161266514682099231e-04 2.215183923474908431e-04 6.854197300161771114e-04 4.984416820997242606e-03 3.277352177698093956e-03 5.874967649809204745e-03 5.274088213829165005e-03 1.165501575428252827e-02 8.904830552793214712e-03 1.050765978252357451e-02 5.960575382921750806e-03 7.093276961524142346e-03 3.255842834134053173e-03 3.713864357402990764e-03
1.678130380864757194e-05 1.458847584905937798e-04 5.052865911105024514e-05 8.613114843816045089e-05 1.098740468808030577e-04 8.504290047477883836e-05 5.810199471446424483e-05 7.068549332471012127e-05 5.230741935735245868e-05 1.990738190150398933e-04 6.115792454454986767e-04 4.993315200175464869e-04 6.950999411681595412e-05 1.000000000000000021e-08 5.127795041584262199e-05 3.831971341827836153e-05 2.856713029127108815e-05 2.638817065887756182e-05 1.000000000000000021e-08 1.000000000000000021e-08 1.000000000000000021e-08 1.133388571078803886e-05 1.000000000000000021e-08 1.000000000000000021e-08 3.527853280717682563e-04 6.357660979947282829e-04 5.540362997079105543e-04 3.403827889667338310e-05 1.083225003872449254e-05 1.738818838977293122e-04 1.083200969052156021e-04 4.231965534530951478e-03 4.903515627014418468e-03 1.599090433902082900e-02 9.050700838801530035e-03 9.379169831250025111e-03 4.611802035968882302e-03
1.401712444315019726e-03 1.633793738712341652e-04 7.323588179563349991e-05 8.836435583416705965e-05 1.661450211296488415e-04 7.806344540642784664e-05 8.494675703519863059e-05 3.904522276851331796e-04 1.302700684035662429e-04 2.042941428645012004e-04 8.643556643827065384e-04 4.149367724386080034e-04 2.145374291625700065e-04 6.201978017467437950e-05 8.479014596027310347e-05 7.996107421056147216e-05 4.392659047629310419e-05 3.726217069883517685e-05 2.231071713818390083e-05 1.000000000000000021e-08 1.000000000000000021e-08 1.000000000000000021e-08 1.000000000000000021e-08 3.040108845550806765e-05 1.229691390958819694e-05 1.000000000000000021e-08 1.296921316162392537e-05 1.097244870810233709e-05 1.000000000000000021e-08 1.253162465294569923e-05 1.000000000000000021e-08 7.241625877409746869e-04 7.211002090760678697e-03 4.562268056802898722e-03 1.489628515395453184e-02 1.223368687331719690e-02 1.220594468018306768e-02
4.580868473760087850e-02 2.593881388152209991e-02 1.868080237950902819e-02 1.267018368019425141e-02 1.572343054473439132e-03 6.586693728971837990e-04 7.665833928770315420e-05 3.226976042917596883e-04 1.553348349194329345e-04 3.133369193966920215e-04 7.941699987400827748e-04 5.277575587738128193e-04 2.878708571535432592e-04 1.023676746111620893e-04 1.163974148901884793e-04 1.273357547101827626e-04 5.747728595929906513e-05 5.168419826816816805e-05 2.599088054210268959e-05 1.000000000000000021e-08 1.000000000000000021e-08 1.000000000000000021e-08 1.000000000000000021e-08 5.535131696443296417e-05 2.474934882672416851e-05 1.000000000000000021e-08 1.000000000000000021e-08 1.000000000000000021e-08 1.000000000000000021e-08 1.000000000000000021e-08 1.000000000000000021e-08 5.037325630465684699e-04 4.297630517342976709e-04 5.469791198134050288e-04 2.169515024154975227e-03 1.072729214665917551e-02 1.711058799738640265e-02
6.113510491867771984e-02 9.624722076390428149e-02 1.213487618813901270e-01 1.463231868621673593e-01 7.798920485026510085e-02 4.103278099001433921e-02 2.676521136207540494e-02 1.308787412647158949e-02 8.391951948701646680e-03 4.835946113244605354e-03 1.642994585139747688e-03 9.310950638042583740e-04 5.574949080981456834e-04 2.258486621886947028e-04 1.761894616675108508e-04 1.645614098967758084e-04 8.034230811610410721e-05 6.143696967801455977e-05 3.119312433552020301e-05 2.115846850071814971e-05 1.000000000000000021e-08 1.000000000000000021e-08 1.000000000000000021e-08 8.046758381013265689e-05 2.892866382671458703e-05 1.000000000000000021e-08 1.000000000000000021e-08 1.000000000000000021e-08 1.000000000000000021e-08 1.000000000000000021e-08 1.000000000000000021e-08 1.624301664004990672e-04 8.874610076242357487e-04 6.379233540770901144e-04 1.109683764615697750e-04 5.210275774252810625e-04 4.208175351816195405e-04
1.008426945030145810e-04 1.262360889103021915e-04 2.255686463291756648e-04 2.222440959796694927e-04 8.628255420999449143e-02 1.407767225673678679e-01 1.843251686237248055e-01 1.005992636431912723e-01 5.895286841397938404e-02 5.220260944629993155e-02 1.874920636844646868e-02 7.111524207101115481e-04 5.130994540383470009e-04 2.836329426530915685e-04 9.805623805086395790e-05 2.225434175039218293e-04 9.969760807340478416e-05 7.271899533522742333e-05 5.166635983925811149e-05 1.000000000000000021e-08 1.000000000000000021e-08 1.974516159956554484e-05 2.152090199709662317e-05 1.022336347597013393e-04 5.088726310185866833e-05 1.000000000000000021e-08 1.000000000000000021e-08 2.155572617525280824e-04 3.026870180938807746e-04 1.615663132771994270e-05 1.000000000000000021e-08 2.751361500625009349e-04 2.300538205107055013e-03 7.174592467447762391e-04 4.163401082137255390e-05 2.835867245764704295e-05 2.395434466317817703e-05
1.303553697330371397e-05 2.324675347999073912e-05 1.000000000000000021e-08 1.000000000000000021e-08 4.866760003985924415e-05 1.571705701386145841e-04 3.598685747148713462e-04 1.110872516243978231e-01 1.806625261813569472e-01 2.526852953808663704e-01 2.888269521259816397e-01 3.092103189748349745e-01 3.303848798580444890e-01 3.509067984845434252e-01 2.278393305185765771e-01 2.367237058825581442e-01 3.881897014541197712e-03 1.125118275926692557e-03 7.486694677889131394e-05 1.000000000000000021e-08 1.000000000000000021e-08 1.000000000000000021e-08 1.000000000000000021e-08 1.324514240087157753e-05 1.017154868660583174e-04 1.000000000000000021e-08 1.000000000000000021e-08 1.968171170806324506e-05 2.698822522875936910e-04 3.332478439053951661e-04 3.635423728730768802e-04 7.211057088036786620e-05 6.772203957983293030e-04 2.169377883674738963e-03 2.358904034912272067e-03 1.958261800352584323e-03 2.264736054535544316e-03
