output/water_depth_720.asc
ncols 223
nrows 158
xllcorner 0.0
yllcorner 0.0
cellsize 30.0
[rows 34 to 50 of 158, columns 111 to 147 of 223]
3.927821223215986236e-03 2.882942698000333197e-03 1.642580354689681743e-03 1.531551875031249635e-03 2.535765645138830099e-03 1.067539509572641709e-02 4.909535395125998354e-03 2.866117422513232791e-03 1.966796649683190748e-02 1.517427692618505790e-02 1.215517881667758926e-02 1.104922243251488245e-02 1.161674127691506540e-02 1.526032714749228983e-02 1.362256830268820766e-02 3.852481847859507910e-03 5.959662174795671112e-03 7.974793044589688698e-03 9.064767067078295659e-03 9.601208017951223805e-03 9.824156082716884245e-03 9.895070057185451420e-03 9.909878940955909113e-03 9.911064319006557960e-03 9.910816722625469255e-03 9.210596494207069079e-03 9.243766657922179025e-03 9.534619428071466549e-03 9.759420121266458234e-03 1.708874621359540713e-02 1.511145146141934861e-02 2.620430380628581066e-02 1.915201839763861283e-02 9.914162609523855668e-03 9.914162601201979494e-03 9.914162282469560564e-03 9.914156325233788175e-03
2.259752611046214783e-03 3.194284119002626689e-03 2.977192850195652194e-03 3.182298977703588300e-03 2.029234330634219208e-03 1.287178709490725001e-03 2.844644510819389297e-03 2.687673557686298415e-03 1.637534762120753176e-03 7.860135070893505341e-03 9.683224721660310327e-03 1.004756616633451990e-02 1.043493991422431676e-02 1.216746356779688752e-02 1.221153266954710069e-02 8.136983107245697108e-03 7.876489445637648718e-03 8.720539592044161334e-03 9.405548504385964972e-03 9.750151679175844341e-03 9.874682026914827215e-03 9.907302022732921223e-03 9.913164963230455817e-03 9.913797981638283047e-03 9.913828338479587637e-03 9.656253101487466059e-03 9.619753373666328766e-03 9.735138197614586972e-03 9.842528538850757111e-03 2.346336322886367551e-02 2.405932860769973564e-02 1.683292557193774922e-02 1.323702141961215044e-02 9.914162609523857403e-03 9.914162609478381627e-03 9.914162517528466931e-03 9.914159348121329152e-03
6.704991497058569207e-03 5.186007215478152105e-03 5.848964761592131273e-03 5.618020163737621163e-03 4.439660722648655113e-03 3.535980235924343629e-03 4.199621800272702876e-03 4.074480576243721258e-03 3.607468121889910451e-03 6.569812152004970637e-03 1.931123979003263047e-02 2.716528440633963690e-02 2.507508066799224444e-02 3.026037419877614099e-02 2.642358205426312626e-02 1.549402383983172760e-02 1.118002704364110325e-02 9.998893752148005354e-03 9.843889691622762297e-03 9.879262497891913228e-03 9.905353078723720672e-03 2.214569443490840492e-02 3.826853292224180469e-02 4.468704918138750176e-02 4.689715162019959804e-02 4.744145221796638306e-02 4.762599054987143310e-02 4.776162235001132211e-02 4.783448943934084929e-02 4.061451430067480189e-02 3.602609597471120861e-02 1.875197882869409152e-02 1.395364506499836843e-02 1.693174389845950381e-02 9.914162609523857403e-03 9.914162609069108317e-03 9.914162149410486388e-03
8.593129310823798689e-03 1.348954205414898237e-02 5.354987002875482259e-03 5.972564004732248098e-03 6.643538555757488688e-03 6.106624372190655632e-03 6.414428992996500795e-03 6.838589329822299633e-03 6.704555040536007773e-03 7.717441710732176469e-03 3.056921111561337629e-03 1.820726026961561614e-03 4.150236973461117994e-03 1.841592897191455646e-03 4.636273447424800118e-03 9.188551679593301436e-03 9.787810883820869876e-03 4.014441807056167572e-02 3.829407582514571251e-02 3.845169475824471855e-02 4.068367426378565604e-02 3.134148325403750268e-02 1.767329373127134520e-02 1.249760950634802581e-02 1.051988255934114234e-02 9.795866446196243443e-03 9.690587859571251489e-03 9.788771296219720558e-03 9.851151237975076108e-03 2.528946316560949301e-02 4.899393627495876591e-02 5.170596360029188626e-02 5.059261445860352424e-02 3.417362567427514874e-02 9.914162609614803751e-03 9.914162609523857403e-03 9.914162607795816082e-03
1.299008394019759288e-02 1.274657575080121938e-02 8.552418970354405334e-03 8.728545761232775479e-03 8.326171219444887875e-03 8.278741026636934897e-03 8.515246298096398880e-03 8.753008518245709857e-03 8.655858244886561331e-03 8.956377579064367378e-03 6.454529297874188505e-03 4.320274124430856927e-03 4.917891107319093472e-03 4.027417269408478315e-03 4.901978553819874920e-03 3.055602479861001947e-02 6.797111759495404193e-02 3.713380615600703205e-02 2.147132560191796977e-03 2.914170071089991747e-03 4.068687550301761276e-03 5.630821474622097096e-03 8.094875367654397885e-03 9.281490715814955800e-03 9.219770296143483396e-03 8.877390677601883218e-03 9.051929443906857678e-03 9.451501443375974129e-03 9.658249408479185200e-03 9.756451508095353303e-03 9.829322074559542280e-03 9.855029002104432473e-03 2.998127669998018260e-02 6.812008804430104425e-02 4.096629001145009330e-02 9.914162609614803751e-03 9.914162609523855668e-03
4.396593889999488719e-02 4.774260575662404860e-02 3.440606089673368950e-02 1.833050184762536131e-02 1.226990934877315344e-02 1.019565961754190751e-02 9.679316812920234908e-03 9.613151481729375475e-03 9.539111205807360161e-03 9.609786826725696951e-03 8.416814789992288492e-03 7.106880215663780552e-03 3.189942386573741545e-02 4.961036785928948922e-02 4.341494375679170320e-02 2.347528996090980646e-02 2.953181134818221726e-02 6.157305540185445056e-03 4.370050280823337130e-03 1.786188454859148796e-03 3.274721914776001011e-03 5.905182574913041792e-03 8.209276258079201832e-03 9.304904773929166539e-03 8.393010897574213966e-03 7.407498984715433533e-03 7.879923310277746687e-03 8.782801649234473276e-03 9.170588455602712158e-03 9.394518575285049772e-03 9.596143424945266162e-03 9.667335430170651694e-03 9.466910007798588420e-03 8.809511827924807609e-03 5.690921138845823207e-02 2.705124151243023731e-02 1.572955387130926808e-02
9.404655360807310724e-03 9.370980028537386972e-03 2.225471141831732516e-02 3.786038600031454981e-02 4.407930430103490504e-02 4.619873927371014738e-02 2.357557543649229856e-02 2.671519867612547755e-02 3.958879596060208006e-02 4.498173156847182219e-02 4.661997767119241409e-02 6.626523822636366801e-02 2.986516036438254668e-02 3.172268750725701358e-02 4.111535430780156701e-03 1.001398542422182215e-02 4.324138222121776641e-03 5.253149999619863807e-03 5.630138344946200753e-03 2.318417009872675294e-03 4.871768620756534995e-03 7.472021505539971561e-03 8.892670269900496138e-03 9.500342527129335135e-03 6.802240417103832572e-03 5.008385498634681035e-03 6.462794162583607172e-03 8.018973526790007869e-03 8.291644619779192302e-03 8.599637299797477027e-03 8.988678906174328229e-03 9.110871961441746950e-03 8.490002611082249004e-03 7.208750729963441135e-03 7.495357949058897677e-03 1.787855219034514137e-02 3.350512132299948709e-02
8.391738181247576991e-03 8.246180231829868326e-03 8.314530899072934689e-03 8.355784494354820749e-03 8.128040393878594241e-03 8.058759325132083123e-03 3.134306434697785304e-02 2.841999825024786250e-02 1.653332559083858788e-02 1.221712720692588218e-02 1.159870111553894245e-02 4.570814304136868594e-02 8.687038459841943394e-03 7.000340338284816687e-03 4.389797213819130774e-03 2.788805959549579220e-03 1.240901980584549957e-03 2.683591958453935503e-03 7.762913724857940789e-03 4.006008544238508565e-03 6.646781078355647535e-03 8.229193351811346646e-03 8.959248356253311091e-03 9.236853938849464915e-03 3.552500153937903325e-03 2.149005396777920688e-03 6.300348431235336388e-03 7.935119821134805143e-03 7.029141883125278670e-03 7.293679108746377315e-03 7.734614468048248495e-03 7.776772888868012552e-03 6.461689558071764643e-03 4.355937659316331395e-03 6.083302230930964088e-03 6.325757604434053584e-03 6.661363141832706176e-03
6.380530169038618749e-03 5.989873044412463016e-03 6.083811356651069521e-03 6.112192298618112675e-03 6.015562988280662507e-03 5.832224133003847955e-03 5.693283298145188596e-03 5.688570508240019946e-03 7.732909686122666111e-03 9.471717450954686077e-03 1.263020220515821343e-02 4.052665951342854234e-02 7.806315385035790880e-03 5.463571454614368252e-03 2.872416589889659720e-03 2.411035193144669703e-03 8.744374719348822766e-04 2.455848650634311243e-03 3.003468546975805818e-03 5.104639892350092481e-03 6.898028654116870537e-03 7.670317535060830992e-03 7.945392037102949959e-03 8.087877371175208885e-03 1.255119395503594658e-02 6.770448049216538054e-03 9.869495773030876121e-03 8.735605468230944054e-03 4.973695501907668404e-03 5.299150131987214428e-03 5.396031441049753928e-03 5.282447461460837435e-03 4.134684683451714943e-03 9.327820044661840754e-03 6.025029996598586964e-03 4.640186684260672566e-03 3.946231990540709049e-03
3.338315293472030217e-03 2.847628544086289529e-03 2.910656262234319943e-03 2.958941129674943181e-03 3.071584927511270945e-03 2.627702048022235917e-03 2.289579402279398081e-03 2.631286103763407630e-03 7.553826655663581184e-03 1.048268767311449912e-02 1.704441509694655521e-02 2.919666303417537204e-02 6.996175089837860551e-03 4.090100420923675414e-03 1.530346483845172398e-03 1.736478771922490404e-03 7.367380779239476960e-04 2.294178690168725571e-03 1.286719771649237534e-03 4.743779309454730989e-03 5.098157963462057393e-03 5.520786194335495362e-03 5.436210676386821032e-03 5.456079736008351451e-03 1.178575361852691322e-02 2.262483829889938222e-02 1.309748924886098599e-02 7.402225655851832169e-03 8.572310676374218438e-03 5.690697127365394042e-03 4.345516419067703071e-03 2.992555029002584230e-03 5.871760251368166039e-03 3.963001550933912924e-03 2.632395247735501431e-03 1.955966618353401857e-03 2.117756150382315693e-03
9.948190548696217352e-04 8.219965567789484350e-04 9.479490649194029835e-04 1.061350771158917072e-03 6.039641874899686659e-04 8.191370104601586192e-04 6.436835386396604726e-04 7.468262559701729225e-04 1.289350992877018320e-02 1.380605360748953306e-02 2.545089814724045205e-02 7.642949359463756948e-03 7.034961997972943165e-03 4.654984881186360890e-03 7.306691296064696337e-04 1.543189084634459095e-03 3.729201415139382636e-03 3.161632679344960652e-03 8.904348225206948006e-03 5.990386146339849414e-03 4.728298917719244050e-03 3.284737526372599400e-03 2.936414903778405451e-03 2.730798850464196889e-03 2.616189198294491172e-03 2.788487346291556278e-03 2.442710414962206804e-03 1.939193417622527352e-03 1.759581640495992477e-03 9.381698409105644707e-04 1.386646026085387381e-03 1.808775882206845650e-03 1.577231935225214664e-03 1.424930513252138089e-03 2.512038228093369137e-03 5.143409835166750689e-03 3.657565783421602972e-03
2.013201325174117720e-03 2.060942145226919969e-03 2.097507210029804937e-03 2.271354315004616310e-03 2.422640545148858557e-03 2.639434566950254503e-03 1.596642725597900714e-02 4.223116481284518858e-02 2.965078468588738456e-02 1.673097948611875288e-02 5.071739782320563820e-03 6.460000779983175734e-03 7.626603988531799848e-03 8.005417235678704765e-03 6.513001712822333528e-04 1.399884216477026086e-03 3.506631082111178171e-03 2.961247816277996769e-03 1.648046985913941215e-03 1.476493332557176187e-03 1.021238988937853316e-03 8.204830338958353552e-04 9.228708757368053435e-04 8.964848484672755143e-04 7.629537805862959300e-04 7.948346246581956256e-04 9.360277359569025993e-04 2.164498225161069420e-03 2.410265548712410989e-03 3.013158066499330504e-03 2.292179429372332919e-03 8.621277129067678527e-03 1.893101885376341498e-02 1.817827349261067621e-02 2.543654064732406989e-02 1.174805556594594666e-02 7.291236706453295587e-03
4.315928164802932711e-03 4.949768245767329454e-03 4.904133650738520984e-03 1.647281762197947905e-02 3.116715162258953953e-02 3.720254894924792527e-02 3.919582896197572330e-02 4.419283547288936631e-02 5.295210326089309916e-03 3.737695635031328383e-03 2.186593512494277181e-03 3.755571820553309844e-03 5.967964212871904213e-03 1.409604664575854829e-02 6.025175682244002630e-04 4.200700338460472243e-03 3.679842242810822672e-03 4.738774167684149836e-03 3.780981917491409335e-03 3.354216480022677565e-03 2.698713396153117408e-03 2.937008053935364488e-03 2.995319521587195936e-03 2.734271428313734230e-03 2.588502718386566717e-03 2.879946386504004564e-03 2.997761881651700260e-03 1.081680967560451345e-02 7.696178478942649129e-03 6.215433450087063348e-03 5.463195206015821273e-03 1.714034720834368974e-02 8.536284261407713070e-03 1.474365186296852301e-02 7.636248822631281664e-03 2.228801520109214077e-02 2.150275477711695998e-02
3.427375784397876379e-02 4.147722218106857789e-02 4.352109501963562221e-02 3.321800054637494976e-02 1.839607665100041409e-02 1.234157924612512211e-02 3.043344132477935823e-02 1.399184825633971105e-02 4.932488661536752091e-03 3.971918845802780741e-03 2.967687564480795976e-03 5.572647074965245834e-03 6.548472306470586382e-03 5.642958295171178300e-03 3.874851858421025138e-03 3.076424242003017364e-03 9.300871342877051889e-03 2.509060321709575062e-02 2.457037564341670033e-02 1.312482466657312503e-02 7.922772574820758501e-03 6.258774175110832019e-03 2.087639323878040520e-02 3.146144387452447233e-02 2.617119687663606309e-02 3.467784803473200617e-02 3.814598223261456839e-02 2.402729236323997153e-02 3.574319344712969387e-02 4.162967210318787442e-02 4.086828429068238566e-02 1.683253656527244901e-02 1.216549281648493519e-02 6.013086253185791728e-03 9.034027490683880710e-03 5.840818824473151434e-03 6.064655161775745970e-03
1.919878177689818624e-02 1.347831421229195824e-02 1.067490116950787528e-02 1.114557560961978479e-02 9.311642512542251879e-03 8.589617291848782032e-03 8.416451012551985633e-03 2.558661773177273863e-02 3.747487975620149639e-03 4.827232222610886199e-03 5.845609350885934766e-03 7.384216400108501756e-03 5.771198216727597627e-03 3.580966209040036680e-03 4.722683477200739950e-03 3.077998661350637641e-03 1.125541872334091982e-02 1.089340822275838491e-02 2.100359563460660675e-02 3.592509134853891922e-02 1.985461388771330229e-02 2.411775605060875738e-02 1.289509368292720420e-02 1.185675201644111054e-02 2.125357078093249169e-02 1.414075199484935395e-02 1.107472425104200076e-02 1.932202334219430481e-02 1.355533494768999987e-02 1.122311193415365116e-02 7.435867932810103116e-03 9.312190362286323908e-03 1.075923124834622484e-02 1.018792311164492571e-02 3.882288694503042547e-03 2.082416322219342048e-03 3.517357264019922714e-03
8.248992622256210230e-03 1.004623824697585023e-02 8.243978424678334929e-03 1.166570478981044344e-02 7.362166871470409574e-03 6.343913964572577696e-03 7.382990535219078124e-03 1.421189319582944616e-02 8.974509575421233537e-03 4.576834367738921022e-03 6.679009109314004537e-03 6.176889626803230490e-03 2.814779163800159960e-03 2.351164936738638685e-03 9.516642984319643658e-03 7.411718979552536606e-03 7.271744967656690144e-03 1.051500306833398103e-02 1.004327557141871871e-02 9.445336664005965152e-03 3.144539381595089222e-02 2.896246316523194003e-02 2.379955715407755870e-02 1.374812478846573240e-02 9.883688675866808548e-03 8.599351105870964643e-03 8.228732615165001291e-03 8.602272886931616042e-03 9.181929070367488011e-03 9.601354810396089956e-03 3.695527532339993367e-03 2.347232829479369617e-03 1.112873584155835800e-03 8.216151528168232770e-03 6.226166748772339263e-03 4.123491105999656063e-03 1.871929776660857456e-02
7.186067247604135955e-03 8.091230062515060439e-03 5.886648466128940535e-03 1.170326766121564804e-02 1.337892440903409299e-03 3.490535067566574636e-03 5.384094137692529113e-03 5.941139743330067433e-03 5.907653181687721848e-03 6.232225305058305097e-03 6.712150965115905657e-03 5.193199451962613074e-03 4.174698087862782278e-03 1.933609671807292110e-02 1.687018550299099542e-02 3.056144510570848669e-02 2.531842624468636296e-02 1.487488552896459350e-02 1.011000044639652658e-02 8.336467246439070722e-03 7.902563056025909208e-03 7.987836953937888645e-03 6.120420574142892631e-03 5.926429433430984231e-03 5.712578248488578078e-03 5.751529560469437370e-03 5.688918230529025830e-03 6.850120326210824319e-03 8.174449800693340054e-03 9.324198538150439697e-03 2.155385987604672635e-02 2.811116693340843381e-02 3.153921192996515799e-02 2.678522893064366403e-02 3.384709508579058362e-02 3.920442021960755113e-02 3.838000937765140286e-02
