output/water_depth_7800.asc
ncols 223
nrows 158
xllcorner 0.0
yllcorner 0.0
cellsize 30.0
[rows 85 to 101 of 158, columns 185 to 221 of 223]
2.463085235241964203e-05 2.008084130681745603e-05 1.000000000000000021e-08 1.000000000000000021e-08 1.000000000000000021e-08 1.000000000000000021e-08 7.346114565309779833e-04 1.498720140921940280e-01 1.478650036882130370e-01 1.503790678901576194e-01 2.719426093567699210e-03 1.435921323114488449e-03 1.000000000000000021e-08 1.000000000000000021e-08 1.981977329338956904e-05 1.206110421516691733e-05 1.000000000000000021e-08 1.000000000000000021e-08 1.000000000000000021e-08 1.000000000000000021e-08 1.000000000000000021e-08 2.621294022710127011e-05 2.544432212877658381e-05 2.498937791354769554e-05 2.752592123057247262e-05 3.229737589382099922e-05 3.076988326254598516e-05 3.300733209297461120e-05 1.932074817162882866e-05 1.000000000000000021e-08 1.000000100000000021e-05 1.000000100000000021e-05 1.000000100000000021e-05 1.000000100000000021e-05 1.000000100000000021e-05 1.000000100000000021e-05 1.000000100000000021e-05
1.889602042995939049e-05 2.425548141568438667e-05 1.000000000000000021e-08 1.000000000000000021e-08 1.000000000000000021e-08 1.000000000000000021e-08 7.992806531458196060e-05 1.179314008893577598e-01 1.169233742547959726e-01 6.546732454890787567e-04 6.863870208272601636e-04 2.569398546486501640e-04 3.631403125189120308e-05 2.302123961538386532e-05 1.253131911322873020e-05 1.100422839884964469e-05 1.000000000000000021e-08 1.000000000000000021e-08 1.967656934966607906e-05 1.437291274284734796e-05 1.000000000000000021e-08 1.000000000000000021e-08 1.009677091095605305e-05 1.392247652587165066e-05 1.339589290225891406e-05 1.000000000000000021e-08 1.000000000000000021e-08 1.000000000000000021e-08 1.000000000000000021e-08 1.000000000000000021e-08 1.000000000000000021e-08 1.000000100000000021e-05 1.000000100000000021e-05 1.000000100000000021e-05 1.000000100000000021e-05 1.000000100000000021e-05 1.000000100000000021e-05
1.722084320581128335e-05 1.000000000000000021e-08 1.000000000000000021e-08 1.000000000000000021e-08 1.000000000000000021e-08 1.000000000000000021e-08 1.000000000000000021e-08 4.405269945086661559e-02 4.343171564609225183e-02 1.765786419812259605e-05 1.000000000000000021e-08 1.000000000000000021e-08 1.000000000000000021e-08 1.000000000000000021e-08 1.000000000000000021e-08 1.000000000000000021e-08 3.467474158320838873e-05 1.707908690104469995e-05 1.196363903351265201e-05 1.000000000000000021e-08 1.905062390949199781e-05 1.798513813720479111e-05 1.728950218079725799e-05 1.308828903336502042e-05 1.000000000000000021e-08 1.000000000000000021e-08 1.000000000000000021e-08 1.000000000000000021e-08 1.000000000000000021e-08 1.000000000000000021e-08 1.000000000000000021e-08 1.000000100000000021e-05 1.000000100000000021e-05 1.000000100000000021e-05 1.000000100000000021e-05 1.000000100000000021e-05 1.000000100000000021e-05
2.196907643617021798e-05 1.924110313685375060e-05 1.661222860375113913e-05 1.484163306322932453e-05 1.448908209246670134e-05 1.000000000000000021e-08 2.466173608515122255e-05 6.298845597245963934e-02 3.476372793729626959e-02 1.951732443019015402e-05 1.146480748146581417e-05 1.000000000000000021e-08 1.000000000000000021e-08 1.000000000000000021e-08 1.000000000000000021e-08 2.125647775258152907e-04 2.545600491650903009e-03 3.588428965785840576e-05 1.000000000000000021e-08 1.000000000000000021e-08 4.879665153091886136e-05 4.331536940296075656e-05 3.788624965738655019e-05 2.123460812552115871e-05 1.749412543676391051e-05 1.734294757273212678e-05 1.361084033737974465e-05 1.000000000000000021e-08 1.000000000000000021e-08 1.000000000000000021e-08 1.000000000000000021e-08 1.000000100000000021e-05 1.000000100000000021e-05 1.000000100000000021e-05 1.000000100000000021e-05 1.000000100000000021e-05 1.000000100000000021e-05
6.143972491383618568e-05 8.296369338247991680e-05 6.220013882095673128e-05 4.874328679819306111e-05 3.922922150173483450e-05 3.943243588452089875e-05 4.269818341096819287e-05 5.912366838509051925e-02 3.794876886795783139e-02 1.474952095810285672e-04 1.000000000000000021e-08 1.000000000000000021e-08 1.000000000000000021e-08 7.518764822331940598e-05 1.152250085811837597e-04 2.311025980439673864e-04 1.000000000000000021e-08 2.177784782016464068e-05 3.611522134106277663e-05 3.936438666492159588e-05 4.663202610854820176e-05 3.932744308502654609e-05 3.254560128560912008e-05 3.940019911446446130e-05 4.159632909828569791e-05 4.090343093471224902e-05 4.836334039966918360e-05 4.636309948158628838e-05 3.147144878254302610e-05 2.030960723839085542e-05 1.180711020318204671e-05 1.000000100000000021e-05 1.000000100000000021e-05 1.000000100000000021e-05 1.000000100000000021e-05 1.000000100000000021e-05 1.000000100000000021e-05
4.372939197598168951e-05 4.191890892822936089e-05 6.283686620295171154e-05 9.531795011064080666e-05 9.729634165605041370e-05 8.876991743473473904e-05 1.000000000000000021e-08 8.188508616822560982e-02 9.674396098876140992e-02 2.180705024551775936e-04 1.059037766846459519e-05 1.000000000000000021e-08 1.000000000000000021e-08 1.000000000000000021e-08 1.180632660300178367e-04 1.109005367189804832e-04 1.000000000000000021e-08 1.000000000000000021e-08 1.000000000000000021e-08 1.000000000000000021e-08 1.000000000000000021e-08 1.000000000000000021e-08 2.548498166031900353e-05 1.000000000000000021e-08 1.000000000000000021e-08 2.998401348851134637e-05 1.000000000000000021e-08 1.000000000000000021e-08 1.000000000000000021e-08 1.000000000000000021e-08 1.000000100000000021e-05 1.000000100000000021e-05 1.000000100000000021e-05 1.000000100000000021e-05 1.000000100000000021e-05 1.000000100000000021e-05 1.000000100000000021e-05
1.000000000000000021e-08 1.000000000000000021e-08 3.244677992283780680e-05 2.758630869240951102e-05 8.618007297970554925e-05 9.487425742938747212e-05 8.715526197589393113e-04 2.198332477543054053e-01 3.723325899695769520e-02 1.620403271665449207e-05 1.000000000000000021e-08 1.000000000000000021e-08 1.000000000000000021e-08 1.000000000000000021e-08 1.000000000000000021e-08 9.251444505233321865e-05 1.000000000000000021e-08 1.000000000000000021e-08 1.000000000000000021e-08 1.248760683733764746e-05 1.666460021243740781e-05 2.211547534226449279e-05 2.264327409958808552e-05 1.000000000000000021e-08 1.000000000000000021e-08 1.000000000000000021e-08 1.000000000000000021e-08 1.000000000000000021e-08 1.000000000000000021e-08 1.000000000000000021e-08 1.000000100000000021e-05 1.000000100000000021e-05 1.000000100000000021e-05 1.000000100000000021e-05 1.000000100000000021e-05 1.000000100000000021e-05 1.000000100000000021e-05
1.000000000000000021e-08 1.000000000000000021e-08 1.000000000000000021e-08 1.000000000000000021e-08 1.000000000000000021e-08 4.711393445308888341e-05 8.116751972846876202e-05 1.753567543471037105e-01 1.060240317503594563e-02 1.000000000000000021e-08 1.426553139358293643e-05 1.000000000000000021e-08 1.000000000000000021e-08 1.000000000000000021e-08 1.000000000000000021e-08 1.000000000000000021e-08 1.000000000000000021e-08 1.000000000000000021e-08 1.000000000000000021e-08 2.419788053165842647e-05 2.515994759481779246e-05 1.475844209846141278e-05 1.000000000000000021e-08 1.000000000000000021e-08 1.000000000000000021e-08 1.000000000000000021e-08 1.000000000000000021e-08 1.000000000000000021e-08 1.000000000000000021e-08 1.000000000000000021e-08 1.000000100000000021e-05 1.000000100000000021e-05 1.000000100000000021e-05 1.000000100000000021e-05 1.000000100000000021e-05 1.000000100000000021e-05 1.000000100000000021e-05
1.000000000000000021e-08 1.000000000000000021e-08 1.000000000000000021e-08 1.000000000000000021e-08 1.000000000000000021e-08 1.000000000000000021e-08 1.000000000000000021e-08 6.482392584578010319e-02 1.469619192532349572e-01 7.167054600937221168e-04 1.000000000000000021e-08 1.000000000000000021e-08 1.000000000000000021e-08 1.000000000000000021e-08 1.000000000000000021e-08 1.000000000000000021e-08 1.000000000000000021e-08 1.000000000000000021e-08 1.000000000000000021e-08 1.000000000000000021e-08 1.000000000000000021e-08 1.000000000000000021e-08 1.000000000000000021e-08 1.000000000000000021e-08 1.000000000000000021e-08 1.000000000000000021e-08 1.000000000000000021e-08 1.000000000000000021e-08 1.000000000000000021e-08 1.000000000000000021e-08 1.000000100000000021e-05 1.000000100000000021e-05 1.000000100000000021e-05 1.000000100000000021e-05 1.000000100000000021e-05 1.000000100000000021e-05 1.000000100000000021e-05
1.000000000000000021e-08 1.431876384310392866e-05 2.734572427424050690e-05 2.850573561388702984e-05 3.077215918254025314e-05 4.305705966143611515e-05 4.351410849026938435e-05 1.051122962805806083e-01 8.105825481455897208e-02 7.625132219856962457e-04 1.000000000000000021e-08 1.000000000000000021e-08 1.000000000000000021e-08 1.000000000000000021e-08 1.000000000000000021e-08 1.000000000000000021e-08 1.665652201268646209e-05 1.000000000000000021e-08 1.000000000000000021e-08 1.000000000000000021e-08 1.000000000000000021e-08 1.000000000000000021e-08 1.000000000000000021e-08 1.000000000000000021e-08 1.000000000000000021e-08 1.000000000000000021e-08 1.000000000000000021e-08 1.000000000000000021e-08 1.000000000000000021e-08 1.000000000000000021e-08 1.000000100000000021e-05 1.000000100000000021e-05 1.000000100000000021e-05 1.000000100000000021e-05 1.000000100000000021e-05 1.000000100000000021e-05 1.000000100000000021e-05
6.184656203598309237e-05 8.043924346891230136e-05 7.443915002722475732e-05 8.320021626800045930e-05 9.904110213666279100e-05 9.312645222719070166e-05 7.429554863890235441e-05 3.048518592461707186e-02 8.274248253830471245e-02 2.227234061314933193e-04 2.937909712562704760e-05 3.116747699141442636e-05 2.794270305716280197e-05 1.000000000000000021e-08 1.000000000000000021e-08 1.894359581422426345e-05 2.118471976435491096e-05 1.302233640245120380e-05 1.000000000000000021e-08 1.000000000000000021e-08 1.000000000000000021e-08 1.000000000000000021e-08 1.000000000000000021e-08 1.000000000000000021e-08 1.000000000000000021e-08 1.000000000000000021e-08 1.000000000000000021e-08 1.000000000000000021e-08 1.000000000000000021e-08 1.000000000000000021e-08 1.000000100000000021e-05 1.000000100000000021e-05 1.000000100000000021e-05 1.000000100000000021e-05 1.000000100000000021e-05 1.000000100000000021e-05 1.000000100000000021e-05
1.361067513811272844e-05 1.995453679227986876e-05 6.202218676034333884e-05 7.930991494881017921e-05 1.155851543301541102e-04 1.095527624209476617e-04 2.716819398551242448e-04 4.319853425300289318e-02 8.463318169695699389e-02 2.021910343679965698e-04 1.000000000000000021e-08 1.000000000000000021e-08 1.000000000000000021e-08 4.882051398103477935e-05 3.369007184330805401e-05 4.184662959707906695e-05 3.218463786659208795e-05 2.286932110365413109e-05 1.540866332926258002e-05 1.063431849740426220e-05 1.000000000000000021e-08 1.000000000000000021e-08 1.000000000000000021e-08 1.000000000000000021e-08 1.000000000000000021e-08 1.000000000000000021e-08 1.000000000000000021e-08 1.000000000000000021e-08 1.000000000000000021e-08 1.000000000000000021e-08 1.000000100000000021e-05 1.000000100000000021e-05 1.000000100000000021e-05 1.000000100000000021e-05 1.000000100000000021e-05 1.000000100000000021e-05 1.000000100000000021e-05
1.000000000000000021e-08 1.000000000000000021e-08 3.461239220275202580e-05 1.069157621037043646e-04 1.347077742004123798e-04 1.273176433144630889e-04 3.743358135885731068e-03 9.924441512838977353e-02 7.042042581792341827e-02 1.063430038173971005e-05 1.000000000000000021e-08 1.000000000000000021e-08 1.187908403662735099e-04 1.043789487822287086e-04 1.798730708273591319e-04 1.242965703593368852e-04 4.686510190407290046e-05 3.993134168266285010e-05 4.069644824172372494e-05 1.499978433149506107e-05 1.000000000000000021e-08 1.000000000000000021e-08 1.000000000000000021e-08 1.000000000000000021e-08 1.000000000000000021e-08 1.000000000000000021e-08 1.000000000000000021e-08 1.000000000000000021e-08 1.000000000000000021e-08 1.000000000000000021e-08 1.000000100000000021e-05 1.000000100000000021e-05 1.000000100000000021e-05 1.000000100000000021e-05 1.000000100000000021e-05 1.000000100000000021e-05 1.000000100000000021e-05
1.000000000000000021e-08 1.000000000000000021e-08 3.176496478435422336e-05 5.109226967102882555e-05 1.376354200940887670e-04 1.554832461997680804e-04 5.733905611826694637e-04 1.094791317069205988e-01 3.030191741026055582e-02 4.809950795882737953e-05 2.169451853139263108e-05 3.067019806035542522e-05 3.875662248610573819e-05 6.056026915199952577e-05 3.049039107132511139e-05 3.775858537449266669e-05 4.822003589466706972e-05 4.026304769221209488e-05 1.000000000000000021e-08 1.000000000000000021e-08 1.000000000000000021e-08 1.000000000000000021e-08 1.000000000000000021e-08 1.000000000000000021e-08 1.000000000000000021e-08 1.937054346605145407e-05 1.000000000000000021e-08 1.000000000000000021e-08 1.000000000000000021e-08 1.000000000000000021e-08 1.000000100000000021e-05 1.000000100000000021e-05 1.000000100000000021e-05 1.000000100000000021e-05 1.000000100000000021e-05 1.000000100000000021e-05 1.000000100000000021e-05
1.000000000000000021e-08 1.000000000000000021e-08 2.186607093234884858e-05 1.982885011058181388e-05 2.497049198836964707e-05 5.676022332926160784e-04 5.746615308065104732e-02 6.540608028068582713e-02 7.631114092114974976e-03 1.435366207561405915e-05 1.474528144760532555e-05 1.000000000000000021e-08 5.339799969294849598e-05 5.986729129622623657e-05 4.381970297930036956e-05 4.956509646168901618e-05 3.799844947179181471e-05 1.000000000000000021e-08 1.000000000000000021e-08 1.000000000000000021e-08 1.000000000000000021e-08 1.000000000000000021e-08 1.000000000000000021e-08 1.000000000000000021e-08 1.000000000000000021e-08 1.000000000000000021e-08 1.000000000000000021e-08 1.000000000000000021e-08 1.000000000000000021e-08 1.000000000000000021e-08 1.000000100000000021e-05 1.000000100000000021e-05 1.000000100000000021e-05 1.000000100000000021e-05 1.000000100000000021e-05 1.000000100000000021e-05 1.000000100000000021e-05
1.000000000000000021e-08 1.000000000000000021e-08 1.792195979415252453e-05 2.007776462467778376e-05 1.000000000000000021e-08 6.844065017000423292e-04 1.098030376793598939e-01 8.216941013580882081e-02 5.026675098094246681e-03 1.000000000000000021e-08 3.038847807269086184e-05 3.468599050062634728e-05 4.307587643743392261e-05 1.000000000000000021e-08 5.330755349842025692e-05 1.462158486327696291e-04 4.073529363113163881e-05 1.020423199854490973e-05 1.000000000000000021e-08 1.000000000000000021e-08 1.000000000000000021e-08 1.202621482366484488e-05 1.000000000000000021e-08 1.000000000000000021e-08 1.000000000000000021e-08 1.000000000000000021e-08 1.000000000000000021e-08 1.000000000000000021e-08 1.000000000000000021e-08 1.033901685086596536e-05 1.000000100000000021e-05 1.000000100000000021e-05 1.000000100000000021e-05 1.000000100000000021e-05 1.000000100000000021e-05 1.000000100000000021e-05 1.000000100000000021e-05
1.000000000000000021e-08 1.000000000000000021e-08 1.663752079762135405e-05 1.000000000000000021e-08 1.000000000000000021e-08 9.955120353735341719e-05 3.491132123061281567e-02 2.501652459171697651e-01 6.880815185324276953e-03 1.000000000000000021e-08 5.171936588444405044e-05 4.701469907375516307e-05 5.177465625819941731e-05 4.819847403325102877e-05 6.943502471763863648e-05 9.601726922724409456e-05 3.671136511565261127e-05 1.000000000000000021e-08 1.000000000000000021e-08 1.000000000000000021e-08 1.000000000000000021e-08 1.000000000000000021e-08 1.657621287561830865e-05 1.042910038908404034e-05 1.000000000000000021e-08 1.000000000000000021e-08 1.000000000000000021e-08 1.000000000000000021e-08 1.000000000000000021e-08 1.007610289895524914e-05 1.000000100000000021e-05 1.000000100000000021e-05 1.000000100000000021e-05 1.000000100000000021e-05 1.000000100000000021e-05 1.000000100000000021e-05 1.000000100000000021e-05
