output/water_depth_4800.asc
ncols 223
nrows 158
xllcorner 0.0
yllcorner 0.0
cellsize 30.0
[rows 34 to 50 of 158, columns 111 to 147 of 223]
1.163273047334152827e-05 1.000000000000000021e-08 1.000000000000000021e-08 1.000000000000000021e-08 2.612752397171707095e-05 6.449601838232367208e-05 5.089048530061570877e-05 4.979866711191266064e-05 1.000000000000000021e-08 4.840573361620386527e-05 3.965631219753843872e-05 3.414171536833527200e-05 1.719513299012206882e-05 3.057193982701717026e-05 1.000000000000000021e-08 3.119346703876941135e-05 1.000000000000000021e-08 1.000000000000000021e-08 1.000000000000000021e-08 1.000000000000000021e-08 1.000000000000000021e-08 1.000000000000000021e-08 1.770673976331041952e-05 4.600755489542615937e-05 5.101145136840446164e-05 1.000000000000000021e-08 1.000000000000000021e-08 8.834648947390373467e-05 9.635635454241724780e-04 3.126525324533809339e-03 9.388198018875533457e-03 1.608453919426595935e-02 9.408373363512663803e-03 5.817417828635231794e-05 1.000000000000000021e-08 1.000000000000000021e-08 1.000000000000000021e-08
1.428683698609071413e-05 1.362469755416998299e-05 1.452088353962088433e-05 2.409845409114008504e-05 1.980894584773625815e-05 1.597372855810914749e-05 1.000000000000000021e-08 1.000000000000000021e-08 1.000000000000000021e-08 5.719260887706802452e-05 5.196288149016330089e-05 7.049554009866702484e-05 1.196982235257407819e-04 1.225083845455263490e-04 1.567648834011438677e-04 1.000000000000000021e-08 2.316028395778812533e-05 1.000000000000000021e-08 1.000000000000000021e-08 1.000000000000000021e-08 1.000000000000000021e-08 1.021462984486816287e-05 1.526136425995400507e-04 3.723578029391099212e-04 2.593074795630028232e-04 1.209117733951321246e-04 4.576938819865033732e-05 7.536765378379103289e-05 3.227534998136108056e-04 5.863404686534449094e-03 1.291857396477231329e-02 1.434564725314373124e-02 4.837944999271765432e-03 3.962315092306704976e-05 1.000000000000000021e-08 1.000000000000000021e-08 1.000000000000000021e-08
2.751005025306184622e-05 2.592265985968807978e-05 3.951751156520661947e-05 1.000000000000000021e-08 1.842894459103912227e-05 1.000000000000000021e-08 1.000000000000000021e-08 1.000000000000000021e-08 1.000000000000000021e-08 5.737026702092680105e-05 1.000000000000000021e-08 1.000000000000000021e-08 1.000000000000000021e-08 1.000000000000000021e-08 1.292371733563485187e-04 8.409103494454918544e-05 2.691844402717731300e-05 6.575647855787286090e-04 4.710772075946550650e-05 3.418864079488044701e-04 2.783895006104325097e-05 4.373035584390753613e-03 8.845509542041664688e-03 1.190811013847200249e-02 1.814919889143900775e-02 2.570252707478176690e-02 2.132099515464840750e-02 2.039331018704938769e-02 2.390289698353716824e-02 2.459081375805208247e-02 3.366779281582467365e-02 1.584967910757379556e-02 6.048271109272558912e-03 1.469358360853420748e-03 2.066891714077698876e-05 1.000000000000000021e-08 1.000000000000000021e-08
4.517490755628537723e-05 8.081715794683098409e-05 1.000000000000000021e-08 1.000000000000000021e-08 1.835310638254594593e-05 1.000000000000000021e-08 1.000000000000000021e-08 1.000000000000000021e-08 1.000000000000000021e-08 1.000000000000000021e-08 1.000000000000000021e-08 1.000000000000000021e-08 1.000000000000000021e-08 1.000000000000000021e-08 1.000000000000000021e-08 6.757339368611435981e-05 3.503508237577807700e-04 2.076854550035054509e-02 2.634536493085714096e-02 2.736978883057318915e-02 2.744947230560421808e-02 1.996377399645244896e-02 1.233717926115491734e-02 1.085865170076536629e-02 4.005462640699215468e-03 6.828314831829941124e-03 3.562298759632813016e-03 5.846363160350963447e-04 6.719766124913539862e-04 7.851097102985303902e-03 3.299279699750936462e-02 5.558993753434413737e-02 8.788913584458210582e-02 3.569245942163805363e-02 2.161262354270873003e-04 1.000000000000000021e-08 1.000000000000000021e-08
8.937847633599300696e-04 1.610079586210280288e-04 1.940118757336112883e-04 1.583577681842365738e-04 1.000000000000000021e-08 1.000000000000000021e-08 1.000000000000000021e-08 2.163855751661232548e-05 1.000000000000000021e-08 1.000000000000000021e-08 1.000000000000000021e-08 1.000000000000000021e-08 1.968096538805247912e-05 3.708587809058745975e-05 1.000000000000000021e-08 9.737029461827660659e-03 6.926307917300481010e-02 1.871847493528979930e-02 8.478549284994078567e-05 4.638059493337447621e-05 1.000000000000000021e-08 1.000000000000000021e-08 1.000000000000000021e-08 1.000000000000000021e-08 1.000000000000000021e-08 1.000000000000000021e-08 1.000000000000000021e-08 1.000000000000000021e-08 1.000000000000000021e-08 2.596138956194124237e-05 2.223645420209965950e-04 4.687726790624326990e-04 3.396898122030124478e-02 1.286467776936180418e-01 5.849873182956636525e-02 1.012295946384870668e-04 1.000000000000000021e-08
1.059564279639945393e-02 1.017092186824645333e-02 1.010810161099591833e-02 3.016914474746321996e-03 1.000876684367686589e-03 8.866455628548505427e-04 3.073231945001117342e-04 2.821142915554578122e-04 2.518484350226202402e-04 3.258039152357243367e-04 9.149053306469520207e-04 6.763970191847669703e-04 1.476696053056699570e-02 1.652064647726990756e-02 1.856602646883897048e-02 1.566193437340446248e-02 9.790648331744852828e-03 1.000000000000000021e-08 1.000000000000000021e-08 1.000000000000000021e-08 1.000000000000000021e-08 1.000000000000000021e-08 1.000000000000000021e-08 1.130005872285283386e-05 1.000000000000000021e-08 1.000000000000000021e-08 1.000000000000000021e-08 1.000000000000000021e-08 1.000000000000000021e-08 1.000000000000000021e-08 1.000000000000000021e-08 1.000000000000000021e-08 3.807526375245507452e-05 1.342532407713151882e-04 1.236756424245255004e-01 4.585481988764668337e-02 2.874659845076294254e-02
3.964416700579131612e-04 3.061576882019910982e-04 2.407683278922189037e-03 3.669310640563003961e-03 6.340640067078382597e-03 7.019858521226642056e-03 7.216455698910937896e-03 6.738380509061354245e-03 1.052220696406673366e-02 1.009195075704005969e-02 1.449775071476013845e-02 2.176832132408523801e-02 1.430862626368537005e-02 1.466753743782096310e-02 5.459044823220821047e-05 2.610187824562705053e-05 1.807339571351271291e-05 1.000000000000000021e-08 1.000000000000000021e-08 1.000000000000000021e-08 1.000000000000000021e-08 1.000000000000000021e-08 1.000000000000000021e-08 1.000000000000000021e-08 1.000000000000000021e-08 1.000000000000000021e-08 1.000000000000000021e-08 1.000000000000000021e-08 1.000000000000000021e-08 1.000000000000000021e-08 1.000000000000000021e-08 1.000000000000000021e-08 1.000000000000000021e-08 1.000000000000000021e-08 5.929800169325977709e-05 8.741849766544107156e-03 2.837404821855868398e-02
1.000000000000000021e-08 1.000000000000000021e-08 1.000000000000000021e-08 3.263621609750884872e-05 6.432605400918725287e-05 3.382256026726604154e-05 2.698231074643464306e-03 4.012911879931460243e-03 1.526281964446526539e-03 2.505921662347994957e-03 2.113431888298275031e-03 1.863464289333560588e-03 1.634729945270032883e-05 1.000000000000000021e-08 2.025336290549128963e-05 1.000000000000000021e-08 1.215906893568086525e-05 1.000000000000000021e-08 1.000000000000000021e-08 1.000000000000000021e-08 1.000000000000000021e-08 1.000000000000000021e-08 1.000000000000000021e-08 1.000000000000000021e-08 1.000000000000000021e-08 1.000000000000000021e-08 1.000000000000000021e-08 1.000000000000000021e-08 1.000000000000000021e-08 1.000000000000000021e-08 1.000000000000000021e-08 1.000000000000000021e-08 1.000000000000000021e-08 1.000000000000000021e-08 1.000000000000000021e-08 1.000000000000000021e-08 2.158991995429489783e-05
1.000000000000000021e-08 1.000000000000000021e-08 1.000000000000000021e-08 1.000000000000000021e-08 1.000000000000000021e-08 1.000000000000000021e-08 1.000000000000000021e-08 1.211269700677989418e-05 1.678815502403625381e-04 7.344030970381667904e-04 8.013024905907245587e-04 7.745199118626231588e-04 1.000000000000000021e-08 2.110008619823044285e-05 1.941021629992346331e-05 1.000000000000000021e-08 1.000000000000000021e-08 1.000000000000000021e-08 1.000000000000000021e-08 1.000000000000000021e-08 1.000000000000000021e-08 1.000000000000000021e-08 1.000000000000000021e-08 3.286779584394174147e-05 3.849275487492014432e-05 2.822488806283435611e-05 8.134303278852055279e-05 8.892285740200856327e-05 5.868893676575476063e-05 5.947303486909120068e-05 5.816392841222941791e-05 6.854021000800717745e-05 1.000000000000000021e-08 4.710384436900588674e-05 4.668687634785722364e-05 5.016893832582338384e-05 1.000000000000000021e-08
1.000000000000000021e-08 1.000000000000000021e-08 1.000000000000000021e-08 1.000000000000000021e-08 1.000000000000000021e-08 1.000000000000000021e-08 1.000000000000000021e-08 1.000000000000000021e-08 5.344733363236264367e-04 9.699412218066363065e-04 7.345563901537522202e-04 1.107892992474602390e-04 1.192345717042630461e-05 1.488221342094173078e-05 1.659238902703455795e-05 1.958344693355089358e-05 1.000000000000000021e-08 1.000000000000000021e-08 1.000000000000000021e-08 1.000000000000000021e-08 1.000000000000000021e-08 1.000000000000000021e-08 1.000000000000000021e-08 4.423093240256946185e-05 9.558713425947860736e-05 1.505054962447059956e-04 1.395373311129958973e-04 9.415647153630374831e-05 1.067161395520100297e-04 7.529276203517897361e-05 6.430051224405072916e-05 5.137122115205700789e-05 7.056039100886745742e-05 6.175060418186779487e-05 4.574538513701827531e-05 5.070186343061919927e-05 5.337931052381508117e-05
1.000000000000000021e-08 1.000000000000000021e-08 1.000000000000000021e-08 1.038046801109127042e-05 1.000000000000000021e-08 1.000000000000000021e-08 1.000000000000000021e-08 1.670975330776141719e-05 2.899963758443042505e-03 2.414010174269741720e-03 2.116378891092687842e-03 1.606444459560308065e-05 1.000000000000000021e-08 1.000000000000000021e-08 1.000000000000000021e-08 1.595532998928170769e-05 4.444622139961533724e-05 4.194569577947334889e-05 7.159985791381085071e-05 8.113940265532506777e-05 1.000000000000000021e-08 1.000000000000000021e-08 3.162881781182711816e-05 4.150630044702793240e-05 4.426966809434481308e-05 4.769472217935407944e-05 4.584096976968716933e-05 3.405663573397083792e-05 1.000000000000000021e-08 1.000000000000000021e-08 1.127009406483845373e-05 1.712632642778608562e-05 1.000000000000000021e-08 1.000000000000000021e-08 3.974973217403408372e-05 5.101416147723893205e-05 5.532629045436007233e-05
1.743770523395389606e-05 1.759787178533505080e-05 1.000000000000000021e-08 1.000000000000000021e-08 1.476495724477890566e-05 2.182418180194220698e-05 6.329306736699807749e-04 4.394158126090326986e-03 4.425409869281043788e-03 1.015966305458065834e-03 2.247146232980092381e-05 1.406896760310507169e-05 1.000000000000000021e-08 1.000000000000000021e-08 1.000000000000000021e-08 1.476639549986689636e-05 4.330719937272113591e-05 3.848844225188892708e-05 2.589653679271654646e-05 2.136713956065858621e-05 1.711998976170879294e-05 1.410837188417383018e-05 1.454952879440582814e-05 1.400292556894915866e-05 1.217970694365979539e-05 1.168156301095849948e-05 1.214652499742534143e-05 1.000000000000000021e-08 1.000000000000000021e-08 1.000000000000000021e-08 1.000000000000000021e-08 6.479162802506597640e-05 1.277112521731078865e-04 2.085103770672779759e-04 3.110517025740830725e-04 2.640403004965531501e-04 2.584862173965729029e-04
3.913976953521670340e-05 4.229085733391203041e-05 3.909286165181347566e-05 4.017868502582418568e-04 2.044299699610636640e-03 2.872177074145965039e-03 3.608762545263306028e-03 3.923988899711850810e-03 2.514050914201909596e-05 1.000000000000000021e-08 2.117996291759080519e-05 1.983918302105325621e-05 3.273034997724628010e-05 9.101244762770775666e-05 1.000000000000000021e-08 4.064054124471039726e-05 4.289846684092450782e-05 6.189977418372050644e-05 5.344076413318771799e-05 5.390750912995016483e-05 4.744104174871690551e-05 4.639517080109939120e-05 4.931357437022976356e-05 4.354192733019224477e-05 4.068865902054935482e-05 4.702020627824977830e-05 5.229564750759926905e-05 8.633283501746690045e-05 9.209283245635832061e-05 1.039067207550172244e-04 1.000000000000000021e-08 1.344733442067109733e-05 1.125000893283147345e-05 2.905397212433925288e-05 2.425006166736344245e-05 6.935340033890856066e-05 7.236275835705038395e-05
1.372642988022642957e-03 4.317568203675465634e-04 6.058377989383109284e-04 2.372725741296830785e-03 1.666243470356322011e-03 1.149957081168645218e-03 1.300813243765357565e-03 1.365905451138392588e-04 1.000000000000000021e-08 1.720107481674587398e-05 2.471847127211082636e-05 3.157035938274363435e-05 3.149334005297254767e-05 3.607150931394141819e-05 3.632589882269382666e-05 3.770157449804194299e-05 6.410147107624908271e-05 1.465355393915624945e-04 1.967305890366782882e-04 1.697568612038758101e-04 1.282514949614272206e-04 9.976658330162285705e-05 3.247261129199980397e-05 6.250016821866753963e-05 7.880019165962753131e-05 1.126784188459061540e-04 1.671718814625290281e-04 1.381619788881419120e-04 2.013010952957099381e-04 1.854417571693723146e-04 2.442772186554309933e-04 1.876156650129510637e-04 2.422699509616510125e-04 1.847391207354248666e-04 2.518949217991788285e-04 1.955697658454379944e-04 2.373992712918348712e-04
1.028500388202272745e-03 1.140573501472584193e-04 3.573609746384944841e-05 6.226296670270633625e-05 1.000000000000000021e-08 3.335131141268153691e-05 6.240885116664826127e-05 1.419034126766604491e-04 1.000000000000000021e-08 1.000000000000000021e-08 3.585235870993901228e-05 3.019350234176545496e-05 2.241624190835325993e-05 2.201696108804277914e-05 4.816951059851018138e-05 3.513276511710553831e-05 1.000000000000000021e-08 1.083805338236357971e-04 2.887687362098260773e-04 4.647747838143410069e-04 3.993056516110053060e-04 4.533504508396342760e-04 3.654732291996661388e-04 4.768268024204072651e-04 6.386184015307462374e-04 5.304480243273579322e-04 4.153900977351566840e-04 4.336302910607172561e-04 3.415972818792570396e-04 2.514604743194525380e-04 2.080355062313955577e-04 2.487913762030292291e-04 3.005943802781525028e-04 3.450793204073612677e-04 2.044479133598629914e-04 1.280610056890723475e-04 1.666679456033592411e-04
4.694626969753563342e-05 1.000000000000000021e-08 1.000000000000000021e-08 1.000000000000000021e-08 1.395574803515490700e-05 2.729710764455634068e-05 4.666535283533830640e-05 8.939325781944720427e-05 6.948138448735676897e-05 1.000000000000000021e-08 3.030294575159295150e-05 1.000000000000000021e-08 1.000000000000000021e-08 1.261900296227222809e-05 7.106543167255643576e-05 1.000000000000000021e-08 2.028571645600416316e-05 1.756184232963534249e-04 2.251031991988528230e-04 2.667399026941894664e-04 4.847981440105518449e-04 5.536598905507807622e-04 6.126580132410590481e-04 4.215301803902151735e-04 2.838038106706370169e-04 1.671739488311563650e-05 1.518182833497859043e-05 1.000000000000000021e-08 1.036354593093514166e-05 1.941384467721335544e-05 1.564367767118837317e-05 3.462322616013857374e-05 1.000000000000000021e-08 2.787521741911360335e-05 1.231287482720389665e-04 1.132723261416179668e-04 3.295610763734031236e-04
4.657228263403087175e-05 1.000000000000000021e-08 1.985606593690483239e-05 4.046567940960101359e-05 1.000000000000000021e-08 2.451514214700867682e-05 3.742110202850247439e-05 4.266001972191367210e-05 4.474221100375012325e-05 1.000000000000000021e-08 3.880934174879688503e-05 1.000000000000000021e-08 1.000000000000000021e-08 1.260116386805969452e-04 1.644120434450769739e-04 2.725570638441013782e-04 3.424324555832392015e-04 2.950415083512353568e-04 2.307497973454634543e-04 1.791565975848932214e-04 1.000000000000000021e-08 1.000000000000000021e-08 1.000000000000000021e-08 1.000000000000000021e-08 1.000000000000000021e-08 3.785395857057346065e-05 5.537758385428180439e-05 1.000000000000000021e-08 1.000000000000000021e-08 2.223382944372370476e-05 1.000000000000000021e-08 1.000000000000000021e-08 1.000000000000000021e-08 1.593459752117055991e-05 2.957618859871178146e-05 6.579688961872844706e-05 1.220108684340244108e-03
