output/water_depth_1440.asc
ncols 223
nrows 158
xllcorner 0.0
yllcorner 0.0
cellsize 30.0
[rows 85 to 101 of 158, columns 111 to 147 of 223]
4.767368089019265176e-03 1.002648508704020308e-02 8.602146953629366197e-03 5.737227064480876493e-03 4.913421362439541334e-03 3.752401352377505040e-03 4.383633771597585799e-03 1.970555901587301567e-02 2.624830907527499549e-02 6.978426940098547866e-03 5.651252297000340392e-04 2.141821494647327354e-04 2.841956903765680865e-04 1.112596444429666664e-03 1.132473808113802381e-03 7.260441593109913903e-04 7.972777934979680603e-04 1.430437714878260652e-03 5.114960760999305665e-04 5.092908942599726294e-04 6.596172258882316598e-04 1.096407352885368260e-03 3.299476874782923154e-03 1.486561955639375317e-03 5.614460113253137924e-04 4.505133077819770842e-04 1.094372399442050756e-03 1.182159694749225498e-03 2.121407618369044838e-03 1.550336041614662702e-03 6.446633247910739904e-04 3.515749685490301545e-04 4.840341150462076350e-04 1.572646686815076301e-04 4.247603621635422577e-04 2.269478294262759679e-03 8.437477658592646215e-04
8.720820483541941517e-03 4.632326858119215421e-03 2.049231305475998979e-03 2.971694920849097046e-03 4.129835217506043661e-03 2.621410619722760321e-03 4.998742847103284682e-03 1.090875069437800479e-02 3.410580107713644810e-02 3.160956187463551115e-03 7.845202947504270044e-05 3.051791220640135598e-04 2.285081603039062592e-04 4.720146327782849408e-04 4.090844489685325873e-04 1.149937572683585414e-03 1.328610195979787988e-03 2.110606684846525524e-03 9.983823005155535463e-04 5.045961713906451165e-04 1.272569223449023911e-03 1.090142613167884196e-03 9.540787296462509282e-03 8.043870202396568095e-03 6.373418952514068106e-03 5.166288152524920428e-03 2.745969461591243107e-03 2.586132391872692816e-03 1.939390556720657676e-03 1.309501571375819946e-03 5.508293577845001275e-04 3.273420014575562412e-04 8.666188402276990652e-05 1.064065761680274569e-04 2.668578397009247426e-04 1.502348309377146219e-03 5.041290313010525406e-04
8.966293224884774177e-03 1.494289099248133357e-03 5.918279978425064957e-04 2.009978850830695767e-03 5.006760971959918656e-03 5.627466428059773630e-03 3.578594932489608145e-03 6.609175494263939965e-02 4.739616741612667772e-02 1.906621950009094665e-03 6.731877508092483820e-05 1.420444750321195944e-04 3.746713536348822058e-04 3.468612177154835113e-04 7.102000935825729215e-04 1.363377005172185848e-03 2.178023632874230738e-03 2.545965594076820149e-03 2.336805335198315244e-03 2.292382233280526767e-03 8.012208439717383862e-03 7.311970306431978851e-03 1.046829529907972005e-02 7.841536544767310768e-03 2.541349444829657956e-03 9.632996024751486891e-04 8.110298227493569281e-04 5.144212307778181200e-04 6.164223811303547488e-04 6.890588657922410570e-04 1.432907217467331714e-04 8.428997655350570933e-05 1.000000000000000021e-08 7.573491692000483837e-05 1.432083651307377670e-04 9.188007012037555403e-04 3.780751283475362813e-04
9.225803173757889455e-03 4.386943071653267440e-03 2.096584073003497639e-03 1.222743115731369460e-03 3.680619549155141924e-03 2.790649631616276289e-03 4.264923177347356743e-03 6.540257422324248547e-04 4.979633887418945248e-02 2.782308620170953484e-03 2.584426682203055351e-04 7.051822702237597624e-04 5.575484208634094935e-04 1.208233538834683866e-03 1.427400902650792329e-03 2.888649769638624177e-03 2.961535190549923011e-03 5.885006161654403323e-03 4.487228281382469632e-03 1.450468083903394545e-02 9.989574497062048836e-03 1.343675995870702300e-02 1.167677892388006844e-02 2.805417399036879648e-03 7.294753903322794561e-04 6.837735406089824261e-04 7.666761037795606724e-04 1.005864058466428507e-03 5.769223169599296602e-04 3.329298353817535558e-04 3.042725767697409796e-04 2.309709648484866893e-04 3.520661891522179501e-05 1.000000000000000021e-08 1.485033777566307155e-04 3.334733348934786545e-04 1.624400683088446612e-04
1.149144559951026032e-02 7.526180623870214539e-03 2.662242772466425888e-03 2.792562085446092211e-03 1.952279346769731326e-03 4.041486413499016661e-03 2.027654210768535265e-03 3.400786910749080579e-03 2.584158364258417814e-02 2.819016304367566797e-02 3.606459953610340876e-04 5.886004348438543879e-04 2.174666103897669777e-04 5.525608177296713113e-04 1.587844655419968663e-03 1.930577862889340870e-03 3.775266112781769812e-03 6.614081153733093917e-03 2.579289286662098460e-02 1.687353151228841719e-02 1.127118976604245607e-02 7.014922035675006176e-03 2.418927993724442980e-03 3.697880704437096397e-04 3.770447117095793903e-04 2.519639200993363613e-04 3.341994164068752657e-04 3.908917746749294921e-04 6.014361684213158539e-04 7.537719185654691073e-04 1.962303111392524476e-04 1.071041636242842435e-04 1.000000000000000021e-08 1.890896113354571630e-05 2.449077975920523455e-05 2.602673075557108322e-04 4.461837190806552706e-05
1.395352626508262507e-02 1.813855810496532023e-02 3.911145726469708594e-03 2.195471793944923748e-03 3.348218294304579866e-03 4.005578492781106809e-03 4.107051934647379041e-03 2.988386269003897276e-03 1.494919535184399337e-02 2.096405185442440366e-02 1.976468745196055185e-02 3.244122166537165026e-03 1.434615862915172022e-03 5.014061890022712209e-04 2.067176737180191235e-04 8.358861334636427925e-04 1.727483112276530881e-03 6.941873824077519212e-03 5.419165299985444217e-02 1.623910097305188843e-02 1.068938521209746202e-02 6.205214839387109861e-03 8.736568542809229100e-04 3.060922350448054465e-04 2.135588619348874004e-04 2.490466026907747288e-04 1.085329584220564236e-04 2.035479590295276883e-04 1.758428903721278344e-04 2.371198634364828659e-04 6.132488830564315199e-04 1.156491566995860904e-04 5.609818403074739144e-05 5.606193232396458994e-05 1.734994435393120765e-05 2.387460706772909927e-05 1.330988934652732613e-04
4.141474904026045539e-02 2.917157540595359186e-02 1.606786623835403452e-02 1.187576441095418260e-02 6.251843811138452396e-03 8.672162457426670079e-03 5.879261309021895088e-03 4.300517616477880257e-03 9.195713223060827946e-03 1.543486518118791957e-02 1.934861978503536056e-02 1.715337948198562834e-02 3.379553512368906401e-03 1.531483878415148712e-03 6.119651313910681777e-04 5.548638094080105086e-04 2.091686151925536540e-03 5.639152117706091108e-03 8.591923722716161838e-02 1.569781334727472083e-02 8.004948901143595086e-03 3.452444634677018231e-03 1.211855778036363815e-03 4.979349488863401684e-04 5.422590707172626799e-04 3.721594988286621862e-04 3.286696974707325569e-04 2.282204366489862897e-04 3.693759179206290125e-04 3.235603584046468613e-04 1.838325588550183444e-04 2.126797145003766305e-04 2.511725406410744710e-04 1.440950232230882560e-04 6.304489675307453601e-05 2.545201673601045169e-05 2.254723517002020549e-04
9.685101888469133113e-03 2.095626916150125987e-02 1.787403504890207676e-02 1.353156261537511937e-02 1.173057121590054784e-02 7.765073497808814076e-03 9.232774718993070825e-03 5.409654372063591593e-03 1.004642170388566139e-02 2.027019695597478965e-02 4.287661789872361517e-02 3.067214136666145813e-02 1.645658349919002991e-02 9.701608213440258977e-03 7.784936400888837864e-03 9.011877927107799988e-03 1.620141840641899783e-02 1.863137587771925355e-02 1.276995391545233394e-01 1.498241773808543960e-02 5.594124380467913049e-03 3.703687683224086459e-03 8.311344199272403073e-04 8.102154630186111711e-04 5.100078999548413733e-04 3.808010766168283892e-04 3.040557151078628062e-04 4.041628938839192603e-04 8.397474852493852244e-04 2.807914999548034841e-04 3.330768048573402472e-04 1.489492318233956848e-04 1.208483733125798292e-04 1.027690683314795583e-04 5.039408792888065366e-05 3.374074020690367190e-04 3.213237397261995787e-05
1.516742798363298998e-02 1.810504440299227913e-02 1.806247001539125832e-02 1.665150386387712414e-02 1.209279080689448956e-02 1.342662024576787849e-02 8.535264159302122580e-03 1.451422245335770231e-02 1.216645243985127640e-02 9.936592428376510647e-03 2.928513719899996596e-03 1.680942880339195492e-02 1.702059590037019107e-02 1.494058962816806162e-02 2.160670845657692782e-02 1.977703175672669220e-02 1.235205091659527694e-02 1.246753703111552758e-02 7.375848001391523134e-02 9.624091579349830505e-02 6.561090221038632167e-03 3.048846842857605779e-03 1.855416318817177225e-03 7.022142305610205209e-04 5.195721065547054263e-04 3.807863174269575314e-04 4.919255800151369840e-04 8.998800626413635964e-04 1.248552329971395689e-03 6.020240095849220974e-04 2.914859276165878907e-04 3.200157271983553433e-04 1.821387869913498924e-04 1.551316816696423392e-04 8.982435688241965249e-05 6.057680106163740362e-05 5.801781529908230545e-05
9.989080333977672782e-03 1.430385044797591841e-02 3.380158476742633339e-02 4.972825429052832313e-02 1.040272698426361331e-01 5.045820860341197756e-02 2.710580902670683967e-02 1.459815550934521165e-02 1.700362411112576327e-02 1.024477796789785566e-02 8.631870723429859241e-03 1.145603766503760362e-02 1.647878406434861304e-02 1.669925700385935588e-02 5.019286071846088514e-03 2.798245877070422785e-03 1.399787849030941899e-03 2.319199629609431084e-03 7.987190851958698989e-02 1.857943488355618122e-01 4.702278334645156911e-03 2.473279164624906691e-03 1.243410363082496925e-03 1.072537723496292100e-03 5.028322074004628380e-04 1.270481750512697733e-03 1.374448242390254905e-03 2.079812879851145827e-03 2.088971689216852223e-03 1.435177744218478013e-03 1.283343153237675961e-03 6.226927090187694708e-04 2.451675746377357436e-04 1.037055483202803993e-04 7.086689153193597205e-05 6.599889012331075348e-05 1.086723856562214410e-04
1.190811410247416199e-02 1.087383732379521711e-02 4.828250473274699889e-03 4.432170909809567128e-03 3.864944831958270870e-03 1.081608313658966383e-02 1.953652051308586018e-02 2.705581641656190986e-02 2.110417536296248578e-02 2.682751978848978841e-02 2.758953157362953670e-02 1.953693271505837353e-02 1.840175682247419814e-02 1.487200816865429272e-02 1.180625603689305740e-02 5.640039151697690337e-03 4.797954006496511770e-03 4.037734732036848094e-03 2.996445060447128564e-03 1.880574002474142414e-01 3.264188454203772148e-03 1.648771472194336413e-03 9.529153499912353543e-04 1.597189804761933686e-03 1.636811650105430595e-03 2.940731187269563819e-03 2.763413468110356621e-03 4.403677250599868052e-03 3.001825299438138847e-03 1.240427299093022377e-03 3.651874190893537138e-04 3.576042768951741887e-04 2.239991305667387439e-04 9.075403116182929387e-05 3.339912921752389262e-04 5.510437677986445578e-05 2.601728892226068185e-04
7.636427253901601452e-03 9.595198078917559215e-03 7.594966948112718413e-03 4.401675592381703445e-03 4.477757010709189356e-03 7.742369103387396548e-03 1.168050144610552690e-02 1.003101709553276197e-02 2.498813373881654185e-02 1.419400409008185482e-02 1.232243877358587050e-02 1.481348315068372126e-02 1.757604025863412564e-02 1.666128617825184816e-02 1.292694525057525891e-02 1.120520233586353581e-02 5.602536981158832974e-03 4.083627475686239794e-03 2.890540579951325281e-03 1.838672287892862411e-01 3.624294613213586806e-03 1.676068460486273420e-03 2.641578296958693207e-03 1.995835055978860059e-03 3.444638530704735233e-03 2.349529785083526341e-03 3.401405017000716513e-03 1.631686182000171258e-03 1.162850482238162592e-03 5.962986549986506839e-04 7.797183142709513759e-04 3.685719892409216464e-04 3.987774486789611795e-04 2.009341115532564301e-04 4.652370874524963803e-04 3.206950260138502181e-04 3.903459085101832122e-04
8.846822649296832292e-03 5.894526851966302820e-03 6.067819428092331019e-03 5.684527763661901059e-03 5.651093121344713185e-03 6.979117755584524595e-03 8.451925572270382880e-03 6.768351799809318309e-03 7.073606279247165833e-03 1.679704538884792264e-02 5.025463176853773792e-03 9.891771573911144894e-03 1.181728670244798669e-02 1.318076060485527494e-02 1.252156259552897333e-02 1.090393338934713893e-02 1.039107889409896998e-02 5.295959516041759928e-03 5.752136595327791979e-03 1.786271187338298871e-01 4.022328198822699985e-03 3.696430753127601197e-03 2.535917072224020546e-03 3.965874907533236370e-03 2.755455140589782841e-03 4.087738009532543640e-03 2.157001149841714094e-03 2.179036879623947112e-03 7.856722992645979748e-04 1.312311211599261366e-03 6.899714603348199027e-04 7.182401990612182277e-04 2.843650747243841432e-04 4.183546226896798343e-04 5.965644156647889954e-04 8.852105648716838146e-04 7.582170967373375904e-04
7.583026019150156810e-03 9.657122298960771692e-03 6.350998655615728433e-03 7.006133178904370810e-03 3.970321724809650413e-03 4.961035051443255829e-03 4.274462469714700001e-03 6.926753332158044028e-03 5.414825770081134124e-03 1.227174438881079716e-02 8.704066007161901167e-03 6.823683875517752573e-03 1.099214197138556094e-02 1.006741336523311187e-02 1.331760079838802124e-02 1.378807660857380747e-02 8.289659363596664499e-03 8.803981764463170503e-03 1.164168521349434084e-02 1.790640025858587780e-01 7.598645921023002014e-03 4.337384460580087642e-03 4.611208801050312341e-03 2.924586004427155543e-03 4.813181793507445225e-03 3.132407521199849151e-03 4.147725739107738230e-03 1.597277200672823656e-03 1.751304897352645717e-03 9.919414924926951531e-04 9.749479677922537682e-04 9.117141832868786138e-04 8.429947306557797077e-04 6.712973933172332276e-04 5.616710389622086999e-04 1.872308158694573153e-03 1.361678232495330560e-03
1.302146290929039052e-02 8.363151782829524386e-03 9.699707480844418223e-03 6.702053763333305769e-03 6.791017603103157579e-03 3.735387308884653701e-03 5.674631050776539516e-03 4.628106316530032974e-03 7.552347333608839391e-03 9.408873046716649535e-03 1.078022820138137793e-02 1.468344249200816999e-02 2.891105813918105373e-03 8.698870402294993365e-03 8.395849266033168085e-03 1.152809645610460010e-02 8.250132577606985110e-03 7.318549039336508591e-03 5.568729148952011876e-03 1.144106445643703895e-01 6.292567730565663819e-02 5.455399910796972229e-03 5.300076080562698792e-03 3.968816754441056513e-03 3.943192339571624169e-03 4.524549332903579808e-03 2.266571157201247889e-03 2.719514703927619452e-03 1.312592430671998510e-03 1.364750862490130608e-03 1.129356249206774337e-03 1.336672413951223029e-03 1.407858210117482554e-03 9.831004983952059545e-04 1.007683860215802122e-03 2.657331860144573812e-03 3.176017361062578870e-03
8.957768196449545500e-03 1.107637563778281382e-02 7.758282971890751063e-03 9.680282661381073295e-03 6.158961693431083510e-03 6.780207962539650315e-03 4.546853641872511745e-03 6.499567954860022145e-03 3.985758524792843566e-03 8.209503697106400322e-03 8.781601441554083218e-03 1.938387079892551351e-02 6.225241570149506881e-03 4.532785101402392672e-03 8.463412237483720207e-03 5.835875115966925215e-03 6.442964310591698870e-03 6.183729506848769340e-03 4.164951037123243785e-03 1.420650957222259481e-01 3.182908853329951410e-02 4.652035139438400607e-03 4.093318626284759600e-03 5.654707020203168268e-03 3.390661973162809560e-03 2.955219843774520988e-03 3.153712748109498750e-03 2.419383011536972976e-03 2.425608751624193545e-03 1.618515631596589323e-03 1.703488330697301972e-03 1.155191797511215777e-03 1.722729348081994752e-03 1.146415864376245297e-03 7.995429039899162177e-04 5.757443574572390643e-03 3.215270964149527684e-03
1.044411462536325337e-02 9.495092888790114538e-03 1.093437184051415656e-02 7.508227038606412468e-03 8.671990149114868970e-03 5.573848555900167215e-03 6.778178791410228304e-03 4.324427997619643624e-03 5.612640042449385490e-03 4.707457313534733727e-03 8.760686033338795434e-03 2.124400976839523059e-02 5.478084805570855066e-03 5.348511664038485894e-03 5.357453209326724225e-03 6.091349846104770691e-03 7.716409421364856663e-03 6.387207575306414267e-03 8.271095879048557045e-03 1.522587864704846583e-01 1.727785378478938205e-02 5.958732219057905066e-03 6.015729629623017827e-03 3.965574516417482917e-03 5.459401719376620783e-03 2.787811142373460525e-03 2.423449264175318602e-03 3.369500158743787745e-03 2.521288654650320066e-03 2.376607524764859803e-03 1.504195254475303731e-03 1.237028759468692621e-03 1.634403471982797014e-03 1.942075208731729738e-03 1.612964249508068654e-03 9.136693063152144523e-03 3.763417952930383711e-03
