output/water_depth_5280.asc
ncols 223
nrows 158
xllcorner 0.0
yllcorner 0.0
cellsize 30.0
[rows 17 to 33 of 158, columns 74 to 110 of 223]
1.000000100000000021e-05 1.000000100000000021e-05 1.000000100000000021e-05 1.000000100000000021e-05 1.000000100000000021e-05 1.000000100000000021e-05 1.000000100000000021e-05 1.000000100000000021e-05 1.000000100000000021e-05 1.000000100000000021e-05 1.000000100000000021e-05 1.000000100000000021e-05 1.000000100000000021e-05 1.000000100000000021e-05 1.000000100000000021e-05 1.000000100000000021e-05 1.000000100000000021e-05 1.000000100000000021e-05 1.000000100000000021e-05 1.000000100000000021e-05 1.000000100000000021e-05 1.000000100000000021e-05 1.000000100000000021e-05 1.000000100000000021e-05 1.000000100000000021e-05 1.000000100000000021e-05 1.000000100000000021e-05 1.000000100000000021e-05 1.000000000000000021e-08 1.361603936682845627e-05 1.718061283225680202e-05 2.053410049654607255e-05 2.741490505902011843e-05 2.960096585258517463e-05 2.926777131283395865e-05 3.097132830355769846e-05 3.091072852329299607e-05
1.000000100000000021e-05 1.000000100000000021e-05 1.000000100000000021e-05 1.000000100000000021e-05 1.000000100000000021e-05 1.000000100000000021e-05 1.000000100000000021e-05 1.000000100000000021e-05 1.000000100000000021e-05 1.000000100000000021e-05 1.000000100000000021e-05 1.000000100000000021e-05 1.000000100000000021e-05 1.000000100000000021e-05 1.000000100000000021e-05 1.000000100000000021e-05 1.000000100000000021e-05 1.000000100000000021e-05 1.000000100000000021e-05 1.000000100000000021e-05 1.000000100000000021e-05 1.000000100000000021e-05 1.000000100000000021e-05 1.000000100000000021e-05 1.000000100000000021e-05 1.000000100000000021e-05 1.000000100000000021e-05 1.000000000000000021e-08 1.000000000000000021e-08 1.283143516555218931e-05 2.347934774393396637e-05 2.962225426604169523e-05 2.226044095704805701e-05 2.743826932012969857e-05 2.689866181663235926e-05 2.576717319597505079e-05 3.627345188791909568e-05
1.000000100000000021e-05 1.000000100000000021e-05 1.000000100000000021e-05 1.000000100000000021e-05 1.000000100000000021e-05 1.000000100000000021e-05 1.000000100000000021e-05 1.000000100000000021e-05 1.000000100000000021e-05 1.000000100000000021e-05 1.000000100000000021e-05 1.000000100000000021e-05 1.000000100000000021e-05 1.000000100000000021e-05 1.000000100000000021e-05 1.000000100000000021e-05 1.000000100000000021e-05 1.000000100000000021e-05 1.000000100000000021e-05 1.000000100000000021e-05 1.000000100000000021e-05 1.000000100000000021e-05 1.000000100000000021e-05 1.000000100000000021e-05 1.000000100000000021e-05 3.120170343034434318e-05 3.399792538802735533e-05 3.180098129243612331e-05 2.941647346326285920e-05 3.236924725938167860e-05 4.166160043379068617e-05 4.695443414483457557e-05 5.277058997516271568e-05 5.195255527901729948e-05 4.983145794593924426e-05 4.818782834352275960e-05 5.715958282672707196e-05
1.000000100000000021e-05 1.000000100000000021e-05 1.000000100000000021e-05 1.000000100000000021e-05 1.000000100000000021e-05 1.000000100000000021e-05 1.000000100000000021e-05 1.000000100000000021e-05 1.000000100000000021e-05 1.000000100000000021e-05 1.000000100000000021e-05 1.000000100000000021e-05 1.000000100000000021e-05 1.000000100000000021e-05 1.000000100000000021e-05 1.000000100000000021e-05 1.000000100000000021e-05 1.000000100000000021e-05 1.000000100000000021e-05 1.000000100000000021e-05 1.000000100000000021e-05 1.000000100000000021e-05 1.000000100000000021e-05 3.744545983440783347e-05 6.970233076793145460e-05 1.059132909074754502e-04 8.897188729283112679e-05 8.539948242099446886e-05 7.903047614643120972e-05 8.408175478370429794e-05 7.012741983405345561e-05 4.577887385694803292e-05 2.807191856012867541e-05 3.257188102471552049e-05 3.881879395218942722e-05 1.413832872885323983e-04 1.000000000000000021e-08
1.000000100000000021e-05 1.000000100000000021e-05 1.000000100000000021e-05 1.000000100000000021e-05 1.000000100000000021e-05 1.000000100000000021e-05 1.000000100000000021e-05 1.000000100000000021e-05 1.000000100000000021e-05 1.000000100000000021e-05 1.000000100000000021e-05 1.000000100000000021e-05 1.000000100000000021e-05 1.000000100000000021e-05 1.000000100000000021e-05 1.000000100000000021e-05 1.000000100000000021e-05 1.000000100000000021e-05 1.000000100000000021e-05 1.000000100000000021e-05 1.000000100000000021e-05 1.000000100000000021e-05 2.286781040933262115e-05 2.363254124565433031e-05 2.595708411238499427e-05 3.033369805480376876e-05 7.270171367631587359e-05 8.926992438123194809e-05 9.985320265687681548e-05 1.003991180275080674e-04 8.705921862384573295e-05 5.095344687929458729e-05 2.265862381057853617e-05 1.791442683967024236e-05 1.964821698379969108e-05 1.947689771653743351e-05 2.018948343958530992e-04
1.000000100000000021e-05 1.000000100000000021e-05 1.000000100000000021e-05 1.000000100000000021e-05 1.000000100000000021e-05 1.000000100000000021e-05 1.000000100000000021e-05 1.000000100000000021e-05 1.000000100000000021e-05 1.000000100000000021e-05 1.000000100000000021e-05 1.000000100000000021e-05 1.000000100000000021e-05 1.000000100000000021e-05 1.000000100000000021e-05 1.000000100000000021e-05 1.000000100000000021e-05 1.000000100000000021e-05 1.000000100000000021e-05 1.000000100000000021e-05 1.000000000000000021e-08 1.199961427193772482e-05 1.051839942851855696e-05 1.000000000000000021e-08 1.000000000000000021e-08 1.000000000000000021e-08 4.383652894684798341e-05 8.972038277313827389e-05 1.100451110112842657e-04 1.230119678887331826e-04 1.000000000000000021e-08 1.428792414841945068e-05 5.974164778263120197e-05 7.780774185881029928e-05 1.275992203607602339e-04 1.752116468736208987e-04 1.499948436477600237e-04
1.000000100000000021e-05 1.000000100000000021e-05 1.000000100000000021e-05 1.000000100000000021e-05 1.000000100000000021e-05 1.000000100000000021e-05 1.000000100000000021e-05 1.000000100000000021e-05 1.000000100000000021e-05 1.000000100000000021e-05 1.000000100000000021e-05 1.000000100000000021e-05 1.000000100000000021e-05 1.000000100000000021e-05 1.000000100000000021e-05 1.000000100000000021e-05 1.000000100000000021e-05 2.057856075604638961e-05 5.400563081898278594e-05 4.474038895523623931e-05 4.199957611876212145e-05 4.932354639033032802e-05 5.277300027701990048e-05 3.521032246706076117e-05 1.000000000000000021e-08 1.000000000000000021e-08 3.767590915965688872e-05 4.626345083396054381e-05 6.834767836583590436e-05 8.563122877685887399e-05 5.286081375258576772e-05 4.199843438108550393e-05 3.962384324685053666e-05 5.979079855124646512e-05 5.271561177238735969e-05 5.448437715618464238e-05 5.558886261925538114e-05
1.000000100000000021e-05 1.000000100000000021e-05 1.000000100000000021e-05 1.000000100000000021e-05 1.000000100000000021e-05 1.000000100000000021e-05 1.000000100000000021e-05 1.000000100000000021e-05 1.000000100000000021e-05 1.000000100000000021e-05 1.000000100000000021e-05 1.000000100000000021e-05 1.000000100000000021e-05 1.000000100000000021e-05 1.000000100000000021e-05 1.000000100000000021e-05 1.000000100000000021e-05 1.000000000000000021e-08 1.097017518664448111e-05 8.755481930204692370e-05 1.376831860375503716e-04 1.785655167873147870e-04 1.507417218271010808e-05 1.826580337583212914e-05 1.492861362699991538e-05 1.950665566202555693e-05 1.696502304200520474e-05 1.000000000000000021e-08 1.000000000000000021e-08 1.000000000000000021e-08 1.000000000000000021e-08 1.316234760108723036e-05 1.000000000000000021e-08 1.000000000000000021e-08 1.000000000000000021e-08 1.636103554355847805e-05 2.357058206058681833e-05
1.000000100000000021e-05 1.000000100000000021e-05 1.000000100000000021e-05 1.000000100000000021e-05 1.000000100000000021e-05 2.964659929584010986e-05 2.956966747221557131e-05 1.000000100000000021e-05 1.000000100000000021e-05 1.000000100000000021e-05 1.000000100000000021e-05 1.000000100000000021e-05 1.000000100000000021e-05 1.000000100000000021e-05 1.000000100000000021e-05 2.567333002648900290e-05 2.808593838719848133e-05 3.927100537041659914e-05 6.611179322203161518e-05 7.239671507889337235e-05 6.768537552177799341e-05 8.935998792953124179e-05 1.000000000000000021e-08 1.179900987600905802e-05 1.745366985477626206e-05 1.197174820039998973e-05 1.000000000000000021e-08 1.000000000000000021e-08 1.000000000000000021e-08 1.000000000000000021e-08 1.000000000000000021e-08 1.000000000000000021e-08 1.000000000000000021e-08 1.000000000000000021e-08 1.000000000000000021e-08 1.209413458732030568e-05 1.643392914609077902e-05
1.000000100000000021e-05 1.000000100000000021e-05 1.000000100000000021e-05 1.000000100000000021e-05 1.000000100000000021e-05 5.990428779530536970e-05 9.077919325711921675e-05 4.579973554187352272e-05 3.979229961903624088e-05 4.755739039419817546e-05 2.223925342804737866e-05 1.000000100000000021e-05 1.000000100000000021e-05 1.000000000000000021e-08 1.094445834620581999e-05 1.497579876756336682e-05 2.755321411219014815e-05 2.861083723925034972e-05 3.187247053018137582e-05 2.496372461195283581e-05 1.000000000000000021e-08 1.000000000000000021e-08 1.882951095940013872e-05 3.947978583800479575e-05 5.739962695469860341e-05 7.591387390795910340e-05 9.068819550134835572e-05 5.934138778525247676e-05 3.155126972480775906e-05 3.105987335536305414e-05 1.000000000000000021e-08 1.000000000000000021e-08 1.000000000000000021e-08 2.427494166445376468e-05 2.137749443567677691e-05 6.687779491514351930e-05 2.025840576743841932e-05
1.000000100000000021e-05 1.000000100000000021e-05 1.000000100000000021e-05 1.000000100000000021e-05 1.000000100000000021e-05 4.358438288184733199e-04 2.402360821178142931e-03 1.312297568727222518e-04 7.606232856369725013e-05 2.586893519157350065e-05 1.000000000000000021e-08 1.000000000000000021e-08 1.151387084398343680e-05 2.012719053856550837e-05 2.743220819983237536e-05 3.417016398487072619e-05 4.228741068306827181e-05 4.170093324135119910e-05 1.000000000000000021e-08 1.000000000000000021e-08 1.000000000000000021e-08 1.019738398467715997e-05 1.027627674718395587e-05 1.739231432396790442e-05 2.454855545364648009e-05 2.942539431142211353e-05 3.788877664281113173e-05 7.171206193753948226e-05 6.582089406533327299e-05 5.354180222090098342e-05 1.000000000000000021e-08 1.000000000000000021e-08 1.000000000000000021e-08 1.206468714566899829e-04 2.270813966091412433e-04 4.943676201848831633e-04 2.041441670354059493e-05
1.000000100000000021e-05 1.000000100000000021e-05 1.000000100000000021e-05 1.000000100000000021e-05 1.000000100000000021e-05 5.286431636969398523e-03 4.126421018209278937e-04 2.894518606343665588e-05 2.271709965573295525e-05 1.008375019423348747e-05 1.119510263246913004e-05 1.000000000000000021e-08 2.353100393061108447e-05 3.165578550592211527e-05 3.667921015963312363e-05 4.769647922669754904e-05 6.053466224524634611e-05 5.688586606525142426e-05 1.000000000000000021e-08 1.000000000000000021e-08 1.000000000000000021e-08 1.000000000000000021e-08 1.000000000000000021e-08 1.485184221829059274e-05 1.566417572745464962e-05 1.778727743971648902e-05 2.342434173099962921e-05 2.891338606138658347e-05 8.345901247050539718e-05 1.811580376417708065e-04 1.297897954017278809e-04 1.000000000000000021e-08 1.000000000000000021e-08 9.309646184287990284e-05 1.127432137957749489e-04 1.390194975150144748e-04 1.591143921746381907e-04
1.000000100000000021e-05 1.000000100000000021e-05 1.000000100000000021e-05 1.000000100000000021e-05 1.000000100000000021e-05 8.926918337978215125e-04 1.323301809720260223e-04 3.123578106143230256e-05 1.086651614831616075e-05 1.707919874136552127e-05 1.000000000000000021e-08 1.470826165794808270e-05 2.063162800231613440e-05 3.203363550264509907e-05 3.795335609508063536e-05 1.000000000000000021e-08 1.000000000000000021e-08 1.000000000000000021e-08 1.000000000000000021e-08 1.000000000000000021e-08 1.000000000000000021e-08 1.000000000000000021e-08 1.264126260143618614e-05 1.000000000000000021e-08 1.000000000000000021e-08 1.000000000000000021e-08 1.000000000000000021e-08 1.000000000000000021e-08 2.192623641335865670e-05 3.856816692147754284e-05 1.000000000000000021e-08 1.000000000000000021e-08 3.380031564687739821e-05 3.004620255299861832e-05 3.450247933802732170e-05 2.828841662312153135e-05 6.334797381551275414e-05
1.000000100000000021e-05 1.000000100000000021e-05 1.000000100000000021e-05 1.046717446493362940e-05 9.164551261048940983e-05 8.552016854345162065e-04 2.231927130303678971e-05 1.880175041279564201e-05 1.941912628135367868e-05 1.994662557441449343e-05 1.051534771805527189e-05 1.762131314251841189e-05 2.923955612120307607e-05 3.837728615376226126e-05 1.000000000000000021e-08 1.000000000000000021e-08 1.000000000000000021e-08 1.000000000000000021e-08 1.000000000000000021e-08 1.000000000000000021e-08 1.665605740066997270e-05 1.000000000000000021e-08 1.000000000000000021e-08 1.443165806628082569e-05 1.382311331216967664e-05 1.000000000000000021e-08 1.000000000000000021e-08 1.000000000000000021e-08 1.000000000000000021e-08 1.000000000000000021e-08 1.000000000000000021e-08 1.665862918712370932e-05 1.000000000000000021e-08 1.000000000000000021e-08 1.000000000000000021e-08 3.079792599772246712e-05 3.189312665935884454e-05
1.000000100000000021e-05 1.000000100000000021e-05 1.000000000000000021e-08 1.778705554321505119e-05 1.714420435499834465e-04 9.078795196193542713e-04 2.732866373633162306e-05 1.960420874158334874e-05 1.000000000000000021e-08 1.000000000000000021e-08 1.383476876606175343e-05 2.543146515565716741e-05 3.548062658985305472e-05 4.311627856765580497e-05 1.000000000000000021e-08 1.000000000000000021e-08 1.000000000000000021e-08 1.000000000000000021e-08 1.000000000000000021e-08 1.355853476994363377e-05 2.470883278547207041e-05 1.000000000000000021e-08 1.000000000000000021e-08 1.000000000000000021e-08 1.000000000000000021e-08 1.000000000000000021e-08 1.000000000000000021e-08 1.000000000000000021e-08 1.000000000000000021e-08 1.000000000000000021e-08 1.000000000000000021e-08 1.000000000000000021e-08 1.000000000000000021e-08 1.000000000000000021e-08 1.000000000000000021e-08 1.000000000000000021e-08 3.405741689908707310e-05
1.216964992119896090e-05 1.649794072097617535e-05 1.000000000000000021e-08 1.000000000000000021e-08 8.808315117225159205e-04 1.299594017194311132e-03 3.491307077945574473e-05 2.099484230777155170e-05 1.000000000000000021e-08 1.000000000000000021e-08 1.000000000000000021e-08 2.554423562201596571e-05 1.000000000000000021e-08 1.000000000000000021e-08 1.064605542873349169e-05 1.403061565557388569e-05 1.000000000000000021e-08 1.000000000000000021e-08 1.000000000000000021e-08 1.676110758509389382e-05 3.250903118391108143e-05 1.000000000000000021e-08 1.000000000000000021e-08 1.000000000000000021e-08 1.000000000000000021e-08 1.000000000000000021e-08 1.000000000000000021e-08 1.000000000000000021e-08 1.000000000000000021e-08 1.000000000000000021e-08 1.234157680037742374e-05 1.000000000000000021e-08 1.000000000000000021e-08 1.000000000000000021e-08 1.000000000000000021e-08 1.000000000000000021e-08 3.663942846701576610e-05
1.827418939263008657e-03 2.415251440616135361e-03 1.780182430725707216e-03 1.330380073911946156e-03 7.534617995741323560e-04 1.114031948238640738e-03 1.054067827735868457e-03 1.154993019263250465e-04 7.767943984864853759e-05 5.048034017643496517e-05 1.000000000000000021e-08 2.740789313342880721e-05 1.000000000000000021e-08 1.000000000000000021e-08 1.000000000000000021e-08 1.000000000000000021e-08 1.000000000000000021e-08 1.000000000000000021e-08 1.000000000000000021e-08 1.786290679574877277e-05 3.399371782076291088e-05 2.677452471252261585e-05 2.100563482325134253e-05 1.000000000000000021e-08 1.000000000000000021e-08 1.000000000000000021e-08 1.000000000000000021e-08 1.000000000000000021e-08 1.000000000000000021e-08 1.000000000000000021e-08 1.000000000000000021e-08 1.000000000000000021e-08 1.000000000000000021e-08 1.000000000000000021e-08 1.000000000000000021e-08 1.000000000000000021e-08 1.000000000000000021e-08
