output/water_depth_3480.asc
ncols 223
nrows 158
xllcorner 0.0
yllcorner 0.0
cellsize 30.0
[rows 34 to 50 of 158, columns 111 to 147 of 223]
2.758173051645403239e-05 1.000000000000000021e-08 1.000000000000000021e-08 2.040738923142419077e-05 5.919571961903716853e-05 1.482723758641369804e-04 1.040824799468821339e-04 6.028984485154564778e-05 5.437317252996439821e-05 3.047870368216203454e-04 2.462803595112426957e-04 2.174608094802004212e-04 1.192619783387996034e-04 2.026787236491880712e-04 1.287053928816837412e-05 6.858022556832256270e-05 1.000000000000000021e-08 1.000000000000000021e-08 1.000000000000000021e-08 1.256996341886911086e-05 1.000000000000000021e-08 1.503284294637434793e-05 8.605964486552217100e-05 2.056135656421889831e-04 1.674504286153616860e-05 1.000000000000000021e-08 1.000000000000000021e-08 4.697044236884107861e-04 3.918852506688895281e-03 1.331204788571888065e-02 2.619683979809194971e-02 4.712126928618844829e-02 2.157480110240176524e-02 5.856350658267817148e-05 1.000000000000000021e-08 1.000000000000000021e-08 1.000000000000000021e-08
3.037459903798366053e-05 1.895694935896080497e-05 2.525248311953212676e-05 5.173884029453247444e-05 4.248974656944686727e-05 3.462228386220608800e-05 1.000000000000000021e-08 1.000000000000000021e-08 1.000000000000000021e-08 2.550340431954852319e-04 3.253588677585805247e-04 4.174362471606381806e-04 6.991597903902359865e-04 6.665515076723750945e-04 8.203765587897739403e-04 9.583972537859706110e-05 7.122264663338434695e-05 1.000000000000000021e-08 1.000000000000000021e-08 1.690013409641754426e-05 1.350040595597782251e-05 2.869884592018172680e-05 4.288152420110241019e-04 8.465222101148566630e-04 3.937144807870641646e-04 4.162998849369321433e-05 6.974360068656032009e-05 4.623955570596392957e-04 1.554077070301178136e-03 2.477189749161307769e-02 4.417912001268888694e-02 3.277425593877382470e-02 1.529142397064159678e-02 4.726815142769530913e-05 1.653039636935582077e-05 1.000000000000000021e-08 1.000000000000000021e-08
6.931142995174179933e-05 6.416013086900615209e-05 7.915551860809097071e-05 1.000000000000000021e-08 3.550009953741178962e-05 1.000000000000000021e-08 1.000000000000000021e-08 1.107370059814310728e-05 1.000000000000000021e-08 2.084330541978373817e-04 4.887596649293029979e-05 1.353516752710863611e-04 2.015818914098169395e-04 4.284830110231051281e-04 1.033973450768438298e-03 7.427461779450222901e-04 2.389290240341452817e-04 2.955868622329341656e-03 6.566035014977712227e-04 1.713325540143961594e-03 4.111207193341486778e-04 4.262423779069966084e-02 1.024726625829018023e-01 1.355927046717552431e-01 1.596930574732036701e-01 1.733692595188003338e-01 1.830920323094263613e-01 1.904717644992811043e-01 1.967386849386942305e-01 1.484121736960936355e-01 1.314623178611709076e-01 7.687863772146658059e-02 3.526036491517865745e-02 9.401762050214529723e-03 5.987952128945826888e-05 1.000000000000000021e-08 1.000000000000000021e-08
9.936634770961474635e-05 1.519462271915258446e-04 1.000000000000000021e-08 1.000000000000000021e-08 3.409651599815647515e-05 1.000000000000000021e-08 1.000000000000000021e-08 1.000000000000000021e-08 1.000000000000000021e-08 1.000000000000000021e-08 1.000000000000000021e-08 1.000000000000000021e-08 1.000000000000000021e-08 1.000000000000000021e-08 3.278730789369205137e-05 5.671130222014865831e-04 1.041635197345904115e-03 1.112837900348902093e-01 1.222418570356297723e-01 1.327657710933337898e-01 1.425642077160353682e-01 1.093037485382288287e-01 5.797139032537069331e-02 3.264596655789597790e-02 1.959447000408619938e-02 1.775383529139826222e-02 1.030938132422839701e-02 3.148344517476592361e-03 3.117471554520293529e-03 7.388601492283941585e-02 2.112350266888111117e-01 2.960767039392244726e-01 2.501089260301053718e-01 1.867984566508602007e-01 2.390588398189730181e-04 1.000000000000000021e-08 1.000000000000000021e-08
3.421970312461023941e-03 1.232503683585877818e-03 8.149012569606237143e-04 5.721900323913935854e-04 4.674576875393008897e-05 1.570624138032455024e-05 1.000000000000000021e-08 1.582843021870822329e-04 1.000000000000000021e-08 1.000000000000000021e-08 1.000000000000000021e-08 1.000000000000000021e-08 1.869724253774740063e-05 3.184772998789284183e-05 1.073124521883762768e-05 3.811024550426742041e-02 1.738115116208618915e-01 1.002335477547253023e-01 1.587762322959269728e-04 9.565808966575477235e-05 1.000000000000000021e-08 1.000000000000000021e-08 1.000000000000000021e-08 1.000000000000000021e-08 1.190677656336675328e-05 1.000000000000000021e-08 1.000000000000000021e-08 1.000000000000000021e-08 1.000000000000000021e-08 5.113377593490714694e-05 7.501923957012699307e-04 1.620557701032641776e-03 1.652369688530166136e-01 4.459532107206325979e-01 3.698951544920869861e-01 1.012295725128350618e-04 1.000000000000000021e-08
2.193387071405386579e-02 2.043047309307857717e-02 2.596749650893983782e-02 1.180105552126453801e-02 4.982544569998959699e-03 3.915386276262469364e-03 1.240403858617474160e-03 1.060204642186448904e-03 7.441243376106107792e-04 8.676662436789762045e-04 1.621709290241179005e-03 1.281544752021134513e-03 2.647530102226488061e-02 5.199521506128587656e-02 5.973103333378287916e-02 4.127434169712312917e-02 3.805573816582208391e-02 1.000000000000000021e-08 1.670940100060392335e-05 1.000000000000000021e-08 1.000000000000000021e-08 1.424053945139984818e-05 1.918164341522410958e-05 2.092926484786260708e-05 1.000000000000000021e-08 1.000000000000000021e-08 1.000000000000000021e-08 1.000000000000000021e-08 1.000000000000000021e-08 1.000000000000000021e-08 1.000000000000000021e-08 1.000000000000000021e-08 3.624424196479132313e-05 1.101547759358272852e-04 3.592287210987871182e-01 2.350181896742302157e-01 1.185172921907265559e-01
7.959123822759173747e-04 5.713131490980235833e-04 6.607043741355291336e-03 1.304647456334111569e-02 1.903131067571657911e-02 1.969480598173407870e-02 1.594396331102659534e-02 1.353557574068048157e-02 2.086454332751245047e-02 2.051180908461498406e-02 2.767337378988990806e-02 4.400307278397157934e-02 2.550502592391428250e-02 2.530731462982279203e-02 1.564985841995086520e-04 3.994001318810162576e-05 3.586841901760539242e-05 1.290981409851252666e-05 1.000000000000000021e-08 1.000000000000000021e-08 1.000000000000000021e-08 1.000000000000000021e-08 1.000000000000000021e-08 1.119208565490751598e-05 1.000000000000000021e-08 1.000000000000000021e-08 1.000000000000000021e-08 1.000000000000000021e-08 1.000000000000000021e-08 1.000000000000000021e-08 1.000000000000000021e-08 1.000000000000000021e-08 1.000000000000000021e-08 1.000000000000000021e-08 5.926987404006255305e-05 1.477164695439918685e-01 2.719063467858367500e-01
1.000000000000000021e-08 1.000000000000000021e-08 1.735446877259538395e-05 7.509213689219594850e-05 1.736819007923216134e-04 7.612307025322773081e-05 8.450328338016782972e-03 1.116748899871213702e-02 5.147569731285371944e-03 6.362621763907780510e-03 5.112711312241840708e-03 6.070354195490085085e-03 5.230096291997183753e-05 1.000000000000000021e-08 3.762979317094319290e-05 1.000000000000000021e-08 2.596010536084413929e-05 1.101196867715004380e-05 1.000000000000000021e-08 1.000000000000000021e-08 1.000000000000000021e-08 1.000000000000000021e-08 1.000000000000000021e-08 1.000000000000000021e-08 1.000000000000000021e-08 1.000000000000000021e-08 1.000000000000000021e-08 1.000000000000000021e-08 1.000000000000000021e-08 1.000000000000000021e-08 1.000000000000000021e-08 1.000000000000000021e-08 1.000000000000000021e-08 1.000000000000000021e-08 1.000000000000000021e-08 1.000000000000000021e-08 2.382556226410082118e-05
1.000000000000000021e-08 1.000000000000000021e-08 1.000000000000000021e-08 1.983429424131473432e-05 1.000000000000000021e-08 1.000000000000000021e-08 2.534942183289595961e-05 1.855444052688318983e-05 5.887097907567046678e-04 2.142141165512558270e-03 2.397473531875562482e-03 2.380361768938136363e-03 1.924439196959296363e-05 3.231266020183074341e-05 3.731441403678856673e-05 1.000000000000000021e-08 1.598628680147223910e-05 1.148405766499925116e-05 1.000000000000000021e-08 1.000000000000000021e-08 1.000000000000000021e-08 1.000000000000000021e-08 1.000000000000000021e-08 4.274646963685411853e-05 3.351952156947276006e-05 2.657313881188557128e-05 7.496294461316071361e-05 8.774432243535859697e-05 6.714576823544042680e-05 8.221712260570805924e-05 9.807868889680097845e-05 1.270950305959613947e-04 1.155121880877188596e-05 1.619648689650955952e-05 2.501812398739981151e-05 2.896740384402785533e-05 2.426874437228212112e-05
1.932673194682281418e-05 1.000000000000000021e-08 1.000000000000000021e-08 1.000000000000000021e-08 1.000000000000000021e-08 1.866306031119511892e-05 1.000000000000000021e-08 1.000000000000000021e-08 1.805176000046723609e-03 2.622883550894710824e-03 2.294663816368890195e-03 7.107503588573292792e-04 1.566721483028183360e-05 2.401117844446735712e-05 3.459097875248311253e-05 3.727256797659104376e-05 1.176036218004803493e-05 1.000000000000000021e-08 1.000000000000000021e-08 1.000000000000000021e-08 1.000000000000000021e-08 1.000000000000000021e-08 1.000000000000000021e-08 8.747752320812946653e-05 1.406149241096196160e-04 1.692011235252640548e-04 1.394139251408086212e-04 9.304433787309039877e-05 1.090834358012357687e-04 8.559963602338468026e-05 8.766778092590575479e-05 8.429166814220345261e-05 1.224821361471632969e-04 1.085680748643785121e-04 9.632739189125947568e-05 1.298050955010284532e-04 1.448930505971324646e-04
1.000000000000000021e-08 1.215057338379304379e-05 1.895382575155809014e-05 2.086360406150642558e-05 1.000000000000000021e-08 1.000000000000000021e-08 1.120444380163581152e-05 3.726122959174504450e-05 6.113160775793938066e-03 4.908381570634953207e-03 4.416411418207564360e-03 2.890263103725202945e-05 1.000000000000000021e-08 1.000000000000000021e-08 1.417676178149218174e-05 3.104215291879885833e-05 8.074564365963434040e-05 7.631250751975397599e-05 1.318709697370025003e-04 1.398174361809817478e-04 1.118446705621848892e-05 1.396517685182671064e-05 1.349687370883057144e-04 1.161659849006927911e-04 9.759922230212311918e-05 8.939189073635102302e-05 8.308499956199058415e-05 6.157882393743750922e-05 1.000000000000000021e-08 1.000000000000000021e-08 2.303186812458950833e-05 3.486256032732063366e-05 1.000000000000000021e-08 1.000000000000000021e-08 1.131674269584262784e-04 1.014385138940980519e-04 1.164724806859163153e-04
3.193380556792723205e-05 3.335170700224274030e-05 1.000000000000000021e-08 1.526391887520183827e-05 3.011048472371809475e-05 4.346298247626738625e-05 1.830206898580280517e-03 1.007101580176201702e-02 9.555639435508654633e-03 2.476035543471675343e-03 2.831899314593932000e-05 1.354259539797638830e-05 1.000000000000000021e-08 1.000000000000000021e-08 1.157192106868865376e-05 2.871927463481517152e-05 7.857167700092627016e-05 6.887860461342363118e-05 4.471200412170003277e-05 3.704266400981366116e-05 3.227688691152984170e-05 2.812293029585428357e-05 2.902033114594396529e-05 2.695649780879845291e-05 2.276653941191408701e-05 2.164456993085615234e-05 2.212362763835145252e-05 1.000000000000000021e-08 1.000000000000000021e-08 1.000000000000000021e-08 1.000000000000000021e-08 2.220234652594920235e-04 5.226057687020571824e-04 8.227717748908701390e-04 1.302250877698738147e-03 1.021813148051229367e-03 9.103889954255783758e-04
7.194764128917202791e-05 7.812851632839149516e-05 6.767543787301993886e-05 1.470889083420827068e-03 5.839737283008671412e-03 7.694846923385294420e-03 9.016113088185040078e-03 9.290884511016252872e-03 1.104934185053198231e-04 1.000000000000000021e-08 2.576410570717744324e-05 1.720063941798027912e-05 5.668758385056696115e-05 1.800126150422160876e-04 1.000000000000000021e-08 6.787086469627816136e-05 7.395185912454281215e-05 1.090978640644349272e-04 8.605279240277032124e-05 7.856908034044043584e-05 6.579154028375123087e-05 6.676153113729577288e-05 7.399429342921328334e-05 6.846580894628855214e-05 6.572495405518291502e-05 8.501412900373862293e-05 1.094453810291178101e-04 2.151260115809839474e-04 2.259228904166306828e-04 2.398185471821026745e-04 2.678953435179513577e-05 1.089890445941800565e-04 1.113236945902005193e-04 2.979940752005918406e-04 2.856729812501140387e-04 8.487503859434638231e-04 9.566453000696158561e-04
4.962351774584652757e-03 2.955602886613568035e-03 4.106775330518869227e-03 7.374239563199315624e-03 5.008599077344438009e-03 3.292872430770704337e-03 3.569005772944074725e-03 2.860337435561282802e-04 1.145720919031596770e-05 2.050275399738332933e-05 3.881076081507770951e-05 3.010127224441524584e-05 4.480352877035111771e-05 6.568676478125672318e-05 7.349196262917673369e-05 6.345521660732155150e-05 8.235030709586277332e-05 1.786705947716388633e-04 1.787163104030843001e-04 1.192224290072094818e-04 8.831986996507794200e-05 8.760133096168931893e-05 2.565307613393889177e-05 7.726104757404332851e-05 9.865326480637098263e-05 1.428610369379329774e-04 2.061314019994411905e-04 1.662159050251586767e-04 2.776820048690855107e-04 3.220417872787345701e-04 5.067306348315019776e-04 4.334197826980373423e-04 6.607734967297462271e-04 5.493502990447836094e-04 8.411750976099168896e-04 6.892330643034410773e-04 8.829159697127311876e-04
3.466720029240629841e-03 8.126338703355758496e-04 2.585256366760613276e-04 4.201059977140753554e-04 3.569730196688061200e-05 8.611372922782433207e-05 1.351879686330267254e-04 3.021107308588246517e-04 1.308005431547085451e-05 1.405592132951575004e-05 6.870654299226596699e-05 3.961463258802795737e-05 2.987938580024392083e-05 3.770390613613799457e-05 7.331963035936287301e-05 4.095185852742406709e-05 1.000000000000000021e-08 2.322839665278964667e-04 5.256628205054713829e-04 6.768228974927929667e-04 4.360373927870649308e-04 3.626152912003070285e-04 2.598629903564977917e-04 5.706758686432246040e-04 7.612266953927183900e-04 6.093116131163925841e-04 4.292402766255622496e-04 5.189409691807974267e-04 4.723431270712389078e-04 4.432853956969771058e-04 4.300507022993983416e-04 4.988931482467568118e-04 4.490765413384643109e-04 3.883388334332825193e-04 2.212667211373081449e-04 1.643837226953079908e-04 5.267997306969240782e-04
3.438308807625538793e-05 1.000000000000000021e-08 1.000000000000000021e-08 1.000000000000000021e-08 3.218794483258008264e-05 5.292084302834980061e-05 9.066538617354946423e-05 1.773156908196488733e-04 1.390366416848922489e-04 1.000000000000000021e-08 6.287465228602023598e-05 1.000000000000000021e-08 1.000000000000000021e-08 3.076986929398175125e-05 1.405805251977133754e-04 1.035027086836586616e-05 1.575617563178877850e-05 4.360140978776538747e-04 5.036399227150274932e-04 5.552510917557359170e-04 8.361052952591371996e-04 9.153941817358754104e-04 9.921196017851090145e-04 6.589632865110705510e-04 4.381058988934063720e-04 3.681254451723118317e-05 3.178589028680756096e-05 2.009487915811079749e-05 3.652677877953105243e-05 4.911385835259767375e-05 4.130468735810748716e-05 2.597881094580986182e-04 3.409153888698028930e-05 4.270239752304813525e-05 7.260734372553370394e-05 7.503527385406639290e-05 1.135863531722972270e-03
8.741323202598909119e-05 1.000000000000000021e-08 3.944565475427166035e-05 8.205785914966048998e-05 1.000000000000000021e-08 4.621793884270246832e-05 7.201929328256133898e-05 8.362217284624853765e-05 8.577125904783143324e-05 1.000000000000000021e-08 7.710790597971512339e-05 1.000000000000000021e-08 1.000000000000000021e-08 2.570144649778045940e-04 3.545909621527484294e-04 5.533379221190963494e-04 7.273206423529714280e-04 6.133015078946306648e-04 4.721053288719976215e-04 3.473700518239133820e-04 2.565885266662800221e-05 1.000000000000000021e-08 1.000000000000000021e-08 1.039998220037440145e-05 1.000000000000000021e-08 5.477630026368002767e-05 6.957848460825378438e-05 1.000000000000000021e-08 2.415567245720020911e-05 2.602590367787473413e-05 5.146530949885020972e-05 8.657059301969599109e-05 1.461301915672744253e-04 2.589619937953582243e-04 4.611000470056243142e-04 6.415857663042620878e-04 3.711866002767209068e-03
