output/water_depth_8520.asc
ncols 223
nrows 158
xllcorner 0.0
yllcorner 0.0
cellsize 30.0
[rows 85 to 101 of 158, columns 74 to 110 of 223]
1.000000000000000021e-08 1.000000000000000021e-08 1.000000000000000021e-08 1.000000000000000021e-08 1.000000000000000021e-08 1.000000000000000021e-08 1.000000000000000021e-08 1.000000000000000021e-08 1.000000000000000021e-08 1.000000000000000021e-08 1.000000000000000021e-08 1.000000000000000021e-08 1.000000000000000021e-08 1.593525710703977251e-05 1.000000000000000021e-08 1.000000000000000021e-08 1.000000000000000021e-08 1.957623825138342876e-05 1.000000000000000021e-08 1.000000000000000021e-08 1.000000000000000021e-08 1.000000000000000021e-08 1.000000000000000021e-08 1.064666483412486386e-05 1.000000000000000021e-08 1.000000000000000021e-08 1.000000000000000021e-08 1.354980267644908610e-04 1.000000000000000021e-08 1.385359089104029665e-05 1.000000000000000021e-08 3.577935125425361310e-05 2.682206068743780723e-05 4.088489436726593286e-05 2.972818552998980263e-05 5.280538891202587624e-04 3.376540801973511774e-05
3.532213557779343739e-04 2.130191129974264602e-05 1.830293074581732047e-04 1.000000000000000021e-08 1.000000000000000021e-08 1.000000000000000021e-08 1.000000000000000021e-08 1.000000000000000021e-08 1.000000000000000021e-08 1.000000000000000021e-08 1.000000000000000021e-08 1.000000000000000021e-08 1.000000000000000021e-08 1.193604159940359973e-05 1.013170081125069930e-05 1.000000000000000021e-08 2.663209253811149683e-05 6.050177526438308155e-05 1.171432460524096208e-04 1.662626219194407527e-04 1.788271136737785072e-04 1.000000000000000021e-08 1.000000000000000021e-08 1.000000000000000021e-08 1.000000000000000021e-08 1.000000000000000021e-08 1.000000000000000021e-08 1.000000000000000021e-08 3.209718747277687343e-05 1.000000000000000021e-08 1.000000000000000021e-08 1.085406290302556492e-05 3.161371733194278462e-05 2.202144001792338151e-05 4.348912536828888713e-05 3.605642824408961908e-05 4.977466340402058237e-05
2.361976583199073784e-05 1.702943740287196780e-05 3.335745085136514497e-05 2.397407196357774061e-04 1.880570237015373068e-04 1.564559551536348744e-04 1.224580310573520421e-04 7.874241802912513579e-05 1.000000000000000021e-08 1.000000000000000021e-08 1.000000000000000021e-08 1.000000000000000021e-08 1.000000000000000021e-08 1.000000000000000021e-08 1.168159385565885393e-05 1.288493273635783524e-05 1.000000000000000021e-08 1.000000000000000021e-08 7.818318518448133590e-05 1.133323495368692753e-04 2.440737049908347860e-04 2.302005694979929922e-04 1.000000000000000021e-08 1.000000000000000021e-08 1.000000000000000021e-08 1.000000000000000021e-08 1.000000000000000021e-08 1.000000000000000021e-08 3.522321764225472100e-05 6.570691322110492174e-05 8.771785810693635203e-05 1.000000000000000021e-08 2.535478682704741317e-05 6.818891103883953407e-05 3.401868296555891555e-05 1.085249394151966264e-04 1.645175644219578991e-05
1.625425041976231359e-04 1.371744578648694977e-04 1.195764234276377823e-04 3.471989557901626784e-04 4.656347160006818475e-04 6.028174403115465129e-04 4.946074110337880499e-04 3.689256388556099971e-04 3.814212322611640837e-04 2.781412029931902151e-04 3.106963022436146928e-04 2.554686449093730434e-04 2.149092782810230065e-04 1.596298625567699593e-04 1.186727471297025654e-04 1.000000000000000021e-08 1.485501364612806188e-05 1.422407338765614902e-05 1.123005325112221215e-04 2.644521164128997548e-04 2.188332134712849572e-04 3.329640430389634444e-04 2.782545002177138987e-04 1.346591586474447900e-04 6.554656710615801242e-05 4.434473657731907053e-05 4.645684321313043333e-05 4.152699758308227746e-05 4.631448225249632292e-05 5.202823330605980528e-05 1.427121735354802549e-04 2.496433795409184098e-04 2.116923307507337728e-04 2.027422629444851734e-04 4.370292375320939489e-04 5.376287780999963370e-05 1.088941260121302598e-04
6.699006755860093020e-04 4.901739010555279316e-04 3.796330994221395637e-04 2.264452166597851152e-04 3.208972030046039047e-04 2.384079552547504327e-04 4.925399344579580157e-04 6.754943220386670083e-04 4.503178022407317363e-04 6.118348111648286769e-04 6.575704371771073486e-04 7.583254130664516092e-04 8.469985012071424776e-04 9.389674645334361016e-04 1.003507664297853758e-03 7.601192281991583184e-04 4.975202903031696261e-04 3.766227335766694751e-04 2.726067545591423806e-04 2.627044217725631615e-04 4.057391824134489421e-04 4.724000967502894649e-04 5.417013604133271223e-04 6.277705141951823520e-04 7.339413480793956007e-04 9.311537059238945285e-04 1.096489783616740694e-03 8.701758703674876590e-04 8.309840912980507688e-05 7.797819374822824033e-05 1.425619227780632395e-03 1.843719754028977885e-03 1.298569488618239037e-03 9.035487594036948787e-04 6.967537127593965767e-04 1.006484341426882868e-04 6.430255827901227509e-05
1.450956611581751161e-04 4.687133146270586149e-04 5.304155007176545233e-04 5.152417665224884357e-04 2.667945808590178338e-04 1.736155550810952752e-04 1.054824803473909092e-04 6.917617370045814069e-05 3.524974057745339381e-04 1.661868124078479147e-04 1.001399172186197387e-04 6.292838332567319637e-05 2.778100663534749452e-05 1.994236673834249364e-05 7.193454097774593656e-05 5.604303429050219764e-04 9.164388875194535425e-04 6.670256682203929907e-04 4.522638542898915976e-04 2.386809862989082529e-04 1.578935163434609765e-04 9.814979002231492649e-05 7.783510854936555735e-05 1.000000000000000021e-08 4.343963702328786764e-04 3.054183224795353800e-04 2.599381861843155003e-04 8.399338085041581099e-04 1.252300131511022586e-03 1.381244245032660833e-03 9.289914889343142560e-04 7.473380518745561434e-04 1.106707639542574458e-03 2.051505692033979563e-04 2.537761676862673689e-04 1.083638697134048671e-03 1.670204882235952427e-04
7.148696494704369602e-05 6.861444245117192294e-05 1.031304962955879157e-04 1.263326266345078154e-04 2.119388702795105143e-04 2.130271611916250351e-04 1.789733732996031930e-04 1.736172966456556459e-04 3.026054200864394372e-04 2.919804216602122325e-04 1.574312770269206742e-05 1.000000000000000021e-08 1.000000000000000021e-08 1.000000000000000021e-08 1.000000000000000021e-08 1.390520966066675233e-05 2.519355754878631193e-05 3.170999230395036032e-04 4.084101381940118721e-05 4.537816729522418756e-05 5.591296195068185313e-05 4.548120542572927727e-05 5.486178479012872501e-05 4.093345465599478755e-05 5.309540836104767361e-05 1.000000000000000021e-08 1.000000000000000021e-08 3.770161386635948852e-05 1.000000000000000021e-08 4.563769980800813604e-05 3.920474877106643031e-05 3.658146613875251689e-05 6.989634495719593407e-04 1.109284142211254098e-04 6.812574008738885543e-04 1.686541397791113694e-04 2.678588605725890971e-04
2.914295756376072941e-05 2.451383303818011777e-05 1.830669952955242798e-05 1.277851426624331572e-05 1.597129678116166330e-04 2.910137559897682503e-04 4.144774904803829891e-04 5.046315552853112901e-04 6.361261815160149883e-04 4.927509599763355355e-04 3.254883833111398120e-05 2.156429063580480281e-05 1.000000000000000021e-08 1.000000000000000021e-08 1.000000000000000021e-08 3.935567057744169070e-05 3.608106776012351684e-05 2.659736534929505857e-04 4.877374245560339066e-04 5.257560532495930477e-04 5.620331883467296827e-04 4.543640359031887494e-04 3.084175568682363225e-04 2.179992754080360283e-04 1.426859691525920613e-04 1.000000000000000021e-08 1.000000000000000021e-08 4.715340025059732142e-05 5.383505101409793666e-05 4.124598165800231120e-05 4.520992573694796195e-05 1.000000000000000021e-08 5.242410732871273949e-04 1.389778211007787565e-03 1.149016318060308659e-03 1.516027574116963258e-04 2.192696572649926122e-04
1.487160613614069669e-05 1.979971896319434981e-05 1.000000000000000021e-08 1.000000000000000021e-08 1.000000000000000021e-08 3.283985976716965126e-05 2.285213567613605419e-05 1.956552980589477991e-05 5.449418444678086408e-05 3.979389054332149191e-04 9.132122968319358186e-05 3.436194835298063681e-05 2.887009723782438665e-05 1.000000000000000021e-08 1.187906220629463938e-05 1.132536244469311155e-04 4.926462010156524462e-05 3.918244071910367967e-05 5.035477217943898099e-05 4.074372721832564384e-05 1.958527416933736912e-05 1.349875443200565712e-04 1.719820393185369459e-04 2.972489864897565385e-04 3.131231271777204527e-04 2.310537884246218658e-04 1.537735331256371489e-04 8.126648117599979222e-05 5.319272374867117109e-05 6.043842939404539869e-05 6.238941061075079257e-05 6.289496429892021229e-05 5.215242834066287749e-04 4.056055972293540961e-04 1.345115545498747111e-03 1.449901009013238040e-03 9.443839220765877463e-04
1.113217278818336641e-05 1.703913423136707383e-05 1.000000000000000021e-08 1.000000000000000021e-08 1.000000000000000021e-08 1.000000000000000021e-08 1.000000000000000021e-08 1.000000000000000021e-08 1.000000000000000021e-08 2.275598506782573088e-04 2.202735126800937958e-04 7.732014982658519170e-05 7.323503186626173370e-04 5.408928539351967081e-04 4.772480746830839852e-04 2.751617516257176695e-04 1.000000000000000021e-08 1.000000000000000021e-08 1.000000000000000021e-08 1.000000000000000021e-08 1.950318587323214271e-05 3.616516817818870471e-05 4.306086175538693646e-05 1.698021105442072633e-04 1.705790489179732295e-05 2.070058794679766084e-05 1.000000000000000021e-08 1.000000000000000021e-08 1.000000000000000021e-08 3.421450643412928032e-05 7.503007472562467307e-05 1.250174591572150696e-04 2.057863276143695637e-04 1.832089653879119431e-04 1.666328988545641844e-04 1.208302675882883372e-03 1.435946547992329693e-03
1.000000000000000021e-08 1.347416934484234659e-05 1.000000000000000021e-08 1.000000000000000021e-08 1.000000000000000021e-08 1.000000000000000021e-08 1.000000000000000021e-08 1.000000000000000021e-08 1.000000000000000021e-08 1.000000000000000021e-08 1.160375779916593902e-04 1.543177160765087509e-04 1.105009933140960583e-04 6.493568595286652780e-04 6.194159154610018227e-04 4.599365144946067851e-04 2.505355494235223565e-05 1.000000000000000021e-08 1.027509164149027681e-05 1.223226777338274757e-05 1.742919791948975583e-05 1.367490408187082442e-05 1.000000000000000021e-08 1.000000000000000021e-08 1.000000000000000021e-08 1.000000000000000021e-08 1.000000000000000021e-08 1.000000000000000021e-08 1.000000000000000021e-08 2.081639867068309048e-05 5.709234255948430001e-05 6.432742256319393147e-05 5.039146905558559064e-05 8.911142163606068189e-05 7.685408569557882700e-05 1.798134819099631281e-04 7.296530287757229359e-04
1.000000000000000021e-08 1.000000000000000021e-08 1.000000000000000021e-08 1.000000000000000021e-08 1.977482735860531970e-05 2.928606440358558734e-05 4.820859899223214049e-05 3.342213802421275902e-05 2.463528161591175322e-05 1.000000000000000021e-08 1.000000000000000021e-08 1.114739411215298433e-05 1.103293609621165610e-05 1.493083457782326331e-05 2.198388073184844008e-05 4.515384710399798340e-05 2.142452186905962778e-05 1.803988836502377357e-05 1.000000000000000021e-08 1.000000000000000021e-08 1.000000000000000021e-08 1.000000000000000021e-08 1.000000000000000021e-08 1.000000000000000021e-08 1.000000000000000021e-08 1.000000000000000021e-08 1.000000000000000021e-08 1.000000000000000021e-08 1.000000000000000021e-08 1.384123891803730637e-05 1.000000000000000021e-08 1.000000000000000021e-08 3.910982426579154102e-05 2.786453648052682143e-05 5.284131878985032319e-05 1.158955945771078321e-04 5.334606010131881293e-05
1.000000000000000021e-08 1.000000000000000021e-08 1.000000000000000021e-08 1.303982389106943936e-05 1.453375604597917706e-05 2.219438360385365291e-05 2.792253164019059205e-05 5.140001972223250988e-05 4.057710763036623649e-05 3.280530675178561586e-05 2.434977675485333270e-05 2.334007581431315071e-05 1.933999309748717880e-05 2.461731946393386119e-05 3.177645332502439853e-05 2.345704746330562045e-05 3.777207946745426775e-05 1.702402053460078536e-05 1.000000000000000021e-08 1.000000000000000021e-08 1.000000000000000021e-08 1.000000000000000021e-08 1.000000000000000021e-08 1.062080521164475341e-05 1.291396027121735535e-05 1.000000000000000021e-08 1.000000000000000021e-08 1.000000000000000021e-08 1.000000000000000021e-08 2.506225945288600624e-05 2.636906754027161474e-05 1.000000000000000021e-08 1.000000000000000021e-08 1.887417805167967169e-05 5.537239868694193110e-05 1.000000000000000021e-08 3.354678892659558132e-05
1.000000000000000021e-08 1.000000000000000021e-08 1.000000000000000021e-08 1.000000000000000021e-08 1.305410969178728386e-05 1.273002853885570832e-05 1.529738914906000782e-05 1.199281464054643825e-05 3.554788176681652866e-05 4.862260944657334971e-05 6.865806547887296689e-05 5.065520381798388862e-05 4.727749913482338603e-05 4.637763474896095282e-05 1.000000000000000021e-08 3.922103902658515505e-05 2.347647877712517793e-05 3.408052814884480027e-05 1.039538595239871736e-05 1.000000000000000021e-08 1.000000000000000021e-08 1.000000000000000021e-08 1.000000000000000021e-08 1.000000000000000021e-08 1.462829976117881677e-05 1.000000000000000021e-08 1.712120710858791331e-05 3.378805552605451413e-05 4.421243894678496917e-04 5.763538847164399086e-04 7.118232522312432616e-04 8.418947829962106612e-04 9.717417472478833947e-04 7.051922355263963394e-04 5.286153213786490279e-04 3.737910531632588425e-04 3.874279799045990077e-04
1.290340807167070964e-05 1.000000000000000021e-08 1.164722695404551807e-05 1.000000000000000021e-08 1.000000000000000021e-08 1.000000000000000021e-08 1.000000000000000021e-08 1.000000000000000021e-08 1.000000000000000021e-08 1.000000000000000021e-08 1.323750541388822495e-05 5.989968048869114296e-05 6.172426927079020223e-05 6.196645819308936858e-05 1.000000000000000021e-08 1.000000000000000021e-08 1.975764077536972622e-05 1.641474389572230674e-05 2.255981865064113795e-05 1.834069260967661265e-05 1.000000000000000021e-08 1.000000000000000021e-08 1.000000000000000021e-08 1.000000000000000021e-08 1.000000000000000021e-08 1.000000000000000021e-08 1.616734294635290180e-05 1.802206379049570801e-04 1.701370221646258214e-04 1.795412085737206533e-04 1.672147971061708658e-04 1.671144256415546623e-04 1.172550226325010992e-04 4.852154583952069875e-04 5.434450701956720139e-04 5.712013472025776915e-04 5.156193878474905987e-04
3.064301853042655354e-05 1.000000000000000021e-08 1.000000000000000021e-08 1.000000000000000021e-08 1.000000000000000021e-08 1.000000000000000021e-08 1.000000000000000021e-08 1.000000000000000021e-08 1.000000000000000021e-08 1.000000000000000021e-08 1.000000000000000021e-08 1.000000000000000021e-08 1.000000000000000021e-08 1.000000000000000021e-08 1.000000000000000021e-08 1.000000000000000021e-08 1.000000000000000021e-08 1.000000000000000021e-08 1.000000000000000021e-08 1.000000000000000021e-08 1.000000000000000021e-08 1.000000000000000021e-08 1.143356451448998391e-05 1.396733424997511377e-05 8.382589509648871414e-05 9.382340264787734680e-05 1.202574716345138300e-04 1.158373017545483055e-04 1.034536765749847174e-04 7.923237878330446210e-05 8.289078165209279759e-05 6.805122690511255417e-05 1.000000000000000021e-08 2.698335421247401086e-05 3.292492660384401296e-05 4.814658574960261294e-05 4.781886883038379129e-04
2.673832370358001723e-05 2.488374787563884453e-05 2.587071861532823860e-05 1.000000000000000021e-08 1.000000000000000021e-08 1.000000000000000021e-08 1.000000000000000021e-08 1.000000000000000021e-08 1.000000000000000021e-08 1.000000000000000021e-08 1.000000000000000021e-08 1.000000000000000021e-08 1.000000000000000021e-08 1.000000000000000021e-08 1.000000000000000021e-08 1.000000000000000021e-08 1.000000000000000021e-08 1.000000000000000021e-08 1.000000000000000021e-08 1.000000000000000021e-08 1.000000000000000021e-08 1.000000000000000021e-08 1.213473156986593587e-05 1.661310900874208798e-05 5.921314582797627843e-05 1.031239672499901399e-04 1.315144011617942147e-04 1.476353732790903280e-04 1.000000000000000021e-08 1.000000000000000021e-08 1.000000000000000021e-08 3.491306067589378928e-05 2.916648663920905419e-05 2.150487125206893327e-04 3.373002729658848938e-05 2.507970671932264513e-05 4.775191272128331561e-05
