output/water_depth_1320.asc
ncols 223
nrows 158
xllcorner 0.0
yllcorner 0.0
cellsize 30.0
[rows 51 to 67 of 158, columns 74 to 110 of 223]
4.575307187775434986e-04 2.404108987411933483e-04 5.115325160594472176e-04 1.030923931140118781e-03 8.646866124866263393e-04 7.209494016585428228e-04 6.708543146338505738e-04 7.233878167745091698e-04 8.048909100441900165e-04 6.724069557391524916e-04 5.734568276843525535e-04 5.216450852641048557e-04 8.278035139990005909e-04 7.378103247144434697e-04 1.362917456543263645e-03 1.043564553406181638e-03 3.601368804952672959e-04 2.610610815286344157e-04 3.619737775042362578e-04 1.888115695486871758e-03 2.889861860004752387e-03 6.935749429984670433e-04 5.892217395271230401e-04 1.619197671796896061e-03 2.422600358734611908e-03 1.062276183288394680e-03 8.526898924289809823e-04 1.557987824682306212e-03 1.045080911703560834e-03 7.557674433937969010e-04 7.438961327138162490e-04 4.466916152795271256e-04 9.948404233524864044e-04 2.141195347111954882e-03 6.598828076884792311e-04 1.171987334818516024e-04 2.269641897789360734e-04
2.893671445582898707e-03 4.529651377629697467e-03 5.066624080227727714e-03 6.930686602114577086e-03 4.940658930368576132e-03 3.615949418473571146e-03 3.650376761839298559e-03 2.421068773042619679e-03 2.624503956033788846e-03 2.568164407993830077e-03 8.372942006768889891e-04 6.868599239600315905e-04 7.158714337365056730e-04 1.189226790361686513e-03 1.768479502611408107e-03 3.119482347695317227e-03 9.055856380936237130e-04 3.764196613567374027e-04 6.365285466681424231e-04 1.868423337953936019e-03 2.323039161363162682e-03 9.681740414848355632e-04 1.568546065998355958e-03 1.288603002687588144e-03 2.052234702376259587e-03 7.246277324062830143e-04 6.742206488167471878e-04 7.504500315129315324e-04 5.895733299754910787e-04 7.498051700514671378e-04 6.796606563130939407e-04 6.434392118729337926e-04 5.958822494077898289e-04 5.809897812957680622e-04 1.004927956186274306e-04 1.173216286300851038e-04 1.187896371878647720e-04
3.453144497059137345e-03 2.920690366911112695e-03 2.871957628323020418e-03 1.256741867233557557e-03 3.426622276171209860e-03 3.668311769261572899e-03 4.453680435615443682e-03 4.199967588647333765e-03 2.421714817437758266e-03 2.775185633652614212e-03 1.988043995951470268e-03 1.061226180712789534e-03 1.136795824065991349e-03 1.099855672654950680e-03 1.371271255621890053e-03 1.717287028526454703e-03 2.771505086377797772e-03 1.317522356419382513e-03 5.598747182280738302e-04 2.082151529049565408e-03 2.465999848522812312e-03 2.241860011735220901e-03 5.177039877852031334e-04 2.692979265993006451e-04 4.314548325148030326e-05 1.803152294660040431e-04 1.291560818687647325e-04 4.461446609630655732e-04 5.338389782088375207e-04 5.345513976461735558e-04 5.597624810219092601e-04 1.045698341373355218e-03 4.663941201558386416e-04 1.145527883498240846e-03 4.237429070972649871e-04 8.910824934535158592e-04 5.045960977991498057e-04
1.161336727075993171e-03 1.888781211029710166e-03 1.508213687100570886e-03 2.456688579246634873e-03 2.408567357128377565e-03 3.822027059025492370e-03 3.696961104748032641e-03 3.071023068979590685e-03 3.139706339973851942e-03 1.769706045154259251e-03 1.979072096804285631e-03 2.314916924503176900e-03 2.815508251357193726e-03 1.864629953948966287e-03 1.500655855323976186e-03 2.855820227725215221e-03 2.988865812430531541e-03 1.980380186240425326e-03 2.044496721179603696e-03 1.956855668520684956e-03 2.591131991958733460e-03 1.517463693414825921e-03 1.586330785042955500e-03 6.733100610061080321e-04 6.972330460886195852e-04 3.323285823944597595e-04 4.464180138469081788e-04 7.365311895944222061e-04 4.893837279406040896e-04 5.867147662846745014e-04 7.431773488496335638e-04 2.544179728736654716e-04 5.011488875446980891e-04 8.582104870883634426e-04 3.640681254408943343e-03 3.724443644736312540e-03 1.745738220959330411e-03
9.553494146755898498e-04 6.691427824123696595e-04 1.965392691358368391e-03 1.860715401514061781e-03 3.950286045196074215e-03 3.196530985588699574e-03 3.843479510907323732e-03 5.385661429329162420e-03 3.213055421726720637e-03 4.042840178124287691e-03 3.130944802929172023e-03 2.059400351990328670e-03 2.741524146662922649e-03 1.423846747895277922e-03 2.857538153602077850e-03 1.974686132076659741e-03 1.305720788291174755e-03 1.732092473810121309e-03 1.584661958299830994e-03 2.861450655408778656e-03 2.474639951936907604e-03 2.761952092979848457e-03 1.313948289452772410e-03 1.734694258649722466e-03 9.172912149916446958e-04 1.200847883075158466e-03 1.917153280044669528e-03 3.408744859249376521e-03 1.143931936600110777e-03 9.786741331023766834e-04 1.028384131009434013e-03 8.968964053343575493e-04 8.695891015614400695e-04 7.138186808756441298e-04 1.287068517629890276e-03 2.987735224597981316e-03 3.660770938637244575e-03
3.325966731503532739e-04 9.196100770813304265e-04 1.239930716852979953e-03 2.961881215501440887e-03 3.643744886886145229e-03 5.493371290742316004e-03 4.714845662592770208e-03 3.303751852894785783e-03 4.973014002693671234e-03 3.299470897239645522e-03 3.671315526276597904e-03 4.242502022059490945e-03 2.555716856075005566e-03 3.388584090556897091e-03 2.731698152470101500e-03 1.790929472730147260e-03 2.368449153252064152e-03 1.566363307512933173e-03 3.851426127929108087e-03 3.540103656535093825e-03 5.075212062919365850e-03 4.195278390269119306e-03 4.636137954794922189e-03 2.493428325605036213e-03 2.890869935518868006e-03 2.417081949909248226e-03 3.653236537000312516e-03 3.922387042808088073e-03 1.249748880389064129e-03 1.688252332367644803e-03 5.046866160353436805e-04 6.494234122257186133e-04 4.440505007802777928e-04 1.347906406312545302e-03 7.411103757338751222e-04 1.251560517693607686e-03 4.018705621114365689e-03
1.530286164390817641e-03 1.646724534000863945e-03 2.493812363353256102e-03 3.003264982772937096e-03 3.996254602779261700e-03 3.420767074939668091e-03 5.742346625637126910e-03 4.464424090736730452e-03 3.311084300408593563e-03 4.841042789554717875e-03 4.302063967491287673e-03 4.298117009943504957e-03 4.010557347810816270e-03 2.641429262084636805e-03 4.558301588142504163e-03 4.018373439480466339e-03 2.209538127190015071e-03 4.094034324537194729e-03 3.675917470471668901e-03 4.969879504767828193e-03 4.303892265247910576e-03 5.253385245882901018e-03 3.465538957117490944e-03 3.805747453178885426e-03 3.883046021094896903e-03 2.428192871424086560e-03 2.009038856377531271e-03 3.574632214997948594e-03 3.123683717037949344e-03 2.699008615893758872e-03 1.554450873501931349e-03 1.494047545676781188e-03 1.580931834456797977e-03 1.496756182856922007e-03 1.343195682749048206e-03 3.193993497759199315e-03 3.363913284723091084e-03
1.282887915457208653e-03 2.088600885496610417e-03 2.772217578019592690e-03 3.480309481744697959e-03 2.792253225178078623e-03 5.070748530415865665e-03 4.377662402525029847e-03 5.264071235038495986e-03 5.055262106241097120e-03 4.015958803292501988e-03 4.786914493421983580e-03 5.221511530548264904e-03 3.556547870414256476e-03 4.887309406166983131e-03 3.650950241138833756e-03 4.479930654419408444e-03 3.798155486718628182e-03 2.482598161285139680e-03 6.001678572890231655e-03 5.842014330355949601e-03 4.617765823344676529e-03 6.628991200754157966e-03 4.304030843073495920e-03 5.422856715849239465e-03 7.252787772896961832e-03 2.671683328461159530e-03 3.886071632191754298e-03 5.168288332834361683e-03 4.126740520413552799e-03 3.150857018117152707e-03 3.890012033831497917e-03 1.941685724380815816e-03 3.332837652315411708e-03 1.810277516440633207e-03 2.979419585724345839e-03 3.175575559683784053e-03 3.377994204818125182e-03
3.717363756326709599e-03 3.531212174902066941e-03 4.630941315922073621e-03 8.578402530495939440e-03 8.817109589602578623e-03 6.551329168455860205e-03 2.078562022827287054e-02 1.420489729120602736e-02 1.078348916207429176e-02 9.650276204051353238e-03 7.152850528441508093e-03 5.509740447806234752e-03 6.519253433676680531e-03 4.491290098227818453e-03 6.282561904769553424e-03 4.760923127206970890e-03 5.519863665233763761e-03 5.138680462091380421e-03 1.924729706160818211e-03 3.726736266366706494e-03 6.393385467524584712e-03 4.038605893427157575e-03 6.117194743901063422e-03 4.543199583614031603e-03 5.720502269587316585e-03 5.870399232170499075e-03 3.728456410471132562e-03 5.997973162614122014e-03 5.868784489365069454e-03 3.263249699948837790e-03 3.345725557846425217e-03 2.463858130515090682e-03 1.966519164938087833e-03 3.653413881957508647e-03 2.860357946100377299e-03 1.804237150790841387e-03 3.100219478989184232e-03
6.707834587692965665e-03 7.265120558613747184e-03 1.050722648126446376e-02 2.003177285508443706e-02 3.254379739459258014e-02 4.387350232825482782e-02 4.011766237091154291e-02 5.471134590268108416e-02 3.183454923695468175e-02 3.814997074382267539e-02 3.979501366421576980e-02 4.039216805707700197e-02 2.198685184573736032e-02 1.482437601970907314e-02 1.173788648889874386e-02 1.049172301667241659e-02 8.927095144955789902e-03 5.721753504657481164e-03 5.283281155646650865e-03 3.544982821845737205e-03 5.321347334817969933e-03 5.326438775447975109e-03 4.765108054204322124e-03 7.442955688716597004e-03 6.996256275760015693e-03 5.447678621738634604e-03 6.725952603307111186e-03 5.198313818535983330e-03 7.345825355874632118e-03 5.152018100912851388e-03 3.733623101644230075e-03 2.696675861613719548e-03 3.866361490366286655e-03 2.838253091542107878e-03 5.022025561790372308e-03 3.802924932890601201e-03 3.240589762921264241e-03
7.230310763460060137e-03 1.349934940548020920e-02 1.586412843164099543e-02 1.114434339802951486e-02 5.077156716106504160e-03 4.602635419381589238e-03 3.321298876678184780e-03 2.751817320877285398e-03 3.530620088934206813e-02 3.831535060711413476e-02 3.542498283119032559e-02 3.333143841646901695e-02 5.703199297742813506e-02 5.133187089863835983e-02 2.992550493655758703e-02 1.805627809040468226e-02 1.294539446380823210e-02 9.602126114776515439e-03 7.183011125090929365e-03 7.966989484044510045e-03 5.789342643771473035e-03 5.210783081529729230e-03 5.386803401456600505e-03 5.958076620415826002e-03 4.739846989007073103e-03 7.150785087800554801e-03 5.987828194886473006e-03 6.256712697668318293e-03 5.706264828538786145e-03 7.025033355046591058e-03 6.285602858257594711e-03 6.604940558289883190e-03 3.574958794981437059e-03 5.668267283014134100e-03 5.166406805087108214e-03 3.987237722889593917e-03 5.659872554825881238e-03
2.774575366205882503e-03 2.994662676347915539e-03 4.367325601157637585e-03 2.451597693440455902e-03 4.494147657556101134e-03 1.902215358268626207e-03 1.893223416963056831e-03 1.408357387435362493e-03 8.982913125628567367e-04 4.846102237236997326e-04 6.283851060474107512e-03 8.058164210171627970e-03 3.661858781365695710e-03 1.169920014777770835e-02 2.022768269865404464e-02 1.950871123566096793e-02 1.644762514354944360e-02 1.309337006317358269e-02 1.072908270777739835e-02 8.897543064934053739e-03 1.023127676182247932e-02 6.435255734815187832e-03 6.551986402199662558e-03 4.963852815336214711e-03 6.535554875498277017e-03 5.059752932425430096e-03 7.503739793253604018e-03 6.056909666771088940e-03 6.624101609400401963e-03 5.187404039085360442e-03 6.234646891201732141e-03 4.581066083098064845e-03 6.424461555781398568e-03 4.468356136241259310e-03 7.155333526685913464e-03 6.333141270419116384e-03 4.479019128387575627e-03
1.969031936667606578e-02 1.054463963761644724e-02 7.288673902938261340e-03 5.216496053623819081e-03 5.836064763979516984e-03 4.957917651205323226e-03 4.468879170300399037e-03 2.394158434446980090e-03 2.267001532355118146e-03 1.573025169228256222e-03 3.317130913414391598e-03 5.374725609539072330e-03 4.675622107625029486e-03 6.866286611120714888e-03 1.345952709136426749e-02 1.614147868152351895e-02 1.624909713094305902e-02 1.473281079409710474e-02 1.283551569642987430e-02 1.188462765622456604e-02 1.034574206748324794e-02 9.438708438982010979e-03 7.263186551862723522e-03 7.421516020561766229e-03 7.260434562304850757e-03 8.578682309950630067e-03 7.609134932402364555e-03 8.603797681312667575e-03 1.230512064019837967e-02 4.222620455812964475e-03 3.518243749185298759e-03 5.864776994430810630e-03 4.745701414008182510e-03 7.175022215387943242e-03 5.432861011140910010e-03 6.189658870051117749e-03 7.448183978985360373e-03
4.909673960278990168e-02 6.077007526057553316e-02 6.677100934862424675e-02 3.552513999363263175e-02 1.965469611610661319e-02 1.268683453296853836e-02 9.246867982691819171e-03 7.656390920976391401e-03 1.639075281384502758e-02 4.006691995825246988e-02 2.064635591106532900e-02 1.257819209118773637e-02 7.622054960519044145e-03 8.304305913150662397e-03 1.176587255981712855e-02 1.548085210606203396e-02 1.697931152510799915e-02 4.858322876766325155e-02 2.940162742009061470e-02 1.886679029220792586e-02 1.459764720824162712e-02 1.086230022539791742e-02 9.844085823382130521e-03 1.091890808741613136e-02 1.095076227298416409e-02 1.209556780195965298e-02 8.730785901814289499e-03 8.865291523537179724e-03 2.436650482629074480e-02 2.414130984017855489e-03 3.477301529552519373e-03 4.585149382039987488e-03 5.566120716489857817e-03 4.625961339947133426e-03 8.085451223442259930e-03 6.944988818728738481e-03 5.867695534592999237e-03
4.190563749252389746e-03 3.673085711071401825e-03 5.102917836745618323e-03 3.992326270208476635e-02 5.780525714592446573e-02 6.589630723488083819e-02 6.924761064759279994e-02 7.104457724508253524e-02 4.658171847349600048e-02 2.410681933182569694e-02 2.183290990012437191e-02 1.592316883217794604e-02 1.353216266184303386e-02 1.971471867157041993e-02 1.546886282019390574e-02 3.152768235869259084e-02 4.379381530587298649e-02 2.127019633698732509e-02 3.803590067094000243e-02 2.790062043962600324e-02 2.074787756412983797e-02 1.584405735942121668e-02 1.463775270274108274e-02 1.194649095985294597e-02 1.294564150760433956e-02 1.198190558346462486e-02 1.057205043501519871e-02 1.210797743556384955e-02 1.702716508335939960e-02 1.101815103323315961e-02 6.839451012102291255e-03 6.399219105230330787e-03 4.900912369672282692e-03 5.396865902096503222e-03 5.782671508605146359e-03 5.481175426913890113e-03 7.548780255085681470e-03
3.906847442060744531e-03 4.430323961005048876e-03 5.983075472389253607e-03 4.758390907543520731e-03 4.604659737833449382e-03 2.955079631064515093e-03 2.670228128516179654e-03 1.727758731608503408e-03 1.339982601026619077e-02 7.313304852874911825e-03 2.149647645347095917e-02 3.001807261504556290e-02 3.864724197096275349e-02 2.994018875085777479e-02 2.088485653885734442e-02 8.341501858543196035e-03 6.871366637682022917e-03 6.235533729744007110e-03 9.555958896396184524e-03 1.886460702623439858e-02 1.928789989736608146e-02 1.825920519905279912e-02 1.488547151302081414e-02 1.390616761496777515e-02 1.162777081683481588e-02 1.246169371285316824e-02 1.217882033809333277e-02 1.220333126332982278e-02 1.529865299969957598e-02 1.291626372384344426e-02 1.171417129320874960e-02 1.469524357144571733e-02 6.624608784396637633e-03 3.110533453525627171e-03 3.797236010069550069e-03 6.188431644120641686e-03 4.818152749511073890e-03
2.714598041861575328e-03 4.314120911686926754e-03 4.628107600795587986e-03 4.226181522686166779e-03 2.300088991327562619e-03 2.253527751307893463e-03 1.973983857537280236e-03 3.641560588093224575e-03 2.385232008272303566e-03 5.433117788138917305e-03 7.753887843782742567e-03 8.459367754493629654e-03 4.996697758234466998e-03 6.577402293494800933e-03 1.338204525240361230e-02 1.240154036699898932e-02 6.671971611504341586e-03 6.364939525983166757e-03 1.042630295120837262e-02 2.249543889118434808e-02 2.041039488270464386e-02 1.786211301301639243e-02 1.653093173918540604e-02 1.496278252311384303e-02 4.515729653000226385e-02 5.985630921327083492e-02 3.512446822836737259e-02 3.868657574106277447e-02 6.138677848353200212e-02 3.654239131813803720e-02 2.386522558020581428e-02 1.954671550587002565e-02 2.305215542908114340e-02 4.714493651756510029e-03 4.925472645549175930e-03 4.069886210790864788e-03 5.086970912437516722e-03
