output/water_depth_3600.asc
ncols 223
nrows 158
xllcorner 0.0
yllcorner 0.0
cellsize 30.0
[rows 34 to 50 of 158, columns 111 to 147 of 223]
2.481235260914465052e-05 1.000000000000000021e-08 1.000000000000000021e-08 1.822575274000300881e-05 5.380782514932076007e-05 1.338977753426376773e-04 9.825527910006392909e-05 6.304543086768705953e-05 3.399037446392689214e-05 2.895437476831836114e-04 2.385088363844249215e-04 1.099532421432365963e-04 1.655515389962676498e-04 1.356879750429156332e-04 1.000000000000000021e-08 6.257675040965495243e-05 1.000000000000000021e-08 1.000000000000000021e-08 1.000000000000000021e-08 1.168378830342340750e-05 1.000000000000000021e-08 2.050480553932059651e-05 4.432967295423519908e-05 2.257912852244748779e-04 1.819281626750785506e-05 1.000000000000000021e-08 1.000000000000000021e-08 5.489868976737374319e-04 1.995152561185698208e-03 1.258924573223514642e-02 2.196436011848846431e-02 4.040820468801171322e-02 1.609415214288700824e-02 5.840779344955007285e-05 1.000000000000000021e-08 1.000000000000000021e-08 1.000000000000000021e-08
2.794377686090397170e-05 1.870465718869444415e-05 2.353501740455981933e-05 4.756638524097791713e-05 3.864194250063385819e-05 3.159513161393818419e-05 1.000000000000000021e-08 1.000000000000000021e-08 1.000000000000000021e-08 2.148354586550613849e-04 2.176080746347050672e-04 4.439936257678421148e-04 4.698775213104406170e-04 7.263204401578491048e-04 5.580527630955899347e-04 9.307317175587095438e-05 6.643556686566276439e-05 1.000000000000000021e-08 1.000000000000000021e-08 1.604388214485512069e-05 1.305478081320004853e-05 1.927609533155087051e-05 3.993368970615192239e-04 7.562526113375692268e-04 4.781134231668008163e-04 6.800639535713167544e-05 4.780673333553280441e-05 2.108009608405060913e-04 1.857114731421603826e-03 1.893930970280890969e-02 3.745351899062078493e-02 2.855159724052547948e-02 1.321216457947179367e-02 4.506065905654401803e-05 1.534252820089433198e-05 1.000000000000000021e-08 1.000000000000000021e-08
6.154578402986022115e-05 5.752213329425242861e-05 7.347850257353196162e-05 1.000000000000000021e-08 3.316743288769359615e-05 1.000000000000000021e-08 1.000000000000000021e-08 1.044220629420802358e-05 1.000000000000000021e-08 1.827010349251706228e-04 4.376285197916848107e-05 8.611719854435406914e-05 1.897357130334014592e-04 2.744736979112473614e-04 1.081041994921798192e-03 3.779829407281619954e-04 3.264265998119779129e-04 2.293090375302596091e-03 3.730870752172193083e-04 1.543757082159497290e-03 2.812605580888597129e-04 2.984219301306348382e-02 7.907124304587911934e-02 1.110736345508967909e-01 1.327253498460119474e-01 1.494878504736482927e-01 1.607982571079026590e-01 1.698402339801373118e-01 1.779069826402396581e-01 1.384517660784559956e-01 1.213898938985316367e-01 6.858080953594074269e-02 2.982697292146006471e-02 6.634338388081865295e-03 5.461485854619326126e-05 1.000000000000000021e-08 1.000000000000000021e-08
1.003651956179610577e-04 1.440643170438664562e-04 1.000000000000000021e-08 1.000000000000000021e-08 3.183817765301183780e-05 1.000000000000000021e-08 1.000000000000000021e-08 1.000000000000000021e-08 1.000000000000000021e-08 1.000000000000000021e-08 1.000000000000000021e-08 1.000000000000000021e-08 1.000000000000000021e-08 1.000000000000000021e-08 1.705659119023649912e-05 6.151903108721958752e-04 7.023398372358684826e-04 7.483025555401812134e-02 8.550610361307622864e-02 9.643160621620340545e-02 1.072650780783662855e-01 8.822631384572465763e-02 4.929868548649956467e-02 2.723016066205648580e-02 1.979341703600657337e-02 1.514637301620799445e-02 9.854018460330772611e-03 3.525904677245981795e-03 2.291293076883952565e-03 6.454939542741433556e-02 1.917477146454945880e-01 2.682488656754818401e-01 2.337212555443074213e-01 1.691640231706217912e-01 2.443863824901434815e-04 1.000000000000000021e-08 1.000000000000000021e-08
4.150457041279685157e-03 9.413054804425027584e-04 7.390023592271727443e-04 4.751297197128644709e-04 2.943605649567276138e-05 1.854357355663753968e-05 1.000000000000000021e-08 1.164178201390171310e-04 1.000000000000000021e-08 1.000000000000000021e-08 1.000000000000000021e-08 1.000000000000000021e-08 1.899543472292696472e-05 3.286528977957147080e-05 1.000000000000000021e-08 2.301182288522822528e-02 1.331172801985341381e-01 6.467697523151461070e-02 1.483444152480553840e-04 8.756947228918859406e-05 1.000000000000000021e-08 1.000000000000000021e-08 1.000000000000000021e-08 1.000000000000000021e-08 1.112567071298005154e-05 1.000000000000000021e-08 1.000000000000000021e-08 1.000000000000000021e-08 1.000000000000000021e-08 5.116039682034952021e-05 7.143068762688921380e-04 1.554712237056493770e-03 1.488043217610683644e-01 4.146683127623944087e-01 3.372774903223409448e-01 1.012295746115955041e-04 1.000000000000000021e-08
1.828232259702880155e-02 2.183583305478840886e-02 2.385875216584846387e-02 9.874326200116781763e-03 6.719791984454872788e-03 2.374716000310015708e-03 1.883201158106692381e-03 5.927670512669545606e-04 8.443165696732767705e-04 5.900729672480071368e-04 1.493585324480295245e-03 1.090149925008299667e-03 2.401035531594884406e-02 3.006931852668836419e-02 3.683334700195753375e-02 2.997592793107318326e-02 2.297103298634427596e-02 1.000000000000000021e-08 1.533852127173781859e-05 1.000000000000000021e-08 1.000000000000000021e-08 1.314196515268376854e-05 1.792675169256905762e-05 2.006474705277498384e-05 1.000000000000000021e-08 1.000000000000000021e-08 1.000000000000000021e-08 1.000000000000000021e-08 1.000000000000000021e-08 1.000000000000000021e-08 1.000000000000000021e-08 1.000000000000000021e-08 3.643142152542130224e-05 1.128200262657598246e-04 3.417027913305116238e-01 2.193981120824439468e-01 1.109265207224840177e-01
7.298176153294023494e-04 5.388666194641652260e-04 6.308108543323217784e-03 1.401541269309754950e-02 1.643065905796386311e-02 2.143485945691737254e-02 1.318155708014666361e-02 1.581006482972031890e-02 1.766587689044797280e-02 1.776266397089362736e-02 2.027133543061609977e-02 3.499839552416746796e-02 1.917845612227715019e-02 1.697618136934271951e-02 1.319557972873174447e-04 3.867401353519637005e-05 3.345610908333354524e-05 1.240852904188415551e-05 1.000000000000000021e-08 1.000000000000000021e-08 1.000000000000000021e-08 1.000000000000000021e-08 1.000000000000000021e-08 1.042820232869751504e-05 1.000000000000000021e-08 1.000000000000000021e-08 1.000000000000000021e-08 1.000000000000000021e-08 1.000000000000000021e-08 1.000000000000000021e-08 1.000000000000000021e-08 1.000000000000000021e-08 1.000000000000000021e-08 1.000000000000000021e-08 5.928588067142255937e-05 1.330959981836488393e-01 2.509295954992283306e-01
1.000000000000000021e-08 1.000000000000000021e-08 1.589791967656355609e-05 6.614253980535299607e-05 1.440050117622256618e-04 7.658017893059259392e-05 9.137710216808540148e-03 8.991711662790197179e-03 6.383110022151848931e-03 4.725612305190141083e-03 5.677985597010684789e-03 4.473092387681929655e-03 4.590699824453607468e-05 1.000000000000000021e-08 3.511639293981882640e-05 1.000000000000000021e-08 2.419868013480448162e-05 1.081679119589685528e-05 1.000000000000000021e-08 1.000000000000000021e-08 1.000000000000000021e-08 1.000000000000000021e-08 1.000000000000000021e-08 1.000000000000000021e-08 1.000000000000000021e-08 1.000000000000000021e-08 1.000000000000000021e-08 1.000000000000000021e-08 1.000000000000000021e-08 1.000000000000000021e-08 1.000000000000000021e-08 1.000000000000000021e-08 1.000000000000000021e-08 1.000000000000000021e-08 1.000000000000000021e-08 1.000000000000000021e-08 1.924572081034001440e-05
1.000000000000000021e-08 1.000000000000000021e-08 1.000000000000000021e-08 1.809834274351764782e-05 1.000000000000000021e-08 1.000000000000000021e-08 2.358986027426648310e-05 1.797226477057627608e-05 8.832941541293865169e-04 1.266548998851150815e-03 1.804984435280058237e-03 2.721437956870041263e-03 1.000000000000000021e-08 3.138408668157171357e-05 3.473954447433064629e-05 1.000000000000000021e-08 1.477388630032509885e-05 1.114429075912026365e-05 1.000000000000000021e-08 1.000000000000000021e-08 1.000000000000000021e-08 1.000000000000000021e-08 1.000000000000000021e-08 4.342526788315035979e-05 3.489159058709559409e-05 2.632390822829026237e-05 7.710635444893102473e-05 8.626433076665416448e-05 6.512194330197026960e-05 7.720587078461717322e-05 9.134229534591812606e-05 1.161250705987219270e-04 1.000000000000000021e-08 2.049769601933373471e-05 2.265638132762439898e-05 3.137191096963083345e-05 1.000000000000000021e-08
1.760422985547231185e-05 1.000000000000000021e-08 1.000000000000000021e-08 1.000000000000000021e-08 1.000000000000000021e-08 1.705080253702956957e-05 1.000000000000000021e-08 1.000000000000000021e-08 1.356216255544022290e-03 2.914699756628439352e-03 2.360564402058985822e-03 5.401257960219644052e-04 1.545613029576411648e-05 2.310367131043252793e-05 3.217006890199679796e-05 3.463582132272885884e-05 1.093597789384414049e-05 1.000000000000000021e-08 1.000000000000000021e-08 1.000000000000000021e-08 1.000000000000000021e-08 1.000000000000000021e-08 1.000000000000000021e-08 8.389857568238613574e-05 1.400250301459935863e-04 1.739623598778027957e-04 1.432865532590578536e-04 9.473174337613916700e-05 1.079592983825724758e-04 8.333134320551925352e-05 8.303230037967522178e-05 7.897656635837312024e-05 1.151271210400741740e-04 1.023402687691354055e-04 8.542387086365951798e-05 1.127871662749192782e-04 1.278279068566002380e-04
1.000000000000000021e-08 1.110262202138776274e-05 1.765102807919061202e-05 1.951274809427484667e-05 1.000000000000000021e-08 1.000000000000000021e-08 1.023500775016918022e-05 3.433034845363450231e-05 5.837456763574637962e-03 4.686943136578976266e-03 4.188942982615710339e-03 2.665520898829930012e-05 1.000000000000000021e-08 1.000000000000000021e-08 1.323947427427324573e-05 2.905687046515686151e-05 7.542993319403140716e-05 7.163857698029949689e-05 1.235315090669675015e-04 1.314627981603537781e-04 1.142401411277554481e-05 1.015960061839239353e-05 1.273130866375301229e-04 1.081654976240613883e-04 9.103211864150786460e-05 8.364759755559249862e-05 7.772564490319331233e-05 5.735864976191660272e-05 1.000000000000000021e-08 1.000000000000000021e-08 2.123845689517826914e-05 3.207774618208600049e-05 1.000000000000000021e-08 1.000000000000000021e-08 9.790207073615412908e-05 9.221876787338673261e-05 1.055460896393497035e-04
2.986024564900143730e-05 3.106849571577777419e-05 1.000000000000000021e-08 1.455056955165351159e-05 2.780054278012107215e-05 4.041263078633861375e-05 1.707929463411579901e-03 9.575306261032135585e-03 9.118202258042754429e-03 2.332424842934438438e-03 2.746740572191345612e-05 1.350338761669452566e-05 1.000000000000000021e-08 1.000000000000000021e-08 1.066850755212270784e-05 2.682098115475629833e-05 7.374321916651549078e-05 6.424075417286011637e-05 4.221858179115736584e-05 3.511697431136259436e-05 2.976341155982196800e-05 2.586774737363362417e-05 2.677844037703510735e-05 2.502690558447085627e-05 2.121902815255649990e-05 2.029551449866882885e-05 2.077313546674610634e-05 1.000000000000000021e-08 1.000000000000000021e-08 1.000000000000000021e-08 1.000000000000000021e-08 1.887415774983696554e-04 4.327075923219166152e-04 6.928920185956791069e-04 1.080127143652493717e-03 8.667686135473036402e-04 7.839094696484207991e-04
6.768559956537485993e-05 7.299512945163658627e-05 6.437694278748011913e-05 1.305110111712285640e-03 5.336888115608502507e-03 7.118093793206476012e-03 8.454250186393962724e-03 8.799063321050628120e-03 1.058947140559138842e-04 1.000000000000000021e-08 2.576507796773388738e-05 1.750365980898065717e-05 5.230305935674939147e-05 1.666969290062031059e-04 1.000000000000000021e-08 6.412949854880165663e-05 6.926867033547620212e-05 1.033142810784397597e-04 8.232925225035088749e-05 7.688596828771931252e-05 6.401579768956840058e-05 6.436916097043410517e-05 7.092254619297640931e-05 6.525052727253969004e-05 6.233546092335409575e-05 7.870398973976853074e-05 9.963541910662302695e-05 1.914406612306260769e-04 2.025152363311613006e-04 2.157786638745302118e-04 2.492804953557103810e-05 6.021498142508769941e-05 8.888942502496663303e-05 1.548119611640529493e-04 2.263427848271088014e-04 4.907871375918801795e-04 8.171843114532403559e-04
4.436792645381159271e-03 2.877579798194172984e-03 2.925529748701482385e-03 7.049188927696035945e-03 4.504269514214121785e-03 2.988021091344324025e-03 3.289351825453762455e-03 2.631827215827003182e-04 1.265898101425781756e-05 2.064947060524164010e-05 3.809469685655302371e-05 3.121471004303922654e-05 4.263854332444232923e-05 6.050025665773698107e-05 6.810728406087161670e-05 6.086356994652580285e-05 8.230195486214291042e-05 1.860950788060970100e-04 1.924944040202320687e-04 1.300226334364397581e-04 9.095566052986035343e-05 8.606469169444154563e-05 2.282381574951211715e-05 8.788291535918764115e-05 7.774658295389758110e-05 1.706932930674308650e-04 1.722655564983650270e-04 2.106713702927904110e-04 2.144240484002802628e-04 3.343673612222472285e-04 3.289638600305527295e-04 4.138655157529199952e-04 3.924466533380844961e-04 5.032251240443055829e-04 5.041967154479815071e-04 6.475345606221144436e-04 5.356581021004837209e-04
3.126843972704534350e-03 5.544950565356104042e-04 3.615125482505300212e-04 2.850031469025903885e-04 3.395394078401130705e-05 7.636776712461233686e-05 1.235970168334324371e-04 2.768510288938427722e-04 1.040536111802902541e-05 1.351947711709930340e-05 6.423573935126860083e-05 3.995986509360819374e-05 2.877407443290132261e-05 3.532548213103988983e-05 7.055766780195755377e-05 4.107293901094156275e-05 1.000000000000000021e-08 2.241169979611748865e-04 5.191648950656595207e-04 6.962185210371380981e-04 4.789094489075528048e-04 4.016825666821954117e-04 2.770652782738587130e-04 5.602696732802973575e-04 7.690473703246392513e-04 6.294021385744221625e-04 4.474366270525167934e-04 5.173506339679173052e-04 4.348919465813449038e-04 3.804453816643677878e-04 3.758210651298289173e-04 4.877290079341351252e-04 4.663742645866993694e-04 4.091618494748747821e-04 2.192831048352291150e-04 1.495111524562706563e-04 4.511254073196740576e-04
4.040764802457605837e-05 1.000000000000000021e-08 1.000000000000000021e-08 1.000000000000000021e-08 2.920285212107441165e-05 4.917630188773581602e-05 8.392436325983116936e-05 1.645456703246019146e-04 1.287410659400697898e-04 1.000000000000000021e-08 5.762002637422570709e-05 1.000000000000000021e-08 1.000000000000000021e-08 2.758678789755334240e-05 1.295264954497179881e-04 1.000000000000000021e-08 1.437477260313029467e-05 3.847994104891138507e-04 4.654383710580244603e-04 5.147051549252220238e-04 8.060000148867372096e-04 8.703092335883702091e-04 9.408116234880213591e-04 6.280537184503125333e-04 4.194140514354570285e-04 2.743839081543651503e-05 3.760676397800632401e-05 1.147375072640634832e-05 4.118338658848540781e-05 3.450990360005486493e-05 4.380255962879930031e-05 2.202468619936723824e-04 2.457187593225124744e-05 4.074940052900639719e-05 5.187264758539490250e-05 7.632004073488156057e-05 1.046866248069218191e-03
8.173038694374233875e-05 1.000000000000000021e-08 3.650336951561750548e-05 7.569142110537835507e-05 1.000000000000000021e-08 4.312558401192062211e-05 6.710587095609904604e-05 7.731351934991350803e-05 7.995861722703664811e-05 1.000000000000000021e-08 7.131452201750757794e-05 1.000000000000000021e-08 1.000000000000000021e-08 2.359530051099788554e-04 3.216058432629599292e-04 5.092815817447886176e-04 6.674710164253232257e-04 5.627756550569777954e-04 4.321934288923807445e-04 3.222965931340738849e-04 1.822502426809534493e-05 1.000000000000000021e-08 1.000000000000000021e-08 1.000000000000000021e-08 1.000000000000000021e-08 5.553770190936816652e-05 7.179922084350864983e-05 1.000000000000000021e-08 1.281086381780624319e-05 2.774373202563956963e-05 3.479145084235422567e-05 8.445386676472074684e-05 9.531598552207433980e-05 2.699449101975946925e-04 3.147795516467143681e-04 6.709841911412317604e-04 3.219292019245316612e-03
