output/water_depth_3480.asc
ncols 223
nrows 158
xllcorner 0.0
yllcorner 0.0
cellsize 30.0
[rows 136 to 152 of 158, columns 37 to 73 of 223]
1.086302540575508132e-05 1.000000000000000021e-08 1.000000000000000021e-08 1.000000000000000021e-08 1.000000000000000021e-08 1.000000000000000021e-08 1.000000000000000021e-08 1.018373729596914279e-05 1.889418382292594196e-05 2.641018951754056963e-05 1.000000000000000021e-08 5.821536589026142543e-05 1.000000000000000021e-08 1.000000000000000021e-08 1.000000000000000021e-08 1.000000000000000021e-08 1.000000000000000021e-08 1.000000000000000021e-08 1.000000000000000021e-08 1.000000000000000021e-08 1.000000000000000021e-08 1.193979042951480325e-05 4.194285903465829347e-05 1.000000000000000021e-08 1.000000000000000021e-08 1.000000000000000021e-08 1.560469669703486986e-05 1.508029942098468388e-03 9.092991560178159856e-04 7.272677192004591007e-03 7.571692750167533653e-03 1.103998002914302612e-02 1.242413980777220053e-02 2.222930852154878653e-05 1.774933097046031661e-05 2.071068956102671066e-05 1.000000000000000021e-08
1.000000000000000021e-08 1.000000000000000021e-08 1.000000000000000021e-08 1.000000000000000021e-08 1.000000000000000021e-08 1.000000000000000021e-08 1.000000000000000021e-08 1.000000000000000021e-08 1.092254630282555268e-05 1.906295550437717002e-05 1.000000000000000021e-08 2.746055462835606415e-05 4.802239122188719053e-05 1.000000000000000021e-08 1.000000000000000021e-08 1.000000000000000021e-08 1.000000000000000021e-08 1.000000000000000021e-08 1.000000000000000021e-08 1.000000000000000021e-08 1.000000000000000021e-08 1.000000000000000021e-08 1.154662788705194489e-05 1.741274557053723921e-05 5.691001081907802375e-04 1.151020461050105532e-04 9.935496660046199541e-05 2.751032597135568900e-03 2.163673845837116565e-03 8.800088365959376699e-03 1.296127823802169059e-02 7.306774741962851656e-03 4.465767579398604442e-03 1.000000000000000021e-08 1.000000000000000021e-08 1.104851283987258524e-05 1.000000000000000021e-08
1.000000000000000021e-08 1.000000000000000021e-08 1.000000000000000021e-08 1.000000000000000021e-08 1.000000000000000021e-08 1.000000000000000021e-08 1.000000000000000021e-08 1.000000000000000021e-08 1.000000000000000021e-08 1.167226946945931731e-05 1.000000000000000021e-08 1.170380208642351374e-05 4.469710833433481194e-05 1.000000000000000021e-08 1.000000000000000021e-08 1.000000000000000021e-08 1.000000000000000021e-08 1.000000000000000021e-08 1.000000000000000021e-08 1.000000000000000021e-08 1.000000000000000021e-08 1.000000000000000021e-08 1.000000000000000021e-08 6.199566899780813546e-04 1.856474859248750378e-03 5.494303752271125461e-03 1.037960683544572778e-02 1.264343269031074392e-02 2.085846649736555758e-02 1.770260530422360437e-02 1.188946289043445702e-02 4.319016509063114591e-05 1.158195829383384799e-04 1.122610826535434076e-05 1.000000000000000021e-08 1.000000000000000021e-08 1.000000000000000021e-08
1.000000000000000021e-08 1.000000000000000021e-08 1.000000000000000021e-08 1.000000000000000021e-08 1.000000000000000021e-08 1.000000000000000021e-08 1.000000000000000021e-08 1.000000000000000021e-08 1.171105406575215860e-05 1.000000000000000021e-08 1.000000000000000021e-08 1.218546483203810967e-05 4.039051621463280513e-05 7.981604118659128366e-05 1.000000000000000021e-08 1.000000000000000021e-08 1.000000000000000021e-08 1.000000000000000021e-08 1.000000000000000021e-08 1.000000000000000021e-08 1.000000000000000021e-08 1.000000000000000021e-08 1.000000000000000021e-08 6.413502417061659909e-04 2.350432436012453528e-03 4.107701668951416890e-03 3.296556370534671487e-03 6.149819286738323135e-03 7.226220344600858478e-03 8.427163305402982085e-03 2.585804242767529310e-03 5.395147076629256528e-05 9.664964431950468079e-05 1.247164285460736037e-04 7.753699361193991564e-05 1.000000000000000021e-08 1.000000000000000021e-08
1.000000000000000021e-08 1.000000000000000021e-08 1.000000000000000021e-08 1.175789135690507598e-05 1.000000000000000021e-08 1.000000000000000021e-08 1.000000000000000021e-08 1.284273704138042186e-05 1.000000000000000021e-08 1.000000000000000021e-08 1.000000000000000021e-08 1.000000000000000021e-08 3.895751007684833975e-05 6.546084303574994652e-05 8.613004784573567794e-05 1.000000000000000021e-08 1.000000000000000021e-08 1.000000000000000021e-08 1.000000000000000021e-08 1.000000000000000021e-08 1.000000000000000021e-08 1.000000000000000021e-08 1.000000000000000021e-08 7.349760084703996525e-04 2.903907860445064867e-03 2.964716215255711312e-03 5.530574091045266719e-03 4.032690909704160324e-03 7.616221628216379366e-03 4.736757378476863858e-03 2.513020909681942341e-05 1.000000000000000021e-08 1.000000000000000021e-08 1.282535190953968686e-04 7.389245753368681689e-05 5.607661863194555280e-05 4.348790027969183178e-05
1.000000000000000021e-08 1.000000000000000021e-08 1.000000000000000021e-08 1.000000000000000021e-08 2.123856797003731339e-05 1.000000000000000021e-08 1.000000000000000021e-08 1.085362239412235419e-05 1.437012862386908802e-05 1.000000000000000021e-08 1.000000000000000021e-08 1.000000000000000021e-08 3.587176144625593807e-05 5.594644688157841627e-05 5.639025064268782527e-05 4.477288755066668048e-05 1.000000000000000021e-08 1.000000000000000021e-08 1.000000000000000021e-08 1.000000000000000021e-08 1.143158423973946745e-05 1.979126170808710055e-05 3.441347490787552101e-05 2.261527685624679148e-03 2.945559975556691790e-03 5.364452793093301558e-03 3.864592228914014074e-03 5.797623332619668800e-03 3.426087818163263670e-03 1.603806299714432030e-03 1.000000000000000021e-08 1.617802728619567565e-05 1.000000000000000021e-08 5.458902735734237952e-05 3.808358524388206438e-05 3.754531956203249635e-05 4.110902041688429067e-05
1.000000000000000021e-08 1.358340607015727839e-05 1.000000000000000021e-08 1.000000000000000021e-08 1.396860086522401018e-05 2.293923107134265813e-05 8.106764866089612978e-05 1.299834156455938357e-04 1.000000000000000021e-08 1.559732301099636483e-05 2.289943263258192548e-05 2.658782024870077023e-05 3.391881152323778583e-05 3.506983971695905869e-05 3.160600609371781749e-05 1.000000000000000021e-08 1.000000000000000021e-08 1.000000000000000021e-08 1.204591663763746285e-05 2.672193423315623597e-05 3.654560999046834358e-05 3.815615251105985056e-05 2.759195735104272713e-05 3.187368642999456950e-03 6.171578860490811030e-03 3.645352277203046682e-03 5.435714952068135611e-03 4.083065602144091838e-03 2.286014581833845728e-05 2.136159479283547552e-05 1.000000000000000021e-08 2.712375593021100633e-05 8.700927278318677902e-05 6.383332330033757510e-05 1.568404272010118323e-05 1.000000000000000021e-08 3.929831484691911393e-05
1.000000000000000021e-08 1.000000000000000021e-08 1.629964706109329571e-05 1.000000000000000021e-08 1.000000000000000021e-08 1.205512937224982329e-05 2.634275830070979111e-05 8.882424174297454437e-05 1.000000000000000021e-08 1.000000000000000021e-08 1.000000000000000021e-08 1.115658290088341413e-05 1.081785707317296311e-05 1.000152404249371650e-05 1.000000000000000021e-08 1.000000000000000021e-08 1.000000000000000021e-08 1.082699643552301546e-05 5.546603493652162327e-04 3.025455252446482366e-03 2.169675850310033571e-03 2.352763455281553680e-03 9.011066199114832129e-03 1.405016314178306538e-02 5.094652307758670839e-03 4.202567555537506556e-03 1.420763798850869369e-03 2.299562932741350957e-03 1.000000000000000021e-08 1.739307983824329697e-05 2.094600320242304663e-05 1.000000000000000021e-08 5.022809834508181457e-05 8.436078909615693218e-05 2.042348196288546516e-05 1.000000100000000021e-05 1.000000100000000021e-05
1.000000000000000021e-08 1.000000000000000021e-08 1.000000000000000021e-08 1.000000000000000021e-08 1.000000000000000021e-08 1.000000000000000021e-08 1.198183536818664685e-05 1.000000000000000021e-08 1.348178617643882836e-05 1.994594633205213556e-05 2.837937454591988711e-05 3.344665822543875191e-05 1.000000000000000021e-08 1.000000000000000021e-08 1.000000000000000021e-08 1.000000000000000021e-08 1.000000000000000021e-08 4.537526472384820772e-05 2.377029692659324116e-03 4.294321062212121988e-03 9.750335761960011310e-03 1.088730111036683573e-02 8.809377051542556861e-03 7.677261865874371663e-03 6.740773640636295349e-04 4.459955169363937844e-05 3.547112461239581411e-05 3.458691232890579906e-05 1.000000000000000021e-08 1.000000000000000021e-08 1.555263272063428799e-05 1.000000000000000021e-08 4.293349259254683437e-05 3.524531178769043179e-05 2.782380542043102719e-05 1.000000100000000021e-05 1.000000100000000021e-05
9.772469207618412308e-05 1.463362562240245308e-04 1.000000000000000021e-08 1.000000000000000021e-08 1.000000000000000021e-08 1.000000000000000021e-08 2.119170001542599368e-05 1.000000000000000021e-08 1.000000000000000021e-08 1.000000000000000021e-08 1.000000000000000021e-08 1.000000000000000021e-08 1.000000000000000021e-08 1.000000000000000021e-08 4.863919903888196464e-03 3.200098549585347896e-03 1.863755711719111306e-03 5.917873380639347008e-03 5.636202025332034959e-03 5.897087027504896439e-03 2.869527770798916202e-03 2.926686457550274102e-03 1.135976282878616711e-03 1.760911903182331862e-03 6.507933521104605681e-04 2.210268231697372701e-05 3.565615687208935976e-05 1.000000000000000021e-08 1.000000000000000021e-08 1.000000000000000021e-08 1.664794261252959071e-05 1.000000000000000021e-08 3.069496748826142893e-05 1.000000000000000021e-08 1.000000000000000021e-08 1.000000100000000021e-05 1.000000100000000021e-05
3.316356010374658692e-05 4.558339753213312776e-05 1.000000000000000021e-08 1.916571167081768530e-05 1.000000000000000021e-08 9.464679256758392473e-04 8.687977784355300484e-04 7.821585419389463301e-04 8.913053554451739232e-05 7.678284960383815344e-05 5.042620563007565147e-05 1.613358686338133623e-05 2.895534991268764103e-05 2.533525768816663611e-05 4.603198083424792433e-03 8.152825403834116150e-03 1.097319023993625041e-02 7.286876750701215891e-03 6.921445123809009947e-03 2.894026121306130135e-03 2.399760432907713497e-03 7.404444964767065759e-04 6.207503882811011642e-04 1.912548593423675513e-04 3.367140543176577413e-04 5.982979822968100220e-05 4.198863695332343731e-05 6.926894905703019048e-05 1.000000000000000021e-08 1.000000000000000021e-08 1.000000000000000021e-08 9.000279841404136604e-05 1.442447201412306207e-05 4.875400692678092730e-05 1.000000100000000021e-05 1.000000100000000021e-05 1.000000100000000021e-05
7.372484293518722785e-05 1.000000000000000021e-08 1.944182542253619639e-03 2.912960852835550472e-03 3.885009527428606030e-03 3.852400621999425238e-03 6.324781479799262626e-03 6.560882436742182869e-03 8.527480748694287599e-03 7.881473034144003548e-03 9.840612244465359731e-03 9.093924663649072954e-03 1.118510050867512276e-02 1.028076099164838136e-02 1.145726396425944538e-02 4.020363725978694583e-03 1.434848868576867834e-03 1.165043046500157829e-03 3.658999614063318116e-04 3.099542742673930653e-04 2.357772746592265987e-04 1.000000000000000021e-08 1.000000000000000021e-08 1.000000000000000021e-08 1.000000000000000021e-08 6.040084751901853856e-05 3.081907570656027418e-05 5.843589896587356224e-05 1.000000000000000021e-08 1.000000000000000021e-08 1.000000000000000021e-08 4.222610594824103723e-05 1.000000100000000021e-05 1.000000100000000021e-05 1.000000100000000021e-05 1.000000100000000021e-05 1.000000100000000021e-05
1.910142830624372162e-05 1.160278478771811523e-03 1.764222451263887988e-03 3.854221493532113737e-03 1.253930674711697859e-03 2.194216872976819006e-03 4.108652186845678650e-03 2.989511162907383147e-03 5.825957933668318538e-04 4.493818232459305178e-04 1.546316346362144748e-04 1.443906802266563792e-04 4.302251156051486449e-05 4.964035654497717603e-05 6.587450120514073667e-04 1.000000000000000021e-08 1.000000000000000021e-08 1.000000000000000021e-08 1.000000000000000021e-08 1.000000000000000021e-08 1.000000000000000021e-08 1.000000000000000021e-08 1.101249523510435509e-05 1.000000000000000021e-08 1.220526781284406111e-05 3.278478374750731295e-05 1.000000000000000021e-08 6.788448804640496851e-05 1.000000100000000021e-05 1.000000100000000021e-05 1.000000100000000021e-05 1.000000100000000021e-05 1.000000100000000021e-05 1.000000100000000021e-05 1.000000100000000021e-05 1.000000100000000021e-05 1.000000100000000021e-05
5.205317195661309307e-03 6.235411744689048005e-03 4.212896141263603074e-03 4.061212686240996128e-03 2.520667239855871582e-03 1.777245176110434826e-03 2.426335977658520930e-03 1.641334241660693562e-03 2.585674510508073468e-04 7.889245512539736047e-05 6.595919269949931170e-05 1.984838424884143493e-05 1.000000000000000021e-08 2.306698772711430077e-05 3.296720262102077617e-05 1.000000000000000021e-08 1.000000000000000021e-08 2.063925423118953336e-05 1.000000000000000021e-08 1.000000000000000021e-08 1.000000000000000021e-08 1.000000000000000021e-08 1.000000000000000021e-08 1.000000000000000021e-08 1.000000000000000021e-08 1.540825495152924068e-05 7.365197539617243118e-05 1.000000100000000021e-05 1.000000100000000021e-05 1.000000100000000021e-05 1.000000100000000021e-05 1.000000100000000021e-05 1.000000100000000021e-05 1.000000100000000021e-05 1.000000100000000021e-05 1.000000100000000021e-05 1.000000100000000021e-05
9.817750242484221429e-05 8.366091375479174316e-05 2.608778506003623176e-05 2.463568162106600243e-04 1.356743872606208580e-05 1.000000000000000021e-08 1.000000000000000021e-08 1.000000000000000021e-08 1.000000000000000021e-08 1.000000000000000021e-08 1.000000000000000021e-08 1.000000000000000021e-08 1.745281198836850917e-05 2.106793540263495162e-04 3.856388425280515673e-05 1.000000000000000021e-08 1.000000000000000021e-08 1.126938295759867183e-05 1.000000000000000021e-08 1.000000000000000021e-08 1.000000000000000021e-08 1.000000000000000021e-08 1.000000000000000021e-08 1.000000000000000021e-08 1.000000000000000021e-08 1.231757610669469234e-05 1.000000100000000021e-05 1.000000100000000021e-05 1.000000100000000021e-05 1.000000100000000021e-05 1.000000100000000021e-05 1.000000100000000021e-05 1.000000100000000021e-05 1.000000100000000021e-05 1.000000100000000021e-05 1.000000100000000021e-05 1.000000100000000021e-05
1.000000000000000021e-08 1.000000000000000021e-08 1.000000000000000021e-08 6.054159250431779383e-05 7.819657067812795783e-05 1.000000000000000021e-08 1.000000000000000021e-08 1.000000000000000021e-08 1.000000000000000021e-08 1.000000000000000021e-08 1.000000000000000021e-08 1.014860987992824526e-05 1.448828403914065328e-05 1.517328201617745582e-04 3.005205764954400248e-05 1.000000000000000021e-08 1.000000000000000021e-08 1.000000000000000021e-08 1.000000000000000021e-08 1.000000000000000021e-08 1.000000000000000021e-08 1.000000000000000021e-08 1.309099952529874383e-05 1.000000100000000021e-05 1.000000100000000021e-05 1.000000100000000021e-05 1.000000100000000021e-05 1.000000100000000021e-05 1.000000100000000021e-05 1.000000100000000021e-05 1.000000100000000021e-05 1.000000100000000021e-05 1.000000100000000021e-05 1.000000100000000021e-05 1.000000100000000021e-05 1.000000100000000021e-05 1.000000100000000021e-05
5.019728769416667417e-05 5.495514393527190254e-05 7.142339278658106237e-05 6.398241262062208943e-05 6.383184113561940042e-05 1.000000000000000021e-08 1.000000000000000021e-08 1.000000000000000021e-08 1.000000000000000021e-08 1.000000000000000021e-08 1.000000000000000021e-08 1.000000000000000021e-08 1.000000000000000021e-08 1.510863400155762785e-04 2.878719103943139606e-05 1.000000000000000021e-08 1.000000000000000021e-08 1.000000000000000021e-08 1.000000000000000021e-08 1.000000000000000021e-08 2.371299608139373086e-05 1.000000000000000021e-08 1.456757930026141804e-04 1.000000100000000021e-05 1.000000100000000021e-05 1.000000100000000021e-05 1.000000100000000021e-05 1.000000100000000021e-05 1.000000100000000021e-05 1.000000100000000021e-05 1.000000100000000021e-05 1.000000100000000021e-05 1.000000100000000021e-05 1.000000100000000021e-05 1.000000100000000021e-05 1.000000100000000021e-05 1.000000100000000021e-05
