output/water_depth_11760.asc
ncols 223
nrows 158
xllcorner 0.0
yllcorner 0.0
cellsize 30.0
[rows 68 to 84 of 158, columns 185 to 221 of 223]
1.000000000000000021e-08 1.000000000000000021e-08 1.000000000000000021e-08 1.000000000000000021e-08 1.000000000000000021e-08 1.000000000000000021e-08 1.000000000000000021e-08 1.000000000000000021e-08 1.000000000000000021e-08 1.000000000000000021e-08 1.000000000000000021e-08 1.000000000000000021e-08 3.604273620773809460e-05 9.127154847381125020e-05 7.957302004276824527e-05 1.450616334357753484e-05 3.288349753959757835e-05 7.713723947894613082e-05 1.226088841909724406e-03 1.671504764220240889e-04 1.832212396057258713e-04 1.000000100000000021e-05 1.000000100000000021e-05 1.000000100000000021e-05 1.000000100000000021e-05 1.000000100000000021e-05 1.000000100000000021e-05 1.000000100000000021e-05 1.000000100000000021e-05 1.000000100000000021e-05 1.000000100000000021e-05 1.000000100000000021e-05 1.000000100000000021e-05 1.000000100000000021e-05 1.000000100000000021e-05 1.000000100000000021e-05 1.000000100000000021e-05
1.000000000000000021e-08 1.000000000000000021e-08 1.000000000000000021e-08 1.000000000000000021e-08 1.000000000000000021e-08 1.000000000000000021e-08 1.000000000000000021e-08 1.000000000000000021e-08 1.000000000000000021e-08 1.000000000000000021e-08 1.000000000000000021e-08 1.000000000000000021e-08 2.925628991841716013e-05 2.445128951041428741e-03 1.240089907193664583e-04 4.148750672365605452e-05 1.000000000000000021e-08 1.000000000000000021e-08 8.406519174818734459e-05 1.252190074825513437e-04 2.377555952757350120e-04 1.000000100000000021e-05 1.000000100000000021e-05 1.000000100000000021e-05 1.000000100000000021e-05 1.000000100000000021e-05 1.000000100000000021e-05 1.000000100000000021e-05 1.000000100000000021e-05 1.000000100000000021e-05 1.000000100000000021e-05 1.000000100000000021e-05 1.000000100000000021e-05 1.000000100000000021e-05 1.000000100000000021e-05 1.000000100000000021e-05 1.000000100000000021e-05
1.000000000000000021e-08 1.000000000000000021e-08 1.000000000000000021e-08 1.000000000000000021e-08 1.000000000000000021e-08 1.000000000000000021e-08 1.000000000000000021e-08 1.000000000000000021e-08 1.000000000000000021e-08 1.000000000000000021e-08 1.000000000000000021e-08 2.666072261542319285e-05 2.049001886653648182e-05 2.474761658131700455e-05 1.086567495351810135e-05 1.000000000000000021e-08 1.000000000000000021e-08 1.000000000000000021e-08 5.210795934650000732e-05 1.166386825262720218e-04 3.159304130326595259e-04 1.000000100000000021e-05 1.000000100000000021e-05 1.000000100000000021e-05 1.000000100000000021e-05 1.000000100000000021e-05 1.000000100000000021e-05 1.000000100000000021e-05 1.000000100000000021e-05 1.000000100000000021e-05 1.000000100000000021e-05 1.000000100000000021e-05 1.000000100000000021e-05 1.000000100000000021e-05 1.000000100000000021e-05 1.000000100000000021e-05 1.000000100000000021e-05
1.000000000000000021e-08 1.000000000000000021e-08 1.000000000000000021e-08 1.000000000000000021e-08 1.000000000000000021e-08 1.000000000000000021e-08 1.000000000000000021e-08 1.000000000000000021e-08 1.000000000000000021e-08 1.000000000000000021e-08 1.000000000000000021e-08 4.427874935431218181e-05 2.520077371146492136e-05 1.000000000000000021e-08 1.000000000000000021e-08 1.440017129461679928e-05 1.000000000000000021e-08 1.000000000000000021e-08 3.951880609838473511e-05 1.378497392501742600e-04 2.046575577110551969e-04 1.835309306499889300e-04 1.000000100000000021e-05 1.000000100000000021e-05 1.000000100000000021e-05 1.000000100000000021e-05 1.000000100000000021e-05 1.000000100000000021e-05 1.000000100000000021e-05 1.000000100000000021e-05 1.000000100000000021e-05 1.000000100000000021e-05 1.000000100000000021e-05 1.000000100000000021e-05 1.000000100000000021e-05 1.000000100000000021e-05 1.000000100000000021e-05
1.000000000000000021e-08 1.000000000000000021e-08 1.000000000000000021e-08 1.000000000000000021e-08 1.000000000000000021e-08 1.000000000000000021e-08 1.000000000000000021e-08 1.000000000000000021e-08 1.000000000000000021e-08 1.000000000000000021e-08 1.000000000000000021e-08 5.190147905561448273e-05 1.000000000000000021e-08 1.000000000000000021e-08 1.000000000000000021e-08 1.579103059127226412e-05 1.335991075832185139e-05 1.039062605537680288e-05 3.556105578296899704e-05 9.878420539363243528e-05 2.891548285511724042e-04 1.332053981604914845e-04 1.000000000000000021e-08 1.000000100000000021e-05 1.000000100000000021e-05 1.000000100000000021e-05 1.000000100000000021e-05 1.000000100000000021e-05 1.000000100000000021e-05 1.000000100000000021e-05 1.000000100000000021e-05 1.000000100000000021e-05 1.000000100000000021e-05 1.000000100000000021e-05 1.000000100000000021e-05 1.000000100000000021e-05 1.000000100000000021e-05
1.247717426010300950e-04 1.000000000000000021e-08 1.000000000000000021e-08 1.000000000000000021e-08 1.000000000000000021e-08 1.000000000000000021e-08 1.000000000000000021e-08 1.000000000000000021e-08 2.169094082512033574e-05 1.000000000000000021e-08 1.000000000000000021e-08 7.596822932276393219e-05 1.291847402455015453e-05 1.000000000000000021e-08 1.000000000000000021e-08 1.560252599687625725e-05 2.025823227523661669e-05 1.952886931090273571e-05 3.423463986975573686e-05 1.145457838770668082e-04 4.319474675142700982e-04 1.152481287511476744e-04 2.377967464313035918e-05 2.087448300827670616e-05 1.000000100000000021e-05 1.000000100000000021e-05 1.000000100000000021e-05 1.000000100000000021e-05 1.000000100000000021e-05 1.000000100000000021e-05 1.000000100000000021e-05 1.000000100000000021e-05 1.000000100000000021e-05 1.000000100000000021e-05 1.000000100000000021e-05 1.000000100000000021e-05 1.000000100000000021e-05
1.320656623143082013e-02 1.000000000000000021e-08 1.000000000000000021e-08 1.000000000000000021e-08 1.000000000000000021e-08 1.000000000000000021e-08 1.000000000000000021e-08 1.000000000000000021e-08 1.412457328454176176e-05 1.000000000000000021e-08 1.094796692496819245e-05 1.085503775346098799e-04 2.111854754602683295e-05 1.000000000000000021e-08 1.000000000000000021e-08 1.657921618263560681e-05 4.106486602625675502e-05 1.925554956358481614e-05 3.151459295349628417e-05 7.532992051662524213e-05 5.930052942441754304e-04 1.578888171479084375e-04 1.000000000000000021e-08 1.000000000000000021e-08 1.000000100000000021e-05 1.000000100000000021e-05 1.000000100000000021e-05 1.000000100000000021e-05 1.000000100000000021e-05 1.000000100000000021e-05 1.000000100000000021e-05 1.000000100000000021e-05 1.000000100000000021e-05 1.000000100000000021e-05 1.000000100000000021e-05 1.000000100000000021e-05 1.000000100000000021e-05
1.355113831574937013e-02 9.880742449751910711e-03 1.905939117801386506e-05 1.000000000000000021e-08 1.000000000000000021e-08 1.000000000000000021e-08 1.000000000000000021e-08 1.000000000000000021e-08 1.000000000000000021e-08 1.000000000000000021e-08 2.989953088102067553e-05 1.297816402446797922e-04 2.080483860618566276e-05 1.000000000000000021e-08 1.000000000000000021e-08 1.787750459946325227e-05 6.373146111117859486e-05 3.675790164941508383e-05 2.261894995953227046e-05 9.304607014021441455e-03 9.615592978676625047e-03 3.413969880917693298e-05 1.000000000000000021e-08 1.000000000000000021e-08 1.000000100000000021e-05 1.000000100000000021e-05 1.000000100000000021e-05 1.000000100000000021e-05 1.000000100000000021e-05 1.000000100000000021e-05 1.000000100000000021e-05 1.000000100000000021e-05 1.000000100000000021e-05 1.000000100000000021e-05 1.000000100000000021e-05 1.000000100000000021e-05 1.000000100000000021e-05
1.589919528969652857e-02 1.190777062685366948e-02 1.986694433113998689e-05 1.000000000000000021e-08 1.000000000000000021e-08 1.000000000000000021e-08 1.000000000000000021e-08 1.000000000000000021e-08 1.000000000000000021e-08 1.000000000000000021e-08 2.811809528785561650e-05 1.837144642174024162e-04 3.048213338775814193e-05 1.000000000000000021e-08 1.000000000000000021e-08 1.000000000000000021e-08 7.190222473745480527e-05 2.676685993344480975e-05 7.008685995927895450e-03 8.540548067565210608e-03 9.370444794776276384e-03 1.000000000000000021e-08 1.000000000000000021e-08 1.000000000000000021e-08 1.329800597637188124e-03 1.234087538341068566e-05 1.000000100000000021e-05 1.000000100000000021e-05 1.000000100000000021e-05 1.000000100000000021e-05 1.000000100000000021e-05 1.000000100000000021e-05 1.000000100000000021e-05 1.000000100000000021e-05 1.000000100000000021e-05 1.000000100000000021e-05 1.000000100000000021e-05
2.428220192422655965e-02 7.613661428113827241e-03 1.895521315057961518e-05 1.000000000000000021e-08 1.000000000000000021e-08 1.000000000000000021e-08 1.000000000000000021e-08 1.000000000000000021e-08 1.000000000000000021e-08 1.427420048605991225e-05 2.591957251753106777e-05 2.283674324736629103e-04 3.480623464346520589e-05 1.382377286322887256e-05 1.723259413291608336e-05 1.657527231085726077e-04 1.158192531854552966e-03 1.391874606540099589e-03 2.085432481830147306e-03 6.884552812073933652e-03 1.320318181138004294e-04 1.759567469789668831e-03 2.758634754102290719e-05 1.464973224946699053e-05 1.000000000000000021e-08 1.000000000000000021e-08 1.000000100000000021e-05 1.000000100000000021e-05 1.000000100000000021e-05 1.000000100000000021e-05 1.000000100000000021e-05 1.000000100000000021e-05 1.000000100000000021e-05 1.000000100000000021e-05 1.000000100000000021e-05 1.000000100000000021e-05 1.000000100000000021e-05
2.709581950711293166e-02 9.364093566971277635e-03 2.520022374361222608e-05 1.000000000000000021e-08 1.000000000000000021e-08 1.000000000000000021e-08 1.184175276879425310e-05 2.060589551235924717e-05 3.278275916222207135e-05 5.154777028212924545e-05 1.520669297555923795e-03 5.141170216877075354e-04 4.832669573182559624e-04 7.241819825755357572e-04 1.417795362502183342e-03 1.027746994198590336e-02 1.836532311902651588e-03 1.183552665641472322e-03 1.000000000000000021e-08 1.000000000000000021e-08 1.000000000000000021e-08 1.000000000000000021e-08 1.000000000000000021e-08 1.000000000000000021e-08 1.000000000000000021e-08 1.000000000000000021e-08 1.000000100000000021e-05 1.000000100000000021e-05 1.000000100000000021e-05 1.000000100000000021e-05 1.000000100000000021e-05 1.000000100000000021e-05 1.000000100000000021e-05 1.000000100000000021e-05 1.000000100000000021e-05 1.000000100000000021e-05 1.000000100000000021e-05
2.919470853284326234e-02 1.158230291165501108e-01 1.080898200629065123e-04 1.000000000000000021e-08 1.000000000000000021e-08 1.000000000000000021e-08 1.000000000000000021e-08 1.000000000000000021e-08 1.000000000000000021e-08 1.570188672667771856e-05 1.044463230326652016e-04 1.255439510962508276e-02 1.119133298415658957e-03 1.300900725733585873e-03 1.474097638423046584e-03 1.000000000000000021e-08 1.000000000000000021e-08 1.000000000000000021e-08 1.000000000000000021e-08 1.000000000000000021e-08 1.000000000000000021e-08 1.000000000000000021e-08 1.000000000000000021e-08 1.000000000000000021e-08 1.000000000000000021e-08 1.000000000000000021e-08 1.000000100000000021e-05 1.000000100000000021e-05 1.000000100000000021e-05 1.000000100000000021e-05 1.000000100000000021e-05 1.000000100000000021e-05 1.000000100000000021e-05 1.000000100000000021e-05 1.000000100000000021e-05 1.000000100000000021e-05 1.000000100000000021e-05
1.390946158418970705e-04 9.110005435008305952e-02 4.162686377922910491e-02 1.354088004311827624e-04 1.000000000000000021e-08 1.000000000000000021e-08 1.000000000000000021e-08 1.000000000000000021e-08 1.000000000000000021e-08 1.000000000000000021e-08 7.756947354358425726e-05 1.093794796451394088e-02 1.163897445365972595e-02 1.148386863471999786e-03 2.166526483911879750e-04 1.000000000000000021e-08 1.000000000000000021e-08 1.000000000000000021e-08 1.000000000000000021e-08 1.000000000000000021e-08 1.000000000000000021e-08 1.000000000000000021e-08 1.000000000000000021e-08 1.000000000000000021e-08 1.000000000000000021e-08 1.000000000000000021e-08 1.000000100000000021e-05 1.000000100000000021e-05 1.000000100000000021e-05 1.000000100000000021e-05 1.000000100000000021e-05 1.000000100000000021e-05 1.000000100000000021e-05 1.000000100000000021e-05 1.000000100000000021e-05 1.000000100000000021e-05 1.000000100000000021e-05
1.000000000000000021e-08 1.000000000000000021e-08 4.197203542246975144e-02 2.107737798405182744e-02 1.869939144955823015e-02 3.834886585261131249e-03 1.000000000000000021e-08 1.000000000000000021e-08 1.000000000000000021e-08 1.000000000000000021e-08 5.390587417877725792e-05 3.385417206766432475e-03 9.534207959020952333e-03 1.352764525893774986e-04 3.186533962357612293e-05 1.000000000000000021e-08 1.000000000000000021e-08 1.000000000000000021e-08 1.000000000000000021e-08 1.000000000000000021e-08 1.000000000000000021e-08 1.000000000000000021e-08 1.000000000000000021e-08 1.000000000000000021e-08 1.000000000000000021e-08 1.000000000000000021e-08 1.000000100000000021e-05 1.000000100000000021e-05 1.000000100000000021e-05 1.000000100000000021e-05 1.000000100000000021e-05 1.000000100000000021e-05 1.000000100000000021e-05 1.000000100000000021e-05 1.000000100000000021e-05 1.000000100000000021e-05 1.000000100000000021e-05
1.000000000000000021e-08 1.000000000000000021e-08 1.000000000000000021e-08 2.124611320476745696e-02 1.118083825490976124e-01 9.161415208532339149e-02 4.414181666325087822e-02 1.948539794653981506e-04 1.072246650399328476e-04 1.067480467767879760e-03 1.301342148195632018e-03 2.347504799043950621e-03 1.924465972922420403e-04 2.243655985197797256e-03 1.000000000000000021e-08 1.000000000000000021e-08 1.000000000000000021e-08 1.000000000000000021e-08 1.000000000000000021e-08 1.000000000000000021e-08 1.000000000000000021e-08 1.000000000000000021e-08 1.000000000000000021e-08 1.000000000000000021e-08 1.000000000000000021e-08 1.000000000000000021e-08 1.000000100000000021e-05 1.000000100000000021e-05 1.000000100000000021e-05 1.000000100000000021e-05 1.000000100000000021e-05 1.000000100000000021e-05 1.000000100000000021e-05 1.000000100000000021e-05 1.000000100000000021e-05 1.000000100000000021e-05 1.000000100000000021e-05
1.000000000000000021e-08 1.000000000000000021e-08 1.000000000000000021e-08 5.879528271350258068e-05 5.603703033117775394e-05 4.827519959930423539e-05 3.709295873316421910e-02 8.529596246822111760e-03 2.613678590337618554e-03 1.349452455055279816e-03 1.435669960508162467e-03 1.299435524431197730e-03 1.000000000000000021e-08 1.000000000000000021e-08 1.000000000000000021e-08 1.000000000000000021e-08 1.000000000000000021e-08 1.000000000000000021e-08 1.000000000000000021e-08 1.000000000000000021e-08 1.237029759051118682e-05 1.000000000000000021e-08 1.000000000000000021e-08 1.000000000000000021e-08 1.000000000000000021e-08 1.000000000000000021e-08 1.000000100000000021e-05 1.000000100000000021e-05 1.000000100000000021e-05 1.000000100000000021e-05 1.000000100000000021e-05 1.000000100000000021e-05 1.000000100000000021e-05 1.000000100000000021e-05 1.000000100000000021e-05 1.000000100000000021e-05 1.000000100000000021e-05
1.000000000000000021e-08 1.000000000000000021e-08 1.000000000000000021e-08 1.000000000000000021e-08 1.000000000000000021e-08 1.000000000000000021e-08 3.734809183969240581e-02 9.825356365156023841e-02 9.245196699957457243e-02 1.699686061689303137e-03 1.187710197808005026e-03 7.332759105060783315e-04 1.000000000000000021e-08 1.000000000000000021e-08 1.000000000000000021e-08 1.000000000000000021e-08 1.000000000000000021e-08 1.000000000000000021e-08 1.000000000000000021e-08 1.607696323602739858e-05 1.000000000000000021e-08 1.052323770424621710e-05 1.000000000000000021e-08 1.000000000000000021e-08 1.000000000000000021e-08 1.561716348283467436e-05 1.406326124987908132e-05 1.000000100000000021e-05 1.000000100000000021e-05 1.000000100000000021e-05 1.000000100000000021e-05 1.000000100000000021e-05 1.000000100000000021e-05 1.000000100000000021e-05 1.000000100000000021e-05 1.000000100000000021e-05 1.000000100000000021e-05
