output/water_depth_11520.asc
ncols 223
nrows 158
xllcorner 0.0
yllcorner 0.0
cellsize 30.0
[rows 102 to 118 of 158, columns 185 to 221 of 223]
1.000000000000000021e-08 1.000000000000000021e-08 1.000000000000000021e-08 1.000000000000000021e-08 1.000000000000000021e-08 1.000000000000000021e-08 1.287736501107556580e-02 1.041754170617395781e-01 4.341672292866078265e-04 1.872923144123622566e-04 1.336855670297079960e-04 5.542009344484772010e-05 3.987750603175799132e-05 4.166975101487423535e-05 4.465642475234241635e-05 4.037784758628269082e-05 1.310026136234980426e-05 1.000000000000000021e-08 1.000000000000000021e-08 1.000000000000000021e-08 1.000000000000000021e-08 1.000000000000000021e-08 1.000000000000000021e-08 1.000000000000000021e-08 1.000000000000000021e-08 1.000000000000000021e-08 1.000000000000000021e-08 1.000000000000000021e-08 1.000000000000000021e-08 1.000000000000000021e-08 1.000000100000000021e-05 1.000000100000000021e-05 1.000000100000000021e-05 1.000000100000000021e-05 1.000000100000000021e-05 1.000000100000000021e-05 1.000000100000000021e-05
1.072156245079514448e-05 1.002235549668529993e-05 1.922691772368812163e-05 1.901753924926224902e-05 1.610908765580633753e-05 1.000000000000000021e-08 2.390263881354725423e-03 5.690438714419286670e-02 1.616097102149829381e-04 6.380546511575713718e-05 9.169216647808194618e-05 1.260638424958420410e-04 1.141976250101707388e-04 8.852919373060998327e-05 6.527213460247218834e-05 2.344215726681946413e-05 6.968678315434494619e-05 1.000000000000000021e-08 1.000000000000000021e-08 1.000000000000000021e-08 1.000000000000000021e-08 1.000000000000000021e-08 1.000000000000000021e-08 1.000000000000000021e-08 1.000000000000000021e-08 1.000000000000000021e-08 1.000000000000000021e-08 1.000000000000000021e-08 1.000000000000000021e-08 1.000000000000000021e-08 1.000000100000000021e-05 1.000000100000000021e-05 1.000000100000000021e-05 1.000000100000000021e-05 1.000000100000000021e-05 1.000000100000000021e-05 1.000000100000000021e-05
1.000000000000000021e-08 1.000000000000000021e-08 1.000000000000000021e-08 1.000000000000000021e-08 3.330106020966898866e-05 4.740345767644630888e-04 1.334341532258719598e-01 5.717616163214339631e-02 1.948791573232271882e-05 1.000000000000000021e-08 1.000000000000000021e-08 1.000000000000000021e-08 1.000000000000000021e-08 1.000000000000000021e-08 1.000000000000000021e-08 4.930436912515515931e-05 1.369894947201568617e-04 3.041233500976214883e-05 2.703061987802347416e-05 1.539386404625349444e-05 1.000000000000000021e-08 1.000000000000000021e-08 1.000000000000000021e-08 1.000000000000000021e-08 1.000000000000000021e-08 1.000000000000000021e-08 1.000000000000000021e-08 1.000000000000000021e-08 1.000000000000000021e-08 1.000000000000000021e-08 1.000000100000000021e-05 1.000000100000000021e-05 1.000000100000000021e-05 1.000000100000000021e-05 1.000000100000000021e-05 1.000000100000000021e-05 1.000000100000000021e-05
1.000000000000000021e-08 1.000000000000000021e-08 1.000000000000000021e-08 1.000000000000000021e-08 9.368833259549305898e-05 9.052783230545113913e-02 1.031574654230304616e-01 3.622521451477182401e-05 1.000000000000000021e-08 1.000000000000000021e-08 1.000000000000000021e-08 1.000000000000000021e-08 1.000000000000000021e-08 1.000000000000000021e-08 1.520420085088978732e-05 2.263189139537684445e-05 3.931898823630981636e-03 2.399206019211534368e-05 1.000000000000000021e-08 1.000000000000000021e-08 1.000000000000000021e-08 1.000000000000000021e-08 1.000000000000000021e-08 1.000000000000000021e-08 1.000000000000000021e-08 1.000000000000000021e-08 1.000000000000000021e-08 1.000000000000000021e-08 1.000000000000000021e-08 1.000000000000000021e-08 1.000000100000000021e-05 1.000000100000000021e-05 1.000000100000000021e-05 1.000000100000000021e-05 1.000000100000000021e-05 1.000000100000000021e-05 1.000000100000000021e-05
7.080180732022938730e-05 5.542656078729184168e-05 1.000000000000000021e-08 1.000000000000000021e-08 3.355019543394165593e-05 7.779195713324747741e-02 8.338145734124936814e-02 6.299512221067329215e-05 4.288587669302406475e-05 3.362491007236381149e-05 2.230475930434252748e-05 1.631973560775825701e-05 1.213607378984163337e-05 1.811139565294300500e-05 1.000000000000000021e-08 1.000000000000000021e-08 3.357678318085607991e-03 4.457067542318042682e-05 1.000000000000000021e-08 1.000000000000000021e-08 1.000000000000000021e-08 1.000000000000000021e-08 1.000000000000000021e-08 1.000000000000000021e-08 1.000000000000000021e-08 1.000000000000000021e-08 1.000000000000000021e-08 1.601865704101951391e-05 1.000000000000000021e-08 1.000000000000000021e-08 1.000000100000000021e-05 1.000000100000000021e-05 1.000000100000000021e-05 1.000000100000000021e-05 1.000000100000000021e-05 1.000000100000000021e-05 1.000000100000000021e-05
2.168509590123940324e-05 5.768514288035854639e-05 5.030126799349100391e-05 4.234829355615399635e-05 5.328470135242409475e-05 4.112747502579967157e-02 5.696917801428699746e-02 1.000000000000000021e-08 1.000000000000000021e-08 1.000000000000000021e-08 1.000000000000000021e-08 3.888083585201372247e-05 3.636533834402738452e-05 1.000000000000000021e-08 1.000000000000000021e-08 1.000000000000000021e-08 4.391239051859382797e-04 5.103761040595915580e-05 5.455616507329222488e-05 6.444098388578278216e-05 5.491385519248369014e-05 4.553010133526464185e-05 3.567758723852481321e-05 2.599061370327375689e-05 1.378031286329647824e-05 1.000000000000000021e-08 1.000000000000000021e-08 1.000000000000000021e-08 1.000000000000000021e-08 1.000000100000000021e-05 1.000000100000000021e-05 1.000000100000000021e-05 1.000000100000000021e-05 1.000000100000000021e-05 1.000000100000000021e-05 1.000000100000000021e-05 1.000000100000000021e-05
1.472917306606658681e-05 1.781423226106004752e-05 3.409145315070626552e-05 1.000000000000000021e-08 7.550400190403803102e-05 1.128971439611616001e-01 1.523425588625066870e-02 1.000000000000000021e-08 1.254989658769644522e-05 1.172856243393236243e-05 1.141169958957862984e-05 1.000000000000000021e-08 1.000000000000000021e-08 1.000000000000000021e-08 1.000000000000000021e-08 1.000000000000000021e-08 4.677848752038038039e-04 6.320027297626086300e-05 4.089995247966204587e-05 1.168337677040352992e-05 1.000000000000000021e-08 1.000000000000000021e-08 1.000000000000000021e-08 1.000000000000000021e-08 1.000000000000000021e-08 1.000000000000000021e-08 1.000000000000000021e-08 1.000000000000000021e-08 1.000000000000000021e-08 1.000000100000000021e-05 1.000000100000000021e-05 1.000000100000000021e-05 1.000000100000000021e-05 1.000000100000000021e-05 1.000000100000000021e-05 1.000000100000000021e-05 1.000000100000000021e-05
1.000000000000000021e-08 1.944657403567747158e-05 3.742128832364078001e-05 5.740092462103316628e-05 7.823678358596999893e-02 8.076874242924358960e-02 6.810515516630487320e-02 5.472461985862129289e-05 1.000000000000000021e-08 1.000000000000000021e-08 1.000000000000000021e-08 1.000000000000000021e-08 1.549234673753418929e-05 1.000000000000000021e-08 1.000000000000000021e-08 1.000000000000000021e-08 6.183857276904855885e-03 9.702071208211004961e-05 2.512506131778654588e-05 1.000000000000000021e-08 1.000000000000000021e-08 1.000000000000000021e-08 1.000000000000000021e-08 1.000000000000000021e-08 1.000000000000000021e-08 1.000000000000000021e-08 1.000000000000000021e-08 1.000000000000000021e-08 1.000000000000000021e-08 1.000000100000000021e-05 1.000000100000000021e-05 1.000000100000000021e-05 1.000000100000000021e-05 1.000000100000000021e-05 1.000000100000000021e-05 1.000000100000000021e-05 1.000000100000000021e-05
1.000000000000000021e-08 1.000000000000000021e-08 1.000000000000000021e-08 1.000000000000000021e-08 1.000000000000000021e-08 3.491496279202837422e-02 2.810833706292190093e-02 5.063538464199421872e-05 1.000000000000000021e-08 1.000000000000000021e-08 1.000000000000000021e-08 1.000000000000000021e-08 1.000000000000000021e-08 1.000000000000000021e-08 1.346712645704357723e-05 3.660456507857824237e-03 4.487406033680536865e-03 1.154069897117723748e-05 1.712158963023467680e-05 1.000000000000000021e-08 1.000000000000000021e-08 1.000000000000000021e-08 1.000000000000000021e-08 1.000000000000000021e-08 1.000000000000000021e-08 1.000000000000000021e-08 1.000000000000000021e-08 1.000000000000000021e-08 1.000000000000000021e-08 1.000000100000000021e-05 1.000000100000000021e-05 1.000000100000000021e-05 1.000000100000000021e-05 1.000000100000000021e-05 1.000000100000000021e-05 1.000000100000000021e-05 1.000000100000000021e-05
1.000000000000000021e-08 1.000000000000000021e-08 1.000000000000000021e-08 1.000000000000000021e-08 1.000000000000000021e-08 1.941309446788353626e-02 4.392570162047699373e-02 7.641593545102423829e-05 1.000000000000000021e-08 1.000000000000000021e-08 1.000000000000000021e-08 1.000000000000000021e-08 1.000000000000000021e-08 1.000000000000000021e-08 1.000000000000000021e-08 4.642779257790297445e-04 6.978203552917010451e-04 1.000000000000000021e-08 1.000000000000000021e-08 1.778368006683737337e-05 1.076875588291916286e-05 1.000000000000000021e-08 1.000000000000000021e-08 1.000000000000000021e-08 1.000000000000000021e-08 1.000000000000000021e-08 1.000000000000000021e-08 1.000000000000000021e-08 1.000000000000000021e-08 1.000000100000000021e-05 1.000000100000000021e-05 1.000000100000000021e-05 1.000000100000000021e-05 1.000000100000000021e-05 1.000000100000000021e-05 1.000000100000000021e-05 1.000000100000000021e-05
1.000000000000000021e-08 1.000000000000000021e-08 1.000000000000000021e-08 1.000000000000000021e-08 1.000000000000000021e-08 1.192317714653173474e-02 5.174470295779454859e-02 6.620460646761686736e-05 1.000000000000000021e-08 1.000000000000000021e-08 1.000000000000000021e-08 1.000000000000000021e-08 1.000000000000000021e-08 1.000000000000000021e-08 1.000000000000000021e-08 7.016854510135608772e-04 9.070846021112277701e-05 1.000000000000000021e-08 2.619554971307679495e-05 1.000000000000000021e-08 1.000000000000000021e-08 1.000000000000000021e-08 1.000000000000000021e-08 1.000000000000000021e-08 1.000000000000000021e-08 1.000000000000000021e-08 1.000000000000000021e-08 1.000000000000000021e-08 1.000000000000000021e-08 1.000000100000000021e-05 1.000000100000000021e-05 1.000000100000000021e-05 1.000000100000000021e-05 1.000000100000000021e-05 1.000000100000000021e-05 1.000000100000000021e-05 1.000000100000000021e-05
2.883740278343331734e-05 2.691774351494499558e-05 2.760976681211544192e-05 1.000000000000000021e-08 1.000000000000000021e-08 1.473525127795287659e-01 1.465250432298617900e-01 1.298664397684110294e-01 1.000000000000000021e-08 1.000000000000000021e-08 1.000000000000000021e-08 1.000000000000000021e-08 1.000000000000000021e-08 1.000000000000000021e-08 9.525965743950093323e-03 1.140074947428696729e-03 6.869520096574539326e-05 1.000000000000000021e-08 1.000000000000000021e-08 1.000000000000000021e-08 1.000000000000000021e-08 1.198331917600413034e-05 1.846837612480579712e-05 1.963043869150630545e-05 1.680347231904550620e-05 1.000000000000000021e-08 1.000000000000000021e-08 1.000000000000000021e-08 1.000000000000000021e-08 1.000000100000000021e-05 1.000000100000000021e-05 1.000000100000000021e-05 1.000000100000000021e-05 1.000000100000000021e-05 1.000000100000000021e-05 1.000000100000000021e-05 1.000000100000000021e-05
4.895620166075535101e-02 5.035886016833349826e-02 5.131479180336358248e-02 5.200506916805276714e-02 5.254624619091115972e-02 1.498385035841367230e-01 1.433330562376614881e-01 1.115171014434303276e-01 6.173895104739138967e-02 1.000000000000000021e-08 1.000000000000000021e-08 1.000000000000000021e-08 1.000000000000000021e-08 1.000000000000000021e-08 7.457795365749400086e-03 1.338695789428261899e-04 7.713734810961011103e-05 1.000000000000000021e-08 1.000000000000000021e-08 1.000000000000000021e-08 1.000000000000000021e-08 2.799587049448413166e-05 2.873430076279003559e-05 2.207854522478826852e-05 2.303125423839251534e-05 2.513119917080833222e-05 1.478010895714172422e-05 1.000000000000000021e-08 1.000000000000000021e-08 1.000000100000000021e-05 1.000000100000000021e-05 1.000000100000000021e-05 1.000000100000000021e-05 1.000000100000000021e-05 1.000000100000000021e-05 1.000000100000000021e-05 1.000000100000000021e-05
4.739558093227363815e-03 3.238714182097608002e-03 2.057013496951804691e-03 1.363735192240096705e-03 8.698133286949828952e-04 6.005010153728745524e-04 3.431499202543271182e-04 6.034858600415098778e-02 1.916854488580781446e-01 1.487269897487811798e-01 7.407505424049248832e-04 2.307508565337452956e-04 6.215723551201781413e-05 9.448030337393204469e-05 8.476442825717294067e-04 1.064121951910116526e-04 1.565712656972820832e-05 2.556300910582787325e-05 3.204302985585553808e-05 3.441292585482384671e-05 4.272671140970319803e-05 5.130584647102396831e-05 2.090777295120617522e-05 1.000000000000000021e-08 1.313372660784757906e-05 1.000000000000000021e-08 1.000000000000000021e-08 1.000000000000000021e-08 1.000000000000000021e-08 1.000000100000000021e-05 1.000000100000000021e-05 1.000000100000000021e-05 1.000000100000000021e-05 1.000000100000000021e-05 1.000000100000000021e-05 1.000000100000000021e-05 1.000000100000000021e-05
1.000000000000000021e-08 1.000000000000000021e-08 1.000000000000000021e-08 1.000000000000000021e-08 1.124773801943767448e-05 1.000000000000000021e-08 1.000000000000000021e-08 1.433234903626678122e-04 2.526676699192855575e-04 6.227759771447393539e-02 6.278380875113206971e-02 5.214335474160226337e-04 1.447200065067145297e-04 1.390734868806624432e-04 7.176504927372924980e-04 9.577132442514874815e-05 7.533564700354658734e-05 9.157762937556336504e-05 1.158495684974485200e-04 9.864721366639995451e-05 6.866529718825135117e-05 2.998935872183927502e-05 2.318289400967468649e-05 1.000000000000000021e-08 1.116180927056057357e-05 1.000000000000000021e-08 1.000000000000000021e-08 1.000000000000000021e-08 1.000000000000000021e-08 1.000000100000000021e-05 1.000000100000000021e-05 1.000000100000000021e-05 1.000000100000000021e-05 1.000000100000000021e-05 1.000000100000000021e-05 1.000000100000000021e-05 1.000000100000000021e-05
1.000000000000000021e-08 1.000000000000000021e-08 1.000000000000000021e-08 1.000000000000000021e-08 1.000000000000000021e-08 5.445464668751077205e-04 1.000000000000000021e-08 1.000000000000000021e-08 1.000000000000000021e-08 3.124272538779381339e-02 1.492750274737238148e-01 1.392035705942926138e-01 2.075243314828574938e-04 1.155704941643799142e-04 6.303481992063156986e-04 2.166403866999979907e-04 1.315352373698791034e-04 7.640277023700325183e-05 2.113639510486598172e-05 2.053065001547180185e-05 1.952452125363286228e-05 1.995581404566072173e-05 2.182194898398870148e-05 2.504372636544341694e-05 1.580043021302645598e-05 1.000000000000000021e-08 1.000000000000000021e-08 1.000000000000000021e-08 1.000000100000000021e-05 1.000000100000000021e-05 1.000000100000000021e-05 1.000000100000000021e-05 1.000000100000000021e-05 1.000000100000000021e-05 1.000000100000000021e-05 1.000000100000000021e-05 1.000000100000000021e-05
1.000000000000000021e-08 1.000000000000000021e-08 1.000000000000000021e-08 1.000000000000000021e-08 1.000000000000000021e-08 5.104809578439838754e-05 7.694440299506548721e-05 3.525735177183085317e-05 4.353878836592282528e-05 1.275599232552786511e-01 1.325676101981394517e-01 1.278835486545777111e-01 1.262807679166259578e-01 4.445742203098067909e-04 6.248570424841327052e-05 2.334428915447200539e-05 2.471392550238508596e-05 2.517754727011258897e-05 1.645562507987485509e-05 1.000000000000000021e-08 1.000000000000000021e-08 1.000000000000000021e-08 1.000000000000000021e-08 1.000000000000000021e-08 1.000000000000000021e-08 1.000000000000000021e-08 1.000000000000000021e-08 1.000000000000000021e-08 1.000000100000000021e-05 1.000000100000000021e-05 1.000000100000000021e-05 1.000000100000000021e-05 1.000000100000000021e-05 1.000000100000000021e-05 1.000000100000000021e-05 1.000000100000000021e-05 1.000000100000000021e-05
