output/water_depth_600.asc
ncols 223
nrows 158
xllcorner 0.0
yllcorner 0.0
cellsize 30.0
[rows 0 to 16 of 158, columns 111 to 147 of 223]
1.000000100000000021e-05 1.000000100000000021e-05 1.000000100000000021e-05 1.000000100000000021e-05 1.000000100000000021e-05 1.000000100000000021e-05 1.000000100000000021e-05 1.000000100000000021e-05 1.000000100000000021e-05 1.000000100000000021e-05 1.000000100000000021e-05 1.000000100000000021e-05 1.000000100000000021e-05 1.000000100000000021e-05 1.000000100000000021e-05 1.000000100000000021e-05 1.000000100000000021e-05 1.000000100000000021e-05 1.000000100000000021e-05 1.000000100000000021e-05 1.000000100000000021e-05 1.000000100000000021e-05 1.000000100000000021e-05 1.000000100000000021e-05 1.000000100000000021e-05 1.000000100000000021e-05 1.000000100000000021e-05 1.000000100000000021e-05 1.000000100000000021e-05 1.000000100000000021e-05 1.000000100000000021e-05 1.000000100000000021e-05 1.000000100000000021e-05 1.000000100000000021e-05 1.000000100000000021e-05 1.000000100000000021e-05 1.000000100000000021e-05
1.000000100000000021e-05 1.000000100000000021e-05 1.000000100000000021e-05 1.000000100000000021e-05 1.000000100000000021e-05 1.000000100000000021e-05 1.000000100000000021e-05 1.000000100000000021e-05 1.000000100000000021e-05 1.000000100000000021e-05 1.000000100000000021e-05 1.000000100000000021e-05 1.000000100000000021e-05 1.000000100000000021e-05 1.000000100000000021e-05 1.000000100000000021e-05 1.000000100000000021e-05 1.000000100000000021e-05 1.000000100000000021e-05 1.000000100000000021e-05 1.000000100000000021e-05 1.000000100000000021e-05 1.000000100000000021e-05 1.000000100000000021e-05 1.000000100000000021e-05 1.000000100000000021e-05 1.000000100000000021e-05 1.000000100000000021e-05 1.000000100000000021e-05 1.000000100000000021e-05 1.000000100000000021e-05 1.000000100000000021e-05 1.000000100000000021e-05 1.000000100000000021e-05 1.000000100000000021e-05 1.000000100000000021e-05 1.000000100000000021e-05
1.000000100000000021e-05 1.000000100000000021e-05 1.000000100000000021e-05 1.000000100000000021e-05 1.000000100000000021e-05 1.000000100000000021e-05 1.000000100000000021e-05 1.000000100000000021e-05 1.000000100000000021e-05 1.000000100000000021e-05 1.000000100000000021e-05 1.000000100000000021e-05 1.000000100000000021e-05 1.000000100000000021e-05 1.000000100000000021e-05 1.000000100000000021e-05 1.000000100000000021e-05 1.000000100000000021e-05 1.930459027175454850e-03 3.115342384993130369e-03 3.856929656791505123e-03 4.095273986636916233e-03 1.467159089146117222e-02 1.000000100000000021e-05 1.000000100000000021e-05 1.000000100000000021e-05 1.000000100000000021e-05 1.000000100000000021e-05 1.000000100000000021e-05 8.010760505047049770e-03 5.695824090872078464e-03 9.246123302438631619e-03 9.291207601867898513e-03 1.000000100000000021e-05 1.000000100000000021e-05 1.000000100000000021e-05 1.000000100000000021e-05
1.594137827630031506e-02 1.474570859099651535e-02 1.108984201016592099e-02 6.132149160059750109e-03 4.454457079805503560e-03 4.129863011730862919e-03 4.055021803593530927e-03 4.045581089878863383e-03 4.044863454903418858e-03 8.477036120914870423e-03 9.686536186366705853e-03 9.331198211773802237e-03 9.094226591263424031e-03 9.319127578096518538e-03 9.547244403239937838e-03 9.263009452852894940e-03 5.691906868702760816e-03 4.455415994944952711e-03 5.304988892515535501e-03 6.577262298136275602e-03 1.361380479582014261e-02 2.860066071693767240e-02 1.377348056625469705e-02 2.972793139406274768e-03 3.340563287722884533e-03 6.793459553400143375e-03 4.233442824523016290e-03 2.286871629420454341e-03 2.938788933998604056e-03 1.747334436360470020e-02 7.140869916414461019e-03 5.740724112032294033e-03 7.682676979452271286e-03 1.120856346823614902e-02 6.922279503429449969e-03 1.000000100000000021e-05 1.000000100000000021e-05
4.499381365518851511e-03 2.784193459319947873e-03 4.006443530759768758e-03 6.655684896244139920e-03 7.390339383576635841e-03 1.192914219129227391e-02 9.002158869255738258e-03 7.900178234498100513e-03 1.219265624935326510e-02 1.322995251352047583e-02 1.066332272578219068e-02 6.408823019046668013e-03 5.047656188283432439e-03 7.687486616510141001e-03 8.831021959838356028e-03 5.990027587342759696e-03 1.112328800723184560e-02 1.795715611746136892e-02 2.284614104476852953e-02 2.542198801905536099e-02 1.990680092764565701e-02 9.069966859901133424e-03 6.114244267903353597e-03 6.040704788423254673e-03 6.766528829879036103e-03 1.295590965352324229e-02 8.056555358847873258e-03 3.557375894067197654e-03 5.801958955210951424e-03 2.425107778484155568e-02 9.372913380260371879e-03 9.533761198777203003e-03 2.276306037167008262e-03 2.380907913669335317e-03 3.759390044100229152e-03 8.639314763671596814e-03 7.579328927823498346e-03
5.323044396447203924e-03 5.820152267643557802e-03 6.892360470859358601e-03 8.394761669781959645e-03 9.038910106149643589e-03 9.870879770557342697e-03 1.518777640679954896e-02 1.117529226488253070e-02 1.151228618555800130e-02 4.499729137045287500e-03 4.312462658304002001e-03 6.869932747516516169e-03 7.538467767366029311e-03 5.618130216373355690e-03 4.909113063603331474e-03 7.014050239316504953e-03 5.812269842330642852e-03 4.488664614829916862e-03 6.185193331233251185e-03 7.063745210356075187e-03 7.723297330570432634e-03 9.977780335929746156e-03 1.985908327081554320e-02 2.437658150223208364e-02 1.365115217634732536e-02 1.209528805332732611e-02 1.436105811260289349e-02 5.006894774299620529e-03 1.528966971078785271e-02 2.609364626088292449e-02 8.578219840304457736e-03 5.511836490560991127e-03 6.183257674641928422e-03 6.216035440714706012e-03 6.156379485431473682e-03 5.168991282421819822e-03 6.623624237274214864e-03
1.713983690738889523e-02 1.594207182105376180e-02 1.113988641421522797e-02 1.000038981449827800e-02 9.816622426509212171e-03 6.316486057107590854e-03 1.376149944474396904e-02 2.287079750925252730e-02 1.444101693803164291e-02 8.968010122983770954e-03 7.714623630211947178e-03 1.284278876631897784e-02 6.223259857532282245e-03 7.395129471964111308e-03 7.667975789384883466e-03 8.638412971170994145e-03 2.062112547790204142e-02 4.172960598433870030e-03 4.087054054531170065e-03 3.924945201436617383e-03 4.861167999797036399e-03 1.502134016377280890e-02 9.903313121988985279e-03 8.751004812560067569e-03 2.139551848634576106e-02 2.594411836128850124e-02 2.839815723067070502e-02 1.881870735513201109e-02 3.513164244231516825e-02 1.008161662495724725e-02 1.362116082796871637e-02 8.398339812568822449e-03 8.788520072842885555e-03 8.671067016833632762e-03 8.293572625947064070e-03 7.367701424967463934e-03 6.266911712221856154e-03
3.994522620296370174e-03 4.971541784269299137e-03 8.685997037021964476e-03 9.616084418151813959e-03 9.848639673358349292e-03 8.671635229560280961e-03 7.180452158832947157e-03 6.615193583851152435e-03 1.092359913846606412e-02 1.012634109987041453e-02 9.486546539331839820e-03 1.696606105186340349e-02 1.732277416354202279e-02 2.423626504062988476e-02 2.696890352711628011e-02 2.707725644507584517e-02 2.150662562501039210e-02 2.979025308155662521e-02 6.031163731801292283e-03 4.537332221139842373e-03 1.250717016293276425e-02 1.598725095784551964e-02 4.750813892809280063e-03 5.391699727653271636e-03 5.843746724607481145e-03 6.139587835074209604e-03 6.197697114586090024e-03 9.739656271921592195e-03 1.585915791899161417e-02 1.422423967609495743e-02 6.764090506575021894e-03 9.541551156720317825e-03 9.693426776478674539e-03 9.647267282829063290e-03 9.444247590484821861e-03 8.834346178658535748e-03 7.459519184461470796e-03
5.813673175191208867e-03 1.844151191047197283e-02 1.816339525124487098e-02 2.346887482920786278e-02 1.394655674324306489e-02 1.054289924280377155e-02 4.732134822715131084e-03 2.111385318751339037e-03 2.311577324148837969e-03 7.322921198586785502e-03 1.758357847475566088e-02 1.754761687596850459e-02 1.752207378205179397e-02 1.187961992412377502e-02 1.148593234268767763e-02 8.494037849444368432e-03 8.158813637631764232e-03 8.549234185132746980e-03 1.734144084051288809e-02 1.937186093838268869e-02 1.074440971033310648e-02 1.147012384002085369e-02 2.885507817003759180e-03 2.445143382070725201e-03 2.397768922497977087e-03 2.157578983817265775e-03 2.139226820314362159e-03 3.678367626343948156e-03 9.517458275998735492e-03 2.267783051259678051e-02 8.844044711471302569e-03 9.848812105914050291e-03 9.887901632494986229e-03 9.880671288495734839e-03 9.832532752928755532e-03 9.624373880554712782e-03 8.957412518278516991e-03
2.060712237492546769e-02 1.072964358316128367e-02 1.341613973122516082e-02 7.260449077651864522e-03 9.903769610840329474e-03 9.912978786027025827e-03 7.490211082719159738e-03 6.675139300235543097e-03 6.260627351609633282e-03 1.424831732536652358e-02 2.726100340513865766e-02 6.836292584834049134e-03 7.212901426677063334e-03 8.159245589043647925e-03 1.270747461219481206e-02 3.841507696514817258e-03 5.636847599915335676e-03 5.530519753658783184e-03 4.789511736490037995e-03 2.806817781229510849e-03 3.945429527362112609e-03 2.116163609330268432e-03 3.290732690795397652e-03 5.110275681275047721e-03 5.750959646206144950e-03 5.905599640168634340e-03 5.927541282750678486e-03 6.984846309600046405e-03 1.578294690006587855e-02 1.986219703064621978e-02 9.622049330331294142e-03 9.906094358878845749e-03 9.912407768145869644e-03 9.912018239477703163e-03 9.907005988437533189e-03 9.870485881977886580e-03 9.685046232910762831e-03
5.178845241547182059e-03 2.784888294602443689e-03 2.363899237574290137e-03 6.448775246217647306e-03 1.367926185346283324e-02 1.702291628656776162e-02 1.667802236998994561e-02 1.569349931233390144e-02 1.075649012739953066e-02 1.604995368205375597e-02 2.208118223349691753e-02 2.918321255987495720e-03 4.313623929570823898e-03 5.224988763653113689e-03 5.724406168277468808e-03 1.421098481859987828e-02 2.290563094996926358e-03 2.467275388139949545e-03 3.033953827508990841e-03 5.250924405897226116e-03 4.582333811402421880e-03 5.702881697414794240e-03 6.670778379824270597e-03 7.907099877987577505e-03 8.565407203362641539e-03 8.716789419789648316e-03 8.750022148736691027e-03 9.075117119331054319e-03 1.830488372499081834e-02 1.911523072663112721e-02 9.856618739498600526e-03 9.913529128001330806e-03 9.914110453822587432e-03 9.914109890663467400e-03 9.913925333815796700e-03 9.910441733912679629e-03 9.873116925458389967e-03
1.344294215207254839e-02 1.328665674559796270e-02 1.267323288614692449e-02 1.026223985425489364e-02 1.163049215874173078e-02 1.593393814794432511e-02 1.287006153596036151e-02 7.747988955235341271e-03 1.406396752206032913e-02 1.108322093635573033e-02 1.295109169971260694e-02 4.921401765766212320e-03 1.828877546183429017e-03 1.953341124377879455e-03 2.133905027082985770e-03 2.092227245695468633e-03 4.440282011720113851e-03 5.273716274881436530e-03 6.727367186916609516e-03 7.977870571388420706e-03 7.931646148093506737e-03 8.347183141662325306e-03 8.870521682396005289e-03 9.385593355212705838e-03 9.630241540647630286e-03 9.689601110343146889e-03 9.697519633331040320e-03 9.762514231382310795e-03 1.899222807293445697e-02 1.932365316834134747e-02 1.130526189038712735e-02 1.433854126554006368e-02 9.914162558319304652e-03 9.914162558319304652e-03 9.914162174421590687e-03 9.913951303982258476e-03 9.907874712856512209e-03
1.479176611150539306e-02 1.322123188836065236e-02 1.108275930186652589e-02 6.576515747447491712e-03 1.418988412481795094e-02 8.167522550740316176e-03 9.858274024939245317e-03 8.985522204269303856e-03 1.135127387200455737e-02 9.463571611953313159e-03 5.671839899789798793e-03 4.413561759662259186e-03 4.668725830197644443e-03 5.541157345786105158e-03 5.963151560672822274e-03 1.002706600356313531e-02 4.865230901614445332e-03 7.408208502814459667e-03 8.669169337038993076e-03 9.374026558392443975e-03 9.395598684417140814e-03 9.533913244953081886e-03 9.702802651403118900e-03 9.831836371480249387e-03 9.879616053634463976e-03 9.887898043719842850e-03 9.888418188105362397e-03 1.466568816582604871e-02 2.042241341863859638e-02 1.934830014390655911e-02 9.224919815218102920e-03 6.888634872993647240e-03 9.914162609523855668e-03 9.914162609523855668e-03 9.914162609523855668e-03 9.914161867194281122e-03 9.913615738817981374e-03
1.104620605604717150e-02 1.528166584429368861e-02 8.005570889086866676e-03 1.976077637057963715e-02 1.253752526548262622e-02 1.423861703342971935e-02 1.169763276196690918e-02 1.499603098794617846e-02 1.511997131264464396e-02 7.675370861167937243e-03 5.045808928447801864e-03 6.513867529095962797e-03 7.637736250065727678e-03 8.347791338777396999e-03 1.306690940357961746e-02 7.154389918501435214e-03 7.586886453039853179e-03 8.789045731858579485e-03 9.516896670478244488e-03 9.802530141254039986e-03 9.821597904950549879e-03 9.855624879613543790e-03 9.889067998786716177e-03 9.907423813304859495e-03 1.968063065539100293e-02 7.647415100792669639e-03 9.154098664870191290e-03 1.006896866696509012e-02 2.741284464683065719e-02 2.566690125594011176e-02 2.731454207058524666e-02 1.483230176014674155e-02 9.914162609523855668e-03 9.914162609523855668e-03 9.914162609523855668e-03 9.914162583967055936e-03 9.914135330230720508e-03
9.978314653047645755e-03 9.727185276673055297e-03 1.996755464754963738e-02 1.240791285275329690e-02 8.332370064393700843e-03 6.672459878671734707e-03 1.058452802687650206e-02 1.094249596586237272e-02 6.107933089858450827e-03 7.384106575857632068e-03 7.538643620167506144e-03 8.448713083392732012e-03 9.204067248477741658e-03 9.573152549940944916e-03 1.108355199806604179e-02 1.364028487028646867e-02 6.227768101243820464e-03 8.542430939208799437e-03 9.534955773172924462e-03 9.841741120029412829e-03 9.895525051191299964e-03 9.908323830344246616e-03 1.466708424028065165e-02 1.021246619115643434e-02 4.410587168008229392e-03 7.355846205185600367e-03 8.925609635419759491e-03 6.142187874318232738e-03 2.038560347563701455e-02 2.128215395024419740e-02 2.654936110255444112e-02 1.649540134822317927e-02 1.536403591257905037e-02 9.914162609523855668e-03 9.914162583967055936e-03 9.914136763776268402e-03 9.913470447130324700e-03
8.401480755522727079e-03 8.636738556773281700e-03 8.104728456085950536e-03 6.943041018891137409e-03 3.363360068518461872e-03 2.330016364338601681e-03 2.081938054995907325e-03 3.913379255017590194e-03 4.017888514945212181e-03 4.329811220905564924e-03 1.550005383785062543e-02 1.658864753829619038e-02 1.648525607460224821e-02 1.178193667704684373e-02 2.211539983548712479e-02 2.705592667874364560e-02 1.856613001856334197e-02 1.187290285291376854e-02 1.028731803438270691e-02 9.970983106844445720e-03 9.920324204207220040e-03 9.914511372274802115e-03 1.144884627086278743e-02 1.032377258400950584e-02 8.181317307783986248e-03 8.648448737252267468e-03 9.462069170816477318e-03 8.589707906170165191e-03 1.996890454978954288e-02 4.403440594556827167e-03 5.851157572018731920e-03 8.773847938830065321e-03 1.714622733341205144e-02 2.804602223171380471e-02 2.804583927530395968e-02 2.804030665932580324e-02 2.797095196113653578e-02
5.819015795528898263e-03 5.915610486109085242e-03 4.814345045670400877e-03 2.816048106861245362e-03 5.161625637659682415e-03 5.902489989087855368e-03 6.143970382830532366e-03 6.852342919911473366e-03 7.478246376862019047e-03 7.627528761107470190e-03 3.955078298081328610e-03 5.064441187853558485e-03 5.650257339745582905e-03 1.320746657915943152e-02 8.594442567694869292e-03 6.626697045845232961e-03 6.524307923933180854e-03 9.247655726752356670e-03 9.753352311721330895e-03 9.880661491327855789e-03 1.433300768300589320e-02 6.888327481919386854e-03 9.260382381884056657e-03 9.764771150397364916e-03 9.359940440057045244e-03 9.551469813080557675e-03 9.800167378701672705e-03 1.972432219593750480e-02 6.461190658646942878e-03 6.340000603477874593e-03 1.230324371883626151e-02 1.628771956583015615e-02 1.536259014189877634e-02 9.914083790803060806e-03 9.912777628081613848e-03 9.891510965311253734e-03 9.724253831730977904e-03
