output/water_depth_3960.asc
ncols 223
nrows 158
xllcorner 0.0
yllcorner 0.0
cellsize 30.0
[rows 102 to 118 of 158, columns 74 to 110 of 223]
7.233091705194462969e-05 5.284391460606869151e-05 6.288530476661675266e-04 4.845725016363594670e-04 4.089571432659520341e-05 3.931973226179345880e-05 5.257839400976920522e-05 1.000000000000000021e-08 1.000000000000000021e-08 1.000000000000000021e-08 1.083610595448296940e-05 1.000000000000000021e-08 1.000000000000000021e-08 1.000000000000000021e-08 6.248116293727332018e-05 9.962188663156142381e-05 1.823011488373155479e-04 1.219273114638963788e-03 2.020493130913918103e-03 2.036747588950874391e-03 1.142053739459313304e-03 1.819103492027275993e-03 7.962520998819394222e-04 2.810439215767537163e-03 1.097313989593628764e-03 1.370652522309592477e-03 2.798768808110415045e-03 1.553424019542454107e-03 3.493830715657476166e-04 1.202706938038782122e-04 1.154734675559775743e-04 4.555517619806936599e-05 5.746974977955173348e-05 2.783422546653925057e-04 2.087387500254627229e-03 3.328433802345846879e-03 2.472248228755780184e-03
2.495830048908411286e-05 6.364227917952559204e-05 6.729069688166365321e-04 8.261106984871327877e-05 7.587055818364760878e-05 6.406374580130427202e-05 1.000000000000000021e-08 3.508125055165255054e-05 1.000000000000000021e-08 1.000000000000000021e-08 1.000000000000000021e-08 1.000000000000000021e-08 1.000000000000000021e-08 1.000000000000000021e-08 1.000000000000000021e-08 8.668706020099581865e-05 4.427525591792773503e-04 4.800462915458681540e-04 8.090028359278179232e-04 2.298412987282307668e-03 2.594248750596770021e-03 2.685970247474686774e-03 3.755820751622366768e-03 3.171330259934458488e-03 5.882363801536910457e-03 2.629086655287186155e-03 1.856111183422306556e-03 3.773402098007859994e-03 5.125730410187875419e-04 5.110254858709140525e-04 2.023589110968907791e-04 2.146716483805362102e-04 8.753801444044902755e-05 2.470912663153099296e-04 4.528504813382504832e-04 2.371433894381925339e-03 3.619669796483025205e-03
2.261851974638237926e-05 2.905597144698929309e-05 9.541729992853579504e-05 1.039728464969957763e-04 5.712257915076574916e-05 9.027077330867183257e-05 7.404617800791106659e-05 1.000000000000000021e-08 1.000000000000000021e-08 1.000000000000000021e-08 1.000000000000000021e-08 1.881213878017944511e-05 1.000000000000000021e-08 1.000000000000000021e-08 1.000000000000000021e-08 1.491038023500099847e-04 2.595669550611779579e-04 1.343272367806597865e-05 1.842455901664922296e-05 7.180099046088011996e-04 1.815096507673683241e-03 2.854913634392439344e-03 2.704230434176913781e-03 3.618267109223935983e-03 3.701230733367226119e-03 3.210834054571365739e-03 3.671605810659532218e-03 4.178788961602712508e-03 1.619822169750573335e-03 6.927273992232418909e-04 7.741964667149836077e-04 3.179833240876310616e-04 3.513187322462142789e-04 1.908899484964158438e-04 8.563155017895405455e-04 1.750267944896853048e-03 1.026055677892543858e-02
1.000000000000000021e-08 2.652760076716180601e-05 4.048544042409701622e-05 9.130967025688966558e-05 7.866147281835049639e-05 7.970818348151809530e-05 9.910898268605881477e-05 8.215702806690091482e-05 1.000000000000000021e-08 1.185301960239358107e-05 1.000000000000000021e-08 1.000000000000000021e-08 4.781595613134829857e-05 3.980728220974010114e-05 1.000000000000000021e-08 1.000000000000000021e-08 1.212942837622862424e-05 1.668744465156650746e-05 1.000000000000000021e-08 6.370796214305762719e-05 3.123194047472159702e-04 6.803768836040872568e-04 7.588913844974797896e-04 1.941489531666190042e-03 1.501557509584903940e-03 3.141181338759845097e-03 2.208752488270839583e-03 4.775923544159252007e-03 2.131218344023113644e-03 2.387000526820954281e-03 1.015251463368330468e-03 1.146352308225342606e-03 1.051124767234941880e-03 2.716354574620796943e-03 2.471575380997884444e-03 4.017831399181387084e-03 3.517673321180709439e-03
1.000000000000000021e-08 1.000000000000000021e-08 4.474071560735795236e-05 4.450920177600099477e-05 9.036824561184530103e-05 9.938955161427422992e-05 6.241472284698970532e-05 1.070183531900526549e-04 9.076585864802776344e-05 1.000000000000000021e-08 1.000000000000000021e-08 1.000000000000000021e-08 4.180251250344627469e-05 3.977064413812931719e-05 1.000000000000000021e-08 1.000000000000000021e-08 1.000000000000000021e-08 1.000000000000000021e-08 1.000000000000000021e-08 2.087009398689597904e-05 2.199591955500265696e-04 7.171146354344021777e-04 1.032200365149856794e-03 5.534833703790000524e-04 1.558695668357811285e-03 1.512506795038486051e-03 3.134690306065053382e-03 2.558742824077975264e-03 3.936945793614422297e-03 2.038453801298040907e-03 2.578973209056197296e-03 2.314729127142854583e-03 3.455568388709764904e-03 2.520182272196118661e-03 3.708842832368766315e-03 2.349645812529423550e-03 3.850889791057203384e-03
1.000000000000000021e-08 1.996094556842139200e-05 4.225224548316537898e-05 3.970555020460071153e-05 4.171148395047600112e-05 8.841731508848617673e-05 1.001623210823022195e-04 6.558210719154753190e-05 1.165176047375123545e-04 1.019055688770430549e-04 1.000000000000000021e-08 1.000000000000000021e-08 1.000000000000000021e-08 1.000000000000000021e-08 1.000000000000000021e-08 1.655120128630977502e-05 1.309685145946697701e-04 6.455938922347569131e-05 4.111757785054771173e-05 4.373735121020919483e-05 8.840461789570621537e-05 3.193690539190082670e-04 4.498715031790232583e-04 8.540160057979554083e-04 7.939640706581019584e-04 1.977245147080565479e-03 1.621487151489667614e-03 3.490158609824988399e-03 2.420855172798633444e-03 3.733697254111008508e-03 2.035576819066869762e-03 3.321550585712576466e-03 3.615199422403657121e-03 4.520420463625038354e-04 1.711007905597831491e-04 2.666508939261135825e-04 6.361364461026184237e-04
1.289176078571372469e-05 3.187287666479954686e-05 1.064416057149697953e-05 1.633667841921176964e-05 5.042659825942047295e-05 4.430017646396746799e-05 9.113315666505133019e-05 8.576071163115986211e-05 1.181024438673076299e-04 1.059952496825011326e-04 7.050610106879270423e-05 6.356781932390130965e-05 1.000000000000000021e-08 1.000000000000000021e-08 1.745002324208130165e-05 1.000000000000000021e-08 8.278519541376961244e-05 6.131081123319945215e-05 5.225703266360186267e-05 4.951909718448312207e-05 6.004306801815455230e-04 7.555761996130203040e-05 4.389215453756887229e-04 4.288866774236858447e-04 1.072578118957908007e-03 9.960119635903591853e-04 2.237663658843306279e-03 1.854072792180571369e-03 3.606231420907539831e-03 2.372520916473964351e-03 3.713162619740559105e-03 5.642788307482121506e-03 3.084595100577129938e-04 1.553707217791136888e-04 8.646713772829054811e-05 3.461157202859491328e-05 8.217299889304400260e-05
1.000000000000000021e-08 4.772435943657480229e-05 1.122430808044793551e-05 3.094572434868697743e-05 4.564731986814293054e-05 3.937856393376366090e-05 4.175671393734276161e-05 9.190974261677072022e-05 6.809850347431226037e-05 1.302298086168416063e-04 6.578188732187846164e-05 2.052535533285405336e-04 1.221644150380446947e-04 1.000000000000000021e-08 3.120157404138951799e-05 1.000000000000000021e-08 1.000000000000000021e-08 1.000000000000000021e-08 2.882178833161356784e-05 1.000000000000000021e-08 5.922420516566405391e-05 4.475475689036327018e-05 4.194580117826146462e-04 1.170272399951352831e-03 1.529727043550375368e-03 1.926940229164830157e-03 1.357049704723550278e-03 4.889154338108366547e-03 6.092716209513833123e-03 8.310129142813321365e-03 4.341157511392049369e-03 9.183449036680793598e-03 2.831471938307103791e-03 6.534512482090175638e-04 2.366759187973769326e-04 2.332978499834828350e-04 1.001267252136192425e-04
1.000000000000000021e-08 4.976516801596082644e-05 1.942383715801895974e-05 2.930303102257146491e-05 6.558388776989652154e-05 3.517746416956052727e-05 3.702523172452486851e-05 4.172119752429492368e-05 9.630225803139501155e-05 7.421008651792018404e-05 2.481271174513635267e-04 1.980512382693272336e-04 1.728116182850104117e-04 1.000000000000000021e-08 5.984799213852478976e-05 1.000000000000000021e-08 1.000000000000000021e-08 1.000000000000000021e-08 1.000000000000000021e-08 1.000000000000000021e-08 1.944301464389742621e-05 5.664358878982937820e-05 5.352568149740967928e-05 8.562009381622930721e-04 1.482167210091454163e-03 1.609140541506119248e-03 3.446954375628636172e-03 2.495160284830367798e-03 2.056531025418845745e-03 2.018723956875021971e-03 5.036387640627926383e-03 4.865949989265759210e-03 5.709304398559071278e-03 1.989722155597797425e-03 1.890436637174999724e-03 6.752791505046920259e-04 6.580279224931290250e-04
1.000000000000000021e-08 7.256772152229451901e-05 2.183433470149241402e-05 4.483856530869133089e-05 5.942250312501598866e-05 4.875257138212576693e-05 3.497217216747650672e-05 3.728544668125589363e-05 4.373103668836364260e-05 2.105134642881047158e-04 2.281362529968392571e-04 2.887507005490018365e-04 1.860174356792171412e-04 1.000000000000000021e-08 2.262641146436205998e-05 1.000000000000000021e-08 1.000000000000000021e-08 1.000000000000000021e-08 1.000000000000000021e-08 1.000000000000000021e-08 3.611286697071463631e-05 3.036030416799994109e-05 1.374704593445830105e-04 2.751781703025981958e-04 7.141958874321632789e-04 9.709180496849206506e-04 9.480219758441478474e-04 1.046619261420086685e-03 9.906447766184771526e-04 4.525385576944346289e-03 3.198770353930140056e-03 9.104324742464397699e-03 4.824078048750388148e-03 5.602318201314019502e-03 2.437965214216640357e-03 2.604505253655933078e-03 1.034499647486219510e-03
1.000000000000000021e-08 6.926482093571164136e-05 3.507106723460857696e-05 4.542952777280403131e-05 8.366534599369684758e-05 4.445431710811508760e-05 4.939485299884337492e-05 3.578687565529799279e-05 3.930539317843869047e-05 8.217595192864282335e-05 4.762658759245376764e-04 2.595089521141964945e-04 1.807276266227933871e-04 1.000000000000000021e-08 1.000000000000000021e-08 1.000000000000000021e-08 1.000000000000000021e-08 1.000000000000000021e-08 1.000000000000000021e-08 1.000000000000000021e-08 1.000000000000000021e-08 2.664017814531696835e-05 3.235928406823287111e-05 8.060307408799462388e-05 1.563628448412995712e-04 4.901710305702378220e-04 4.282998270018180224e-03 2.731603726523779054e-03 5.000333335485848338e-03 4.446624701946940393e-03 1.027510646936951981e-02 7.828548975924255748e-03 9.437688747224715763e-03 5.276762849526138617e-03 6.343924193657011351e-03 2.897326482767782763e-03 3.318243462775479630e-03
1.593850566984157644e-05 1.056818245718949830e-04 3.645541160253689387e-05 6.416094899578884860e-05 8.251263400404293543e-05 6.420385408653925339e-05 4.376258075752018458e-05 5.243247832759357328e-05 3.858842124062760197e-05 1.504248120304521792e-04 4.639401109047718366e-04 3.822091101691042531e-04 8.315179659979722473e-05 1.000000000000000021e-08 4.473303033782186799e-05 3.788683970200595609e-05 2.581713496261806733e-05 2.499780991574025623e-05 1.000000000000000021e-08 1.000000000000000021e-08 1.000000000000000021e-08 1.000000000000000021e-08 1.000000000000000021e-08 1.000000000000000021e-08 2.759987946015154546e-04 5.417898689805433245e-04 4.896432459072059488e-04 2.834118129101656015e-05 1.000000000000000021e-08 1.474365614964633954e-04 9.854961105611878482e-05 3.651442937374695628e-03 4.310154417211088662e-03 1.427666833892766302e-02 8.083926513448264767e-03 8.471006248564009328e-03 4.089690783062708418e-03
1.201558238072378141e-03 1.182001628102964945e-04 1.370263040406781039e-04 6.768397131610116792e-05 1.239995150040937224e-04 5.898418280252529027e-05 6.351046273112279431e-05 3.322928367960582092e-04 9.848185002870513312e-05 1.524185571974174137e-04 6.635613364375984955e-04 3.260675480202779005e-04 2.168542027392543611e-04 8.437044919566233587e-05 7.938951311700570763e-05 8.246320997331750080e-05 4.053839397399683554e-05 3.458697699350331468e-05 2.206045965839336458e-05 1.000000000000000021e-08 1.000000000000000021e-08 1.000000000000000021e-08 1.000000000000000021e-08 2.765241471815402274e-05 1.000000000000000021e-08 1.000000000000000021e-08 1.202753689857392777e-05 1.000000000000000021e-08 1.000000000000000021e-08 1.144411569981962098e-05 1.000000000000000021e-08 5.626831548561517932e-04 6.461044446469149834e-03 4.118834788872574072e-03 1.353557278651074808e-02 1.121254426272572623e-02 1.125537534740726417e-02
3.197557625507017193e-02 1.871899367465244476e-02 1.468997112972941256e-02 9.740997547629436093e-03 1.066211310409293607e-03 3.897019460681281906e-04 5.772449226377519838e-05 2.814725997687035652e-04 1.210391902069679376e-04 2.339707552503707993e-04 6.207520519347834278e-04 4.240433195051718641e-04 2.929894426882673469e-04 1.329216303872658624e-04 1.151301387325800204e-04 1.313315906025563830e-04 5.319455604546114618e-05 4.979859924194854272e-05 2.499473230388208288e-05 1.000000000000000021e-08 1.000000000000000021e-08 1.000000000000000021e-08 1.000000000000000021e-08 5.041367844820262000e-05 1.685469055398113912e-05 1.000000000000000021e-08 1.000000000000000021e-08 1.000000000000000021e-08 1.000000000000000021e-08 1.000000000000000021e-08 1.000000000000000021e-08 3.956001939275486821e-04 3.564009375054278794e-04 4.596695462960018229e-04 1.876873162081833237e-03 9.523541980672577817e-03 1.559960843742353928e-02
4.413475662100495300e-02 7.130362393763817197e-02 8.948279566051331457e-02 1.064826596631450600e-01 5.974744474184566501e-02 3.135823591365759222e-02 1.997445837852157569e-02 8.393826085509323645e-03 5.985152713292267793e-03 3.497834649225824155e-03 1.264678822338613203e-03 8.243195521870188809e-04 5.695977980011141103e-04 3.054772801919077778e-04 2.049234130322656730e-04 1.585675103122009182e-04 7.954441760173618689e-05 5.734743252819100281e-05 2.915474771400686924e-05 2.059237439586968595e-05 1.000000000000000021e-08 1.000000000000000021e-08 1.000000000000000021e-08 7.264288936385748872e-05 2.356254600629315254e-05 1.000000000000000021e-08 1.000000000000000021e-08 1.000000000000000021e-08 1.000000000000000021e-08 1.000000000000000021e-08 1.000000000000000021e-08 1.284694498073846777e-04 7.450206616434048787e-04 5.578872601281155202e-04 9.366698410801019140e-05 4.779033379118007084e-04 3.931410981323458999e-04
6.632073496535120848e-05 7.837322592122667603e-05 1.357030728240705975e-04 1.432412430935636229e-04 6.070372929881090451e-02 1.035162164889366770e-01 1.354361344388125554e-01 7.368848511910847110e-02 4.599839742693689892e-02 4.245876144390380025e-02 1.416314393359805433e-02 6.173156157574347406e-04 5.229112014562052688e-04 3.617434177396759492e-04 5.382069095956821034e-05 2.120463990040558381e-04 9.675718517977585989e-05 6.740641967819230209e-05 5.066839754425314223e-05 1.000000000000000021e-08 1.000000000000000021e-08 1.828825999349040912e-05 2.047882296081442364e-05 9.092108629241465307e-05 3.363034178576738048e-05 1.000000000000000021e-08 1.000000000000000021e-08 1.835112622259206907e-04 2.593587511722236045e-04 1.000000000000000021e-08 1.000000000000000021e-08 2.228112625620526713e-04 2.088114719360791710e-03 6.220019301409619294e-04 3.321253203258474264e-05 2.285024062221732786e-05 1.981434776932735042e-05
1.216001597486644966e-05 2.203972336346157136e-05 1.000000000000000021e-08 1.000000000000000021e-08 4.902009273561433494e-05 1.591485836444438791e-04 3.400740596609027884e-04 8.219029988925838359e-02 1.325671356430954684e-01 1.925338578860274763e-01 2.232907479434683706e-01 2.429000364472627682e-01 2.635444761824805582e-01 2.843302523287100647e-01 1.933246482026913515e-01 2.036088140079502784e-01 3.328672656548414127e-03 9.102231965220491114e-04 7.905148774750159343e-05 1.000000000000000021e-08 1.000000000000000021e-08 1.000000000000000021e-08 1.000000000000000021e-08 1.000000000000000021e-08 5.270424246578435710e-05 1.000000000000000021e-08 1.000000000000000021e-08 1.853533908875688464e-05 2.314992085439071599e-04 2.812542863616731854e-04 3.141829143997016088e-04 5.641143364740929455e-05 5.862810574547775008e-04 2.007827590312554270e-03 2.280738672106518046e-03 1.915837576703494733e-03 2.227876787675008713e-03
