output/water_depth_8280.asc
ncols 223
nrows 158
xllcorner 0.0
yllcorner 0.0
cellsize 30.0
[rows 136 to 152 of 158, columns 185 to 221 of 223]
1.674853188661908841e-05 6.681125197456494621e-05 5.058704691584723322e-03 1.231391604796133521e+00 3.957324118355744491e-01 2.026859315932969452e-04 7.370026748622283041e-05 1.205909502462834432e-04 2.366702960088639817e-04 3.569094380607524208e-04 7.041146251904996725e-04 1.024191434327739823e-03 4.408461816473095533e-04 1.440756615068235127e-04 8.198497841229285515e-05 6.479209672347520258e-05 4.955907113247921765e-05 3.586359624593082803e-05 2.439883984055395252e-05 1.268368883279184572e-05 1.000000000000000021e-08 1.000000000000000021e-08 1.000000000000000021e-08 1.000000000000000021e-08 1.000000100000000021e-05 1.000000100000000021e-05 1.000000100000000021e-05 1.000000100000000021e-05 1.000000100000000021e-05 1.000000100000000021e-05 1.000000100000000021e-05 1.000000100000000021e-05 1.000000100000000021e-05 1.000000100000000021e-05 1.000000100000000021e-05 1.000000100000000021e-05 1.000000100000000021e-05
4.434127622944323730e-05 3.945468378631671117e-05 1.218071480135138340e-04 1.194833594173882574e+00 1.201537209669694128e+00 1.136172351138022618e+00 2.152325281437499419e-02 4.983192221035268380e-05 5.049505938268756611e-05 6.110681443988600953e-05 7.825888096382948526e-04 1.022191143057317713e-03 3.340574777915540053e-04 1.668576765540053357e-05 1.000000000000000021e-08 1.000000000000000021e-08 1.000000000000000021e-08 1.000000000000000021e-08 1.000000000000000021e-08 1.000000000000000021e-08 1.000000000000000021e-08 2.943464547685290924e-05 2.045065407363878595e-05 1.065117951558691177e-05 1.000000000000000021e-08 1.000000100000000021e-05 1.000000100000000021e-05 1.000000100000000021e-05 1.000000100000000021e-05 1.000000100000000021e-05 1.000000100000000021e-05 1.000000100000000021e-05 1.000000100000000021e-05 1.000000100000000021e-05 1.000000100000000021e-05 1.000000100000000021e-05 1.000000100000000021e-05
1.000000000000000021e-08 1.000000000000000021e-08 1.000000000000000021e-08 1.047607290761282638e-02 1.477181747200387307e-01 1.061075588523303859e+00 1.008068931695899284e+00 9.377272270700797163e-01 5.190405605379135208e-04 1.631935593521900078e-04 6.968333670516925352e-04 4.998879409788394235e-05 3.729181745681404433e-05 1.334444132792344312e-05 1.931075991909191305e-05 1.755092745099978116e-05 1.000000000000000021e-08 1.000000000000000021e-08 1.000000000000000021e-08 1.000000000000000021e-08 1.000000000000000021e-08 1.000000000000000021e-08 1.000000000000000021e-08 1.000000000000000021e-08 1.000000000000000021e-08 1.000000100000000021e-05 1.000000100000000021e-05 1.000000100000000021e-05 1.000000100000000021e-05 1.000000100000000021e-05 1.000000100000000021e-05 1.000000100000000021e-05 1.000000100000000021e-05 1.000000100000000021e-05 1.000000100000000021e-05 1.000000100000000021e-05 1.000000100000000021e-05
8.418766247134755313e-05 1.303855844253825789e-04 1.000000000000000021e-08 4.165195535387509562e-05 1.000000000000000021e-08 6.161468939636989550e-03 4.231452022383385206e-03 5.355189393663155606e-01 4.187755237843509559e-01 6.061877929150158960e-03 6.338103355706154352e-05 6.212920044556937760e-05 1.000000000000000021e-08 1.000000000000000021e-08 2.731549236684365506e-05 1.000000000000000021e-08 1.000000000000000021e-08 1.000000000000000021e-08 1.000000000000000021e-08 2.596428724054456938e-05 2.623134837987271006e-05 2.664384193022803146e-05 1.597344235936908979e-05 1.000000000000000021e-08 1.000000000000000021e-08 1.000000100000000021e-05 1.000000100000000021e-05 1.000000100000000021e-05 1.000000100000000021e-05 1.000000100000000021e-05 1.000000100000000021e-05 1.000000100000000021e-05 1.000000100000000021e-05 1.000000100000000021e-05 1.000000100000000021e-05 1.000000100000000021e-05 1.000000100000000021e-05
4.533944118108631366e-05 2.221177561461174958e-05 3.213685000144145742e-05 3.506173915698707739e-05 2.627973601495313369e-05 2.989578050236838132e-05 1.000000000000000021e-08 2.698651037029154987e-01 7.022932985650987003e-01 1.209256406940225313e-02 4.470283928758332962e-04 6.646234541143093168e-05 1.524332786024725154e-05 1.000000000000000021e-08 1.000000000000000021e-08 1.000000000000000021e-08 1.210602171766051768e-05 1.691379062918566152e-05 1.747156021932462405e-05 1.885452733343671961e-05 2.402650435182344442e-05 1.338889004933732880e-05 1.000000000000000021e-08 1.000000000000000021e-08 1.000000000000000021e-08 1.000000100000000021e-05 1.000000100000000021e-05 1.000000100000000021e-05 1.000000100000000021e-05 1.000000100000000021e-05 1.000000100000000021e-05 1.000000100000000021e-05 1.000000100000000021e-05 1.000000100000000021e-05 1.000000100000000021e-05 1.000000100000000021e-05 1.000000100000000021e-05
2.730612597593204513e-04 1.896243925431628503e-04 1.681090767895040896e-04 6.276507472516795402e-03 8.665859732905359597e-04 4.629110895044027908e-04 5.086978552279978479e-05 1.506327371781362168e-01 8.379003277382781611e-01 2.970405808343160384e-03 2.406882997573851161e-04 1.066928724014924884e-05 1.000000000000000021e-08 1.000000000000000021e-08 1.000000000000000021e-08 2.627783291182613141e-05 3.022357354961013081e-05 3.008363189251235447e-05 2.319189009727065138e-05 1.494906063945077208e-05 1.000000000000000021e-08 1.000000000000000021e-08 1.000000000000000021e-08 1.000000000000000021e-08 1.000000100000000021e-05 1.000000100000000021e-05 1.000000100000000021e-05 1.000000100000000021e-05 1.000000100000000021e-05 1.000000100000000021e-05 1.000000100000000021e-05 1.000000100000000021e-05 1.000000100000000021e-05 1.000000100000000021e-05 1.000000100000000021e-05 1.000000100000000021e-05 1.000000100000000021e-05
5.871026853124420393e-04 6.864161256330099858e-04 8.580704686725440814e-04 6.549733868022449565e-04 1.107674818084746111e-03 1.277226631502123826e-03 1.359026656618663679e-03 1.427881449768357847e-01 9.390954433149358849e-01 2.553763945389491644e-03 1.321196010449856597e-04 1.000000000000000021e-08 1.000000000000000021e-08 1.972060349877992878e-05 2.690421361827404555e-05 3.516005806498965401e-05 2.670417738660051246e-05 1.436019627657960072e-05 1.000000000000000021e-08 3.206796851261725618e-05 1.275251115615176258e-05 1.000000000000000021e-08 1.000000000000000021e-08 1.000000000000000021e-08 1.000000100000000021e-05 1.000000100000000021e-05 1.000000100000000021e-05 1.000000100000000021e-05 1.000000100000000021e-05 1.000000100000000021e-05 1.000000100000000021e-05 1.000000100000000021e-05 1.000000100000000021e-05 1.000000100000000021e-05 1.000000100000000021e-05 1.000000100000000021e-05 1.000000100000000021e-05
6.819130127232574264e-05 9.373702569540562910e-05 6.036669403140082203e-05 6.494043904890393426e-05 4.478903632606786000e-05 8.417939297418987267e-05 2.076047125664712007e-04 6.924976535010300693e-02 5.675277540756740180e-01 4.555292925969399720e-01 7.001535997116126349e-03 2.679777766139582407e-05 1.683664075537580015e-05 1.576004290884908286e-05 1.000000000000000021e-08 1.000000000000000021e-08 1.000000000000000021e-08 1.000000000000000021e-08 1.000000000000000021e-08 1.000000000000000021e-08 1.000000000000000021e-08 1.000000000000000021e-08 1.000000000000000021e-08 1.000000000000000021e-08 1.000000100000000021e-05 1.000000100000000021e-05 1.000000100000000021e-05 1.000000100000000021e-05 1.000000100000000021e-05 1.000000100000000021e-05 1.000000100000000021e-05 1.000000100000000021e-05 1.000000100000000021e-05 1.000000100000000021e-05 1.000000100000000021e-05 1.000000100000000021e-05 1.000000100000000021e-05
6.136558442037322618e-05 5.079689155636996290e-05 4.643517523726763997e-03 1.000000000000000021e-08 1.803362515833472498e-05 9.744280694236922744e-05 8.022496237943843882e-05 5.994671941711854357e-04 2.673842064673323526e-01 9.305262966647789291e-01 7.780438222314512917e-03 5.972915710928255746e-05 3.156221475648656762e-05 1.000000000000000021e-08 1.000000000000000021e-08 1.000000000000000021e-08 1.000000000000000021e-08 1.000000000000000021e-08 1.000000000000000021e-08 1.000000000000000021e-08 1.000000000000000021e-08 1.150665603666237686e-05 1.000000000000000021e-08 1.033026012795163887e-05 1.000000100000000021e-05 1.000000100000000021e-05 1.000000100000000021e-05 1.000000100000000021e-05 1.000000100000000021e-05 1.000000100000000021e-05 1.000000100000000021e-05 1.000000100000000021e-05 1.000000100000000021e-05 1.000000100000000021e-05 1.000000100000000021e-05 1.000000100000000021e-05 1.000000100000000021e-05
7.559552780794101339e-05 8.455315326600222701e-05 3.310112323304954893e-03 3.836798549239511824e-04 2.996498754290800068e-04 1.857604457026665161e-04 1.424295274108547502e-04 1.134292205791443878e-04 1.536119684778195216e-01 8.993678256273578420e-01 6.151541880446754519e-03 1.000000000000000021e-08 1.000000000000000021e-08 1.000000000000000021e-08 1.000000000000000021e-08 1.000000000000000021e-08 1.000000000000000021e-08 1.000000000000000021e-08 1.000000000000000021e-08 1.000000000000000021e-08 1.000000000000000021e-08 1.000000000000000021e-08 1.000000000000000021e-08 1.000000100000000021e-05 1.000000100000000021e-05 1.000000100000000021e-05 1.000000100000000021e-05 1.000000100000000021e-05 1.000000100000000021e-05 1.000000100000000021e-05 1.000000100000000021e-05 1.000000100000000021e-05 1.000000100000000021e-05 1.000000100000000021e-05 1.000000100000000021e-05 1.000000100000000021e-05 1.000000100000000021e-05
4.526273988183074414e-05 1.173145842789522148e-04 6.321578207737690988e-04 5.983117235833966541e-03 1.000000000000000021e-08 9.251366746815514177e-05 1.282270283120575229e-04 2.698930384292234745e-03 4.939599457988225750e-01 5.737884153419066102e-01 4.023540415990331520e-03 1.000000000000000021e-08 1.000000000000000021e-08 1.000000000000000021e-08 1.000000000000000021e-08 1.000000000000000021e-08 1.000000000000000021e-08 1.000000000000000021e-08 1.000000000000000021e-08 1.000000000000000021e-08 1.000000000000000021e-08 1.000000000000000021e-08 1.000000000000000021e-08 1.000000100000000021e-05 1.000000100000000021e-05 1.000000100000000021e-05 1.000000100000000021e-05 1.000000100000000021e-05 1.000000100000000021e-05 1.000000100000000021e-05 1.000000100000000021e-05 1.000000100000000021e-05 1.000000100000000021e-05 1.000000100000000021e-05 1.000000100000000021e-05 1.000000100000000021e-05 1.000000100000000021e-05
1.416888243601709420e-05 1.211455327892833200e-04 3.353516489004390328e-04 1.232183180945358282e-03 6.982322480386747967e-04 7.641381600726771537e-04 1.115516612013182311e-03 3.232050631005893571e-03 1.143105657703563871e+00 1.126420514562628927e+00 1.128182724428130168e+00 3.454878614530375140e-03 1.000000000000000021e-08 1.000000000000000021e-08 1.000000000000000021e-08 1.000000000000000021e-08 1.000000000000000021e-08 1.000000000000000021e-08 1.000000000000000021e-08 1.000000000000000021e-08 1.000000000000000021e-08 1.000000000000000021e-08 1.000000000000000021e-08 1.000000000000000021e-08 1.000000100000000021e-05 1.000000100000000021e-05 1.000000100000000021e-05 1.000000100000000021e-05 1.000000100000000021e-05 1.000000100000000021e-05 1.000000100000000021e-05 1.000000100000000021e-05 1.000000100000000021e-05 1.000000100000000021e-05 1.000000100000000021e-05 1.000000100000000021e-05 1.000000100000000021e-05
1.236211880896853751e-04 1.133014135112110767e-04 1.139922202618338666e-04 2.751439491794057464e-04 6.180591382709471138e-04 7.439489424857607947e-04 5.220514585066778762e-04 4.144985612440638795e-04 1.141192822895378267e+00 1.120576814289812262e+00 1.126700407571122664e+00 1.504603958674183839e-01 1.000000000000000021e-08 1.000000000000000021e-08 1.000000000000000021e-08 1.000000000000000021e-08 1.000000000000000021e-08 1.000000000000000021e-08 1.000000000000000021e-08 1.000000000000000021e-08 1.096458261005005312e-05 1.000000000000000021e-08 1.000000000000000021e-08 1.000000000000000021e-08 1.000000100000000021e-05 1.000000100000000021e-05 1.000000100000000021e-05 1.000000100000000021e-05 1.000000100000000021e-05 1.000000100000000021e-05 1.000000100000000021e-05 1.000000100000000021e-05 1.000000100000000021e-05 1.000000100000000021e-05 1.000000100000000021e-05 1.000000100000000021e-05 1.000000100000000021e-05
1.000000000000000021e-08 1.000000000000000021e-08 1.178440880459730853e-05 4.348778441154128123e-05 4.157477989694847585e-04 2.615774868652955627e-04 2.035223337242938124e-04 1.517628521078016922e-04 1.830222449841309718e-01 1.104756670415893094e+00 1.118307049958877863e+00 1.000000000000000021e-08 1.000000000000000021e-08 1.000000000000000021e-08 1.000000000000000021e-08 1.000000000000000021e-08 1.000000000000000021e-08 1.000000000000000021e-08 1.000000000000000021e-08 1.000000000000000021e-08 1.000000000000000021e-08 1.000000000000000021e-08 1.000000000000000021e-08 1.000000000000000021e-08 1.000000100000000021e-05 1.000000100000000021e-05 1.000000100000000021e-05 1.000000100000000021e-05 1.000000100000000021e-05 1.000000100000000021e-05 1.000000100000000021e-05 1.000000100000000021e-05 1.000000100000000021e-05 1.000000100000000021e-05 1.000000100000000021e-05 1.000000100000000021e-05 1.000000100000000021e-05
1.000000000000000021e-08 1.000000000000000021e-08 7.325972592347208812e-05 3.524831673576167470e-03 4.267980426185361844e-04 1.000000000000000021e-08 1.000000000000000021e-08 1.000000000000000021e-08 1.233530214543168430e-03 1.074501280715202789e+00 7.008925712836995559e-02 2.506789250842431094e-02 9.792737050820628231e-03 1.000000000000000021e-08 1.000000000000000021e-08 1.000000000000000021e-08 1.000000000000000021e-08 1.000000000000000021e-08 1.000000000000000021e-08 1.000000000000000021e-08 1.000000000000000021e-08 1.000000000000000021e-08 1.000000000000000021e-08 1.000000000000000021e-08 1.000000100000000021e-05 1.000000100000000021e-05 1.000000100000000021e-05 1.000000100000000021e-05 1.000000100000000021e-05 1.000000100000000021e-05 1.000000100000000021e-05 1.000000100000000021e-05 1.000000100000000021e-05 1.000000100000000021e-05 1.000000100000000021e-05 1.000000100000000021e-05 1.000000100000000021e-05
1.653065172175282051e-05 1.000000000000000021e-08 2.877922536887001656e-05 3.731468726497039304e-05 4.864420184064528237e-05 1.000000000000000021e-08 1.000000000000000021e-08 1.000000000000000021e-08 1.000000000000000021e-08 6.594545508890498065e-01 5.766130244394228610e-01 2.668302808103865109e-01 2.730612364071164366e-01 1.000000000000000021e-08 1.000000000000000021e-08 1.000000000000000021e-08 1.000000000000000021e-08 1.000000000000000021e-08 1.000000000000000021e-08 1.000000000000000021e-08 1.000000000000000021e-08 1.000000000000000021e-08 1.000000000000000021e-08 1.000000000000000021e-08 1.000000000000000021e-08 1.000000100000000021e-05 1.000000100000000021e-05 1.000000100000000021e-05 1.000000100000000021e-05 1.000000100000000021e-05 1.000000100000000021e-05 1.000000100000000021e-05 1.000000100000000021e-05 1.000000100000000021e-05 1.000000100000000021e-05 1.000000100000000021e-05 1.000000100000000021e-05
4.430540492679630718e-05 4.466399213666447267e-05 2.738307372805042050e-05 1.873389765973335815e-05 1.902670854030354055e-05 1.608579573154067985e-05 1.000000000000000021e-08 3.202367771106977875e-04 5.972067204501003701e-01 6.382285902960934676e-01 5.705541866904827453e-01 9.026923484301727640e-01 6.763691439518777493e-01 6.147258419865258006e-01 1.230741994050172728e-03 1.000000000000000021e-08 1.000000000000000021e-08 1.000000000000000021e-08 1.000000000000000021e-08 1.000000000000000021e-08 1.000000000000000021e-08 1.000000000000000021e-08 1.000000000000000021e-08 1.000000000000000021e-08 1.000000000000000021e-08 1.000000100000000021e-05 1.000000100000000021e-05 1.000000100000000021e-05 1.000000100000000021e-05 1.000000100000000021e-05 1.000000100000000021e-05 1.000000100000000021e-05 1.000000100000000021e-05 1.000000100000000021e-05 1.000000100000000021e-05 1.000000100000000021e-05 1.000000100000000021e-05
