output/water_depth_8040.asc
ncols 223
nrows 158
xllcorner 0.0
yllcorner 0.0
cellsize 30.0
[rows 17 to 33 of 158, columns 74 to 110 of 223]
1.000000100000000021e-05 1.000000100000000021e-05 1.000000100000000021e-05 1.000000100000000021e-05 1.000000100000000021e-05 1.000000100000000021e-05 1.000000100000000021e-05 1.000000100000000021e-05 1.000000100000000021e-05 1.000000100000000021e-05 1.000000100000000021e-05 1.000000100000000021e-05 1.000000100000000021e-05 1.000000100000000021e-05 1.000000100000000021e-05 1.000000100000000021e-05 1.000000100000000021e-05 1.000000100000000021e-05 1.000000100000000021e-05 1.000000100000000021e-05 1.000000100000000021e-05 1.000000100000000021e-05 1.000000100000000021e-05 1.000000100000000021e-05 1.000000100000000021e-05 1.000000100000000021e-05 1.000000100000000021e-05 1.000000100000000021e-05 1.000000000000000021e-08 1.000000000000000021e-08 1.000000000000000021e-08 1.000000000000000021e-08 1.105668437645966998e-05 1.360348946637644852e-05 1.356641648746773881e-05 1.437875138929600163e-05 1.487635802527102013e-05
1.000000100000000021e-05 1.000000100000000021e-05 1.000000100000000021e-05 1.000000100000000021e-05 1.000000100000000021e-05 1.000000100000000021e-05 1.000000100000000021e-05 1.000000100000000021e-05 1.000000100000000021e-05 1.000000100000000021e-05 1.000000100000000021e-05 1.000000100000000021e-05 1.000000100000000021e-05 1.000000100000000021e-05 1.000000100000000021e-05 1.000000100000000021e-05 1.000000100000000021e-05 1.000000100000000021e-05 1.000000100000000021e-05 1.000000100000000021e-05 1.000000100000000021e-05 1.000000100000000021e-05 1.000000100000000021e-05 1.000000100000000021e-05 1.000000100000000021e-05 1.000000100000000021e-05 1.000000100000000021e-05 1.000000000000000021e-08 1.000000000000000021e-08 1.000000000000000021e-08 1.000000000000000021e-08 1.083236486661808001e-05 1.042003105958493584e-05 1.354504385060277019e-05 1.286219385554155191e-05 1.205381814170246661e-05 1.672038100674870932e-05
1.000000100000000021e-05 1.000000100000000021e-05 1.000000100000000021e-05 1.000000100000000021e-05 1.000000100000000021e-05 1.000000100000000021e-05 1.000000100000000021e-05 1.000000100000000021e-05 1.000000100000000021e-05 1.000000100000000021e-05 1.000000100000000021e-05 1.000000100000000021e-05 1.000000100000000021e-05 1.000000100000000021e-05 1.000000100000000021e-05 1.000000100000000021e-05 1.000000100000000021e-05 1.000000100000000021e-05 1.000000100000000021e-05 1.000000100000000021e-05 1.000000100000000021e-05 1.000000100000000021e-05 1.000000100000000021e-05 1.000000100000000021e-05 1.000000100000000021e-05 1.417626147460604352e-05 1.518377594781173316e-05 1.488501643696546225e-05 1.271904706755699644e-05 1.425393774875505379e-05 1.716942206453819021e-05 2.087929185634284615e-05 2.503831174067998224e-05 2.499391349150694458e-05 2.383308626178663755e-05 2.306195976151313812e-05 2.676354446067661795e-05
1.000000100000000021e-05 1.000000100000000021e-05 1.000000100000000021e-05 1.000000100000000021e-05 1.000000100000000021e-05 1.000000100000000021e-05 1.000000100000000021e-05 1.000000100000000021e-05 1.000000100000000021e-05 1.000000100000000021e-05 1.000000100000000021e-05 1.000000100000000021e-05 1.000000100000000021e-05 1.000000100000000021e-05 1.000000100000000021e-05 1.000000100000000021e-05 1.000000100000000021e-05 1.000000100000000021e-05 1.000000100000000021e-05 1.000000100000000021e-05 1.000000100000000021e-05 1.000000100000000021e-05 1.000000100000000021e-05 1.745179793632042458e-05 3.254042476336075929e-05 4.933471297030574490e-05 3.879493012177230821e-05 3.964650762749999808e-05 3.547655860092441775e-05 3.837616275425571042e-05 4.504318344765086428e-05 4.269552101770211669e-05 3.326202177179523060e-05 3.186077766495129786e-05 3.735799049555015759e-05 6.599359913450007211e-05 1.000000000000000021e-08
1.000000100000000021e-05 1.000000100000000021e-05 1.000000100000000021e-05 1.000000100000000021e-05 1.000000100000000021e-05 1.000000100000000021e-05 1.000000100000000021e-05 1.000000100000000021e-05 1.000000100000000021e-05 1.000000100000000021e-05 1.000000100000000021e-05 1.000000100000000021e-05 1.000000100000000021e-05 1.000000100000000021e-05 1.000000100000000021e-05 1.000000100000000021e-05 1.000000100000000021e-05 1.000000100000000021e-05 1.000000100000000021e-05 1.000000100000000021e-05 1.000000100000000021e-05 1.000000100000000021e-05 1.000000000000000021e-08 1.000000000000000021e-08 1.149461651113699773e-05 1.405166229308598230e-05 3.439102699036534284e-05 4.267085021576318637e-05 4.422226286957445349e-05 4.545953266321735997e-05 5.426325352838332408e-05 6.305017851549214389e-05 5.450428252778768295e-05 4.653376336869384196e-05 4.290423632021500534e-05 3.489438649955940963e-05 7.421716087042388619e-05
1.000000100000000021e-05 1.000000100000000021e-05 1.000000100000000021e-05 1.000000100000000021e-05 1.000000100000000021e-05 1.000000100000000021e-05 1.000000100000000021e-05 1.000000100000000021e-05 1.000000100000000021e-05 1.000000100000000021e-05 1.000000100000000021e-05 1.000000100000000021e-05 1.000000100000000021e-05 1.000000100000000021e-05 1.000000100000000021e-05 1.000000100000000021e-05 1.000000100000000021e-05 1.000000100000000021e-05 1.000000100000000021e-05 1.000000100000000021e-05 1.000000000000000021e-08 1.000000000000000021e-08 1.000000000000000021e-08 1.000000000000000021e-08 1.000000000000000021e-08 1.000000000000000021e-08 1.883228904011952158e-05 3.872841678805929864e-05 4.528452905790270727e-05 5.150828833292124141e-05 1.000000000000000021e-08 3.179214731887279545e-05 5.785596663811270790e-05 5.749441671833974864e-05 6.890725271354137345e-05 7.297302495858376417e-05 5.690718217601861706e-05
1.000000100000000021e-05 1.000000100000000021e-05 1.000000100000000021e-05 1.000000100000000021e-05 1.000000100000000021e-05 1.000000100000000021e-05 1.000000100000000021e-05 1.000000100000000021e-05 1.000000100000000021e-05 1.000000100000000021e-05 1.000000100000000021e-05 1.000000100000000021e-05 1.000000100000000021e-05 1.000000100000000021e-05 1.000000100000000021e-05 1.000000100000000021e-05 1.000000100000000021e-05 1.000000000000000021e-08 2.261094680585896009e-05 1.990357090099598814e-05 1.970989018870408888e-05 2.257730967592495942e-05 2.396006653372392855e-05 1.612640667138222239e-05 1.000000000000000021e-08 1.000000000000000021e-08 1.529546823200989534e-05 3.738938710086896184e-05 6.626043277155103689e-05 9.659373124910802040e-05 1.158934635147789506e-04 1.164531780883141875e-04 1.053536555067472770e-04 1.050356102485187773e-04 8.758517520170498694e-05 7.329628839764014436e-05 6.174434419543891185e-05
1.000000100000000021e-05 1.000000100000000021e-05 1.000000100000000021e-05 1.000000100000000021e-05 1.000000100000000021e-05 1.000000100000000021e-05 1.000000100000000021e-05 1.000000100000000021e-05 1.000000100000000021e-05 1.000000100000000021e-05 1.000000100000000021e-05 1.000000100000000021e-05 1.000000100000000021e-05 1.000000100000000021e-05 1.000000100000000021e-05 1.000000100000000021e-05 1.000000100000000021e-05 1.000000000000000021e-08 1.000000000000000021e-08 4.163520214953817422e-05 6.563098457424429780e-05 8.122794755742117183e-05 1.000000000000000021e-08 1.000000000000000021e-08 1.000000000000000021e-08 1.000000000000000021e-08 1.682216676489153753e-05 1.000000000000000021e-08 1.000000000000000021e-08 1.000000000000000021e-08 1.000000000000000021e-08 1.000000000000000021e-08 1.000000000000000021e-08 1.000000000000000021e-08 1.000000000000000021e-08 1.000000000000000021e-08 1.000000000000000021e-08
1.000000100000000021e-05 1.000000100000000021e-05 1.000000100000000021e-05 1.000000100000000021e-05 1.000000100000000021e-05 1.480602885585531900e-05 1.435946632586635211e-05 1.000000100000000021e-05 1.000000100000000021e-05 1.000000100000000021e-05 1.000000100000000021e-05 1.000000100000000021e-05 1.000000100000000021e-05 1.000000100000000021e-05 1.000000100000000021e-05 1.307841431543061075e-05 1.384730797614712252e-05 1.918694099382812463e-05 3.197466223329860997e-05 3.591783844406127218e-05 3.377854188950439970e-05 4.158548728709931836e-05 1.000000000000000021e-08 1.000000000000000021e-08 1.040657349733034065e-05 1.093122981423089736e-05 1.000000000000000021e-08 1.000000000000000021e-08 1.000000000000000021e-08 1.000000000000000021e-08 1.000000000000000021e-08 1.000000000000000021e-08 1.000000000000000021e-08 1.000000000000000021e-08 1.000000000000000021e-08 1.000000000000000021e-08 1.000000000000000021e-08
1.000000100000000021e-05 1.000000100000000021e-05 1.000000100000000021e-05 1.000000100000000021e-05 1.000000100000000021e-05 2.948212785667455799e-05 4.407620713688858370e-05 2.240874239480524765e-05 1.893055691823703482e-05 2.233511065381960881e-05 1.051198580914805795e-05 1.000000100000000021e-05 1.000000100000000021e-05 1.000000000000000021e-08 1.000000000000000021e-08 1.000000000000000021e-08 1.169125751719658632e-05 1.320957338833929783e-05 1.649299621052296991e-05 1.415802284135017694e-05 1.000000000000000021e-08 1.000000000000000021e-08 1.000000000000000021e-08 1.718959520579017332e-05 3.179059721779308768e-05 4.850949882984054488e-05 6.600960156481529295e-05 4.983810502036031402e-05 2.881992296303684885e-05 2.597663802672581587e-05 1.000000000000000021e-08 1.000000000000000021e-08 1.000000000000000021e-08 1.040410056765515297e-05 1.138339238087805132e-05 2.730667131510083168e-05 3.220667109794790015e-05
1.000000100000000021e-05 1.000000100000000021e-05 1.000000100000000021e-05 1.000000100000000021e-05 1.000000100000000021e-05 2.334922352709443484e-04 1.508968625315953169e-03 6.141159122138567636e-05 3.501532208837692761e-05 1.095566778500455398e-05 1.000000000000000021e-08 1.000000000000000021e-08 1.000000000000000021e-08 1.000000000000000021e-08 1.000000000000000021e-08 1.292645811804656451e-05 1.834086916282890196e-05 1.903810172583868978e-05 1.000000000000000021e-08 1.000000000000000021e-08 1.000000000000000021e-08 1.000000000000000021e-08 1.000000000000000021e-08 1.000000000000000021e-08 1.000000000000000021e-08 1.170621572764441147e-05 1.814862396495280563e-05 4.562372314511099893e-05 4.619728197480850467e-05 3.624941487437099378e-05 1.000000000000000021e-08 1.000000000000000021e-08 1.000000000000000021e-08 2.311747806102843584e-05 6.296787030586042792e-05 1.673208287026164206e-04 1.000000000000000021e-08
1.000000100000000021e-05 1.000000100000000021e-05 1.000000100000000021e-05 1.000000100000000021e-05 1.000000100000000021e-05 3.363969888933300741e-03 2.229574237636991257e-04 1.248421494067400808e-05 1.000000000000000021e-08 1.000000000000000021e-08 1.000000000000000021e-08 1.000000000000000021e-08 1.000000000000000021e-08 1.137863867998547033e-05 1.528287814839282568e-05 2.085080364301264969e-05 2.735050677268410332e-05 2.673958748056117974e-05 1.000000000000000021e-08 1.000000000000000021e-08 1.000000000000000021e-08 1.000000000000000021e-08 1.000000000000000021e-08 1.000000000000000021e-08 1.000000000000000021e-08 1.000000000000000021e-08 1.000000000000000021e-08 1.086235556717957166e-05 4.758152463720090135e-05 9.706660444136393988e-05 6.303239144636725263e-05 1.000000000000000021e-08 1.000000000000000021e-08 1.420892545137580790e-05 2.348346162028408705e-05 4.148599941822671847e-05 5.687869235880144158e-05
1.000000100000000021e-05 1.000000100000000021e-05 1.000000100000000021e-05 1.000000100000000021e-05 1.000000100000000021e-05 4.959610664084199453e-04 6.603319007759989609e-05 1.352438181377644508e-05 1.000000000000000021e-08 1.000000000000000021e-08 1.000000000000000021e-08 1.000000000000000021e-08 1.000000000000000021e-08 1.285725013085897851e-05 1.748064419273634711e-05 1.000000000000000021e-08 1.000000000000000021e-08 1.000000000000000021e-08 1.000000000000000021e-08 1.000000000000000021e-08 1.000000000000000021e-08 1.000000000000000021e-08 1.000000000000000021e-08 1.000000000000000021e-08 1.000000000000000021e-08 1.000000000000000021e-08 1.000000000000000021e-08 1.000000000000000021e-08 1.000000000000000021e-08 1.508480495895472171e-05 1.000000000000000021e-08 1.000000000000000021e-08 1.000000000000000021e-08 1.000000000000000021e-08 1.000000000000000021e-08 1.000000000000000021e-08 2.341140369642613113e-05
1.000000100000000021e-05 1.000000100000000021e-05 1.000000100000000021e-05 1.000000000000000021e-08 3.919857295007899572e-05 4.406174784241249963e-04 1.000000000000000021e-08 1.000000000000000021e-08 1.000000000000000021e-08 1.000000000000000021e-08 1.000000000000000021e-08 1.000000000000000021e-08 1.000000000000000021e-08 1.662123431097635830e-05 1.000000000000000021e-08 1.000000000000000021e-08 1.000000000000000021e-08 1.000000000000000021e-08 1.000000000000000021e-08 1.000000000000000021e-08 1.000000000000000021e-08 1.000000000000000021e-08 1.000000000000000021e-08 1.000000000000000021e-08 1.000000000000000021e-08 1.000000000000000021e-08 1.000000000000000021e-08 1.000000000000000021e-08 1.000000000000000021e-08 1.000000000000000021e-08 1.000000000000000021e-08 1.000000000000000021e-08 1.000000000000000021e-08 1.000000000000000021e-08 1.000000000000000021e-08 1.073557663761940981e-05 1.153782258409746095e-05
1.000000100000000021e-05 1.000000100000000021e-05 1.000000000000000021e-08 1.000000000000000021e-08 7.347893503339511545e-05 4.653597993504608103e-04 1.145566527096100872e-05 1.000000000000000021e-08 1.000000000000000021e-08 1.000000000000000021e-08 1.000000000000000021e-08 1.000000000000000021e-08 1.318617824676384428e-05 1.831088392922348957e-05 1.000000000000000021e-08 1.000000000000000021e-08 1.000000000000000021e-08 1.000000000000000021e-08 1.000000000000000021e-08 1.000000000000000021e-08 1.000000000000000021e-08 1.000000000000000021e-08 1.000000000000000021e-08 1.000000000000000021e-08 1.000000000000000021e-08 1.000000000000000021e-08 1.000000000000000021e-08 1.000000000000000021e-08 1.000000000000000021e-08 1.000000000000000021e-08 1.000000000000000021e-08 1.000000000000000021e-08 1.000000000000000021e-08 1.000000000000000021e-08 1.000000000000000021e-08 1.000000000000000021e-08 1.315763205909745153e-05
1.000000000000000021e-08 1.000000000000000021e-08 1.000000000000000021e-08 1.000000000000000021e-08 5.071743412494002581e-04 6.763442872818283729e-04 1.674291473524531346e-05 1.000000000000000021e-08 1.000000000000000021e-08 1.000000000000000021e-08 1.000000000000000021e-08 1.000000000000000021e-08 1.000000000000000021e-08 1.000000000000000021e-08 1.000000000000000021e-08 1.000000000000000021e-08 1.000000000000000021e-08 1.000000000000000021e-08 1.000000000000000021e-08 1.000000000000000021e-08 1.088157198955526997e-05 1.000000000000000021e-08 1.000000000000000021e-08 1.000000000000000021e-08 1.000000000000000021e-08 1.000000000000000021e-08 1.000000000000000021e-08 1.000000000000000021e-08 1.000000000000000021e-08 1.000000000000000021e-08 1.000000000000000021e-08 1.000000000000000021e-08 1.000000000000000021e-08 1.000000000000000021e-08 1.000000000000000021e-08 1.000000000000000021e-08 2.109106254483485266e-05
1.009369799158906780e-03 1.396662168305069221e-03 9.894543495739763911e-04 7.556935103288141362e-04 4.400110119747869652e-04 6.224705215536112477e-04 5.537677246994013314e-04 5.395799908876651652e-05 3.662621086544106617e-05 2.070506011758762427e-05 1.000000000000000021e-08 1.103078316091186847e-05 1.000000000000000021e-08 1.000000000000000021e-08 1.000000000000000021e-08 1.000000000000000021e-08 1.000000000000000021e-08 1.000000000000000021e-08 1.000000000000000021e-08 1.000000000000000021e-08 1.432053065720990924e-05 1.337773234967608325e-05 1.086858643724181376e-05 1.000000000000000021e-08 1.000000000000000021e-08 1.000000000000000021e-08 1.000000000000000021e-08 1.000000000000000021e-08 1.000000000000000021e-08 1.000000000000000021e-08 1.000000000000000021e-08 1.000000000000000021e-08 1.000000000000000021e-08 1.000000000000000021e-08 1.000000000000000021e-08 1.000000000000000021e-08 1.000000000000000021e-08
