output/water_depth_240.asc
ncols 223
nrows 158
xllcorner 0.0
yllcorner 0.0
cellsize 30.0
[rows 51 to 67 of 158, columns 37 to 73 of 223]
1.000000100000000021e-05 1.000000100000000021e-05 1.000000100000000021e-05 1.000000100000000021e-05 1.000000100000000021e-05 1.000000100000000021e-05 1.000000100000000021e-05 1.000000100000000021e-05 1.000000100000000021e-05 1.000000100000000021e-05 1.000000100000000021e-05 1.000000100000000021e-05 1.000000100000000021e-05 1.000000100000000021e-05 1.000000100000000021e-05 1.000000100000000021e-05 1.000000100000000021e-05 1.000000100000000021e-05 1.000000100000000021e-05 1.000000100000000021e-05 1.000000100000000021e-05 1.000000100000000021e-05 1.000000100000000021e-05 1.000000100000000021e-05 1.000000100000000021e-05 1.000000100000000021e-05 1.000000100000000021e-05 1.000000100000000021e-05 1.000000100000000021e-05 1.000000100000000021e-05 1.000000100000000021e-05 1.000000100000000021e-05 4.455365487644119722e-03 5.251498821741367937e-03 4.456565487777513698e-03 4.455765487688584381e-03 4.455365487644119722e-03
1.000000100000000021e-05 1.000000100000000021e-05 1.000000100000000021e-05 1.000000100000000021e-05 1.000000100000000021e-05 1.000000100000000021e-05 1.000000100000000021e-05 1.000000100000000021e-05 1.000000100000000021e-05 1.000000100000000021e-05 1.000000100000000021e-05 1.000000100000000021e-05 1.000000100000000021e-05 1.000000100000000021e-05 1.000000100000000021e-05 1.000000100000000021e-05 1.000000100000000021e-05 1.000000100000000021e-05 1.000000100000000021e-05 1.000000100000000021e-05 1.000000100000000021e-05 1.000000100000000021e-05 1.000000100000000021e-05 1.000000100000000021e-05 1.000000100000000021e-05 1.000000100000000021e-05 1.000000100000000021e-05 1.000000100000000021e-05 1.000000100000000021e-05 1.000000100000000021e-05 1.000000100000000021e-05 1.000000100000000021e-05 4.057749404985450808e-03 4.454965487599655063e-03 5.252298821830298121e-03 4.854832154848371002e-03 4.456165487733049907e-03
1.000000100000000021e-05 1.000000100000000021e-05 1.000000100000000021e-05 1.000000100000000021e-05 1.000000100000000021e-05 1.000000100000000021e-05 1.000000100000000021e-05 1.000000100000000021e-05 1.000000100000000021e-05 1.000000100000000021e-05 1.000000100000000021e-05 1.000000100000000021e-05 1.000000100000000021e-05 1.000000100000000021e-05 1.000000100000000021e-05 1.000000100000000021e-05 1.000000100000000021e-05 1.000000100000000021e-05 1.000000100000000021e-05 1.000000100000000021e-05 1.000000100000000021e-05 1.000000100000000021e-05 1.000000100000000021e-05 1.000000100000000021e-05 1.000000100000000021e-05 1.000000100000000021e-05 1.000000100000000021e-05 1.000000100000000021e-05 1.000000100000000021e-05 1.000000100000000021e-05 1.000000100000000021e-05 1.000000100000000021e-05 4.057349404940985282e-03 4.057498820617727944e-03 4.454565487555189537e-03 4.853232154670511500e-03 4.853203540836999695e-03
1.000000100000000021e-05 1.000000100000000021e-05 1.000000100000000021e-05 1.000000100000000021e-05 1.000000100000000021e-05 1.000000100000000021e-05 1.000000100000000021e-05 1.000000100000000021e-05 1.000000100000000021e-05 1.000000100000000021e-05 1.000000100000000021e-05 1.000000100000000021e-05 1.000000100000000021e-05 1.000000100000000021e-05 1.000000100000000021e-05 1.000000100000000021e-05 1.000000100000000021e-05 1.000000100000000021e-05 1.000000100000000021e-05 1.000000100000000021e-05 1.000000100000000021e-05 1.000000100000000021e-05 1.000000100000000021e-05 1.000000100000000021e-05 1.000000100000000021e-05 1.000000100000000021e-05 1.000000100000000021e-05 1.000000100000000021e-05 1.000000100000000021e-05 1.000000100000000021e-05 1.000000100000000021e-05 3.660533322371246120e-03 3.660032153635800825e-03 4.057098820573263286e-03 3.660432153680265917e-03 3.660032153635800825e-03 4.454966472854563972e-03
1.000000100000000021e-05 1.000000100000000021e-05 1.000000100000000021e-05 1.000000100000000021e-05 1.000000100000000021e-05 1.000000100000000021e-05 1.000000100000000021e-05 1.000000100000000021e-05 1.000000100000000021e-05 1.000000100000000021e-05 1.000000100000000021e-05 1.000000100000000021e-05 1.000000100000000021e-05 1.000000100000000021e-05 1.000000100000000021e-05 1.000000100000000021e-05 1.000000100000000021e-05 1.000000100000000021e-05 1.000000100000000021e-05 1.000000100000000021e-05 1.000000100000000021e-05 1.000000100000000021e-05 1.000000100000000021e-05 1.000000100000000021e-05 1.000000100000000021e-05 1.000000100000000021e-05 1.000000100000000021e-05 1.000000100000000021e-05 1.000000100000000021e-05 1.000000100000000021e-05 4.057498820617727944e-03 4.454565487555189537e-03 4.454965487599655063e-03 4.455365487644119722e-03 4.454965487599655063e-03 4.454965487599655063e-03 4.059126449374189476e-03
1.000000100000000021e-05 1.000000100000000021e-05 1.000000100000000021e-05 1.000000100000000021e-05 1.000000100000000021e-05 1.000000100000000021e-05 1.000000100000000021e-05 1.000000100000000021e-05 1.000000100000000021e-05 1.000000100000000021e-05 1.000000100000000021e-05 1.000000100000000021e-05 1.000000100000000021e-05 1.000000100000000021e-05 1.000000100000000021e-05 1.000000100000000021e-05 1.000000100000000021e-05 1.000000100000000021e-05 1.000000100000000021e-05 1.000000100000000021e-05 1.000000100000000021e-05 1.000000100000000021e-05 1.000000100000000021e-05 1.000000100000000021e-05 1.000000100000000021e-05 1.000000100000000021e-05 1.000000100000000021e-05 1.000000100000000021e-05 1.000000100000000021e-05 4.057498820617727944e-03 4.057749404985450808e-03 4.852403540748069510e-03 4.456165487733049907e-03 4.455765487688584381e-03 4.455765487688584381e-03 4.455765487688584381e-03 4.455365487644119722e-03
1.000000100000000021e-05 1.000000100000000021e-05 1.000000100000000021e-05 1.000000100000000021e-05 1.000000100000000021e-05 1.000000100000000021e-05 1.000000100000000021e-05 1.000000100000000021e-05 1.000000100000000021e-05 1.000000100000000021e-05 1.000000100000000021e-05 1.000000100000000021e-05 1.000000100000000021e-05 1.000000100000000021e-05 1.000000100000000021e-05 1.000000100000000021e-05 1.000000100000000021e-05 1.000000100000000021e-05 1.000000100000000021e-05 1.000000100000000021e-05 1.000000100000000021e-05 1.000000100000000021e-05 1.000000100000000021e-05 1.000000100000000021e-05 1.000000100000000021e-05 1.000000100000000021e-05 1.000000100000000021e-05 1.000000100000000021e-05 3.660533322371246120e-03 4.057349404940985282e-03 4.454965487599655063e-03 4.456994101655490162e-03 4.851574926825628388e-03 4.456165487733049907e-03 4.455765487688584381e-03 4.455765487688584381e-03 4.455765487688584381e-03
1.000000100000000021e-05 1.000000100000000021e-05 1.000000100000000021e-05 1.000000100000000021e-05 1.000000100000000021e-05 1.000000100000000021e-05 1.000000100000000021e-05 1.000000100000000021e-05 1.000000100000000021e-05 1.000000100000000021e-05 1.000000100000000021e-05 1.000000100000000021e-05 1.000000100000000021e-05 1.000000100000000021e-05 1.000000100000000021e-05 1.000000100000000021e-05 1.000000100000000021e-05 1.000000100000000021e-05 1.000000100000000021e-05 1.000000100000000021e-05 1.000000100000000021e-05 1.000000100000000021e-05 1.000000100000000021e-05 1.000000100000000021e-05 1.000000100000000021e-05 1.000000100000000021e-05 4.056522761528364579e-03 3.661509381460609919e-03 4.454165487510724879e-03 4.455365487644119722e-03 4.851574926825628388e-03 4.454937859021053034e-03 4.060356048596005900e-03 4.455365487644119722e-03 4.455765487688584381e-03 4.455765487688584381e-03 4.455765487688584381e-03
1.000000100000000021e-05 1.000000100000000021e-05 1.000000100000000021e-05 1.000000100000000021e-05 1.000000100000000021e-05 1.000000100000000021e-05 1.000000100000000021e-05 1.000000100000000021e-05 1.000000100000000021e-05 1.000000100000000021e-05 1.000000100000000021e-05 1.000000100000000021e-05 1.000000100000000021e-05 1.000000100000000021e-05 1.000000100000000021e-05 1.000000100000000021e-05 1.000000100000000021e-05 1.000000100000000021e-05 1.000000100000000021e-05 1.000000100000000021e-05 1.000000100000000021e-05 1.000000100000000021e-05 1.000000100000000021e-05 4.455365487644119722e-03 4.056949404896521491e-03 3.263616071110525887e-03 4.454165487510725746e-03 4.454965487599655063e-03 4.455765487688584381e-03 4.455765487688584381e-03 4.060356048596005900e-03 4.058726449329724817e-03 4.454965487599655063e-03 4.455765487688584381e-03 5.252298821830298121e-03 4.854832154848371002e-03 4.456165487733049907e-03
1.000000100000000021e-05 1.000000100000000021e-05 1.000000100000000021e-05 1.000000100000000021e-05 1.000000100000000021e-05 1.000000100000000021e-05 1.000000100000000021e-05 1.000000100000000021e-05 1.000000100000000021e-05 1.000000100000000021e-05 1.000000100000000021e-05 4.454965487599655063e-03 4.852981570302788636e-03 4.854181570436183479e-03 4.853781570391718821e-03 4.854181570436183479e-03 4.854181570436183479e-03 5.251039623520059249e-03 4.460182715840404349e-03 1.000000100000000021e-05 1.000000100000000021e-05 1.000000100000000021e-05 3.660533322371246120e-03 4.852003540703604852e-03 4.455366472899029498e-03 4.057926449240795500e-03 4.455365487644119722e-03 4.455765487688584381e-03 4.455765487688584381e-03 4.455765487688584381e-03 4.455365487644119722e-03 4.455365487644119722e-03 4.455765487688584381e-03 4.852803540792535036e-03 4.455765487688584381e-03 4.853632154714977026e-03 5.251898821785833463e-03
1.000000100000000021e-05 1.000000100000000021e-05 1.000000100000000021e-05 1.000000100000000021e-05 1.000000100000000021e-05 1.000000100000000021e-05 1.000000100000000021e-05 1.000000100000000021e-05 1.000000100000000021e-05 1.000000100000000021e-05 3.660533322371246120e-03 3.660032153635800825e-03 3.660032153635800825e-03 4.454165487510724879e-03 4.059126449374189476e-03 4.455365487644119722e-03 4.455765487688584381e-03 4.455765487688584381e-03 5.248681593767407470e-03 4.462142716058411888e-03 4.848418867493866843e-03 3.663467411168797906e-03 4.454165487510724879e-03 4.456165487733049907e-03 5.251898821785833463e-03 4.057498820617727944e-03 4.057898820662192603e-03 4.455365487644119722e-03 4.455765487688584381e-03 4.455765487688584381e-03 4.455765487688584381e-03 4.455765487688584381e-03 4.455765487688584381e-03 4.455766472943494157e-03 4.057898820662192603e-03 4.057498820617727944e-03 3.660432153680265917e-03
4.457394101699955688e-03 4.058149405029915467e-03 4.057749404985450808e-03 4.057749404985450808e-03 4.057749404985450808e-03 4.057749404985450808e-03 4.057749404985450808e-03 4.057749404985450808e-03 4.057749404985450808e-03 4.057749404985450808e-03 4.454565487555189537e-03 4.454965487599655063e-03 4.454965487599655063e-03 3.660832153724731010e-03 4.454966472854563972e-03 4.455765487688584381e-03 4.455765487688584381e-03 4.455765487688584381e-03 4.455765487688584381e-03 5.646974904161956160e-03 2.867498819938735406e-03 4.453365487421795561e-03 4.455765487688584381e-03 4.455765487688584381e-03 4.852374926914557705e-03 4.059956048551541241e-03 4.454965487599655063e-03 4.455765487688584381e-03 4.455765487688584381e-03 4.455765487688584381e-03 4.854032154759440817e-03 4.854432154803906344e-03 4.851974926870093047e-03 4.059526449418654134e-03 4.057498820617727944e-03 4.057498820617727944e-03 4.454565487555189537e-03
4.852803540792535036e-03 5.252298821830298121e-03 5.252698821874762780e-03 5.252698821874762780e-03 5.252698821874762780e-03 5.252698821874762780e-03 5.252698821874762780e-03 5.252698821874762780e-03 5.252698821874762780e-03 4.456165487733049907e-03 4.854032154759440817e-03 4.854432154803906344e-03 5.252698821874762780e-03 5.252298821830298121e-03 4.853603540881464354e-03 4.456165487733049907e-03 4.455765487688584381e-03 4.455365487644119722e-03 4.455365487644119722e-03 4.455765487688584381e-03 5.250698821652438619e-03 5.253098821919227439e-03 5.253098821919227439e-03 5.253098821919227439e-03 5.253498821963692098e-03 5.252698821874762780e-03 5.253098821919227439e-03 5.253898822008157624e-03 5.252298821830298121e-03 5.253098821919227439e-03 4.854832154848371002e-03 4.854432154803906344e-03 4.060756048640470559e-03 4.454965487599655063e-03 4.455365487644119722e-03 4.455365487644119722e-03 5.252298821830298121e-03
4.455765487688584381e-03 4.455765487688584381e-03 4.455765487688584381e-03 4.455765487688584381e-03 4.455765487688584381e-03 4.455765487688584381e-03 4.455765487688584381e-03 4.455765487688584381e-03 4.455765487688584381e-03 5.252298821830298121e-03 4.854832154848371002e-03 4.854432154803906344e-03 4.456165487733049907e-03 4.455765487688584381e-03 4.455765487688584381e-03 4.455765487688584381e-03 4.456997057420220357e-03 4.061914078259728361e-03 4.056549404852055965e-03 4.454565487555189537e-03 4.455765487688584381e-03 4.455365487644119722e-03 4.455765487688584381e-03 4.455765487688584381e-03 4.455765487688584381e-03 4.455765487688584381e-03 4.456565487777513698e-03 5.250698821652438619e-03 3.660832153724731010e-03 4.454965487599655063e-03 4.455765487688584381e-03 4.455365487644119722e-03 4.455365487644119722e-03 4.455765487688584381e-03 5.252298821830298121e-03 5.253098821919227439e-03 4.456165487733049907e-03
4.455765487688584381e-03 4.455765487688584381e-03 4.455765487688584381e-03 4.455765487688584381e-03 4.455765487688584381e-03 4.455765487688584381e-03 4.455765487688584381e-03 4.455765487688584381e-03 4.455765487688584381e-03 4.455765487688584381e-03 4.455765487688584381e-03 4.455765487688584381e-03 4.455765487688584381e-03 4.455765487688584381e-03 4.455765487688584381e-03 4.455765487688584381e-03 5.251039623520059249e-03 5.247660608399176869e-03 2.867498819938735406e-03 3.659232153546871508e-03 4.454965487599655063e-03 4.060356048596005900e-03 4.455365487644119722e-03 4.455765487688584381e-03 4.455765487688584381e-03 4.455765487688584381e-03 5.252298821830298121e-03 3.660432153680265917e-03 4.454565487555189537e-03 4.455365487644119722e-03 4.454965487599655063e-03 4.060356048596005900e-03 5.251898821785833463e-03 5.253098821919227439e-03 4.456565487777513698e-03 4.455765487688584381e-03 4.059126449374189476e-03
4.455765487688584381e-03 4.455765487688584381e-03 4.455765487688584381e-03 4.455765487688584381e-03 4.455765487688584381e-03 4.455765487688584381e-03 4.455765487688584381e-03 4.455765487688584381e-03 4.455765487688584381e-03 4.455765487688584381e-03 4.455765487688584381e-03 4.455765487688584381e-03 4.455765487688584381e-03 4.455765487688584381e-03 4.455765487688584381e-03 4.455765487688584381e-03 4.851574926825628388e-03 4.060356048596005900e-03 5.250298821607973961e-03 5.252298821830298121e-03 4.456565487777513698e-03 4.851574926825628388e-03 4.456165487733049907e-03 4.455365487644119722e-03 4.455765487688584381e-03 4.455765487688584381e-03 5.252298821830298121e-03 4.057898820662192603e-03 4.057498820617727944e-03 4.059956048551541241e-03 3.660432153680265917e-03 4.850774926736698203e-03 4.456165487733049907e-03 4.455765487688584381e-03 4.455365487644119722e-03 4.455765487688584381e-03 4.455766472943494157e-03
4.454965487599655063e-03 4.455765487688584381e-03 4.455765487688584381e-03 4.455765487688584381e-03 4.455765487688584381e-03 4.455765487688584381e-03 4.455765487688584381e-03 4.455765487688584381e-03 4.455765487688584381e-03 4.455765487688584381e-03 4.455765487688584381e-03 4.455765487688584381e-03 4.455765487688584381e-03 4.455765487688584381e-03 4.455765487688584381e-03 4.455765487688584381e-03 4.455765487688584381e-03 4.455765487688584381e-03 4.455765487688584381e-03 4.455765487688584381e-03 4.455765487688584381e-03 4.455765487688584381e-03 4.455765487688584381e-03 4.061337033959919879e-03 4.455765487688584381e-03 4.454165487510725746e-03 4.852803540792535036e-03 4.455766472943494157e-03 4.058326449285259291e-03 4.850374926692234412e-03 5.251498821741367937e-03 4.456565487777513698e-03 4.454965487599655063e-03 4.454965487599655063e-03 4.057898820662192603e-03 4.454565487555189537e-03 4.852003540703604852e-03
