output/water_depth_240.asc
ncols 223
nrows 158
xllcorner 0.0
yllcorner 0.0
cellsize 30.0
[rows 68 to 84 of 158, columns 37 to 73 of 223]
4.058326449285259291e-03 4.455365487644119722e-03 4.455765487688584381e-03 4.455765487688584381e-03 4.455765487688584381e-03 4.455765487688584381e-03 4.455765487688584381e-03 4.455365487644119722e-03 4.455365487644119722e-03 4.455765487688584381e-03 4.455765487688584381e-03 4.455365487644119722e-03 4.455765487688584381e-03 4.455765487688584381e-03 4.455765487688584381e-03 4.455765487688584381e-03 4.455365487644119722e-03 4.455765487688584381e-03 4.455765487688584381e-03 4.455765487688584381e-03 4.455765487688584381e-03 4.454965487599655063e-03 4.455765487688584381e-03 5.248681593767407470e-03 4.853811169480140401e-03 2.867498819938735406e-03 4.452965487377330903e-03 4.454965487599655063e-03 3.660832153724731010e-03 3.660032153635800825e-03 4.057098820573263286e-03 4.454565487555189537e-03 3.660832153724731010e-03 3.660032153635800825e-03 4.057098820573263286e-03 3.660432153680265917e-03 3.660032153635800825e-03
3.660432153680265917e-03 4.453765487466260220e-03 4.455765487688584381e-03 4.455365487644119722e-03 4.455365487644119722e-03 4.455765487688584381e-03 4.455765487688584381e-03 4.060356048596005900e-03 4.059956048551541241e-03 4.455365487644119722e-03 4.455765487688584381e-03 4.059126449374189476e-03 4.454565487555189537e-03 4.455365487644119722e-03 4.455365487644119722e-03 4.455365487644119722e-03 4.059126449374189476e-03 4.454565487555189537e-03 4.455365487644119722e-03 4.454965487599655063e-03 4.455365487644119722e-03 3.660832153724731010e-03 4.454165487510724879e-03 4.455765487688584381e-03 4.853560585112418405e-03 5.244824732527875524e-03 3.268511145380994989e-03 3.659632153591336166e-03 4.454165487510724879e-03 4.454965487599655063e-03 4.057898820662192603e-03 3.660432153680265917e-03 4.852432154581582183e-03 5.251898821785833463e-03 5.252698821874762780e-03 4.852803540792535036e-03 4.455365487644119722e-03
4.056949404896521491e-03 3.265317604921531489e-03 4.453365487421795561e-03 4.057898820662192603e-03 4.057498820617727944e-03 4.454565487555189537e-03 4.454965487599655063e-03 4.851174926781163729e-03 4.851574926825628388e-03 4.455765487688584381e-03 4.455365487644119722e-03 4.455766472943494157e-03 3.660832153724731010e-03 4.057098820573263286e-03 4.057498820617727944e-03 4.058726449329724817e-03 4.455366472899029498e-03 3.660832153724731010e-03 4.057098820573263286e-03 3.660432153680265917e-03 4.057098820573263286e-03 4.852832154626046841e-03 3.661232153769195669e-03 4.449579097142839293e-03 3.266797788511070777e-03 3.659632153591336166e-03 4.453765487466260220e-03 4.454965487599655063e-03 4.455765487688584381e-03 4.852803540792535036e-03 4.455765487688584381e-03 5.251498821741367937e-03 4.854832154848371002e-03 4.456165487733049907e-03 4.455765487688584381e-03 4.458222715622397678e-03 4.852803540792535036e-03
1.000000100000000021e-05 4.053343999892549884e-03 3.265568189289254353e-03 4.056698820528798627e-03 4.057498820617727944e-03 3.660432153680265917e-03 3.660032153635800825e-03 4.058326449285259291e-03 4.059956048551541241e-03 4.057498820617727944e-03 4.059956048551541241e-03 4.852003540703605719e-03 4.853632154714976159e-03 4.058298820706657262e-03 4.057498820617727944e-03 4.455366472899029498e-03 4.852803540792535036e-03 5.251898821785833463e-03 4.058698820751122788e-03 4.454565487555189537e-03 4.057898820662192603e-03 4.852832154626046841e-03 5.246072979647032827e-03 3.666403470476169244e-03 4.453765487466260220e-03 4.454965487599655063e-03 4.455765487688584381e-03 4.455765487688584381e-03 4.455765487688584381e-03 4.458222715622397678e-03 4.854032154759440817e-03 4.456165487733049907e-03 4.455765487688584381e-03 4.455765487688584381e-03 4.455765487688584381e-03 4.852803540792535036e-03 4.458622715666861469e-03
4.057749404985450808e-03 4.850774926736698203e-03 4.454965487599655063e-03 4.455365487644119722e-03 4.455365487644119722e-03 4.454965487599655063e-03 4.454965487599655063e-03 4.454537858976587508e-03 4.851574926825628388e-03 4.058298820706657262e-03 4.850774926736698203e-03 4.060756048640470559e-03 4.853632154714977026e-03 5.252298821830298121e-03 5.252698821874762780e-03 4.853603540881464354e-03 4.456165487733049907e-03 4.455765487688584381e-03 5.251898821785833463e-03 4.456565487777513698e-03 4.455365487644119722e-03 3.660832153724731010e-03 4.455946472963568175e-03 4.454965487599655063e-03 4.455765487688584381e-03 4.455765487688584381e-03 5.252298821830298121e-03 5.253098821919227439e-03 5.253098821919227439e-03 4.853603540881464354e-03 4.854432154803906344e-03 4.456165487733049907e-03 4.455765487688584381e-03 4.455765487688584381e-03 4.455765487688584381e-03 4.455765487688584381e-03 4.852803540792535036e-03
4.057749404985450808e-03 4.059956048551541241e-03 4.455365487644119722e-03 4.455765487688584381e-03 4.455765487688584381e-03 4.455765487688584381e-03 4.455765487688584381e-03 4.456994101655490162e-03 4.455765487688584381e-03 5.251898821785833463e-03 4.061156048684935217e-03 4.851174926781163729e-03 4.456165487733049907e-03 4.455765487688584381e-03 4.455765487688584381e-03 4.455765487688584381e-03 4.455365487644119722e-03 4.454965487599655063e-03 4.454965487599655063e-03 5.251898821785833463e-03 5.252298821830298121e-03 4.455765487688584381e-03 4.059126449374189476e-03 5.252298821830298121e-03 5.252698821874762780e-03 5.253098821919227439e-03 4.456565487777513698e-03 4.455765487688584381e-03 4.455765487688584381e-03 4.455765487688584381e-03 4.455765487688584381e-03 4.455365487644119722e-03 4.455365487644119722e-03 4.455365487644119722e-03 4.455765487688584381e-03 4.455765487688584381e-03 4.455765487688584381e-03
4.059956048551541241e-03 5.251098821696903278e-03 5.253098821919227439e-03 5.253098821919227439e-03 5.253098821919227439e-03 5.253098821919227439e-03 5.253098821919227439e-03 4.853603540881464354e-03 4.456165487733049907e-03 4.455765487688584381e-03 4.851574926825628388e-03 4.456165487733049907e-03 4.455765487688584381e-03 4.455765487688584381e-03 4.455765487688584381e-03 4.455365487644119722e-03 4.059126449374189476e-03 3.660432153680265917e-03 3.660032153635800825e-03 4.057098820573263286e-03 3.660432153680265917e-03 4.850774926736698203e-03 5.252298821830298121e-03 4.851974926870093047e-03 4.059556048507075715e-03 4.454965487599655063e-03 4.455765487688584381e-03 4.455365487644119722e-03 4.455765487688584381e-03 4.455365487644119722e-03 4.454965487599655063e-03 4.059126449374189476e-03 4.057498820617727944e-03 4.057498820617727944e-03 4.454565487555189537e-03 4.454965487599655063e-03 4.454965487599655063e-03
4.849618867627259952e-03 4.060105464228283903e-03 4.455365487644119722e-03 4.455765487688584381e-03 4.455765487688584381e-03 4.455365487644119722e-03 4.455365487644119722e-03 4.454965487599655063e-03 4.454965487599655063e-03 4.455365487644119722e-03 4.454965487599655063e-03 4.454965487599655063e-03 4.454965487599655063e-03 4.454965487599655063e-03 4.454965487599655063e-03 4.059126449374189476e-03 4.454137858932123717e-03 4.454965487599655063e-03 4.454965487599655063e-03 4.057898820662192603e-03 4.454565487555189537e-03 4.060356048596005900e-03 4.453160814587849708e-03 4.057499805872638587e-03 3.661258797092887922e-03 4.057098820573263286e-03 4.454565487555189537e-03 4.057898820662192603e-03 4.454565487555189537e-03 4.057898820662192603e-03 3.660432153680265917e-03 4.452510230175661318e-03 4.057898820662192603e-03 4.057498820617727944e-03 3.660432153680265917e-03 3.660032153635800825e-03 3.660032153635800825e-03
4.057749404985450808e-03 4.455365487644119722e-03 4.455765487688584381e-03 4.455765487688584381e-03 4.455765487688584381e-03 4.059126449374189476e-03 4.057498820617727944e-03 3.660432153680265917e-03 3.660032153635800825e-03 4.057098820573263286e-03 3.660432153680265917e-03 3.660032153635800825e-03 3.660032153635800825e-03 3.660032153635800825e-03 3.660032153635800825e-03 4.452510230175661318e-03 4.455765487688584381e-03 4.852803540792535036e-03 4.456165487733049907e-03 4.455365487644119722e-03 4.455765487688584381e-03 4.851425511148886593e-03 4.060682508528092385e-03 4.056272177160641715e-03 3.661258797092887488e-03 4.057098820573263286e-03 3.660432153680265917e-03 4.057098820573263286e-03 3.660432153680265917e-03 4.057098820573263286e-03 4.454565487555189537e-03 4.059126449374189476e-03 4.454965487599655063e-03 4.455365487644119722e-03 4.454965487599655063e-03 4.454965487599655063e-03 4.454965487599655063e-03
4.057749404985450808e-03 4.455365487644119722e-03 4.455765487688584381e-03 4.455765487688584381e-03 4.455765487688584381e-03 4.455766472943494157e-03 4.057898820662192603e-03 4.454565487555189537e-03 4.454965487599655063e-03 4.057898820662192603e-03 4.454565487555189537e-03 4.454965487599655063e-03 4.454965487599655063e-03 4.454965487599655063e-03 4.454965487599655063e-03 4.059126449374189476e-03 4.456594101611026371e-03 4.458222715622397678e-03 4.455765487688584381e-03 4.455765487688584381e-03 4.455765487688584381e-03 4.456165487733049907e-03 5.251098821696903278e-03 3.660432153680265917e-03 4.454165487510724879e-03 4.455365487644119722e-03 4.454965487599655063e-03 4.455365487644119722e-03 4.454965487599655063e-03 4.455365487644119722e-03 4.455765487688584381e-03 4.455365487644119722e-03 4.455765487688584381e-03 4.455765487688584381e-03 4.455765487688584381e-03 4.455765487688584381e-03 4.851574926825628388e-03
4.057749404985450808e-03 4.455365487644119722e-03 4.455765487688584381e-03 4.455765487688584381e-03 4.455765487688584381e-03 4.852803540792535036e-03 5.252298821830298121e-03 4.456565487777513698e-03 4.455765487688584381e-03 5.251898821785833463e-03 5.253098821919227439e-03 5.253098821919227439e-03 4.854832154848371002e-03 5.252698821874762780e-03 5.253098821919227439e-03 5.252698821874762780e-03 4.853203540836999695e-03 4.853203540836999695e-03 5.252698821874762780e-03 4.456565487777513698e-03 4.455765487688584381e-03 4.455765487688584381e-03 5.252298821830298121e-03 3.660032153635800825e-03 4.454965487599655063e-03 4.455765487688584381e-03 4.455765487688584381e-03 4.455765487688584381e-03 4.455765487688584381e-03 4.455765487688584381e-03 4.455765487688584381e-03 4.455765487688584381e-03 4.455765487688584381e-03 4.455765487688584381e-03 4.455765487688584381e-03 4.455765487688584381e-03 4.060356048596005900e-03
4.058977033697447681e-03 4.455365487644119722e-03 4.455765487688584381e-03 4.455765487688584381e-03 4.455765487688584381e-03 4.455765487688584381e-03 4.455765487688584381e-03 5.252298821830298121e-03 5.253098821919227439e-03 4.456965487821979224e-03 4.454965487599655063e-03 4.455765487688584381e-03 4.853232154670511500e-03 4.455765487688584381e-03 4.454965487599655063e-03 4.454965487599655063e-03 4.060356048596005900e-03 4.455365487644119722e-03 4.455765487688584381e-03 5.252298821830298121e-03 4.456565487777513698e-03 4.455765487688584381e-03 4.456565487777513698e-03 4.454965487599655063e-03 4.455765487688584381e-03 4.455765487688584381e-03 4.851574926825628388e-03 4.060356048596005900e-03 4.455365487644119722e-03 4.455765487688584381e-03 4.455765487688584381e-03 4.455765487688584381e-03 4.455765487688584381e-03 4.455765487688584381e-03 4.455765487688584381e-03 4.455765487688584381e-03 4.455365487644119722e-03
4.454137858932123717e-03 4.455765487688584381e-03 4.455365487644119722e-03 4.455765487688584381e-03 4.455765487688584381e-03 4.455765487688584381e-03 4.455765487688584381e-03 4.455765487688584381e-03 4.455765487688584381e-03 4.850596897226444604e-03 3.664443470258162139e-03 4.454165487510724879e-03 3.660832153724731010e-03 4.057098820573263286e-03 3.660432153680265917e-03 3.660032153635800825e-03 4.849974926647768886e-03 4.455765487688584381e-03 4.455365487644119722e-03 4.455765487688584381e-03 5.251498821741367937e-03 5.252298821830298121e-03 4.456565487777513698e-03 4.455765487688584381e-03 4.455765487688584381e-03 4.455765487688584381e-03 4.851974926870093047e-03 4.059956048551541241e-03 4.455365487644119722e-03 4.455765487688584381e-03 4.455765487688584381e-03 4.455765487688584381e-03 4.455765487688584381e-03 4.455765487688584381e-03 4.455765487688584381e-03 4.455765487688584381e-03 4.455765487688584381e-03
4.057749404985450808e-03 4.455365487644119722e-03 4.061337033959919879e-03 4.454965487599655063e-03 4.455765487688584381e-03 4.455765487688584381e-03 4.455765487688584381e-03 4.455765487688584381e-03 4.455765487688584381e-03 4.455765487688584381e-03 4.056922761572828370e-03 3.660432153680265917e-03 4.454165487510724879e-03 4.057898820662192603e-03 4.454565487555189537e-03 4.454965487599655063e-03 3.660832153724731010e-03 4.057098820573263286e-03 4.057498820617727944e-03 4.454565487555189537e-03 3.660832153724731010e-03 3.660032153635800825e-03 4.853232154670511500e-03 4.456165487733049907e-03 4.455765487688584381e-03 4.455765487688584381e-03 4.456165487733049907e-03 4.455365487644119722e-03 4.455765487688584381e-03 4.455765487688584381e-03 4.455765487688584381e-03 4.455765487688584381e-03 4.455765487688584381e-03 4.455765487688584381e-03 4.455765487688584381e-03 4.455765487688584381e-03 4.455765487688584381e-03
4.057749404985450808e-03 4.455365487644119722e-03 5.246222395323774622e-03 4.061337033959919879e-03 4.455365487644119722e-03 4.455765487688584381e-03 4.455765487688584381e-03 4.455765487688584381e-03 4.455765487688584381e-03 4.455765487688584381e-03 5.251898821785833463e-03 5.252298821830298121e-03 5.253098821919227439e-03 5.252698821874762780e-03 5.253098821919227439e-03 4.456565487777513698e-03 4.454965487599655063e-03 4.057898820662192603e-03 4.057498820617727944e-03 3.660432153680265917e-03 4.851203540614674667e-03 5.251498821741367937e-03 4.854832154848371002e-03 5.252698821874762780e-03 5.253098821919227439e-03 4.456565487777513698e-03 4.455765487688584381e-03 4.455765487688584381e-03 4.455765487688584381e-03 4.455765487688584381e-03 4.455765487688584381e-03 4.455765487688584381e-03 4.455765487688584381e-03 4.455765487688584381e-03 4.455765487688584381e-03 4.455765487688584381e-03 4.455765487688584381e-03
4.057749404985450808e-03 4.455365487644119722e-03 4.455765487688584381e-03 4.455765487688584381e-03 4.455765487688584381e-03 4.455765487688584381e-03 4.455765487688584381e-03 4.455365487644119722e-03 4.455765487688584381e-03 4.455765487688584381e-03 4.455765487688584381e-03 4.455765487688584381e-03 4.455765487688584381e-03 4.455765487688584381e-03 4.455765487688584381e-03 5.251498821741367937e-03 5.252298821830298121e-03 4.456165487733049907e-03 4.455365487644119722e-03 4.454965487599655063e-03 4.458222715622397678e-03 4.060356048596005900e-03 4.455365487644119722e-03 4.455765487688584381e-03 4.455765487688584381e-03 5.252298821830298121e-03 5.253098821919227439e-03 5.253098821919227439e-03 4.854832154848371002e-03 4.456165487733049907e-03 4.455765487688584381e-03 4.455765487688584381e-03 4.455765487688584381e-03 4.455765487688584381e-03 4.455765487688584381e-03 4.455765487688584381e-03 4.455765487688584381e-03
4.057749404985450808e-03 4.455365487644119722e-03 4.455765487688584381e-03 4.455765487688584381e-03 4.455365487644119722e-03 4.454965487599655063e-03 4.455365487644119722e-03 4.060356048596005900e-03 4.454965487599655063e-03 4.454965487599655063e-03 4.454965487599655063e-03 4.455365487644119722e-03 4.454965487599655063e-03 4.455765487688584381e-03 4.454965487599655063e-03 3.660832153724731010e-03 3.660032153635800825e-03 4.850774926736698203e-03 4.456165487733049907e-03 4.854032154759440817e-03 4.852803540792535036e-03 4.851574926825628388e-03 4.455365487644119722e-03 4.455765487688584381e-03 4.455765487688584381e-03 4.455765487688584381e-03 4.455365487644119722e-03 4.455765487688584381e-03 4.853632154714977026e-03 5.251898821785833463e-03 4.456565487777513698e-03 4.455765487688584381e-03 4.455765487688584381e-03 4.851574926825628388e-03 4.060356048596005900e-03 4.455365487644119722e-03 4.455765487688584381e-03
