output/water_depth_4680.asc
ncols 223
nrows 158
xllcorner 0.0
yllcorner 0.0
cellsize 30.0
[rows 85 to 101 of 158, columns 185 to 221 of 223]
5.237768280111113978e-05 5.425255017627080164e-05 1.000000000000000021e-08 1.000000000000000021e-08 1.000000000000000021e-08 1.000000000000000021e-08 1.141539358760920936e-03 3.875903793344257497e-01 3.839952788806954564e-01 3.859672091143603878e-01 9.014502883681206960e-03 4.975894689094154805e-03 1.000000000000000021e-08 1.000000000000000021e-08 7.020177618181752319e-05 4.407114287464797687e-05 1.412611528624668132e-05 1.000000000000000021e-08 1.000000000000000021e-08 1.000000000000000021e-08 1.000000000000000021e-08 6.103081701039653493e-05 6.218317796219602952e-05 6.320616682822463323e-05 7.296967973709363696e-05 8.543081132359478741e-05 9.175983545787081298e-05 1.050593985568910746e-04 6.691830987656682849e-05 3.338560757268699210e-05 1.000000100000000021e-05 1.000000100000000021e-05 1.000000100000000021e-05 1.000000100000000021e-05 1.000000100000000021e-05 1.000000100000000021e-05 1.000000100000000021e-05
5.000139712780645395e-05 7.628784871822637790e-05 1.000000000000000021e-08 1.000000000000000021e-08 1.000000000000000021e-08 1.000000000000000021e-08 9.244308161549419801e-05 3.413705582371295844e-01 3.398010652691040856e-01 2.469420279459597772e-03 2.562866257405252944e-03 1.083854249963887677e-03 8.640779902126703921e-05 7.182598482702914205e-05 4.546804903555885623e-05 4.078128639177839681e-05 3.643518543597615755e-05 1.000000000000000021e-08 4.678103553780709058e-05 4.176255911037014818e-05 1.991649464768113263e-05 1.834189130091176478e-05 2.544985604790718538e-05 3.515719825736368735e-05 3.587792504663436035e-05 3.028491059553752788e-05 2.796356276385219809e-05 2.557257228716604272e-05 2.048844650748875965e-05 1.528639422121583075e-05 1.045104081005279640e-05 1.000000100000000021e-05 1.000000100000000021e-05 1.000000100000000021e-05 1.000000100000000021e-05 1.000000100000000021e-05 1.000000100000000021e-05
5.650288212833359743e-05 1.000000000000000021e-08 1.000000000000000021e-08 1.000000000000000021e-08 1.000000000000000021e-08 1.219384798246846579e-05 1.000000000000000021e-08 2.750112269621419747e-01 2.742130936070258374e-01 4.779636356676991872e-05 4.039106107703451616e-05 4.224377453765677131e-05 1.000000000000000021e-08 1.000000000000000021e-08 1.000000000000000021e-08 1.000000000000000021e-08 1.101571180565322921e-04 4.061018951869852422e-05 2.437381384567600305e-05 1.000000000000000021e-08 5.200493103392284848e-05 4.851453417749252599e-05 4.714795585733506353e-05 4.100692400071957923e-05 2.513424325971491970e-05 1.000000000000000021e-08 1.000000000000000021e-08 1.061892845478084005e-05 1.054772383457948456e-05 1.042375155582972443e-05 1.351747398344435256e-05 1.000000100000000021e-05 1.000000100000000021e-05 1.000000100000000021e-05 1.000000100000000021e-05 1.000000100000000021e-05 1.000000100000000021e-05
4.492626918589187569e-05 3.689197814071727011e-05 3.942647289690149985e-05 4.383450492669422699e-05 1.093789366467119684e-04 1.000000000000000021e-08 1.483046084414380796e-05 4.042459991928541441e-01 1.360058655551161511e-01 7.382604070098780806e-05 5.294435558087941777e-05 1.000000000000000021e-08 1.000000000000000021e-08 2.356329108778151807e-05 1.828581547897547272e-05 5.262911302179497245e-04 4.916477308801322881e-03 1.851209282528691179e-04 1.000000000000000021e-08 1.000000000000000021e-08 1.225792715460546781e-04 1.138401235056722227e-04 1.046985538075412275e-04 5.744363487419554531e-05 4.708341258871918776e-05 4.414014644285077342e-05 3.889631712295800849e-05 3.280527557983861387e-05 2.435421939290567192e-05 1.839033213542493877e-05 1.558476447286135557e-05 1.000000100000000021e-05 1.000000100000000021e-05 1.000000100000000021e-05 1.000000100000000021e-05 1.000000100000000021e-05 1.000000100000000021e-05
9.922468094598401801e-05 7.592925185291856337e-05 6.782928502401437698e-05 7.411666850860575161e-05 1.062743452604683467e-04 3.314313886114573907e-04 4.414460591809614702e-04 2.904670902749196260e-01 2.405235353859951353e-01 1.138265695667540567e-03 1.931268734826434885e-05 2.169494922222055600e-05 1.678482762723342974e-05 2.024128217331524289e-05 3.501243788846380165e-04 4.871715208936059196e-04 1.000000000000000021e-08 5.422492582513570043e-05 1.440398328681123078e-05 2.753414270989905111e-05 7.587462569880587657e-05 9.866003856675481835e-05 7.986456318549286300e-05 9.958740802393583973e-05 1.070378978532028901e-04 1.107033739018117071e-04 1.374889167852719478e-04 1.404667674137484944e-04 9.896125818507171411e-05 6.188812473053658281e-05 3.313400926133211011e-05 1.000000100000000021e-05 1.000000100000000021e-05 1.000000100000000021e-05 1.000000100000000021e-05 1.000000100000000021e-05 1.000000100000000021e-05
2.078973363720875919e-04 1.912588032555514062e-04 2.182028530428274248e-04 3.793038469975702764e-04 4.022979156916158764e-04 5.181469727992054838e-04 4.913407728853002833e-05 2.779952751397906097e-01 2.750442043815715110e-01 3.764075797554805375e-04 3.175005896832712129e-05 2.374496717615604975e-05 2.829113521224069659e-05 1.631605144052105017e-05 3.261356765532462946e-05 2.626911818652432522e-04 1.000000000000000021e-08 1.000000000000000021e-08 1.000000000000000021e-08 1.000000000000000021e-08 1.000000000000000021e-08 1.000000000000000021e-08 5.375663109156671908e-05 1.000000000000000021e-08 1.000000000000000021e-08 8.910490195648097193e-05 1.000000000000000021e-08 1.000000000000000021e-08 1.000000000000000021e-08 1.000000000000000021e-08 1.000000100000000021e-05 1.000000100000000021e-05 1.000000100000000021e-05 1.000000100000000021e-05 1.000000100000000021e-05 1.000000100000000021e-05 1.000000100000000021e-05
1.000000000000000021e-08 1.000000000000000021e-08 2.565360447616513674e-05 2.554375791140436127e-05 6.166512826293264792e-04 1.659946585497273745e-04 4.079825929819346116e-03 4.489304077621261158e-01 1.472459606779346897e-01 2.271149847823013539e-04 2.423672631144962607e-05 2.889447784620801475e-05 2.137674755012323031e-05 2.344321969815621866e-05 1.077825353430813195e-05 4.537929432426524365e-05 1.000000000000000021e-08 1.000000000000000021e-08 1.000000000000000021e-08 2.041396992802219554e-05 1.733828268012376712e-05 1.749546869264774300e-05 2.550508781176253793e-05 1.072486492668995624e-05 1.000000000000000021e-08 1.000000000000000021e-08 1.000000000000000021e-08 1.000000000000000021e-08 1.000000000000000021e-08 1.000000000000000021e-08 1.000000100000000021e-05 1.000000100000000021e-05 1.000000100000000021e-05 1.000000100000000021e-05 1.000000100000000021e-05 1.000000100000000021e-05 1.000000100000000021e-05
1.000000000000000021e-08 1.000000000000000021e-08 1.000000000000000021e-08 1.000000000000000021e-08 1.000000000000000021e-08 1.655393383899928677e-04 3.442100308822504916e-04 3.786465549299256605e-01 5.404935590429947589e-02 1.000000000000000021e-08 1.753413713808796290e-05 1.489780328745647333e-05 1.000000000000000021e-08 1.467437374959203285e-05 2.123556125660691401e-05 1.000000000000000021e-08 1.000000000000000021e-08 1.000000000000000021e-08 1.000000000000000021e-08 3.275893138616099302e-05 3.396871417640580956e-05 2.339108851785470805e-05 1.055810013454352964e-05 1.000000000000000021e-08 1.000000000000000021e-08 1.000000000000000021e-08 1.000000000000000021e-08 1.000000000000000021e-08 1.000000000000000021e-08 1.062371955606266416e-05 1.000000100000000021e-05 1.000000100000000021e-05 1.000000100000000021e-05 1.000000100000000021e-05 1.000000100000000021e-05 1.000000100000000021e-05 1.000000100000000021e-05
1.000000000000000021e-08 1.000000000000000021e-08 1.000000000000000021e-08 1.000000000000000021e-08 1.428974535212239196e-05 1.000000000000000021e-08 1.000000000000000021e-08 2.255471959381241676e-01 3.484208677630875051e-01 1.954445551245828465e-03 2.928923668286281630e-05 3.226113884502111436e-05 2.348585487906467627e-05 2.641719832115422547e-05 1.000000000000000021e-08 1.000000000000000021e-08 1.000000000000000021e-08 1.000000000000000021e-08 1.000000000000000021e-08 1.000000000000000021e-08 1.000000000000000021e-08 1.000000000000000021e-08 1.000000000000000021e-08 1.000000000000000021e-08 2.000907668624582158e-05 1.249214452452499393e-05 1.000000000000000021e-08 1.000000000000000021e-08 2.068006434708690553e-05 1.452721765367313877e-05 1.000000100000000021e-05 1.000000100000000021e-05 1.000000100000000021e-05 1.000000100000000021e-05 1.000000100000000021e-05 1.000000100000000021e-05 1.000000100000000021e-05
4.675997321349880043e-05 7.832888841934111820e-05 1.386685316883306185e-04 1.335220257622335871e-04 2.162791401415979458e-04 3.369893476734081789e-04 4.359574396536860705e-04 2.555294105078007583e-01 2.597088802782181460e-01 1.397483072268934689e-03 1.000000000000000021e-08 1.000000000000000021e-08 3.745238550013001388e-05 1.000000000000000021e-08 1.000000000000000021e-08 1.119189306415773086e-05 4.154605801447865636e-05 1.000000000000000021e-08 1.000000000000000021e-08 1.000000000000000021e-08 1.000000000000000021e-08 1.000000000000000021e-08 1.000000000000000021e-08 1.000000000000000021e-08 1.000000000000000021e-08 1.000000000000000021e-08 1.000000000000000021e-08 1.000000000000000021e-08 1.000000000000000021e-08 1.843137050321046194e-05 1.000000100000000021e-05 1.000000100000000021e-05 1.000000100000000021e-05 1.000000100000000021e-05 1.000000100000000021e-05 1.000000100000000021e-05 1.000000100000000021e-05
3.324158305130323911e-04 3.937980174348540701e-04 3.203050733314057302e-04 4.166555366984499385e-04 6.038426839496607379e-04 7.147536871086337083e-04 6.753085344543907978e-04 1.152895376104070418e-01 3.688420844581168367e-01 7.862423531177649937e-04 1.356995959359974383e-04 1.524826973071630556e-04 1.466513274438447734e-04 1.000000000000000021e-08 1.000000000000000021e-08 4.915191898195747801e-05 7.173314095375456743e-05 5.405668220468967683e-05 1.000000000000000021e-08 1.000000000000000021e-08 1.000000000000000021e-08 1.000000000000000021e-08 1.000000000000000021e-08 1.000000000000000021e-08 1.000000000000000021e-08 1.000000000000000021e-08 1.000000000000000021e-08 1.000000000000000021e-08 1.788502557958761429e-05 1.951337889572474978e-05 1.000000100000000021e-05 1.000000100000000021e-05 1.000000100000000021e-05 1.000000100000000021e-05 1.000000100000000021e-05 1.000000100000000021e-05 1.000000100000000021e-05
7.923360856030412414e-05 1.188673622912538399e-04 3.204750531819603788e-04 4.609259194518921143e-04 7.621424203803207724e-04 7.976045535596766557e-04 1.419077890329205035e-03 2.117309463372377409e-01 2.645458982901432998e-01 1.233214085855633530e-04 1.000000000000000021e-08 1.000000000000000021e-08 1.000000000000000021e-08 1.984971862073245234e-04 1.238632955273697908e-04 1.281175996782947806e-04 1.110145362360028583e-04 8.631849656889476385e-05 4.253680796648130465e-05 3.386034229245828435e-05 2.438657326628490611e-05 1.585911684558522134e-05 1.029739822679155229e-05 1.000000000000000021e-08 1.000000000000000021e-08 1.000000000000000021e-08 1.000000000000000021e-08 1.000000000000000021e-08 3.353849049450330659e-05 1.940013796209619186e-05 1.000000100000000021e-05 1.000000100000000021e-05 1.000000100000000021e-05 1.000000100000000021e-05 1.000000100000000021e-05 1.000000100000000021e-05 1.000000100000000021e-05
3.225169706265493903e-05 1.000000000000000021e-08 2.420855851838829694e-04 8.288466600274703401e-04 9.957257681528629712e-04 1.062613642105072033e-03 1.053661485050437496e-02 3.663508856968328842e-01 1.601589432666078172e-01 4.321133965047743139e-05 2.758154640864101241e-05 3.206060340063552266e-05 4.955823900420705270e-05 5.632449664220947922e-05 5.508092403258489341e-04 3.716554201729495798e-04 1.458364348842116948e-04 1.242711969097831735e-04 1.029383391220505597e-04 4.218784813164342881e-05 2.896656324323773881e-05 2.184161238088560072e-05 1.368240008070350146e-05 1.000000000000000021e-08 1.000000000000000021e-08 1.000000000000000021e-08 1.000000000000000021e-08 1.000000000000000021e-08 1.000000000000000021e-08 1.937866291550431315e-05 1.000000100000000021e-05 1.000000100000000021e-05 1.000000100000000021e-05 1.000000100000000021e-05 1.000000100000000021e-05 1.000000100000000021e-05 1.000000100000000021e-05
1.224875253298417490e-05 1.259789566015712466e-05 3.787261566557381242e-05 4.187289347152350693e-05 1.214133942053946622e-03 2.659165200372108238e-04 9.177903773238166481e-04 4.351906988962634948e-01 7.472907537410883316e-02 4.410993359644841240e-04 3.974526094567186962e-05 2.955791609897697299e-05 4.924632835620967002e-05 7.982610172857639995e-05 8.949994971086411440e-05 1.191181433053543524e-04 1.542816788034071830e-04 1.389830329480981554e-04 1.000000000000000021e-08 1.000000000000000021e-08 1.000000000000000021e-08 1.000000000000000021e-08 1.000000000000000021e-08 1.000000000000000021e-08 1.000000000000000021e-08 5.842417901028533608e-05 3.039518422587435888e-05 1.000000000000000021e-08 1.000000000000000021e-08 2.269664562335062981e-05 1.000000100000000021e-05 1.000000100000000021e-05 1.000000100000000021e-05 1.000000100000000021e-05 1.000000100000000021e-05 1.000000100000000021e-05 1.000000100000000021e-05
1.346919116642454061e-05 1.424920188902638111e-05 1.596271190429718792e-05 1.674272312404461856e-05 3.511630197964541204e-05 1.944946673860114758e-03 2.206273100162927381e-01 2.234521458087034285e-01 1.652376880982394519e-02 8.267223077528077250e-05 3.668475518231006753e-05 1.000000000000000021e-08 9.009137571183569533e-05 1.033838288065462981e-04 1.231795933053509286e-04 1.409178920638531852e-04 1.182983330758324701e-04 1.000000000000000021e-08 1.000000000000000021e-08 1.465270363840492683e-05 1.000000000000000021e-08 1.000000000000000021e-08 1.000000000000000021e-08 1.000000000000000021e-08 1.716343551368806883e-05 1.168032868761937525e-05 1.000000000000000021e-08 1.000000000000000021e-08 1.000000000000000021e-08 2.591434660609722676e-05 1.000000100000000021e-05 1.000000100000000021e-05 1.000000100000000021e-05 1.000000100000000021e-05 1.000000100000000021e-05 1.000000100000000021e-05 1.000000100000000021e-05
1.000000000000000021e-08 1.000000000000000021e-08 2.820945741313520114e-05 4.144094818213490229e-05 1.000000000000000021e-08 1.697719824596266146e-03 2.393387172374908112e-01 2.346328441487749439e-01 1.332108328429798538e-02 1.000000000000000021e-08 9.430624082226108707e-05 7.331528454776245333e-05 9.421832035397893811e-05 1.000000000000000021e-08 1.412188004872406771e-04 3.873925466839120814e-04 1.247462708024634219e-04 3.613779803012293041e-05 2.473029255932540380e-05 1.610066055323313588e-05 1.000000000000000021e-08 2.945859443348423850e-05 2.784991071190600121e-05 2.228780305846687795e-05 1.588375305809117298e-05 1.000000000000000021e-08 1.000000000000000021e-08 1.000000000000000021e-08 1.000000000000000021e-08 2.809889115750356916e-05 1.000000100000000021e-05 1.000000100000000021e-05 1.000000100000000021e-05 1.000000100000000021e-05 1.000000100000000021e-05 1.000000100000000021e-05 1.000000100000000021e-05
1.000000000000000021e-08 1.000000000000000021e-08 5.155185619322669058e-05 1.000000000000000021e-08 1.000000000000000021e-08 1.890172974914827112e-04 1.038515160687356331e-01 5.042407196907002787e-01 2.129342386087816966e-02 1.000000000000000021e-08 1.018741533692010814e-04 7.128350409986101749e-05 1.080984032576089127e-04 1.224066135714552063e-04 2.033976412047332617e-04 2.473592777587308930e-04 1.100536578035105398e-04 1.000000000000000021e-08 1.000000000000000021e-08 1.488993789016718097e-05 1.000000000000000021e-08 1.000000000000000021e-08 4.620675721048377260e-05 3.145060457353721415e-05 1.000000000000000021e-08 1.036482413691148511e-05 1.000000000000000021e-08 1.000000000000000021e-08 1.000000000000000021e-08 2.493073516629131146e-05 1.000000100000000021e-05 1.000000100000000021e-05 1.000000100000000021e-05 1.000000100000000021e-05 1.000000100000000021e-05 1.000000100000000021e-05 1.000000100000000021e-05
