output/water_depth_1200.asc
ncols 223
nrows 158
xllcorner 0.0
yllcorner 0.0
cellsize 30.0
[rows 102 to 118 of 158, columns 74 to 110 of 223]
1.479049375369280092e-02 1.370720311209290727e-02 1.285605677136512047e-02 1.354683237837848130e-02 7.726751190965628312e-03 4.500580451541828786e-03 3.575465810648669179e-03 2.802581957387066496e-03 2.035121928079501250e-03 1.319154966180804099e-03 2.044093862946678823e-03 2.960941573481492249e-03 4.152719116630128326e-03 6.617023441559928901e-03 7.968675030345852284e-03 8.539097516526025777e-03 8.349881360079424580e-03 1.570222663374931313e-02 2.202103195268612784e-02 1.427908963335860863e-02 9.707233637261921191e-03 7.542087506990090805e-03 6.502201330549983206e-03 7.871140232571438231e-03 5.774438869154343776e-03 7.266039626475908654e-03 6.338794206622413649e-03 5.049149144698932695e-03 2.470011688532604451e-03 1.925832682748997680e-03 8.407976473266463944e-04 8.812981217461641256e-04 5.190937736873361876e-04 2.934752501817410215e-03 6.022951111723938607e-03 7.688402909616743469e-03 9.017479046441467111e-03
1.187703600956731796e-02 1.275345428715220740e-02 1.302549314007657270e-02 1.301049674014971048e-02 1.048357839630036786e-02 8.478211051724538969e-03 6.239563903252203989e-03 4.400898701726729118e-03 2.044300431223011923e-03 2.743895861441496796e-03 1.532444840660594949e-03 2.179581800491626857e-03 4.271769906608297029e-03 4.472165889005595002e-03 7.112701530154047318e-03 8.781423771742642020e-03 1.454996612135351676e-02 1.640819100826639010e-02 1.942975635711494467e-02 2.866880838596815723e-02 1.995594970934102055e-02 1.442304327041122464e-02 1.166458732859094842e-02 1.025223127205474732e-02 1.039853954947641927e-02 8.188111039118914358e-03 8.540537038862046348e-03 8.841799522227479155e-03 5.334680677743176315e-03 3.025000410299369044e-03 2.873758381881381246e-03 1.404820683349425857e-03 1.556435727866545791e-03 1.651330861189249152e-03 4.756431543091613548e-03 5.323017507454697386e-03 7.028774788572746818e-03
8.019792527630666135e-03 1.053758445599081196e-02 1.167972107508242520e-02 1.229736076987458619e-02 1.144862894392056907e-02 9.817686445088409652e-03 9.646543568821823456e-03 6.985277707177852541e-03 5.056228766837484422e-03 2.563432552345345280e-03 3.196547185246202596e-03 2.586601793525808868e-03 3.269362982771604163e-03 5.436232320461611284e-03 5.046624332865661672e-03 6.874351586574975123e-03 4.947852411466900462e-03 2.720770855398461224e-03 1.148074223711816663e-03 4.965329041721818805e-03 1.318234663708896248e-02 1.399500443770514829e-02 1.263193300003663359e-02 1.099078236485413577e-02 1.006905102241510697e-02 1.000373756113608244e-02 9.985410997601317645e-03 1.031915907433088309e-02 5.988767485491595585e-03 5.893767660020868965e-03 3.560834472096240707e-03 3.716495645301835619e-03 1.972966251478633533e-03 2.897367076520297995e-03 3.718144481030207036e-03 1.143741316108717529e-02 3.434298074393868361e-02
6.285388190994578919e-03 8.360790029231368950e-03 1.002964154098074864e-02 1.115417035583371116e-02 1.121134956605013971e-02 1.042191075615259144e-02 9.902419561088686775e-03 9.794783468780668412e-03 6.988649877981963597e-03 5.395841445715308590e-03 3.397299999674563507e-03 4.160471864757554414e-03 4.746233153893000649e-03 4.318165973497429914e-03 4.657439713009470239e-03 5.400668052410739772e-03 5.575733258472976780e-03 3.276791307139476864e-03 2.928893396293544543e-03 2.924884750809374732e-03 8.385987434635368623e-03 1.139124408094496776e-02 1.179625259034026291e-02 1.215687656764972459e-02 1.026820326377697601e-02 1.046958662339978960e-02 1.053498623949892903e-02 1.048557653910714600e-02 8.594742388444074482e-03 6.317436783054116399e-03 6.639673941926223233e-03 4.218158003046861872e-03 5.109130677751727925e-03 9.897890986264829688e-03 1.415777802470411656e-02 2.032226344216639044e-02 1.281523747725905188e-02
4.828069950762611806e-03 6.578200090111278008e-03 8.291627638876461481e-03 9.800945000127771201e-03 1.048129604672206477e-02 1.037174143324002575e-02 1.005002345312598633e-02 9.797366485357575372e-03 8.819840763015902863e-03 7.442465108978823900e-03 6.646376722070681739e-03 4.555171888244885850e-03 6.012883641783988917e-03 4.403283774675356005e-03 4.856759399749660880e-03 3.932372734918129775e-03 4.780065183691409314e-03 5.626768550356691517e-03 3.577304953285335119e-03 4.762321422007552083e-03 5.579922789375383815e-03 1.020075189720254932e-02 1.103284160365867669e-02 1.057781990515559156e-02 1.069345406879941909e-02 9.957022351242510172e-03 9.716547163522028241e-03 1.012967520367377521e-02 9.327564272310637575e-03 8.088598590241904626e-03 6.558466373267235472e-03 7.803363733822207653e-03 8.643147471824451367e-03 7.992171554706779812e-03 9.424130564787946626e-03 7.387478385575488478e-03 5.319147946400206231e-03
4.958875470712172974e-03 6.111524462113199392e-03 7.831788409052057101e-03 8.174752268219547674e-03 8.417980933862144119e-03 9.633072319169086462e-03 9.846027499619164000e-03 9.759455375327463766e-03 9.340988093239079373e-03 9.726542417890515074e-03 6.500896539350885066e-03 6.835659433408039498e-03 5.259884404952775566e-03 6.799715016887331390e-03 4.936187755786820147e-03 6.399120912979703452e-03 6.973822370047523186e-03 7.473872378484616372e-03 7.441179418442753560e-03 6.311425753867869019e-03 6.991373954005381149e-03 8.071184758510154336e-03 9.729478742052218021e-03 1.009217553976989729e-02 1.017606426242631014e-02 1.008236497417194788e-02 9.877759696413272381e-03 9.877064635505607842e-03 9.537825566788820514e-03 8.782500742412172046e-03 8.873662655782531619e-03 7.192215728746524997e-03 8.657454955201581218e-03 2.212445408107184715e-03 2.317363869999779051e-03 1.126531701697783706e-03 1.539644671642231150e-03
4.050542724466887380e-03 1.217269446573298469e-02 3.509203624461769422e-03 6.582502510473967408e-03 6.705504277555736359e-03 8.137829494180391990e-03 9.054884349855941983e-03 9.463017282754240811e-03 9.675078103316242864e-03 9.850781129494725133e-03 7.788266900304343515e-03 6.834572556339442960e-03 8.113960453128380226e-03 6.622832640952864072e-03 8.173457501485716092e-03 6.986156788844552490e-03 5.826241238652005508e-03 7.823353379050549533e-03 7.219466059867545721e-03 6.107406173424589912e-03 6.869961607356435927e-03 5.678417483485569996e-03 8.021074857209467904e-03 8.542984758954421873e-03 9.252462779689751490e-03 9.485816756735885105e-03 9.558354153235571610e-03 9.649116092199188505e-03 9.555546874465593518e-03 9.166214901264112605e-03 8.561397872104687182e-03 1.488909693399016569e-02 8.919610249881672771e-04 2.055518816923510277e-03 3.120614597334732745e-04 7.524358425465241685e-04 5.480495578223285816e-04
6.491386176078055813e-03 7.984999209030976125e-03 3.869307161971637272e-03 4.125889666276388867e-03 5.850646193533677944e-03 6.590632023893597952e-03 7.104584735862652656e-03 8.457899620346804800e-03 9.764130806917768052e-03 8.512467578962167394e-03 8.824200742159097124e-03 1.002592646367471071e-02 7.493066668583676752e-03 7.908698831291293210e-03 1.601927846441394271e-02 4.750959273609640064e-03 7.006904568841311291e-03 5.158505994214622817e-03 6.248407759933991695e-03 6.922467780004633656e-03 6.218183722243712276e-03 6.955465611759028936e-03 5.711238318644840106e-03 9.174995306671264797e-03 1.019809344455513758e-02 9.888460379359722413e-03 1.038958452767381295e-02 1.754087231048812381e-02 2.320280761183808604e-02 1.665804115840251176e-02 1.279968130719708226e-02 1.497617823572148892e-02 8.085293013342787286e-03 4.042706380598716683e-03 3.107307920467197379e-03 1.513764611321964746e-03 1.638826488336731207e-03
2.827793100260920546e-03 1.291469891754853244e-02 2.850125583042437474e-03 3.674140042920111260e-03 5.541532726292509696e-03 4.498486746021701337e-03 5.279419117246302549e-03 7.243118017000937763e-03 7.561483442213217353e-03 8.726494852080554990e-03 9.389268641294568757e-03 1.045498280590548279e-02 8.389669470163816506e-03 8.015534930685847340e-03 1.310373306533280970e-02 9.438266034652604414e-03 6.556818843027808000e-03 7.608276617452498607e-03 6.093223446550131116e-03 6.308825374206269813e-03 7.379621770951414091e-03 6.738549278770752937e-03 6.795743140271352616e-03 7.728275392479873850e-03 8.883880429227820202e-03 9.823371528661861696e-03 1.052354400414580796e-02 8.291921499543591229e-03 6.363926186468790713e-03 1.094583023075966846e-02 1.184550770115814361e-02 1.332355740758751732e-02 1.150776961804676410e-02 7.359726129078540853e-03 4.881930558630083634e-03 4.317715692492712226e-03 2.063724491887670640e-03
9.357533545003392586e-03 8.663310600495308447e-03 3.408633932888504182e-03 2.996822200332904026e-03 4.008012747793211934e-03 4.153877100032107861e-03 4.574044614794837635e-03 6.027553895922359468e-03 6.397639285785122233e-03 8.415926015476233799e-03 9.443698504211344921e-03 9.706331005929840286e-03 7.638918488218716940e-03 8.504701826435416556e-03 1.133390437489438518e-02 1.032008770704979581e-02 9.054077013691801817e-03 8.419277945025472124e-03 7.735620652268641352e-03 8.054236391407754506e-03 8.568118545188503285e-03 8.186351559161971631e-03 8.565809250577273090e-03 8.211096334831968768e-03 9.314188868644782127e-03 9.207548265313284658e-03 8.922799738675978379e-03 7.130848539917674332e-03 7.364093004344645678e-03 2.546532631218773393e-02 1.858703860851486367e-02 1.647490217498507117e-02 1.397139805306645173e-02 1.045895024793347221e-02 7.962041194499332869e-03 6.126573977872681875e-03 5.376191265764768482e-03
1.309408786996753456e-02 6.703323271140848236e-03 3.372616600385713089e-03 3.275219239421197498e-03 3.395197533060204890e-03 2.483080962640348867e-03 3.461618704626362106e-03 3.133105258555160533e-03 5.350577921088952096e-03 6.494411557886554942e-03 1.419484258408463227e-02 7.020690829777877923e-03 6.180590451190499587e-03 7.795930719135184088e-03 1.011302297774022141e-02 9.574198034845774613e-03 9.358281020098530023e-03 9.113995437413481907e-03 8.771682919481037580e-03 7.655792220217632997e-03 7.556431979394498399e-03 8.260952985839115428e-03 8.799990580162272980e-03 8.048855233582169824e-03 7.556085851509910037e-03 1.597903635775647230e-02 3.109960664607147943e-02 4.162617952720565340e-02 4.881282968482691942e-02 4.227428533716519332e-02 5.944314164854508364e-02 3.676390081145552990e-02 2.486204158925240867e-02 1.739860952587471421e-02 1.245247966515628836e-02 9.788595492553594027e-03 6.907261277304605970e-03
8.685857709331971585e-03 7.756266610962969828e-03 4.167335451336181412e-03 2.838907441825049525e-03 3.962587069782127179e-03 2.373457021867312472e-03 2.528704066105488379e-03 2.779217477437468092e-03 3.717917677989025435e-03 6.093429692054971522e-03 1.664799525940824018e-02 8.212543719178589177e-03 4.554042400319214742e-03 5.868901449894422216e-03 8.210634330150592269e-03 1.471384118388468359e-02 6.007285338711430660e-03 8.737156940369392860e-03 7.732184444828394190e-03 8.253993117714535435e-03 6.923992474777567428e-03 8.213553119183546886e-03 6.216449389977491899e-03 7.286392518344346654e-03 9.131391828489394263e-03 1.270568916237812228e-02 8.472023917570663948e-03 3.772972801033092592e-03 2.849175190627513139e-03 2.346477632653772710e-03 1.151293069200440148e-03 1.812117858104247275e-02 2.095881430935471468e-02 4.439621693997512775e-02 2.739137663059731248e-02 1.674303237093150917e-02 1.071968918240824922e-02
1.867661426942834879e-02 9.725506328158549027e-03 3.061290388622378133e-03 4.242166395694562525e-03 4.456861947990903121e-03 1.778459176260030255e-03 2.256500251670123369e-03 2.154093985231502872e-03 2.995250821478782650e-03 9.374537438188699362e-03 1.515458606923348814e-02 6.500648896146617346e-03 4.228501965780775626e-03 5.417583552170228064e-03 6.520516387647222988e-03 2.297110435968822278e-02 4.584568333389431316e-03 5.478864186889787456e-03 6.920227092604029628e-03 6.662021203590484490e-03 7.149580375593414007e-03 6.037344385598474202e-03 7.000607700577829093e-03 8.875856018868744785e-03 7.319369758285155202e-03 3.093566021167824722e-03 2.566724466319907864e-03 3.586690366047888198e-03 1.368876290426233617e-03 1.180167666695835452e-03 9.198226339898375606e-04 9.192918193278424091e-03 2.394492117020852184e-02 1.284220471183376150e-02 3.049441798743361340e-02 2.225111285239967512e-02 1.598294616377055402e-02
8.688776286147323336e-02 4.728840645987798796e-02 2.390876876235611265e-02 2.166303223927860261e-02 5.487277264616858413e-03 4.929797082967345319e-03 1.740468794884094533e-03 1.543381076388462532e-03 3.069146927191373185e-03 1.099790158813566086e-02 1.406927007065654836e-02 4.997642509976545425e-03 4.805912199670065062e-03 4.181066133921572392e-03 6.612930256505682516e-03 2.904118768283406662e-02 4.254355638221018164e-03 5.381982539018258412e-03 5.287255739566737965e-03 5.762548456139223764e-03 5.744878695434691741e-03 6.071194164016672883e-03 7.225347758725876417e-03 9.739047850346550794e-03 8.982089056283485209e-03 5.823992877268272840e-03 3.621905810141161971e-03 2.841744788344020486e-03 2.998857164890316850e-03 1.194518611482433147e-03 1.508155666465292848e-03 6.306604211951847942e-03 5.030655709352895195e-03 4.083632312521460334e-03 8.831997623020889504e-03 2.945859422907680727e-02 4.217628874052141430e-02
9.650875617665639894e-02 1.367639559251080938e-01 1.505671956398091371e-01 1.591808010104139026e-01 7.776988101175769108e-02 3.827042946737367612e-02 1.873414733820498099e-02 9.227933329233193455e-03 6.869710531190518880e-03 1.527538303769976347e-02 1.614356539475859595e-02 3.105069266821376423e-03 4.381468632634223127e-03 4.446396601142204620e-03 1.268598291438257676e-02 2.402620530849637961e-02 7.732791452887174954e-03 3.801542609746971866e-03 3.889266941770669426e-03 4.654032771502556939e-03 4.901622774005174633e-03 5.194833369164652236e-03 7.088669541851720310e-03 9.147126616078027350e-03 9.149440701479003360e-03 6.029222637888918650e-03 4.789666805435473240e-03 4.999310356648362617e-03 3.071846641108575554e-03 3.345576438453996479e-03 1.957190858377131672e-03 4.545725607500563335e-03 6.102136576130652926e-03 3.484427709633550717e-03 1.596602968352128869e-03 1.171734151856629498e-03 9.265302072627660396e-04
4.004879912749810880e-03 5.530697563046842007e-03 5.713576903647952197e-03 7.838628253122446876e-03 8.105963614641051307e-02 1.138043464774106256e-01 1.227278255511937977e-01 6.271535263043326314e-02 3.303562763638505373e-02 3.811450643996205229e-02 2.442273272664258546e-02 2.224886347044024298e-03 2.749037678900346712e-03 4.592506232229200819e-03 8.659246575746810254e-03 2.580333204029114369e-02 1.133304386873376125e-02 3.814092042811459502e-03 3.170174348058781878e-03 4.258968445601856757e-03 4.436265409092572318e-03 6.119742232922144309e-03 6.305329875984054533e-03 8.149781212056934551e-03 8.567675304653918703e-03 6.601546895733787293e-03 5.662493238277515120e-03 9.268854950383194000e-03 9.389001311054474830e-03 5.122917615118367102e-03 4.309431988990691277e-03 3.916308691181043244e-03 6.695640493848564571e-03 4.322658621564999179e-03 2.322002006830561384e-03 9.191844300880862122e-04 9.838138811560093178e-04
4.441695551315017788e-03 3.585495288205462275e-03 5.544444699732338847e-03 5.443062081056285195e-03 6.284885382138869631e-03 4.436830721640616301e-03 5.838497254371035304e-03 6.348803820212617355e-02 9.016819028213775289e-02 1.190524683868505185e-01 1.333455787310721952e-01 1.243146489114434344e-01 1.155884262054470285e-01 1.066770582277877522e-01 7.371471478285193668e-02 9.638906082837549183e-02 8.539586129810769824e-03 3.173947272748317734e-03 2.791646541530933435e-03 3.087760289506185675e-03 4.796466562302149385e-03 5.553839989000367364e-03 6.279826841681645892e-03 7.109955933904354292e-03 1.389008070111028004e-02 3.714446408984118427e-03 5.898728426314003848e-03 4.131976252775310110e-03 5.996081085682288848e-03 7.442552724921868909e-03 5.675853131463517824e-03 5.836364978951606546e-03 5.709623318450667354e-03 5.831440754951002989e-03 3.161907289037541122e-03 3.101375976165977443e-03 2.022220217319685171e-03
