output/water_depth_3000.asc
ncols 223
nrows 158
xllcorner 0.0
yllcorner 0.0
cellsize 30.0
[rows 85 to 101 of 158, columns 148 to 184 of 223]
8.298271465499963359e-05 1.350176649832640359e-05 1.163583583081776394e-05 1.850819743880447834e-05 1.075179830696354118e-05 1.000000000000000021e-08 1.000000000000000021e-08 4.631505077453545457e-05 1.028880490798181090e-05 1.000000000000000021e-08 2.417908107239979387e-05 3.770139027256356475e-05 5.705183161233040357e-05 7.066742557979389190e-05 9.505060124296765064e-05 1.071972378807416453e-04 1.000000000000000021e-08 1.367967196810922028e-05 1.125116485700384351e-04 1.000000000000000021e-08 1.000000000000000021e-08 1.000000000000000021e-08 1.000000000000000021e-08 1.484001653062427328e-05 1.000000000000000021e-08 1.000000000000000021e-08 1.000000000000000021e-08 7.447520998441368111e-05 1.147688521257454633e-04 1.496611081586073035e-04 1.354704766496313609e-04 1.469905789614586093e-04 1.508143252734364473e-05 2.414726553765972924e-05 3.795967590923860651e-05 5.771859486595883141e-05 5.523138207504908954e-05
8.290049840416411340e-05 1.000000000000000021e-08 1.000000000000000021e-08 1.000000000000000021e-08 1.000000000000000021e-08 2.921051717936364549e-05 1.000000000000000021e-08 2.678504934505689176e-05 1.000000000000000021e-08 1.000000000000000021e-08 1.348398766361509565e-05 1.915525335984873814e-05 2.674893038351574187e-05 4.642271730429505325e-05 1.000000000000000021e-08 1.000000000000000021e-08 1.490550762068926963e-05 1.923395113317565141e-05 2.637058474474780740e-05 3.968877224701147224e-05 3.715033071298680980e-05 3.387699331051645282e-04 2.252533469522312743e-05 1.000000000000000021e-08 1.428139170624475393e-05 1.000000000000000021e-08 1.000000000000000021e-08 1.000000000000000021e-08 6.320634456358749181e-05 8.715008655607573329e-05 1.387695105991107480e-04 1.000000000000000021e-08 1.000000000000000021e-08 1.000000000000000021e-08 1.000000000000000021e-08 1.000000000000000021e-08 1.000000000000000021e-08
9.254165116566849883e-05 1.000000000000000021e-08 1.000000000000000021e-08 1.000000000000000021e-08 1.000000000000000021e-08 2.175707590235227641e-05 1.828171830283094220e-05 2.820097753582622579e-05 1.000000000000000021e-08 1.000000000000000021e-08 1.419155901513277483e-05 3.642493783846187377e-05 1.000000000000000021e-08 1.000000000000000021e-08 1.000000000000000021e-08 1.166389239586694928e-04 8.607349087833379058e-05 7.779283322456802643e-05 8.424956212324432713e-05 2.879725531237806985e-05 4.093902097488713972e-05 7.930376713048321066e-05 1.426256352043224745e-04 1.450985150194856891e-04 2.279974549640341854e-04 2.512646636708753753e-04 3.514303681638984711e-04 3.148197937947264926e-04 1.089803309870604519e-03 1.511455881237783194e-04 1.438787637245998990e-04 1.928097740111925449e-04 1.673167273077305704e-04 1.147813624252668651e-04 3.921113940733571984e-05 3.504503902107428890e-05 1.163420110612344396e-05
9.486364808075654356e-05 8.364149789348274383e-05 7.022278115964543865e-05 5.698566905004659688e-05 3.579787934977828550e-05 2.075874818828682132e-05 1.000000000000000021e-08 1.000000000000000021e-08 7.383697417623522020e-05 1.510379166799729472e-04 2.439257731926135382e-04 3.546151550279830374e-04 2.933872772987923148e-04 2.475714845904938496e-04 2.283883574315082965e-04 1.597767400776475312e-04 1.537684989586219668e-05 3.027441886748870681e-05 2.636782921609372534e-05 2.285295440065184826e-04 5.838740397714646866e-05 6.812077823595365830e-05 8.779045825269605498e-05 7.568207284042508236e-05 1.014842837574761133e-04 8.462581202405998265e-05 1.704724718020188029e-04 2.368167853123038103e-04 5.986403549752103599e-04 6.168487215733671654e-04 4.319130452695831360e-04 3.722532287515376926e-04 5.018527750822615076e-04 5.041190598949000503e-04 7.737639609572006518e-04 6.290390411540434630e-04 8.735794047842951457e-04
5.787078045186438979e-05 5.231559306655807212e-05 4.167453769536622629e-05 3.122919515413007455e-05 2.376361111832758967e-05 2.442520406245441122e-05 3.358356601095546497e-05 1.000000000000000021e-08 1.000000000000000021e-08 1.000000000000000021e-08 1.000000000000000021e-08 1.501964334294018459e-05 3.179504512894802627e-05 4.716837747927374314e-05 3.755440346867341516e-05 1.536659226040809693e-05 2.471398575139776045e-05 1.383873293012272793e-04 1.233112332531543358e-05 1.468877115963861198e-05 2.044014280008313672e-05 2.483417207378053068e-05 2.570996776388003713e-05 3.563249081973737906e-05 3.149489719990411989e-05 4.509775167840233457e-05 3.780272740284808735e-05 5.148995670747230532e-05 1.313125783711927821e-04 3.617824256735339646e-04 8.076573623312787321e-04 1.287268108263202706e-03 1.319479379110745539e-03 1.984707332811540097e-03 1.526682394586023920e-03 2.368773296862027814e-03 1.703065363593633634e-03
2.400193259061561546e-05 2.835632229281145487e-05 1.806820632111396873e-05 1.000000000000000021e-08 1.328851850570256514e-05 1.825296462664894136e-05 6.053560386805442641e-05 1.000000000000000021e-08 1.000000000000000021e-08 3.293048512818293064e-05 1.000000000000000021e-08 1.265028906584733477e-05 1.163291059090115314e-04 1.286302266816261168e-05 4.341498591635622686e-05 4.061784188937296125e-05 1.313235989164413904e-05 3.448851258875433931e-05 3.082602025520367545e-05 4.502572876584284042e-04 3.633222733585491368e-04 2.081371777252494508e-04 1.185164666286068363e-04 8.187928451447352453e-05 7.483101302467433185e-05 9.758899838186427028e-05 1.000000000000000021e-08 2.168440344283864717e-05 1.000000000000000021e-08 1.000000000000000021e-08 1.000000000000000021e-08 1.642181737339372153e-05 4.497115478696184785e-04 8.482850895071610692e-04 2.418609573635099007e-03 2.903631698916765876e-03 2.812486182651481939e-03
3.103256043392898416e-05 1.191641737196275498e-05 1.000000000000000021e-08 2.468085293555891336e-05 3.109904232080799245e-05 3.619729377014721170e-05 3.771344734900866278e-05 4.267603950175354190e-05 1.000000000000000021e-08 3.554828013419536725e-05 3.402904570834478561e-05 2.345214845262791516e-05 2.887742300107510701e-05 1.000000000000000021e-08 8.335296380688655201e-05 4.045888422410293166e-05 4.031575070283304157e-04 2.998933085240701189e-05 1.019482189843405083e-05 1.951700022595929609e-05 1.675153540410274905e-05 3.744540520364996242e-05 3.803810739998230361e-05 2.844698372289411535e-04 2.117545298565276168e-05 1.836299859673826691e-05 1.427554059963505231e-04 1.000000000000000021e-08 1.781266405900872773e-05 7.030353091575487572e-05 5.838159091575290935e-05 2.611787119731869347e-05 1.715696704957873401e-05 7.737731757414180336e-05 9.473357900457697947e-05 3.634118616450294223e-04 3.678844663421537665e-04
1.000000000000000021e-08 2.934078807311314219e-05 1.836929758354982587e-05 1.000000000000000021e-08 3.515228612320269781e-05 5.116601479131506849e-05 6.573058303731431937e-05 7.663737250495103015e-05 1.000000000000000021e-08 1.000000000000000021e-08 1.000000000000000021e-08 1.000000000000000021e-08 1.000000000000000021e-08 1.267597027653422412e-05 9.003670101190609245e-05 1.146980870786096820e-04 3.017387887693436806e-05 1.932152684796618007e-05 2.553836714605048504e-05 1.000000000000000021e-08 1.000000000000000021e-08 1.000000000000000021e-08 1.000000000000000021e-08 2.384298433209049877e-04 1.890204665291359096e-05 1.000000000000000021e-08 1.268090367868057776e-04 1.000000000000000021e-08 2.477165257888349947e-05 1.000000000000000021e-08 1.000000000000000021e-08 7.217153704127631496e-05 1.000000000000000021e-08 1.000000000000000021e-08 1.116131589122846884e-04 3.414500305961920079e-04 2.941866305057604949e-04
1.000000000000000021e-08 4.538371596168004748e-05 2.904020970308305026e-05 1.000000000000000021e-08 4.657880273837838728e-05 6.357556098296678569e-05 8.867072177642096927e-05 1.000000000000000021e-08 1.000000000000000021e-08 1.000000000000000021e-08 1.000000000000000021e-08 1.119187339022024527e-05 2.044707570632903592e-05 3.382525716551626732e-05 1.000000000000000021e-08 1.000000000000000021e-08 1.000000000000000021e-08 4.927266434833891303e-05 2.519933186216220854e-05 2.266979614100745862e-05 2.448502158222928327e-05 1.687844913026057716e-05 1.000000000000000021e-08 2.408285769133627907e-04 2.978665770805022237e-05 1.046331462409534282e-05 1.777364609334848014e-04 1.000000000000000021e-08 1.000000000000000021e-08 2.905524005783196594e-05 5.058189614637025456e-05 8.180241205073335092e-05 7.897101171975172884e-05 2.191016161841542395e-04 2.853221087143326920e-04 3.779005207294780348e-05 1.092224494830336439e-04
1.000000000000000021e-08 6.590513078510651314e-05 3.791685357719371636e-05 1.000000000000000021e-08 6.481592408134996877e-05 5.217236945043750220e-05 1.000000000000000021e-08 1.000000000000000021e-08 1.158283729632367338e-05 1.790718018805776253e-05 2.258173742593727907e-05 3.014529077806335069e-05 3.796096458728161302e-05 1.000000000000000021e-08 1.300289350564295825e-05 2.156079924692549902e-05 1.577519529668373945e-05 2.320731746621801036e-05 8.955147687711421012e-05 1.123846389567267483e-04 1.685641246814530494e-04 2.606011569178879250e-04 4.983506372649777099e-04 6.452942973415583088e-04 1.124894899418821519e-03 1.268109886197773054e-03 1.987474339087210492e-03 1.525359738110547729e-03 1.819996382953901820e-03 2.030019315352325077e-03 3.963841273179164251e-03 4.030773495042601177e-03 5.218253606987159274e-03 4.856156340600614046e-03 5.203376643152838286e-03 1.926585982211251758e-03 1.720392692669419060e-03
1.000000000000000021e-08 8.781325955508667341e-05 4.950191726190064352e-05 1.000000000000000021e-08 8.034212979717299361e-05 5.616828441828386844e-05 1.000000000000000021e-08 1.000000000000000021e-08 1.512104888522788313e-05 3.088880993907904801e-05 5.374832068919031222e-05 1.800384566792714793e-05 3.509441541038467281e-05 5.979599712626960012e-05 6.807210441552751564e-05 9.618034837839518707e-05 1.377419343849722085e-04 2.383114776593213326e-04 2.545583587447524895e-04 4.011058785926778481e-04 4.071107247003308022e-04 5.378706821328217702e-04 4.628702865537971211e-04 6.012561604717551241e-04 4.828889958482608441e-04 6.159517998389659995e-04 4.959199870949086795e-04 1.228146190616434801e-03 1.551823020307780765e-03 1.833517754607160181e-03 6.339530878792841787e-04 5.533960393537902447e-04 4.063256589788192359e-04 7.996363442258898162e-04 2.500799590149192266e-03 5.837412675513711097e-03 7.155280670616080869e-03
1.000000000000000021e-08 1.111587778717113614e-04 5.848489322594083509e-05 1.000000000000000021e-08 1.000000000000000021e-08 1.000000000000000021e-08 1.000000000000000021e-08 1.000000000000000021e-08 4.322332650798209206e-05 1.125523954735184240e-04 2.054305594374914931e-04 2.204310532180366576e-04 2.035661257726134837e-04 1.737218036846514347e-04 1.892010635186466480e-04 4.429437594601809999e-04 3.892976206784982724e-04 3.312142787238127242e-04 3.101366510966005848e-05 1.000000000000000021e-08 1.000000000000000021e-08 1.000000000000000021e-08 1.294946036892324440e-05 1.000000000000000021e-08 1.000000000000000021e-08 1.000000000000000021e-08 1.000000000000000021e-08 4.703373999927912014e-05 6.666915758758246375e-05 8.443893823334639565e-05 9.165826861306963541e-05 7.312898573081287417e-05 3.676144402563326320e-04 3.341837998550387513e-05 3.187499490651982635e-05 1.046614067954362777e-04 5.042822716341542914e-04
1.000000000000000021e-08 1.029263225797898216e-04 1.000000000000000021e-08 1.000000000000000021e-08 1.000000000000000021e-08 5.556425067900482175e-05 3.657391054076615517e-05 3.075645331268785115e-05 3.229486054196198174e-05 1.000000000000000021e-08 1.000000000000000021e-08 5.381949351271376889e-05 8.466907126084390403e-05 1.000000000000000021e-08 9.770116152316790658e-05 2.685874677393908206e-04 2.190792899301198234e-04 1.992040119748961712e-04 1.023084611896098445e-05 1.627145690402076621e-05 1.520834826948103955e-05 1.000000000000000021e-08 1.000000000000000021e-08 1.000000000000000021e-08 1.111501327062925268e-05 1.400499170051617396e-05 5.385426160976216313e-05 1.000000000000000021e-08 1.000000000000000021e-08 3.104822798385651619e-05 1.000000000000000021e-08 1.227461016324295977e-04 6.010577588264159844e-04 1.697679382159625512e-04 7.269496652611603504e-04 4.711631139053617341e-04 8.410087685348196552e-05
1.000000000000000021e-08 1.048982410400444619e-04 1.088305566010560439e-05 1.000000000000000021e-08 1.000000000000000021e-08 1.000000000000000021e-08 1.000000000000000021e-08 1.000000000000000021e-08 1.000000000000000021e-08 1.000000000000000021e-08 5.163444470678873506e-05 5.900974361219049049e-05 6.554591936121479886e-05 7.817913341755843904e-05 1.000000000000000021e-08 3.515809284972026719e-04 3.751974566057108754e-05 6.630021591067144766e-05 6.881885773611820620e-05 5.700646584952895145e-05 4.444585267989748640e-05 3.885971614546104977e-05 3.292396364299682928e-05 3.973951664012750283e-05 4.807494707596135026e-05 5.312736034527267877e-05 5.734015315754928193e-05 5.925019629852554726e-05 6.037386308790810847e-05 7.583530723283183510e-05 7.762380324073442275e-05 8.175732902696635439e-05 2.186374822440105537e-04 2.551587720864371685e-04 1.056779247086835896e-03 1.780107951255569063e-04 1.600891085169716993e-04
1.864725678207560173e-04 1.000000000000000021e-08 1.858885686682488562e-05 1.166768919057235379e-05 1.000000000000000021e-08 1.000000000000000021e-08 1.000000000000000021e-08 1.000000000000000021e-08 1.000000000000000021e-08 2.452453912244654627e-05 1.146678626394526493e-05 1.506899195160064480e-05 3.040538818916976459e-05 9.183629808874710604e-05 9.263959273633537482e-05 1.102917350355090396e-04 9.373406141670461529e-05 6.285815361748917215e-05 6.242843576813799722e-05 7.312873492016199383e-05 8.500849017616149796e-05 8.618137692795014931e-05 1.000000000000000021e-08 2.984859569706676730e-05 1.000000000000000021e-08 1.000000000000000021e-08 1.000000000000000021e-08 3.671508765881194812e-05 4.940368951017763341e-05 6.242433796938214616e-05 7.226881198732003993e-05 7.819728901551949434e-05 6.576982158968120286e-05 8.245002121458711931e-05 1.000000000000000021e-08 1.794146080122495704e-04 2.886641000053665092e-04
1.000000000000000021e-08 1.000000000000000021e-08 2.637456250861389880e-05 1.813310185294494617e-05 1.000000000000000021e-08 1.000000000000000021e-08 1.000000000000000021e-08 1.000000000000000021e-08 1.000000000000000021e-08 3.575281274827453036e-05 2.232368808273132909e-05 2.030000744009902866e-05 3.942248377587063046e-05 3.357668886583352157e-05 1.000000000000000021e-08 7.336228960400880382e-05 1.143003735233562339e-04 1.000000000000000021e-08 1.000000000000000021e-08 4.427059919801188808e-05 6.088682123017601821e-05 9.811434545437092256e-05 1.000000000000000021e-08 1.210590196244859259e-05 1.000000000000000021e-08 1.000000000000000021e-08 1.000000000000000021e-08 1.793053319122711782e-05 2.853703785734690076e-05 1.000000000000000021e-08 3.750399865248658248e-05 5.290195294191978509e-05 6.057720630561209935e-05 1.000000000000000021e-08 1.284912489844566147e-04 1.199207166762801470e-04 9.619481796622504763e-05
1.000000000000000021e-08 1.000000000000000021e-08 3.078968467896624591e-05 1.000000000000000021e-08 1.000000000000000021e-08 1.000000000000000021e-08 1.000000000000000021e-08 1.330686937480648177e-05 1.000000000000000021e-08 5.234375464469176459e-05 4.053867331805766463e-05 2.284201279457376957e-05 4.360433819332223526e-05 5.468072008848575880e-05 5.352675074476368719e-05 6.399108887819258409e-05 1.000000000000000021e-08 1.000000000000000021e-08 1.086957845679058229e-05 1.000000000000000021e-08 1.000000000000000021e-08 6.569618445161370761e-05 9.169833260239652699e-05 1.000000000000000021e-08 1.000000000000000021e-08 1.000000000000000021e-08 1.000000000000000021e-08 1.000000000000000021e-08 1.000000000000000021e-08 1.291019668473127987e-05 1.000000000000000021e-08 2.545165052597519049e-05 3.632986376719647145e-05 3.918420640465100998e-05 1.501499663640231200e-04 1.563618338324157281e-04 1.289752551673208438e-04
