output/water_depth_480.asc
ncols 223
nrows 158
xllcorner 0.0
yllcorner 0.0
cellsize 30.0
[rows 136 to 152 of 158, columns 37 to 73 of 223]
6.970220675788974321e-03 7.799178709132926351e-03 7.915102423425801614e-03 7.921513090327304482e-03 7.921519490259621224e-03 7.921519490259621224e-03 7.921522690316729412e-03 7.921516290293462853e-03 7.924724594608656761e-03 7.921529098252600570e-03 8.578715429661923006e-03 7.882106186202386677e-03 7.425383729509727609e-03 7.806276440346360951e-03 7.911913753282227846e-03 7.921506690304037923e-03 7.921519490259621224e-03 7.921519490259621224e-03 7.921519490259621224e-03 7.921519490259621224e-03 7.921519490259621224e-03 7.921519490259621224e-03 7.921519490259621224e-03 6.970252675723410951e-03 3.710053888057397633e-03 2.984243035911882981e-03 4.387026707890710059e-03 6.829778226069416550e-03 7.318946081063282608e-03 7.814554485771320336e-03 8.047157035975638362e-03 7.884057689165880484e-03 1.558105960411436744e-02 7.921487490325186329e-03 7.902287490191763075e-03 7.812025642392350470e-03 8.050267738139760959e-03
7.902229890164260209e-03 7.921493890348452888e-03 7.921519490259621224e-03 7.921519490259621224e-03 7.921519490259621224e-03 7.921519490259621224e-03 7.924721165722682995e-03 7.918333814718302860e-03 7.981703566105958700e-03 7.928525799793228676e-03 1.156017044488868127e-02 7.223673536825740010e-03 5.480716392102070490e-03 7.415158643193232001e-03 7.863877161339283967e-03 7.918317577873191376e-03 7.921516290293462853e-03 7.921519490259621224e-03 7.921513090327304482e-03 7.921513090327304482e-03 7.921513090327304482e-03 7.921516290293462853e-03 7.921519490259621224e-03 3.825984002555439089e-03 9.213885778928718184e-03 7.237613148476763382e-03 7.189515676504621908e-03 6.155652093058170717e-03 5.727655552220722174e-03 7.570752837814021322e-03 9.106994964162973619e-03 7.620423048951730990e-03 1.466692812636635410e-02 7.908698156820416492e-03 7.683261394590469064e-03 7.099013723741032754e-03 8.998271619197719534e-03
7.779882709014297043e-03 7.915076823514633278e-03 7.921513090327304482e-03 7.921519490259621224e-03 7.921519490259621224e-03 7.921519490259621224e-03 7.981438885048798559e-03 7.874426455323069521e-03 8.440006640643938837e-03 7.992726914830806939e-03 1.260887992820668504e-02 4.206053227421458797e-03 6.582899520430752008e-03 7.701733643256981204e-03 7.905529397062006219e-03 7.921493890257503070e-03 7.921513090327304482e-03 7.921513090327304482e-03 7.915102423425801614e-03 7.915076823514633278e-03 7.915076823514633278e-03 7.918282156965383844e-03 7.921500290280769629e-03 1.309708604030189807e-02 1.193349679957216893e-02 1.488029384444840980e-02 1.552750534992325578e-02 1.159583436413249777e-02 1.086152681393912946e-02 9.210253737996632398e-03 1.451438237263088724e-02 6.071642561177101674e-03 1.012286285283649570e-02 7.927942956934807758e-03 6.970252675723410951e-03 3.825948802563895572e-03 1.306171076511842763e-02
7.770289108970851975e-03 7.915057623444831866e-03 7.921513090327304482e-03 7.921519490259621224e-03 7.921519490259621224e-03 7.921519490259621224e-03 8.546449602540331231e-03 7.490441404838444478e-03 1.037834042588657232e-02 8.031282977772792250e-03 5.703384699412113873e-03 9.748734914093892812e-03 6.039954067307219850e-03 7.487041676626783084e-03 7.871196119590119500e-03 7.911910348043116326e-03 7.915073623457525090e-03 7.915076823514633278e-03 7.799159509154074757e-03 7.779933909018533350e-03 7.779895508969881211e-03 7.837862222999926812e-03 7.905425623625584111e-03 7.921474690278651476e-03 7.921519490259621224e-03 7.921519490259621224e-03 7.921519490259621224e-03 7.927949356958076052e-03 7.915115223472336467e-03 1.237508158075610945e-02 1.120276735161622982e-02 7.689688061231814836e-03 7.099016923707191992e-03 9.001556952620982932e-03 7.921439490287108393e-03 7.886162602694335791e-03 7.584658772516073011e-03
7.667181871051675576e-03 7.905457623560019007e-03 7.921493890257503070e-03 7.921519490259621224e-03 7.921519490259621224e-03 7.921516290293462853e-03 1.143967989679385566e-02 5.762861381234996028e-03 6.769975861784282949e-03 7.713579563364571061e-03 7.902207947967931218e-03 7.915060823501941789e-03 7.915076823514633278e-03 7.915076823514633278e-03 7.915076823514633278e-03 7.799159509154074757e-03 7.779933909018533350e-03 7.779895508969881211e-03 6.957392942417451112e-03 6.731962580028873211e-03 6.712749780121764556e-03 7.128283784818146250e-03 7.647958041429469937e-03 7.892610690118696121e-03 7.921461890323068175e-03 7.921519490259621224e-03 7.921519490259621224e-03 8.056710404702849271e-03 7.805630975776390278e-03 1.550827559412452233e-02 7.808813909009282295e-03 7.102222256976043792e-03 3.825993602635814270e-03 1.310343590702783834e-02 7.876565416786130217e-03 7.527768849645023394e-03 6.680132738160561405e-03
7.368140924058630414e-03 7.850682671227939002e-03 7.911865090222512317e-03 7.921484290268078141e-03 7.921513090327304482e-03 7.918307756876552181e-03 1.429841781745805340e-02 5.902953913097496765e-03 4.310535458728550692e-03 6.990674713137800221e-03 7.696243872028086207e-03 7.776658175584694015e-03 7.779892309003721973e-03 7.779895508969881211e-03 7.779895508969881211e-03 6.957392942417451112e-03 6.731962580028873211e-03 6.712749780121764556e-03 3.697219754753556815e-03 2.984230235865349429e-03 2.881115054874196398e-03 4.380630724900332409e-03 6.251016637538364847e-03 7.612476660683264139e-03 7.892665090089090799e-03 7.921461890323068175e-03 7.921525890282887783e-03 9.133555333750943347e-03 6.992715609244138687e-03 1.404837845484022824e-02 7.982697937672733265e-03 9.059494753086861502e-03 7.931109890245957236e-03 8.014990891019502586e-03 7.423647118953036889e-03 5.909805231289888897e-03 5.038158300383559218e-03
7.739267437677577535e-03 7.776722633384147883e-03 7.779892309003721973e-03 7.895812823512338499e-03 7.915038423465982007e-03 7.857110109575538362e-03 1.085035089318541444e-02 1.074277110818207780e-02 2.361579365146705776e-03 5.580856869887308377e-03 6.571228198658597523e-03 6.706281513374658457e-03 6.712717780187328794e-03 6.712724180119646403e-03 6.712724180119646403e-03 3.697219754753556815e-03 2.984230235865349429e-03 2.881115054874196398e-03 5.890228013499532178e-03 6.603211132182575105e-03 6.706326313264678388e-03 5.206810643238540641e-03 3.336424730600508204e-03 7.166602724277860124e-03 7.702521736696022261e-03 7.892700747920268142e-03 7.927894956987681374e-03 1.427041376136427633e-02 3.045414091861554581e-03 7.863520431869497340e-03 7.263490624240754624e-03 1.348796446845396471e-02 7.976254771342306329e-03 8.818099252580091640e-03 6.025570911965284597e-03 1.778323437656440659e-03 6.301575920696403030e-03
6.858127985646812752e-03 6.722385643292607543e-03 6.712736980075230571e-03 7.535229946638232271e-03 7.760657108878753901e-03 7.364310304178312526e-03 6.844661647751005759e-03 1.089771641232973286e-02 1.205299855453119753e-03 2.361579365146705342e-03 2.784378540395360951e-03 2.868338521325009861e-03 2.874710787995961390e-03 2.874717188019228382e-03 2.874717188019228382e-03 5.890221613567214569e-03 6.603211132182575105e-03 6.706326313264678388e-03 1.377796142559842979e-02 1.536021214623785325e-02 9.130282800556110967e-03 7.505959885470169825e-03 1.311957445995600574e-02 1.009124835727076563e-02 7.284508491097465080e-03 7.642608283999530877e-03 8.031081453641187792e-03 1.382857667230806900e-02 4.245271300346455286e-03 1.234774746307690935e-02 4.454879685770266225e-03 5.217416366978643548e-03 7.357971257256091038e-03 1.357597840541954412e-02 6.002588523791058811e-03 1.000000100000000021e-05 1.000000100000000021e-05
3.384744133195150516e-03 2.939386225893637124e-03 2.877929142500458472e-03 5.893423288939325655e-03 6.603217532205841664e-03 5.200417022060722753e-03 3.336418330668190595e-03 2.932664588565481699e-03 5.167648094715938598e-03 6.390560503218391426e-03 6.687132713336420460e-03 6.712692180094260823e-03 6.712724180119646403e-03 6.712724180119646403e-03 6.712724180119646403e-03 7.535226746581125817e-03 7.760657108878753901e-03 7.779869909058712008e-03 8.053495471535521491e-03 7.934379223565581063e-03 1.431876028390858396e-02 1.547280381336774147e-02 9.268739848443754287e-03 1.330506568310253421e-02 4.391003857194543739e-03 6.553259917286292577e-03 8.951276651436879464e-03 1.088076758264822433e-02 9.914558795880521608e-03 7.267592293914882685e-03 3.434115027170870759e-03 6.920802633426015836e-03 7.686782912510048936e-03 7.895910883866841604e-03 1.104896862806947072e-02 1.000000100000000021e-05 1.000000100000000021e-05
1.163806056474156123e-02 1.005663386480145846e-02 7.327097317642861096e-03 3.753938216682096811e-03 2.987425511487041673e-03 4.387027545862409901e-03 6.251023037561631406e-03 6.654776779573391352e-03 7.422498765385776923e-03 7.741447508846855535e-03 7.779831509010060736e-03 7.779895508969881211e-03 7.779895508969881211e-03 7.779895508969881211e-03 1.404192298813965525e-02 9.104614533766531431e-03 1.134391604658376539e-02 1.494109711156367364e-02 9.207586125280310674e-03 8.059941338246667808e-03 7.927952556924234423e-03 7.921519490350571041e-03 7.924714765699416436e-03 7.918337014775412783e-03 1.139851874917288850e-02 5.931971805103780811e-03 1.402080802044535293e-02 6.603215141599018054e-03 2.926292063143288383e-03 8.960020469400170606e-03 5.886753379011562363e-03 7.924795604771739735e-03 6.981798682404284119e-03 7.696719141399322242e-03 7.908712330711121716e-03 1.000000100000000021e-05 1.000000100000000021e-05
3.384744133195150516e-03 5.114398887830461961e-03 7.288567758582454800e-03 6.907081031472140677e-03 6.728773704612346293e-03 1.041903574106641320e-02 8.267591107500872269e-03 7.837875316722298785e-03 7.892610690209645938e-03 7.915016023520972041e-03 7.915076823514633278e-03 7.915076823514633278e-03 7.915076823514633278e-03 7.915076823514633278e-03 8.191904519385085140e-03 1.421569630273976544e-02 1.222748061896320772e-02 8.655987020660784251e-03 7.995536146604233230e-03 7.931170690239620208e-03 7.921535490363264265e-03 7.915102423425801614e-03 7.974997900141412091e-03 7.877598106819884080e-03 1.382446916549694323e-02 7.261212679640164855e-03 9.882561039621982554e-03 5.948228817664736115e-03 3.234500077719227283e-03 6.295204899010664948e-03 7.124106951045783634e-03 9.824921368157126661e-03 3.789195223057212434e-03 6.868512326857941983e-03 1.000000100000000021e-05 1.000000100000000021e-05 1.000000100000000021e-05
6.858134385670079311e-03 7.235097129791635134e-03 1.412166236149884312e-02 1.539559378642904250e-02 1.552756519412893527e-02 1.230442475195839443e-02 1.504631237593881919e-02 1.560797843430433880e-02 1.567880517531618223e-02 1.568204890881558233e-02 1.568205210878174244e-02 1.568205210878174244e-02 1.568205210878174244e-02 1.568525058436959219e-02 1.035523323516341840e-02 7.240637704939823817e-03 7.689697661221240634e-03 7.902281090168496516e-03 7.921493890348452888e-03 8.056700804713424341e-03 7.927962157004609170e-03 7.799185109156192910e-03 8.388876562634929937e-03 7.538674309029980841e-03 7.820874768180751876e-03 1.452856416025921638e-02 6.533949953695505214e-03 3.775672068508962708e-03 4.443850788272207981e-03 4.739260843637776305e-03 4.790826928099371426e-03 7.246448560126441708e-03 1.000000100000000021e-05 1.000000100000000021e-05 1.000000100000000021e-05 1.000000100000000021e-05 1.000000100000000021e-05
7.789576172121692212e-03 1.115313130004081180e-02 8.608277913567385919e-03 7.995566281710731957e-03 7.924744023598273568e-03 7.921522690316729412e-03 7.921519490259621224e-03 7.921519490259621224e-03 7.921519490259621224e-03 7.921519490259621224e-03 7.921519490259621224e-03 7.921519490259621224e-03 7.921519490259621224e-03 7.975023500143530245e-03 1.304997258147947391e-02 3.819609451597595542e-03 6.970236675710717728e-03 7.799178709132926351e-03 7.915102423425801614e-03 9.123884933792094504e-03 7.934360023586729468e-03 6.970265475769944069e-03 9.997765113951272500e-03 6.006811075100507331e-03 7.414402811623100817e-03 1.017870995650888358e-02 6.087772084582386209e-03 7.434905348507237291e-03 1.000000100000000021e-05 1.000000100000000021e-05 1.000000100000000021e-05 1.000000100000000021e-05 1.000000100000000021e-05 1.000000100000000021e-05 1.000000100000000021e-05 1.000000100000000021e-05 1.000000100000000021e-05
1.555879749420879983e-02 1.235845749968757928e-02 8.662396406084250586e-03 7.995542546536549972e-03 7.924740823541167115e-03 7.921522690316729412e-03 7.921519490259621224e-03 7.921519490259621224e-03 7.921519490259621224e-03 7.921519490259621224e-03 7.921519490259621224e-03 7.921519490259621224e-03 7.921519490259621224e-03 8.408132785548029856e-03 7.541920614762298927e-03 7.824097296993083248e-03 7.911940063690657901e-03 7.921506690304037923e-03 7.921519490259621224e-03 1.404835285483811182e-02 6.970252675723410951e-03 3.825984002555439523e-03 7.041045763248500108e-03 7.268906054646020673e-03 7.249685451547216788e-03 7.779946115619774429e-03 7.915080833048251593e-03 1.000000100000000021e-05 1.000000100000000021e-05 1.000000100000000021e-05 1.000000100000000021e-05 1.000000100000000021e-05 1.000000100000000021e-05 1.000000100000000021e-05 1.000000100000000021e-05 1.000000100000000021e-05 1.000000100000000021e-05
6.939108418732454348e-03 7.710289094843270769e-03 7.899138833085695907e-03 7.921474690369601293e-03 7.921516290293462853e-03 7.921516290293462853e-03 7.921516290293462853e-03 7.921516290293462853e-03 7.921519490259621224e-03 7.921519490259621224e-03 7.921519490259621224e-03 7.921519490259621224e-03 7.921519490259621224e-03 1.023745540290249383e-02 6.098626739603612082e-03 7.488423004901657333e-03 7.864790489197427334e-03 7.918298614726759777e-03 7.921513090327304482e-03 7.921516290293462853e-03 7.921516290293462853e-03 7.921516290293462853e-03 8.599807376408231951e-03 5.469102882716248178e-03 4.864820953545893022e-03 7.249671088698297905e-03 1.000000100000000021e-05 1.000000100000000021e-05 1.000000100000000021e-05 1.000000100000000021e-05 1.000000100000000021e-05 1.000000100000000021e-05 1.000000100000000021e-05 1.000000100000000021e-05 1.000000100000000021e-05 1.000000100000000021e-05 1.000000100000000021e-05
3.603674599547104090e-03 6.973209676739013096e-03 7.749871688606313654e-03 7.899073070707042163e-03 7.918258561580538216e-03 7.918296961538241405e-03 7.918296961538241405e-03 7.918296961538241405e-03 7.921500290280769629e-03 7.921516290293462853e-03 7.921516290293462853e-03 7.921516290293462853e-03 7.921519490259621224e-03 7.927949356958076052e-03 8.050290138084770925e-03 7.927939756968649387e-03 7.795978580356555630e-03 7.899045761491529927e-03 7.918258561580538216e-03 7.918296961538241405e-03 7.918296961538241405e-03 7.918296961538241405e-03 1.179807200187008021e-02 1.000000100000000021e-05 1.000000100000000021e-05 1.000000100000000021e-05 1.000000100000000021e-05 1.000000100000000021e-05 1.000000100000000021e-05 1.000000100000000021e-05 1.000000100000000021e-05 1.000000100000000021e-05 1.000000100000000021e-05 1.000000100000000021e-05 1.000000100000000021e-05 1.000000100000000021e-05 1.000000100000000021e-05
7.380240132684967765e-03 7.382434638106738674e-03 7.275270731310835154e-03 7.657599234784962482e-03 7.828261502158663163e-03 7.847478274101982176e-03 7.847510274127368624e-03 7.847510274127368624e-03 7.905451646906536123e-03 7.918264961512854958e-03 7.918296961538241405e-03 7.918296961538241405e-03 7.921506690304037923e-03 8.056700804713424341e-03 9.001563352644249491e-03 7.918306561527666335e-03 6.909088774404759797e-03 7.602854311694196530e-03 7.828259074080658880e-03 7.847484674125250470e-03 7.847510274127368624e-03 7.847510274127368624e-03 1.171440799976974229e-02 1.000000100000000021e-05 1.000000100000000021e-05 1.000000100000000021e-05 1.000000100000000021e-05 1.000000100000000021e-05 1.000000100000000021e-05 1.000000100000000021e-05 1.000000100000000021e-05 1.000000100000000021e-05 1.000000100000000021e-05 1.000000100000000021e-05 1.000000100000000021e-05 1.000000100000000021e-05 1.000000100000000021e-05
