output/water_depth_7320.asc
ncols 223
nrows 158
xllcorner 0.0
yllcorner 0.0
cellsize 30.0
[rows 34 to 50 of 158, columns 74 to 110 of 223]
1.474844206336090252e-03 7.367767121513282185e-04 8.018641357813259670e-04 7.256015200358660209e-04 6.180139760649208300e-05 9.190202695333842117e-05 6.367768778827070702e-05 4.730846565899388307e-05 3.886030721038900848e-05 1.000000000000000021e-08 1.000000000000000021e-08 1.677196694038629999e-05 1.000000000000000021e-08 1.000000000000000021e-08 1.000000000000000021e-08 1.000000000000000021e-08 1.000000000000000021e-08 1.000000000000000021e-08 1.000000000000000021e-08 1.714223387715801307e-05 1.000000000000000021e-08 1.000000000000000021e-08 1.000000000000000021e-08 1.000000000000000021e-08 1.000000000000000021e-08 1.000000000000000021e-08 1.000000000000000021e-08 1.000000000000000021e-08 1.000000000000000021e-08 1.000000000000000021e-08 1.000000000000000021e-08 1.000000000000000021e-08 1.000000000000000021e-08 1.000000000000000021e-08 1.000000000000000021e-08 1.000000000000000021e-08 1.000000000000000021e-08
1.429508246756334890e-03 1.142325733666243234e-03 1.146699771891865035e-03 1.011379554518572086e-03 2.468175689531483530e-04 2.938040369951479876e-04 7.963030358119647717e-04 6.919257947296803121e-04 3.576612268564529837e-03 2.258113081907767421e-03 2.969833767252718130e-04 9.010689361104589918e-05 1.457329762717869703e-04 5.768246843025938431e-04 3.809850987757775137e-04 2.788020555180495538e-04 1.000000000000000021e-08 1.000000000000000021e-08 8.844294349647877107e-05 1.000000000000000021e-08 1.000000000000000021e-08 1.000000000000000021e-08 1.000000000000000021e-08 1.000000000000000021e-08 1.000000000000000021e-08 1.000000000000000021e-08 1.000000000000000021e-08 1.000000000000000021e-08 1.000000000000000021e-08 1.000000000000000021e-08 1.000000000000000021e-08 1.000000000000000021e-08 1.000000000000000021e-08 1.000000000000000021e-08 1.000000000000000021e-08 1.000000000000000021e-08 2.300259864442318820e-05
8.107945302921003685e-04 1.492679233339891691e-03 2.059495721375846806e-03 2.450349737205842048e-03 2.649856343981493809e-03 2.756679045717065710e-03 1.979267255820939351e-03 2.017950842041200347e-03 1.471507405366513730e-03 3.064931165380127033e-03 3.748057275361475326e-03 4.144860977483710504e-03 4.231655690052426623e-03 4.453550622481742063e-03 4.610853913592102837e-03 4.738293630586786105e-03 3.306934373285617783e-03 2.347875779472083802e-03 1.696826400131035964e-03 1.241160258288169331e-03 8.369084969137195133e-04 5.737704993453883115e-04 3.634207784629865504e-04 2.307197369367225805e-04 1.000000000000000021e-08 1.000000000000000021e-08 1.000000000000000021e-08 1.000000000000000021e-08 1.000000000000000021e-08 1.000000000000000021e-08 1.000000000000000021e-08 1.000000000000000021e-08 1.000000000000000021e-08 1.000000000000000021e-08 1.000000000000000021e-08 1.609382904403379140e-05 1.000000000000000021e-08
6.140033093782725762e-04 7.195201404558948218e-04 5.637660587689429957e-04 7.410595662278941830e-04 5.791243293963670418e-04 3.824306985019666717e-04 1.000000000000000021e-08 1.000000000000000021e-08 1.000000000000000021e-08 1.000000000000000021e-08 1.000000000000000021e-08 1.000000000000000021e-08 1.000000000000000021e-08 1.000000000000000021e-08 1.000000000000000021e-08 1.407862902766982235e-05 2.776295241182771909e-03 3.778745133938616729e-03 4.332270552406902384e-03 4.666490814263655335e-03 4.913421204857773388e-03 4.901589027347745195e-03 3.435772614826410835e-03 2.195755791339749560e-03 1.421521294678012703e-03 8.888175316571847191e-04 4.874018752361300899e-05 3.122084770869971358e-05 2.435039907803924651e-05 1.000000000000000021e-08 1.000000000000000021e-08 1.000000000000000021e-08 1.000000000000000021e-08 1.000000000000000021e-08 1.000000000000000021e-08 1.648703986117801450e-05 1.688716101266086558e-05
1.000000000000000021e-08 1.000000000000000021e-08 7.032557119816835588e-05 6.292892428833226379e-05 1.000000000000000021e-08 1.000000000000000021e-08 1.000000000000000021e-08 1.000000000000000021e-08 1.000000000000000021e-08 1.000000000000000021e-08 1.000000000000000021e-08 1.000000000000000021e-08 1.000000000000000021e-08 1.000000000000000021e-08 1.000000000000000021e-08 1.000000000000000021e-08 1.006782915803237834e-05 2.471652516091877856e-05 2.144921969862571050e-05 2.757629242258284716e-05 2.080592172628412912e-05 6.500358048269878029e-04 3.048403770863428522e-03 4.189158197588475213e-03 4.544209514676164109e-03 3.617804959490046081e-03 2.000227087861095824e-03 1.466448224306650481e-03 1.015221042631634729e-03 6.290762353113867012e-04 4.271083659689420042e-05 1.000000000000000021e-08 2.785719136951680889e-05 6.452115391976276544e-04 5.219546097224728523e-04 3.018475003527678214e-03 1.946284195720630189e-03
1.000000000000000021e-08 1.000000000000000021e-08 4.979250135118774492e-05 1.000000000000000021e-08 1.000000000000000021e-08 1.000000000000000021e-08 1.000000000000000021e-08 1.000000000000000021e-08 1.000000000000000021e-08 1.000000000000000021e-08 1.000000000000000021e-08 1.000000000000000021e-08 1.000000000000000021e-08 1.000000000000000021e-08 1.000000000000000021e-08 1.000000000000000021e-08 1.000000000000000021e-08 1.177483425146160093e-05 2.863908313915097418e-05 4.271102017870219284e-05 8.496384497785096021e-05 7.243148548192324251e-05 7.537384498400068232e-05 8.039319410455023714e-05 6.528939501508925197e-04 3.161758450697602259e-03 3.909135336425675726e-03 4.100770313957996863e-03 4.197068486076390055e-03 4.187485088056656923e-03 4.119989551736164685e-03 4.013551282867312657e-03 4.401128348181424475e-03 4.499647852375754029e-03 4.751277286898850094e-03 3.359064167276707390e-03 4.385268307843332748e-03
1.000000000000000021e-08 1.000000000000000021e-08 1.000000000000000021e-08 1.000000000000000021e-08 1.000000000000000021e-08 1.000000000000000021e-08 1.000000000000000021e-08 1.000000000000000021e-08 1.000000000000000021e-08 1.000000000000000021e-08 1.000000000000000021e-08 1.000000000000000021e-08 1.000000000000000021e-08 1.000000000000000021e-08 1.000000000000000021e-08 1.000000000000000021e-08 1.000000000000000021e-08 1.000000000000000021e-08 1.047154706713553648e-05 3.799655873349415039e-05 3.943338967962726392e-05 1.000000000000000021e-08 1.992704890263517022e-05 2.858747046872902719e-05 4.004606488648973842e-05 5.116888604714424685e-05 6.630311094719580980e-04 8.642308596862049389e-04 1.110133090391548973e-03 1.324283390931761239e-03 1.583573219979596616e-03 1.750653497938707429e-03 1.095380328631681078e-03 7.181250841395907074e-04 4.882224670777453117e-04 2.250015303693252700e-05 1.000000000000000021e-08
1.000000000000000021e-08 1.000000000000000021e-08 1.000000000000000021e-08 1.000000000000000021e-08 1.000000000000000021e-08 1.000000000000000021e-08 1.000000000000000021e-08 5.137880445244965649e-05 1.000000000000000021e-08 1.000000000000000021e-08 1.000000000000000021e-08 1.000000000000000021e-08 1.000000000000000021e-08 1.000000000000000021e-08 1.476131616716501759e-05 1.000000000000000021e-08 1.000000000000000021e-08 1.000000000000000021e-08 1.000000000000000021e-08 1.000000000000000021e-08 1.337140146537101241e-05 2.970038422728866112e-05 2.520254958231493974e-05 2.323491347320485168e-05 1.000000000000000021e-08 1.000000000000000021e-08 1.000000000000000021e-08 1.018745730473737309e-05 1.000000000000000021e-08 1.000000000000000021e-08 1.000000000000000021e-08 1.930485567923982581e-05 1.000000000000000021e-08 1.000000000000000021e-08 1.000000000000000021e-08 1.000000000000000021e-08 1.000000000000000021e-08
1.000000000000000021e-08 1.000000000000000021e-08 1.000000000000000021e-08 1.000000000000000021e-08 1.000000000000000021e-08 1.000000000000000021e-08 1.000000000000000021e-08 1.000000000000000021e-08 1.000000000000000021e-08 1.000000000000000021e-08 1.000000000000000021e-08 1.239280987704095182e-05 1.743982915129086672e-05 1.000000000000000021e-08 1.321992877753471913e-05 1.000000000000000021e-08 1.000000000000000021e-08 1.000000000000000021e-08 1.000000000000000021e-08 1.000000000000000021e-08 1.000000000000000021e-08 2.942266438277581540e-05 1.000000000000000021e-08 1.000000000000000021e-08 1.000000000000000021e-08 1.000000000000000021e-08 1.000000000000000021e-08 1.000000000000000021e-08 1.000000000000000021e-08 1.000000000000000021e-08 1.000000000000000021e-08 1.471632922890771583e-05 1.000000000000000021e-08 1.000000000000000021e-08 2.013016060559673907e-05 1.000000000000000021e-08 1.000000000000000021e-08
1.000000000000000021e-08 1.000000000000000021e-08 1.000000000000000021e-08 1.000000000000000021e-08 1.000000000000000021e-08 1.000000000000000021e-08 1.000000000000000021e-08 1.000000000000000021e-08 1.000000000000000021e-08 1.000000000000000021e-08 1.000000000000000021e-08 1.076504177373166290e-05 1.177309266044383768e-05 1.000000000000000021e-08 1.339002662015877391e-05 2.061435909002172129e-05 2.432445896436343178e-05 1.000000000000000021e-08 1.000000000000000021e-08 1.000000000000000021e-08 1.000000000000000021e-08 2.913760191297984568e-05 1.000000000000000021e-08 1.000000000000000021e-08 1.000000000000000021e-08 1.000000000000000021e-08 1.000000000000000021e-08 1.000000000000000021e-08 1.000000000000000021e-08 1.542992370362816426e-05 1.411320893647830601e-05 1.314634615486552977e-05 1.490233081920120136e-05 1.986266649347876833e-05 2.266194960580516165e-05 1.901400443785423641e-05 1.000000000000000021e-08
1.000000000000000021e-08 1.000000000000000021e-08 1.000000000000000021e-08 1.000000000000000021e-08 1.000000000000000021e-08 1.000000000000000021e-08 1.000000000000000021e-08 1.000000000000000021e-08 1.000000000000000021e-08 1.000000000000000021e-08 1.000000000000000021e-08 1.000000000000000021e-08 1.000000000000000021e-08 1.198561956498114991e-05 1.357275824899657327e-05 1.552515007221528970e-05 1.572460100461984094e-05 1.522639546665254644e-05 1.000000000000000021e-08 1.235339929674324108e-05 2.335789778744853373e-05 3.093402685397088239e-05 2.977578900698060554e-05 1.000000000000000021e-08 1.000000000000000021e-08 1.000000000000000021e-08 1.000000000000000021e-08 1.000000000000000021e-08 1.000000000000000021e-08 1.811432787202547857e-05 1.000000000000000021e-08 1.000000000000000021e-08 1.000000000000000021e-08 1.000000000000000021e-08 1.381188529336372332e-05 1.000000000000000021e-08 1.000000000000000021e-08
3.649123764679018612e-05 3.385177082251255432e-05 1.000000000000000021e-08 1.000000000000000021e-08 1.000000000000000021e-08 1.000000000000000021e-08 1.000000000000000021e-08 1.000000000000000021e-08 3.739285319412218804e-05 1.000000000000000021e-08 1.225380433296466416e-05 1.000000000000000021e-08 1.000000000000000021e-08 1.000000000000000021e-08 1.001542354535233609e-05 1.099490484897635558e-05 1.159397326856062939e-05 1.039464728247758234e-05 1.370798618347777173e-05 1.325856743704725759e-05 2.487104442568977036e-05 2.710268253497116064e-05 1.988183251102557667e-04 1.000000000000000021e-08 1.000000000000000021e-08 1.000000000000000021e-08 1.000000000000000021e-08 1.250322945784281093e-05 1.720207032115598136e-05 1.914735249830020722e-05 1.000000000000000021e-08 1.000000000000000021e-08 1.000000000000000021e-08 1.000000000000000021e-08 1.000000000000000021e-08 1.000000000000000021e-08 1.000000000000000021e-08
2.480209935580712116e-05 2.139872059735547502e-05 1.360940112807925386e-05 1.000000000000000021e-08 1.000000000000000021e-08 1.000000000000000021e-08 1.000000000000000021e-08 1.000000000000000021e-08 2.372636052919637763e-05 3.598817826552679929e-05 1.000000000000000021e-08 1.000000000000000021e-08 1.000000000000000021e-08 1.000000000000000021e-08 1.000000000000000021e-08 1.007621929409201328e-05 1.165795549182432529e-05 1.247485688625113963e-05 1.000000000000000021e-08 1.000000000000000021e-08 4.298284973415806708e-05 1.502426321751029043e-04 2.196088586788793727e-04 1.000000000000000021e-08 1.000000000000000021e-08 1.000000000000000021e-08 1.510527997429425546e-05 1.296292146708649314e-05 1.091298503684231401e-05 1.274331089553676039e-05 1.590245825247573136e-05 1.399164808455977479e-05 1.371112026847969608e-05 1.342067792835039093e-05 1.748005792729014700e-05 1.796879751138499997e-05 1.669928607332593417e-05
1.481178592692919619e-05 3.491155782620483601e-05 5.261712856432176032e-05 4.573563781246834232e-05 5.315700082316116622e-05 1.000000000000000021e-08 1.000000000000000021e-08 1.000000000000000021e-08 1.000000000000000021e-08 1.788532161534450677e-05 3.017055067519581235e-05 4.493757614446916278e-05 6.597981001905461136e-05 1.178566923583489477e-04 1.347021567016863479e-04 1.679937656806115137e-04 1.465870131203809729e-04 1.131131982100204311e-04 8.859346220918094675e-05 7.882282615217470504e-05 7.713098602828487532e-05 1.578315664513925062e-04 1.294128879150530608e-04 1.075219272907018144e-04 7.555849210853360766e-05 5.673271344465869587e-05 4.220772819990517864e-05 3.272570736632219668e-05 2.849844661977348972e-05 2.881121321729317880e-05 4.833306852390528599e-05 7.151689255603062886e-05 1.086369243096441312e-04 1.258441440732358007e-04 1.661813027276139458e-04 3.508767800989074205e-04 2.733705123122551119e-04
1.386910320144663283e-05 1.858164190143161957e-05 2.976642289133200162e-05 4.765074454676072429e-05 3.465831948895881358e-05 1.000000000000000021e-08 1.000000000000000021e-08 1.000000000000000021e-08 1.000000000000000021e-08 1.000000000000000021e-08 2.510128436779082920e-05 4.056419038224059163e-05 7.169101845245136079e-05 6.739854839247194347e-05 5.599260544413171419e-05 7.623066522527852866e-05 1.459064106373117605e-04 2.095055420245794291e-04 2.974821940557572037e-04 3.101673577881604543e-04 3.360419444700314564e-04 2.735677419007980708e-04 2.982938849340634581e-04 2.548474457537412046e-04 1.994575488508436236e-04 1.686060733140550948e-04 1.765656008302721462e-04 1.771253121467468005e-04 1.796304028468419440e-04 2.211596871206637945e-04 2.612127392904631902e-04 2.873849462676745809e-04 3.453703692784684354e-04 3.589960792679379605e-04 4.822470862114779989e-04 3.338042955979583196e-04 5.422887337059212505e-04
1.005116677856313036e-05 1.000000000000000021e-08 1.000000000000000021e-08 1.000000000000000021e-08 1.000000000000000021e-08 1.142463819457589189e-05 1.000000000000000021e-08 1.000000000000000021e-08 1.000000000000000021e-08 1.000000000000000021e-08 1.000000000000000021e-08 1.000000000000000021e-08 1.786880801357080881e-05 1.650812973078662809e-05 1.362858089832681687e-05 1.000000000000000021e-08 3.991084120749709488e-05 5.818265538760117691e-05 4.011145410334732126e-05 4.220915425963563897e-05 5.883565447910967590e-05 1.000000000000000021e-08 4.005330415947287417e-05 1.939100768932627990e-04 2.903215052416832490e-04 3.314432569396494658e-04 3.046488105634823562e-04 2.537316681099290212e-04 2.035981496859317925e-04 1.411158101892698465e-04 8.627755966609185949e-05 1.000000000000000021e-08 1.000000000000000021e-08 1.000000000000000021e-08 1.000000000000000021e-08 1.000000000000000021e-08 1.000000000000000021e-08
1.372422694354796662e-05 1.000000000000000021e-08 1.000000000000000021e-08 1.000000000000000021e-08 1.000000000000000021e-08 1.000000000000000021e-08 1.000000000000000021e-08 1.000000000000000021e-08 1.240560953235208420e-05 2.675192568518061320e-05 2.821001074147505759e-05 2.838224995299918618e-05 2.091107031182323807e-05 1.000000000000000021e-08 1.000000000000000021e-08 2.628085334210030963e-05 2.704016699425541116e-05 3.917096383166040411e-05 8.817977923508094496e-05 7.901487935270806718e-05 9.460880635500796534e-05 7.977759208843595694e-05 6.369269914891972017e-05 5.001621850790227317e-05 6.894202003674743985e-05 5.537645025091376868e-05 1.000000000000000021e-08 1.262158788417571030e-05 1.949515437967537317e-05 2.424204408902716382e-05 2.931980168878326517e-05 2.374770714840924456e-05 3.505422362896609391e-05 1.000000000000000021e-08 1.823156614848857928e-05 1.000000000000000021e-08 1.000000000000000021e-08
