output/water_depth_2760.asc
ncols 223
nrows 158
xllcorner 0.0
yllcorner 0.0
cellsize 30.0
[rows 102 to 118 of 158, columns 185 to 221 of 223]
5.451031491367585679e-05 8.059557656521487961e-05 9.446637846920473338e-04 6.339731501296864838e-04 8.051266146772995949e-04 6.736635418175867997e-04 6.090028295978905382e-02 3.825224877979073179e-01 8.649188403233214542e-03 4.368061994170399989e-03 3.323291839149999840e-03 1.021435707750404081e-03 8.998629648737443499e-04 1.330751524654488933e-03 1.658733610701461315e-03 2.067362814342991149e-03 5.318084563144401603e-04 4.188284594603679679e-04 3.296527471383373033e-04 2.642601152547580426e-04 1.476875633621563201e-04 2.347725264547680254e-04 1.128471020410142446e-05 2.681400759236818898e-05 2.181230597385799599e-05 1.985785933892547132e-05 1.328023644943435755e-05 1.000000000000000021e-08 1.000000000000000021e-08 7.828303357680733228e-05 1.000000100000000021e-05 1.000000100000000021e-05 1.000000100000000021e-05 1.000000100000000021e-05 1.000000100000000021e-05 1.000000100000000021e-05 1.000000100000000021e-05
1.333275457947646415e-04 2.050346828227791020e-04 3.762375098816902780e-04 5.957793908370795539e-04 5.026136307549242642e-04 2.275579253206659429e-03 1.736590274260119485e-02 3.351573374029150343e-01 3.834095357231817949e-03 1.576115918460768922e-03 2.303524517414337006e-03 3.491292373732627751e-03 3.336956103280245330e-03 2.945731632880602569e-03 2.281838923464026177e-03 1.162929493344865223e-03 2.572853097912977151e-03 1.439454860201252464e-04 1.594351879672738605e-04 1.011952661845160888e-04 4.171617596382253148e-05 3.050013872581933770e-05 1.000000000000000021e-08 1.000000000000000021e-08 1.000000000000000021e-08 1.779211962745020354e-05 1.246099884235935249e-05 1.000000000000000021e-08 1.000000000000000021e-08 6.696365134878704255e-05 1.000000100000000021e-05 1.000000100000000021e-05 1.000000100000000021e-05 1.000000100000000021e-05 1.000000100000000021e-05 1.000000100000000021e-05 1.000000100000000021e-05
1.000000000000000021e-08 3.468459381375712657e-05 6.097445758909931184e-05 1.519644680867770863e-04 1.257679628604516141e-03 1.161141350057468685e-02 3.899815359980100538e-01 3.414052199743241034e-01 8.293786628113959105e-04 5.335642025461682762e-05 4.192024360941319183e-05 6.078135415341719052e-05 7.024116692888997542e-05 5.167084802286401251e-05 2.375961042382509112e-05 1.588287992007683322e-03 4.371775121846100537e-03 9.858702007441964583e-04 6.357786972389975868e-04 3.868488618158774173e-04 2.229108692250886270e-04 1.222807272367653025e-04 4.543617390271271556e-05 2.880198734632467806e-05 1.631689486335280204e-05 1.000000000000000021e-08 8.188582501205676485e-05 6.873186871708031646e-05 6.202301571904124768e-05 6.137475895470600594e-05 1.000000100000000021e-05 1.000000100000000021e-05 1.000000100000000021e-05 1.000000100000000021e-05 1.000000100000000021e-05 1.000000100000000021e-05 1.000000100000000021e-05
3.363087492805579611e-04 2.896259885336605880e-04 2.395112490629984470e-04 3.248982254861235933e-04 1.636877119496721236e-03 2.697855904817432759e-01 3.045492570896372597e-01 2.374929452009329667e-04 6.193373117142501926e-05 7.808910475666025952e-05 1.060908650082276260e-04 8.836428789391818743e-05 2.308798088248799999e-05 1.476487010130436577e-05 1.230269534721158608e-04 4.365967578046268623e-04 3.405976251374083497e-02 8.595204040633934320e-04 3.556765421144058166e-05 3.455158246618163204e-05 2.304195215904801278e-05 2.527033773538033589e-05 2.024099775971479741e-04 1.676757136779027008e-05 1.743376824357231470e-05 1.377761511661023071e-05 1.442499960215888762e-04 1.124643214057741055e-04 8.289492770076844173e-05 5.433610492404144978e-05 1.000000100000000021e-05 1.000000100000000021e-05 1.000000100000000021e-05 1.000000100000000021e-05 1.000000100000000021e-05 1.000000100000000021e-05 1.000000100000000021e-05
6.872841345366872447e-03 4.681771770865325935e-03 3.419619478842232402e-03 2.222455270698779281e-03 2.559608343687775830e-03 2.434994293248829156e-01 2.585628464024287698e-01 1.331953397032390558e-03 9.229946085353183879e-04 7.199757806275071653e-04 4.796995407205196182e-04 2.010742086108907481e-04 1.515248723286559732e-04 1.983929673272587203e-04 4.056899149290160380e-05 1.599877108020217862e-04 2.917888052602536988e-02 1.734043651825600656e-03 1.693403308377336750e-04 1.263661042383407130e-04 1.446459973996453189e-04 1.070299387801547229e-04 1.226268574793837503e-04 7.621983431274349493e-05 8.754049995211770165e-05 6.512823263263042113e-05 7.516331208959304514e-05 3.897882755495553570e-04 2.373082392708350638e-04 1.149142488585379616e-04 1.000000100000000021e-05 1.000000100000000021e-05 1.000000100000000021e-05 1.000000100000000021e-05 1.000000100000000021e-05 1.000000100000000021e-05 1.000000100000000021e-05
2.456310733221011861e-03 5.913604869649735293e-03 4.026622980579847889e-03 4.752556765726482016e-03 1.965512653070150030e-03 1.903526636096571079e-01 2.008898811489968073e-01 5.875935680036434381e-04 3.217397571185508004e-05 2.524971974706096529e-04 2.799522919871919312e-05 4.254357096174675380e-04 3.711665400027797188e-04 1.107433686535552400e-04 1.995435318700696645e-05 4.601227758278180559e-05 9.064347731711141706e-03 1.119653782866881532e-03 1.347068089969588513e-03 1.886027716226723301e-03 1.645893878182739471e-03 1.410016523705579167e-03 1.143907544500253476e-03 8.998664755643610369e-04 6.732401630063681404e-04 4.545363680029644322e-04 2.521314848951060577e-04 1.000000000000000021e-08 7.948132934783255527e-05 1.000000100000000021e-05 1.000000100000000021e-05 1.000000100000000021e-05 1.000000100000000021e-05 1.000000100000000021e-05 1.000000100000000021e-05 1.000000100000000021e-05 1.000000100000000021e-05
9.118003048547537910e-04 1.284755596299710185e-03 1.937129923233821965e-03 1.306934871558212800e-03 2.712060716547908760e-03 3.231691772416900865e-01 8.544947860829270325e-02 1.253250358455777508e-04 7.651387148860757433e-05 1.997888497171700854e-04 1.965119572507163727e-04 1.162969622427032141e-04 1.000000000000000021e-08 4.279233202244596087e-05 3.803737086289090904e-05 6.099881467508482642e-05 9.949603075185997625e-03 1.401521412104462941e-03 1.105794919492907383e-03 3.201060174187170368e-04 2.314126023597701221e-04 1.284088195673800475e-04 1.129500308455683492e-04 1.035673768015881743e-04 1.098508749434990133e-04 1.255921708859024876e-04 9.199329036365895063e-05 5.188263835071208179e-05 1.370029740534641757e-05 1.000000100000000021e-05 1.000000100000000021e-05 1.000000100000000021e-05 1.000000100000000021e-05 1.000000100000000021e-05 1.000000100000000021e-05 1.000000100000000021e-05 1.000000100000000021e-05
2.156186811799173713e-04 4.584321882551655163e-04 3.136020121419490561e-03 6.611116550633709850e-03 2.435279133424538001e-01 2.518979712251057657e-01 2.280266068833681214e-01 3.707702921698132750e-04 1.000000000000000021e-08 2.307504315244408800e-04 1.389990542730969235e-04 1.000000000000000021e-08 1.222188293037970762e-04 5.373100833550646351e-05 6.850324338263444465e-05 1.277212219000616858e-04 4.769510302029260351e-02 2.113991230634745637e-03 2.335284117181954974e-04 3.683056040120096029e-05 1.556822171313923249e-05 1.127121739803208093e-05 1.036561713791476438e-05 1.019967112904989165e-05 1.000000000000000021e-08 5.700236960151030017e-05 5.323589317778988850e-05 4.780435310671550991e-05 3.873095096627296235e-05 1.000000100000000021e-05 1.000000100000000021e-05 1.000000100000000021e-05 1.000000100000000021e-05 1.000000100000000021e-05 1.000000100000000021e-05 1.000000100000000021e-05 1.000000100000000021e-05
4.905096485806984414e-05 7.894860658518571667e-05 5.022701858754313395e-04 4.235399224065307259e-04 3.793310311570149604e-04 1.819034246940469113e-01 1.699740333767484624e-01 3.884426258078465350e-04 1.000000000000000021e-08 6.671073844957426530e-05 6.027985546719339099e-05 4.065755859640362337e-05 2.014813758917252212e-05 7.223143158249008960e-05 2.280569757292566957e-04 2.619383557040064203e-02 3.393017177133955675e-02 9.577097652182309316e-05 2.204242128147093117e-04 1.000000000000000021e-08 1.000000000000000021e-08 1.237279917702545273e-05 1.077980790528555332e-05 1.000000000000000021e-08 1.000000000000000021e-08 1.086975859480168792e-04 9.402220299284883692e-05 8.986782543736582360e-05 1.088098508161485672e-04 1.000000100000000021e-05 1.000000100000000021e-05 1.000000100000000021e-05 1.000000100000000021e-05 1.000000100000000021e-05 1.000000100000000021e-05 1.000000100000000021e-05 1.000000100000000021e-05
1.000000000000000021e-08 1.593219016585253780e-04 1.047802854011702225e-04 8.980851696200821313e-05 8.485799100823557435e-05 9.024213004103680269e-02 2.554734609540069701e-01 3.821810542073157116e-05 1.000000000000000021e-08 9.224727063231523644e-05 6.728025382511853625e-05 4.754318625795752538e-05 2.270363639000042252e-05 6.853484965505394675e-05 6.790654651821451007e-05 5.657990269073447445e-03 1.066960687118803652e-02 1.917640151134406730e-05 2.179228844108474186e-05 4.085845258547566878e-05 2.556839940339033514e-05 2.442977346736633314e-05 1.740096596544528270e-05 1.609295377455211842e-04 1.637228378218584556e-04 1.634075995036740148e-04 1.226908794619680193e-04 8.485053060014613880e-05 1.394100384140780049e-05 1.000000100000000021e-05 1.000000100000000021e-05 1.000000100000000021e-05 1.000000100000000021e-05 1.000000100000000021e-05 1.000000100000000021e-05 1.000000100000000021e-05 1.000000100000000021e-05
1.000000000000000021e-08 1.000000000000000021e-08 3.202444695562534636e-05 1.133831731479183614e-04 1.353605543846144734e-04 4.472864376621984994e-02 2.940927358225165489e-01 3.358831280256744896e-05 6.232180317418872578e-05 1.058046878865928533e-04 7.387777861959552664e-05 4.801751722484826919e-05 3.672365179710588586e-05 7.451899469890164974e-05 1.157541450711946981e-04 1.119228823404003897e-02 4.206055557791162428e-03 8.594753368592404868e-05 1.137587195950552242e-03 4.951790819566051548e-05 5.924603413608782470e-05 4.462207841291656175e-05 4.855326998303373972e-05 4.161231242573141821e-05 2.111873010713674853e-04 1.708275103344718076e-04 1.365695768753719477e-04 8.411221502420553704e-05 2.578199023461826773e-05 1.000000100000000021e-05 1.000000100000000021e-05 1.000000100000000021e-05 1.000000100000000021e-05 1.000000100000000021e-05 1.000000100000000021e-05 1.000000100000000021e-05 1.000000100000000021e-05
3.277814648245504843e-05 3.830658904366921732e-05 6.140759860780110792e-05 1.000000000000000021e-08 6.195012605249930482e-05 3.374127124944432121e-01 3.490310598994041946e-01 3.060927580204977350e-01 1.000000000000000021e-08 1.000000000000000021e-08 9.558252627306891374e-05 6.291931110516632585e-05 3.243922527734955557e-05 1.608668887136401287e-04 6.572972034971259758e-02 1.507005828291633522e-02 3.649786337205617945e-03 1.823385364697831354e-04 1.846910980521464642e-04 5.527087895050212087e-05 1.000000000000000021e-08 9.415315098656563497e-05 1.280278802441601809e-04 1.819361652345302151e-04 2.710828446321691823e-04 1.914077494473895834e-04 1.533856412851299751e-04 1.029860964812596199e-04 3.708771408875040354e-05 1.000000100000000021e-05 1.000000100000000021e-05 1.000000100000000021e-05 1.000000100000000021e-05 1.000000100000000021e-05 1.000000100000000021e-05 1.000000100000000021e-05 1.000000100000000021e-05
1.299497451930140823e-01 1.251291795697235809e-01 1.193685444642378635e-01 1.131729104333408509e-01 1.069220536923249087e-01 3.367975322371774549e-01 3.372074881081459918e-01 2.739155872781938172e-01 1.999082675606388138e-01 9.560817793887585112e-04 1.442478699093997937e-04 1.250967561255658829e-04 9.497052503221383856e-05 1.025976323973054415e-04 5.240683789920919794e-02 3.669767999243585006e-03 1.647721305868146994e-03 1.358697364776397204e-04 1.417192382208330909e-04 2.168541385600651221e-05 1.572463741799684414e-05 2.836929789082030806e-04 3.297206513195777332e-04 3.355437335259715131e-04 4.181122570390484634e-04 5.317656521379932532e-04 3.915542156352577090e-04 2.380843403308821344e-04 1.047679289457175984e-04 1.000000100000000021e-05 1.000000100000000021e-05 1.000000100000000021e-05 1.000000100000000021e-05 1.000000100000000021e-05 1.000000100000000021e-05 1.000000100000000021e-05 1.000000100000000021e-05
1.224025183370803203e-02 7.710776576845434181e-03 4.528855970514857748e-03 2.665135233252004417e-03 1.606248881635950884e-03 1.057077323286709268e-03 1.379098391518754092e-03 1.929099195693774194e-01 4.242506243123141396e-01 3.346809663844567684e-01 8.247487776967869777e-03 3.077588715787747242e-03 2.465397983423311783e-03 3.418140430689454654e-03 1.102977356231958118e-02 3.687336132902222473e-03 2.489151492351144982e-04 4.053651063934629204e-04 5.231960600831401468e-04 5.649215590017309932e-04 7.301266393303869123e-04 9.052652350612777751e-04 5.499296932453454599e-04 3.311605230657617047e-05 2.933114582248410847e-04 1.214002577527757980e-04 1.017878961852792050e-04 6.391461513998008951e-05 3.731122150723888413e-05 1.000000100000000021e-05 1.000000100000000021e-05 1.000000100000000021e-05 1.000000100000000021e-05 1.000000100000000021e-05 1.000000100000000021e-05 1.000000100000000021e-05 1.000000100000000021e-05
6.472392644392009793e-05 6.097445273771519942e-05 6.480380263964543089e-05 9.940427467914611298e-05 2.724923520232097824e-04 3.058462872872495710e-05 1.000000000000000021e-08 4.073014927092992996e-04 9.915577415511385353e-04 1.852937697285275964e-01 1.828892703334579484e-01 7.337058505401129402e-03 3.117823521114943333e-03 6.106386819040262801e-03 1.091707154501157448e-02 1.188627841837538090e-03 6.624558876795443984e-04 8.437343264428646657e-04 6.596214041405953302e-04 6.561029717022211693e-04 3.891965338422662558e-04 2.471319243908474939e-04 1.588903705914870954e-04 9.049191969839618711e-05 3.154046971114532298e-04 1.844180170532491345e-04 5.549626219607877125e-05 3.759050637488710772e-05 2.461456882588928938e-05 1.000000100000000021e-05 1.000000100000000021e-05 1.000000100000000021e-05 1.000000100000000021e-05 1.000000100000000021e-05 1.000000100000000021e-05 1.000000100000000021e-05 1.000000100000000021e-05
1.979087470503529305e-05 2.355232848206432409e-05 4.205973338740957000e-05 7.193803052517771027e-05 1.653178130574622343e-04 2.355672189930221351e-03 1.000000000000000021e-08 1.000000000000000021e-08 2.018012379019894711e-05 9.144136516031353690e-02 3.085300961913631790e-01 2.856411104923933797e-01 7.129595717690327163e-03 5.507784097302676277e-03 8.290388883111440843e-03 1.546936701162821438e-03 4.130774133431425665e-04 1.612254272575540186e-04 3.320179513444569230e-04 3.123755708288948304e-04 2.895074111250690928e-04 3.655723594267693151e-04 4.791364413996075265e-04 6.371945187485076895e-04 4.651279725406711721e-04 1.514519502306596306e-04 1.702810831909446436e-05 1.195047340354697190e-05 1.000000100000000021e-05 1.000000100000000021e-05 1.000000100000000021e-05 1.000000100000000021e-05 1.000000100000000021e-05 1.000000100000000021e-05 1.000000100000000021e-05 1.000000100000000021e-05 1.000000100000000021e-05
1.546174198850097507e-04 1.703699844419301226e-04 1.000000000000000021e-08 1.000000000000000021e-08 1.086373612638606473e-04 4.034701034700452602e-04 6.383177440456567998e-04 3.611577687454127841e-04 3.430140533170864155e-04 2.624224457433353419e-01 2.766116362427253894e-01 2.635540881172127592e-01 2.614073738902017996e-01 6.166606203279673300e-03 1.640199401508522781e-03 2.964838918557474571e-04 3.477575768480238539e-04 3.517486625363813691e-04 3.033433141816182480e-04 1.517409379771481081e-04 5.349797842070523385e-05 5.067386702111592069e-05 8.810055517603457992e-05 1.000000000000000021e-08 1.000000000000000021e-08 8.411650057626613992e-05 8.640403160683193318e-05 6.879028591067153206e-05 1.000000100000000021e-05 1.000000100000000021e-05 1.000000100000000021e-05 1.000000100000000021e-05 1.000000100000000021e-05 1.000000100000000021e-05 1.000000100000000021e-05 1.000000100000000021e-05 1.000000100000000021e-05
