output/water_depth_6720.asc
ncols 223
nrows 158
xllcorner 0.0
yllcorner 0.0
cellsize 30.0
[rows 102 to 118 of 158, columns 185 to 221 of 223]
1.831158722800106640e-05 1.872191145830755016e-05 2.453750957144923092e-05 2.755633773998759692e-05 1.000000000000000021e-08 1.000000000000000021e-08 7.706747427579747900e-02 4.631440652253951962e-01 1.175145614701398819e-02 4.825508406784531136e-04 3.474611737642540428e-04 1.497481018685765659e-04 1.165454136351956377e-04 1.183283848563717835e-04 1.287738306375876243e-04 1.290256043545901952e-04 4.519948052798257687e-05 2.195504703474495363e-05 1.783949373210272113e-05 1.603773782791220354e-05 1.033512301854306396e-05 1.000000000000000021e-08 1.000000000000000021e-08 1.000000000000000021e-08 1.000000000000000021e-08 1.000000000000000021e-08 1.000000000000000021e-08 1.000000000000000021e-08 1.000000000000000021e-08 1.724949704637953625e-05 1.000000100000000021e-05 1.000000100000000021e-05 1.000000100000000021e-05 1.000000100000000021e-05 1.000000100000000021e-05 1.000000100000000021e-05 1.000000100000000021e-05
2.873258879262933276e-05 2.377816658395720827e-05 4.516956732230979060e-05 4.771885517797366875e-05 4.293629995089168352e-05 1.514901022011919118e-03 2.172489808199552092e-02 3.951274137294906175e-01 4.229614202814232019e-03 1.778923896746123176e-04 2.480108429703479903e-04 3.316617405774394556e-04 2.950902271688377997e-04 2.353083727007038129e-04 1.774088539502512434e-04 6.951978268888085288e-05 1.972205053714760979e-04 4.321059952026896098e-05 4.033256297503150109e-05 2.724116168046929106e-05 1.567439251921702242e-05 1.000000000000000021e-08 1.000000000000000021e-08 1.000000000000000021e-08 1.000000000000000021e-08 1.000000000000000021e-08 1.000000000000000021e-08 1.000000000000000021e-08 1.000000000000000021e-08 1.276836389746909047e-05 1.000000100000000021e-05 1.000000100000000021e-05 1.000000100000000021e-05 1.000000100000000021e-05 1.000000100000000021e-05 1.000000100000000021e-05 1.000000100000000021e-05
1.000000000000000021e-08 1.000000000000000021e-08 1.000000000000000021e-08 1.000000000000000021e-08 3.023636688931535311e-04 1.855858679738543043e-02 5.096743033558469582e-01 4.020983391549484698e-01 8.694446739115743641e-04 1.000000000000000021e-08 1.000000000000000021e-08 1.117081600164925644e-05 1.077480205209021322e-05 1.000000000000000021e-08 1.000000000000000021e-08 1.320877184985901575e-04 3.643999722841683299e-04 9.795290079170405916e-05 8.308731680561929429e-05 5.528956792845368749e-05 3.530053754478704783e-05 1.721518569028657953e-05 1.000000000000000021e-08 1.000000000000000021e-08 1.000000000000000021e-08 1.000000000000000021e-08 1.276264176539622781e-05 1.150027325740493226e-05 1.150560235173515192e-05 1.223453583367381491e-05 1.000000100000000021e-05 1.000000100000000021e-05 1.000000100000000021e-05 1.000000100000000021e-05 1.000000100000000021e-05 1.000000100000000021e-05 1.000000100000000021e-05
1.000000000000000021e-08 1.000000000000000021e-08 1.000000000000000021e-08 1.000000000000000021e-08 2.142676322184193863e-03 3.378981395838012713e-01 3.891976356280201221e-01 2.144529127403325464e-04 1.654164726776015848e-05 2.333485736385859961e-05 1.939007274221842320e-05 1.541538387399782607e-05 1.000000000000000021e-08 1.000000000000000021e-08 3.258564087165645044e-05 5.398508380770904901e-05 7.536489365714960434e-03 6.647958475299007327e-05 1.000000000000000021e-08 1.000000000000000021e-08 1.000000000000000021e-08 1.000000000000000021e-08 1.000000000000000021e-08 1.000000000000000021e-08 1.000000000000000021e-08 1.000000000000000021e-08 2.198963927371347954e-05 1.818830783915859945e-05 1.505889637741015434e-05 1.114193962065026565e-05 1.000000100000000021e-05 1.000000100000000021e-05 1.000000100000000021e-05 1.000000100000000021e-05 1.000000100000000021e-05 1.000000100000000021e-05 1.000000100000000021e-05
9.351095410969682516e-05 7.273582177117693187e-05 1.000000000000000021e-08 1.218431924014367953e-05 9.065394968111688528e-04 3.044423235849325060e-01 3.315046810925921239e-01 2.280143015331561262e-04 1.142852832508287108e-04 9.047167201601674918e-05 5.788437313091510545e-05 3.892701218105447966e-05 3.133929091057300784e-05 4.443243503886196047e-05 1.000000000000000021e-08 2.598741425714827560e-05 6.451678636198921422e-03 1.304966476637791804e-04 1.000000000000000021e-08 1.000000000000000021e-08 1.000000000000000021e-08 1.000000000000000021e-08 1.000000000000000021e-08 1.000000000000000021e-08 1.000000000000000021e-08 1.000000000000000021e-08 1.000000000000000021e-08 5.673419561971596476e-05 3.717708612374051765e-05 2.248962777041858287e-05 1.000000100000000021e-05 1.000000100000000021e-05 1.000000100000000021e-05 1.000000100000000021e-05 1.000000100000000021e-05 1.000000100000000021e-05 1.000000100000000021e-05
7.525252801758804436e-05 1.253496295354534660e-04 1.172367516007414293e-04 1.155377138072311119e-04 8.624119907253266406e-04 2.343916018440655447e-01 2.579500305760746848e-01 3.247016162522614130e-05 1.000000000000000021e-08 2.257695533467540033e-05 1.000000000000000021e-08 8.946496186636973850e-05 8.585888785986481536e-05 2.298295125541716363e-05 1.000000000000000021e-08 1.000000000000000021e-08 1.072468427767440642e-03 1.706532294632171387e-04 1.749797279917045094e-04 2.185895248050845796e-04 1.861196014075551020e-04 1.557524849376268881e-04 1.241597558102481430e-04 9.514058231552234026e-05 6.747209045366123778e-05 4.086107891975966432e-05 1.982440697213339051e-05 1.000000000000000021e-08 1.327615299044165651e-05 1.000000100000000021e-05 1.000000100000000021e-05 1.000000100000000021e-05 1.000000100000000021e-05 1.000000100000000021e-05 1.000000100000000021e-05 1.000000100000000021e-05 1.000000100000000021e-05
4.512874141232760131e-05 5.079223102850005265e-05 9.099194286985856097e-05 1.000000000000000021e-08 2.620855849735762282e-03 4.249652011895438397e-01 1.112266909389429542e-01 1.000000000000000021e-08 3.562528538772487101e-05 3.375953933176826453e-05 3.352167936705257006e-05 2.117989593507718041e-05 1.000000000000000021e-08 1.000000000000000021e-08 1.000000000000000021e-08 1.000000000000000021e-08 1.169455588735219664e-03 2.167454499632540880e-04 1.302564733893689993e-04 3.536429874311850218e-05 3.192510572587393454e-05 2.594935706223684522e-05 2.471643080807735122e-05 2.058461497903375982e-05 2.071073390061398318e-05 2.149867817078790147e-05 1.341387291118864790e-05 1.000000000000000021e-08 1.000000000000000021e-08 1.000000100000000021e-05 1.000000100000000021e-05 1.000000100000000021e-05 1.000000100000000021e-05 1.000000100000000021e-05 1.000000100000000021e-05 1.000000100000000021e-05 1.000000100000000021e-05
1.750509848515296803e-05 5.464193500163129583e-05 1.099844268231847021e-04 1.637370748167915504e-04 3.176018439750026290e-01 3.311242820015245503e-01 2.944907352760938735e-01 9.103478528256938977e-04 1.000000000000000021e-08 3.232596959274634867e-05 1.696132910858341581e-05 1.000000000000000021e-08 3.349111760624265795e-05 1.000000000000000021e-08 1.125099180859983853e-05 2.384424712922582289e-05 1.208438189188111578e-02 3.014689545003025758e-04 7.492763526177914385e-05 1.000000000000000021e-08 1.000000000000000021e-08 1.000000000000000021e-08 1.000000000000000021e-08 1.000000000000000021e-08 1.000000000000000021e-08 1.000000000000000021e-08 1.000000000000000021e-08 1.000000000000000021e-08 1.000000000000000021e-08 1.000000100000000021e-05 1.000000100000000021e-05 1.000000100000000021e-05 1.000000100000000021e-05 1.000000100000000021e-05 1.000000100000000021e-05 1.000000100000000021e-05 1.000000100000000021e-05
1.000000000000000021e-08 1.000000000000000021e-08 1.329152733476228135e-05 1.942405282674392771e-05 2.063882819187362974e-05 2.410054462560065336e-01 2.192189137362594020e-01 1.191504084444461754e-03 1.000000000000000021e-08 1.193305466945823798e-05 1.000000000000000021e-08 1.000000000000000021e-08 1.000000000000000021e-08 1.208364681743845614e-05 4.180000506207972227e-05 6.953194989627238011e-03 8.734477174143355158e-03 3.650797007694566018e-05 4.865517577555236495e-05 1.000000000000000021e-08 1.000000000000000021e-08 1.000000000000000021e-08 1.000000000000000021e-08 1.000000000000000021e-08 1.000000000000000021e-08 2.069680497355484038e-05 1.716594472826600041e-05 1.663276868030865384e-05 2.003782679664369679e-05 1.000000100000000021e-05 1.000000100000000021e-05 1.000000100000000021e-05 1.000000100000000021e-05 1.000000100000000021e-05 1.000000100000000021e-05 1.000000100000000021e-05 1.000000100000000021e-05
1.000000000000000021e-08 1.000000000000000021e-08 1.000000000000000021e-08 1.000000000000000021e-08 1.000000000000000021e-08 1.224722988859262007e-01 3.443788714554702479e-01 2.171416829902678494e-03 1.000000000000000021e-08 1.747076988246268274e-05 1.154512876000650769e-05 1.000000000000000021e-08 1.000000000000000021e-08 1.223584482677609944e-05 1.224564370239007354e-05 1.147401631307343574e-03 1.669142894593448126e-03 1.000000000000000021e-08 1.000000000000000021e-08 2.159766927609702323e-05 1.934601609138620294e-05 1.347001341900434133e-05 1.000000000000000021e-08 3.298521972529018504e-05 3.064568597536240557e-05 2.758181122674947740e-05 2.060514234079293734e-05 1.502434906676217654e-05 1.000000000000000021e-08 1.000000100000000021e-05 1.000000100000000021e-05 1.000000100000000021e-05 1.000000100000000021e-05 1.000000100000000021e-05 1.000000100000000021e-05 1.000000100000000021e-05 1.000000100000000021e-05
1.000000000000000021e-08 1.000000000000000021e-08 1.000000000000000021e-08 1.282828072093510744e-05 1.312060484141258921e-05 6.507397875458886816e-02 4.085666563058122369e-01 2.282015254540303850e-03 1.888462054980996711e-05 1.884891775478913644e-05 1.229694532241806564e-05 1.000000000000000021e-08 1.000000000000000021e-08 1.272761021076690056e-05 1.000000000000000021e-08 1.809876145326439227e-03 1.435489888148379139e-04 1.000000000000000021e-08 8.856867632036636553e-05 1.000000000000000021e-08 1.204406931857126559e-05 1.738624282495346263e-05 1.000000000000000021e-08 1.000000000000000021e-08 3.684238785834529853e-05 2.730074046761381569e-05 2.236727248324650474e-05 1.351538892432524400e-05 1.000000000000000021e-08 1.000000100000000021e-05 1.000000100000000021e-05 1.000000100000000021e-05 1.000000100000000021e-05 1.000000100000000021e-05 1.000000100000000021e-05 1.000000100000000021e-05 1.000000100000000021e-05
5.247445978473274731e-04 4.093749427129222116e-04 2.127586933928374627e-04 1.000000000000000021e-08 3.088212834203586508e-05 7.892973732003979448e-01 7.951056155219611288e-01 7.382635011327578489e-01 1.000000000000000021e-08 1.000000000000000021e-08 1.684817217463867382e-05 1.000000000000000021e-08 1.000000000000000021e-08 2.205840527629107067e-05 1.850021590311328248e-02 2.769907858120840716e-03 1.787712577578667947e-04 1.000000000000000021e-08 1.915465953416707357e-05 1.153402522843933275e-05 1.000000000000000021e-08 3.350966712691785668e-05 4.967951489164608713e-05 6.020051303962406871e-05 6.164566943285085146e-05 3.778996402370086673e-05 2.780351885779701646e-05 1.561621207303241145e-05 1.000000000000000021e-08 1.000000100000000021e-05 1.000000100000000021e-05 1.000000100000000021e-05 1.000000100000000021e-05 1.000000100000000021e-05 1.000000100000000021e-05 1.000000100000000021e-05 1.000000100000000021e-05
6.422802354915680967e-01 6.696131259809913194e-01 6.859378009312051550e-01 7.007621129889288758e-01 7.122106487836268318e-01 8.048504536825670241e-01 7.960009618785244268e-01 7.130283304038453895e-01 6.357102360512632000e-01 7.483634484555652894e-05 2.361378645147158226e-05 2.048464384948869699e-05 1.336914932934567938e-05 1.278889735686726667e-05 1.436698996935926488e-02 5.005043305984523995e-04 1.902928905274009529e-04 1.000000000000000021e-08 1.000000000000000021e-08 1.000000000000000021e-08 1.000000000000000021e-08 7.257947881589170479e-05 7.997352147023216353e-05 6.562723642818368537e-05 7.512732774721219678e-05 8.650919089145251480e-05 5.923691679657081617e-05 3.432657516664807003e-05 1.671643856788703110e-05 1.000000100000000021e-05 1.000000100000000021e-05 1.000000100000000021e-05 1.000000100000000021e-05 1.000000100000000021e-05 1.000000100000000021e-05 1.000000100000000021e-05 1.000000100000000021e-05
4.150269265202856384e-02 1.914794006614968860e-02 1.410035275259616597e-02 1.214972169280390674e-02 8.181039079063291697e-03 5.507678961813287227e-03 7.814438724833915051e-03 6.035058409430680282e-01 1.234551816343554709e+00 1.118830752440820087e+00 1.355361824561674700e-01 2.976070838530786838e-03 7.751594570567767401e-05 2.543642639003991794e-04 2.042119966231439702e-03 2.963821701071295907e-04 4.095214643916768717e-05 7.029409876403839880e-05 9.289236401317758299e-05 9.421869293283574272e-05 1.151367261699326607e-04 1.408562070325451818e-04 6.206821697140719291e-05 1.000000000000000021e-08 4.998241054148043309e-05 2.129102981625986685e-05 1.527629560831129468e-05 1.000000000000000021e-08 1.000000000000000021e-08 1.000000100000000021e-05 1.000000100000000021e-05 1.000000100000000021e-05 1.000000100000000021e-05 1.000000100000000021e-05 1.000000100000000021e-05 1.000000100000000021e-05 1.000000100000000021e-05
1.000000000000000021e-08 1.000000000000000021e-08 1.000000000000000021e-08 1.250345581872956668e-05 3.800461492443413724e-05 1.000000000000000021e-08 1.000000000000000021e-08 7.956811749793329036e-04 6.351250670801764087e-03 5.615985526873054079e-01 6.960697350625970614e-01 2.130614269510981360e-02 3.810895525447572730e-04 1.866854954532998255e-04 1.753367338123803295e-03 2.175135332796876507e-04 1.663880720078308301e-04 2.160062913645899849e-04 2.597396077515841265e-04 2.323643167207288399e-04 1.725565795877018671e-04 8.879908581916163364e-05 7.370729637684279043e-05 1.000000000000000021e-08 4.863570365538761019e-05 2.479114845716055639e-05 1.000000000000000021e-08 1.000000000000000021e-08 1.000000000000000021e-08 1.000000100000000021e-05 1.000000100000000021e-05 1.000000100000000021e-05 1.000000100000000021e-05 1.000000100000000021e-05 1.000000100000000021e-05 1.000000100000000021e-05 1.000000100000000021e-05
1.000000000000000021e-08 1.000000000000000021e-08 1.000000000000000021e-08 1.154515803144822350e-05 2.084120561113103574e-05 9.282248541008870837e-04 1.000000000000000021e-08 1.000000000000000021e-08 1.000000000000000021e-08 2.814201347406010134e-01 8.079008382629659923e-01 7.632663699835309234e-01 6.463672851447991707e-04 2.905618114080872573e-04 1.444375569825299488e-03 3.342344064713553115e-04 9.653124735794616602e-05 8.568367785031858602e-05 6.091187303466674257e-05 6.171878151364512015e-05 5.673124393123370836e-05 6.393716701617334678e-05 7.268135084231539553e-05 8.452111760565396089e-05 6.473402623671575601e-05 2.179082226849020137e-05 1.000000000000000021e-08 1.000000000000000021e-08 1.000000100000000021e-05 1.000000100000000021e-05 1.000000100000000021e-05 1.000000100000000021e-05 1.000000100000000021e-05 1.000000100000000021e-05 1.000000100000000021e-05 1.000000100000000021e-05 1.000000100000000021e-05
2.861925961370083557e-05 3.126346771790381070e-05 1.000000000000000021e-08 1.000000000000000021e-08 1.000000000000000021e-08 9.866191170457466514e-05 1.584294921889009338e-04 7.548403099652775694e-05 1.620572626616032744e-03 7.245652797995206784e-01 7.652555726649316048e-01 7.301465330568720491e-01 7.368149154288506919e-01 1.032089089799624474e-03 1.943864375931387048e-04 6.959321159508973930e-05 6.491109332894395433e-05 5.726811130971216755e-05 4.530129252505516910e-05 1.928076900821209486e-05 2.462612283363094947e-05 2.458505566460904675e-05 2.641585069826966425e-05 1.000000000000000021e-08 1.000000000000000021e-08 1.480344313607444254e-05 1.466439869076247434e-05 1.286535843383686430e-05 1.000000100000000021e-05 1.000000100000000021e-05 1.000000100000000021e-05 1.000000100000000021e-05 1.000000100000000021e-05 1.000000100000000021e-05 1.000000100000000021e-05 1.000000100000000021e-05 1.000000100000000021e-05
