output/water_depth_10080.asc
ncols 223
nrows 158
xllcorner 0.0
yllcorner 0.0
cellsize 30.0
[rows 102 to 118 of 158, columns 111 to 147 of 223]
1.000000000000000021e-08 1.090101009585521549e-05 2.809727949108783450e-05 1.925926660188875171e-05 2.719777078695094567e-05 1.000000000000000021e-08 1.000000000000000021e-08 1.000000000000000021e-08 1.000000000000000021e-08 1.437427549695473383e-05 7.580976028243013030e-05 1.361918893510221046e-03 4.614132908796998115e-04 9.033527761099561485e-05 1.052502841754598940e-04 2.387928873260842318e-04 1.851973867966143054e-04 1.254110534260397978e-03 1.849921839195811397e-03 8.759099145798773453e-03 4.879000565183354635e-04 1.000000000000000021e-08 1.000000000000000021e-08 1.000000000000000021e-08 1.000000000000000021e-08 1.000000000000000021e-08 1.000000000000000021e-08 1.000000000000000021e-08 1.000000000000000021e-08 1.000000000000000021e-08 1.000000000000000021e-08 1.000000000000000021e-08 1.000000000000000021e-08 1.000000000000000021e-08 1.000000000000000021e-08 1.000000000000000021e-08 1.000000000000000021e-08
2.485816321477793780e-04 2.978281063659304765e-04 3.418653876933992557e-04 4.503721174119086092e-05 2.258802089360086639e-05 1.924843037248453320e-05 1.000000000000000021e-08 1.000000000000000021e-08 1.000000000000000021e-08 1.000000000000000021e-08 2.282923595013648503e-05 9.381623884891291927e-04 6.985236605639574218e-04 5.845417194006493483e-05 1.341813141196260164e-04 1.122896615621786639e-04 1.660320325444388304e-03 1.639364726290729957e-03 3.262883384379667261e-03 1.085413457066628992e-02 3.330082025796898197e-04 1.000000000000000021e-08 1.000000000000000021e-08 1.000000000000000021e-08 1.000000000000000021e-08 1.000000000000000021e-08 1.000000000000000021e-08 1.000000000000000021e-08 1.000000000000000021e-08 1.000000000000000021e-08 1.000000000000000021e-08 1.000000000000000021e-08 1.000000000000000021e-08 1.000000000000000021e-08 1.000000000000000021e-08 1.000000000000000021e-08 1.000000000000000021e-08
2.317250086928837420e-04 3.975962942310076742e-04 5.763454838750955078e-04 7.675719641399734658e-04 9.183246964824717242e-04 1.018863441987132717e-03 7.106077005841511659e-04 5.556856563186095841e-04 4.806586046350863747e-04 2.747026465700841890e-05 3.768586564426438840e-05 7.580170104926250421e-04 1.575058539154622697e-03 2.814848520809536559e-03 3.045311267778214297e-03 4.626645061852330092e-03 3.920975975733414359e-03 4.900092593875636157e-03 4.908886339658882075e-03 1.298315359276550063e-02 2.278486829097077916e-04 1.000000000000000021e-08 1.000000000000000021e-08 1.000000000000000021e-08 1.000000000000000021e-08 1.000000000000000021e-08 1.140745033363418265e-05 1.000000000000000021e-08 1.000000000000000021e-08 1.000000000000000021e-08 1.000000000000000021e-08 1.000000000000000021e-08 1.000000000000000021e-08 1.000000000000000021e-08 1.000000000000000021e-08 1.000000000000000021e-08 1.000000000000000021e-08
1.040518765149809005e-04 1.000000000000000021e-08 1.366118506957431513e-05 2.466983111815045435e-05 1.190481727210258660e-04 1.816184090131340526e-04 7.521948750176656127e-04 1.000287380858653954e-03 1.220001825415014188e-03 1.399444091841144404e-03 1.546292247592700574e-03 1.919397486553709418e-03 1.395147349577097531e-02 2.162932975654632394e-03 2.311886439626320566e-03 1.722553436358518911e-03 1.873583929262174434e-03 1.228599270501496993e-03 1.533405444357692840e-03 8.262267407686476814e-03 8.408739816265387024e-03 1.000000000000000021e-08 1.000000000000000021e-08 1.000000000000000021e-08 1.000000000000000021e-08 1.000000000000000021e-08 1.401886039671015206e-05 1.000000000000000021e-08 1.000000000000000021e-08 1.000000000000000021e-08 1.000000000000000021e-08 1.000000000000000021e-08 1.000000000000000021e-08 1.000000000000000021e-08 1.000000000000000021e-08 1.000000000000000021e-08 1.000000000000000021e-08
4.184604705451235105e-05 2.410509675874237962e-05 1.667022796546193850e-05 1.490000595281450440e-05 1.441527681228706627e-05 1.238765127400228282e-05 1.363268634177006671e-05 1.160122731456067627e-05 1.000000000000000021e-08 1.000000000000000021e-08 1.849653736544147977e-04 1.762805843447912092e-04 1.053766425583290567e-04 1.000000000000000021e-08 1.000000000000000021e-08 1.000000000000000021e-08 1.812830328321453875e-04 5.603025914252241326e-05 1.406257694594562914e-04 5.246370746015056354e-03 1.053541320182587934e-02 2.256355227302132230e-03 1.000000000000000021e-08 1.000000000000000021e-08 1.000000000000000021e-08 1.000000000000000021e-08 1.000000000000000021e-08 1.563715525432705008e-05 1.000000000000000021e-08 1.000000000000000021e-08 1.000000000000000021e-08 1.000000000000000021e-08 1.000000000000000021e-08 1.000000000000000021e-08 1.000000000000000021e-08 1.000000000000000021e-08 1.191697379199109367e-05
2.613111801338175225e-05 3.013495237621207962e-05 3.028059055732598717e-05 3.449556120105904062e-05 3.911566233099774645e-05 4.328761704667072449e-05 3.969578932627710168e-05 4.118400430567099044e-05 1.145798902874869361e-04 6.847300759105986740e-05 1.433796892376322291e-04 1.265704274161541488e-04 1.215995778783188317e-04 9.199799954052721739e-05 7.054705880464924746e-05 1.000000000000000021e-08 1.000000000000000021e-08 1.000000000000000021e-08 8.882210023367101089e-05 3.666861972940480344e-03 2.887855597019259313e-02 9.255997830744419619e-03 3.124248581167298437e-05 1.000000000000000021e-08 1.000000000000000021e-08 1.000000000000000021e-08 1.000000000000000021e-08 2.343387199186258441e-05 1.000000000000000021e-08 1.000000000000000021e-08 1.000000000000000021e-08 1.000000000000000021e-08 1.000000000000000021e-08 1.000000000000000021e-08 1.000000000000000021e-08 1.000000000000000021e-08 2.299244992128660420e-05
1.000000000000000021e-08 1.000000000000000021e-08 2.496293860447963681e-05 3.624975880425331605e-05 5.268907007734268143e-05 8.421779880340922561e-05 1.017219029771974741e-04 1.427148399536646759e-04 2.084124479170621337e-04 2.541411212803587941e-04 1.217490406947399661e-04 1.195832008764765957e-04 1.491914769528707684e-04 1.295952602666684687e-04 1.189495949136282096e-04 8.488370741800722321e-05 5.495043036679898857e-05 1.000000000000000021e-08 7.069299007748964527e-05 3.024988052992486857e-03 1.001085932771548712e-02 3.090801261546433087e-02 8.892547750916003635e-03 4.717755334731218401e-05 1.000000000000000021e-08 1.000000000000000021e-08 1.646645556940186535e-05 2.085893375545322704e-05 1.000000000000000021e-08 1.000000000000000021e-08 1.000000000000000021e-08 1.000000000000000021e-08 1.000000000000000021e-08 1.000000000000000021e-08 1.000000000000000021e-08 1.000000000000000021e-08 3.373747331441232091e-05
1.000000000000000021e-08 1.000000000000000021e-08 1.000000000000000021e-08 3.118746416931179698e-05 1.410969160623284403e-03 1.000000000000000021e-08 1.000000000000000021e-08 1.000000000000000021e-08 1.503086551365169370e-05 2.314327236421230468e-05 8.847860778596012621e-05 1.245002312873853389e-04 1.470880135458523994e-04 1.531120866215176645e-04 1.647259222738914049e-04 2.201664658466780111e-03 1.582282887537113614e-05 2.020584030864493055e-04 1.022368362266083865e-04 4.402724028392058023e-04 2.599307554089354098e-05 5.920616247944497472e-03 7.906832078405647349e-03 7.277810733262547044e-03 3.479487651412388162e-05 1.000000000000000021e-08 1.000000000000000021e-08 1.687027342689703248e-05 1.625611374655091678e-05 1.000000000000000021e-08 1.000000000000000021e-08 1.000000000000000021e-08 1.000000000000000021e-08 1.699703535058359191e-05 1.000000000000000021e-08 2.956699427253737419e-05 3.209334337366865665e-05
1.000000000000000021e-08 1.000000000000000021e-08 1.000000000000000021e-08 2.328158614746286183e-05 8.954614688819884224e-05 1.000000000000000021e-08 1.000000000000000021e-08 1.000000000000000021e-08 1.000000000000000021e-08 1.000000000000000021e-08 9.492758430797987030e-05 2.402946683731116580e-04 3.227335218074866121e-04 3.007984289657842421e-04 3.035747290626743039e-04 4.162791045009464467e-04 1.102466777507483823e-03 7.835692141132900509e-03 1.657487562431092607e-03 4.089152231031642905e-04 6.113954255901965854e-04 5.841162923247730440e-03 7.322768062080516407e-03 7.363171118032811775e-03 6.983927560955553726e-03 1.011792144831029404e-03 9.870880351080899440e-04 2.398893256080471300e-05 1.739170604237281432e-05 1.000000000000000021e-08 1.000000000000000021e-08 1.000000000000000021e-08 1.638166795190955382e-05 1.711559566461337597e-05 2.467175514052777707e-05 2.846485570120485081e-05 4.190213205668500410e-05
1.000000000000000021e-08 1.000000000000000021e-08 1.000000000000000021e-08 1.000000000000000021e-08 9.389521494560601359e-05 6.591067133297414001e-05 5.327318667595221937e-05 1.000000000000000021e-08 1.043068769225411472e-05 1.785046318930122504e-05 3.139923494944770312e-05 1.542436134273053507e-04 2.530869117809025383e-04 4.564374360414138803e-04 7.125700982833783328e-04 6.982865024204582124e-04 6.755523239592058690e-04 4.226065550049117785e-04 9.483272471758985231e-03 2.284193676702870289e-03 1.896165335730929605e-03 3.514615483308441025e-03 1.196110303853764080e-02 3.367937352611199281e-02 8.561456615433761519e-03 5.592513924134410834e-03 5.978922440224030202e-03 4.657428949940980122e-05 1.397709930642669221e-05 1.032016007844114166e-05 1.000000000000000021e-08 1.000000000000000021e-08 3.690532697699373241e-05 2.468979171926416718e-05 1.000000000000000021e-08 2.810605917127344971e-05 5.243419882730521251e-05
1.766269130597767381e-05 2.565973967027404507e-05 7.085724136462273560e-05 1.000000000000000021e-08 5.826242276223750881e-05 8.548775653689453526e-05 1.113367394155074256e-04 1.622348970888856851e-04 2.309926730531625062e-04 1.882747984778925768e-04 2.707231058917326143e-04 2.520547242611534205e-04 2.166849072542884069e-04 1.807917450853647686e-04 1.380243937399687894e-04 9.799213661759982130e-05 1.000000000000000021e-08 1.083392578771245961e-04 4.848064449863682891e-05 5.700139409654870120e-05 1.000000000000000021e-08 2.438254821545569797e-03 5.559740335947389346e-03 1.456859971878123571e-02 1.440188591369036090e-02 1.471054236530203521e-02 1.038010224582850138e-01 1.007281631552961465e-01 1.087180621875162025e-04 2.065566247247397052e-05 2.796024952700758366e-05 1.000000000000000021e-08 5.942558386345009498e-03 5.347972196497038574e-03 4.427234841405210450e-05 1.000000000000000021e-08 4.847799960587167230e-05
1.000000000000000021e-08 3.145558625648085056e-05 1.113637190386820001e-04 1.000000000000000021e-08 1.000000000000000021e-08 1.000000000000000021e-08 1.000000000000000021e-08 1.000000000000000021e-08 1.000000000000000021e-08 2.653709980792005744e-04 1.859504906752896180e-04 1.254406449126276226e-05 1.000000000000000021e-08 5.104683065010070348e-05 4.159050680517479897e-05 4.132833726321661651e-05 4.081517046740043721e-05 3.463323784557529868e-05 2.386653575329005425e-05 4.060254402184774780e-05 2.480894888044060144e-03 3.401505759693754065e-03 7.239896571363257059e-03 7.103946364498931777e-03 9.917231336781504036e-03 1.166052143184822566e-02 9.908658779459884880e-02 9.416882100380337406e-02 7.301014799439682623e-02 2.769769058319856980e-02 2.308850681163902852e-02 2.213374748192245903e-02 2.197991244975851244e-02 2.334396468288662749e-02 2.937634568655756243e-02 3.043528817004216222e-02 2.593510620362997668e-04
1.000000000000000021e-08 5.605681978695126622e-04 6.955302680853654067e-04 8.118837175856058507e-04 1.000000000000000021e-08 1.000000000000000021e-08 1.000000000000000021e-08 1.000000000000000021e-08 1.000000000000000021e-08 1.545566535960431751e-04 1.314594662235478895e-04 9.576634820744900367e-05 7.359311147304991880e-05 5.670818084755425086e-05 4.825018136518811348e-05 4.034371171525973494e-05 2.565141302997863253e-05 1.000000000000000021e-08 1.000000000000000021e-08 4.019878979366487949e-05 9.843443536641568320e-03 1.577185895643287011e-02 1.011644789074358716e-02 6.028964918203038280e-03 3.850017506181267757e-03 2.466673481725881363e-03 1.618359249648066312e-03 1.155133105446250284e-03 6.011716554136269704e-04 4.334048683825950793e-04 2.986263772138526796e-04 5.287794597756534550e-03 7.832066857798547846e-03 1.093364920967750120e-02 7.564557549256410718e-03 3.298693638436129422e-02 2.086698864395276215e-02
3.888444717339186330e-03 3.647095421131083177e-04 4.802162351850958969e-04 1.201309948036241105e-03 1.027300255113300191e-02 6.830912925868531764e-03 1.011146887189970454e-03 7.095528337770233476e-04 5.062853595842491854e-04 2.323261747174400172e-04 1.171564536414887681e-04 6.028511984204725898e-05 3.698321178641615111e-05 2.264290086098115365e-05 2.866635240434454613e-05 3.589003876086047817e-05 1.942624284617484095e-03 1.290024715189564981e-03 8.797703195444433024e-04 1.571239237846351611e-02 3.558376857109408348e-02 1.111301776945446650e-02 5.719619622213440607e-05 1.080143273342584802e-05 1.000000000000000021e-08 1.000000000000000021e-08 1.000000000000000021e-08 1.000000000000000021e-08 1.000000000000000021e-08 1.000000000000000021e-08 7.139824507823590001e-05 1.456810999896101470e-03 2.611820468221208707e-03 2.050243067047854452e-03 1.534484735373540295e-03 1.270064915573469472e-03 1.923610073768740325e-02
1.000000000000000021e-08 1.000000000000000021e-08 1.000000000000000021e-08 1.054610381940136922e-05 1.000000000000000021e-08 1.438246408435760052e-03 1.986768215965161420e-03 2.243650311602117618e-03 1.290271524422464608e-03 8.722940243794646137e-04 5.441615456198765736e-04 3.613955870352525261e-04 2.500682878176006363e-04 2.002412288448536396e-04 9.804846596841158834e-03 1.236304280717094584e-02 9.854029730396817940e-03 1.076469863849633876e-02 1.639536785157827414e-02 1.516017264343295229e-02 4.341828319975851204e-03 1.000000000000000021e-08 1.000000000000000021e-08 1.000000000000000021e-08 1.000000000000000021e-08 1.000000000000000021e-08 1.000000000000000021e-08 1.000000000000000021e-08 1.000000000000000021e-08 5.182868467335391503e-04 8.096990978082830529e-04 7.097161327971645336e-04 7.285190066109443856e-04 6.569871417228563678e-04 3.715951623086645103e-04 3.788204054740232623e-04 5.925772952013571432e-03
1.069950084748438173e-05 1.461920242612403003e-05 1.574245709577485849e-05 3.456252180755122773e-05 1.000000000000000021e-08 1.000000000000000021e-08 1.000000000000000021e-08 2.203026399421377664e-04 8.734286458021678053e-04 9.803420088935880551e-04 7.990647123175073250e-04 7.430790189578504856e-04 2.667353750521773113e-03 4.904866772258723029e-02 3.221370208919113742e-02 6.833733031221637944e-03 4.703922031022501546e-03 4.569597501506026706e-03 9.047165919641895430e-04 1.350477716277545136e-04 1.000000000000000021e-08 1.000000000000000021e-08 1.000000000000000021e-08 1.000000000000000021e-08 1.000000000000000021e-08 1.000000000000000021e-08 1.000000000000000021e-08 9.889891991810501666e-05 6.770897675500507206e-04 6.429378861545446012e-04 6.008375951563454378e-04 3.868338179565458668e-03 3.878520828117816284e-04 2.732258753247011093e-04 2.643169323239244109e-05 2.008065875717982517e-05 2.480968389819216601e-05
3.871667684209268096e-05 3.814815569484989051e-05 5.429720009373786247e-05 1.224571742209046808e-04 1.727222475859044868e-05 1.000000000000000021e-08 1.000000000000000021e-08 1.148776789552554800e-04 6.150210892831452138e-04 9.521459735110671683e-04 8.556992996418121434e-04 8.061594543603828669e-03 1.068889503963032367e-02 1.213646828707101895e-02 5.603731251735308630e-03 4.366971026251430807e-04 1.000000000000000021e-08 1.305414811142087099e-05 1.000000000000000021e-08 1.000000000000000021e-08 1.000000000000000021e-08 1.000000000000000021e-08 1.000000000000000021e-08 1.000000000000000021e-08 1.000000000000000021e-08 1.000000000000000021e-08 1.006817460285906306e-03 1.033501687872581199e-03 7.041317075902868037e-04 5.111511061934747755e-05 6.501912145259088603e-05 5.397313205078129301e-05 1.749846633680694638e-05 1.000000000000000021e-08 1.238617361261038516e-05 1.000000000000000021e-08 1.000000000000000021e-08
