output/water_depth_2040.asc
ncols 223
nrows 158
xllcorner 0.0
yllcorner 0.0
cellsize 30.0
[rows 17 to 33 of 158, columns 111 to 147 of 223]
2.669805032381865367e-05 2.419919858920947228e-05 3.469213254178826034e-05 3.546509249016374838e-05 8.646766116987923266e-05 7.697852449700928659e-04 6.173765133265954157e-04 6.266523152934572530e-04 7.191929851546970858e-04 6.434717502975675170e-04 2.253084976642919836e-04 2.477339448937092639e-04 5.151912151009309035e-04 9.108296691782630846e-04 5.337928673332055290e-04 3.221058361353245996e-04 8.136203273577528091e-04 2.751106150607449813e-03 4.170243629029330053e-03 7.791645387860250682e-03 8.788176622712183875e-03 1.096011780154695220e-02 2.567943898851076951e-03 5.720798829495282387e-04 9.970056017962402543e-04 4.411115500363042624e-04 2.665984206737490037e-02 6.918292166125496190e-02 4.589865946981785266e-02 3.217391266059577582e-03 7.024525404580125474e-04 3.875058169279175358e-05 1.000000000000000021e-08 1.000000000000000021e-08 1.000000000000000021e-08 1.000000000000000021e-08 2.552940857476171626e-05
2.067039914614433025e-04 1.646957276499540318e-05 1.738391781407670915e-05 2.889444433061759242e-05 2.523319906287933585e-04 2.815697939531464598e-04 5.523428909044557225e-04 6.510574108731377293e-04 1.431265323313707274e-04 3.682514663742549651e-04 3.266873823865973597e-04 1.110078202747075089e-04 1.308650886917410569e-03 1.361652743962825894e-03 1.095823552967995938e-03 5.213130969435168273e-04 1.506085915893739862e-03 2.566705135171571187e-02 4.132360937428869452e-02 7.736159479432394570e-02 1.000326422640952090e-01 1.695567930560356040e-01 1.216989215132694147e-01 1.241451950890216926e-01 1.247922973961821808e-01 8.620636859212604808e-02 2.542262385901032928e-01 7.185883091007730372e-02 7.475216980752331583e-04 2.934919020120071867e-04 1.000000000000000021e-08 1.000000000000000021e-08 1.000000000000000021e-08 1.000000000000000021e-08 1.000000000000000021e-08 1.000000000000000021e-08 1.000000000000000021e-08
3.023399622521003136e-04 7.019929445801193868e-05 9.126731365162996969e-05 8.414734474106652369e-05 1.546333921479815083e-04 1.731021877678826332e-04 1.778004912065830976e-04 1.357787626361220868e-04 2.073512900581175942e-04 1.135351231561049353e-03 7.694084207511537156e-04 1.837342840295613040e-04 1.014098431872842128e-03 1.498657361861604510e-03 1.509692619900646418e-03 4.942047636999388760e-02 7.591886885702132937e-02 6.970565679666106129e-02 6.314259013218913308e-02 3.213281041939617527e-02 1.638604994247148602e-02 1.131674884086163874e-02 8.630449298985598539e-03 5.273068831175702596e-03 3.541872716377216391e-03 2.279398400197450367e-02 2.118192716961602995e-01 1.027691829091452675e-03 3.453720315586996498e-04 2.137395394799667021e-04 2.396049530932209211e-05 1.000000000000000021e-08 2.262717286430247440e-05 1.000000000000000021e-08 1.000000000000000021e-08 1.000000000000000021e-08 1.688087469228454602e-05
3.407918926891133956e-04 4.282694301271918413e-04 3.526912564150913370e-04 4.590377364375891091e-04 3.712691477169628197e-04 4.890663891054549111e-04 1.766721565038088804e-02 2.210919446935689925e-02 2.708504715783197070e-02 4.763944734628539762e-02 6.301927918720470756e-02 7.319714081295815300e-02 8.159886034990608550e-02 8.819163824249490191e-02 9.277971655340952473e-02 4.768178595675044706e-02 2.420866472890901080e-02 1.499383927450759733e-02 6.238808069229508611e-03 3.420861062018392892e-03 1.755643720997857645e-03 9.632280409540863687e-04 5.699125083958445212e-04 2.780168478477796300e-04 5.336403431015867942e-04 2.018478456546988695e-02 3.018138798771142772e-01 9.057889964993461832e-04 8.056053206885814392e-05 4.705511459681210418e-05 2.222424458424355725e-05 1.397279695532523391e-05 2.115275650007875999e-05 1.000000000000000021e-08 1.000000000000000021e-08 1.000000000000000021e-08 1.169428136056970180e-05
5.128452630094760580e-03 5.245284256408862256e-03 4.002414105094362178e-03 3.066569321318195901e-03 7.116558929833513396e-03 2.341668181176627395e-02 1.977717333771082317e-02 2.678366808255823808e-02 3.017607079422801597e-02 2.257115730715269358e-02 1.560756097206090522e-02 9.752473901554512686e-03 5.243647340112553290e-03 1.508336451585864284e-03 1.072737899103119036e-03 8.799846397323778536e-04 4.399788625448988624e-05 3.823736069995251806e-05 4.465452800410363819e-03 6.985694094699445092e-03 4.301565488545306890e-03 2.738546179753281393e-03 2.601629138120383454e-03 1.543448535707591784e-03 7.898838931894866869e-04 4.236824372955395011e-03 2.737377998006466084e-01 1.647500238177575737e-04 1.728901636896354205e-04 2.338693680416105205e-05 1.489518314382712055e-05 1.055353252043300433e-04 1.875701579221285414e-05 1.394383250332190817e-05 1.000000000000000021e-08 1.000000000000000021e-08 1.041506233298481973e-04
4.332839863846325856e-03 3.214437981565013407e-03 3.848290177230926420e-03 1.481980206859226205e-02 2.318788582683586202e-02 1.464136219274458049e-02 1.250236285863362898e-02 6.265261270328351985e-03 6.114129113547313310e-03 4.873347051386256457e-03 1.295844730571304830e-03 8.039864406966272178e-04 6.122814421274516217e-04 2.110179041861955909e-04 2.431904586690194668e-05 1.000000000000000021e-08 1.000000000000000021e-08 3.875259157070242864e-05 3.414058293145372106e-04 1.551732284161132236e-03 1.706855462571302837e-03 2.694864888612137372e-03 4.711230102168107586e-03 1.790347585186228977e-03 6.544259340529895051e-04 3.276905547198087285e-03 2.342694149749179056e-01 2.662356667710000409e-04 1.886508232133680290e-04 4.170157536571882025e-05 2.654448219732503643e-05 1.910701269694519525e-05 1.552059437396180583e-05 1.000000000000000021e-08 4.845142378451773265e-05 3.972948766350669546e-05 3.422608478230789738e-05
8.454834448211538678e-03 1.299879766205356592e-02 1.691515993168140816e-02 1.491888997176329772e-02 1.251398938140777829e-02 9.649156279278521195e-03 4.713319485290283321e-03 2.550928125036483387e-03 1.669619790067646079e-03 6.111598646742398772e-04 4.215369364388503156e-04 3.122156399836900306e-04 3.288767409259364628e-04 4.697668400004501802e-05 1.000000000000000021e-08 1.000000000000000021e-08 1.000000000000000021e-08 1.363399179273972331e-05 2.829679030999817497e-04 4.647750104833106252e-05 8.490601010648472519e-04 1.821886103151035448e-03 4.909725608594699142e-03 4.904825678524616511e-03 5.823043651386143778e-03 3.836528787642120436e-03 2.367335978253818918e-01 6.421165561091238684e-05 1.000000000000000021e-08 1.000000000000000021e-08 1.000000000000000021e-08 1.320324068468123693e-04 1.642230126271457648e-05 1.110462925487334177e-05 1.000000000000000021e-08 1.119829542191016017e-04 1.001327959891420408e-04
1.187239943185881049e-03 2.200141549889211064e-03 4.421829510049267095e-03 1.709233631054199237e-03 2.387445946273686337e-03 3.529515917337115553e-03 2.611510622842585280e-04 1.552387782475791100e-03 3.607659313969124827e-04 5.920664444646257953e-05 7.030508397222852901e-05 9.635890669886002337e-05 1.841787483457252696e-04 1.000000000000000021e-08 1.000000000000000021e-08 6.242267660362000724e-05 1.005330274297496282e-04 1.403130660042248821e-04 1.160921886056592606e-04 1.953110394524754535e-04 4.223729727549824274e-04 6.777412288469090215e-04 5.240572796117099526e-04 1.107846977833276377e-03 3.974479828949177909e-03 6.199010927179338104e-03 2.400545152188660047e-01 6.998361693781067678e-05 1.000000000000000021e-08 1.000000000000000021e-08 1.000000000000000021e-08 1.000000000000000021e-08 1.000000000000000021e-08 1.000000000000000021e-08 1.000000000000000021e-08 1.971656393164643179e-05 1.725751437875626469e-04
1.261429485313967942e-03 2.738774629527164581e-03 2.294689455312393187e-03 2.518391222820931009e-03 2.302321439605341680e-03 1.885948256285397123e-03 9.384826055714739004e-03 3.278708420085514087e-03 7.715367419426431134e-05 1.838571822311771951e-05 1.000000000000000021e-08 2.833048954055424057e-05 4.620320810855112816e-05 2.117247384946870277e-04 4.331238819590140605e-04 3.523424905139265232e-04 3.598208679025185239e-04 5.199274354655283262e-04 8.379338345985214934e-04 1.051203458315783665e-03 9.528910542881022065e-04 7.311476423114761673e-04 2.003502646069539334e-04 1.740206037625423123e-04 1.849591849181451107e-03 7.146388539236124549e-03 2.264769056079257714e-01 1.223230762556960674e-04 1.000000000000000021e-08 1.000000000000000021e-08 1.000000000000000021e-08 1.000000000000000021e-08 1.000000000000000021e-08 1.000000000000000021e-08 1.000000000000000021e-08 1.162674233783850475e-05 1.348768371540256846e-05
2.635187721756230509e-03 3.208852738819220965e-03 3.525606441231985116e-03 2.645852278986506392e-03 1.912206918479506489e-03 1.279085958813607838e-03 8.580401844015317142e-04 9.551263533904483932e-03 2.137119053115658939e-04 3.900889980513677570e-05 5.888310182571964823e-05 9.134525688979181488e-05 1.468025896690286882e-04 1.727798152948014179e-04 2.134504065275890554e-04 1.325960348330681136e-04 8.091182960522407474e-05 2.382963785736883313e-04 2.443447696827351530e-04 5.071365741731136134e-04 3.568562101511739827e-04 5.863863654901864484e-05 7.180257174473221029e-04 9.922757862322923068e-04 7.266657302590920570e-04 6.041057294996514046e-04 1.340772495515139828e-01 6.689806070877366007e-02 6.631837786226835174e-02 5.724265906008296192e-05 4.418988791056835971e-05 1.000000000000000021e-08 1.000000000000000021e-08 1.000000000000000021e-08 1.000000000000000021e-08 1.000000000000000021e-08 1.698467255308757479e-05
1.411813283529362792e-03 1.799561255598790916e-03 1.302951654579694377e-03 8.961338788920862998e-04 7.522686552227775660e-04 2.690966163770987344e-05 1.916451510334619133e-04 1.026951090544603323e-04 8.976635746275657326e-05 9.839795715426726246e-05 1.454424062838112215e-04 2.069482859445938880e-04 2.619400847925047260e-04 2.578012374501411946e-04 3.107771021559667737e-04 2.528084210580083206e-04 2.408143882159034907e-04 3.707290350085011782e-05 2.531747206995329830e-04 1.670524791323879524e-04 6.517475296422426539e-05 8.975358647918230907e-05 2.774582161699193795e-04 1.983393433179407670e-04 2.911676431648340868e-05 1.537094399553689042e-04 5.366936939056102945e-02 6.017909748486646726e-02 6.294607586808843858e-02 6.184743874563636279e-02 8.319668685992461681e-05 1.000000000000000021e-08 1.000000000000000021e-08 1.000000000000000021e-08 1.000000000000000021e-08 1.000000000000000021e-08 1.000000000000000021e-08
7.259719851124454533e-04 3.956553476014770809e-04 2.373955797634302975e-04 1.448163650807258540e-04 1.021861816266654902e-04 5.907255956612772675e-05 1.507535457305250314e-04 2.045750448038386707e-04 1.868246759149954543e-04 2.269157551347825630e-04 5.085313648608921506e-04 7.504776723530760373e-04 7.164358265741556592e-04 1.026622213706125317e-03 9.374887730714549349e-04 1.366602447639261126e-03 1.095314833609299220e-03 1.451149889407735930e-03 1.104126245355073043e-03 9.308235165059247293e-04 7.926959833879355889e-04 6.003218321315494446e-04 5.873919829381906267e-04 4.855062772023308287e-04 5.001574296013776944e-05 8.906807822622349454e-05 2.684548603819019580e-02 4.336437894083566141e-02 5.280311913487229641e-02 8.049419901635382346e-02 3.144112616832691470e-02 4.304613573314470219e-05 1.000000000000000021e-08 1.419417206191542722e-05 1.000000000000000021e-08 1.000000000000000021e-08 1.000000000000000021e-08
8.486986454870279212e-04 7.212597266596219338e-04 5.325259315113636512e-04 3.895073298062404058e-04 3.234574269953958319e-04 3.750903469659777200e-04 2.954991063968252806e-04 2.868187443231389757e-04 3.020677105887181768e-04 3.132350636357747963e-04 1.863757684164282151e-04 1.812812419258852371e-04 4.544626246628329482e-04 6.695615325804410607e-04 1.391843361947136572e-03 1.734717572736874840e-03 2.396450850495314856e-03 2.741346697193312604e-03 2.364085508832692271e-03 1.809754312272646116e-03 1.427869115310238151e-03 1.301874828125175812e-03 1.106835646693349502e-03 4.442056428147642881e-04 5.485981912899430546e-04 1.043518411024954747e-03 1.618331210466312370e-02 2.957223998932319992e-02 4.080918872758371868e-02 5.994490039591575392e-02 8.813575922434120635e-02 1.261450794953649409e-04 2.886893713297631079e-05 1.749561342157396744e-05 2.210345712909881743e-05 1.000000000000000021e-08 1.000000000000000021e-08
7.956624702704599835e-04 7.825082639350823500e-04 1.857025175054647151e-04 2.101954185854410916e-04 2.939474146242009901e-04 1.251450138689154650e-04 2.463455300543626256e-04 7.173390040271492441e-05 3.347965510988589822e-04 3.362061469571809343e-04 3.185709951596509275e-04 3.588265144630068326e-04 5.582831528057087545e-04 3.421762905574509002e-05 5.186154389945917979e-05 2.263035280279117236e-04 3.889015435720058022e-04 2.649577756956593075e-04 1.518748694519270106e-03 1.801624505303503401e-03 1.715863498814266782e-03 1.526481448889805857e-03 1.443197364383635908e-03 6.136487586813132522e-04 5.724629657860478508e-04 1.561071399925471675e-03 6.947506489772613085e-03 1.767064900708685202e-02 2.870968395457040162e-02 4.374573225905067919e-02 1.264371489924180914e-01 3.280415204700493277e-04 2.618998998042305361e-05 3.690696033945473667e-05 1.979090689928507851e-05 2.243713664756536604e-05 1.000000000000000021e-08
7.679967468881296420e-04 7.251782596392723637e-04 1.586892785296506979e-03 3.480784711343228900e-04 2.944935959362487542e-04 5.219641462908540834e-04 2.467115272247757084e-04 4.651689694907182445e-04 1.262673657504963254e-04 8.754464945208183582e-05 2.857633388560571272e-05 1.373944484021845434e-04 7.562934821018501988e-04 5.890859603240615526e-05 1.000000000000000021e-08 1.694210898595993923e-04 2.810943944860102802e-05 9.005613379772693260e-05 9.844663977370791963e-04 9.120523034138087277e-04 1.120170008500119422e-03 2.302603995172944774e-03 1.967207437497295233e-03 1.687162920605816919e-03 7.755576580861444583e-04 1.355230175658023520e-03 6.262806075365847346e-03 1.221873625610900120e-02 1.984200975776686734e-02 3.101222585726692849e-02 7.701520970534470045e-02 7.328029376633099501e-02 1.839779393161544436e-04 2.935797702971850625e-05 3.705515699396475432e-05 1.672906998456856410e-05 1.000000000000000021e-08
6.256724508481103326e-04 1.158425707507636064e-03 1.695023877439465632e-03 4.209263525428488459e-03 1.173462422972482025e-03 1.307553924877647485e-03 1.241413999700459372e-03 2.509145429730451696e-03 1.167410796389604889e-03 8.767803960075326109e-04 1.643166143260677350e-04 2.621333946671436984e-04 3.098874230806861630e-04 6.475498883688723375e-05 1.505300194256345666e-05 1.755834162879869810e-04 7.288728548046767054e-05 1.000000000000000021e-08 1.368865632632868868e-04 2.321588060190083683e-04 2.749502077135643273e-04 7.760983301746753830e-04 1.179565496624907254e-03 3.976603136235458999e-04 3.743868611678427007e-04 1.464970947152373793e-04 2.434974865811547796e-03 9.061792686828806440e-03 1.308122287184405180e-02 2.117565298093396220e-02 4.767494578430777480e-02 1.144516484429910497e-01 3.240967682129666100e-04 5.688939762107864454e-05 2.679905138646233794e-05 2.396466366326862747e-05 1.000000000000000021e-08
1.000000000000000021e-08 1.385762616274860087e-05 2.664566890749186576e-05 8.957938279829400028e-04 1.966301457312684842e-03 2.080049156508956883e-03 3.223087141990202062e-03 3.594122645040172259e-03 3.706857403451746004e-03 4.185636619181773953e-03 1.275067463122264884e-03 1.036468265219013659e-03 9.702730027245135523e-04 4.864963341147990859e-04 1.000000000000000021e-08 1.969402320077713337e-04 9.406969898246013862e-05 1.000000000000000021e-08 9.235343355220813346e-05 1.078712432843732761e-04 2.939231303228742077e-04 3.592929462285542660e-04 1.089460013620854005e-03 1.082599774348978663e-03 3.264942321428935938e-04 3.911262213130610801e-04 6.841931733622529793e-04 3.872815431918673942e-03 1.115710693344515794e-02 1.393399494052040971e-02 3.082606579906146602e-02 6.887748929767661954e-02 6.509051967823917262e-02 1.703442976231777381e-04 4.649819874634247754e-05 1.589803655988225367e-05 1.000000000000000021e-08
