output/water_depth_9840.asc
ncols 223
nrows 158
xllcorner 0.0
yllcorner 0.0
cellsize 30.0
[rows 17 to 33 of 158, columns 111 to 147 of 223]
1.000000000000000021e-08 1.000000000000000021e-08 1.000000000000000021e-08 1.000000000000000021e-08 1.000000000000000021e-08 1.947501756891541400e-05 1.511476669853682302e-05 1.608400336827623610e-05 1.985810606072624355e-05 1.962542209964236435e-05 1.000000000000000021e-08 1.000000000000000021e-08 1.000000000000000021e-08 1.575747185211088622e-05 1.022677311486122303e-05 1.000000000000000021e-08 4.898310079605536232e-05 1.146194756274697906e-04 1.636193352954313325e-04 2.288424449529725946e-04 3.381765865318385423e-04 3.699221127346995729e-04 5.482262166285123347e-05 4.509384948555836324e-05 4.715104487090993534e-05 5.314730064948493347e-05 1.070386703545017594e-03 5.615448303676889505e-03 4.662824618434014377e-03 3.240572859757813630e-05 1.000000000000000021e-08 1.000000000000000021e-08 1.000000000000000021e-08 1.000000000000000021e-08 1.000000000000000021e-08 1.000000000000000021e-08 1.000000000000000021e-08
1.090485909735117620e-05 1.000000000000000021e-08 1.000000000000000021e-08 1.000000000000000021e-08 1.000000000000000021e-08 1.000000000000000021e-08 1.516273663142691912e-05 1.962584800717694303e-05 1.000000000000000021e-08 1.705687008105188533e-05 1.342916161852309748e-05 1.000000000000000021e-08 1.000000000000000021e-08 1.676777723089213108e-05 1.762202996678217698e-05 1.768422785588460728e-05 4.669250002662844642e-05 2.369022073376206403e-04 3.123173845130305178e-04 8.936865292714042458e-04 1.171387802839232890e-03 8.944282938171885244e-03 1.685344866777466937e-03 1.725062577045062854e-03 1.722364960921349752e-03 1.804958864626051264e-03 2.623452351299731394e-02 6.490068768834364975e-03 1.865910897997970230e-05 1.000000000000000021e-08 1.000000000000000021e-08 1.000000000000000021e-08 1.000000000000000021e-08 1.000000000000000021e-08 1.000000000000000021e-08 1.000000000000000021e-08 1.000000000000000021e-08
1.598824857758263416e-05 1.000000000000000021e-08 1.000000000000000021e-08 1.000000000000000021e-08 1.000000000000000021e-08 1.000000000000000021e-08 1.000000000000000021e-08 1.000000000000000021e-08 1.000000000000000021e-08 2.038968546127892486e-05 1.706833829719199699e-05 1.381749476033649898e-05 1.486326265046184842e-05 2.402724772440874762e-05 2.675046587054630238e-05 6.151077851006124964e-04 8.209865330580959309e-04 1.077826276526888671e-03 1.333070710036525237e-03 6.922960247250742154e-04 4.615617578170330378e-05 5.872920740839641972e-05 4.156125354283255960e-05 2.848329977002976761e-05 2.890986704308802277e-05 1.640042819372444490e-04 7.764859292584041020e-03 4.748138460137046033e-05 1.000000000000000021e-08 1.000000000000000021e-08 1.000000000000000021e-08 1.000000000000000021e-08 1.000000000000000021e-08 1.000000000000000021e-08 1.000000000000000021e-08 1.000000000000000021e-08 1.000000000000000021e-08
1.404715468682297308e-05 1.162900653162212118e-05 1.049806161158480689e-05 1.000000000000000021e-08 1.000000000000000021e-08 1.197467426804890020e-05 1.543871470490879104e-04 2.058089865332504687e-04 2.443441174465285398e-04 4.647802096730571067e-04 5.451109053249662698e-04 6.456007240994103948e-04 8.281727882391017688e-04 8.987312104113688279e-04 9.552061447789534764e-04 7.742119548893030634e-04 5.914257948971239772e-05 4.501799237841138616e-05 1.000000000000000021e-08 1.000000000000000021e-08 1.000000000000000021e-08 1.000000000000000021e-08 1.000000000000000021e-08 1.000000000000000021e-08 1.832026882663871192e-05 1.620793519748051005e-04 3.464585507452852542e-02 1.432130995320962583e-05 1.000000000000000021e-08 1.000000000000000021e-08 1.000000000000000021e-08 1.000000000000000021e-08 1.000000000000000021e-08 1.000000000000000021e-08 1.000000000000000021e-08 1.000000000000000021e-08 1.000000000000000021e-08
7.095290809653193856e-05 8.334209069796974002e-05 6.745353424915096049e-05 5.458416428479902606e-05 7.229554370198896021e-05 2.264880663491947513e-04 1.858362060944260990e-04 2.481313941921391760e-04 3.413886748231894394e-04 2.701680299953056565e-04 2.402905675545806896e-04 1.587664490139950840e-04 1.099485165344397171e-04 7.124894017124731155e-05 5.173396316522117788e-05 6.358182779553136761e-05 1.000000000000000021e-08 1.000000000000000021e-08 2.254549715289388341e-05 4.143136697107507931e-05 3.300929083018597205e-05 2.819831480734638640e-05 2.372011065739406188e-05 2.206222863385647596e-05 1.278300049573987909e-05 2.632138301676021917e-05 2.701482671812754574e-02 1.000000000000000021e-08 1.000000000000000021e-08 1.000000000000000021e-08 1.000000000000000021e-08 1.000000000000000021e-08 1.000000000000000021e-08 1.000000000000000021e-08 1.000000000000000021e-08 1.000000000000000021e-08 1.000000000000000021e-08
5.639526211620487828e-05 4.237052707138224219e-05 5.538356774452524953e-05 1.484918560316156539e-04 2.328687323027501849e-04 1.947247815403216234e-04 1.000000000000000021e-08 1.000000000000000021e-08 1.000000000000000021e-08 1.142822396218678136e-05 1.011883970199628388e-05 1.048959981715669346e-05 1.142628946834889001e-05 1.000000000000000021e-08 1.000000000000000021e-08 1.000000000000000021e-08 1.000000000000000021e-08 1.000000000000000021e-08 1.000000000000000021e-08 1.547191000181756404e-05 1.000000000000000021e-08 2.257317276862576638e-05 5.186849391369468485e-05 1.000000000000000021e-08 1.000000000000000021e-08 2.197885338534087354e-05 7.650793425407133481e-03 1.000000000000000021e-08 1.000000000000000021e-08 1.000000000000000021e-08 1.000000000000000021e-08 1.000000000000000021e-08 1.000000000000000021e-08 1.000000000000000021e-08 1.000000000000000021e-08 1.000000000000000021e-08 1.000000000000000021e-08
8.109496567108176067e-05 1.098912988757350150e-04 1.219455532632397185e-04 1.083547741579119562e-04 1.267002972035315503e-04 1.430592004154068047e-04 1.135357128888480813e-04 1.519346202689112820e-05 1.985749589962375303e-05 1.000000000000000021e-08 1.000000000000000021e-08 1.000000000000000021e-08 1.000000000000000021e-08 1.000000000000000021e-08 1.000000000000000021e-08 1.000000000000000021e-08 1.000000000000000021e-08 1.000000000000000021e-08 1.000000000000000021e-08 1.000000000000000021e-08 1.000000000000000021e-08 1.000000000000000021e-08 7.017094239851800130e-05 7.907037701863720307e-05 6.117872915770988123e-05 5.486292570413706050e-05 7.478319009335718595e-03 1.000000000000000021e-08 1.000000000000000021e-08 1.000000000000000021e-08 1.000000000000000021e-08 1.000000000000000021e-08 1.000000000000000021e-08 1.000000000000000021e-08 1.000000000000000021e-08 1.000000000000000021e-08 1.000000000000000021e-08
1.000000000000000021e-08 1.535229305091174832e-05 2.874581734345442983e-05 3.096312186264841892e-05 5.151971390735829795e-05 1.377281742113473811e-04 7.693780332473083134e-05 2.596660061084674412e-04 1.987365341290626508e-05 1.000000000000000021e-08 1.000000000000000021e-08 1.000000000000000021e-08 1.000000000000000021e-08 1.000000000000000021e-08 1.000000000000000021e-08 1.000000000000000021e-08 1.137947512601452136e-05 1.060788835383135194e-05 1.000000000000000021e-08 1.051087828261977085e-05 4.209513018567768403e-05 5.081480410506063829e-05 3.532651895161617698e-05 1.000000000000000021e-08 6.983642663852821701e-05 7.711237539106403471e-05 7.423829835167086375e-03 1.000000000000000021e-08 1.000000000000000021e-08 1.000000000000000021e-08 1.000000000000000021e-08 1.000000000000000021e-08 1.000000000000000021e-08 1.000000000000000021e-08 1.000000000000000021e-08 1.000000000000000021e-08 1.000000000000000021e-08
1.000000000000000021e-08 2.260873068154285311e-05 1.000000000000000021e-08 3.168965856392094732e-05 3.916993250244096402e-05 4.227962446839334969e-05 1.340258929765071128e-03 3.543141691553681485e-04 1.000000000000000021e-08 1.000000000000000021e-08 1.000000000000000021e-08 1.000000000000000021e-08 1.000000000000000021e-08 1.000000000000000021e-08 1.980413701807015050e-05 1.423796107925057081e-05 1.577263683003489391e-05 2.169521236875303707e-05 3.409206070063154463e-05 4.702967503382933680e-05 4.466357067010872528e-05 3.643746244933576656e-05 1.000000000000000021e-08 1.000000000000000021e-08 2.224051320634837001e-05 1.068002334063468292e-04 2.948561168290647627e-02 1.000000000000000021e-08 1.000000000000000021e-08 1.000000000000000021e-08 1.000000000000000021e-08 1.000000000000000021e-08 1.000000000000000021e-08 1.000000000000000021e-08 1.000000000000000021e-08 1.000000000000000021e-08 1.000000000000000021e-08
2.660977044149046044e-05 2.975829500890931175e-05 3.502723034270370056e-05 3.814246491556581143e-05 4.061186100596926129e-05 3.176869816161036349e-05 2.748432948178194875e-05 1.838952375979804182e-03 1.910199935546845381e-05 1.000000000000000021e-08 1.000000000000000021e-08 1.000000000000000021e-08 1.000000000000000021e-08 1.000000000000000021e-08 1.195281105603529376e-05 1.000000000000000021e-08 1.000000000000000021e-08 1.000000000000000021e-08 1.000000000000000021e-08 2.086807273019275941e-05 1.572129698214054055e-05 1.000000000000000021e-08 1.000000000000000021e-08 1.710684117676318825e-05 1.491011456681264879e-05 1.512723627128443255e-05 7.829622864198509252e-03 5.537380946303033062e-03 5.016425192589632313e-03 2.180499177895788251e-05 1.000000000000000021e-08 1.000000000000000021e-08 1.000000000000000021e-08 1.000000000000000021e-08 1.000000000000000021e-08 1.000000000000000021e-08 1.000000000000000021e-08
1.973358134292558987e-05 2.231251275066486339e-05 2.213001370513843053e-05 2.054179430264040717e-05 2.367806676286784016e-05 1.000000000000000021e-08 1.000000000000000021e-08 1.000000000000000021e-08 1.000000000000000021e-08 1.000000000000000021e-08 1.000000000000000021e-08 1.000000000000000021e-08 1.000000000000000021e-08 1.038728853450597235e-05 1.539721053131698082e-05 1.090304665196326321e-05 1.055048320929850924e-05 1.000000000000000021e-08 1.000000000000000021e-08 1.000000000000000021e-08 1.000000000000000021e-08 1.000000000000000021e-08 1.000000000000000021e-08 1.000000000000000021e-08 1.000000000000000021e-08 1.000000000000000021e-08 1.202661476821672041e-03 1.544461362445489648e-03 4.137082864047019089e-03 4.281859476459729148e-03 1.000000000000000021e-08 1.000000000000000021e-08 1.000000000000000021e-08 1.000000000000000021e-08 1.000000000000000021e-08 1.000000000000000021e-08 1.000000000000000021e-08
2.249714488811120814e-05 1.461947133205141674e-05 1.062001515671512143e-05 1.000000000000000021e-08 1.000000000000000021e-08 1.000000000000000021e-08 1.000000000000000021e-08 1.000000000000000021e-08 1.000000000000000021e-08 1.067168610107729357e-05 2.703505632084450761e-05 4.031720754970013728e-05 3.408952041249234069e-05 4.763316699347038528e-05 4.736197435652324234e-05 8.323267451379082844e-05 5.673377309108351447e-05 8.316038701751948261e-05 5.594109285298988287e-05 4.973655529331928092e-05 4.610486446835814834e-05 3.492181472020405446e-05 3.081371523353695191e-05 2.226412426937406992e-05 1.000000000000000021e-08 1.000000000000000021e-08 1.528608319373987961e-04 5.184139993400152654e-04 3.371802722540560068e-03 5.853495968649521063e-03 1.059388421370330421e-03 1.000000000000000021e-08 1.000000000000000021e-08 1.000000000000000021e-08 1.000000000000000021e-08 1.000000000000000021e-08 1.000000000000000021e-08
2.272745438430694547e-05 2.632642086854874007e-05 2.152759751930750974e-05 1.941983545612560128e-05 1.908134532522260592e-05 1.757953603840427237e-05 1.393228656362826643e-05 1.380022698201467598e-05 1.443834130697656548e-05 1.857310683284184519e-05 1.000000000000000021e-08 1.000000000000000021e-08 2.318944466895061501e-05 2.875369568357277828e-05 5.933712975743282372e-05 7.617860516619455555e-05 9.097504505883469031e-05 1.018106599461066222e-04 1.052183889085314043e-04 8.403520946238808543e-05 7.137803231784171465e-05 7.756780427668836446e-05 6.463990534294971300e-05 6.024960831232371611e-05 4.662581895012392385e-05 4.193318145425394569e-05 1.154713801872751008e-04 4.986645457281524548e-04 7.613728365156156343e-04 4.773125004579521248e-03 4.473112267947410362e-03 3.048689940185258791e-05 1.000000000000000021e-08 1.000000000000000021e-08 1.000000000000000021e-08 1.000000000000000021e-08 1.000000000000000021e-08
1.739964972166510771e-05 2.517006743225516806e-05 1.000000000000000021e-08 1.735960473292472747e-05 2.327052648944370218e-05 1.000000000000000021e-08 1.684831343106293902e-05 1.000000000000000021e-08 1.477586249286247113e-05 1.523914737166210905e-05 1.312569207075851186e-05 1.384222444829558058e-05 2.379480922138911921e-05 1.000000000000000021e-08 1.000000000000000021e-08 1.000000000000000021e-08 1.000000000000000021e-08 1.000000000000000021e-08 5.763211129224797303e-05 7.614013729511131450e-05 7.731863001506097499e-05 7.469687868424510662e-05 7.905315873878413803e-05 6.679287782405543626e-05 7.381444898188213122e-05 6.853372131040456959e-05 1.000000000000000021e-08 1.496579079645868511e-04 6.388756097424452395e-04 1.216854758475884382e-03 6.492556096593404304e-03 2.925397163205409681e-05 1.000000000000000021e-08 1.000000000000000021e-08 1.000000000000000021e-08 1.000000000000000021e-08 1.000000000000000021e-08
1.000000000000000021e-08 2.020003422626919130e-05 2.091818122639801250e-05 1.000000000000000021e-08 1.874335171128927005e-05 1.647450138826415733e-05 2.283799337179257753e-05 1.624164590061526580e-05 1.000000000000000021e-08 1.000000000000000021e-08 1.000000000000000021e-08 2.173621406186063758e-05 2.872515057509138027e-05 1.000000000000000021e-08 1.000000000000000021e-08 1.000000000000000021e-08 1.000000000000000021e-08 1.000000000000000021e-08 3.023320616314075494e-05 1.000000000000000021e-08 5.251080167500412829e-05 7.022619824850493482e-05 7.829846938056990869e-05 8.033492814864162299e-05 7.857877396286788089e-05 1.184467026891567642e-04 8.966909080387284190e-05 1.280999468197436284e-04 2.307490113878600112e-04 1.003429297613177718e-03 1.916291596214818272e-03 2.480573414378085904e-03 1.000000000000000021e-08 1.000000000000000021e-08 1.000000000000000021e-08 1.000000000000000021e-08 1.000000000000000021e-08
1.000000000000000021e-08 1.000000000000000021e-08 2.923184867686417877e-05 4.388584166217633929e-05 1.000000000000000021e-08 1.000000000000000021e-08 1.894887532756446522e-05 2.526239478908666523e-05 2.110379391454370284e-05 1.917173272610584364e-05 1.000000000000000021e-08 2.330066629936341800e-05 1.000000000000000021e-08 1.000000000000000021e-08 1.000000000000000021e-08 1.000000000000000021e-08 1.000000000000000021e-08 1.000000000000000021e-08 1.000000000000000021e-08 1.000000000000000021e-08 1.000000000000000021e-08 1.000000000000000021e-08 5.253459422068892568e-05 1.000000000000000021e-08 1.000000000000000021e-08 1.000000000000000021e-08 1.000000000000000021e-08 3.848547987210947823e-05 2.243651344581171366e-04 3.695560833802755542e-04 1.595373349948577685e-03 6.307435331461166798e-03 2.437376088628702992e-05 1.000000000000000021e-08 1.000000000000000021e-08 1.000000000000000021e-08 1.000000000000000021e-08
1.000000000000000021e-08 1.000000000000000021e-08 1.000000000000000021e-08 1.000000000000000021e-08 1.562811029632510946e-05 2.041185018370454972e-05 3.400474479086356018e-05 4.843490171252741065e-05 4.516628852018925400e-05 4.583617761802827643e-05 1.000000000000000021e-08 1.000000000000000021e-08 1.000000000000000021e-08 1.000000000000000021e-08 1.000000000000000021e-08 1.000000000000000021e-08 1.000000000000000021e-08 1.000000000000000021e-08 1.000000000000000021e-08 1.000000000000000021e-08 1.000000000000000021e-08 1.000000000000000021e-08 1.000000000000000021e-08 1.000000000000000021e-08 1.000000000000000021e-08 1.000000000000000021e-08 1.000000000000000021e-08 3.209243305069137267e-05 1.876737776575248184e-04 3.167440093282667172e-04 1.219500302198961916e-03 4.676105146874299026e-03 4.075321018352437430e-03 1.141000490662017871e-05 1.000000000000000021e-08 1.000000000000000021e-08 1.000000000000000021e-08
