output/water_depth_960.asc
ncols 223
nrows 158
xllcorner 0.0
yllcorner 0.0
cellsize 30.0
[rows 0 to 16 of 158, columns 111 to 147 of 223]
1.000000100000000021e-05 1.000000100000000021e-05 1.000000100000000021e-05 1.000000100000000021e-05 1.000000100000000021e-05 1.000000100000000021e-05 1.000000100000000021e-05 1.000000100000000021e-05 1.000000100000000021e-05 1.000000100000000021e-05 1.000000100000000021e-05 1.000000100000000021e-05 1.000000100000000021e-05 1.000000100000000021e-05 1.000000100000000021e-05 1.000000100000000021e-05 1.000000100000000021e-05 1.000000100000000021e-05 1.000000100000000021e-05 1.000000100000000021e-05 1.000000100000000021e-05 1.000000100000000021e-05 1.000000100000000021e-05 1.000000100000000021e-05 1.000000100000000021e-05 1.000000100000000021e-05 1.000000100000000021e-05 1.000000100000000021e-05 1.000000100000000021e-05 1.000000100000000021e-05 1.000000100000000021e-05 1.000000100000000021e-05 1.000000100000000021e-05 1.000000100000000021e-05 1.000000100000000021e-05 1.000000100000000021e-05 1.000000100000000021e-05
1.000000100000000021e-05 1.000000100000000021e-05 1.000000100000000021e-05 1.000000100000000021e-05 1.000000100000000021e-05 1.000000100000000021e-05 1.000000100000000021e-05 1.000000100000000021e-05 1.000000100000000021e-05 1.000000100000000021e-05 1.000000100000000021e-05 1.000000100000000021e-05 1.000000100000000021e-05 1.000000100000000021e-05 1.000000100000000021e-05 1.000000100000000021e-05 1.000000100000000021e-05 1.000000100000000021e-05 1.000000100000000021e-05 1.000000100000000021e-05 1.000000100000000021e-05 1.000000100000000021e-05 1.000000100000000021e-05 1.000000100000000021e-05 1.000000100000000021e-05 1.000000100000000021e-05 1.000000100000000021e-05 1.000000100000000021e-05 1.000000100000000021e-05 1.000000100000000021e-05 1.000000100000000021e-05 1.000000100000000021e-05 1.000000100000000021e-05 1.000000100000000021e-05 1.000000100000000021e-05 1.000000100000000021e-05 1.000000100000000021e-05
1.000000100000000021e-05 1.000000100000000021e-05 1.000000100000000021e-05 1.000000100000000021e-05 1.000000100000000021e-05 1.000000100000000021e-05 1.000000100000000021e-05 1.000000100000000021e-05 1.000000100000000021e-05 1.000000100000000021e-05 1.000000100000000021e-05 1.000000100000000021e-05 1.000000100000000021e-05 1.000000100000000021e-05 1.000000100000000021e-05 1.000000100000000021e-05 1.000000100000000021e-05 1.000000100000000021e-05 2.604344907092128814e-04 4.486808570238325100e-04 7.150116742347920095e-04 1.114734287261979649e-03 2.301610871984689777e-02 1.000000100000000021e-05 1.000000100000000021e-05 1.000000100000000021e-05 1.000000100000000021e-05 1.000000100000000021e-05 1.000000100000000021e-05 4.300277780902849248e-03 3.344465021315984159e-03 4.135165131709415617e-03 3.167890554595003197e-03 1.000000100000000021e-05 1.000000100000000021e-05 1.000000100000000021e-05 1.000000100000000021e-05
1.682894426059581075e-02 1.893669073207384854e-02 1.660617268464491952e-02 9.032231523505625942e-03 5.528509002991686787e-03 3.843658549651262669e-03 2.110275282435012008e-03 1.253357111773060291e-03 9.479178459126212522e-04 3.461937781759204680e-03 4.850683171058725075e-03 4.612752327871495923e-03 5.514156883624601532e-03 6.861922947664233878e-03 7.383612580130646114e-03 7.613493376712309607e-03 5.252511017413832167e-03 3.653608848524103874e-03 2.369350246936240221e-03 1.579923376055820819e-03 6.452366778858076302e-03 4.978305448180490173e-02 2.786680668625088342e-02 5.244173465987551908e-03 2.750013950839051095e-03 2.307092583853072830e-03 9.678852398087558952e-04 4.464796090093765173e-04 4.854092060300247064e-04 7.944394156232615842e-03 4.156447953035938975e-03 2.777894281723009874e-03 3.277168110859437090e-03 3.136109285847238012e-03 1.766938276431074878e-03 1.000000100000000021e-05 1.000000100000000021e-05
9.463888761947008253e-04 1.981621313821205058e-04 2.578697200506001579e-03 5.786020123690484296e-03 5.123365372836989964e-03 5.921011898146074336e-03 4.569738588222991421e-03 3.014530625153985077e-03 5.020484501934925452e-03 8.634667937519741043e-03 9.238059307647083010e-03 5.492767447975143054e-03 4.273385067175282034e-03 4.822624340851999585e-03 5.238717483143039838e-03 3.967867990514110758e-03 5.698546823324083035e-03 1.053109384718923548e-02 1.589442351030865078e-02 2.164963729164065195e-02 2.246594334218164971e-02 1.180204800271663149e-02 9.575188796521702864e-03 7.267434427671156869e-03 5.501499865972168946e-03 5.540958491120801487e-03 2.038091942438956423e-03 6.201557335238616067e-04 9.815340501756447244e-04 1.415872291157697048e-02 4.092729922052960705e-03 2.761403731921072309e-03 6.762564711321585390e-04 1.221513606085706388e-03 1.848180084934930665e-03 2.138670980870577970e-03 1.190321301204525558e-03
1.470265334418707466e-03 1.776588246815668549e-03 2.230312704695614715e-03 4.869298010456031209e-03 3.123118795397533676e-03 4.283955450212100120e-03 7.934608440637863983e-03 7.505570800459377204e-03 9.593656504956171380e-03 5.617839505544140744e-03 2.781437772307457888e-03 4.725495553760267371e-03 4.112848031549947228e-03 2.772907501225674917e-03 1.971673344697079649e-03 2.751991093006567798e-03 2.216811801330262517e-03 2.074492166510319684e-03 2.856141483782443334e-03 3.292223370801156644e-03 1.971124778821881432e-03 6.098390825487731530e-03 2.351049404791120956e-02 3.389935327467132747e-02 1.841938693187067377e-02 1.137134121825292971e-02 1.199952280887183441e-02 2.031961052580499513e-03 1.259951292006830648e-02 3.474271792478160481e-02 3.646736678354628360e-03 1.383345175050357690e-03 2.045008590352220303e-03 1.998251156118967080e-03 2.337592253121186653e-03 1.638976083930879495e-03 2.053928401060645635e-03
1.354757187523756082e-02 1.495736795592023452e-02 9.530500234251676125e-03 7.368560836507751649e-03 6.633199689696374010e-03 2.705340790893469294e-03 8.619063984368079828e-03 1.984322953872327822e-02 1.868064114091033678e-02 1.155809503913455237e-02 7.445027695713534420e-03 1.009125676740460845e-02 3.278508332827701453e-03 3.041131790318649802e-03 2.634723048341937063e-03 3.290487269179931309e-03 3.392097519810647471e-02 6.180626164021956435e-03 5.280686855658753634e-03 1.929767671434028369e-03 3.464134436595161289e-03 1.873731827451846632e-02 1.102658029926502706e-02 7.019716739242691864e-03 2.492583605737611757e-02 3.625763425297479775e-02 4.869458690965313558e-02 3.791606566572874176e-02 8.583319194848879063e-02 9.616588314233535592e-03 5.728763406246463116e-03 2.926349257981813827e-03 2.978263788986790055e-03 2.814243079122470854e-03 2.687507544845408377e-03 1.919286106837979301e-03 1.282171848835985794e-03
3.193956297117500707e-03 2.579903368830303682e-03 6.341485006633220886e-03 7.849031075014972769e-03 6.179957283436648963e-03 6.179488106766007835e-03 4.582877084314548356e-03 5.015311790836066499e-03 6.702730450120688611e-03 1.061752243971152143e-02 9.621833177288287992e-03 2.415550591719169485e-02 2.736162341927533478e-02 4.201698566323291278e-02 5.007028092163815641e-02 5.361253537601908675e-02 4.497601172016488236e-02 6.856522045131310805e-02 1.945390262620514885e-02 9.747964187337658862e-03 1.632520450571000106e-02 2.088418183304914869e-02 3.707211432351511984e-03 2.358305697024730245e-03 1.639750211907884617e-03 1.403378379847359560e-03 1.411530733548995234e-03 1.133553707840408674e-02 4.750936101900560260e-02 2.570299752444492672e-02 3.134815067058977726e-03 3.737044667371623372e-03 2.711188284420387208e-03 3.262634960758707334e-03 1.740008028814627686e-03 1.426629519428488074e-03 5.590737505741563132e-04
2.124120709332713835e-03 1.851899048007727214e-02 2.119097974541406942e-02 3.432668705760590078e-02 2.068788065883057567e-02 1.212937558869931452e-02 6.719978700970789809e-03 1.216362744134551199e-03 9.368646610164887588e-04 4.740643953673206491e-03 2.998733775346565378e-02 3.352410629628536226e-02 3.279730791430689185e-02 1.652060899894965476e-02 1.015864317966447099e-02 6.830672829835316220e-03 3.105501888794409259e-03 4.089030596762945925e-03 1.955033832220538781e-02 2.438354151750043650e-02 1.209616731208552030e-02 1.096949323120159463e-02 1.676304925589774952e-03 9.008011041062831750e-04 1.801827139119788538e-04 4.256538158704079749e-04 3.818897534403580657e-04 1.680024859670895682e-03 2.284218963800967173e-02 4.684772469881021834e-02 4.253633490794761322e-03 3.924282763804814826e-03 4.307581779879190303e-03 2.564968917689862404e-03 2.719025853907699238e-03 1.230973723665196784e-03 9.343973288940246504e-04
2.392962125641642096e-02 1.294499375308114444e-02 1.595290513520078793e-02 9.035430445015221398e-03 1.435680904441309982e-02 1.308188643730568389e-02 8.184029033197742081e-03 6.462133512281373685e-03 4.051063162783571925e-03 1.198162426603694916e-02 5.232141373896598280e-02 1.315186967452762652e-02 7.389801517868269630e-03 5.166450343539863606e-03 4.365441041966787970e-03 9.316929934961931063e-04 1.187390975664874603e-03 6.951167173383828845e-04 1.301895279112805530e-03 8.191394928697713412e-04 1.068976102654164160e-03 1.049041177497416220e-04 6.542834585938137179e-04 9.768240277736512690e-04 1.273408615426653394e-03 1.092746478658724327e-03 1.072448014495346698e-03 1.448500908852552813e-03 2.749968238238254675e-02 3.997873648124608548e-02 5.504779657453320527e-03 5.086959577522930792e-03 3.905264654191165519e-03 4.334391116944081961e-03 2.538124541397495521e-03 2.309697970047689623e-03 1.003574462483021847e-03
6.621755358404809305e-03 2.932716142398027540e-03 1.782566532735849110e-03 3.295855521268997897e-03 1.533039694839246833e-02 2.629074889957952813e-02 2.891983340784607184e-02 2.510658103489804907e-02 1.314431992138997626e-02 2.250495494298362931e-02 3.665885029345768154e-02 7.238181216569249728e-04 1.459376816915978949e-03 1.125522343709623591e-03 1.043203003804343918e-03 9.334139321785301507e-03 3.747652752755536477e-04 2.297392875568150198e-04 5.904017315101105700e-04 8.976074906410211112e-04 8.478190553370823371e-04 1.082147658260412858e-03 1.161231099746503573e-03 1.384456486936529347e-03 1.979077689284701024e-03 1.738820798982052907e-03 1.597064871565917130e-03 1.432767475814827798e-03 3.037971170020055400e-02 3.782851468098233361e-02 8.240314032137993974e-03 7.382927954252889446e-03 7.161965664980889969e-03 5.196825840056454489e-03 4.901453427927176393e-03 2.825656795657151884e-03 2.111547627362220410e-03
1.643264699041709076e-02 1.790737682538245251e-02 1.688017625934899735e-02 1.341378716555083166e-02 1.595602724100989023e-02 2.599027675542228341e-02 2.375128127038608067e-02 1.318588829774325344e-02 2.073316371348853451e-02 1.543569121954504325e-02 1.661431248401921620e-02 4.046840592524379721e-03 4.292285497276009283e-04 3.392593728547012820e-04 3.376141045137967837e-04 3.394354108942094096e-04 5.419528428352108620e-04 4.653134240182455589e-04 1.027801215272563509e-03 1.810754207502784409e-03 1.867051305910020186e-03 1.038363056300742326e-03 1.998683431723019977e-03 2.118013779836542317e-03 2.464664434444767578e-03 2.607099274026923423e-03 2.261525376025679251e-03 2.595520391380793258e-03 3.530416943564781973e-02 4.104805900746332642e-02 1.219168643198787969e-02 1.590399258515398997e-02 8.606993822537189684e-03 6.868650906181771564e-03 4.384889261089565220e-03 3.896942512525519015e-03 2.220473321641198202e-03
1.923539778471485343e-02 1.868863669124737684e-02 1.669219499003836427e-02 9.324279479382554039e-03 2.217436458242319844e-02 1.189199662097416461e-02 1.395037918420736177e-02 1.315813970037678880e-02 1.549090201850305930e-02 1.206932105551686805e-02 8.111471406387673819e-03 3.360799156072500661e-03 2.189197405318526937e-03 1.053200849028303838e-03 1.101375244830773851e-03 1.982222442983513650e-03 6.804697155443940881e-04 1.100604492228005136e-03 1.248696997416527937e-03 2.299138801356100884e-03 1.574480335259318201e-03 2.384795126587051489e-03 1.756477121237171989e-03 3.469008450378116299e-03 2.772648414258448678e-03 3.479859319662092013e-03 3.527399656669731251e-03 9.465646275602573184e-03 4.423071321610738682e-02 4.584682430290967781e-02 9.420924564286481048e-03 6.066345334535953523e-03 8.960898046731738398e-03 8.578253589454239852e-03 6.932369831466073801e-03 4.540142018640421287e-03 4.295495965556056853e-03
1.092505410507092246e-02 1.560713060863596312e-02 9.877431951218785047e-03 2.742831281194187815e-02 1.695188908029169814e-02 1.749494158139358602e-02 1.533107578454068198e-02 2.198200666488812557e-02 2.175820255309529605e-02 1.099347455817983703e-02 6.030708526285697389e-03 5.670627951602683070e-03 3.186988955540537294e-03 2.193858533266669023e-03 2.805221457565805661e-03 1.483591964826550284e-03 1.663540802095682435e-03 7.794085957303739827e-04 1.597008630601773295e-03 1.759354044108235159e-03 2.947588029674145637e-03 2.474964738377923544e-03 4.945850205357792302e-03 5.025038103879874221e-03 2.265018233006585446e-02 4.555276320495861217e-03 4.990429551586404375e-03 7.446153963202940644e-03 9.620394290980013863e-02 9.847206721455131762e-02 9.885438981129546221e-02 2.235064115287115072e-02 9.070534524204709043e-03 8.224318411205010573e-03 7.903862040151157786e-03 5.873481254526848223e-03 4.680393023622813481e-03
7.444347909067297597e-03 6.044615256806314639e-03 1.723949812674315657e-02 1.126414666912216832e-02 5.897526200068426393e-03 4.182614526107677685e-03 6.033171846056520349e-03 8.533946690933526258e-03 5.581833550661576687e-03 5.255786493196083937e-03 5.512874487981333366e-03 5.735399748170568433e-03 5.063487310213702144e-03 2.938923056288672044e-03 4.475913567275724425e-03 5.939551348451252606e-03 1.880116764195693523e-03 1.969594598083495348e-03 1.539927683152154600e-03 3.147766653529831139e-03 3.125118517085635240e-03 4.903874233717901709e-03 1.049028303867659273e-02 6.865994641503423562e-03 3.320242523665375978e-03 4.891322519698640056e-03 4.374333188184680726e-03 4.825840935454033323e-03 8.509703707798250971e-02 9.479715608312840047e-02 9.909085552855594059e-02 3.809614503510278666e-02 2.895706006420925224e-02 1.024409148156894649e-02 8.953324015848954445e-03 7.795117602684990300e-03 5.551219972681077641e-03
3.421455300110491041e-03 2.730268067707132106e-03 2.744776931426250351e-03 2.230559318265177247e-03 9.789331239845140351e-04 6.731854237091571425e-04 4.645545417413449781e-04 1.518145673766842490e-03 1.217877699639507375e-03 1.155883266062158327e-03 5.560881397924902388e-03 1.065757999422390148e-02 1.430351879828007343e-02 1.017229167997442223e-02 2.337538885163471455e-02 3.942929670004376164e-02 3.380025788726521985e-02 1.769175410516533181e-02 9.954245374962450432e-03 6.601442815702345847e-03 5.311290417136886426e-03 7.279453868986559759e-03 8.769924374814497270e-03 8.718315913058322444e-03 7.616362468432087175e-03 5.746149124971484425e-03 5.820963348701690965e-03 5.345772096057244994e-03 6.030900995782822321e-02 7.768818380384452486e-03 1.250244383531977192e-02 2.433594188510226214e-02 4.872970021093445125e-02 8.301744976549332855e-02 7.791014168478489765e-02 6.987228418102855998e-02 5.856468735282235188e-02
1.611693152923019063e-03 1.445569413843322739e-03 1.264435646729732653e-03 6.146420105632760447e-04 9.589489021554013217e-04 6.589818203843334898e-04 1.533460095899522209e-03 1.485348042948795178e-03 1.618700058790896457e-03 1.686132960281565762e-03 5.480570614479860370e-04 1.742926734328290560e-03 3.198293953589395871e-03 1.130326497649595911e-02 7.834457759529100604e-03 5.510603499359030891e-03 8.010653717356435929e-03 1.296571439946413509e-02 1.155498750524348167e-02 9.467085954869189010e-03 1.551521033429522668e-02 5.756448361513006977e-03 8.209785926327373140e-03 8.940515054552776800e-03 9.078745676136833198e-03 7.443442613806490644e-03 6.335811895652215808e-03 2.483776827591279573e-02 1.776976724424476906e-02 1.093136729825078431e-02 2.108593094973644846e-02 2.699858650358719428e-02 2.710716079953075577e-02 7.155190654821274969e-03 6.912089698046425083e-03 4.452225882400636693e-03 4.505747755372460812e-03
