output/water_depth_5880.asc
ncols 223
nrows 158
xllcorner 0.0
yllcorner 0.0
cellsize 30.0
[rows 119 to 135 of 158, columns 111 to 147 of 223]
3.084675117822752166e-02 3.647173897554403799e-02 4.386307636282494454e-02 4.650411396017714583e-02 4.763798987829352682e-02 4.876581351201055708e-02 3.923363720839607299e-02 4.552070559351684143e-02 3.824267360167175889e-02 4.258675245351968564e-02 6.056643841355754954e-02 8.855912199009900732e-02 2.230794653866894142e-02 1.198002627023303686e-02 1.019670037916598979e-02 3.027165005102706082e-03 6.943663031881395240e-05 3.137340635747563552e-05 1.303774574865385359e-05 1.000000000000000021e-08 1.000000000000000021e-08 1.000000000000000021e-08 1.000000000000000021e-08 1.119084784227447359e-05 2.309928655011951612e-05 3.737125578153586633e-03 3.267372856999360524e-03 3.826628245288948301e-05 1.659326502470758526e-05 2.071940531564832251e-05 1.000000000000000021e-08 1.000000000000000021e-08 1.796221733330021286e-05 2.561093261897713576e-05 4.271034699688902949e-05 4.225367989230096385e-05 1.000000000000000021e-08
1.017263451007843246e-02 6.680737643212207415e-03 4.689134304222668942e-03 2.660340459501509078e-03 1.795463876610476879e-03 1.220082997929530615e-03 3.165838550577515509e-02 8.274878519659257733e-03 6.438137730727482889e-03 4.777793367783969743e-03 5.645243443332142140e-03 1.522433945252926399e-03 1.000000000000000021e-08 1.000000000000000021e-08 1.000000000000000021e-08 1.043722859646928396e-05 1.000000000000000021e-08 1.000000000000000021e-08 1.000000000000000021e-08 1.000000000000000021e-08 1.000000000000000021e-08 1.102089963080022712e-05 1.439113797039077488e-05 1.638154558634205690e-03 2.734417021428049276e-03 2.943978341346703814e-03 3.435366667135028725e-05 1.719504756269029804e-05 1.865783379852477619e-05 1.000000000000000021e-08 1.148903604054678762e-05 1.000000000000000021e-08 1.625001054618150750e-05 1.991628279811614926e-05 2.765330181983518797e-05 2.996510638900392836e-05 1.000000000000000021e-08
9.149145651913223078e-04 5.003562969384561148e-04 2.724813783181346139e-04 1.763060783020645281e-04 1.334363222784850278e-04 1.166463736290509643e-04 1.661983617134377090e-04 7.812472898570094193e-03 3.836803968305090365e-03 2.317626037759187418e-03 1.958773072056683995e-03 2.288710281334248818e-05 1.421984010508593308e-05 1.000000000000000021e-08 1.000000000000000021e-08 1.000000000000000021e-08 1.000000000000000021e-08 1.000000000000000021e-08 1.000000000000000021e-08 1.000000000000000021e-08 3.256984751130072840e-05 2.270194114480979122e-04 1.505187826470929515e-03 1.593870788029958180e-03 1.634321529180135686e-03 2.960202492649603723e-04 1.000000000000000021e-08 1.000000000000000021e-08 1.434769879306697494e-05 1.000000000000000021e-08 1.502196551705768345e-05 1.448034972840448878e-05 1.474517949644397235e-05 1.386377933014707999e-05 1.283106353985607655e-05 1.029123948244223728e-05 1.000000000000000021e-08
1.000000000000000021e-08 3.818851549617357653e-04 3.782924620183150612e-04 2.921225449274821723e-04 3.171053757862712214e-04 3.800042800806031082e-04 3.259461689373282373e-02 2.665258145072770674e-02 2.098254044694259149e-02 3.899461415894174061e-05 1.642600048045144144e-05 1.868749395182506260e-05 1.327588538098501137e-05 1.000000000000000021e-08 1.000000000000000021e-08 1.000000000000000021e-08 1.000000000000000021e-08 3.095221390149709845e-05 1.800191019897218019e-03 1.000000000000000021e-08 1.000000000000000021e-08 1.252038612552715388e-03 1.412766565130434615e-03 1.518353729103134918e-03 3.026162449038634420e-05 1.442034780522997231e-05 1.037795212696869713e-05 1.000000000000000021e-08 1.000000000000000021e-08 1.000000000000000021e-08 1.000000000000000021e-08 1.123334251493057447e-05 1.000000000000000021e-08 1.000000000000000021e-08 1.000000000000000021e-08 1.000000000000000021e-08 1.000000000000000021e-08
4.770107277099529404e-05 6.111870614191305387e-04 9.615179682056733531e-04 8.675468237825633951e-04 7.208426491914803795e-04 7.189873367285927637e-03 3.639114433958200862e-02 3.301481463509196163e-02 8.576784522307023860e-05 2.566002012169705518e-05 1.000000000000000021e-08 1.168308652342048105e-05 1.000000000000000021e-08 1.000000000000000021e-08 1.000000000000000021e-08 3.306914778418807647e-05 1.000000000000000021e-08 1.000000000000000021e-08 2.192204959356630655e-04 1.665490772190403735e-04 1.523762248266499709e-03 1.274502605704945675e-03 1.337839947312761393e-03 2.564413592317167949e-04 1.000000000000000021e-08 1.078935139858467177e-05 1.093029577730229041e-05 1.000000000000000021e-08 1.000000000000000021e-08 1.000000000000000021e-08 1.000000000000000021e-08 1.000000000000000021e-08 1.000000000000000021e-08 1.000000000000000021e-08 4.569457473065151147e-05 1.000000000000000021e-08 1.616340969413146536e-05
1.000000000000000021e-08 4.337460475082395746e-05 3.296730420238365043e-04 1.064573846798664474e-03 2.384616798919341699e-03 5.931010417168820770e-03 1.700646382878612164e-03 1.000000000000000021e-08 4.042657848091498705e-05 2.702710448361494362e-05 2.061378048327081711e-05 1.000000000000000021e-08 1.253864707601408424e-05 1.550714009967933400e-04 3.141788334815898706e-04 4.055967789922699791e-04 6.735052348482894124e-05 9.282701361926304980e-05 1.484772052914659776e-04 1.414791359823057296e-03 7.007061490579273577e-03 1.615334268220482887e-03 9.245499603774736330e-05 6.497104011931525774e-05 1.000000000000000021e-08 1.000000000000000021e-08 1.000000000000000021e-08 1.000000000000000021e-08 1.000000000000000021e-08 1.000000000000000021e-08 1.000000000000000021e-08 1.000000000000000021e-08 1.000000000000000021e-08 1.000000000000000021e-08 4.718794307075985874e-05 3.727616410983806451e-05 1.000000000000000021e-08
3.619547047347790623e-05 2.800454038074571644e-05 2.084205875374434884e-04 2.283777098380594380e-05 1.059533178074253783e-03 5.944583161144964371e-03 1.162446153121821785e-03 1.705835341145578557e-05 1.933066846689662928e-05 2.083716454970535419e-05 1.843631536572951023e-05 1.000000000000000021e-08 6.688365028918510642e-05 1.276205879805856623e-04 1.089565588820114487e-04 1.054657130186814314e-04 1.106374202445984702e-04 4.268346488777576366e-04 4.860938142979465864e-05 8.013923556888049617e-05 3.246162983695841499e-04 1.886765872895527173e-04 6.801242374415860281e-05 5.476411803650888416e-05 6.061460680309580033e-05 1.000000000000000021e-08 1.000000000000000021e-08 1.000000000000000021e-08 1.000000000000000021e-08 1.000000000000000021e-08 1.000000000000000021e-08 2.493759107372504498e-05 1.000000000000000021e-08 2.535763251598689461e-05 3.496773988324109920e-05 1.000000000000000021e-08 1.000000000000000021e-08
1.213803064227022958e-04 3.702274108905237991e-04 2.950698318965351281e-04 1.000000000000000021e-08 1.262295662602477960e-03 4.587299776667393136e-03 1.484165988077793593e-03 1.000000000000000021e-08 1.000000000000000021e-08 1.000000000000000021e-08 2.121947485279366703e-05 4.405545575298728790e-05 4.047393621155404497e-05 1.363608050703635937e-04 4.550589419510191435e-05 1.126948413764295082e-04 5.837201914289222218e-04 5.629257269287630963e-04 3.076147635300476312e-05 5.041130959934770050e-05 2.208219486640140763e-04 9.453539703534039789e-05 4.378501161911592913e-05 1.000000000000000021e-08 6.298956701195173029e-05 4.297135598252453079e-05 1.000000000000000021e-08 6.494993362714052761e-05 1.000000000000000021e-08 2.197056352829467431e-05 2.736555524581267936e-05 2.236238338480744882e-05 2.879169218526420726e-05 2.472725816349764493e-05 1.227186004042936108e-05 1.000000000000000021e-08 1.000000000000000021e-08
1.000000000000000021e-08 1.000000000000000021e-08 8.028493870135065119e-05 1.000000000000000021e-08 6.899913663728799926e-04 4.049462419282074538e-03 2.238392984631516584e-03 1.000000000000000021e-08 1.000000000000000021e-08 8.963491763880660520e-05 2.557002866157967512e-05 6.439267782230252072e-05 1.000000000000000021e-08 3.667243673708789781e-05 5.084543197945285125e-05 1.569433191473874369e-04 5.023973836447249508e-04 3.049571121361735709e-04 1.625242101673278136e-04 1.246981303039351675e-04 1.553552398051613842e-04 3.812222719462757096e-05 1.273135203807607083e-05 1.000000000000000021e-08 1.000000000000000021e-08 8.059865705114179651e-05 1.000000000000000021e-08 1.015460608729114273e-04 9.588218449772727765e-05 3.600467764477308189e-05 2.119784060686110710e-05 1.000000000000000021e-08 2.172257493464699606e-05 1.000000000000000021e-08 1.000000000000000021e-08 1.000000000000000021e-08 1.000000000000000021e-08
1.700346735925523198e-04 1.459032193033260843e-04 1.000000000000000021e-08 1.423115241191804868e-05 1.010543169240230477e-04 3.866812660597289831e-03 1.437399028878906353e-02 2.005237055035697519e-02 7.834246365695781496e-05 1.889761249451705848e-05 1.766514681482756925e-05 1.337477042128022772e-05 4.710168969133994311e-05 4.201844205861009814e-05 4.358785877152513197e-05 1.150166577389521820e-04 5.727257992599017007e-04 5.779770308921945634e-05 4.247855116387660556e-05 1.000000000000000021e-08 2.546407294020284020e-05 3.828215879600262330e-05 1.000000000000000021e-08 1.000000000000000021e-08 1.734334766838184261e-05 1.096281920205209994e-04 1.408476164256976379e-04 9.708487387415838687e-05 4.642460581983077860e-05 2.785587246687694956e-05 1.807181636620219502e-05 1.000000000000000021e-08 1.327470393659481282e-05 4.618601467710059386e-05 1.970031836817272760e-05 1.000000000000000021e-08 1.000000000000000021e-08
6.613275291783523885e-05 1.595065212699220707e-04 1.000000000000000021e-08 1.000000000000000021e-08 1.348153325590527405e-04 6.536880443367087089e-04 2.610610026605425515e-03 3.176471165314029114e-03 2.679840575575675592e-05 1.000000000000000021e-08 1.000000000000000021e-08 1.296778795234752585e-05 4.234988521829118323e-05 1.989516378822926137e-05 2.610644957490146337e-05 3.875016148114495692e-05 7.117982701604680298e-04 2.734249813931075233e-05 1.000000000000000021e-08 1.000000000000000021e-08 1.000000000000000021e-08 2.391328502223722630e-05 4.327617915642827611e-05 3.329867568249569117e-05 1.275485719247674761e-05 1.000000000000000021e-08 1.694109806264550307e-04 6.953518303193425827e-05 4.416644134858410713e-05 1.395370675113929324e-05 1.000000000000000021e-08 1.000000000000000021e-08 1.000000000000000021e-08 1.000000000000000021e-08 1.266421854426788873e-05 1.000000000000000021e-08 1.000000000000000021e-08
3.208131160150962992e-05 3.966047555907568998e-05 6.158140150887180995e-05 7.448000873498005674e-05 1.586167456662067191e-04 1.149931736408147412e-04 4.699304352938425515e-04 2.351966496252696527e-03 3.261815578764183871e-05 1.000000000000000021e-08 1.000000000000000021e-08 1.009286207588909251e-05 1.673633672641814182e-05 1.801280061703388783e-05 1.850242927430292288e-05 1.894478930953509733e-05 4.611617668849971540e-04 1.000000000000000021e-08 1.000000000000000021e-08 1.000000000000000021e-08 1.000000000000000021e-08 2.347884637452816599e-05 1.000000000000000021e-08 3.584818966853007437e-05 1.000000000000000021e-08 2.702794629792229240e-05 1.191215594245882236e-04 4.602686158779122728e-05 4.029263473030421171e-05 1.000000000000000021e-08 1.000000000000000021e-08 1.000000000000000021e-08 1.000000000000000021e-08 1.000000000000000021e-08 1.000000000000000021e-08 5.454298055238824855e-05 1.000000000000000021e-08
1.736438568790073695e-05 3.207814640182660214e-05 4.670989501215624192e-05 6.853295855908590718e-05 2.003697064313861721e-04 1.912710710697415552e-04 5.910352619123119969e-04 2.171111816262779898e-03 3.809664705062546040e-03 1.000000000000000021e-08 1.000000000000000021e-08 5.066241069974506333e-05 1.321202168184112158e-05 1.000000000000000021e-08 1.000000000000000021e-08 1.000000000000000021e-08 2.782032662906105264e-05 1.000000000000000021e-08 1.000000000000000021e-08 1.000000000000000021e-08 1.000000000000000021e-08 2.498301268629935583e-05 1.756959810298508109e-05 2.013712604540428481e-05 1.000000000000000021e-08 2.346147634179033702e-05 7.440865261000116496e-05 4.200364160268984522e-05 3.334765050351560058e-05 1.000000000000000021e-08 1.000000000000000021e-08 1.000000000000000021e-08 1.000000000000000021e-08 1.000000000000000021e-08 1.000000000000000021e-08 5.986002053584942153e-05 1.000000000000000021e-08
1.660914948264853550e-05 1.000000000000000021e-08 1.875448556123519839e-05 3.204241272907297353e-05 2.556407002291754909e-04 1.232639078264729116e-03 1.587143483477964105e-03 1.882922594454635671e-03 2.626498172933705664e-04 2.463624351490441549e-04 1.987402154377292319e-05 1.000000000000000021e-08 1.000000000000000021e-08 1.000000000000000021e-08 1.000000000000000021e-08 4.149593438081317537e-05 3.294039987896835045e-05 9.779633661251398234e-05 1.000000000000000021e-08 1.000000000000000021e-08 2.324069430031124159e-05 1.688425109320839277e-05 1.519744999562093757e-05 1.000000000000000021e-08 1.000000000000000021e-08 2.022186006632442894e-05 3.887247928146456941e-05 3.887269096950150815e-05 1.686738921287201439e-05 1.000000000000000021e-08 1.000000000000000021e-08 1.000000000000000021e-08 1.000000000000000021e-08 2.222789585559326964e-05 4.035976585975451170e-05 4.168806058121135751e-05 3.787537415716914072e-05
1.204155069748082357e-05 1.000000000000000021e-08 1.000000000000000021e-08 1.000000000000000021e-08 2.620703511319215102e-03 1.967969560290838867e-03 2.024632172722830564e-03 4.156639452848514605e-04 1.151720583344631292e-04 4.017703337754098417e-05 3.049740781397345418e-05 5.116206092132094177e-05 4.854702700148045273e-05 3.645848322286447538e-05 6.594822629984991170e-05 6.949222703834720665e-05 3.966906075340278582e-04 1.176828360698697380e-04 3.834706119707626660e-05 3.535669673635952296e-05 1.350464257125751305e-05 1.000000000000000021e-08 1.000000000000000021e-08 1.000000000000000021e-08 1.000000000000000021e-08 1.333368304269128818e-05 1.987963336026891866e-05 1.978465297467827387e-05 1.000000000000000021e-08 1.000000000000000021e-08 1.000000000000000021e-08 1.000000000000000021e-08 1.000000000000000021e-08 2.256195049027294103e-05 4.264362602120705945e-05 2.136639619478892613e-05 1.000000000000000021e-08
1.000000000000000021e-08 1.000000000000000021e-08 1.000000000000000021e-08 1.000000000000000021e-08 1.605533780979235747e-05 8.470437705086536831e-03 1.011496363465775455e-02 3.718063797965061182e-04 1.000000000000000021e-08 1.787387348431644223e-05 1.000000000000000021e-08 1.000000000000000021e-08 1.000000000000000021e-08 3.207365099917347561e-05 3.917598414039161328e-05 3.361450903017376598e-05 1.620985629528423340e-04 1.074571372235980966e-04 1.491531221167516201e-04 1.099821154932237171e-05 1.000000000000000021e-08 1.000000000000000021e-08 1.000000000000000021e-08 1.000000000000000021e-08 1.000000000000000021e-08 1.000000000000000021e-08 1.000000000000000021e-08 1.000000000000000021e-08 1.000000000000000021e-08 1.000000000000000021e-08 1.000000000000000021e-08 1.000000000000000021e-08 1.000000000000000021e-08 3.109104735845180672e-05 1.841842798486703774e-05 1.000000000000000021e-08 1.000000000000000021e-08
1.000000000000000021e-08 1.000000000000000021e-08 1.000000000000000021e-08 1.000000000000000021e-08 1.000000000000000021e-08 7.950267044342828519e-05 1.897174478743001141e-03 3.711380261040033140e-04 1.026438746200141893e-04 1.000000000000000021e-08 1.000000000000000021e-08 1.000000000000000021e-08 4.668889022634959785e-05 5.271870071158544070e-05 1.000000000000000021e-08 1.000000000000000021e-08 1.000000000000000021e-08 1.042246404099867022e-05 1.000000000000000021e-08 1.000000000000000021e-08 7.031723211763924841e-05 8.108900183361409384e-05 1.784416823981055194e-05 2.133461936841805375e-05 2.094463611638096610e-05 1.000000000000000021e-08 1.000000000000000021e-08 1.000000000000000021e-08 1.000000000000000021e-08 1.000000000000000021e-08 1.000000000000000021e-08 1.000000000000000021e-08 1.000000000000000021e-08 1.848198506173082527e-05 1.369067436818771038e-05 1.053877086208178799e-05 1.000000000000000021e-08
