output/water_depth_6360.asc
ncols 223
nrows 158
xllcorner 0.0
yllcorner 0.0
cellsize 30.0
[rows 102 to 118 of 158, columns 111 to 147 of 223]
1.206465125256747021e-04 3.475240935969215426e-04 2.664744504594840011e-04 4.698918325554560585e-04 2.642323107498870181e-04 3.780227117798279422e-04 1.888268571605671725e-04 2.613878982718596420e-04 1.235359436559380335e-04 1.972137979523231515e-04 1.960763335924839564e-04 5.268524227716418762e-03 2.435316361119068979e-03 3.828201654012851948e-04 8.773897446277785029e-04 6.949977248278558714e-04 1.470488061860028648e-03 4.626837333159662148e-03 6.018538117002762006e-03 2.798057575175508585e-02 1.549560816024521566e-03 1.000000000000000021e-08 1.000000000000000021e-08 1.000000000000000021e-08 1.000000000000000021e-08 1.000000000000000021e-08 2.350439918006234056e-05 2.219717149347612197e-05 1.647752202371253105e-05 1.000000000000000021e-08 1.000000000000000021e-08 1.477310166713177066e-05 1.000000000000000021e-08 1.000000000000000021e-08 1.151310959610131490e-05 1.000000000000000021e-08 1.000000000000000021e-08
4.345841709860070491e-04 5.886035887829189472e-04 1.092007102318691587e-03 4.772331304026520313e-04 6.185660506332249075e-04 3.005047042655167758e-04 4.087506844782526024e-04 2.030698783125884613e-04 2.753610432242577862e-04 1.450857300772338951e-04 2.959573049485225552e-04 3.759004685675412100e-03 2.645984712254233553e-03 6.363564609197716734e-04 4.731605333610992403e-04 9.913843981703737273e-04 3.307860638765600884e-03 3.605209570678428403e-03 1.214500088410263787e-02 3.413093407095502130e-02 1.001104214422520160e-03 1.000000000000000021e-08 1.000000000000000021e-08 1.000000000000000021e-08 1.000000000000000021e-08 1.000000000000000021e-08 2.799935508453864019e-05 2.244740480973151246e-05 1.000000000000000021e-08 1.000000000000000021e-08 1.000000000000000021e-08 2.634995638917614496e-05 1.000000000000000021e-08 1.000000000000000021e-08 1.608766867777288191e-05 1.000000000000000021e-08 1.000000000000000021e-08
1.146605942132654420e-03 1.708646007402291533e-03 2.218704825263121891e-03 4.156367102257158691e-03 5.120605249656327157e-03 5.994075365001284156e-03 4.204639028881003091e-03 3.294809596003368292e-03 2.681621594515917317e-03 5.418584012402442515e-04 2.690823751398207066e-04 3.359100573441098272e-03 6.000883792191752560e-03 1.266599112241400399e-02 1.338722526867632164e-02 1.743460301284004144e-02 1.603379752376488804e-02 1.884708789308045529e-02 1.823230761819903678e-02 4.313221925173327254e-02 7.955849339219415225e-04 1.000000000000000021e-08 1.000000000000000021e-08 1.000000000000000021e-08 1.000000000000000021e-08 1.000000000000000021e-08 3.619037155138169994e-05 2.156402392604507009e-05 1.000000000000000021e-08 1.000000000000000021e-08 1.000000000000000021e-08 1.000000000000000021e-08 1.000000000000000021e-08 1.000000000000000021e-08 1.681668759419037231e-05 1.000000000000000021e-08 1.244247739236968841e-05
6.214322701962698677e-04 5.517204550655022176e-05 5.193380107259599901e-05 4.146068384742290476e-04 1.177501131577926357e-03 1.877663300438160579e-03 4.958184360438907048e-03 5.926200183583895872e-03 6.854933712639533876e-03 8.063845831735734146e-03 8.961470615772286485e-03 1.087158250074382257e-02 4.238999431761599629e-02 9.595081055852744401e-03 1.035335099076826332e-02 7.144772576941646990e-03 7.852310260619787402e-03 5.101876998544598550e-03 6.840187940053514375e-03 2.858685984940097929e-02 2.920316324052014620e-02 1.000000000000000021e-08 1.914357755048350511e-05 1.000000000000000021e-08 1.000000000000000021e-08 1.000000000000000021e-08 3.575343597134123051e-05 2.444044989103539883e-05 1.000000000000000021e-08 1.000000000000000021e-08 1.000000000000000021e-08 1.000000000000000021e-08 1.107890520977711681e-05 1.000000000000000021e-08 2.256765069444091455e-05 1.000000000000000021e-08 1.991631130186265522e-05
4.289034901789592815e-04 2.391377299891420756e-04 1.472801556830686089e-04 1.002120462887387471e-04 7.628224116993464847e-05 5.688526578273340897e-05 5.988355046933604357e-05 5.311366918341159610e-05 3.817899838434455685e-05 4.314111908507741019e-05 1.773085596439462472e-03 1.414301945712322225e-03 7.692804068956004453e-04 1.000000000000000021e-08 2.840878374732310350e-05 1.000000000000000021e-08 1.103494375143147452e-03 3.491862412203904239e-04 1.012679555395194081e-03 1.830093521740154550e-02 2.762937166321196084e-02 8.625664983963240648e-03 1.000000000000000021e-08 1.000000000000000021e-08 1.000000000000000021e-08 1.000000000000000021e-08 1.000000000000000021e-08 3.988038063837210376e-05 2.160788135444130772e-05 1.000000000000000021e-08 1.000000000000000021e-08 1.012871649654089049e-05 1.897910073662956087e-05 1.244390042764225209e-05 1.000000000000000021e-08 1.000000000000000021e-08 4.429273714319281524e-05
2.067016579124666107e-04 2.480942512646837827e-04 2.217080424907845850e-04 1.919040117267063414e-04 1.727427040467327589e-04 1.683964819571905655e-04 1.542890337516815706e-04 1.427572829943538643e-04 3.639340659185104528e-04 2.102485493291883490e-04 5.219317117556231903e-04 3.573198243490702188e-04 4.874572928486168894e-04 3.143740420403310374e-04 1.877952437157036109e-04 1.000000000000000021e-08 5.206910330067413212e-05 4.887005676115513414e-05 7.508033755580615113e-04 1.203301865278578325e-02 7.082004836559975536e-02 2.884675721993860270e-02 1.961690588017696042e-04 1.000000000000000021e-08 1.000000000000000021e-08 1.000000000000000021e-08 1.000000000000000021e-08 5.618054967094600132e-05 2.529547541270704260e-05 2.634779073662635781e-05 1.000000000000000021e-08 1.776092517861456574e-05 1.000000000000000021e-08 1.016114661055918436e-05 1.222195751031867017e-05 1.000000000000000021e-08 7.324264895888985536e-05
1.000000000000000021e-08 1.000000000000000021e-08 9.280189221290454488e-05 9.114208387813722649e-05 2.230700352209140662e-04 3.776008940536980081e-04 5.026747914121939631e-04 6.282046801734182846e-04 8.416373310456871796e-04 9.440803515993791964e-04 4.729041394260401687e-04 3.682619633200042136e-04 4.771156135150705219e-04 3.395044007528279977e-05 2.839415743197044420e-05 2.245882652268113507e-05 6.804419304255450397e-05 1.553778297726622764e-05 5.969493120121491291e-04 1.085291499271284418e-02 3.217865405739303575e-02 7.630455880063634344e-02 3.011033824543705648e-02 1.802060392240627479e-04 1.701662240345885459e-05 2.131968014211604897e-05 3.987585161003031795e-05 5.261150036156489994e-05 3.211595610717633424e-05 1.000000000000000021e-08 1.254087796693824270e-05 1.000000000000000021e-08 1.000000000000000021e-08 2.605821660601724147e-05 1.000000000000000021e-08 1.383311602892384599e-05 1.010467742312991973e-04
1.000000000000000021e-08 1.000000000000000021e-08 1.000000000000000021e-08 3.855227067762299485e-05 3.050170363049698428e-03 1.831287459113117267e-05 1.600382752977277717e-05 2.014609983808877811e-05 2.086873757771830684e-04 1.713332001261604022e-04 2.794374905171813990e-04 2.834226387292984812e-04 3.380944218043411761e-04 4.399251959059609688e-04 4.647858619434973196e-04 5.008330451625963263e-03 6.551814598007270752e-05 9.191410144657329202e-04 6.925446449108638765e-04 2.238975260184567721e-03 1.793112608609043885e-04 2.068537540284626219e-02 2.204220180085729452e-02 2.133790835498037761e-02 8.829814704173931307e-05 1.000000000000000021e-08 1.000000000000000021e-08 4.603622721693798422e-05 4.897270842115791523e-05 1.000000000000000021e-08 1.000000000000000021e-08 1.000000000000000021e-08 1.000000000000000021e-08 5.056394223704206226e-05 1.095731889245775230e-05 8.314798723119963032e-05 9.801535315742781042e-05
1.000000000000000021e-08 1.000000000000000021e-08 1.000000000000000021e-08 1.942388974909271839e-05 2.353519528874305992e-04 1.243768605108144291e-05 1.000000000000000021e-08 1.000000000000000021e-08 1.000000000000000021e-08 1.000000000000000021e-08 2.748909382289171574e-04 5.900632264978407111e-04 7.119838236036499235e-04 7.092250250489593941e-04 7.486136681795222065e-04 1.250656135535230988e-03 3.276798146986499832e-03 1.930325227459365328e-02 5.111108419233551144e-03 1.999958497349691843e-03 3.032682240707817913e-03 2.020238646795124646e-02 2.494188565226194282e-02 2.390692906426533301e-02 2.136522522834805385e-02 4.722848562731560111e-03 4.837102485369951937e-03 6.841833478681031571e-05 4.984015706688032561e-05 1.000000000000000021e-08 1.000000000000000021e-08 1.000000000000000021e-08 4.093557152561473058e-05 4.644294347074931414e-05 5.501859911501707855e-05 7.264224119406443615e-05 1.279963183372145386e-04
2.087969486726640910e-05 1.772221169814984203e-05 1.478374031039617882e-05 1.000000000000000021e-08 2.225957709213226754e-04 3.258333328758353578e-05 2.625904361593332104e-05 1.663277175945445855e-05 1.868386472787749201e-04 1.512844217655707211e-04 1.921887898749450295e-04 5.335241008672006154e-04 7.127475053898884791e-04 1.166058663199754644e-03 1.766747166984934930e-03 2.077723683646919093e-03 1.939851207149494421e-03 1.477944521197579585e-03 2.398580441072518943e-02 7.716939461176334884e-03 7.170034690603202705e-03 1.621065336771917650e-02 4.131816761918087610e-02 8.475460086222323663e-02 3.041066148191084312e-02 2.022065040142451142e-02 2.229934337446232151e-02 3.903776284280802643e-04 3.713994515422585122e-05 2.711064385026375307e-05 2.239157285561166065e-05 2.091916117734215097e-05 3.276421814032734838e-04 8.858270359127329665e-05 1.000000000000000021e-08 5.989862870090303259e-05 1.547276498224281374e-04
1.715647711434510690e-04 5.836222200741778113e-05 9.384912233845513728e-04 1.000000000000000021e-08 1.714331453974914880e-04 2.058664606458276319e-04 2.558268158454229165e-04 4.850336061268968862e-04 7.870863002556444500e-04 6.778869878731895492e-04 1.097862319907010184e-03 9.786563788606234861e-04 8.387035467435951640e-04 7.788996942307939431e-04 6.076035113042352418e-04 4.224719197440171678e-04 2.445021644087258755e-05 9.600403270317842521e-04 5.168746644846818625e-04 5.773052020500844166e-04 1.244100304165619115e-04 1.117308298772813450e-02 1.670159944566152604e-02 3.853669549976209557e-02 4.439131973097813072e-02 4.903038853593250090e-02 2.731278830815268566e-01 2.678833607518811832e-01 8.366671581795537965e-04 1.482761231500501632e-04 1.937049970297707294e-04 1.000000000000000021e-08 2.923333768184325360e-02 3.099934742616930125e-02 6.770663996685011331e-04 1.000000000000000021e-08 1.356892729428747985e-04
7.908291346278035073e-05 2.245472910057717700e-04 1.004052315202825932e-03 1.000000000000000021e-08 1.000000000000000021e-08 1.000000000000000021e-08 1.000000000000000021e-08 2.682846055744682242e-05 3.875007573931275038e-05 9.885106354480023300e-04 6.898482103765558697e-04 5.808860501956822136e-05 5.007858617512187340e-05 5.676945932167482960e-05 1.338071290234293931e-04 1.447508807375492382e-04 1.869849693762062426e-04 2.244828824316077889e-04 2.076975307080523338e-04 4.575351191920133177e-04 1.259310847856905634e-02 1.671438323197809231e-02 1.948522613857613800e-02 2.172525521794919229e-02 3.245775136772072883e-02 3.559087941141333977e-02 2.601105318922221077e-01 2.481432570310367069e-01 2.017500305376073166e-01 1.186190863509775095e-01 1.243744200131684935e-01 1.022306730368818112e-01 8.075290442158059023e-02 8.668794557542602863e-02 1.146568123002774803e-01 1.210098868583733556e-01 4.090593116747878732e-03
3.898919297554010442e-04 4.674417052939894811e-03 5.235027811551034443e-03 5.503863587202157889e-03 5.303102691983250724e-05 1.170017664133490548e-05 1.945180466739026274e-05 1.521087782048109770e-05 1.000000000000000021e-08 6.154191235998393182e-04 5.020086906089741641e-04 3.457164892461393507e-04 2.682958067277044873e-04 2.074482672120545902e-04 1.865271074260482526e-04 1.565425858876306130e-04 1.586657653094529627e-04 1.000000000000000021e-08 7.650661686672667410e-05 4.151001176150511144e-04 3.181946094058259178e-02 4.867719413556669678e-02 3.115659167676940525e-02 1.611271361843675046e-02 9.684798838235354063e-03 5.812840270569974085e-03 3.507389036117755567e-03 2.462124762718010708e-03 1.369993026388259972e-03 1.155979037494587851e-03 9.616413937452002398e-04 3.269846071265938153e-02 3.966497671915772405e-02 6.343109353968123809e-02 3.803454016459632825e-02 1.677578357717067481e-01 9.377170872663656565e-02
1.762774541269857692e-02 2.667227623886342640e-03 3.056030056892359258e-03 7.421867226973510694e-03 3.327338098044903270e-02 2.143627602197423557e-02 4.349630807868384332e-03 2.995184220925594786e-03 2.104444782384982775e-03 1.024616789786919136e-03 4.684530831408347342e-04 2.420794888157996026e-04 1.516177016744304411e-04 9.534638314959644639e-05 2.099917378571105643e-04 2.900312602217698069e-04 1.018731421313578273e-02 6.712291348190679852e-03 4.359555205055004427e-03 4.733770029626382242e-02 8.798801301058765956e-02 3.796161400473002656e-02 2.973979481417390837e-04 3.511335332211269078e-05 1.627178856362651037e-05 1.992482198079051882e-05 1.000000000000000021e-08 1.000000000000000021e-08 1.286505004101695867e-05 1.094674809186481027e-05 2.132224879400422112e-04 1.505726064115329478e-02 2.427777075819565616e-02 1.663494398516544154e-02 1.139359110214451659e-02 1.034026593246720194e-02 8.233245288510894488e-02
4.328751549628567335e-05 3.024879483683914059e-05 2.468569028460838538e-05 6.148888641784173417e-05 1.000000000000000021e-08 5.753412037061118346e-03 8.005928037512252682e-03 8.747800526914480818e-03 5.504272238547811870e-03 3.737069782242274409e-03 5.619745750194304239e-04 3.704171758658874464e-04 2.934949591096887972e-04 1.159266496803794009e-03 2.935309191526003919e-02 4.109623345148500501e-02 3.443831765947610868e-02 3.841028622507694501e-02 4.606878774501780432e-02 4.408221137597959083e-02 1.971707119611137635e-02 1.148070753441802360e-04 1.000000000000000021e-08 1.000000000000000021e-08 1.847161610000725045e-05 1.710357077038477454e-05 1.000000000000000021e-08 1.000000000000000021e-08 1.000000000000000021e-08 1.583844990266613552e-03 2.267643723145908348e-03 1.909187027471070464e-03 1.854684874271848817e-03 1.879978819611560943e-03 1.019597369049082868e-03 2.548006855215965549e-03 4.202034742461169953e-02
4.235534035138927386e-05 5.747421822457783174e-05 5.745571097900909673e-05 1.055838363888702397e-04 1.031646038074425661e-05 1.000000000000000021e-08 1.934787102954184159e-05 1.250342742193515403e-03 3.828918343155969517e-03 3.899755505028852914e-03 3.365175423632815223e-03 2.970310378419212943e-03 1.053832534818292983e-02 1.156311271743915847e-01 7.684700471859491622e-02 2.191802313547687800e-02 1.440014571365428112e-02 1.355330034915099534e-02 3.977251848789449540e-03 9.835924456316875140e-04 1.693941564991203964e-05 1.000000000000000021e-08 1.000000000000000021e-08 1.000000000000000021e-08 1.000000000000000021e-08 1.380431347686161238e-05 1.599087825554531989e-05 3.639424789998967871e-04 2.095388783031519944e-03 1.884227459754495146e-03 1.789559920180372032e-03 8.370729842438879437e-03 1.141543965263866305e-03 9.738860806784507699e-04 1.207669292406938886e-04 9.187028662180494380e-05 3.948615736159609229e-04
1.982720926382876270e-04 1.900650106326240440e-04 2.710507219515476997e-04 4.900674392107067130e-04 7.500628306803966362e-05 1.000000000000000021e-08 1.608406944615858172e-05 6.516156389654017764e-04 2.910866843781497165e-03 3.863776153946493330e-03 3.710669128420317122e-03 1.724543794885360221e-02 2.965704499524219467e-02 3.456523333736025161e-02 1.748721239231358984e-02 1.270104789292664628e-03 1.000000000000000021e-08 5.244027873612239199e-05 1.718116296474474000e-05 1.000000000000000021e-08 1.000000000000000021e-08 1.000000000000000021e-08 1.000000000000000021e-08 1.000000000000000021e-08 1.000000000000000021e-08 2.833673402583374826e-05 2.835036865302668040e-03 2.902005427033348389e-03 1.918036123607213574e-03 2.388510855222072569e-04 1.859109446288602005e-04 2.301652677170076095e-04 6.571426066177713052e-05 2.198968364842335607e-05 3.929381882164866647e-05 1.000000000000000021e-08 1.000000000000000021e-08
