output/water_depth_840.asc
ncols 223
nrows 158
xllcorner 0.0
yllcorner 0.0
cellsize 30.0
[rows 102 to 118 of 158, columns 148 to 184 of 223]
9.912604770882840408e-03 9.905046581692233260e-03 9.871287032122862820e-03 9.751488199784519653e-03 9.411756732318764945e-03 8.635034933816792754e-03 7.184124243925481441e-03 4.956813398151582034e-03 2.557541327857032303e-03 1.627151634629585503e-03 7.300187013170697688e-04 5.104819500519037047e-04 1.124251768771757348e-03 1.646826956391354022e-03 1.962597144424848335e-03 2.172564930127934835e-03 2.948561255994510896e-03 3.075678609687971209e-03 4.458683753384897613e-03 5.280684729819287368e-03 6.280402609612367563e-03 6.874332295532015885e-03 7.276036664628491614e-03 7.598907026188984372e-03 8.051471184975098755e-03 8.390121009536895963e-03 8.523440546726792494e-03 8.542966549278871446e-03 8.851398028406924287e-03 8.864850525017575061e-03 8.852582878520054779e-03 8.845560612129278397e-03 8.498050516057925607e-03 8.311896901924719847e-03 7.575249765642699459e-03 5.646231553206836062e-03 4.968900934049286754e-03
9.913933998753720125e-03 9.912252792295050616e-03 9.902151922081915691e-03 9.856037617904376755e-03 9.693145570539428435e-03 9.240461768270988654e-03 8.240252516301126845e-03 6.466705862506869421e-03 3.877779067547568702e-03 2.007139260138005553e-03 1.379532686895042952e-03 8.966846603707587498e-04 1.175632256858218528e-03 2.126171494425346201e-03 2.826500752495634400e-03 3.796301623049369231e-03 4.228691922769820324e-03 5.683633998554372437e-03 6.777856539459689231e-03 7.577573006877657072e-03 8.170304944072571615e-03 8.581277078322756269e-03 8.833207199844338164e-03 9.007747531207799946e-03 9.203563922195399580e-03 9.360008879351457492e-03 9.408959758805878967e-03 9.414592251854200095e-03 9.519723873761425093e-03 9.704813465768366218e-03 9.747825168079260472e-03 9.525851224619630297e-03 9.399720114227905210e-03 8.545236434679760393e-03 7.998574234748038331e-03 7.232601269813650549e-03 6.663415079482860187e-03
9.914127287750972364e-03 9.913750804647432704e-03 9.910767660115681749e-03 9.893511544381479797e-03 9.818441629825910844e-03 9.567530904936151492e-03 8.912377938789663168e-03 7.562696186445043260e-03 5.355040684374702889e-03 2.955737429156912212e-03 1.393922297056122885e-03 1.419557552052862302e-03 8.372431756251143796e-04 2.486510772629070467e-03 3.686925896620957353e-03 4.563511488828356395e-03 6.242104686847169473e-03 7.499974283503916921e-03 8.319234775930030301e-03 9.092242304176463910e-03 1.759069256983517016e-02 3.642223322735614610e-02 4.555829187109660533e-02 3.737279001280555124e-02 2.179608650515868495e-02 1.478095676055411929e-02 1.171983146480991451e-02 1.046131865885720907e-02 1.722718698079586663e-02 1.304688563117285816e-02 1.117810856402354745e-02 1.054973545354508276e-02 1.003375101361919479e-02 9.605670775393747654e-03 9.113594155118372175e-03 8.751932963954031641e-03 8.274757590083003933e-03
9.914155381223763511e-03 9.914058088983010095e-03 9.913111140243501332e-03 9.906482319760042538e-03 9.872093322959268891e-03 9.736977712858361708e-03 9.328533127639758102e-03 8.368864741745281680e-03 6.613698237637011951e-03 3.947688920141415730e-03 2.617446582190597216e-03 1.527250235021492030e-03 1.568376277900990646e-03 1.777178901864468223e-03 3.998652726347994880e-03 9.971211259725023396e-03 9.597542901140997465e-03 9.587052397440431681e-03 9.645916350230918090e-03 1.684592945183738949e-02 1.881108403860094064e-02 1.192357795177470363e-02 6.501650473482152234e-03 1.636483655609897309e-02 2.775654358747467465e-02 4.607069308055308787e-02 3.955593342501913939e-02 3.619378722320471670e-02 1.717388737579613606e-02 1.419373314937140938e-02 1.206512796570615408e-02 1.075220806301249027e-02 2.346334912322316571e-02 1.587591710902736680e-02 1.181762231106826128e-02 1.060250177887022034e-02 9.848524618353594884e-03
9.914161115087636797e-03 9.914135810716770761e-03 9.913839392432720679e-03 9.911382879075546562e-03 9.896475592207510524e-03 9.828742357816307521e-03 9.594921516448749396e-03 8.975471408697133918e-03 7.716632699005942717e-03 5.794142455245979324e-03 3.715531324572595145e-03 2.300372012981986760e-03 2.314435979325378274e-03 1.807729158780525727e-03 2.853625699262717433e-03 2.080351379556068248e-03 6.848006458556865454e-03 2.027368650632341632e-02 2.552516163260076451e-02 1.360822895295526504e-02 2.197734521484625420e-02 7.382490693062126151e-03 3.362147032082345253e-03 2.670250666411294951e-03 1.561594071049096644e-02 1.107246890605860686e-02 2.345907766464295705e-02 2.787484171010373712e-02 3.825713992180240774e-02 4.289844258113205411e-02 4.449004140437282789e-02 4.493191116486167785e-02 3.281155504552248775e-02 4.196957105160007556e-02 4.797169133659048151e-02 5.075561430690499892e-02 3.988748891721834167e-02
9.914162386288382159e-03 9.914157072883907074e-03 9.914078245977661630e-03 9.913286567310506184e-03 9.907607219596254941e-03 9.877586622936661287e-03 9.758502633470502244e-03 9.400284240003681929e-03 8.578073181509831766e-03 7.148110592773746809e-03 5.289055127135299655e-03 3.510214787214437950e-03 1.898869386724794626e-03 1.630906692384920774e-03 2.940580256155067140e-05 1.681199571390057856e-03 4.470881928647461347e-03 3.638712803722878291e-03 1.220186120948534535e-02 2.658768900702276894e-02 1.320936659973086236e-02 1.526466726829314724e-02 8.585659151835215233e-03 8.576632080641471631e-03 8.563758949644935045e-03 6.545934758112974955e-03 4.023212479421446088e-03 3.144266589512665407e-03 2.063016488076030094e-03 1.524383017594518972e-03 8.879777282379339035e-04 8.180912694681588982e-04 1.579196460683772322e-03 1.311767189713071782e-03 1.794539005686001526e-03 2.628816814610354397e-03 1.595191060873251548e-02
1.004024932099204133e-02 9.914161606760471188e-03 9.914143183944842258e-03 9.913915862247024355e-03 9.911964259057217189e-03 9.899822808377877620e-03 9.843699986716761274e-03 9.647977562311579533e-03 9.128035768284036705e-03 8.066165760268207904e-03 6.392981055781571040e-03 4.244591055688520451e-03 2.436629927297640202e-03 9.773200802104605074e-04 2.890665228911451913e-04 1.341154809261437810e-03 3.229680919350674546e-03 4.115623559336433618e-03 3.238833754357944589e-03 2.426658765079867889e-03 1.515574096720186332e-03 2.492408936577184941e-03 1.114212027104490021e-02 1.336425920424166164e-02 7.400586264095346950e-03 4.247939565692572701e-03 2.449311180702501596e-03 1.323869636230144177e-03 8.899751097492189251e-04 1.703088506176663039e-03 3.077685373573361190e-03 3.028971985519826431e-03 1.660394211935899535e-03 1.093989710242554945e-03 1.145570217812217533e-03 1.358981949702708393e-03 2.896941383746296991e-03
9.628736129180385725e-03 1.013253132232089584e-02 9.914157785927754998e-03 9.914090954256181421e-03 9.913418237905289448e-03 9.908537756867676419e-03 9.882333169783607402e-03 9.776331303904529230e-03 9.449470399280044536e-03 8.675116445632312379e-03 7.243779788981125761e-03 5.181053645613731447e-03 2.476398283843865827e-03 1.772223293981937389e-03 1.466601655926167867e-03 2.067584997255619145e-03 1.788143997645164898e-03 7.677934475317073435e-04 9.778791020380035552e-04 8.681353588551096040e-04 1.348708651010820450e-03 1.818162849607762085e-03 2.476281973184631287e-03 8.005315432080054288e-04 1.123627107045699651e-03 2.360286674295537877e-03 2.936337119764844544e-03 2.989647566338987650e-03 4.551481814013407477e-03 1.023685506036966716e-02 7.165612432676049526e-03 5.683707047891266122e-03 4.222051818719618245e-03 3.340864019251391093e-03 5.170252536191635544e-03 6.288271930472035150e-03 3.092153466121816321e-03
8.276132302309634203e-03 6.538245733548692096e-03 1.684156938592260358e-02 9.914142685769119362e-03 9.913919787125934080e-03 9.912040402499343317e-03 9.900409342102216986e-03 9.846488308070123693e-03 9.656847961362955909e-03 9.147624604278037364e-03 8.102672924709198102e-03 6.449664819123001117e-03 4.462852445688923059e-03 2.684495127713129852e-03 2.020452230993536637e-03 1.816495813089811194e-03 1.309771953058053856e-03 8.344816497027730080e-04 1.017788792356796868e-03 1.147812179419216254e-03 1.640529703161473871e-03 2.569819567235170389e-03 2.190122331129971608e-03 1.866456671081033469e-03 1.246972914518413092e-03 1.122668022607783977e-03 2.275717227018829100e-03 5.928041038207842485e-03 4.652492930579569391e-03 2.601501283989873271e-03 4.124617484466487453e-03 5.250995206601540184e-03 4.732529769655485254e-03 3.853234074645243631e-03 2.509153802282819683e-03 2.041915765797228197e-03 2.657472690117413869e-03
5.479124122226370665e-03 9.484989181395621707e-03 2.143842905555455244e-02 1.015776800753328060e-02 9.914100306726623610e-03 9.913506974120109977e-03 9.909191887739808233e-03 9.886097425017876736e-03 9.793499708106110854e-03 9.512716787852266986e-03 8.867040835078594460e-03 7.741698730463695589e-03 6.184630162700640275e-03 4.508053730778232779e-03 3.199017480978747462e-03 2.224223088107397679e-03 1.371879941615624559e-03 7.024003935168223692e-04 4.037425307018224947e-03 1.099894222108970237e-03 1.766567299815076332e-03 2.952507989989649334e-03 2.955218406108333935e-03 2.789667849272528186e-03 3.043484040260373974e-03 2.296906436569135044e-03 2.511109519533369534e-03 2.776936640874143065e-03 3.688037539226635044e-03 3.060063283709781815e-03 4.652054384162996638e-03 5.734558534489709279e-03 6.386201463834071182e-03 5.564272247482667487e-03 4.212499655001493773e-03 3.220157006699021079e-03 3.169454006767400377e-03
2.825437967922716891e-03 6.379181587649959337e-03 3.347243964784057946e-02 9.876284968353075608e-03 9.953289420112497454e-03 9.642329412182532727e-03 1.013136592816940226e-02 9.905112505824521796e-03 9.869163588867673614e-03 9.743758893667771662e-03 9.413044872675097735e-03 8.745043554593875251e-03 7.681627575842442206e-03 5.906914525874216657e-03 4.712616463956060403e-03 2.857462835929590588e-03 3.238824396972797906e-03 2.954374170116249275e-03 3.693028146243461027e-03 1.097212081332339922e-03 1.933276055438760185e-03 3.476690069121934467e-03 3.989104860748419849e-03 5.056985667564307604e-03 5.182236784943171012e-03 4.769369864592165956e-03 4.857531777800916557e-03 4.439674472609287000e-03 5.352393465894721668e-03 5.137042201734885391e-03 5.780269393911596255e-03 6.639285775448599408e-03 7.310734235246429263e-03 7.441719187803331331e-03 6.785309998198076932e-03 5.711441874003438460e-03 4.892462363127265436e-03
1.837915829249344617e-03 4.173772318371610397e-03 4.143222438012607312e-02 1.005372697642062906e-02 9.953264980762042621e-03 9.986191512265148867e-03 9.819325135382956857e-03 9.665675944981754614e-03 1.012024284788064395e-02 9.856596146149544310e-03 9.717735515354009382e-03 9.383456209737713397e-03 8.732818094616533189e-03 7.656205876522594218e-03 5.782912993578087288e-03 4.799882914048168858e-03 5.155331819092009472e-03 3.521212339299499214e-03 2.999058071320838750e-03 9.459349440670644866e-04 1.971319924132382186e-03 3.009975921341387969e-03 4.672747534147696225e-03 6.193615459763834180e-03 6.885807141164632800e-03 6.887191110430226568e-03 6.969489771184756398e-03 6.866229216696894538e-03 7.087367653033223650e-03 7.021095278545118161e-03 7.233786195259682417e-03 7.769264939709984857e-03 8.338368979260425001e-03 8.687150569706805422e-03 8.390076519920993195e-03 7.696548025372545315e-03 7.246494558042771740e-03
2.010370294099726035e-02 5.206227518843496715e-03 2.080548374386738744e-02 3.567225623495098863e-02 8.783090233313061920e-03 7.465558428741321702e-03 5.898648947869672768e-03 1.096705999961774050e-02 1.723735562631535309e-02 9.835473885853871986e-03 9.684356374767532846e-03 9.311580349670773096e-03 8.477987937734300997e-03 6.795229831557106012e-03 5.127344856668097396e-03 1.237465237774737319e-02 5.356899213081064114e-03 3.950267834703646841e-03 2.656624293131615994e-03 1.302351557974195696e-03 1.349494074945236559e-03 2.446283557728453750e-03 4.473217239650538815e-03 6.554936506821407681e-03 7.788288900459095290e-03 8.233580487770755102e-03 8.436689719368161214e-03 8.418526037879500712e-03 8.467804280311186371e-03 8.412004307623222737e-03 8.492461440149355958e-03 8.787310173723680840e-03 9.143608130110380053e-03 2.278275877506712871e-02 3.284989859763862846e-02 3.947296673367736708e-02 4.555566610820936668e-02
2.064224530684763415e-02 3.961190970162502961e-02 9.599669180683974290e-02 7.954981365767131718e-02 6.623909273625080973e-02 4.156850877473071762e-03 1.959185720913488374e-02 1.163671742208524477e-02 1.310298898353398286e-02 1.000677140618847633e-02 9.464373214435479673e-03 8.496704503642612746e-03 8.598173860315418485e-03 7.726347981144836979e-03 6.752837243933330381e-03 7.323252097900447011e-03 8.650320212658770339e-03 2.750957593587804832e-03 8.299218104424001263e-03 1.269755358712350637e-03 1.026362935475168530e-03 2.380252574562273862e-03 4.241343206721084544e-03 5.950310120331070082e-03 7.911380573417350903e-03 8.827198760840043387e-03 9.198040989289012898e-03 9.275816329030506929e-03 9.290033024156882716e-03 9.261443050157625728e-03 9.493921343036828761e-03 6.903351924757088198e-02 5.736368388040739147e-02 3.404975995184342241e-02 5.698699790203487492e-03 3.635817855737530271e-03 3.258999113454771022e-03
7.233208224816083109e-02 2.650044917369473799e-02 1.676662246203116172e-02 6.949444101595486645e-02 5.715452459467467577e-02 2.497898595127328453e-02 3.099888880757715667e-02 2.961598430930534667e-02 1.053465947089014462e-02 2.787742948207898655e-02 9.194655481947413764e-03 8.884875772721970155e-03 7.840512689756747380e-03 8.242852493691811555e-03 7.445176839655946732e-03 6.729432048178713224e-03 5.556240843627985662e-03 1.361207240401153973e-03 6.044137195743887886e-03 9.090225266844052451e-03 3.859627391323346146e-03 1.571435218460254810e-03 3.800694717821361240e-03 5.410712575739550466e-03 7.079843688267984866e-03 8.723273933613681294e-03 9.402661534553345690e-03 9.619320051964252993e-03 9.671900888027750928e-03 4.550870519020487615e-02 3.892082841393979670e-02 1.488255081113420454e-02 1.430694821780731721e-03 7.734826952005965581e-04 4.108460079333942604e-04 7.319360868747036997e-04 8.687515740920368932e-04
2.083346005286635869e-02 6.163539128950902904e-03 1.076142593268137986e-02 7.417784029635990893e-03 1.115731510873568463e-02 4.910000540284530958e-03 1.882206281675342582e-02 4.955068376128430457e-02 5.720682787408217645e-02 7.683474349658674096e-02 1.050452353020798757e-01 8.127440855847564705e-02 4.787278044474264395e-03 5.693941960968497591e-03 1.265643113972110025e-02 1.047211107044727918e-02 2.848245807040269799e-03 2.378442453550972963e-03 4.499499310181823489e-03 7.536605334427007828e-03 1.695567389516229595e-02 1.841435419623426058e-03 6.417260435870333901e-03 2.943136211391367794e-03 5.287261394618669036e-03 7.258351129026578176e-03 8.821787688733396041e-03 6.441183329212879505e-02 5.795602399521422587e-02 4.673033560806383324e-02 4.080230517094247944e-02 1.532039536891868651e-03 8.125267036734819433e-04 7.677672851393181185e-04 4.240644562058395279e-04 6.296704334359527451e-04 3.284818240967996321e-04
7.329137898781054247e-03 1.665982333329299112e-02 1.674157155910059244e-02 3.415822767736856076e-03 6.453870831511093926e-03 8.555710813910565038e-03 8.516850599092809504e-03 7.982590257036943290e-03 7.957458402582717749e-03 8.496423582604198735e-03 9.193396429676368650e-03 4.920165932169681677e-02 4.636345621432098885e-02 7.697840405249574414e-02 5.236619327589218942e-02 9.046294750709323040e-02 7.066967605115358209e-02 3.968337368111368030e-02 4.416600047582826954e-02 1.007591850587408605e-01 8.838653520585175449e-02 7.414527171438994868e-02 6.652739484705240403e-02 4.803345537726175229e-02 2.191884017288318887e-02 3.131099979021521179e-02 8.861963298498026775e-02 6.979410696789684065e-02 6.192918678688491552e-02 3.158539426515286769e-03 1.538794781678550459e-03 4.889155624351399420e-04 4.991854522857165546e-04 8.221467847745327377e-04 1.746020713311331480e-03 1.572082987250563021e-03 2.993599831409819029e-03
