output/water_depth_8760.asc
ncols 223
nrows 158
xllcorner 0.0
yllcorner 0.0
cellsize 30.0
[rows 0 to 16 of 158, columns 111 to 147 of 223]
1.000000100000000021e-05 1.000000100000000021e-05 1.000000100000000021e-05 1.000000100000000021e-05 1.000000100000000021e-05 1.000000100000000021e-05 1.000000100000000021e-05 1.000000100000000021e-05 1.000000100000000021e-05 1.000000100000000021e-05 1.000000100000000021e-05 1.000000100000000021e-05 1.000000100000000021e-05 1.000000100000000021e-05 1.000000100000000021e-05 1.000000100000000021e-05 1.000000100000000021e-05 1.000000100000000021e-05 1.000000100000000021e-05 1.000000100000000021e-05 1.000000100000000021e-05 1.000000100000000021e-05 1.000000100000000021e-05 1.000000100000000021e-05 1.000000100000000021e-05 1.000000100000000021e-05 1.000000100000000021e-05 1.000000100000000021e-05 1.000000100000000021e-05 1.000000100000000021e-05 1.000000100000000021e-05 1.000000100000000021e-05 1.000000100000000021e-05 1.000000100000000021e-05 1.000000100000000021e-05 1.000000100000000021e-05 1.000000100000000021e-05
1.000000100000000021e-05 1.000000100000000021e-05 1.000000100000000021e-05 1.000000100000000021e-05 1.000000100000000021e-05 1.000000100000000021e-05 1.000000100000000021e-05 1.000000100000000021e-05 1.000000100000000021e-05 1.000000100000000021e-05 1.000000100000000021e-05 1.000000100000000021e-05 1.000000100000000021e-05 1.000000100000000021e-05 1.000000100000000021e-05 1.000000100000000021e-05 1.000000100000000021e-05 1.000000100000000021e-05 1.000000100000000021e-05 1.000000100000000021e-05 1.000000100000000021e-05 1.000000100000000021e-05 1.000000100000000021e-05 1.000000100000000021e-05 1.000000100000000021e-05 1.000000100000000021e-05 1.000000100000000021e-05 1.000000100000000021e-05 1.000000100000000021e-05 1.000000100000000021e-05 1.000000100000000021e-05 1.000000100000000021e-05 1.000000100000000021e-05 1.000000100000000021e-05 1.000000100000000021e-05 1.000000100000000021e-05 1.000000100000000021e-05
1.000000100000000021e-05 1.000000100000000021e-05 1.000000100000000021e-05 1.000000100000000021e-05 1.000000100000000021e-05 1.000000100000000021e-05 1.000000100000000021e-05 1.000000100000000021e-05 1.000000100000000021e-05 1.000000100000000021e-05 1.000000100000000021e-05 1.000000100000000021e-05 1.000000100000000021e-05 1.000000100000000021e-05 1.000000100000000021e-05 1.000000100000000021e-05 1.000000100000000021e-05 1.000000100000000021e-05 1.000000000000000021e-08 1.000000000000000021e-08 1.000000000000000021e-08 1.000000000000000021e-08 4.445819896972876342e-03 1.000000100000000021e-05 1.000000100000000021e-05 1.000000100000000021e-05 1.000000100000000021e-05 1.000000100000000021e-05 1.000000100000000021e-05 5.385648234042131419e-05 3.507269933903160947e-05 3.737672601387463878e-05 2.386964667620336799e-05 1.000000100000000021e-05 1.000000100000000021e-05 1.000000100000000021e-05 1.000000100000000021e-05
9.828170324528419334e-05 1.185875806191413295e-04 1.401635013783366951e-04 1.063269524790803194e-04 8.040550213063125072e-05 6.186995155089463825e-05 5.038307118610527765e-05 3.368908471309714177e-05 3.041154392311400841e-05 7.997057199151062898e-05 1.134812475995236407e-04 9.226670805787189707e-05 1.080699586325024246e-04 1.389249536506021311e-04 1.615616099002159772e-04 1.814233746364769524e-04 1.324462860668448123e-04 9.860320051377414097e-05 7.185566141725792725e-05 4.952903675182625232e-05 8.136063852426496325e-05 5.441656333720021679e-03 3.929561640623272997e-03 4.321335287146980714e-04 2.212213457494889774e-04 2.404699203785370194e-04 4.601385726991987516e-05 1.000000000000000021e-08 1.000000000000000021e-08 8.805964734521350373e-05 4.437567727822696516e-05 2.214072976402332434e-05 1.902123035446455425e-05 1.524254663081414618e-05 1.000000000000000021e-08 1.000000100000000021e-05 1.000000100000000021e-05
1.000000000000000021e-08 1.000000000000000021e-08 1.000000000000000021e-08 7.041853333625660346e-05 7.585906787458642408e-05 1.231307143628155871e-04 1.014027861440013398e-04 8.016449343990273476e-05 1.093199226639280362e-04 1.888592657360436999e-04 2.217218793548353134e-04 1.165002464890418910e-04 9.600393943981818258e-05 1.261829974250971520e-04 1.476610759116861384e-04 1.100375503565943671e-04 1.676061617523744011e-04 2.245216899595525045e-04 2.898657005300756700e-04 3.635242568034729614e-04 4.005163154161497539e-04 3.295582571589166431e-04 4.514989248121611975e-04 4.543068689060541197e-04 4.498464085576706615e-04 5.013812608527483264e-04 8.866045718467001303e-05 1.000000000000000021e-08 1.306636059050510389e-05 1.264923853552541030e-04 3.448175692888109592e-05 2.263984701085340064e-05 1.000000000000000021e-08 1.000000000000000021e-08 1.000000000000000021e-08 1.774970292465969095e-05 1.000000000000000021e-08
1.000000000000000021e-08 1.000000000000000021e-08 1.000000000000000021e-08 5.854447241452106338e-05 7.020425492072096020e-05 7.398195111047158544e-05 1.528272930727650231e-04 1.484583639453096199e-04 1.736142750779882146e-04 1.000000000000000021e-08 1.000000000000000021e-08 7.715868039903726449e-05 8.784997066179744529e-05 6.514048514741264354e-05 4.693987731421544855e-05 7.999485587387918117e-05 5.753654106831147851e-05 4.212011402381542408e-05 3.395557674187651563e-05 1.000000000000000021e-08 6.890614849840876745e-05 2.889547531454974227e-04 1.272763727795593429e-03 2.113029017916580755e-03 1.219313118331496375e-03 1.112742785822016514e-03 1.187789528610641229e-03 1.279617258424021098e-04 3.370064042878892366e-04 1.754041455498999216e-03 3.520980922140419468e-05 1.332721748378606612e-05 1.506801872554858813e-05 1.724964624034141188e-05 1.779512320159018024e-05 1.718482695617822774e-05 1.721172444137045656e-05
1.012890217133054823e-04 9.674567726348717736e-05 9.056574592833361139e-05 1.097027456157238269e-04 1.000000000000000021e-08 1.000000000000000021e-08 2.033753516489591074e-05 2.060203901768936250e-04 1.506787184758456139e-04 1.318534290230993810e-04 8.583326339160364245e-05 1.641732437670213136e-04 6.360330126719414181e-05 6.517130498656107448e-05 6.282483873568703000e-05 8.987226598235758146e-05 2.097236593450675039e-03 2.221564706713609273e-04 1.000000000000000021e-08 1.000000000000000021e-08 1.071558540647492340e-04 1.596464909638785866e-03 1.205489946607333444e-03 8.693151763875378839e-04 2.125704735187439534e-03 2.654536081806800792e-03 3.133655493731018690e-03 3.174080274211818313e-03 1.417242051496759268e-02 1.978016605914595708e-04 7.234088314157697370e-05 3.076046767756187596e-05 3.445419265843690533e-05 2.718012874257452074e-05 2.270732871267895812e-05 1.890418799153431383e-05 1.117049398907441283e-05
1.000000000000000021e-08 1.000000000000000021e-08 5.545391092959208492e-05 1.000000000000000021e-08 1.000000000000000021e-08 1.000000000000000021e-08 1.000000000000000021e-08 1.000000000000000021e-08 1.000000000000000021e-08 1.000000000000000021e-08 7.512152528070685834e-05 3.129361454017429330e-04 2.768473874484564433e-04 7.636110647710253260e-04 1.241988663258940034e-03 1.390231061932736302e-03 1.512937787950461828e-03 7.992204827471698081e-03 1.063193313538167905e-03 7.411332067444812832e-04 1.079922432315377594e-03 1.962998664492713978e-03 2.212539543448284278e-04 1.498095540741571489e-04 1.215060805310112877e-04 8.975199375439172538e-05 7.257641956119941309e-05 5.627684621700220369e-04 3.015220033484802050e-03 4.333571459019877484e-04 2.307381155074861092e-05 2.451735380772560561e-05 1.000000000000000021e-08 1.000000000000000021e-08 1.000000000000000021e-08 1.000000000000000021e-08 1.000000000000000021e-08
1.000000000000000021e-08 6.980532917706764326e-05 9.395738116158373605e-05 2.156320283744074496e-04 1.579440852819318300e-04 1.145992200169607778e-04 1.000000000000000021e-08 1.000000000000000021e-08 1.000000000000000021e-08 1.000000000000000021e-08 7.682089072261625087e-04 9.819283610533610044e-04 8.862412427817471404e-04 7.702391556201988385e-04 4.787358408218619411e-04 3.039032847669085745e-04 1.853292985293333612e-04 1.343737179875658001e-04 9.145141937735128124e-04 1.123653083653258864e-03 8.428417883532639526e-04 1.156210731572972737e-03 1.419835801324299547e-04 7.729308152820406233e-05 1.000000000000000021e-08 1.000000000000000021e-08 1.000000000000000021e-08 5.104966742119601320e-05 2.160431055756341368e-03 1.896414038034509916e-03 1.815312690740526310e-05 1.000000000000000021e-08 1.000000000000000021e-08 1.000000000000000021e-08 1.000000000000000021e-08 1.000000000000000021e-08 1.000000000000000021e-08
9.200988856007087863e-05 7.452847419570603270e-05 9.788195692168137336e-05 8.656703429699422658e-05 1.530523212953471368e-04 1.152087830497250631e-04 6.627560781860099076e-05 5.374464065456467605e-05 4.126191269759626909e-05 8.901476853344239635e-05 4.069071917402650868e-03 4.852846506252108229e-04 3.333593758892351342e-04 1.965948132110180240e-04 1.688038618091617163e-04 7.302322448866379158e-05 3.982947182897273038e-05 1.000000000000000021e-08 1.000000000000000021e-08 1.000000000000000021e-08 1.445668988476416025e-05 1.000000000000000021e-08 1.000000000000000021e-08 5.664386308108028444e-05 5.299601650506357713e-05 3.718423758261479075e-05 2.850762709402231916e-05 4.311064849844059495e-05 2.216266839171863665e-03 1.978170327749054474e-03 1.000000000000000021e-08 1.000000000000000021e-08 1.000000000000000021e-08 1.000000000000000021e-08 1.000000000000000021e-08 1.000000000000000021e-08 1.000000000000000021e-08
1.000000000000000021e-08 1.000000000000000021e-08 1.000000000000000021e-08 1.000000000000000021e-08 1.223819632167035475e-04 3.005427251506614114e-04 3.649801806010136282e-04 2.643309092879643257e-04 2.175355142083443987e-04 4.776895696093658595e-04 9.323081966636831332e-04 1.000000000000000021e-08 1.000000000000000021e-08 1.101687632645752339e-05 1.228586176179478548e-05 1.010825424617963972e-03 1.000000000000000021e-08 1.000000000000000021e-08 1.000000000000000021e-08 1.000000000000000021e-08 1.000000000000000021e-08 1.000000000000000021e-08 1.000000000000000021e-08 4.316836907268452073e-05 6.300813691854233081e-05 5.474772809029755525e-05 3.947982152319377109e-05 1.000000000000000021e-08 2.273700288986060802e-03 2.079743899533060235e-03 1.000000000000000021e-08 1.000000000000000021e-08 1.000000000000000021e-08 1.000000000000000021e-08 1.000000000000000021e-08 1.000000000000000021e-08 1.000000000000000021e-08
8.327525685419303030e-05 9.352900557073517615e-05 1.096241370541925183e-04 1.236375460893406129e-04 1.589158697630140308e-04 3.775377870952761092e-04 4.191183031523490433e-04 2.271685755062121347e-04 3.104895385657754740e-04 3.341845875582984127e-04 4.490013393912863754e-04 8.597936646620571357e-05 1.000000000000000021e-08 1.000000000000000021e-08 1.000000000000000021e-08 1.000000000000000021e-08 1.000000000000000021e-08 1.000000000000000021e-08 1.000000000000000021e-08 1.000000000000000021e-08 1.347824996382856176e-05 1.000000000000000021e-08 1.000000000000000021e-08 3.633752997090242370e-05 5.829102439706772797e-05 5.996825972857674580e-05 5.374291770777470990e-05 5.132434429364905645e-05 2.328216230940494298e-03 2.136587302003850435e-03 1.000000000000000021e-08 1.000000000000000021e-08 1.000000000000000021e-08 1.000000000000000021e-08 1.000000000000000021e-08 1.000000000000000021e-08 1.000000000000000021e-08
1.212671602937652568e-04 1.306598042456497697e-04 1.464238835148503281e-04 1.266135837071202927e-04 2.677536481199088931e-04 2.009165643409461383e-04 2.342051100435414972e-04 2.173654751458361047e-04 2.659109510761350635e-04 3.017048041344134318e-04 2.447395219947319468e-04 1.558329056824423809e-04 9.771946075059677816e-05 5.377511535804381569e-05 4.102371251092887559e-05 3.744054197961223202e-05 1.000000000000000021e-08 1.000000000000000021e-08 1.000000000000000021e-08 1.000000000000000021e-08 1.000000000000000021e-08 1.000000000000000021e-08 1.000000000000000021e-08 3.974467809917035891e-05 5.493035633948309870e-05 6.832809524265157509e-05 7.918517001920120013e-05 1.619537323776991486e-04 2.973920972050201738e-03 2.796592345634562292e-03 1.000000000000000021e-08 1.000000000000000021e-08 1.000000000000000021e-08 1.000000000000000021e-08 1.000000000000000021e-08 1.000000000000000021e-08 1.000000000000000021e-08
1.030285460858224934e-04 1.398426412939927834e-04 1.147836560251819878e-04 2.869688109150733387e-04 2.027432915313974319e-04 2.476385091689721246e-04 2.466551865790423390e-04 3.365911852936598813e-04 4.103731758528245534e-04 2.936359748377874142e-04 1.984158472643986584e-04 2.080752862595516828e-04 1.608141706378326218e-04 1.000000000000000021e-08 3.825541291808915123e-05 2.623856391047959977e-05 1.598473575147845441e-05 1.000000000000000021e-08 1.000000000000000021e-08 1.000000000000000021e-08 1.000000000000000021e-08 1.000000000000000021e-08 1.000000000000000021e-08 4.633863223682703546e-05 1.335601243198176070e-03 9.188965527899363764e-05 9.413871509424607783e-05 1.352868193886021676e-04 3.405977905768065028e-02 3.522800932019775483e-02 3.502359861542021779e-02 7.045241011113900049e-05 1.000000000000000021e-08 1.000000000000000021e-08 1.000000000000000021e-08 1.000000000000000021e-08 1.000000000000000021e-08
9.893429057059031949e-05 8.616943464400689679e-05 1.695207533432358459e-04 1.743686951964975316e-04 1.000000000000000021e-08 1.000000000000000021e-08 2.060427916506548236e-05 6.628164631237376200e-05 5.405896847346039350e-05 5.412382896655108675e-05 1.368305562085802001e-04 2.085688484115889071e-04 1.143354003664713895e-05 1.000000000000000021e-08 2.542818688282253884e-05 1.000000000000000021e-08 1.875776666829466583e-05 1.135913171530835066e-05 1.000000000000000021e-08 1.000000000000000021e-08 1.000000000000000021e-08 1.000000000000000021e-08 3.821214546274830489e-05 5.084742691470417280e-05 1.000000000000000021e-08 6.649642949198485912e-05 1.000000000000000021e-08 1.752756290753541368e-05 3.276350940362662834e-02 3.497771936011297850e-02 3.486280670564625289e-02 5.041312086419278467e-04 6.189302945450774677e-05 1.039536161461447785e-05 1.000000000000000021e-08 1.000000000000000021e-08 1.000000000000000021e-08
3.844987520150353169e-05 3.373250930626062595e-05 3.244960251065420265e-05 3.142488898142004213e-05 1.483216732981061606e-05 1.000000000000000021e-08 1.000000000000000021e-08 1.234473285385955993e-05 1.000000000000000021e-08 1.000000000000000021e-08 1.284765913908891214e-04 2.536277306828460185e-04 3.615051695611441263e-04 2.939291437374993445e-04 5.902542484023170707e-04 6.855432075067197529e-04 5.895018070470495024e-04 4.125676154794706346e-04 2.719846542567286719e-04 1.754299622278011580e-04 1.108764331335504157e-04 6.247889495157937724e-05 3.967660599390543055e-05 4.651348032432861708e-05 3.763608670316674447e-05 5.326186959021014626e-05 1.000000000000000021e-08 1.185377685603483658e-05 2.510773210763320162e-02 3.578232434423215375e-04 4.087423795058380753e-04 5.540202936399038535e-04 7.849188717187648894e-04 7.653928903479281353e-04 7.304575296131394797e-04 7.854504976193823693e-04 6.611921061901552014e-04
1.721074303833353518e-05 1.536012054314886624e-05 1.565207389800891968e-05 1.216597298114128361e-05 1.000000000000000021e-08 1.000000000000000021e-08 1.000000000000000021e-08 1.119083300691804496e-05 1.509065697419027090e-05 1.547587538698992973e-05 1.355641502523057095e-05 3.053294076740362698e-05 1.000000000000000021e-08 2.126552735607091494e-04 1.776447379345420807e-04 1.376567575665471165e-04 1.134750192187184071e-04 2.301335341960994787e-04 3.177993763833637233e-04 3.011067161434970293e-04 3.246043516277481700e-04 3.987233850019412950e-05 3.487254057977466349e-05 4.548771649850204258e-05 4.796534005552801304e-05 5.565552331050215186e-05 3.637396102452999388e-05 4.118014397788665425e-03 4.720117033852410694e-03 3.008304088922864489e-05 4.376845187909404430e-05 4.497615031783838122e-05 7.017073729019333535e-05 1.113013383974237440e-05 1.176634208108705633e-05 1.178039211997928931e-05 1.281889654974858852e-05
