output/water_depth_8400.asc
ncols 223
nrows 158
xllcorner 0.0
yllcorner 0.0
cellsize 30.0
[rows 102 to 118 of 158, columns 111 to 147 of 223]
5.279864618715248412e-05 3.653689432037863442e-05 6.458072353680480550e-05 3.847784200573103951e-05 5.841871889713601620e-05 3.030408981171463459e-05 4.561317784191952729e-05 2.818781803209811766e-05 4.360722519591983190e-05 4.121941222882031277e-05 1.279879933867650787e-04 2.141666639807051058e-03 6.727984087749332327e-04 1.206046514027198362e-04 1.403864554865200771e-04 3.108788361340268170e-04 2.409436342568270723e-04 1.836921057347232688e-03 2.669372110700899987e-03 1.267987472123214068e-02 7.768448443490443001e-04 1.000000000000000021e-08 1.000000000000000021e-08 1.000000000000000021e-08 1.000000000000000021e-08 1.000000000000000021e-08 1.102813672819633774e-05 1.000000000000000021e-08 1.000000000000000021e-08 1.000000000000000021e-08 1.000000000000000021e-08 1.000000000000000021e-08 1.000000000000000021e-08 1.000000000000000021e-08 1.000000000000000021e-08 1.000000000000000021e-08 1.000000000000000021e-08
4.805279929023548060e-04 5.257304521654718090e-04 5.549680078607134668e-04 7.318644197913428122e-05 3.949655108710614074e-05 5.818750234962387764e-05 3.116796973450005194e-05 4.949552639572791639e-05 2.797636268358058749e-05 5.781350484068409205e-05 5.623783208890345298e-05 1.538720560182949872e-03 1.049374629966657885e-03 8.026887188295560153e-05 1.816017547888008085e-04 1.494348753528257530e-04 2.605225395684516911e-03 2.507974841437532552e-03 4.943128624419463810e-03 1.506709791168715090e-02 5.407674277690475550e-04 1.000000000000000021e-08 1.000000000000000021e-08 1.000000000000000021e-08 1.000000000000000021e-08 1.000000000000000021e-08 1.605877581556660271e-05 1.144515806261195572e-05 1.000000000000000021e-08 1.000000000000000021e-08 1.000000000000000021e-08 1.264949204162716607e-05 1.000000000000000021e-08 1.000000000000000021e-08 1.000000000000000021e-08 1.000000000000000021e-08 1.000000000000000021e-08
1.856330540983155248e-04 4.892994047339190196e-04 7.663863007298466010e-04 1.080287146606471408e-03 1.329888450564178839e-03 1.537049676892211086e-03 1.137255094234613595e-03 9.610792732984470158e-04 8.951243589476710286e-04 7.224989777666829336e-05 9.789658365785196097e-05 1.319110300347230667e-03 2.516898508907959228e-03 4.871417060550531017e-03 5.226804655480259305e-03 7.561680358422637367e-03 6.711502271466814572e-03 8.425237420667114341e-03 8.345859005987034396e-03 1.905110694614359224e-02 4.034300332117078300e-04 1.000000000000000021e-08 1.000000000000000021e-08 1.000000000000000021e-08 1.000000000000000021e-08 1.000000000000000021e-08 2.138723263697028237e-05 1.247657650482460395e-05 1.000000000000000021e-08 1.000000000000000021e-08 1.000000000000000021e-08 1.000000000000000021e-08 1.000000000000000021e-08 1.000000000000000021e-08 1.000000000000000021e-08 1.000000000000000021e-08 1.000000000000000021e-08
9.450663461485020542e-05 1.000000000000000021e-08 2.310118081620712483e-05 5.568391284134292899e-05 2.184122652646765391e-04 3.660873924056344281e-04 1.290039398311957188e-03 1.745364747855772001e-03 2.143022264946639350e-03 2.527687412147114863e-03 2.806792597851991665e-03 3.441240226532991074e-03 2.072178178491583533e-02 3.682731824904608015e-03 3.997884458388174800e-03 2.909221409323251972e-03 3.245631431461568420e-03 2.158240530839405490e-03 2.796010299271756063e-03 1.259486056216518879e-02 1.293884739050793660e-02 1.000000000000000021e-08 1.115286154671044257e-05 1.000000000000000021e-08 1.000000000000000021e-08 1.000000000000000021e-08 2.146641136916631497e-05 1.458282296107271367e-05 1.000000000000000021e-08 1.000000000000000021e-08 1.000000000000000021e-08 1.000000000000000021e-08 1.000000000000000021e-08 1.000000000000000021e-08 1.106746569289745510e-05 1.000000000000000021e-08 1.000000000000000021e-08
5.484831542503198739e-05 3.531006883759660558e-05 3.170497662737014125e-05 3.295792456077677087e-05 3.076057198948235966e-05 2.389269243694178380e-05 2.389206442257757083e-05 2.000695359762074996e-05 1.495599329679022061e-05 1.761683162036811498e-05 4.026494590860883044e-04 3.973342536196233506e-04 2.388421226405587747e-04 1.000000000000000021e-08 1.000000000000000021e-08 1.000000000000000021e-08 3.943498237413977400e-04 1.086031594399179776e-04 3.203597552256509380e-04 8.070841606403514681e-03 1.598459098449453095e-02 4.052221899742242464e-03 1.000000000000000021e-08 1.000000000000000021e-08 1.000000000000000021e-08 1.000000000000000021e-08 1.000000000000000021e-08 2.367966882748211437e-05 1.148836626684280902e-05 1.000000000000000021e-08 1.000000000000000021e-08 1.000000000000000021e-08 1.000000000000000021e-08 1.000000000000000021e-08 1.000000000000000021e-08 1.000000000000000021e-08 2.027685750222397583e-05
3.821019686291689320e-05 5.483183588668839539e-05 6.383863693431210385e-05 7.256266180317714793e-05 7.827409768515044479e-05 8.105802388097886840e-05 7.083318613400114733e-05 6.699616221203845911e-05 1.794249703668880473e-04 1.068144869684762964e-04 2.365674271193655379e-04 2.138997173624558753e-04 2.295566792197305174e-04 1.721417220627069120e-04 1.311308692005093922e-04 1.000000000000000021e-08 1.332669127515537256e-05 1.000000000000000021e-08 2.030227444934275141e-04 5.538283307721417539e-03 3.972697965731485786e-02 1.380931642739169178e-02 6.417004242790846696e-05 1.000000000000000021e-08 1.000000000000000021e-08 1.000000000000000021e-08 1.000000000000000021e-08 3.281571325772979854e-05 1.315557645517175765e-05 1.418865295078140398e-05 1.000000000000000021e-08 1.000000000000000021e-08 1.000000000000000021e-08 1.000000000000000021e-08 1.000000000000000021e-08 1.000000000000000021e-08 3.640989726979096814e-05
1.000000000000000021e-08 1.000000000000000021e-08 5.235463051471736881e-05 7.158297615696231672e-05 9.946325473470848521e-05 1.410438812841885404e-04 1.734872609056131959e-04 2.277929149820017221e-04 3.365638425450986405e-04 4.093752031071872812e-04 2.063000041951077758e-04 2.001822486474053476e-04 2.619999640055263482e-04 2.289591776254492489e-04 2.067459242569115517e-04 1.298444383197048038e-04 1.632582585289702801e-05 1.000000000000000021e-08 1.587539616665057621e-04 4.748127456935109098e-03 1.494093917799628121e-02 4.299700884205589352e-02 1.387291458061360415e-02 9.204353538463526559e-05 1.118901457741985876e-05 1.324321105146897849e-05 2.316423187748657594e-05 3.005617899729835237e-05 1.678368689458430792e-05 1.000000000000000021e-08 1.000000000000000021e-08 1.000000000000000021e-08 1.000000000000000021e-08 1.273138546183178241e-05 1.000000000000000021e-08 1.000000000000000021e-08 5.121193526421970941e-05
1.000000000000000021e-08 1.000000000000000021e-08 1.000000000000000021e-08 5.659500447385122391e-05 1.863451135771439357e-03 1.000000000000000021e-08 1.028247868830614227e-05 1.000000000000000021e-08 3.501515412975012362e-05 4.871437821867598419e-05 1.591991710041269065e-04 2.114726391981888015e-04 2.530211812968075112e-04 2.758344162962579659e-04 2.814876113545322352e-04 2.839383278143614055e-03 2.813365150776941852e-05 3.537531368395299951e-04 2.160385531968321679e-04 8.373287953565480141e-04 4.736935990695028461e-05 9.344679667862001646e-03 1.217338630132699939e-02 1.180368214044648020e-02 6.316030297251389665e-05 1.000000000000000021e-08 1.000000000000000021e-08 2.516684600370770056e-05 2.478244744454431082e-05 1.000000000000000021e-08 1.000000000000000021e-08 1.000000000000000021e-08 1.000000000000000021e-08 2.726811433557537411e-05 1.000000000000000021e-08 4.415580783921200147e-05 4.861261320130220287e-05
1.000000000000000021e-08 1.000000000000000021e-08 1.000000000000000021e-08 3.449924270392803002e-05 1.286220152023436186e-04 1.000000000000000021e-08 1.000000000000000021e-08 1.000000000000000021e-08 1.000000000000000021e-08 1.000000000000000021e-08 1.737178790354650137e-04 4.086141346648314927e-04 5.618328268960477928e-04 5.159425158304133509e-04 4.909332616773730588e-04 6.542487238943079557e-04 1.729883297506423345e-03 1.079201774993508375e-02 2.428872447641246875e-03 7.774514274213967452e-04 1.102502895843972567e-03 9.198727760579481633e-03 1.116943161379435438e-02 1.163192953685317915e-02 1.087489840187289176e-02 1.908185111122083499e-03 1.992735139293187047e-03 3.613377878015278024e-05 2.665676756550667168e-05 1.000000000000000021e-08 1.000000000000000021e-08 1.000000000000000021e-08 2.319863945865806995e-05 2.550834878740329382e-05 3.454495225373665178e-05 4.267330807056821768e-05 6.333208127215963893e-05
1.000000000000000021e-08 1.000000000000000021e-08 1.000000000000000021e-08 1.000000000000000021e-08 1.356103855080707896e-04 9.131156500886123783e-05 6.430844889543066878e-05 1.000000000000000021e-08 2.320651971356694235e-05 3.700677540018695459e-05 6.161727056830689820e-05 2.604363422485419643e-04 4.558483060174070697e-04 8.338481122859020284e-04 1.217149828402382550e-03 1.243092624710902695e-03 1.119390448627793824e-03 7.123014437431212775e-04 1.282129783166186671e-02 3.375830135286037384e-03 2.852449821302198082e-03 5.914358448391257919e-03 1.787221336101305416e-02 4.718484269824641669e-02 1.375232724831508026e-02 9.059621341196023164e-03 9.877691856882416660e-03 9.411089185974750389e-05 2.112910020778817376e-05 1.509927225878499409e-05 1.340151841746823445e-05 1.242231955780604604e-05 6.656610065125958371e-05 3.833494314351198128e-05 1.000000000000000021e-08 4.089018186013629449e-05 8.076789262641354754e-05
6.514955156445956079e-05 7.883333505505127196e-05 1.599660762528084493e-04 1.000000000000000021e-08 8.526685086523125192e-05 1.123198382284389368e-04 1.393823666761484438e-04 2.082605215318977614e-04 3.234743038737350126e-04 2.820608614130499874e-04 4.426400366171441623e-04 4.254426915177378170e-04 3.640811372190983202e-04 3.159466291777817066e-04 2.556907127520592366e-04 1.777916884359584740e-04 1.000000000000000021e-08 2.112796695929084444e-04 9.620071368724347934e-05 1.085469129036238439e-04 2.031320783401346783e-05 4.006117804267845910e-03 8.173067747871286606e-03 2.188774449126355132e-02 1.925864969105518798e-02 2.355099938445044672e-02 1.409113502118494454e-01 1.381526365074507434e-01 2.639487798291249550e-04 4.073654674347521195e-05 5.298933673051035452e-05 1.000000000000000021e-08 8.902000889849629936e-03 8.291201386243068558e-03 8.914146245612750261e-05 1.000000000000000021e-08 7.702683957805505906e-05
1.000000000000000021e-08 1.063755183296372650e-04 2.612460337061084056e-04 1.000000000000000021e-08 1.000000000000000021e-08 1.000000000000000021e-08 1.000000000000000021e-08 1.037622609895991987e-05 1.709884033869128994e-05 4.432321736395040349e-04 3.020349809494875617e-04 1.958386595927740466e-05 1.000000000000000021e-08 3.404374392658825183e-05 5.447515209471197003e-05 6.192019911696190868e-05 6.512929565688808388e-05 5.972303795875329142e-05 4.126509643786111355e-05 8.395776651870756569e-05 4.310969936917206577e-03 5.785336641252736972e-03 1.067192178892894736e-02 1.031476941179333869e-02 1.478043443468016367e-02 1.749749260170481088e-02 1.338213546572755430e-01 1.271242841317774264e-01 9.828834942971972910e-02 3.969913408257052384e-02 3.738389695263855811e-02 3.791672040180706776e-02 3.176069547053958497e-02 3.079364364511961646e-02 4.544611918665152073e-02 4.462141055662695310e-02 6.108966911346850595e-04
1.000000000000000021e-08 1.372030738891847441e-03 1.676033861179036452e-03 1.891452110723495974e-03 1.523406847375798507e-05 1.000000000000000021e-08 1.000000000000000021e-08 1.000000000000000021e-08 1.000000000000000021e-08 2.688227387162202969e-04 2.112763063637434439e-04 1.497381725717172873e-04 1.129164676732832796e-04 8.629836586867000196e-05 7.536781579981935246e-05 6.448192629885301846e-05 4.197975897019264155e-05 1.000000000000000021e-08 1.000000000000000021e-08 8.307278148833748248e-05 1.451965371681581025e-02 2.265546927485148285e-02 1.450099446795631575e-02 8.985466519623475437e-03 5.707043793659371048e-03 3.633378269283210355e-03 2.319085326136310042e-03 1.676050481868197146e-03 8.737194437200067158e-04 6.582439119795276822e-04 4.742367460039418931e-04 9.605196845416844043e-03 1.283930983539512301e-02 1.755570589871167930e-02 1.183758532199524587e-02 4.911196397453861801e-02 3.107718762018527037e-02
7.425235021442731786e-03 8.563508068819065304e-04 1.093844981224693577e-03 2.687558641544625197e-03 1.662106884772639528e-02 1.081099366653935114e-02 1.812301118062233920e-03 1.257457996723151950e-03 8.934212837168523493e-04 4.325399024680758151e-04 1.987298401132424287e-04 1.005947558696055602e-04 6.349040574789908237e-05 3.965158525839620693e-05 6.603862589714947775e-05 8.065738839550347296e-05 3.257518404080578071e-03 2.147006804015151246e-03 1.424407102023610193e-03 2.283989143634466285e-02 4.901278299828737417e-02 1.695381221595215759e-02 1.159823128116084729e-04 1.841571309528965424e-05 1.000000000000000021e-08 1.000000000000000021e-08 1.000000000000000021e-08 1.000000000000000021e-08 1.000000000000000021e-08 1.000000000000000021e-08 1.279921101961448561e-04 2.922423908455516056e-03 4.874943242802092305e-03 3.571283457079635609e-03 2.605959900683337948e-03 2.223290832114683743e-03 2.794972752315189393e-02
1.673276950556746288e-05 1.287068085166748522e-05 1.098909737932674071e-05 2.150662988156306973e-05 1.000000000000000021e-08 2.476554689800052750e-03 3.433593145055839277e-03 3.824768420720428205e-03 2.204148504132187342e-03 1.526961195642708487e-03 9.827061189431245212e-04 6.652824867186550757e-04 4.533588086994839571e-04 3.479146154610420513e-04 1.455059131889793918e-02 1.943347686260179022e-02 1.341262916973524899e-02 1.758272149896302622e-02 2.435455745773860980e-02 2.247725321726513903e-02 7.560595393823526557e-03 2.580283149843563096e-05 1.000000000000000021e-08 1.000000000000000021e-08 1.000000000000000021e-08 1.000000000000000021e-08 1.000000000000000021e-08 1.000000000000000021e-08 1.000000000000000021e-08 8.123945387782929503e-04 1.260003261763849303e-03 1.074472194862052202e-03 1.062870867622312150e-03 1.037467465793885484e-03 5.369261085723589641e-04 5.246860616955909213e-04 1.017968697666661246e-02
1.820938414201335258e-05 2.545031864746483100e-05 2.693268140714449754e-05 5.433583987503278254e-05 1.000000000000000021e-08 1.000000000000000021e-08 1.000000000000000021e-08 4.307223716485744647e-04 1.534312094634986178e-03 1.635091338129091108e-03 1.381630563158292363e-03 1.286165865596082579e-03 4.883018522501658513e-03 6.845079325085330624e-02 4.506293067226249671e-02 1.068577037736122802e-02 7.183379173646834912e-03 6.805159566924150714e-03 1.568295890472981308e-03 2.668078095388053844e-04 1.000000000000000021e-08 1.000000000000000021e-08 1.000000000000000021e-08 1.000000000000000021e-08 1.000000000000000021e-08 1.000000000000000021e-08 1.000000000000000021e-08 1.585602303028611998e-04 1.052294980637806261e-03 9.905862406229643761e-04 9.253641928593200113e-04 5.162279332678612609e-03 5.771047237967187908e-04 4.233852340487154935e-04 4.453534393265043916e-05 3.274587937419979315e-05 4.960105243473531374e-05
7.034656711902056157e-05 6.609017727443281681e-05 9.814979670083011636e-05 1.946570403990244204e-04 2.841011164487329562e-05 1.000000000000000021e-08 1.000000000000000021e-08 2.179903327286242124e-04 1.155654167853544748e-03 1.652680992417599609e-03 1.529749562755852721e-03 1.278842464553532274e-02 1.676527370225225702e-02 1.818445141958445130e-02 9.264640705289491074e-03 8.373204037422724835e-04 1.000000000000000021e-08 2.262487578736031548e-05 1.000000000000000021e-08 1.000000000000000021e-08 1.000000000000000021e-08 1.000000000000000021e-08 1.000000000000000021e-08 1.000000000000000021e-08 1.000000000000000021e-08 1.273524579967045058e-05 1.497032615633467519e-03 1.538856351172927447e-03 1.041549112673737865e-03 7.161301387897090983e-05 9.138699796378072773e-05 8.376758970577627536e-05 2.972569851570722811e-05 1.286568514928660263e-05 2.062949843843136260e-05 1.000000000000000021e-08 1.000000000000000021e-08
