output/water_depth_3960.asc
ncols 223
nrows 158
xllcorner 0.0
yllcorner 0.0
cellsize 30.0
[rows 119 to 135 of 158, columns 148 to 184 of 223]
1.843946382231401255e-05 1.443907015776975942e-05 1.370858142244706661e-05 1.000000000000000021e-08 1.000000000000000021e-08 1.000000000000000021e-08 1.705052566637873997e-05 1.000000000000000021e-08 1.000000000000000021e-08 1.000000000000000021e-08 4.049819464446073012e-05 1.059545394083552527e-03 2.334951563624214777e-04 1.000000000000000021e-08 1.046258783577227765e-05 2.139848967723502021e-05 1.758782123804954591e-04 2.130841164241165987e-04 1.786521456682595014e-04 7.947653988399799863e-01 7.443558910880862512e-05 7.726479084065359510e-05 3.903793301569018150e-04 3.588781955693305751e-05 1.000000000000000021e-08 4.913815692770677365e-05 1.165472117377132127e-04 1.000000000000000021e-08 1.000000000000000021e-08 1.000000000000000021e-08 1.841973750111413811e-05 1.082608504809176116e-05 1.726810491863124214e-05 1.549883946305620684e-05 2.173062858584732409e-05 7.996223902614514058e-05 8.637658982878733470e-05
1.308159024092999347e-05 1.146787001903707263e-05 1.000000000000000021e-08 1.037260274441275599e-05 2.726473638118098614e-05 2.365399417830911692e-05 1.000000000000000021e-08 1.000000000000000021e-08 1.000000000000000021e-08 1.823267576761455948e-05 5.316053001208944620e-05 3.203787882056121625e-05 3.852682934637463981e-05 1.000000000000000021e-08 1.000000000000000021e-08 1.642897970697952291e-05 1.087705425724600546e-05 7.613629918167976016e-05 1.000000000000000021e-08 9.008349980954420038e-05 1.000000000000000021e-08 9.573269971343162940e-05 6.389153315059553271e-05 1.000000000000000021e-08 3.031387048899368493e-05 4.748383643110730450e-05 6.469261291200115096e-05 1.000000000000000021e-08 3.317358760859089723e-05 3.558567481816174389e-05 1.000000000000000021e-08 1.000000000000000021e-08 1.950745285184216437e-05 3.029038026428857323e-05 4.117176680200952563e-05 4.305368220747465049e-05 7.128794495629207201e-05
1.000000000000000021e-08 1.000000000000000021e-08 9.160399847675640460e-05 3.291323282936304997e-05 2.830291452131332357e-05 1.000000000000000021e-08 1.124236676882349800e-05 1.000000000000000021e-08 1.000000000000000021e-08 1.087312707828850228e-05 7.390843210050341997e-05 3.783467899057025462e-05 2.914470155909970771e-05 1.033849037855068948e-04 1.000000000000000021e-08 1.983000265599695172e-05 1.242777094092751959e-05 6.136990728748327624e-05 1.000000000000000021e-08 8.609370355931122390e-05 1.035216439992604813e-04 4.023251802048820981e-05 5.511048680386518230e-05 1.000000000000000021e-08 1.000000000000000021e-08 4.621075613760561269e-05 3.311044047139642389e-05 1.000000000000000021e-08 2.133638574608470598e-05 2.355602919182009304e-05 1.000000000000000021e-08 1.000000000000000021e-08 1.000000000000000021e-08 1.000000000000000021e-08 4.041381639591087670e-05 1.000000000000000021e-08 1.000000000000000021e-08
1.000000000000000021e-08 8.747692479654744742e-05 1.452572505360674054e-04 4.156286988066502670e-04 1.000000000000000021e-08 1.782538582272072601e-05 1.000000000000000021e-08 1.000000000000000021e-08 1.000000000000000021e-08 1.000000000000000021e-08 1.023587109563268624e-04 3.094785933153553631e-05 3.340507532589995969e-05 1.100793812810415032e-04 6.189204589361166115e-05 1.859135448226048712e-04 1.050861574619567796e-05 4.861586102734209800e-05 6.224906156358689011e-05 2.873415522380605094e-05 8.878025857840953926e-05 4.049069788721379172e-05 2.771185620761646361e-05 1.000000000000000021e-08 1.000000000000000021e-08 1.000000000000000021e-08 2.586710240624411373e-05 1.000000000000000021e-08 1.119581181192449939e-05 1.283081681644947046e-05 1.000000000000000021e-08 1.000000000000000021e-08 1.000000000000000021e-08 1.000000000000000021e-08 1.191593706034981517e-05 1.000000000000000021e-08 1.000000000000000021e-08
1.023502502654134082e-04 1.000000000000000021e-08 1.875078607293740584e-05 1.922452355119219760e-05 1.000000000000000021e-08 1.593925360358234230e-05 1.000000000000000021e-08 1.000000000000000021e-08 1.000000000000000021e-08 5.088047145467433240e-05 1.208652065394977873e-04 2.517143500908170092e-04 2.810175969221081203e-05 4.534433214688104221e-05 6.480464938273693999e-05 1.831466580945377922e-04 1.000000000000000021e-08 6.705305141687777776e-05 1.068185965379137381e-05 3.139144943924739983e-05 3.491584561882940155e-05 2.668490996498102194e-05 2.539095778603576729e-05 1.632276599908016217e-05 3.190004818659226537e-05 1.000000000000000021e-08 1.435311785774152031e-05 2.971421407839761132e-05 3.769154863579488474e-05 6.985481222724226359e-05 7.928647134993229686e-05 8.374825300094587547e-05 7.647463657937730516e-05 1.000000000000000021e-08 1.000000000000000021e-08 1.000000000000000021e-08 1.000000000000000021e-08
1.000000000000000021e-08 1.000000000000000021e-08 1.981804257636739472e-05 2.203277273282369376e-05 1.000000000000000021e-08 1.325651092007779051e-05 1.033068862265555367e-04 2.045841071002014880e-04 1.000000000000000021e-08 6.173405130476878515e-05 7.663882500074273665e-05 2.794188875755915561e-04 1.629091989846603546e-04 1.000000000000000021e-08 1.683457047980590346e-05 1.311190796988461447e-04 1.000000000000000021e-08 3.424151246312595029e-05 1.000000000000000021e-08 1.000000000000000021e-08 1.397829336405380070e-05 1.000000000000000021e-08 1.428256081701653568e-05 2.062493119786304194e-05 2.702557503818720227e-05 6.041220563260193971e-05 5.902951879759895634e-05 7.007160121682518570e-05 7.610690048684897943e-05 6.472228928614425544e-05 4.234648524744182821e-05 2.827625417042723685e-05 1.000000000000000021e-08 3.026854176532723653e-05 4.042203902152367666e-05 1.000000000000000021e-08 1.117073690326455399e-05
1.448486210566536649e-05 1.408035692507173207e-05 1.268953903016190244e-05 1.700872249971837529e-05 1.000000000000000021e-08 1.633112447350789319e-05 1.160613850457034368e-04 1.565475239352703222e-04 5.794967147325543328e-05 3.428463335346035448e-05 8.396106605051567465e-05 2.011138134216046468e-04 1.138758128591534308e-04 1.000000000000000021e-08 1.420834277070015989e-05 8.370214159840282239e-05 1.000000000000000021e-08 3.264880045513209175e-05 1.000000000000000021e-08 3.809392189006229084e-05 1.000000000000000021e-08 1.000000000000000021e-08 1.000000000000000021e-08 1.093242070676922119e-05 1.235613416583424646e-05 2.024928579010999035e-05 5.341261435074142464e-05 8.191090418922352800e-05 8.815540066828782598e-05 1.000000000000000021e-08 2.313490794175771258e-05 2.039629381120238027e-05 1.282327127550044802e-05 1.000000000000000021e-08 2.811020124138365804e-05 2.718167075789325876e-05 2.309721406117409300e-05
1.000000000000000021e-08 1.313330423846336389e-05 1.432282986572230113e-05 1.988580509822297624e-05 9.277061265604645394e-05 1.660890348102939855e-05 1.189738602615347514e-04 9.446871508746302974e-05 6.144573973321757084e-05 3.362614141302025002e-05 8.835378191639374685e-05 6.106377360042610381e-05 1.250983807601410821e-04 1.000000000000000021e-08 1.116815457143414560e-05 4.515871234930318522e-05 1.000000000000000021e-08 2.801064318470808387e-05 1.632897615170990282e-05 1.734679649907221611e-05 2.379173190901083526e-05 2.692010764328996210e-05 2.695194546664957496e-05 1.000000000000000021e-08 1.000000000000000021e-08 1.935441950330284801e-05 5.147803113162999970e-05 8.924059082884258946e-05 1.028726332577836001e-04 7.766591260057789366e-05 5.665102082651374851e-05 3.664306689657766131e-05 2.774236053483579442e-05 1.000000000000000021e-08 1.000000000000000021e-08 1.000000000000000021e-08 2.082534240285641868e-05
1.000000000000000021e-08 1.000000000000000021e-08 1.257757653870708859e-05 1.536458797601706076e-05 4.895319020923444129e-05 3.362338138134211569e-05 5.146796560026249527e-05 7.560438422706692782e-05 6.331774227285554338e-05 4.678526869408292717e-05 7.296698532398146952e-05 1.000000000000000021e-08 6.683766333947989977e-05 1.000000000000000021e-08 1.000000000000000021e-08 1.310843978366787588e-05 2.172069879306564718e-05 1.866629473532366185e-05 2.932065997766733522e-05 3.577386494523945962e-05 4.708834574603281065e-05 4.560645493277536031e-05 1.000000000000000021e-08 1.000000000000000021e-08 1.000000000000000021e-08 1.953963115568774556e-05 5.299787550539454198e-05 7.629793337054065162e-05 1.123871836477080772e-04 1.140819231611196586e-04 9.987994996679461007e-05 8.968915029670899899e-05 8.094590292121647812e-05 1.000000000000000021e-08 1.000000000000000021e-08 1.149099244439821971e-05 1.446958494852675831e-05
1.416251791928463592e-05 1.000000000000000021e-08 1.000000000000000021e-08 1.671779283216919874e-05 4.383648498130022825e-05 1.000000000000000021e-08 1.000000000000000021e-08 4.284824596389233392e-05 5.387191266812013532e-05 6.730159971396404764e-05 1.541196909231291271e-05 3.472835759860998819e-05 3.473385766986720259e-05 4.341789059057483952e-05 1.000000000000000021e-08 1.000000000000000021e-08 1.000000000000000021e-08 1.922701474944219432e-05 3.478389762614780432e-05 4.241132438330535032e-05 5.990452764957582770e-05 7.218496274333789002e-05 1.000000000000000021e-08 1.000000000000000021e-08 1.000000000000000021e-08 1.000000000000000021e-08 1.000000000000000021e-08 1.000000000000000021e-08 1.000000000000000021e-08 1.000000000000000021e-08 1.000000000000000021e-08 1.000000000000000021e-08 1.000000000000000021e-08 1.000000000000000021e-08 1.329501725916865676e-05 1.000000000000000021e-08 1.442668876972658878e-05
1.588015765407013087e-05 1.000000000000000021e-08 7.997942473289182982e-05 1.546617224298186058e-04 4.098166690994309525e-05 1.000000000000000021e-08 1.210152505989053449e-05 1.289536044280692815e-05 5.150685421162127560e-05 3.332752013681683793e-05 1.395327381936152456e-05 2.003628871754591312e-05 2.600159888453992165e-05 3.087883278717661940e-05 3.939476326345265397e-05 7.000085519828620436e-05 7.621382642921604631e-05 1.000000000000000021e-08 1.793347054104197819e-05 3.356527674122560608e-05 5.323465593104794705e-05 6.234033281747377859e-05 3.595257883197694861e-05 3.226003264438494315e-05 2.754970226001266737e-05 2.657974570240110123e-05 6.287318776042407655e-05 1.000000000000000021e-08 1.000000000000000021e-08 1.000000000000000021e-08 1.000000000000000021e-08 1.011340313525137869e-05 1.586038857073493878e-05 1.152823124188633068e-04 2.146609604528250002e-05 2.642739260044768557e-05 2.311389208120670597e-05
2.447990849297271222e-05 5.942657061704123100e-05 1.127068392070502479e-04 6.146406673982133108e-05 3.833129354736737225e-05 1.000000000000000021e-08 1.000000000000000021e-08 1.000000000000000021e-08 1.092726945866737507e-05 1.686236570164238523e-05 1.599168399919819280e-05 1.314835551176064856e-05 1.293696939767693584e-05 1.413518645136444511e-05 2.184951952603164820e-05 1.000000000000000021e-08 1.000000000000000021e-08 1.000000000000000021e-08 1.399041500619198715e-05 1.860504119080919882e-05 2.454557425452341901e-05 1.000000000000000021e-08 1.603145603933848372e-05 1.497474441936811570e-05 2.270537936637565511e-05 2.512106766281156739e-05 1.329015295732231578e-04 1.743465288358053613e-04 1.377168058041460322e-04 1.350657081777570183e-04 1.528828753469176896e-04 2.545243652383137188e-04 2.919333264499943950e-04 3.211888197857699499e-04 2.046806145046532158e-04 1.871705307889020740e-04 1.914932641490445881e-04
3.404941900897888630e-05 1.000000000000000021e-08 5.550939423044212116e-05 3.923097924051461254e-05 3.569332046417276826e-05 6.431223064061399215e-05 6.368347713157775731e-05 1.000000000000000021e-08 1.000000000000000021e-08 1.000000000000000021e-08 1.870229589341475889e-05 2.634391466352808251e-05 2.990712099510314781e-05 3.460645428667919778e-05 4.642036953743396399e-05 7.882245651148398185e-05 1.000000000000000021e-08 1.000000000000000021e-08 1.000000000000000021e-08 1.000000000000000021e-08 1.000000000000000021e-08 6.168917153891394472e-05 1.000000000000000021e-08 1.715522911198633844e-05 2.058152916299934971e-05 3.237337968186686899e-05 1.032047735236165211e-04 1.505631213869963085e-04 1.389075095283621465e-05 1.233690650823694295e-05 1.679834894858745701e-05 1.671925315655607550e-04 1.000000000000000021e-08 1.000000000000000021e-08 1.177390422009210096e-05 3.023799546569165743e-05 4.070987431562100026e-05
2.576350776602894768e-05 1.000000000000000021e-08 2.688681539133901588e-05 1.914851753190041539e-05 3.294746044750875621e-05 3.379839081158928470e-05 3.854176689866912385e-05 3.872526093920348518e-05 3.794687928837445743e-05 3.823627960470044740e-05 1.000000000000000021e-08 1.000000000000000021e-08 1.000000000000000021e-08 3.767189947601580426e-05 1.000000000000000021e-08 1.000000000000000021e-08 1.000000000000000021e-08 1.000000000000000021e-08 2.389908947578520257e-05 3.264764269995463130e-05 1.000000000000000021e-08 2.724054428430404547e-05 4.841717401047590367e-05 4.222550850705078095e-05 5.479713470711067064e-05 6.249361834046373784e-05 1.000000000000000021e-08 1.000000000000000021e-08 1.000000000000000021e-08 1.000000000000000021e-08 6.019551148446231021e-05 6.839264447131705694e-05 4.429610640381411531e-05 3.610998566306388666e-05 1.000000000000000021e-08 1.000000000000000021e-08 1.000000000000000021e-08
1.000000000000000021e-08 1.000000000000000021e-08 1.223277470154005596e-05 2.271350348951770457e-05 2.548537879099567146e-05 1.968406130586884559e-05 1.781458091715855334e-05 4.468244539066722209e-05 5.907609395182220117e-05 6.436159614291501021e-05 1.000000000000000021e-08 1.000000000000000021e-08 1.000000000000000021e-08 1.000000000000000021e-08 1.000000000000000021e-08 1.000000000000000021e-08 1.000000000000000021e-08 1.000000000000000021e-08 3.021282018285855467e-05 4.869049411471344948e-05 4.905008776615862529e-05 1.000000000000000021e-08 1.000000000000000021e-08 3.327104571328327718e-05 3.335641121319681191e-05 2.546217425300814890e-05 2.761413551049763597e-05 2.555072768193792461e-05 1.980779541908541386e-05 1.335724005930845841e-05 1.933959149580908465e-05 1.000000000000000021e-08 2.218203048549225565e-05 2.539701972090432336e-05 1.651733106213799145e-05 2.496722867822834447e-05 3.073702232382482331e-05
1.000000000000000021e-08 1.075301632806738078e-05 1.234822186477702091e-05 1.398632258355408629e-05 1.737538146783272351e-05 1.000000000000000021e-08 1.000000000000000021e-08 3.506173740315825151e-05 5.930333864426392128e-05 1.000000000000000021e-08 1.000000000000000021e-08 1.000000000000000021e-08 1.000000000000000021e-08 1.000000000000000021e-08 1.000000000000000021e-08 1.000000000000000021e-08 1.248695867951875916e-05 1.000000000000000021e-08 3.721149008474799812e-05 7.109559418701023230e-05 1.000000000000000021e-08 1.000000000000000021e-08 1.000000000000000021e-08 3.171115648675157790e-05 1.000000000000000021e-08 2.827096897399730425e-05 7.055010183251596474e-05 6.011393730408701180e-05 4.843622369020373838e-05 4.441348348123136511e-05 1.000000000000000021e-08 1.000000000000000021e-08 1.201350426538794189e-05 2.113382133112797946e-05 1.018270103073792577e-04 1.000000000000000021e-08 1.000000000000000021e-08
1.000000000000000021e-08 1.000000000000000021e-08 1.576594732339946575e-05 2.182626081701396269e-05 3.188665079605332476e-05 3.932388228899642905e-05 4.072514409467355807e-05 1.000000000000000021e-08 3.709785042448555985e-05 1.000000000000000021e-08 1.000000000000000021e-08 1.000000000000000021e-08 1.000000000000000021e-08 1.000000000000000021e-08 1.000000000000000021e-08 1.000000000000000021e-08 1.474064606454336165e-05 2.351566525920917170e-05 5.330327188594476237e-05 9.738268300111224782e-05 1.000000000000000021e-08 1.000000000000000021e-08 1.000000000000000021e-08 1.000000000000000021e-08 1.000000000000000021e-08 4.880136275335916643e-05 1.000000000000000021e-08 1.000000000000000021e-08 1.000000000000000021e-08 5.070713112772138681e-05 1.000000000000000021e-08 1.000000000000000021e-08 1.000000000000000021e-08 1.000000000000000021e-08 1.000000000000000021e-08 1.000000000000000021e-08 1.000000000000000021e-08
