output/water_depth_5160.asc
ncols 223
nrows 158
xllcorner 0.0
yllcorner 0.0
cellsize 30.0
[rows 102 to 118 of 158, columns 74 to 110 of 223]
1.000000000000000021e-08 1.000000000000000021e-08 1.190865697410330160e-04 1.201774472449066350e-04 7.906795448186543262e-05 4.490401255717874215e-05 2.975144318940381295e-05 1.000000000000000021e-08 1.000000000000000021e-08 1.000000000000000021e-08 1.000000000000000021e-08 1.000000000000000021e-08 1.000000000000000021e-08 1.000000000000000021e-08 2.854503135258558912e-05 1.000000000000000021e-08 4.716830865263728215e-05 2.120176014127175866e-04 6.070047249572873074e-04 2.851588393849826728e-04 4.335621191421856670e-04 2.611083594425050785e-04 2.469894435470872725e-04 8.770970150677498585e-04 1.221719830345163846e-04 3.731975814927130557e-04 5.890999751008865835e-04 3.349675030698344132e-04 2.518354288487864218e-05 2.150073887468249427e-05 1.000000000000000021e-08 1.000000000000000021e-08 1.000000000000000021e-08 2.036075139336092289e-04 4.014959566641592174e-04 2.802785977362528711e-04 6.071777558305157738e-04
1.000000000000000021e-08 1.000000000000000021e-08 1.395391399361545085e-04 1.000000000000000021e-08 1.000000000000000021e-08 2.299633656532062138e-05 1.000000000000000021e-08 1.569113285919561916e-05 1.000000000000000021e-08 1.000000000000000021e-08 1.000000000000000021e-08 1.000000000000000021e-08 1.000000000000000021e-08 1.000000000000000021e-08 1.000000000000000021e-08 1.254524860988133631e-05 4.059359111576801035e-05 7.497479465988146760e-05 9.089562529557226823e-05 5.922686290112941839e-04 3.227901867163452841e-04 8.953083848221478217e-04 8.229176512351111345e-04 1.127751501147389833e-03 2.380578063978930174e-03 4.394584376819506252e-04 6.626960474228533494e-04 7.235418531240261387e-04 7.580792585395842900e-05 3.023561042897526184e-05 2.574402645413375408e-05 1.000000000000000021e-08 1.000000000000000021e-08 1.000000000000000021e-08 9.091487182813788506e-05 4.571373912692503275e-04 3.373512066498586320e-04
1.000000000000000021e-08 1.000000000000000021e-08 1.000000000000000021e-08 1.000000000000000021e-08 1.000000000000000021e-08 1.000000000000000021e-08 1.127748993684235811e-05 1.000000000000000021e-08 1.000000000000000021e-08 1.000000000000000021e-08 1.000000000000000021e-08 1.000000000000000021e-08 1.000000000000000021e-08 1.000000000000000021e-08 1.000000000000000021e-08 3.567785329060738612e-05 8.004996637318826411e-05 1.000000000000000021e-08 1.000000000000000021e-08 2.431389514001149152e-04 5.373754951764367306e-04 4.998242678626732896e-04 7.324601176409049289e-04 6.526802168729606626e-04 1.255441459384120523e-03 2.798983907085273327e-03 6.058910833428198450e-04 1.540142952846998989e-03 1.237488042128718829e-04 1.181836732096052392e-04 4.479487821840733719e-05 3.818464553319880051e-05 1.192842689112690781e-05 1.000000000000000021e-08 4.025070427118038478e-05 1.821631518810351981e-04 2.728596315388667672e-03
1.000000000000000021e-08 1.000000000000000021e-08 1.000000000000000021e-08 4.317809681679031508e-05 6.046768140875767513e-05 1.000000000000000021e-08 1.000000000000000021e-08 1.286790702375339751e-05 1.000000000000000021e-08 1.000000000000000021e-08 1.000000000000000021e-08 1.000000000000000021e-08 1.840569047848471905e-05 2.090595671905220057e-05 1.000000000000000021e-08 1.000000000000000021e-08 1.000000000000000021e-08 1.000000000000000021e-08 1.000000000000000021e-08 1.000000000000000021e-08 3.295938799566571690e-04 3.341813793604394016e-04 3.295614404614065221e-04 4.352835383832954238e-04 5.814295902921023679e-04 1.658266738394869591e-03 6.231485893888168495e-04 6.654610025447302724e-04 6.530654809446788129e-04 2.401412710622982075e-04 2.432068255167796518e-04 8.799905546048790938e-05 1.686680006908946531e-04 2.046257191816851521e-04 2.852886952748305170e-04 3.236066194965544693e-04 7.308795114635825664e-04
1.000000000000000021e-08 1.000000000000000021e-08 1.000000000000000021e-08 1.000000000000000021e-08 1.000000000000000021e-08 1.000000000000000021e-08 1.000000000000000021e-08 1.000000000000000021e-08 1.401684877183996804e-05 1.000000000000000021e-08 1.000000000000000021e-08 1.000000000000000021e-08 2.456125036507365126e-05 2.880917080213516612e-05 1.000000000000000021e-08 1.000000000000000021e-08 1.000000000000000021e-08 1.000000000000000021e-08 1.000000000000000021e-08 1.000000000000000021e-08 1.508935333087949867e-05 1.846432089066530041e-04 1.120296425675843541e-04 2.402758737737288803e-05 3.959203157549490739e-05 2.074659055396068069e-04 2.365834064885840931e-04 7.564808819967493115e-04 4.402405284606821152e-04 5.835811557024415085e-04 2.605227782305493496e-04 5.569151184867393578e-04 4.878172538684639385e-04 6.208937696227487431e-04 5.485609467080694883e-04 6.496323572810487439e-04 1.433927149303559304e-03
1.000000000000000021e-08 1.000000000000000021e-08 1.119966533610804682e-05 1.000000000000000021e-08 1.000000000000000021e-08 2.981897530851716706e-05 1.000000000000000021e-08 1.000000000000000021e-08 1.000000000000000021e-08 1.754776932809229658e-05 1.000000000000000021e-08 1.000000000000000021e-08 1.000000000000000021e-08 1.000000000000000021e-08 1.000000000000000021e-08 1.000000000000000021e-08 3.446076049440911744e-05 4.200645792742621387e-05 3.959693322881427239e-05 2.626266281116289547e-05 1.000000000000000021e-08 7.217746458229507597e-05 3.941369115874029027e-05 1.000000000000000021e-08 2.359106309522853692e-05 5.896593877048801093e-05 2.448108365268286918e-04 3.148344005289617780e-04 6.552708596704555962e-04 3.961938461003436840e-04 5.646160843212629605e-04 4.773327676825923709e-04 9.058962968429737058e-04 2.338864006006437455e-05 1.964147137479263695e-05 1.675368318158177534e-05 1.441287607462874028e-04
1.000000000000000021e-08 1.796163346960923975e-05 1.000000000000000021e-08 1.000000000000000021e-08 1.000000000000000021e-08 1.000000000000000021e-08 2.437708889826911094e-05 4.090378111194636218e-05 6.049725688210709821e-05 7.298373637180935653e-05 1.000000000000000021e-08 1.323444180657749871e-05 1.000000000000000021e-08 1.000000000000000021e-08 1.027905495568101507e-05 1.000000000000000021e-08 3.035734570323077598e-05 5.145382763529607507e-05 5.059068375148630619e-05 4.006784536667379261e-05 6.327008288290452830e-05 1.000000000000000021e-08 1.000000000000000021e-08 1.000000000000000021e-08 1.000000000000000021e-08 4.974535674188657953e-05 9.644008779181117931e-05 3.672652015713020503e-04 3.366980914013761265e-04 6.371684353434684369e-04 3.816980336668339456e-04 1.310920205676258500e-03 6.716603309065808942e-05 2.086911722719195263e-05 1.000000000000000021e-08 1.000000000000000021e-08 1.000000000000000021e-08
1.000000000000000021e-08 2.199562372933609923e-05 1.000000000000000021e-08 1.000000000000000021e-08 1.091221065366852827e-05 1.000000000000000021e-08 1.000000000000000021e-08 1.000000000000000021e-08 1.000000000000000021e-08 1.000000000000000021e-08 1.000000000000000021e-08 3.450496703662104143e-05 3.883475835750431753e-05 1.000000000000000021e-08 2.145530907426741412e-05 1.000000000000000021e-08 1.000000000000000021e-08 1.000000000000000021e-08 3.213411242564924230e-05 1.000000000000000021e-08 1.000000000000000021e-08 1.000000000000000021e-08 1.745116214365377845e-05 3.527875575644506595e-05 9.396164755563848230e-05 2.231611738902984686e-05 1.161733125298288264e-04 4.818940914895335778e-04 1.256024030696780303e-03 1.377151131063045469e-03 1.251300060667007771e-03 1.732667254178928357e-03 4.239879344700921994e-04 1.813884284805080787e-05 1.000000000000000021e-08 1.000000000000000021e-08 1.000000000000000021e-08
1.000000000000000021e-08 3.425772959289393360e-05 1.010170576613213814e-05 1.323570448085557307e-05 1.732112688837114716e-05 1.000000000000000021e-08 1.000000000000000021e-08 1.000000000000000021e-08 1.000000000000000021e-08 1.000000000000000021e-08 2.818561827724041854e-05 5.227824534419634443e-05 6.103719102631986260e-05 1.000000000000000021e-08 2.662525045436452985e-05 1.000000000000000021e-08 1.000000000000000021e-08 1.000000000000000021e-08 1.000000000000000021e-08 1.000000000000000021e-08 1.000000000000000021e-08 1.000000000000000021e-08 1.000000000000000021e-08 8.878447475126637122e-05 1.744132237284725414e-04 9.362942773076833309e-05 2.442849780139422873e-04 3.828419095400942577e-04 1.472335243584459641e-04 2.818266476887669263e-04 4.818873565130104273e-04 1.569579951493773294e-03 6.222729514357547200e-04 5.424748963391046478e-04 1.702884566439559857e-04 1.461221899789457367e-04 4.598479929911880723e-05
1.000000000000000021e-08 3.439602426357303078e-05 1.709216845374282188e-05 2.018474177765598412e-05 1.903738808026456990e-05 1.351774612373895059e-05 1.196194873485214707e-05 1.000000000000000021e-08 1.000000000000000021e-08 2.212941225238867400e-05 4.605302914624246133e-05 5.756113948546683052e-05 7.233924409742419873e-05 1.000000000000000021e-08 2.490631170114282741e-05 1.000000000000000021e-08 1.000000000000000021e-08 1.000000000000000021e-08 1.000000000000000021e-08 1.000000000000000021e-08 1.000000000000000021e-08 1.000000000000000021e-08 1.430167773170741525e-05 9.266775376766940120e-05 2.150204708196583640e-04 2.477090577322275640e-04 2.495252994504615997e-05 1.898464666993972724e-05 1.441109081561947776e-04 3.620391477317909737e-04 6.467873878074710450e-04 1.536990555045993339e-03 1.543389323479087529e-03 6.510263869216755504e-04 6.984698579840128941e-04 2.641778398671762278e-04 2.644404249025087490e-04
1.000000000000000021e-08 4.009172681386779114e-05 2.393324354440288552e-05 2.664009684298092290e-05 2.201319020580253866e-05 1.580588772560292905e-05 1.356810177480757183e-05 1.131629981808987988e-05 1.000000000000000021e-08 1.774514144872976732e-05 8.380907684315813536e-05 6.236253492106329243e-05 7.929100137072716420e-05 1.000000000000000021e-08 1.000000000000000021e-08 1.000000000000000021e-08 1.000000000000000021e-08 1.000000000000000021e-08 1.000000000000000021e-08 1.000000000000000021e-08 1.000000000000000021e-08 1.000000000000000021e-08 1.621394453886477774e-05 1.000000000000000021e-08 6.888301743839442184e-05 1.556275315356676458e-04 5.671568581794640988e-04 1.360329928670223369e-04 2.566835896780224032e-04 3.784612191606568743e-04 9.070113152775995937e-04 1.370133719332503443e-03 9.240105271493552659e-04 1.337563801770484586e-03 6.384990907476039302e-04 7.683953141677942692e-04 3.232600747964865144e-04
1.000000000000000021e-08 5.845658228955012497e-05 2.884168834996963537e-05 2.493227442417645867e-05 3.361740347569901839e-05 1.925628166374118247e-05 1.336655268704856300e-05 1.488549704760245559e-05 1.235480838865016746e-05 2.301580726424728283e-05 1.159380133101320089e-04 8.197082692163579665e-05 7.504304475138303917e-05 1.000000000000000021e-08 1.631396371394503209e-05 2.526565574114425866e-05 1.136578476328140762e-05 1.442360285354961970e-05 1.000000000000000021e-08 1.000000000000000021e-08 1.000000000000000021e-08 1.000000000000000021e-08 1.000000000000000021e-08 1.000000000000000021e-08 5.808645807437726383e-05 1.326237350968106053e-04 1.425507538560455900e-04 1.000000000000000021e-08 1.000000000000000021e-08 3.328768001323296712e-05 2.872357773805660306e-05 1.797301698765311248e-04 8.978796758145584766e-04 1.997226919904495843e-03 1.851925106095423171e-03 8.246773852662260453e-04 9.813169018528561556e-04
3.701511658201094750e-04 1.088900942734601416e-04 4.099058208159727669e-05 4.141589486713071611e-05 4.203265502748322250e-05 2.056023711035351030e-05 1.782936784763835777e-05 5.259123782533920707e-05 1.000000000000000021e-08 3.500445907481546700e-05 1.369071603434246769e-04 7.804131990584326438e-05 8.458848385258788940e-05 6.889867943770903319e-05 5.896843533007647975e-05 7.598606143706596581e-05 2.049443672818055022e-05 1.881643481321992187e-05 1.630650663635118791e-05 1.000000000000000021e-08 1.000000000000000021e-08 1.000000000000000021e-08 1.000000000000000021e-08 1.293398985396932047e-05 1.000000000000000021e-08 1.000000000000000021e-08 1.000000000000000021e-08 1.000000000000000021e-08 1.000000000000000021e-08 1.000000000000000021e-08 1.000000000000000021e-08 1.000000000000000021e-08 7.173922826603380256e-04 8.842610745366011847e-04 2.155837351857931104e-03 3.442981567784834680e-03 1.461458350909710258e-03
5.044873118716982491e-03 3.330393615975586578e-03 2.079017649366376487e-03 2.418349036502418902e-03 4.106639719784103775e-04 3.155593482231598668e-04 1.000000000000000021e-08 7.153801022953666471e-05 4.748935551502045014e-05 5.217389384232887136e-05 1.561889746702476984e-04 7.365598430596385590e-05 1.022398030027457942e-04 1.002973730628599201e-04 1.079538081947804422e-04 1.422079607344145112e-04 2.836742903668523563e-05 3.342091722866986995e-05 1.822285792764984368e-05 1.000000000000000021e-08 1.000000000000000021e-08 1.000000000000000021e-08 1.000000000000000021e-08 2.449730384071882648e-05 1.721754453560159857e-05 1.000000000000000021e-08 1.000000000000000021e-08 1.000000000000000021e-08 1.000000000000000021e-08 1.000000000000000021e-08 1.000000000000000021e-08 1.000000000000000021e-08 3.419440775212960546e-05 2.408837103026002026e-05 2.049721196061127086e-04 9.746224793338006996e-04 3.629137894754485942e-03
6.851532090219536290e-03 8.064780090091636100e-03 1.236323487130624836e-02 1.828860906044193352e-02 1.294188662820290603e-02 8.120386138447233115e-03 5.820616002559544401e-03 3.415744242613126275e-03 2.425732348582403282e-03 1.701376293419911518e-03 3.229912272876220574e-04 7.864239949803034319e-05 1.330764037844458050e-04 1.667136009290016020e-04 2.611970365017884758e-04 1.510513070162863370e-04 5.642820266735181601e-05 3.511360141672654719e-05 1.752122870189943960e-05 1.454224079537652324e-05 1.000000000000000021e-08 1.000000000000000021e-08 1.000000000000000021e-08 3.418969652564236671e-05 2.667446381356168033e-05 1.000000000000000021e-08 1.000000000000000021e-08 1.000000000000000021e-08 1.000000000000000021e-08 1.000000000000000021e-08 1.000000000000000021e-08 1.000000000000000021e-08 2.967703425551853415e-05 9.355246504800599221e-05 9.137794697712679000e-05 1.082037316804814012e-04 1.229868479938963797e-04
2.642244550760751879e-05 2.294572838043623848e-05 4.563661995621778595e-05 1.000000000000000021e-08 1.282987508677647936e-02 1.160332755217254389e-02 1.726066683459242732e-02 1.163451943114107365e-02 1.010743729753992709e-02 1.143901464880948439e-02 3.571358282941611284e-03 1.131301636165939022e-04 1.660019501927780959e-04 2.553515805118978447e-04 3.798535375155378949e-05 1.681935809444840002e-04 7.271402648684035846e-05 3.904214613608508847e-05 3.294302308365925795e-05 1.000000000000000021e-08 1.000000000000000021e-08 1.000000000000000021e-08 1.258317018780521369e-05 3.887483448943524292e-05 3.643802380489432057e-05 1.000000000000000021e-08 1.000000000000000021e-08 6.226923982332963493e-05 8.684319655078825409e-05 1.000000000000000021e-08 1.000000000000000021e-08 1.322363831244396805e-05 4.322540009721873087e-04 3.973530121774120484e-05 1.000000000000000021e-08 1.000000000000000021e-08 1.000000000000000021e-08
1.000000000000000021e-08 1.099064461916802977e-05 1.000000000000000021e-08 1.000000000000000021e-08 4.051405696504591959e-05 5.476260967272270221e-05 6.649358936099403737e-05 1.126278877658080414e-02 1.248228803018910753e-02 2.453228053716494800e-02 2.726352909860847024e-02 2.037472908294898563e-02 2.291018967371180257e-02 2.090788134929667114e-02 2.875662452243429867e-02 2.170270974801934497e-02 5.150027211788146646e-04 1.709525626407922591e-04 4.536779775199488294e-05 1.000000000000000021e-08 1.000000000000000021e-08 1.000000000000000021e-08 1.000000000000000021e-08 1.000000000000000021e-08 4.508027984443036592e-05 1.000000000000000021e-08 1.000000000000000021e-08 1.047325405673300235e-05 7.696093919980783219e-05 7.591415592707381613e-05 9.716274124952897697e-05 1.000000000000000021e-08 3.544625454346930933e-05 5.628408212534951119e-04 4.607930871032835476e-04 5.285650845911107464e-04 6.337424510587105287e-04
