output/water_depth_10800.asc
ncols 223
nrows 158
xllcorner 0.0
yllcorner 0.0
cellsize 30.0
[rows 68 to 84 of 158, columns 185 to 221 of 223]
1.000000000000000021e-08 1.000000000000000021e-08 1.002786495858700600e-05 1.000000000000000021e-08 1.000000000000000021e-08 1.000000000000000021e-08 1.000000000000000021e-08 1.000000000000000021e-08 1.000000000000000021e-08 1.000000000000000021e-08 1.000000000000000021e-08 1.000000000000000021e-08 4.391949087374840489e-05 1.057821826689371304e-04 9.142443240602520860e-05 2.012110281885395849e-05 4.283028770803045635e-05 9.730567122664162869e-05 1.389717516288462452e-03 1.929366469007801196e-04 2.156795694126120927e-04 1.000000100000000021e-05 1.000000100000000021e-05 1.000000100000000021e-05 1.000000100000000021e-05 1.000000100000000021e-05 1.000000100000000021e-05 1.000000100000000021e-05 1.000000100000000021e-05 1.000000100000000021e-05 1.000000100000000021e-05 1.000000100000000021e-05 1.000000100000000021e-05 1.000000100000000021e-05 1.000000100000000021e-05 1.000000100000000021e-05 1.000000100000000021e-05
1.000000000000000021e-08 1.000000000000000021e-08 1.000000000000000021e-08 1.000000000000000021e-08 1.000000000000000021e-08 1.000000000000000021e-08 1.000000000000000021e-08 1.000000000000000021e-08 1.000000000000000021e-08 1.000000000000000021e-08 1.000000000000000021e-08 1.000000000000000021e-08 3.545097470242556358e-05 2.729409196021422533e-03 1.543000344657617434e-04 5.118510526943387495e-05 1.000000000000000021e-08 1.000000000000000021e-08 9.868409822415747832e-05 1.482346452802641356e-04 2.744347701955038321e-04 1.000000100000000021e-05 1.000000100000000021e-05 1.000000100000000021e-05 1.000000100000000021e-05 1.000000100000000021e-05 1.000000100000000021e-05 1.000000100000000021e-05 1.000000100000000021e-05 1.000000100000000021e-05 1.000000100000000021e-05 1.000000100000000021e-05 1.000000100000000021e-05 1.000000100000000021e-05 1.000000100000000021e-05 1.000000100000000021e-05 1.000000100000000021e-05
1.000000000000000021e-08 1.000000000000000021e-08 1.000000000000000021e-08 1.000000000000000021e-08 1.000000000000000021e-08 1.000000000000000021e-08 1.000000000000000021e-08 1.000000000000000021e-08 1.000000000000000021e-08 1.000000000000000021e-08 1.000000000000000021e-08 3.004838821635494808e-05 2.849403622630201655e-05 2.178910865395654016e-05 1.349824132145858963e-05 1.000000000000000021e-08 1.000000000000000021e-08 1.000000000000000021e-08 6.202669512253995146e-05 1.367362187685410837e-04 3.729609021451236127e-04 1.000000100000000021e-05 1.000000100000000021e-05 1.000000100000000021e-05 1.000000100000000021e-05 1.000000100000000021e-05 1.000000100000000021e-05 1.000000100000000021e-05 1.000000100000000021e-05 1.000000100000000021e-05 1.000000100000000021e-05 1.000000100000000021e-05 1.000000100000000021e-05 1.000000100000000021e-05 1.000000100000000021e-05 1.000000100000000021e-05 1.000000100000000021e-05
1.000000000000000021e-08 1.000000000000000021e-08 1.000000000000000021e-08 1.000000000000000021e-08 1.000000000000000021e-08 1.000000000000000021e-08 1.000000000000000021e-08 1.000000000000000021e-08 1.000000000000000021e-08 1.000000000000000021e-08 1.000000000000000021e-08 5.194656958990682299e-05 2.211892916221805318e-05 1.000000000000000021e-08 1.000000000000000021e-08 1.918329886160273826e-05 1.000000000000000021e-08 1.000000000000000021e-08 4.653972214710846522e-05 1.664523534415053498e-04 2.381464345234276896e-04 2.168124347618461095e-04 1.000000100000000021e-05 1.000000100000000021e-05 1.000000100000000021e-05 1.000000100000000021e-05 1.000000100000000021e-05 1.000000100000000021e-05 1.000000100000000021e-05 1.000000100000000021e-05 1.000000100000000021e-05 1.000000100000000021e-05 1.000000100000000021e-05 1.000000100000000021e-05 1.000000100000000021e-05 1.000000100000000021e-05 1.000000100000000021e-05
1.000000000000000021e-08 1.000000000000000021e-08 1.000000000000000021e-08 1.000000000000000021e-08 1.000000000000000021e-08 1.000000000000000021e-08 1.000000000000000021e-08 1.000000000000000021e-08 1.000000000000000021e-08 1.000000000000000021e-08 1.000000000000000021e-08 5.840077202896718682e-05 1.000000000000000021e-08 1.000000000000000021e-08 1.000000000000000021e-08 2.060596199946242033e-05 1.663356703385126094e-05 1.227613468502355812e-05 4.215909965904233113e-05 1.174909028271277161e-04 3.442903408641206464e-04 1.546202666115864121e-04 1.000000000000000021e-08 1.000000100000000021e-05 1.000000100000000021e-05 1.000000100000000021e-05 1.000000100000000021e-05 1.000000100000000021e-05 1.000000100000000021e-05 1.000000100000000021e-05 1.000000100000000021e-05 1.000000100000000021e-05 1.000000100000000021e-05 1.000000100000000021e-05 1.000000100000000021e-05 1.000000100000000021e-05 1.000000100000000021e-05
1.952364048531846942e-04 1.000000000000000021e-08 1.000000000000000021e-08 1.000000000000000021e-08 1.000000000000000021e-08 1.000000000000000021e-08 1.000000000000000021e-08 1.000000000000000021e-08 2.550036226502875217e-05 1.000000000000000021e-08 1.460578332500633364e-05 9.764635568513129772e-05 2.131694272341863678e-05 1.000000000000000021e-08 1.000000000000000021e-08 2.002875749875310734e-05 2.505243161794322611e-05 2.370299909107142445e-05 4.060163348270935652e-05 1.496146323074864343e-04 5.029898206811715851e-04 1.393895049253824736e-04 2.836865013669066169e-05 2.440827629183754387e-05 1.000000100000000021e-05 1.000000100000000021e-05 1.000000100000000021e-05 1.000000100000000021e-05 1.000000100000000021e-05 1.000000100000000021e-05 1.000000100000000021e-05 1.000000100000000021e-05 1.000000100000000021e-05 1.000000100000000021e-05 1.000000100000000021e-05 1.000000100000000021e-05 1.000000100000000021e-05
1.526656738856935203e-02 1.000000000000000021e-08 1.000000000000000021e-08 1.000000000000000021e-08 1.000000000000000021e-08 1.000000000000000021e-08 1.000000000000000021e-08 1.000000000000000021e-08 1.744034155081299818e-05 1.000000000000000021e-08 1.442193512665617830e-05 1.496898146238589522e-04 3.430966005826794371e-05 1.000000000000000021e-08 1.000000000000000021e-08 2.116900798051748529e-05 5.076908349577626651e-05 2.424655456926299010e-05 3.624289275491104966e-05 8.770013690135364714e-05 7.351344636284060921e-04 2.059857215854296196e-04 1.110856259171115888e-05 1.000000000000000021e-08 1.000000100000000021e-05 1.000000100000000021e-05 1.000000100000000021e-05 1.000000100000000021e-05 1.000000100000000021e-05 1.000000100000000021e-05 1.000000100000000021e-05 1.000000100000000021e-05 1.000000100000000021e-05 1.000000100000000021e-05 1.000000100000000021e-05 1.000000100000000021e-05 1.000000100000000021e-05
1.439472018753914714e-02 1.181689601521153203e-02 2.683987307616155676e-05 1.000000000000000021e-08 1.000000000000000021e-08 1.000000000000000021e-08 1.000000000000000021e-08 1.000000000000000021e-08 1.000000000000000021e-08 1.000000000000000021e-08 3.932008528312308228e-05 1.849193815752284684e-04 3.187109514631730495e-05 1.000000000000000021e-08 1.000000000000000021e-08 2.254956967894907117e-05 7.698674501299300000e-05 4.299597500427425491e-05 2.638332406088948276e-05 1.039368835501357745e-02 1.077155161507098273e-02 4.271075885431956126e-05 1.000000000000000021e-08 1.000000000000000021e-08 1.000000100000000021e-05 1.000000100000000021e-05 1.000000100000000021e-05 1.000000100000000021e-05 1.000000100000000021e-05 1.000000100000000021e-05 1.000000100000000021e-05 1.000000100000000021e-05 1.000000100000000021e-05 1.000000100000000021e-05 1.000000100000000021e-05 1.000000100000000021e-05 1.000000100000000021e-05
1.882315618134033572e-02 1.202821624730624275e-02 2.878371783395760803e-05 1.000000000000000021e-08 1.000000000000000021e-08 1.000000000000000021e-08 1.000000000000000021e-08 1.000000000000000021e-08 1.000000000000000021e-08 1.000000000000000021e-08 3.706422340135140988e-05 2.606474524850495647e-04 4.662213250796747071e-05 1.000000000000000021e-08 1.000000000000000021e-08 1.000000000000000021e-08 8.539857596403430367e-05 3.246420291983692538e-05 7.826885066632590510e-03 9.533575858541996906e-03 1.048263409971320927e-02 1.000000000000000021e-08 1.000000000000000021e-08 1.000000000000000021e-08 1.446642839029863318e-03 1.449741305203869735e-05 1.000000100000000021e-05 1.000000100000000021e-05 1.000000100000000021e-05 1.000000100000000021e-05 1.000000100000000021e-05 1.000000100000000021e-05 1.000000100000000021e-05 1.000000100000000021e-05 1.000000100000000021e-05 1.000000100000000021e-05 1.000000100000000021e-05
2.777696800953245032e-02 8.830428669871832892e-03 2.596916943916892812e-05 1.000000000000000021e-08 1.000000000000000021e-08 1.000000000000000021e-08 1.000000000000000021e-08 1.000000000000000021e-08 1.000000000000000021e-08 1.834038715376592199e-05 3.368362017885135771e-05 3.228601947422813376e-04 4.918496237182943924e-05 1.749942762359997847e-05 2.047257783456601636e-05 1.902147079150817981e-04 1.352870808623272232e-03 1.528093231889685738e-03 2.429465151200111035e-03 7.648581889257455649e-03 1.541418620519459945e-04 1.966435678843986550e-03 3.548364048993569108e-05 1.882238843762421232e-05 1.000000000000000021e-08 1.000000000000000021e-08 1.000000100000000021e-05 1.000000100000000021e-05 1.000000100000000021e-05 1.000000100000000021e-05 1.000000100000000021e-05 1.000000100000000021e-05 1.000000100000000021e-05 1.000000100000000021e-05 1.000000100000000021e-05 1.000000100000000021e-05 1.000000100000000021e-05
2.991275787622397347e-02 1.210015981221350574e-02 3.734107595101430419e-05 1.000000000000000021e-08 1.000000000000000021e-08 1.000000000000000021e-08 1.412950782203001185e-05 2.490546894536111231e-05 4.011616196327289868e-05 6.163186839891398260e-05 1.752478362854489533e-03 6.514594796977483861e-04 5.575010356428941952e-04 8.423626612124485461e-04 1.626879160777114190e-03 1.140224209584600468e-02 2.083466519243490616e-03 1.379896322538099558e-03 1.000000000000000021e-08 1.000000000000000021e-08 1.000000000000000021e-08 1.000000000000000021e-08 1.000000000000000021e-08 1.000000000000000021e-08 1.000000000000000021e-08 1.000000000000000021e-08 1.000000100000000021e-05 1.000000100000000021e-05 1.000000100000000021e-05 1.000000100000000021e-05 1.000000100000000021e-05 1.000000100000000021e-05 1.000000100000000021e-05 1.000000100000000021e-05 1.000000100000000021e-05 1.000000100000000021e-05 1.000000100000000021e-05
3.507088161410648608e-02 1.316610078168204412e-01 1.595657870972342805e-04 1.000000000000000021e-08 1.000000000000000021e-08 1.000000000000000021e-08 1.000000000000000021e-08 1.000000000000000021e-08 1.000000000000000021e-08 1.901103484250599095e-05 1.247145208650394393e-04 1.406709272689840584e-02 1.324281815178227073e-03 1.443946402392885277e-03 1.672683737333387167e-03 1.000000000000000021e-08 1.000000000000000021e-08 1.000000000000000021e-08 1.000000000000000021e-08 1.000000000000000021e-08 1.000000000000000021e-08 1.000000000000000021e-08 1.000000000000000021e-08 1.000000000000000021e-08 1.000000000000000021e-08 1.000000000000000021e-08 1.000000100000000021e-05 1.000000100000000021e-05 1.000000100000000021e-05 1.000000100000000021e-05 1.000000100000000021e-05 1.000000100000000021e-05 1.000000100000000021e-05 1.000000100000000021e-05 1.000000100000000021e-05 1.000000100000000021e-05 1.000000100000000021e-05
2.089304745465074976e-04 1.031605331612171633e-01 4.701600255793163263e-02 2.096693530380512409e-04 1.000000000000000021e-08 1.209971491120210201e-05 1.000000000000000021e-08 1.000000000000000021e-08 1.000000000000000021e-08 1.000000000000000021e-08 9.453816247131314522e-05 1.224751390920951997e-02 1.299323806601113997e-02 1.326659286046558616e-03 2.590608856814063921e-04 1.000000000000000021e-08 1.000000000000000021e-08 1.000000000000000021e-08 1.000000000000000021e-08 1.000000000000000021e-08 1.000000000000000021e-08 1.000000000000000021e-08 1.000000000000000021e-08 1.000000000000000021e-08 1.000000000000000021e-08 1.000000000000000021e-08 1.000000100000000021e-05 1.000000100000000021e-05 1.000000100000000021e-05 1.000000100000000021e-05 1.000000100000000021e-05 1.000000100000000021e-05 1.000000100000000021e-05 1.000000100000000021e-05 1.000000100000000021e-05 1.000000100000000021e-05 1.000000100000000021e-05
1.000000000000000021e-08 1.000000000000000021e-08 4.707204395711566541e-02 2.354564255964025632e-02 2.066819507271228443e-02 4.026728318141729358e-03 1.000000000000000021e-08 1.000000000000000021e-08 1.000000000000000021e-08 1.000000000000000021e-08 6.353526292731007206e-05 4.016978252703879565e-03 1.068714838325386489e-02 1.551299989196146668e-04 4.092216738384690767e-05 1.000000000000000021e-08 1.000000000000000021e-08 1.000000000000000021e-08 1.000000000000000021e-08 1.000000000000000021e-08 1.000000000000000021e-08 1.000000000000000021e-08 1.000000000000000021e-08 1.000000000000000021e-08 1.000000000000000021e-08 1.000000000000000021e-08 1.000000100000000021e-05 1.000000100000000021e-05 1.000000100000000021e-05 1.000000100000000021e-05 1.000000100000000021e-05 1.000000100000000021e-05 1.000000100000000021e-05 1.000000100000000021e-05 1.000000100000000021e-05 1.000000100000000021e-05 1.000000100000000021e-05
1.000000000000000021e-08 1.000000000000000021e-08 1.000000000000000021e-08 2.351038225547827029e-02 1.237055054494713563e-01 1.014552569331168136e-01 4.780645133698988025e-02 2.691511220776094944e-04 1.331739161423637068e-04 1.222705286868277326e-03 1.573995958012841924e-03 2.571596430560562675e-03 2.268425517798654180e-04 2.505424954746446851e-03 1.000000000000000021e-08 1.000000000000000021e-08 1.000000000000000021e-08 1.000000000000000021e-08 1.000000000000000021e-08 1.000000000000000021e-08 1.000000000000000021e-08 1.000000000000000021e-08 1.000000000000000021e-08 1.000000000000000021e-08 1.000000000000000021e-08 1.000000000000000021e-08 1.000000100000000021e-05 1.000000100000000021e-05 1.000000100000000021e-05 1.000000100000000021e-05 1.000000100000000021e-05 1.000000100000000021e-05 1.000000100000000021e-05 1.000000100000000021e-05 1.000000100000000021e-05 1.000000100000000021e-05 1.000000100000000021e-05
1.000000000000000021e-08 1.000000000000000021e-08 1.000000000000000021e-08 8.468344245960438476e-05 8.147928124892404931e-05 6.169885435656729503e-05 4.027274156135218774e-02 9.597353972067453748e-03 2.992806300631163392e-03 1.594431062599408833e-03 1.622666983442340406e-03 1.572004331904840960e-03 1.000000000000000021e-08 1.000000000000000021e-08 1.000000000000000021e-08 1.000000000000000021e-08 1.000000000000000021e-08 1.000000000000000021e-08 1.000000000000000021e-08 1.000000000000000021e-08 1.626502490203372381e-05 1.124957682232249999e-05 1.000000000000000021e-08 1.000000000000000021e-08 1.000000000000000021e-08 1.000000000000000021e-08 1.000000100000000021e-05 1.000000100000000021e-05 1.000000100000000021e-05 1.000000100000000021e-05 1.000000100000000021e-05 1.000000100000000021e-05 1.000000100000000021e-05 1.000000100000000021e-05 1.000000100000000021e-05 1.000000100000000021e-05 1.000000100000000021e-05
1.168701375175582580e-05 1.000000000000000021e-08 1.000000000000000021e-08 1.000000000000000021e-08 1.000000000000000021e-08 1.000000000000000021e-08 4.033945907040155376e-02 1.073634202453578323e-01 1.017362743367487971e-01 1.945368313104948706e-03 1.397725546584927762e-03 8.255833538146741327e-04 1.000000000000000021e-08 1.000000000000000021e-08 1.000000000000000021e-08 1.000000000000000021e-08 1.000000000000000021e-08 1.000000000000000021e-08 1.000000000000000021e-08 1.935023561290052715e-05 1.180467597421941384e-05 1.330846433862722255e-05 1.000000000000000021e-08 1.000000000000000021e-08 1.000000000000000021e-08 1.888274124023666710e-05 1.714740606768456400e-05 1.000000100000000021e-05 1.000000100000000021e-05 1.000000100000000021e-05 1.000000100000000021e-05 1.000000100000000021e-05 1.000000100000000021e-05 1.000000100000000021e-05 1.000000100000000021e-05 1.000000100000000021e-05 1.000000100000000021e-05
