output/water_depth_5640.asc
ncols 223
nrows 158
xllcorner 0.0
yllcorner 0.0
cellsize 30.0
[rows 68 to 84 of 158, columns 74 to 110 of 223]
7.552384635111282507e-05 8.197004079292005663e-05 4.524409949181335271e-04 2.445466748269993745e-05 3.006494765842325284e-05 2.437762900743486338e-05 2.340673717539956363e-04 1.799789027816277374e-04 1.169394384300115878e-04 7.158559652461468420e-05 3.998831644934032123e-05 3.128108248079132210e-04 8.177017781550919000e-04 1.078724429813583035e-03 2.608255469004438880e-03 3.295078438660508421e-03 6.660867410711019234e-04 2.104626516013810794e-04 1.711944634469695227e-04 1.577083371700316967e-04 3.642654499776229351e-04 1.507070884482395205e-03 2.250044659518151118e-03 2.008770424464338244e-03 2.185273784838981295e-03 1.306016331153531801e-03 1.917171383042497960e-03 1.600274331841362602e-03 1.771986787486423427e-03 2.051033808453971152e-03 3.276070140585610711e-03 3.589958955525709636e-03 2.493432202404706130e-03 1.655325282426681676e-03 2.283562704792345573e-04 7.141330245300864460e-05 6.104405704022933135e-05
1.046516097676276512e-03 9.346669023613371399e-04 4.342666049522795062e-04 1.240200915536285515e-04 7.283424046338462458e-05 7.517732627265291310e-05 3.243813835325424187e-04 3.257348081953251122e-04 2.663544419599096465e-04 1.938591051740225690e-04 1.462438003288005217e-04 2.309158641332233859e-04 4.496715084136110275e-04 1.003521962891277104e-04 2.709935117431261993e-04 6.259432051794441886e-04 3.905618671318825640e-04 4.995562142674985591e-04 2.022755146255431589e-04 3.201721259101488674e-04 4.956765524298859232e-04 6.340319180923815936e-04 4.242301466344603747e-04 5.414152288370434503e-04 3.798835987836049694e-04 7.524311777861458512e-04 1.258348157614670509e-03 1.389702238417388300e-03 9.659007598388621909e-04 1.022501035421186696e-03 1.461633722386270103e-03 1.751559461669373926e-03 2.653703767063050542e-03 2.932585824691654949e-03 9.955715933969259968e-04 8.979950319068835587e-04 2.981987777278216037e-04
1.030743053774220951e-03 8.015480403601838539e-04 1.845358150813485195e-04 1.487684909303800302e-04 1.990872491499505350e-04 1.752309439998143677e-04 2.885031657259145036e-04 2.868668814810548568e-04 4.316983839816460663e-04 3.482602208568275938e-04 4.269369511736355620e-04 3.284013459322599176e-04 4.362287307065255992e-04 1.646647699723706058e-04 5.783704664961193285e-04 3.653298312386163080e-04 6.295727026820990401e-04 7.675197577657576209e-04 6.657549534031367757e-04 1.700759153634327520e-03 2.895604205626724388e-03 2.610466599505000419e-03 3.456790567621379970e-03 2.978418373606564560e-03 3.101180855395706346e-03 2.551903489225752254e-03 2.302152793864660225e-03 3.438067838809587273e-03 6.351223485774462130e-04 8.275660093670412793e-04 6.471922935992410492e-04 9.811871765668344052e-04 1.325928751412108189e-03 3.024618998636790634e-03 4.248104548335509753e-03 3.955303837490686467e-03 5.240841155824496091e-03
1.600067408814734825e-03 1.905184266169748818e-04 5.762653093844881885e-05 1.094602204741823803e-04 1.147840971295006679e-04 2.473137909035394194e-04 2.814699325462287805e-04 3.694218841966614574e-04 2.691972007349028120e-04 3.780340730241465910e-04 1.324870413156251634e-04 2.549973513695888319e-04 2.431331123370397945e-04 2.117641135518674375e-03 1.639512297465310934e-03 9.151011870538364830e-04 1.066911979588325851e-03 1.504531158512500142e-03 5.702508129011155287e-03 4.150761556966626672e-03 2.680395588062473630e-03 1.959096746891105401e-03 1.081200053887628127e-03 6.190158435002530383e-04 1.601760056979053886e-03 1.151092476491054556e-03 1.843966432391781285e-03 7.543676147704816287e-04 8.735637384788613388e-04 7.113455843784859773e-04 9.028756854043452906e-04 7.714347625157860679e-04 1.126686513401422510e-03 1.496536061549705570e-03 3.978449251024844362e-03 2.785624613588051027e-03 3.974019962506556737e-03
6.713533306499778509e-04 1.981248788655214609e-03 5.935422640870937358e-04 5.046248062547007644e-04 7.772068965070330106e-04 5.829567380021658148e-04 6.935354464106457603e-04 5.196882345122729114e-04 3.508563583987466374e-04 1.169007511441948129e-04 2.089821519425172423e-04 1.829012248986941122e-04 2.629685148053746875e-04 2.489776216722337093e-04 5.572102981875968336e-04 5.700924827112908771e-04 9.162472887096790187e-04 7.815109005344628807e-04 1.963816003462862548e-03 1.062381354369209586e-03 6.242924014546746576e-04 3.579690692317376126e-04 1.557222856262223377e-04 2.439767821452520176e-04 5.096410305995888569e-04 7.659024065923540235e-04 8.163421174070719776e-04 9.834518932865178760e-04 5.726686514383313650e-04 9.697297751701447737e-04 3.521917804329342773e-04 6.564729546923068300e-04 6.278517409380903044e-04 1.039355104794430999e-03 9.633289876169171245e-04 3.418611000036403825e-03 1.958535301032817994e-03
8.536823535384696886e-04 1.547672957485605278e-03 1.814119984905571917e-04 2.636565061435656152e-04 7.597677739128331023e-05 1.247384229358652820e-04 9.663758361631126026e-05 1.821219041426401920e-04 3.992343914006105912e-04 6.597079785925577273e-04 6.333676657518007161e-04 7.697453213627849719e-04 6.423598290691187032e-04 7.545263568995643107e-04 6.019790228021886219e-04 7.120165605646040612e-04 6.868783068117718764e-04 9.187812022147631881e-04 7.401695711689611342e-04 1.143229661666029639e-03 9.052706120419862224e-04 1.069814171474414840e-03 7.548226661048806083e-04 8.678002579550098431e-04 3.042029073994582510e-04 3.006121123197109469e-04 3.708879632999453196e-04 1.072180674453239837e-03 1.134570546512587031e-03 9.140307213692499535e-04 1.518936682984752548e-03 1.144906881511329648e-03 1.362138680501403642e-03 1.072906368632995430e-03 3.886622936020204654e-03 3.706351028249388595e-03 2.898394316071888598e-03
1.000000000000000021e-08 1.616396256227969159e-03 2.338807837880281688e-03 2.410797449864137808e-03 1.780648887805166749e-03 1.187551505484117902e-03 7.533306084187955682e-04 5.569277010527605236e-05 1.555119515712590134e-04 2.021704330112085923e-04 3.771729790476600007e-04 3.443918060925899656e-04 4.157725650814075185e-04 4.036362609673871545e-04 5.439770342610256160e-04 1.518459373761244392e-03 8.595271644484103052e-04 5.395742088043661800e-04 4.452039364240930252e-04 5.074669137385688948e-04 1.187516806666013289e-03 3.455654762984496173e-04 5.239587990272249595e-04 5.105523893547213700e-04 5.716869411798470180e-04 6.324542688105219777e-04 4.371171821520497330e-04 5.152632070880779850e-04 4.238648725253341999e-03 9.831028481211679347e-04 9.069171696163901919e-04 7.163499220416216784e-04 7.359991604169441445e-04 5.991223817026418257e-04 3.082144168282814102e-03 5.521937164766952018e-03 2.210948796702811702e-03
1.000000000000000021e-08 1.356019324091431726e-05 1.993076362853928176e-05 1.728582309227423715e-05 2.738359877696565923e-04 4.971948076317766248e-04 4.582626497713928031e-04 5.776475266381477305e-04 3.770249227080937427e-04 4.153330903116288241e-04 2.970212033378746559e-04 3.715307808031348370e-04 3.095415792407280107e-04 3.763611398805993152e-04 1.127877894002457786e-03 1.293014147217672613e-03 1.314731265481964943e-03 1.419465302392712179e-04 1.106253531722890132e-04 9.079553798036797750e-05 1.109962281337905103e-04 1.190838737033387065e-04 1.959244538459984242e-04 3.047713354672965873e-04 3.120509223862737418e-03 3.432568252199671294e-03 4.405407893562880012e-03 2.950782280643217317e-03 2.373892494229440635e-03 2.699285820330733082e-03 9.470078623261916082e-04 1.169735671049487334e-03 8.441352226792196625e-04 4.509013408296883366e-04 1.562756483437772233e-03 3.948127366723771202e-03 3.298550213919144471e-03
3.511874026473350266e-05 1.000000000000000021e-08 1.000000000000000021e-08 1.551275559850986727e-05 1.000000000000000021e-08 1.000000000000000021e-08 6.003217054252714608e-05 8.860883904172596557e-05 7.461265829792994428e-05 7.862934356330124395e-05 8.756010935845193600e-05 4.253103949459831226e-04 2.197946678289753580e-05 2.652528548880870793e-05 7.600819688807026802e-04 1.217834481533336096e-03 1.232702464627632825e-03 4.412586866141385744e-04 1.726946533703450069e-04 1.496966499933538434e-04 1.264439097447571836e-04 1.669476667907897642e-04 1.436065631184740854e-04 7.386626126739018021e-04 6.506541327904212047e-05 1.264798248953998233e-04 1.448270663002235994e-04 4.582053549860059171e-04 5.671325741260232296e-04 5.505595181256313191e-04 8.275168497040958585e-04 8.085803601998730076e-04 4.460908828912954309e-03 2.728192913139385230e-03 3.695198258081229363e-03 1.081256727382527011e-02 2.876207694729139216e-02
1.220987854453448138e-04 1.136077369981845520e-04 9.500352498810329461e-05 1.000000000000000021e-08 1.000000000000000021e-08 1.000000000000000021e-08 1.000000000000000021e-08 1.000000000000000021e-08 1.000000000000000021e-08 1.000000000000000021e-08 2.756983472076762745e-05 1.830462373960891237e-05 2.641541557160051999e-04 1.114331075230918453e-05 5.398612380926764206e-04 8.659728919543857942e-04 1.279344818009184445e-03 1.345925411627547192e-04 2.356709210960228036e-04 3.031206775417868743e-04 3.872114532520793588e-04 3.099142778053566821e-04 1.154217807006548743e-03 7.751369698077561826e-04 5.227470563800581211e-04 2.832761067474969668e-04 1.420690526854121968e-05 3.121573598018530520e-04 2.721748367198549958e-04 6.178640758776478932e-04 2.443630222037748885e-04 1.340984683711761395e-03 1.197079780007733081e-03 8.835975628182138721e-04 6.844390223393335190e-04 6.121811069843365906e-04 5.290548303829582105e-03
2.496409203291739966e-05 8.268066816252551249e-05 1.000000000000000021e-08 1.000000000000000021e-08 4.346782041104215046e-05 3.722167833031730586e-05 1.000000000000000021e-08 1.383923447096161225e-05 5.897615558512876396e-05 1.000000000000000021e-08 1.755548707222296152e-05 1.457202596704070613e-05 4.155745744689134274e-05 3.626226415497578156e-04 4.922990081528056576e-04 7.777200486236138981e-04 1.335117077352245950e-04 3.416368115439731698e-04 1.817847837462880766e-04 1.713216974624869569e-04 1.683627154378744149e-04 2.507204958030848519e-04 3.685236403231228618e-04 1.388351461620412376e-03 1.041598937494422937e-03 7.555818329973624549e-04 7.619845574797191813e-05 1.199196578562307142e-04 3.325205490311521333e-04 6.906752201590866773e-04 1.169191022435787149e-03 2.474680146870124504e-03 1.955648527706981346e-03 2.283148199804941995e-04 2.674199471340150654e-04 1.941594091951555790e-04 5.583496307877008034e-03
1.000000000000000021e-08 1.000000000000000021e-08 1.000000000000000021e-08 1.000000000000000021e-08 1.000000000000000021e-08 1.744923224476153028e-05 1.308885448403401156e-05 1.687586310502331793e-05 1.000000000000000021e-08 1.441481170050360780e-05 1.000000000000000021e-08 1.229918298988992578e-05 4.950635258860209008e-05 1.870709944304191775e-05 2.744136973216074427e-05 1.616365136670125391e-04 1.034668381475994979e-03 2.154791746023084430e-04 5.386715028833029316e-04 5.426456562203024010e-04 3.625816193584566693e-04 1.186587584878785718e-04 2.460344322720935638e-04 1.328677228537545121e-03 2.146665224930518296e-04 3.803954521459773489e-04 1.410466128721425531e-04 4.175388280529142271e-04 5.521607628041946998e-04 8.223744017299002788e-04 8.124036638862994035e-04 1.815806897939211371e-03 8.060649989190863361e-04 7.761872442654993345e-04 2.455665430358930129e-04 4.059228868444394859e-04 5.154411922215525318e-04
1.000000000000000021e-08 1.000000000000000021e-08 1.000000000000000021e-08 1.000000000000000021e-08 1.000000000000000021e-08 1.000000000000000021e-08 2.128888223599301107e-05 3.496366796254371295e-05 3.206006944191504239e-05 4.459973488298666906e-05 2.610888150625942380e-05 1.000000000000000021e-08 1.000000000000000021e-08 1.000000000000000021e-08 2.023615110957748155e-05 1.000000000000000021e-08 7.461010838267109714e-04 6.041236178602560434e-04 7.597511000485425003e-04 7.603366613307469121e-04 1.663568943874361192e-04 2.314183276390194299e-04 7.832631916583737675e-05 4.123416121019883324e-04 5.487423942796082693e-04 6.104829598493193574e-04 6.568264678905531275e-04 7.410108261026427355e-04 2.605601917495788903e-03 1.752670432777712114e-03 1.214027178687684342e-03 1.378504810564553209e-03 1.394636095407123487e-03 1.495305481836388005e-03 3.736059754911431018e-04 1.271728448543568788e-04 2.719050858476515444e-04
1.000000000000000021e-08 1.000000000000000021e-08 1.000000000000000021e-08 1.000000000000000021e-08 1.000000000000000021e-08 1.000000000000000021e-08 2.632216832868863063e-05 1.000000000000000021e-08 2.770815843986214127e-05 3.447396451926658617e-05 5.060630360580816741e-05 1.000000000000000021e-08 1.308671806521701258e-05 1.795580309729294868e-05 1.202530802223321024e-04 1.000000000000000021e-08 4.277498652116878584e-05 1.094422441352991350e-04 8.421141835125414883e-05 1.802355358483065070e-04 4.041211232789080395e-04 1.966856960157920844e-04 4.318843745594148431e-04 1.234855379887529400e-03 1.525386195384841222e-04 2.653279435407693765e-04 2.937072388705834003e-04 1.230591825103772045e-03 8.940346237776213923e-04 1.446569835330460598e-03 1.375926106949487649e-03 3.163728886992811973e-04 3.988857800563067393e-04 5.969410774350756774e-03 7.337655679373873349e-03 4.593178788086101430e-03 3.658128778050210705e-03
1.000000000000000021e-08 1.000000000000000021e-08 1.000000000000000021e-08 1.000000000000000021e-08 1.000000000000000021e-08 1.000000000000000021e-08 1.000000000000000021e-08 1.000000000000000021e-08 3.164767769961170340e-05 5.724418262907108923e-05 8.088976241411353582e-05 6.156654225730554539e-05 4.184297389054928372e-05 2.817051332295264583e-05 6.421033846933584823e-05 6.975920321126879682e-05 3.049000479824834765e-05 1.124503171512722337e-05 1.000000000000000021e-08 1.000000000000000021e-08 2.647860009782727832e-04 3.656296326445984571e-04 3.479748524284162915e-04 7.298530377088357623e-04 8.420349085123971173e-04 9.844705191799181174e-04 7.964088832877156158e-04 2.580997529195569549e-03 1.934940389086939544e-03 1.743876557265753397e-03 3.065840318799197559e-04 3.873578130355843441e-04 3.345373590343910159e-04 1.405134409328092845e-03 5.692210483425175606e-04 2.438167747234507542e-03 2.038301157930968392e-03
1.000000000000000021e-08 1.000000000000000021e-08 1.000000000000000021e-08 1.000000000000000021e-08 1.000000000000000021e-08 1.000000000000000021e-08 1.000000000000000021e-08 1.000000000000000021e-08 5.818171299928211030e-05 7.374981889044791145e-05 1.023336972660829499e-04 9.491311973316717855e-05 8.290351255768139960e-05 7.606586349527770638e-05 8.115209799679582987e-05 1.000000000000000021e-08 1.000000000000000021e-08 1.505249409663492325e-05 1.000000000000000021e-08 1.000000000000000021e-08 1.000000000000000021e-08 1.000000000000000021e-08 1.000000000000000021e-08 1.000000000000000021e-08 1.046437113238368562e-05 6.790923803460769629e-04 1.361757498360373049e-03 1.863488780409335412e-03 2.012719491322637576e-03 3.048578674324107108e-03 2.691751273801350122e-03 1.808033861673733573e-03 1.397521008045868101e-03 9.055895753071352026e-04 8.161421485686803142e-04 1.349806274536591863e-03 9.059909768400620364e-04
1.000000000000000021e-08 1.000000000000000021e-08 1.000000000000000021e-08 1.000000000000000021e-08 1.000000000000000021e-08 1.000000000000000021e-08 1.000000000000000021e-08 1.000000000000000021e-08 1.000000000000000021e-08 1.000000000000000021e-08 1.000000000000000021e-08 1.000000000000000021e-08 1.000000000000000021e-08 4.163029642013608294e-05 4.721845245603291380e-05 1.000000000000000021e-08 1.000000000000000021e-08 1.000000000000000021e-08 1.000000000000000021e-08 1.000000000000000021e-08 1.000000000000000021e-08 1.000000000000000021e-08 1.258513783130433355e-05 1.507945158308179333e-05 1.000000000000000021e-08 4.477018025676135515e-04 4.190994505208664694e-04 1.547411027872429897e-03 2.900179069102517236e-03 2.231121014302885671e-03 3.536220832790398783e-03 2.812064053756907316e-03 4.671529852913410040e-04 3.909978066105996262e-04 4.150642787678914024e-04 1.012021767099097452e-03 7.963299835861503782e-04
