output/water_depth_2400.asc
ncols 223
nrows 158
xllcorner 0.0
yllcorner 0.0
cellsize 30.0
[rows 102 to 118 of 158, columns 37 to 73 of 223]
1.617590613928555421e-05 4.508355779046170939e-05 4.059503892345288053e-05 6.562405043798270941e-05 9.447540473104096466e-05 6.119775548308389185e-05 9.678826694253542750e-05 5.721430410631039675e-05 8.549594193518683866e-05 5.030738321783270208e-05 9.222205880920589000e-05 9.545298198996377069e-05 2.451513450831996300e-04 2.814568966136698352e-04 5.581691389509411006e-04 5.155630195327932670e-04 9.885223651339850384e-04 1.116847108134700652e-03 7.298275989279418051e-04 9.466033103902868947e-04 1.236765004747580497e-03 9.980046311902478900e-04 1.925919217935183683e-03 1.439890151868134481e-03 2.833248402802756444e-03 3.783460930345201260e-03 2.181495996553633760e-03 3.658010305127652913e-03 2.516384272505844261e-03 6.803696030022851095e-03 1.440343085702248862e-03 2.765774466426276865e-03 1.023344362829656733e-04 2.908741621430042576e-04 7.130514645989160074e-04 1.761355144734307043e-03 2.125231379749879974e-03
3.026277253331693894e-05 2.837229968509032404e-05 6.483499500600392346e-05 8.745229818677522781e-05 6.498340957783673192e-05 1.170398908681088176e-04 7.641704431481463220e-05 1.242471025159835949e-04 7.521130084498281855e-05 1.169760480462572391e-04 7.550678747904011141e-05 1.606573986764381931e-04 1.641677542057089559e-04 4.372642305335698067e-04 4.616369590680418581e-04 1.022622893649115586e-03 8.014204133871503108e-04 1.370955785676804956e-03 1.142841580516225277e-03 1.501561793712715993e-03 9.701600483357144134e-04 1.742001921751822838e-03 1.274291456314876171e-03 2.386709267080348168e-03 1.876874727075833731e-03 3.945161020239318014e-03 3.527397082866337314e-03 2.652983542507735167e-03 5.448856298630304698e-03 8.575776778389596067e-03 1.359204395009970187e-03 5.641186177375713366e-04 1.729114621176097342e-04 1.063478774449435704e-04 1.908335550858356478e-04 5.213820093460936993e-04 7.983453448762434495e-04
3.324466008423806454e-05 5.850542503029555535e-05 4.524380392581566152e-05 7.428551040224016426e-05 1.163852839733211673e-04 8.442835964189831914e-05 1.505933746716916208e-04 9.949634290899617172e-05 1.638281948712043282e-04 1.020384016031878808e-04 1.667728259285009202e-04 1.197681306152104970e-04 2.798952619856467754e-04 2.974899422415155079e-04 7.684638344327796456e-04 7.115646100993961668e-04 1.409786371705322883e-03 1.002850398567929754e-03 1.693930745304255987e-03 1.091082481331985717e-03 1.799921498398844447e-03 1.239377902418030766e-03 2.259006639566915955e-03 1.634365220980916111e-03 2.971858609266906422e-03 2.448972784718899016e-03 3.203293840452512559e-03 4.336930805258159757e-03 8.637407751699473224e-03 8.035526147470382560e-03 6.144803533659235839e-04 3.883114705207487902e-04 1.464494017538293350e-04 1.059307578940661199e-04 1.059437220644589636e-04 1.565250992910464641e-04 3.326320423033322471e-04
9.018011788642163332e-05 2.395247608172640334e-05 6.563589893892335793e-05 9.658660076613186942e-05 7.823612516978165868e-05 1.535471718588479794e-04 1.113631715022912072e-04 1.989969871860388642e-04 1.331819370545726192e-04 2.218110828642707645e-04 1.426459432224901850e-04 2.478421057978363829e-04 1.981480977778209834e-04 4.758663111785846637e-04 4.758119798144946509e-04 1.108671344318532979e-03 9.033675445209829631e-04 1.683111743939630324e-03 1.164886165478679330e-03 1.936448889862241521e-03 1.315661217105029354e-03 2.266334612718107645e-03 1.587845944545958864e-03 2.780687745950879194e-03 1.998316044093307112e-03 3.685393624911727749e-03 3.855063132363100668e-03 7.237820264255275492e-03 1.248908023757649456e-02 3.638252785048082336e-03 6.783956611820733239e-04 1.342908499922438974e-04 1.955821332287479653e-04 1.191336101506825006e-04 1.052149106356989946e-04 9.512690874712370430e-05 3.923797493292157474e-04
4.165391925621062387e-05 6.196409502096112949e-05 4.788859696880921044e-05 8.182697149177817621e-05 1.376388770282359092e-04 1.081999522911198872e-04 2.089724667561635091e-04 1.515218597986041685e-04 2.704953348501957936e-04 1.823525007332645769e-04 3.078122872372898071e-04 2.047631245470020564e-04 3.804121887639844808e-04 3.153700494338800963e-04 7.354151553484178372e-04 6.689651429565686641e-04 1.430254901209451843e-03 1.129783062902759479e-03 2.073619516037717835e-03 1.451517147778245845e-03 2.406832170027899988e-03 1.647752604850206970e-03 2.811772446320171502e-03 1.984063964593151333e-03 3.349423742214229990e-03 2.468767993048505589e-03 3.454352023842168200e-03 1.389091423485463300e-02 1.002401998632426218e-02 3.142728042468839224e-03 2.489363034045126715e-04 2.525226292523815707e-04 1.572027884465543594e-04 1.861667563144560561e-04 4.481202336434675685e-05 1.298915781091016398e-04 1.852734979086617965e-04
1.933332477711585304e-04 9.326016895500383497e-05 1.339285628042142118e-04 1.126713023309758256e-04 1.721558393915029270e-04 1.679590912731349875e-04 2.563264750938824463e-04 3.035695572709524808e-04 2.148995727806288659e-04 3.773278601958467366e-04 2.534076803175462026e-04 4.332568007876930194e-04 2.986089194945133101e-04 5.727730710739697886e-04 4.710933179229122368e-04 1.043717283902403752e-03 8.869314264172905660e-04 1.809834270756023687e-03 1.371794245348621592e-03 2.458537655695749221e-03 1.738396246387561954e-03 2.984994087246838155e-03 2.103046390514026406e-03 3.455705460148786150e-03 2.370542383450984295e-03 4.125871726131442874e-03 4.947389769763560138e-03 2.024341324743394316e-02 8.211153962606777823e-03 2.084507499447585052e-03 4.485517754743105208e-04 2.297490878193773249e-04 2.277683155164173738e-04 1.524582173822516405e-04 4.989190351482082218e-05 6.480313614293519179e-05 2.308457412250419327e-04
1.870858705989053062e-04 2.620165601783138983e-04 1.441931410809264348e-04 2.225038541195479365e-04 1.475493286644973304e-04 2.680071689730138687e-04 1.966390777860430408e-04 3.006335186993608268e-04 4.296453349863966781e-04 2.988784046293032422e-04 5.225676178042050783e-04 3.527137203008749852e-04 6.122693273938581470e-04 4.309601930905566534e-04 1.393966273834291135e-03 2.359932436014375561e-03 4.414169320065997916e-03 2.507047874593839720e-03 3.330955377159747037e-03 3.447464783800559089e-03 5.468044562001344797e-03 3.172131110924732416e-03 5.581987102040068295e-03 3.440103741040632414e-03 4.867284841684313759e-03 3.259873082039285025e-03 5.784506513700719138e-03 2.850980400515727362e-02 6.575349674286147181e-03 2.158768686593951110e-03 3.811173449173857128e-04 2.717674391409818403e-04 2.122197794329623273e-04 2.693148944139914279e-04 5.091754950578629250e-05 1.348369024031771885e-04 2.289938030478991552e-04
3.757891649402353689e-04 2.293734842676767142e-04 3.490005850280080519e-04 2.087656210514877140e-04 3.371462001537908130e-04 2.257877872492222715e-04 4.044446179751797692e-04 1.553742525367426529e-03 4.084944767241401129e-04 6.147431064409162541e-04 4.171338936246732072e-04 1.269156412635869067e-03 6.847563659023209355e-04 1.025938891551311403e-03 5.072590148812387411e-04 4.298275158007457868e-04 5.537426352669145646e-04 4.514639725643128897e-03 6.356995210455552124e-03 9.504515593161979442e-03 6.909943413113905919e-03 8.980996552632309476e-03 6.401963924186329993e-03 8.197421916266170450e-03 9.555534261738631713e-03 1.555432590081352352e-02 1.250444543821628562e-02 2.200809845092741024e-02 3.110257186612057703e-02 2.044598029427798641e-03 4.666498247144378790e-04 7.114051082052774439e-04 4.085570611511156231e-04 2.673315750536951383e-04 1.394211499166679255e-04 1.382441548474472694e-04 6.736659533532368986e-04
3.328080125052121190e-04 5.181852144712859997e-04 3.096615128493704220e-04 4.825857091652167321e-04 2.985659553748825972e-04 4.951908158925575698e-04 3.337788477264590865e-04 6.251029514539760369e-04 6.911643125043401932e-04 4.713980199033066931e-04 8.220426070703302449e-04 4.206468514910190215e-04 9.979740389269580077e-04 7.101691463896665259e-04 1.094747576377140541e-03 5.372508339440897496e-04 5.557549422273126575e-04 1.825951867755692363e-04 1.589585497305081360e-03 2.926092752893536941e-04 2.522908953891912429e-03 4.033040161374758063e-03 9.284847711643798296e-03 1.001777813998483598e-02 1.123180844439071284e-02 7.050768338134045729e-03 1.721599276356776398e-02 4.353971282399576870e-02 4.211713830697345201e-02 3.468381248923607663e-02 8.996933063728803845e-03 1.102447032974398925e-03 4.926904169828374199e-04 4.447052271844305479e-04 1.896755065404542916e-04 5.364935986280533519e-04 8.818849872804422835e-04
1.226939398529481792e-03 2.951539300885719537e-04 5.475445703203822437e-04 3.710143011080668340e-04 6.227663155886229091e-04 4.088623999881816989e-04 1.253377904262949205e-03 3.238480662215078849e-04 5.349190960477110367e-04 8.329506191960652428e-04 5.992786174015261348e-04 9.412610905167877358e-04 6.997953160114225597e-04 1.286980032438051012e-03 8.377096437870376350e-04 1.237377222102478778e-03 6.202340557323997045e-04 7.309919673414171006e-04 1.911544942850774064e-03 4.335938681321270787e-04 1.142564026995928923e-03 3.002410064197797747e-03 1.670007035955155348e-03 1.461323847238017205e-03 1.183729767433164336e-04 1.731558523587659027e-04 2.333380247040276227e-04 2.548050312885235136e-04 4.143754265038688406e-02 4.112986220336252441e-02 2.609568098105526437e-02 1.485135097567597678e-02 9.713283516964203723e-03 3.904088433531088635e-03 5.046090186603237673e-03 9.444159317809875352e-04 1.429963068853227180e-03
5.620979381295253523e-04 7.517256188175980378e-04 4.590311698624910332e-04 7.626136263200336898e-04 4.993990466778126368e-04 1.653763307244018573e-03 5.110492903225123066e-04 7.544378819892101282e-04 8.185777505112506059e-04 6.004688065698339777e-04 1.114990553008092392e-03 7.452598974720490033e-04 1.316694576781595339e-03 9.296667814478230081e-04 1.596471853261115324e-03 9.749914274080152604e-04 1.426655245406268854e-03 7.373471259795505352e-04 1.058347217010160123e-03 8.769051426577506103e-04 1.162205954559270959e-03 1.473364370639195127e-03 8.693316345642165908e-04 9.846408236884678609e-04 4.745269750154642164e-04 4.658586862462494801e-04 1.688656768109769767e-04 5.835989411914223844e-04 1.276848271377295713e-04 1.931801413533999756e-02 2.211410989583882658e-02 1.907761620389790067e-02 1.381347314274290576e-02 1.166579081265679482e-02 8.437126268178137337e-03 7.078251419536791406e-03 1.186811409670475784e-03
1.137444129117615730e-03 6.496571236195304013e-04 1.003063594832039529e-03 6.273330056198172123e-04 1.032464281974856523e-03 2.774624209524902043e-03 8.289885090858581168e-04 2.817201403195860351e-04 7.241074772406506281e-04 7.926745668685341488e-04 1.159351187816764182e-03 1.072103876031948186e-03 1.442003160028780019e-03 1.617762185247121915e-03 1.134724481858005903e-03 1.841185362183700739e-03 1.119203041006746648e-03 1.636932415734465313e-03 9.146093938057037968e-04 1.068991989457768362e-03 1.442139170877214990e-03 9.874212059212208754e-04 1.599777151626115886e-03 9.769812532238954413e-04 1.335872339122470007e-03 6.185224541516076355e-04 6.888989899076837812e-04 2.773152355307303735e-04 2.404235659726775768e-04 1.014286189680203322e-02 1.652766045648017268e-02 1.856413312965152565e-02 1.718289512239927486e-02 1.451182968978169570e-02 1.728082852852820539e-02 1.024856472590377626e-02 9.311422955237935381e-03
7.148987998020508126e-04 1.249377041737551215e-03 7.950705195349575243e-04 1.284650225347851085e-03 8.208442054401248085e-04 2.737517326583152957e-03 1.253806099153535747e-03 1.377712590856232117e-03 7.405509867388696248e-04 1.194374540042845295e-03 8.503187032524371592e-04 1.503815542153519270e-03 1.054337346083384199e-03 1.755718878897036175e-03 2.592426575730170241e-03 1.862035676008796633e-03 1.452647264585725344e-03 1.042677878776278409e-03 1.702530063487409833e-03 1.557855492665998192e-03 1.026693473964028578e-03 1.739295965147395675e-03 1.143786194889730590e-03 1.881909843194002870e-03 1.102250315092646350e-03 1.499736292983645369e-03 7.247536803249866313e-04 8.636137064993976674e-04 3.703735871977022589e-04 8.360101094226912721e-03 1.313657049512312498e-02 1.699724916661912028e-02 1.776656080256956011e-02 1.998736718298103898e-02 2.170440407650585726e-02 2.121683514914064067e-02 2.246948985475674676e-02
1.042920782772576056e-03 7.974067895978510399e-04 1.454930132149287502e-03 9.716028853375976255e-04 1.619730564522153197e-03 1.554063116949740532e-03 2.501905309708621610e-03 1.370220201409983862e-03 1.837839226848155243e-03 1.067669802794105754e-03 1.728644938799294914e-03 1.131279712853518193e-03 1.912204880358843147e-03 1.330864525759006172e-03 3.386218249359972642e-03 2.924983661754977128e-03 1.815074435073214722e-03 1.326340851063361999e-03 1.021458807266777992e-03 1.380019232241825938e-03 1.801431146476143753e-03 1.157799214148334636e-03 1.982984606003915587e-03 1.317873649265783285e-03 2.076962502596742342e-03 1.188039027618341750e-03 1.666298159378297753e-03 8.537509276456329600e-04 2.474438316066631446e-03 1.278251762814514858e-01 7.003829319403181985e-02 4.106137827102594035e-02 3.476441420245776626e-02 2.459510475274983843e-01 3.573759625931877681e-01 4.156164292939247829e-01 4.531415114108627296e-01
5.469284389781506155e-04 1.205942257981923145e-03 9.329454610146392440e-04 1.711574917375287708e-03 1.155289164689340172e-03 2.359483977331561493e-03 1.704834348092113417e-03 2.659459824101202078e-03 1.625013094860584253e-03 2.382722274809590327e-03 1.395699416691986283e-03 2.223154925429882221e-03 1.399382277391998490e-03 2.381905776666777899e-03 2.193363963593852536e-03 3.368015923690203563e-03 3.597545104944651663e-03 1.232440763372468114e-03 1.758683937275882375e-03 1.437816836190851551e-03 1.833602403566093452e-03 1.917592071099332015e-03 1.316145695236100362e-03 2.207773065500599416e-03 1.404063224208676897e-03 2.220968452569768367e-03 1.310894210498074215e-03 4.749708688948101748e-03 2.152534180900928518e-01 1.956705235271634091e-01 3.128453362994224607e-01 3.749334825189486464e-01 4.038000932221177952e-01 2.030989286747654776e-01 1.025596336097015365e-01 5.139469437161709592e-02 3.146841665862808862e-02
7.453194454780447901e-04 6.804275902791525384e-04 1.435435266175086842e-03 1.083671801534471634e-03 1.983706372576847857e-03 1.498692083913830131e-03 2.681532826666975251e-03 1.878003779991273010e-03 3.047201086128666948e-03 1.855233384148502907e-03 2.837642323765585117e-03 1.753992375239485325e-03 2.690371104740081620e-03 1.706671918779716036e-03 3.269980437662332179e-03 2.324888547159356233e-03 4.264523821816220209e-03 3.757359489046322581e-03 1.466312588003650108e-03 2.135956624548002343e-03 1.413704497538702514e-03 1.788714085210709424e-03 2.312811301314517728e-03 1.506186314577204199e-03 2.517784646325056750e-03 1.599635056505845868e-03 5.427652478960323483e-03 4.361584364548548587e-01 2.165654376516619739e-01 1.073782079346888296e-01 5.321196581441807461e-02 2.635275456099714364e-02 1.306483281227888843e-02 9.528507572262862393e-03 6.091275877678191571e-03 3.783925363604691543e-03 7.826472948548680907e-04
4.018280958690828163e-04 9.855396338252729854e-04 8.512745711408739157e-04 1.720003767013828649e-03 1.272978559949287155e-03 2.344314523767998277e-03 1.778633950863559932e-03 3.098644399710878336e-03 2.192561113621931297e-03 3.452181576711418551e-03 2.233633824593028901e-03 3.424357319849971430e-03 2.101956492629026424e-03 3.225665774623341989e-03 2.181951015066239605e-03 3.738515494302605338e-03 2.760883684174065059e-03 3.616527527815607216e-03 3.371623937023600880e-03 1.910040024567265108e-03 2.837762749268064877e-03 3.046366411964318132e-03 2.295564844793945014e-01 3.446559746668623192e-01 4.013240508674345008e-01 4.288585425596266321e-01 5.498514434685940477e-01 5.070204055820898281e-01 1.658706140845813120e-03 2.990011574681367482e-04 3.488381277086545338e-05 4.407182319736407402e-05 4.404838662856726489e-05 5.846184638852603289e-05 7.388903639904034054e-05 2.052370456512007967e-04 1.579531241530553328e-05
