output/water_depth_9240.asc
ncols 223
nrows 158
xllcorner 0.0
yllcorner 0.0
cellsize 30.0
[rows 68 to 84 of 158, columns 185 to 221 of 223]
1.000000000000000021e-08 1.483834203114265007e-05 1.423261648363461030e-05 1.000000000000000021e-08 1.000000000000000021e-08 1.000000000000000021e-08 1.000000000000000021e-08 1.063274490260852658e-05 1.000000000000000021e-08 1.000000000000000021e-08 1.000000000000000021e-08 1.000000000000000021e-08 6.307314208977866108e-05 1.379784801420563215e-04 1.145994911612913174e-04 3.158702609134986613e-05 6.629817295961559114e-05 1.436067961086582244e-04 1.773074070904269136e-03 2.577132856069877303e-04 2.890994999725353420e-04 1.000000100000000021e-05 1.000000100000000021e-05 1.000000100000000021e-05 1.000000100000000021e-05 1.000000100000000021e-05 1.000000100000000021e-05 1.000000100000000021e-05 1.000000100000000021e-05 1.000000100000000021e-05 1.000000100000000021e-05 1.000000100000000021e-05 1.000000100000000021e-05 1.000000100000000021e-05 1.000000100000000021e-05 1.000000100000000021e-05 1.000000100000000021e-05
1.000000000000000021e-08 1.000000000000000021e-08 1.211268220540675943e-05 1.000000000000000021e-08 1.000000000000000021e-08 1.000000000000000021e-08 1.000000000000000021e-08 1.000000000000000021e-08 1.000000000000000021e-08 1.000000000000000021e-08 1.000000000000000021e-08 1.000000000000000021e-08 5.183737655566808794e-05 3.385766405259905618e-03 2.072275867450705663e-04 7.491035354910284864e-05 1.000000000000000021e-08 1.000000000000000021e-08 1.359837812593923869e-04 1.984855108180820960e-04 3.678645713011007468e-04 1.000000100000000021e-05 1.000000100000000021e-05 1.000000100000000021e-05 1.000000100000000021e-05 1.000000100000000021e-05 1.000000100000000021e-05 1.000000100000000021e-05 1.000000100000000021e-05 1.000000100000000021e-05 1.000000100000000021e-05 1.000000100000000021e-05 1.000000100000000021e-05 1.000000100000000021e-05 1.000000100000000021e-05 1.000000100000000021e-05 1.000000100000000021e-05
1.000000000000000021e-08 1.000000000000000021e-08 1.000000000000000021e-08 1.000000000000000021e-08 1.000000000000000021e-08 1.000000000000000021e-08 1.000000000000000021e-08 1.000000000000000021e-08 1.000000000000000021e-08 1.000000000000000021e-08 1.000000000000000021e-08 4.168486628516543066e-05 2.962090236549594162e-05 2.214384425641536218e-05 2.032734430450807149e-05 1.061141246044652998e-05 1.000000000000000021e-08 1.000000000000000021e-08 8.503366229493778848e-05 1.969878071149258679e-04 4.973503195728731828e-04 1.000000100000000021e-05 1.000000100000000021e-05 1.000000100000000021e-05 1.000000100000000021e-05 1.000000100000000021e-05 1.000000100000000021e-05 1.000000100000000021e-05 1.000000100000000021e-05 1.000000100000000021e-05 1.000000100000000021e-05 1.000000100000000021e-05 1.000000100000000021e-05 1.000000100000000021e-05 1.000000100000000021e-05 1.000000100000000021e-05 1.000000100000000021e-05
1.000000000000000021e-08 1.000000000000000021e-08 1.000000000000000021e-08 1.000000000000000021e-08 1.000000000000000021e-08 1.000000000000000021e-08 1.000000000000000021e-08 1.000000000000000021e-08 1.000000000000000021e-08 1.000000000000000021e-08 1.293155443023561414e-05 7.793923350728314411e-05 2.338987395233677166e-05 1.000000000000000021e-08 1.351101836857535945e-05 3.049384820907901803e-05 1.000000000000000021e-08 1.000000000000000021e-08 6.585993084918837317e-05 2.344408101062129721e-04 3.399162917610688665e-04 2.783281896689749658e-04 1.000000100000000021e-05 1.000000100000000021e-05 1.000000100000000021e-05 1.000000100000000021e-05 1.000000100000000021e-05 1.000000100000000021e-05 1.000000100000000021e-05 1.000000100000000021e-05 1.000000100000000021e-05 1.000000100000000021e-05 1.000000100000000021e-05 1.000000100000000021e-05 1.000000100000000021e-05 1.000000100000000021e-05 1.000000100000000021e-05
1.000000000000000021e-08 1.000000000000000021e-08 1.000000000000000021e-08 1.000000000000000021e-08 1.000000000000000021e-08 1.000000000000000021e-08 1.000000000000000021e-08 1.000000000000000021e-08 1.000000000000000021e-08 1.000000000000000021e-08 1.805607757117485033e-05 4.421815340010127205e-05 1.000000000000000021e-08 1.000000000000000021e-08 1.106060100605507586e-05 3.324250852537732957e-05 2.387115151151609740e-05 1.638908186610553734e-05 5.605520966382916979e-05 1.658436573090959782e-04 4.779134160222365201e-04 2.106390708008210847e-04 1.000000000000000021e-08 1.000000100000000021e-05 1.000000100000000021e-05 1.000000100000000021e-05 1.000000100000000021e-05 1.000000100000000021e-05 1.000000100000000021e-05 1.000000100000000021e-05 1.000000100000000021e-05 1.000000100000000021e-05 1.000000100000000021e-05 1.000000100000000021e-05 1.000000100000000021e-05 1.000000100000000021e-05 1.000000100000000021e-05
4.341675118654745994e-04 1.000000000000000021e-08 1.000000000000000021e-08 1.000000000000000021e-08 1.000000000000000021e-08 1.000000000000000021e-08 1.000000000000000021e-08 1.000000000000000021e-08 3.457398810106677712e-05 1.000000000000000021e-08 2.489422337295093350e-05 2.326103799336006232e-04 8.366401267779900014e-05 1.000000000000000021e-08 1.000000000000000021e-08 3.069418253120853975e-05 3.793641779704688151e-05 3.251569197607445921e-05 5.473342865681962710e-05 2.068580538968429116e-04 6.840015579671788071e-04 2.022672750057162854e-04 3.872275748439927439e-05 3.266632757126644636e-05 1.000000100000000021e-05 1.000000100000000021e-05 1.000000100000000021e-05 1.000000100000000021e-05 1.000000100000000021e-05 1.000000100000000021e-05 1.000000100000000021e-05 1.000000100000000021e-05 1.000000100000000021e-05 1.000000100000000021e-05 1.000000100000000021e-05 1.000000100000000021e-05 1.000000100000000021e-05
1.863501880412554712e-02 1.000000000000000021e-08 1.000000000000000021e-08 1.000000000000000021e-08 1.000000000000000021e-08 1.000000000000000021e-08 1.000000000000000021e-08 1.000000000000000021e-08 2.462321249660438639e-05 1.000000000000000021e-08 2.309906702893880292e-05 3.654618794030333340e-04 1.060277992192701845e-04 1.041870206627007345e-05 1.000000000000000021e-08 3.092902411150659573e-05 7.194011466577678450e-05 3.529411639446890361e-05 4.764910531770733833e-05 1.202682961235261122e-04 1.022728392536387818e-03 2.996206697602484090e-04 1.589754092096326115e-05 1.000000000000000021e-08 1.000000100000000021e-05 1.000000100000000021e-05 1.000000100000000021e-05 1.000000100000000021e-05 1.000000100000000021e-05 1.000000100000000021e-05 1.000000100000000021e-05 1.000000100000000021e-05 1.000000100000000021e-05 1.000000100000000021e-05 1.000000100000000021e-05 1.000000100000000021e-05 1.000000100000000021e-05
1.729512430952673263e-02 1.685331065470761086e-02 5.811487630915395693e-05 1.000000000000000021e-08 1.000000000000000021e-08 1.000000000000000021e-08 1.000000000000000021e-08 1.000000000000000021e-08 1.000000000000000021e-08 1.000000000000000021e-08 6.496776712581340998e-05 4.290228432799094837e-04 7.651051843134773500e-05 1.420121205755393211e-05 1.000000000000000021e-08 3.459326003705821004e-05 1.104403216603406493e-04 5.554851694751110130e-05 3.476410178462397050e-05 1.273313598026361466e-02 1.331371371002885821e-02 6.375973384594008065e-05 1.000000000000000021e-08 1.000000000000000021e-08 1.000000100000000021e-05 1.000000100000000021e-05 1.000000100000000021e-05 1.000000100000000021e-05 1.000000100000000021e-05 1.000000100000000021e-05 1.000000100000000021e-05 1.000000100000000021e-05 1.000000100000000021e-05 1.000000100000000021e-05 1.000000100000000021e-05 1.000000100000000021e-05 1.000000100000000021e-05
2.350012862805499897e-02 1.429447969552137543e-02 5.216722721067998224e-05 1.000000000000000021e-08 1.000000000000000021e-08 1.000000000000000021e-08 1.000000000000000021e-08 1.000000000000000021e-08 1.000000000000000021e-08 1.000000000000000021e-08 6.047718238295895219e-05 5.121156561794798371e-04 8.908020869089244202e-05 1.874650224195491019e-05 1.000000000000000021e-08 1.000000000000000021e-08 1.164367781463135332e-04 4.656296027989646579e-05 9.598178878663803787e-03 1.167832015204137847e-02 1.289223834000316309e-02 1.264906507087954405e-05 1.113773577020137790e-05 1.000000000000000021e-08 1.684389230600936028e-03 1.956471163314682407e-05 1.000000100000000021e-05 1.000000100000000021e-05 1.000000100000000021e-05 1.000000100000000021e-05 1.000000100000000021e-05 1.000000100000000021e-05 1.000000100000000021e-05 1.000000100000000021e-05 1.000000100000000021e-05 1.000000100000000021e-05 1.000000100000000021e-05
3.126952277554943121e-02 9.291016215166503570e-03 4.450336900805781768e-05 1.000000000000000021e-08 1.000000000000000021e-08 1.000000000000000021e-08 1.000000000000000021e-08 1.000000000000000021e-08 1.376733202415451195e-05 2.619393413507628961e-05 5.430612827753609307e-05 5.616500717004604742e-04 8.631792628443987769e-05 2.634901115265132033e-05 3.226141428666426137e-05 2.630462938452817812e-04 1.677603680261878028e-03 2.059504449351621646e-03 3.070603807248097668e-03 9.242935831447239917e-03 2.004548637787164701e-04 2.420100853990271843e-03 5.897373284101698219e-05 3.050435689042419051e-05 1.000000000000000021e-08 1.000000000000000021e-08 1.000000100000000021e-05 1.000000100000000021e-05 1.000000100000000021e-05 1.000000100000000021e-05 1.000000100000000021e-05 1.000000100000000021e-05 1.000000100000000021e-05 1.000000100000000021e-05 1.000000100000000021e-05 1.000000100000000021e-05 1.000000100000000021e-05
3.099850882576494354e-02 1.468703049774825083e-02 6.030030236952946818e-05 1.000000000000000021e-08 1.000000000000000021e-08 1.000000000000000021e-08 1.942351604660117614e-05 3.541188946824230907e-05 5.656281352130748669e-05 8.654795586612108781e-05 2.274099475543208022e-03 9.488145350446324866e-04 7.813211716644419616e-04 1.107241427072014166e-03 2.103253456418621888e-03 1.386324210711270197e-02 2.656417866510722443e-03 1.712857040165541821e-03 1.000000000000000021e-08 1.000000000000000021e-08 1.000000000000000021e-08 1.000000000000000021e-08 1.000000000000000021e-08 1.000000000000000021e-08 1.000000000000000021e-08 1.000000000000000021e-08 1.000000100000000021e-05 1.000000100000000021e-05 1.000000100000000021e-05 1.000000100000000021e-05 1.000000100000000021e-05 1.000000100000000021e-05 1.000000100000000021e-05 1.000000100000000021e-05 1.000000100000000021e-05 1.000000100000000021e-05 1.000000100000000021e-05
4.674712383711809860e-02 1.667564764105143038e-01 3.345219932761871076e-04 1.000000000000000021e-08 1.000000000000000021e-08 1.310027655453358675e-05 1.000000000000000021e-08 1.221947994503526034e-05 1.000000000000000021e-08 2.693765989442126508e-05 1.753925420509085706e-04 1.728104410441384450e-02 1.808545802566731550e-03 1.877176212903623482e-03 2.094327361392360476e-03 1.446100220224414566e-05 1.164247539917427717e-05 1.000000000000000021e-08 1.000000000000000021e-08 1.000000000000000021e-08 1.000000000000000021e-08 1.000000000000000021e-08 1.000000000000000021e-08 1.000000000000000021e-08 1.000000000000000021e-08 1.000000000000000021e-08 1.000000100000000021e-05 1.000000100000000021e-05 1.000000100000000021e-05 1.000000100000000021e-05 1.000000100000000021e-05 1.000000100000000021e-05 1.000000100000000021e-05 1.000000100000000021e-05 1.000000100000000021e-05 1.000000100000000021e-05 1.000000100000000021e-05
4.513247363493409488e-04 1.295249448838998729e-01 5.664206553767976715e-02 4.811149884457822977e-04 1.000000000000000021e-08 1.858967751289673835e-05 1.000000000000000021e-08 1.000000000000000021e-08 1.000000000000000021e-08 1.000000000000000021e-08 1.328486089408946154e-04 1.500494500176594373e-02 1.606157509224525465e-02 1.621590631814252836e-03 3.702619456641953726e-04 1.000000000000000021e-08 1.000000000000000021e-08 1.000000000000000021e-08 1.000000000000000021e-08 1.000000000000000021e-08 1.000000000000000021e-08 1.000000000000000021e-08 1.000000000000000021e-08 1.000000000000000021e-08 1.000000000000000021e-08 1.000000000000000021e-08 1.000000100000000021e-05 1.000000100000000021e-05 1.000000100000000021e-05 1.000000100000000021e-05 1.000000100000000021e-05 1.000000100000000021e-05 1.000000100000000021e-05 1.000000100000000021e-05 1.000000100000000021e-05 1.000000100000000021e-05 1.000000100000000021e-05
1.000000000000000021e-08 1.000000000000000021e-08 4.676469961204675341e-02 2.945646323955636650e-02 1.987584685335475401e-02 6.943068541392988756e-03 1.000000000000000021e-08 1.000000000000000021e-08 1.000000000000000021e-08 1.000000000000000021e-08 8.648555129028289725e-05 5.152349481750867141e-03 1.320539746138739770e-02 2.263344027302696974e-04 6.448623150640910072e-05 1.000000000000000021e-08 1.000000000000000021e-08 1.000000000000000021e-08 1.000000000000000021e-08 1.000000000000000021e-08 1.000000000000000021e-08 1.000000000000000021e-08 1.000000000000000021e-08 1.000000000000000021e-08 1.000000000000000021e-08 1.000000000000000021e-08 1.000000100000000021e-05 1.000000100000000021e-05 1.000000100000000021e-05 1.000000100000000021e-05 1.000000100000000021e-05 1.000000100000000021e-05 1.000000100000000021e-05 1.000000100000000021e-05 1.000000100000000021e-05 1.000000100000000021e-05 1.000000100000000021e-05
1.000000000000000021e-08 1.000000000000000021e-08 1.000000000000000021e-08 2.959505360935506604e-02 1.512394036142308551e-01 1.230644872372441412e-01 4.883850217194432575e-02 5.686497263651970040e-04 1.973558251754116129e-04 1.603702107800543484e-03 2.057587390700076936e-03 3.459677074695998930e-03 3.103140407663492915e-04 3.090564123448598204e-03 1.000000000000000021e-08 1.000000000000000021e-08 1.000000000000000021e-08 1.000000000000000021e-08 1.000000000000000021e-08 1.000000000000000021e-08 1.000000000000000021e-08 1.000000000000000021e-08 1.000000000000000021e-08 1.000000000000000021e-08 1.000000000000000021e-08 1.000000000000000021e-08 1.000000100000000021e-05 1.000000100000000021e-05 1.000000100000000021e-05 1.000000100000000021e-05 1.000000100000000021e-05 1.000000100000000021e-05 1.000000100000000021e-05 1.000000100000000021e-05 1.000000100000000021e-05 1.000000100000000021e-05 1.000000100000000021e-05
1.000000000000000021e-08 1.000000000000000021e-08 1.000000000000000021e-08 1.793520212985160920e-04 1.670444584811982193e-04 1.562745437260781877e-04 5.233764337485639906e-02 1.585054109783809104e-02 5.363812004007538145e-03 2.108922974435267772e-03 2.104847592521062998e-03 2.059718779957394122e-03 1.000000000000000021e-08 1.000000000000000021e-08 1.000000000000000021e-08 1.000000000000000021e-08 1.000000000000000021e-08 1.000000000000000021e-08 1.000000000000000021e-08 1.000000000000000021e-08 2.210939532890892947e-05 1.683634659286556231e-05 1.000000000000000021e-08 1.000000000000000021e-08 1.000000000000000021e-08 1.000000000000000021e-08 1.000000100000000021e-05 1.000000100000000021e-05 1.000000100000000021e-05 1.000000100000000021e-05 1.000000100000000021e-05 1.000000100000000021e-05 1.000000100000000021e-05 1.000000100000000021e-05 1.000000100000000021e-05 1.000000100000000021e-05 1.000000100000000021e-05
1.591434843607790012e-05 1.282650440388978431e-05 1.117846539089927182e-05 1.000000000000000021e-08 1.000000000000000021e-08 1.000000000000000021e-08 4.491018037036657168e-02 1.353929212031622087e-01 1.274940196659508362e-01 2.785227386970581809e-03 1.851823921112690950e-03 1.077213061873567076e-03 1.000000000000000021e-08 1.000000000000000021e-08 1.000000000000000021e-08 1.000000000000000021e-08 1.000000000000000021e-08 1.000000000000000021e-08 1.000000000000000021e-08 2.571255219604275390e-05 1.586376212812300814e-05 1.941062186488304946e-05 1.156973310368220528e-05 1.000000000000000021e-08 1.000000000000000021e-08 2.623160568298218276e-05 2.413912312631315494e-05 1.000000100000000021e-05 1.000000100000000021e-05 1.000000100000000021e-05 1.000000100000000021e-05 1.000000100000000021e-05 1.000000100000000021e-05 1.000000100000000021e-05 1.000000100000000021e-05 1.000000100000000021e-05 1.000000100000000021e-05
