output/water_depth_10200.asc
ncols 223
nrows 158
xllcorner 0.0
yllcorner 0.0
cellsize 30.0
[rows 102 to 118 of 158, columns 185 to 221 of 223]
1.000000000000000021e-08 1.000000000000000021e-08 1.171654907000622557e-05 1.267111132921117592e-05 1.000000000000000021e-08 1.000000000000000021e-08 1.538853009833824302e-02 1.200832580073001726e-01 7.110584438118610490e-04 2.294466740253921526e-04 1.653190278372251268e-04 6.989732143365258812e-05 5.195768059217010929e-05 5.254004968174952697e-05 5.841310629241427385e-05 5.441376072399535497e-05 1.747576709191840202e-05 1.000000000000000021e-08 1.000000000000000021e-08 1.000000000000000021e-08 1.000000000000000021e-08 1.000000000000000021e-08 1.000000000000000021e-08 1.000000000000000021e-08 1.000000000000000021e-08 1.000000000000000021e-08 1.000000000000000021e-08 1.000000000000000021e-08 1.000000000000000021e-08 1.000000000000000021e-08 1.000000100000000021e-05 1.000000100000000021e-05 1.000000100000000021e-05 1.000000100000000021e-05 1.000000100000000021e-05 1.000000100000000021e-05 1.000000100000000021e-05
1.446656206933402666e-05 1.337346875187175422e-05 2.539324528981270153e-05 2.463638019142397299e-05 2.002821796140073063e-05 1.000000000000000021e-08 3.095404902118062494e-03 6.235729114604162543e-02 2.429976542603396491e-04 7.914865225833381929e-05 1.111892387365185053e-04 1.545816019010911593e-04 1.392650483293313298e-04 1.106565983984433919e-04 8.201560161055594851e-05 3.187327680116860642e-05 9.017675837312777659e-05 1.558574063537210055e-05 1.310834947613203109e-05 1.000000000000000021e-08 1.000000000000000021e-08 1.000000000000000021e-08 1.000000000000000021e-08 1.000000000000000021e-08 1.000000000000000021e-08 1.000000000000000021e-08 1.000000000000000021e-08 1.000000000000000021e-08 1.000000000000000021e-08 1.000000000000000021e-08 1.000000100000000021e-05 1.000000100000000021e-05 1.000000100000000021e-05 1.000000100000000021e-05 1.000000100000000021e-05 1.000000100000000021e-05 1.000000100000000021e-05
1.000000000000000021e-08 1.000000000000000021e-08 1.000000000000000021e-08 1.000000000000000021e-08 4.859829822026494100e-05 8.721426883002221693e-04 1.581336057060161726e-01 6.223441391969176256e-02 3.555586999658573297e-05 1.000000000000000021e-08 1.000000000000000021e-08 1.000000000000000021e-08 1.000000000000000021e-08 1.000000000000000021e-08 1.000000000000000021e-08 6.268349090966900399e-05 1.710817994670942618e-04 4.235752639548429099e-05 3.683158469563181620e-05 2.235524186114641810e-05 1.221764539926343632e-05 1.000000000000000021e-08 1.000000000000000021e-08 1.000000000000000021e-08 1.000000000000000021e-08 1.000000000000000021e-08 1.000000000000000021e-08 1.000000000000000021e-08 1.000000000000000021e-08 1.000000000000000021e-08 1.000000100000000021e-05 1.000000100000000021e-05 1.000000100000000021e-05 1.000000100000000021e-05 1.000000100000000021e-05 1.000000100000000021e-05 1.000000100000000021e-05
1.000000000000000021e-08 1.000000000000000021e-08 1.000000000000000021e-08 1.000000000000000021e-08 1.648360854169796336e-04 1.055096213660130233e-01 1.214293026737903319e-01 5.028379413164008543e-05 1.000000000000000021e-08 1.000000000000000021e-08 1.000000000000000021e-08 1.000000000000000021e-08 1.000000000000000021e-08 1.000000000000000021e-08 1.811311625732204812e-05 2.741435313413446826e-05 4.522287019752264763e-03 2.977414404271754573e-05 1.000000000000000021e-08 1.000000000000000021e-08 1.000000000000000021e-08 1.000000000000000021e-08 1.000000000000000021e-08 1.000000000000000021e-08 1.000000000000000021e-08 1.000000000000000021e-08 1.000000000000000021e-08 1.000000000000000021e-08 1.000000000000000021e-08 1.000000000000000021e-08 1.000000100000000021e-05 1.000000100000000021e-05 1.000000100000000021e-05 1.000000100000000021e-05 1.000000100000000021e-05 1.000000100000000021e-05 1.000000100000000021e-05
7.882988395437788912e-05 6.181877499286343237e-05 1.000000000000000021e-08 1.000000000000000021e-08 6.615904701686635371e-05 9.060686033030364295e-02 9.853356147426294009e-02 7.468531010949715730e-05 5.338819572464409744e-05 4.377097640356770173e-05 2.771144856147387660e-05 1.995463540217743965e-05 1.566043243294718351e-05 2.210003865052973226e-05 1.000000000000000021e-08 1.233606194961212220e-05 3.860501652447578293e-03 5.738277504522701301e-05 1.000000000000000021e-08 1.000000000000000021e-08 1.000000000000000021e-08 1.000000000000000021e-08 1.000000000000000021e-08 1.000000000000000021e-08 1.000000000000000021e-08 1.000000000000000021e-08 1.000000000000000021e-08 2.197660135482575234e-05 1.433661095706272695e-05 1.000000000000000021e-08 1.000000100000000021e-05 1.000000100000000021e-05 1.000000100000000021e-05 1.000000100000000021e-05 1.000000100000000021e-05 1.000000100000000021e-05 1.000000100000000021e-05
2.842961846329198776e-05 6.597819872210295246e-05 5.940753803199516587e-05 5.270513181144439996e-05 9.337687045158295945e-05 4.670014665108769558e-02 6.760156278865335489e-02 1.000000000000000021e-08 1.000000000000000021e-08 1.110317701350483693e-05 1.000000000000000021e-08 4.747518358962431959e-05 4.375414059475304506e-05 1.200394039176970566e-05 1.000000000000000021e-08 1.000000000000000021e-08 5.264910542354108922e-04 7.084017731487681749e-05 7.352669444903699918e-05 8.435392595325715427e-05 7.185311066333743943e-05 6.073661327462202646e-05 4.854801402375823909e-05 3.655923561752851941e-05 2.225011698096293329e-05 1.147718403698002400e-05 1.000000000000000021e-08 1.000000000000000021e-08 1.000000000000000021e-08 1.000000100000000021e-05 1.000000100000000021e-05 1.000000100000000021e-05 1.000000100000000021e-05 1.000000100000000021e-05 1.000000100000000021e-05 1.000000100000000021e-05 1.000000100000000021e-05
1.947391293348300299e-05 2.198029349672127352e-05 4.157983147107458454e-05 1.000000000000000021e-08 1.381139952742467091e-04 1.348904348748654058e-01 1.869286919436366143e-02 1.000000000000000021e-08 1.667025391038695278e-05 1.564592213229193564e-05 1.577296770123358548e-05 1.031586658075696210e-05 1.000000000000000021e-08 1.000000000000000021e-08 1.000000000000000021e-08 1.000000000000000021e-08 5.599436915047266644e-04 8.680129307272308370e-05 5.363954321595431398e-05 1.579677425228507686e-05 1.483035786174727349e-05 1.186806167505651819e-05 1.000000000000000021e-08 1.000000000000000021e-08 1.000000000000000021e-08 1.000000000000000021e-08 1.000000000000000021e-08 1.000000000000000021e-08 1.000000000000000021e-08 1.000000100000000021e-05 1.000000100000000021e-05 1.000000100000000021e-05 1.000000100000000021e-05 1.000000100000000021e-05 1.000000100000000021e-05 1.000000100000000021e-05 1.000000100000000021e-05
1.149775633920660866e-05 2.443096449974555462e-05 4.414766979305142846e-05 6.831529425978369362e-05 9.270388657050009085e-02 9.642173517891285128e-02 8.049312782706953551e-02 9.782930921753360553e-05 1.000000000000000021e-08 1.277356037261715563e-05 1.000000000000000021e-08 1.000000000000000021e-08 1.848929114904077122e-05 1.000000000000000021e-08 1.000000000000000021e-08 1.000000000000000021e-08 7.160894070889713484e-03 1.265782764450320338e-04 3.019808291064300963e-05 1.000000000000000021e-08 1.000000000000000021e-08 1.000000000000000021e-08 1.000000000000000021e-08 1.000000000000000021e-08 1.000000000000000021e-08 1.000000000000000021e-08 1.000000000000000021e-08 1.000000000000000021e-08 1.000000000000000021e-08 1.000000100000000021e-05 1.000000100000000021e-05 1.000000100000000021e-05 1.000000100000000021e-05 1.000000100000000021e-05 1.000000100000000021e-05 1.000000100000000021e-05 1.000000100000000021e-05
1.000000000000000021e-08 1.000000000000000021e-08 1.000000000000000021e-08 1.000000000000000021e-08 1.000000000000000021e-08 4.230986621448367541e-02 3.195752981104110768e-02 9.859560248625790543e-05 1.000000000000000021e-08 1.000000000000000021e-08 1.000000000000000021e-08 1.000000000000000021e-08 1.000000000000000021e-08 1.000000000000000021e-08 1.719277894643156797e-05 4.194832078448187951e-03 5.190281592586156074e-03 1.460232757121004734e-05 2.011134949636107577e-05 1.000000000000000021e-08 1.000000000000000021e-08 1.000000000000000021e-08 1.000000000000000021e-08 1.000000000000000021e-08 1.000000000000000021e-08 1.000000000000000021e-08 1.000000000000000021e-08 1.000000000000000021e-08 1.000000000000000021e-08 1.000000100000000021e-05 1.000000100000000021e-05 1.000000100000000021e-05 1.000000100000000021e-05 1.000000100000000021e-05 1.000000100000000021e-05 1.000000100000000021e-05 1.000000100000000021e-05
1.000000000000000021e-08 1.000000000000000021e-08 1.000000000000000021e-08 1.000000000000000021e-08 1.000000000000000021e-08 2.566508432027417991e-02 5.001335810536558513e-02 1.479389265121677875e-04 1.000000000000000021e-08 1.000000000000000021e-08 1.000000000000000021e-08 1.000000000000000021e-08 1.000000000000000021e-08 1.000000000000000021e-08 1.000000000000000021e-08 5.609945051613715985e-04 8.490372168401504049e-04 1.000000000000000021e-08 1.000000000000000021e-08 2.032400049365629778e-05 1.522202161043016012e-05 1.025527743397300419e-05 1.000000000000000021e-08 1.499739642184711279e-05 1.277227915561087971e-05 1.000000000000000021e-08 1.000000000000000021e-08 1.000000000000000021e-08 1.000000000000000021e-08 1.000000100000000021e-05 1.000000100000000021e-05 1.000000100000000021e-05 1.000000100000000021e-05 1.000000100000000021e-05 1.000000100000000021e-05 1.000000100000000021e-05 1.000000100000000021e-05
1.000000000000000021e-08 1.000000000000000021e-08 1.000000000000000021e-08 1.000000000000000021e-08 1.000000000000000021e-08 1.504545211063484933e-02 5.920744898588276017e-02 1.313470966972888764e-04 1.000000000000000021e-08 1.000000000000000021e-08 1.000000000000000021e-08 1.000000000000000021e-08 1.000000000000000021e-08 1.000000000000000021e-08 1.000000000000000021e-08 8.631449809064849861e-04 7.386569656578795837e-05 1.000000000000000021e-08 3.391521986853353229e-05 1.000000000000000021e-08 1.000000000000000021e-08 1.019035408145586939e-05 1.000000000000000021e-08 1.000000000000000021e-08 1.543180411705798259e-05 1.003107784997561084e-05 1.000000000000000021e-08 1.000000000000000021e-08 1.000000000000000021e-08 1.000000100000000021e-05 1.000000100000000021e-05 1.000000100000000021e-05 1.000000100000000021e-05 1.000000100000000021e-05 1.000000100000000021e-05 1.000000100000000021e-05 1.000000100000000021e-05
5.047251091254950476e-05 4.600451092416445566e-05 4.614066562553642125e-05 1.000000000000000021e-08 1.000000000000000021e-08 1.747021828326731641e-01 1.742064265308382320e-01 1.530180387832658639e-01 1.000000000000000021e-08 1.000000000000000021e-08 1.000000000000000021e-08 1.000000000000000021e-08 1.000000000000000021e-08 1.000000000000000021e-08 1.106072339003008782e-02 1.353613407740229639e-03 9.195947199663957240e-05 1.000000000000000021e-08 1.000000000000000021e-08 1.000000000000000021e-08 1.000000000000000021e-08 1.523838944691551780e-05 2.343188740274000515e-05 2.612480879788195589e-05 2.536559049486960331e-05 1.546442417674469627e-05 1.000000000000000021e-08 1.000000000000000021e-08 1.000000000000000021e-08 1.000000100000000021e-05 1.000000100000000021e-05 1.000000100000000021e-05 1.000000100000000021e-05 1.000000100000000021e-05 1.000000100000000021e-05 1.000000100000000021e-05 1.000000100000000021e-05
5.543102684967865512e-02 5.693438604755193810e-02 5.755541248600832410e-02 5.787740073255885631e-02 5.785334861954852942e-02 1.773036384650616692e-01 1.705628210701252423e-01 1.313011686451116267e-01 6.932039497638055325e-02 1.000000000000000021e-08 1.000000000000000021e-08 1.000000000000000021e-08 1.000000000000000021e-08 1.000000000000000021e-08 8.617171435207106323e-03 1.983360739550157968e-04 8.382861705250042904e-05 1.000000000000000021e-08 1.000000000000000021e-08 1.000000000000000021e-08 1.000000000000000021e-08 3.551617726980558864e-05 3.655926116404653863e-05 2.870342943302168050e-05 3.076985076393272151e-05 3.445604389348188380e-05 2.270829466967886552e-05 1.165941895839702220e-05 1.000000000000000021e-08 1.000000100000000021e-05 1.000000100000000021e-05 1.000000100000000021e-05 1.000000100000000021e-05 1.000000100000000021e-05 1.000000100000000021e-05 1.000000100000000021e-05 1.000000100000000021e-05
7.459389543362036218e-03 4.444755936101441041e-03 2.815439804049888178e-03 1.800796393090621375e-03 1.167519565045160293e-03 8.199330999311794455e-04 5.196177147714628247e-04 6.717798361533762475e-02 2.300864749800247133e-01 1.765344302090592066e-01 1.529172576680326622e-03 2.874805753414108578e-04 3.952229349616090610e-05 1.320345060257354774e-04 1.024669607957811668e-03 1.402739708170911901e-04 2.009914390857821858e-05 3.365221452416071267e-05 4.283053223587559942e-05 4.420361516053296298e-05 5.468526634915059603e-05 6.377611245608256650e-05 2.649895546830472151e-05 1.000000000000000021e-08 1.766120568621557674e-05 1.000000000000000021e-08 1.000000000000000021e-08 1.000000000000000021e-08 1.000000000000000021e-08 1.000000100000000021e-05 1.000000100000000021e-05 1.000000100000000021e-05 1.000000100000000021e-05 1.000000100000000021e-05 1.000000100000000021e-05 1.000000100000000021e-05 1.000000100000000021e-05
1.000000000000000021e-08 1.000000000000000021e-08 1.000000000000000021e-08 1.000000000000000021e-08 1.467706801557479588e-05 1.000000000000000021e-08 1.000000000000000021e-08 2.694847313714800988e-04 5.165464276323504262e-04 6.963987147502458119e-02 7.031353203458630408e-02 8.765817457601880617e-04 1.970748669542376108e-04 9.900003648481146324e-05 9.130073229184936705e-04 1.141856491719921005e-04 9.706633050287026543e-05 1.173314892393495995e-04 1.422132394093145321e-04 1.211800578815233609e-04 8.527211278366976586e-05 3.973764028715434698e-05 3.074367691984691766e-05 1.000000000000000021e-08 1.618862288331610465e-05 1.000000000000000021e-08 1.000000000000000021e-08 1.000000000000000021e-08 1.000000000000000021e-08 1.000000100000000021e-05 1.000000100000000021e-05 1.000000100000000021e-05 1.000000100000000021e-05 1.000000100000000021e-05 1.000000100000000021e-05 1.000000100000000021e-05 1.000000100000000021e-05
1.000000000000000021e-08 1.000000000000000021e-08 1.000000000000000021e-08 1.000000000000000021e-08 1.000000000000000021e-08 6.161682682112268284e-04 1.000000000000000021e-08 1.000000000000000021e-08 1.000000000000000021e-08 3.488118067851369436e-02 1.789368564919486260e-01 1.662567632042801224e-01 3.075849466331129494e-04 1.706768853391029772e-04 7.619137313077875692e-04 2.588087261095230055e-04 1.574486060215650170e-04 8.929905521978526021e-05 2.874325237737033052e-05 2.827527115389084743e-05 2.614960876879658953e-05 2.716149316270600141e-05 2.976941429270146580e-05 3.400431777654618120e-05 2.270711541657956096e-05 1.000000000000000021e-08 1.000000000000000021e-08 1.000000000000000021e-08 1.000000100000000021e-05 1.000000100000000021e-05 1.000000100000000021e-05 1.000000100000000021e-05 1.000000100000000021e-05 1.000000100000000021e-05 1.000000100000000021e-05 1.000000100000000021e-05 1.000000100000000021e-05
1.235292870868707785e-05 1.418906007767774255e-05 1.000000000000000021e-08 1.000000000000000021e-08 1.000000000000000021e-08 5.900826656679434890e-05 8.991237910637289710e-05 4.122716911548949235e-05 8.730125032158386506e-05 1.514195081244052443e-01 1.591367914608091128e-01 1.522489885021708067e-01 1.509968105708138497e-01 5.156121635342341509e-04 8.024378115537340200e-05 3.168809542967641440e-05 3.098208316083551342e-05 3.047807535633088454e-05 2.169951180227330171e-05 1.000000000000000021e-08 1.134281328453372855e-05 1.078509173712298185e-05 1.173739811803920133e-05 1.000000000000000021e-08 1.000000000000000021e-08 1.000000000000000021e-08 1.000000000000000021e-08 1.000000000000000021e-08 1.000000100000000021e-05 1.000000100000000021e-05 1.000000100000000021e-05 1.000000100000000021e-05 1.000000100000000021e-05 1.000000100000000021e-05 1.000000100000000021e-05 1.000000100000000021e-05 1.000000100000000021e-05
