output/water_depth_9600.asc
ncols 223
nrows 158
xllcorner 0.0
yllcorner 0.0
cellsize 30.0
[rows 102 to 118 of 158, columns 185 to 221 of 223]
1.000000000000000021e-08 1.091863339982448883e-05 1.392177551589600211e-05 1.418241280004308751e-05 1.000000000000000021e-08 1.000000000000000021e-08 1.654171144480342040e-02 1.291154905992496771e-01 9.201964081133108021e-04 2.568737427988670844e-04 1.823897125245398359e-04 7.818981510372711508e-05 5.901976985947646653e-05 5.965561628884104273e-05 6.550405067991195603e-05 6.444694496408095562e-05 2.026279916121162951e-05 1.000000000000000021e-08 1.000000000000000021e-08 1.000000000000000021e-08 1.000000000000000021e-08 1.000000000000000021e-08 1.000000000000000021e-08 1.000000000000000021e-08 1.000000000000000021e-08 1.000000000000000021e-08 1.000000000000000021e-08 1.000000000000000021e-08 1.000000000000000021e-08 1.000000000000000021e-08 1.000000100000000021e-05 1.000000100000000021e-05 1.000000100000000021e-05 1.000000100000000021e-05 1.000000100000000021e-05 1.000000100000000021e-05 1.000000100000000021e-05
1.676646165669358121e-05 1.525675254132215615e-05 2.787309322717418904e-05 2.710525719967335200e-05 2.210514575207537266e-05 1.000000000000000021e-08 3.482544133246560664e-03 6.301722903454141933e-02 3.056228048694427640e-04 8.748760164673462757e-05 1.243376968565578357e-04 1.701418578213356487e-04 1.534611349077240165e-04 1.219427856148188509e-04 9.177343144481230769e-05 3.598431112193828418e-05 1.015690299642877813e-04 1.885593993708414054e-05 1.653792669240952977e-05 1.000000000000000021e-08 1.000000000000000021e-08 1.000000000000000021e-08 1.000000000000000021e-08 1.000000000000000021e-08 1.000000000000000021e-08 1.000000000000000021e-08 1.000000000000000021e-08 1.000000000000000021e-08 1.000000000000000021e-08 1.000000000000000021e-08 1.000000100000000021e-05 1.000000100000000021e-05 1.000000100000000021e-05 1.000000100000000021e-05 1.000000100000000021e-05 1.000000100000000021e-05 1.000000100000000021e-05
1.000000000000000021e-08 1.000000000000000021e-08 1.000000000000000021e-08 1.000000000000000021e-08 5.990767441317240352e-05 1.203025976422277595e-03 1.758303688729347947e-01 6.505326740950796716e-02 4.988206917323314876e-05 1.000000000000000021e-08 1.000000000000000021e-08 1.000000000000000021e-08 1.000000000000000021e-08 1.000000000000000021e-08 1.000000000000000021e-08 6.979878080767960532e-05 1.905576212773377339e-04 4.866363129253643258e-05 4.212222776343270137e-05 2.621143557440340618e-05 1.454329330698357065e-05 1.000000000000000021e-08 1.000000000000000021e-08 1.000000000000000021e-08 1.000000000000000021e-08 1.000000000000000021e-08 1.000000000000000021e-08 1.000000000000000021e-08 1.000000000000000021e-08 1.000000000000000021e-08 1.000000100000000021e-05 1.000000100000000021e-05 1.000000100000000021e-05 1.000000100000000021e-05 1.000000100000000021e-05 1.000000100000000021e-05 1.000000100000000021e-05
1.000000000000000021e-08 1.000000000000000021e-08 1.000000000000000021e-08 1.000000000000000021e-08 2.206109376742202961e-04 1.153872704727923332e-01 1.339990872758490825e-01 5.989543946793883452e-05 1.000000000000000021e-08 1.091556159619518960e-05 1.000000000000000021e-08 1.000000000000000021e-08 1.000000000000000021e-08 1.000000000000000021e-08 1.973459341664845937e-05 3.013736127438722661e-05 4.851974259476934080e-03 3.352692327307075267e-05 1.000000000000000021e-08 1.000000000000000021e-08 1.000000000000000021e-08 1.000000000000000021e-08 1.000000000000000021e-08 1.000000000000000021e-08 1.000000000000000021e-08 1.000000000000000021e-08 1.000000000000000021e-08 1.000000000000000021e-08 1.000000000000000021e-08 1.000000000000000021e-08 1.000000100000000021e-05 1.000000100000000021e-05 1.000000100000000021e-05 1.000000100000000021e-05 1.000000100000000021e-05 1.000000100000000021e-05 1.000000100000000021e-05
8.199836929718862396e-05 6.450987526484145492e-05 1.000000000000000021e-08 1.000000000000000021e-08 9.555226680822440847e-05 9.911955240752289009e-02 1.089816306635884718e-01 8.268510585219458905e-05 5.954375556213593716e-05 4.902508020200814005e-05 3.092082281047637811e-05 2.200773208900731672e-05 1.748192226839171310e-05 2.440336406848788472e-05 1.000000000000000021e-08 1.368645260818212838e-05 4.142113640566695391e-03 6.405027862417372582e-05 1.000000000000000021e-08 1.000000000000000021e-08 1.000000000000000021e-08 1.000000000000000021e-08 1.000000000000000021e-08 1.000000000000000021e-08 1.000000000000000021e-08 1.000000000000000021e-08 1.000000000000000021e-08 2.535715305978324306e-05 1.742936443127923011e-05 1.018420979007113805e-05 1.000000100000000021e-05 1.000000100000000021e-05 1.000000100000000021e-05 1.000000100000000021e-05 1.000000100000000021e-05 1.000000100000000021e-05 1.000000100000000021e-05
3.227242216283988832e-05 7.034052826140324284e-05 6.397253717319236496e-05 5.838017094364990111e-05 1.302816421040600486e-04 5.240138656823516150e-02 7.529279243587412573e-02 1.146868179557563863e-05 1.000000000000000021e-08 1.245916596749690761e-05 1.000000000000000021e-08 5.211537392209180145e-05 4.810891404504710381e-05 1.317562693593092276e-05 1.000000000000000021e-08 1.000000000000000021e-08 5.751692130305845413e-04 8.208287365466871485e-05 8.347123562455818215e-05 9.728725474231893309e-05 8.203780572960956547e-05 6.915946563989952903e-05 5.586620434600074963e-05 4.289033561825506132e-05 2.686057661753003695e-05 1.435504395138304066e-05 1.000000000000000021e-08 1.000000000000000021e-08 1.000000000000000021e-08 1.000000100000000021e-05 1.000000100000000021e-05 1.000000100000000021e-05 1.000000100000000021e-05 1.000000100000000021e-05 1.000000100000000021e-05 1.000000100000000021e-05 1.000000100000000021e-05
2.157775221537577969e-05 2.438437699912552684e-05 4.616832479849473599e-05 1.000000000000000021e-08 2.093099447778214313e-04 1.476530031325842818e-01 2.149264662619446500e-02 1.000000000000000021e-08 1.888411013287737714e-05 1.757130702349599070e-05 1.757123363058660570e-05 1.142970848380892449e-05 1.000000000000000021e-08 1.000000000000000021e-08 1.000000000000000021e-08 1.000000000000000021e-08 6.140838367069449081e-04 1.007222468737807927e-04 6.063329378529814541e-05 1.769915694812631716e-05 1.672953768086158410e-05 1.398632274730991057e-05 1.175852730085262303e-05 1.000000000000000021e-08 1.000000000000000021e-08 1.000000000000000021e-08 1.000000000000000021e-08 1.000000000000000021e-08 1.000000000000000021e-08 1.000000100000000021e-05 1.000000100000000021e-05 1.000000100000000021e-05 1.000000100000000021e-05 1.000000100000000021e-05 1.000000100000000021e-05 1.000000100000000021e-05 1.000000100000000021e-05
1.235893370362391973e-05 2.695284731987222023e-05 4.914480974489768950e-05 7.503115563066679471e-05 1.012351374823066835e-01 1.058869248134650665e-01 8.831297014911072829e-02 1.316232543147783393e-04 1.000000000000000021e-08 1.506838800311562445e-05 1.000000000000000021e-08 1.000000000000000021e-08 2.016680710337629250e-05 1.000000000000000021e-08 1.000000000000000021e-08 1.000000000000000021e-08 7.708940154545730443e-03 1.455282544212773874e-04 3.367284891189901346e-05 1.000000000000000021e-08 1.000000000000000021e-08 1.000000000000000021e-08 1.000000000000000021e-08 1.000000000000000021e-08 1.000000000000000021e-08 1.000000000000000021e-08 1.000000000000000021e-08 1.000000000000000021e-08 1.000000000000000021e-08 1.000000100000000021e-05 1.000000100000000021e-05 1.000000100000000021e-05 1.000000100000000021e-05 1.000000100000000021e-05 1.000000100000000021e-05 1.000000100000000021e-05 1.000000100000000021e-05
1.000000000000000021e-08 1.000000000000000021e-08 1.000000000000000021e-08 1.000000000000000021e-08 1.000000000000000021e-08 4.814669792291927791e-02 3.635135588454761757e-02 1.378958555912647411e-04 1.000000000000000021e-08 1.000000000000000021e-08 1.000000000000000021e-08 1.000000000000000021e-08 1.000000000000000021e-08 1.000000000000000021e-08 1.942094646562435661e-05 4.491366543934473092e-03 5.585284892299512312e-03 1.658811769350209081e-05 2.269106620316781905e-05 1.000000000000000021e-08 1.000000000000000021e-08 1.000000000000000021e-08 1.000000000000000021e-08 1.000000000000000021e-08 1.000000000000000021e-08 1.000000000000000021e-08 1.000000000000000021e-08 1.000000000000000021e-08 1.030991725282720101e-05 1.000000100000000021e-05 1.000000100000000021e-05 1.000000100000000021e-05 1.000000100000000021e-05 1.000000100000000021e-05 1.000000100000000021e-05 1.000000100000000021e-05 1.000000100000000021e-05
1.000000000000000021e-08 1.000000000000000021e-08 1.000000000000000021e-08 1.000000000000000021e-08 1.000000000000000021e-08 2.721572669826712379e-02 5.054304884186724273e-02 2.052122002469840333e-04 1.000000000000000021e-08 1.000000000000000021e-08 1.000000000000000021e-08 1.000000000000000021e-08 1.000000000000000021e-08 1.000000000000000021e-08 1.000000000000000021e-08 6.163224713341892199e-04 9.310945742645375476e-04 1.000000000000000021e-08 1.000000000000000021e-08 2.115880454451760928e-05 1.640779363407663641e-05 1.089818960507396079e-05 1.000000000000000021e-08 1.694756279302303949e-05 1.506947398798648852e-05 1.260360490857105302e-05 1.000000000000000021e-08 1.000000000000000021e-08 1.000000000000000021e-08 1.000000100000000021e-05 1.000000100000000021e-05 1.000000100000000021e-05 1.000000100000000021e-05 1.000000100000000021e-05 1.000000100000000021e-05 1.000000100000000021e-05 1.000000100000000021e-05
1.000000000000000021e-08 1.000000000000000021e-08 1.000000000000000021e-08 1.000000000000000021e-08 1.000000000000000021e-08 1.915673825237439870e-02 5.896019092191878003e-02 1.864786798028962524e-04 1.000000000000000021e-08 1.000000000000000021e-08 1.000000000000000021e-08 1.000000000000000021e-08 1.000000000000000021e-08 1.000000000000000021e-08 1.000000000000000021e-08 9.446845625115177225e-04 9.456019101601701197e-05 1.000000000000000021e-08 3.872424678491978762e-05 1.000000000000000021e-08 1.000000000000000021e-08 1.087484086384637411e-05 1.000000000000000021e-08 1.000000000000000021e-08 1.790902136709392672e-05 1.275880903158231310e-05 1.000000000000000021e-08 1.000000000000000021e-08 1.000000000000000021e-08 1.000000100000000021e-05 1.000000100000000021e-05 1.000000100000000021e-05 1.000000100000000021e-05 1.000000100000000021e-05 1.000000100000000021e-05 1.000000100000000021e-05 1.000000100000000021e-05
6.796134484427371000e-05 6.121069195315568113e-05 6.123417415741424228e-05 1.000000000000000021e-08 1.000000000000000021e-08 1.944652930759413478e-01 1.953664964684385941e-01 1.704551015549092552e-01 1.000000000000000021e-08 1.000000000000000021e-08 1.000000000000000021e-08 1.000000000000000021e-08 1.000000000000000021e-08 1.000000000000000021e-08 1.187446603247755209e-02 1.551959781003239836e-03 7.221317867556474894e-05 1.000000000000000021e-08 1.000000000000000021e-08 1.000000000000000021e-08 1.000000000000000021e-08 1.738272020487862860e-05 2.613199324981739296e-05 2.956848138780493565e-05 2.907169727339648215e-05 1.845598519531071007e-05 1.183269408783074499e-05 1.000000000000000021e-08 1.000000000000000021e-08 1.000000100000000021e-05 1.000000100000000021e-05 1.000000100000000021e-05 1.000000100000000021e-05 1.000000100000000021e-05 1.000000100000000021e-05 1.000000100000000021e-05 1.000000100000000021e-05
5.862443786728369771e-02 6.019369303976511432e-02 6.122307371165350287e-02 6.193691840843269791e-02 6.458978183609842549e-02 1.992306890912685091e-01 1.915093336933069990e-01 1.460048665030051762e-01 7.257562809229066436e-02 1.000000000000000021e-08 1.000000000000000021e-08 1.000000000000000021e-08 1.000000000000000021e-08 1.000000000000000021e-08 9.246981445872598862e-03 2.350954608061213945e-04 9.179582267716813982e-05 1.000000000000000021e-08 1.000000000000000021e-08 1.000000000000000021e-08 1.000000000000000021e-08 3.950430035339998804e-05 4.124075857054123901e-05 3.256363162510586903e-05 3.519343294820083629e-05 3.927030163439420798e-05 2.654279124530209145e-05 1.396890769401922718e-05 1.000000000000000021e-08 1.000000100000000021e-05 1.000000100000000021e-05 1.000000100000000021e-05 1.000000100000000021e-05 1.000000100000000021e-05 1.000000100000000021e-05 1.000000100000000021e-05 1.000000100000000021e-05
7.486232635782155004e-03 5.115512833311186558e-03 3.267926353436901264e-03 2.118602742353850946e-03 1.399791291944099594e-03 1.004748411130849386e-03 6.702819457554467239e-04 7.036878550041260338e-02 2.628745744693973263e-01 1.998308601564658671e-01 2.411307253510486595e-03 3.086762571933996855e-04 6.449027130165353402e-05 1.000031904371706830e-04 1.129341197299136516e-03 1.526937219198726465e-04 2.243672101913125110e-05 3.771174446527946069e-05 4.921602581482519652e-05 4.951066440925277253e-05 6.159062272287071720e-05 7.123454495919440480e-05 2.990755287719876201e-05 1.000000000000000021e-08 2.069640519776018143e-05 1.000000000000000021e-08 1.000000000000000021e-08 1.000000000000000021e-08 1.000000000000000021e-08 1.000000100000000021e-05 1.000000100000000021e-05 1.000000100000000021e-05 1.000000100000000021e-05 1.000000100000000021e-05 1.000000100000000021e-05 1.000000100000000021e-05 1.000000100000000021e-05
1.000000000000000021e-08 1.000000000000000021e-08 1.000000000000000021e-08 1.000000000000000021e-08 1.687322328767663698e-05 1.000000000000000021e-08 1.000000000000000021e-08 3.892851396577842629e-04 7.831091606471246580e-04 7.513689335375035860e-02 7.588072046921703895e-02 1.257433599772256024e-03 1.523671747606217589e-04 1.420995611544133242e-04 1.016826743450330349e-03 1.240711609620206882e-04 1.085288847930378832e-04 1.307330342903739902e-04 1.563233766505219024e-04 1.346834810348007758e-04 9.456007755225577115e-05 4.527665547823392443e-05 3.525977212393300989e-05 1.000000000000000021e-08 2.027917547732662907e-05 1.000000000000000021e-08 1.000000000000000021e-08 1.000000000000000021e-08 1.000000000000000021e-08 1.000000100000000021e-05 1.000000100000000021e-05 1.000000100000000021e-05 1.000000100000000021e-05 1.000000100000000021e-05 1.000000100000000021e-05 1.000000100000000021e-05 1.000000100000000021e-05
1.000000000000000021e-08 1.000000000000000021e-08 1.000000000000000021e-08 1.000000000000000021e-08 1.000000000000000021e-08 6.547403614462151984e-04 1.000000000000000021e-08 1.000000000000000021e-08 1.000000000000000021e-08 3.946679371920790158e-02 2.026072382977793795e-01 1.865179478692425563e-01 3.903789798067609893e-04 1.159737003686611061e-04 8.334348209609625984e-04 2.843079613242845268e-04 1.711311709151891317e-04 9.819644622077596614e-05 3.272221865172921223e-05 3.231316061712092224e-05 2.927974001617252166e-05 3.078222619990515177e-05 3.406025818969570001e-05 3.917411986246151706e-05 2.756292718694833060e-05 1.000000000000000021e-08 1.000000000000000021e-08 1.000000000000000021e-08 1.000000100000000021e-05 1.000000100000000021e-05 1.000000100000000021e-05 1.000000100000000021e-05 1.000000100000000021e-05 1.000000100000000021e-05 1.000000100000000021e-05 1.000000100000000021e-05 1.000000100000000021e-05
1.421667339014641643e-05 1.631536243975024536e-05 1.000000000000000021e-08 1.000000000000000021e-08 1.000000000000000021e-08 6.336593366955979828e-05 9.712866392560441740e-05 4.489865229582696795e-05 1.279061342988114158e-04 1.703811926424387835e-01 1.800165787956361230e-01 1.706303071301937535e-01 1.698585475911583986e-01 5.880679377774542752e-04 9.100896667956844433e-05 3.667741022195220675e-05 3.473128216813127099e-05 3.370802359771701145e-05 2.516593169360911789e-05 1.053956461568034949e-05 1.278984106728409223e-05 1.205631678438780047e-05 1.308105899606887470e-05 1.000000000000000021e-08 1.000000000000000021e-08 1.000000000000000021e-08 1.000000000000000021e-08 1.000000000000000021e-08 1.000000100000000021e-05 1.000000100000000021e-05 1.000000100000000021e-05 1.000000100000000021e-05 1.000000100000000021e-05 1.000000100000000021e-05 1.000000100000000021e-05 1.000000100000000021e-05 1.000000100000000021e-05
