output/water_depth_7320.asc
ncols 223
nrows 158
xllcorner 0.0
yllcorner 0.0
cellsize 30.0
[rows 34 to 50 of 158, columns 111 to 147 of 223]
1.000000000000000021e-08 1.000000000000000021e-08 1.000000000000000021e-08 1.000000000000000021e-08 1.005144509068591193e-05 2.479631695494800305e-05 2.241173318067484952e-05 2.313860173055924416e-05 1.000000000000000021e-08 1.000000000000000021e-08 1.189080497560289993e-05 1.000000000000000021e-08 1.000000000000000021e-08 1.000000000000000021e-08 1.000000000000000021e-08 1.064930422423636784e-05 1.000000000000000021e-08 1.000000000000000021e-08 1.000000000000000021e-08 1.000000000000000021e-08 1.000000000000000021e-08 1.000000000000000021e-08 1.000000000000000021e-08 1.000000000000000021e-08 1.005748853030042348e-05 1.000000000000000021e-08 1.000000000000000021e-08 2.649230016069893873e-05 1.265591163540223836e-04 7.177221767695070830e-04 2.030929731218421644e-03 7.533473141828794101e-03 3.791222446119321514e-03 2.022632797459810166e-05 1.000000000000000021e-08 1.000000000000000021e-08 1.000000000000000021e-08
1.000000000000000021e-08 1.000000000000000021e-08 1.000000000000000021e-08 1.000000000000000021e-08 1.000000000000000021e-08 1.000000000000000021e-08 1.000000000000000021e-08 1.000000000000000021e-08 1.000000000000000021e-08 1.000000000000000021e-08 2.201816102165391823e-05 1.917620310645109876e-05 1.860371861352905587e-05 1.861073628909077249e-05 2.005858536190049878e-05 1.000000000000000021e-08 1.000000000000000021e-08 1.000000000000000021e-08 1.000000000000000021e-08 1.000000000000000021e-08 1.000000000000000021e-08 1.000000000000000021e-08 1.334071566423912935e-05 2.754749856584584697e-05 3.400378771343800859e-05 3.138576202482249328e-05 3.903244370592200179e-05 1.000000000000000021e-08 1.059945744101041597e-04 7.557542205581624199e-04 3.810310143354603274e-03 5.336170290454296354e-03 2.507503749591616544e-03 1.956505815518469810e-05 1.000000000000000021e-08 1.000000000000000021e-08 1.000000000000000021e-08
1.000000000000000021e-08 1.000000000000000021e-08 1.451909741361135648e-05 1.000000000000000021e-08 1.000000000000000021e-08 1.000000000000000021e-08 1.000000000000000021e-08 1.000000000000000021e-08 1.000000000000000021e-08 1.228575065061190559e-05 1.000000000000000021e-08 1.000000000000000021e-08 1.000000000000000021e-08 1.000000000000000021e-08 2.977186935878269270e-05 1.000000000000000021e-08 1.000000000000000021e-08 1.029995793537673336e-04 6.957250889242551774e-05 9.806606178779038495e-05 1.000000000000000021e-08 1.590575158544894115e-03 6.209100204721670554e-03 8.430408674645343409e-03 9.562746793842204218e-03 1.085851924843449397e-02 1.047793438818922854e-02 1.064241031903284326e-02 1.088905761114125972e-02 1.147266694554039713e-02 1.416285375908372252e-02 6.674495623447914729e-03 2.817319241224317417e-03 3.958717568542277328e-04 1.000000000000000021e-08 1.000000000000000021e-08 1.000000000000000021e-08
1.436585783178103128e-05 2.831508842338827334e-05 1.000000000000000021e-08 1.000000000000000021e-08 1.000000000000000021e-08 1.000000000000000021e-08 1.000000000000000021e-08 1.000000000000000021e-08 1.000000000000000021e-08 1.000000000000000021e-08 1.000000000000000021e-08 1.000000000000000021e-08 1.000000000000000021e-08 1.000000000000000021e-08 1.000000000000000021e-08 1.257681924957230995e-05 3.184697707795708279e-05 7.573160535122806965e-03 8.054172527240431936e-03 8.520458340676375850e-03 9.633427019354141516e-03 8.939406451102343415e-03 6.148882382471310311e-03 3.973500877660855919e-03 2.567803221040641532e-03 1.863335057842336858e-03 9.422005686945611946e-04 5.948068681515386374e-04 4.003541165049333142e-04 2.403360032433622846e-03 1.500889466773547634e-02 1.810640392018360648e-02 3.937621861461661210e-02 1.272411151241398253e-02 6.997967788448521435e-05 1.000000000000000021e-08 1.000000000000000021e-08
1.390667135239023050e-03 4.973935812200090244e-04 1.152939844288360376e-04 3.298002558101048088e-05 1.000000000000000021e-08 1.000000000000000021e-08 1.000000000000000021e-08 1.000000000000000021e-08 1.000000000000000021e-08 1.000000000000000021e-08 1.000000000000000021e-08 1.000000000000000021e-08 1.000000000000000021e-08 1.294039748102071110e-05 1.000000000000000021e-08 3.377964160971131183e-03 2.668924094335859212e-02 7.098239498598038835e-03 2.791428050071101779e-05 1.744089664559548848e-05 1.000000000000000021e-08 1.000000000000000021e-08 1.000000000000000021e-08 1.000000000000000021e-08 1.000000000000000021e-08 1.000000000000000021e-08 1.000000000000000021e-08 1.000000000000000021e-08 1.000000000000000021e-08 1.000000000000000021e-08 6.639284150961745183e-05 1.186081515140407751e-04 1.138820307916812644e-02 6.003610880381593518e-02 2.104285291133185104e-02 9.837144836229158649e-05 1.000000000000000021e-08
4.958669317640886434e-03 5.107691538714959067e-03 5.743064081483495280e-03 7.867841617934399814e-04 5.034742575892945781e-04 1.537530848204089599e-04 1.295099562161401057e-04 3.968045119618411978e-05 6.660755008490736083e-05 5.417454071898897277e-05 3.892092754725529243e-04 2.966108988899928160e-04 3.483840040739943304e-03 5.200877363969890269e-03 5.082007249584672738e-03 3.832342000011248681e-03 3.395944372083986584e-03 1.000000000000000021e-08 1.000000000000000021e-08 1.000000000000000021e-08 1.000000000000000021e-08 1.000000000000000021e-08 1.000000000000000021e-08 1.000000000000000021e-08 1.000000000000000021e-08 1.000000000000000021e-08 1.000000000000000021e-08 1.000000000000000021e-08 1.000000000000000021e-08 1.000000000000000021e-08 1.000000000000000021e-08 1.000000000000000021e-08 2.695762385181222609e-05 7.676628827356417545e-05 6.139292940260865361e-02 2.104096321409591394e-02 1.349324314483581200e-02
9.825956768772619568e-05 1.112483142530359498e-04 9.186875161596610821e-04 3.776619718632989210e-03 4.902277435762449585e-03 5.659263242891953392e-03 4.114067059954969706e-03 4.381126689119973702e-03 5.531202391106618266e-03 5.962386638330663576e-03 6.060185041134301745e-03 6.873903011988493315e-03 3.720201945652238610e-03 3.420678084685454309e-03 1.343139890871426023e-05 1.024241273873623915e-05 1.000000000000000021e-08 1.000000000000000021e-08 1.000000000000000021e-08 1.000000000000000021e-08 1.000000000000000021e-08 1.000000000000000021e-08 1.000000000000000021e-08 1.000000000000000021e-08 1.000000000000000021e-08 1.000000000000000021e-08 1.000000000000000021e-08 1.000000000000000021e-08 1.000000000000000021e-08 1.000000000000000021e-08 1.000000000000000021e-08 1.000000000000000021e-08 1.000000000000000021e-08 1.000000000000000021e-08 5.377062647257409533e-05 5.057029390035210070e-03 1.176090085697530790e-02
1.000000000000000021e-08 1.000000000000000021e-08 1.000000000000000021e-08 1.100683402860302774e-05 2.119846020308930283e-05 1.938876556893188215e-05 3.651106959963349580e-03 3.777441486063586387e-03 2.397761844912597775e-03 1.592818529135996922e-03 1.080903134674451090e-03 1.370365783854248778e-03 1.000000000000000021e-08 1.000000000000000021e-08 1.000000000000000021e-08 1.000000000000000021e-08 1.000000000000000021e-08 1.000000000000000021e-08 1.000000000000000021e-08 1.000000000000000021e-08 1.000000000000000021e-08 1.000000000000000021e-08 1.000000000000000021e-08 1.000000000000000021e-08 1.000000000000000021e-08 1.000000000000000021e-08 1.000000000000000021e-08 1.000000000000000021e-08 1.000000000000000021e-08 1.000000000000000021e-08 1.000000000000000021e-08 1.000000000000000021e-08 1.000000000000000021e-08 1.000000000000000021e-08 1.000000000000000021e-08 1.000000000000000021e-08 2.718514524124146292e-05
1.000000000000000021e-08 1.000000000000000021e-08 1.000000000000000021e-08 1.000000000000000021e-08 1.000000000000000021e-08 1.000000000000000021e-08 1.000000000000000021e-08 1.000000000000000021e-08 2.750143349352158941e-05 5.160315671411169942e-05 5.895838036954287537e-04 7.458069620107277056e-04 1.000000000000000021e-08 1.000000000000000021e-08 1.000000000000000021e-08 1.000000000000000021e-08 1.000000000000000021e-08 1.000000000000000021e-08 1.000000000000000021e-08 1.000000000000000021e-08 1.000000000000000021e-08 1.000000000000000021e-08 1.000000000000000021e-08 1.334409713526900850e-05 2.254717563034262884e-05 2.183827892335961512e-05 5.020165491865124819e-05 5.794466074835232644e-05 4.334224106008037762e-05 4.510947291927665405e-05 4.313363122354551475e-05 4.680123699741394367e-05 1.000000000000000021e-08 3.121620078570720730e-05 3.394955658338633673e-05 3.586195195525906097e-05 1.000000000000000021e-08
1.000000000000000021e-08 1.000000000000000021e-08 1.000000000000000021e-08 1.000000000000000021e-08 1.000000000000000021e-08 1.000000000000000021e-08 1.000000000000000021e-08 1.000000000000000021e-08 4.276095383319938555e-05 1.420434496147200026e-04 4.873435760761606235e-04 2.914880021139988750e-04 1.000000000000000021e-08 1.000000000000000021e-08 1.000000000000000021e-08 1.000000000000000021e-08 1.000000000000000021e-08 1.000000000000000021e-08 1.000000000000000021e-08 1.000000000000000021e-08 1.000000000000000021e-08 1.000000000000000021e-08 1.000000000000000021e-08 1.451635523769211463e-05 3.446076076187469864e-05 6.920340537048130390e-05 7.075681041918839337e-05 5.234060671959565587e-05 7.118291067271373591e-05 5.771212575737716031e-05 5.132101930854807240e-05 3.940030305175898947e-05 4.570869341308210428e-05 3.545839584015905011e-05 2.689294391286432310e-05 2.479982255155589447e-05 2.241132640089018175e-05
1.000000000000000021e-08 1.000000000000000021e-08 1.000000000000000021e-08 1.000000000000000021e-08 1.000000000000000021e-08 1.000000000000000021e-08 1.000000000000000021e-08 1.000000000000000021e-08 8.119858731754734261e-04 7.301239608968120454e-04 5.698522461489943401e-04 1.125665043029444487e-05 1.000000000000000021e-08 1.000000000000000021e-08 1.000000000000000021e-08 1.000000000000000021e-08 1.900154927629554559e-05 1.886593729301446620e-05 3.343814680881766001e-05 3.850177630668785407e-05 1.000000000000000021e-08 1.000000000000000021e-08 1.000000000000000021e-08 1.099314950717370862e-05 1.340709971450931959e-05 1.647610746259646182e-05 1.805603863073305043e-05 1.582763511677229054e-05 1.000000000000000021e-08 1.000000000000000021e-08 1.000000000000000021e-08 1.000000000000000021e-08 1.000000000000000021e-08 1.000000000000000021e-08 1.746686180158376519e-05 2.517887775847057807e-05 2.676439569804372489e-05
1.000000000000000021e-08 1.000000000000000021e-08 1.000000000000000021e-08 1.000000000000000021e-08 1.000000000000000021e-08 1.000000000000000021e-08 1.295659117350343910e-04 1.130037002257402133e-03 1.169133813665289810e-03 2.021139606724482968e-04 1.493495548614964938e-05 1.296374283319871808e-05 1.000000000000000021e-08 1.000000000000000021e-08 1.000000000000000021e-08 1.000000000000000021e-08 1.848726479326099847e-05 1.741757861801022797e-05 1.270743395625769328e-05 1.030865906831598336e-05 1.000000000000000021e-08 1.000000000000000021e-08 1.000000000000000021e-08 1.000000000000000021e-08 1.000000000000000021e-08 1.000000000000000021e-08 1.000000000000000021e-08 1.000000000000000021e-08 1.000000000000000021e-08 1.000000000000000021e-08 1.000000000000000021e-08 1.996115098936077884e-05 3.542090638315660870e-05 5.558871994579461437e-05 8.653623630198313446e-05 7.453156425530955856e-05 7.655141174781828785e-05
1.568897494510878879e-05 1.736603829614192233e-05 1.717764920636837342e-05 7.187824883826491316e-05 5.396109783706165564e-04 7.492935614984625771e-04 1.025280201170208471e-03 1.111847406448038863e-03 1.000000000000000021e-08 1.000000000000000021e-08 1.034046665714141892e-05 1.459358212751367592e-05 1.991425592891410130e-05 4.515813660679909820e-05 1.000000000000000021e-08 2.050234545749984709e-05 2.145475635615862433e-05 3.194255993597562419e-05 2.671523416115372481e-05 2.653237451000298191e-05 2.284296351314954088e-05 2.410697580434179862e-05 2.658766609816327157e-05 2.335369569100746517e-05 2.056563852379577153e-05 2.271452485216251757e-05 2.363323906111018742e-05 3.727292705287554457e-05 3.776407917398833539e-05 4.177550471632223572e-05 1.000000000000000021e-08 1.000000000000000021e-08 1.000000000000000021e-08 1.000000000000000021e-08 1.000000000000000021e-08 1.000000000000000021e-08 4.357991861259202381e-05
4.632033849107761343e-04 7.672373029279968009e-05 6.316497617526000406e-05 6.478725731162239326e-04 4.609396740190808907e-04 2.950913149104160871e-04 3.025310873675749065e-04 5.413609629681288826e-05 1.000000000000000021e-08 1.000000000000000021e-08 1.105694519807633103e-05 1.744684499028897748e-05 1.928383612285223742e-05 1.993790408261531642e-05 1.783928864328485127e-05 1.779331763716530599e-05 3.341339921768981023e-05 6.888991249558642648e-05 9.991190315645283619e-05 9.222899649199811482e-05 8.228004401754102776e-05 7.340283047227261508e-05 1.581622202659640456e-04 2.433158388862668726e-04 2.250366268326872287e-04 2.856393707723766349e-04 3.194805079737923401e-04 2.751663449139579915e-04 2.871898549406884794e-04 3.039908564971869438e-04 2.952084968278474546e-04 2.015546389634478006e-04 1.589669880075225792e-04 1.007861823404068729e-04 1.406900412513267459e-04 1.218736268278037502e-04 9.839610794582198368e-05
3.905894408798251034e-04 1.535861483122404351e-05 1.000000000000000021e-08 1.000000000000000021e-08 1.000000000000000021e-08 1.332045771349736420e-05 2.604859809127521784e-05 5.641947608864743773e-05 1.000000000000000021e-08 1.000000000000000021e-08 1.591626294875061120e-05 1.452646355182325354e-05 1.242126252903657224e-05 1.204002038650817908e-05 2.242372385604151844e-05 2.085746349648865026e-05 1.000000000000000021e-08 4.454225018924678987e-05 1.112848740166045609e-04 1.932722321378669823e-04 1.714852519570165862e-04 2.093242615259734206e-04 1.804083279636234740e-04 2.256141996428799850e-04 3.091996663212325295e-04 2.552576964911204191e-04 2.143140156695897932e-04 2.384405776692129480e-04 1.988320600310163684e-04 1.541255040071969182e-04 1.324891797046423732e-04 1.451287267667707441e-04 1.605782912865124409e-04 1.740154701024466011e-04 1.029600715774119563e-04 6.659595599823903578e-05 7.242660999957973894e-05
2.531967008181132989e-05 1.000000000000000021e-08 1.000000000000000021e-08 1.000000000000000021e-08 1.000000000000000021e-08 1.056937012082195569e-05 1.974108574284546078e-05 3.626653865946376210e-05 3.082000107523419390e-05 1.000000000000000021e-08 1.437979373915022828e-05 1.000000000000000021e-08 1.000000000000000021e-08 1.000000000000000021e-08 3.363707056691665943e-05 1.000000000000000021e-08 1.041793543087270716e-05 7.698001384453494590e-05 9.291324328572138521e-05 1.127991467500011504e-04 2.031194353749647360e-04 2.246479101805213304e-04 2.526039328295844174e-04 1.840072854567423657e-04 1.313860654506495849e-04 1.000000000000000021e-08 1.675803582367393704e-05 1.000000000000000021e-08 1.000000000000000021e-08 1.000000000000000021e-08 1.000000000000000021e-08 1.000000000000000021e-08 1.000000000000000021e-08 1.277184748307749825e-05 7.059776537294185192e-05 7.761987956954129577e-05 1.252419230638827919e-04
1.967095988033014078e-05 1.000000000000000021e-08 1.000000000000000021e-08 1.489030656814740880e-05 1.000000000000000021e-08 1.000000000000000021e-08 1.560920495211481844e-05 1.773216661858282141e-05 1.945241499757131395e-05 1.000000000000000021e-08 1.639892749429899905e-05 1.000000000000000021e-08 1.000000000000000021e-08 5.582138883597950719e-05 7.218489114422872081e-05 1.229030614333843116e-04 1.434350074124991065e-04 1.329336021959107411e-04 1.008664702980012191e-04 8.136910771965807649e-05 1.000000000000000021e-08 1.000000000000000021e-08 1.000000000000000021e-08 1.000000000000000021e-08 1.000000000000000021e-08 1.786383135883199430e-05 2.566481775218294167e-05 1.000000000000000021e-08 1.000000000000000021e-08 1.000000000000000021e-08 1.000000000000000021e-08 1.000000000000000021e-08 1.000000000000000021e-08 1.000000000000000021e-08 5.264334881522265465e-05 1.046149981406727602e-04 2.171001448952731259e-04
