output/water_depth_240.asc
ncols 223
nrows 158
xllcorner 0.0
yllcorner 0.0
cellsize 30.0
[rows 68 to 84 of 158, columns 148 to 184 of 223]
5.252298821739349172e-03 4.455765487688584381e-03 4.455765487688584381e-03 4.455765487688584381e-03 4.455765487688584381e-03 4.455765487688584381e-03 4.455765487688584381e-03 4.455765487688584381e-03 4.455765487688584381e-03 4.455765487688584381e-03 4.454165487556199787e-03 3.660832153815679960e-03 4.454965487599655063e-03 4.454965487599655063e-03 4.454965487599655063e-03 4.455365487644119722e-03 4.454965487599655063e-03 3.660832153815679960e-03 4.058326449330622310e-03 4.852832154580571933e-03 4.058298820752133038e-03 3.660432153771215301e-03 4.454565487555189537e-03 4.455765487688584381e-03 4.455765487688584381e-03 4.455765487688584381e-03 4.455765487688584381e-03 4.455765487688584381e-03 4.455765487688584381e-03 5.253599990563723350e-03 4.455765487688584381e-03 4.455765487688584381e-03 4.455765487688584381e-03 4.455765487688584381e-03 4.454565487555190405e-03 3.660432153771215301e-03 4.454965487599655063e-03
4.456565487777513698e-03 5.252298821739349172e-03 4.455765487688584381e-03 4.455765487688584381e-03 4.455765487688584381e-03 4.455765487688584381e-03 4.455765487688584381e-03 4.455365487644119722e-03 4.060356048641257029e-03 4.851174926735913467e-03 4.059126449419552495e-03 4.452510230175885965e-03 4.059126449419552495e-03 4.455365487644119722e-03 4.455765487688584381e-03 4.455765487688584381e-03 4.455765487688584381e-03 4.454965487599655063e-03 4.455365487644119722e-03 3.660832153815679960e-03 4.057098820618738194e-03 4.454565487555189537e-03 4.057898820707667512e-03 4.454565487555189537e-03 4.455765487688584381e-03 4.455765487688584381e-03 4.455765487688584381e-03 4.455765487688584381e-03 4.455765487688584381e-03 5.251869222606574822e-03 4.855011169567948447e-03 4.455765487688584381e-03 4.455765487688584381e-03 4.455765487688584381e-03 4.454965487599655063e-03 3.660032153726750642e-03 4.454965487599655063e-03
4.455765487688584381e-03 5.253098821828278489e-03 4.455765487688584381e-03 4.455765487688584381e-03 4.455765487688584381e-03 4.455765487688584381e-03 4.455765487688584381e-03 4.455765487688584381e-03 4.455365487644119722e-03 4.455765487688584381e-03 4.058726449375087836e-03 4.453310230264815282e-03 4.058726449375087836e-03 4.455365487644119722e-03 4.455765487688584381e-03 4.455765487688584381e-03 4.455765487688584381e-03 4.455765487688584381e-03 4.455765487688584381e-03 4.454965487599655063e-03 4.455365487644119722e-03 4.455765487688584381e-03 4.057898820707667512e-03 3.660432153771215301e-03 4.454165487510725746e-03 4.454965487599655063e-03 4.454965487599655063e-03 4.455765487688584381e-03 4.455765487688584381e-03 4.455765487688584381e-03 5.650205488724806442e-03 4.855992154931749669e-03 4.455765487688584381e-03 4.455765487688584381e-03 4.455765487688584381e-03 4.454965487599655063e-03 4.455765487688584381e-03
5.252298821739349172e-03 4.456565487777513698e-03 4.455765487688584381e-03 4.455765487688584381e-03 4.455765487688584381e-03 4.455765487688584381e-03 4.455765487688584381e-03 4.455365487644119722e-03 4.059126449419552495e-03 4.454537858976700265e-03 4.455365487644119722e-03 4.455765487688584381e-03 4.455365487644119722e-03 4.454537858976700265e-03 4.059126449419552495e-03 4.455365487644119722e-03 4.455765487688584381e-03 4.455765487688584381e-03 4.455765487688584381e-03 4.455765487688584381e-03 4.455765487688584381e-03 4.455765487688584381e-03 4.455365487644119722e-03 4.454965487599655063e-03 3.660832153815679960e-03 3.660032153726750642e-03 3.660032153726750642e-03 4.454165487510725746e-03 4.455765487688584381e-03 4.455765487688584381e-03 4.455765487688584381e-03 5.651185488833697888e-03 5.254078821937169935e-03 4.455765487688584381e-03 4.455765487688584381e-03 4.455765487688584381e-03 4.455765487688584381e-03
5.253098821828278489e-03 4.455365487644119722e-03 4.060356048641257029e-03 4.851174926735913467e-03 4.060356048641257029e-03 4.851174926735913467e-03 4.059126449419552495e-03 4.453310230264815282e-03 4.058726449375087836e-03 4.455365487644119722e-03 4.854032154713966776e-03 4.854032154713966776e-03 4.455365487644119722e-03 4.059126449419552495e-03 4.452910230220350624e-03 4.059126449419552495e-03 4.455365487644119722e-03 4.455765487688584381e-03 4.455765487688584381e-03 4.851574926780377259e-03 4.060356048641257029e-03 4.455365487644119722e-03 4.455765487688584381e-03 4.455765487688584381e-03 4.454965487599655063e-03 4.454965487599655063e-03 4.454965487599655063e-03 3.660832153815679960e-03 4.454165487510725746e-03 4.454965487599655063e-03 4.455365487644119722e-03 4.455765487688584381e-03 5.251869222606574822e-03 4.857870368055822174e-03 5.249911192898609746e-03 4.455765487688584381e-03 4.455765487688584381e-03
4.456565487777513698e-03 5.251898821694883646e-03 4.058726449375087836e-03 4.456166472987958815e-03 4.851603540613778041e-03 3.661232153860144618e-03 4.454565487555189537e-03 4.455765487688584381e-03 4.455365487644119722e-03 4.455765487688584381e-03 4.854432154758430568e-03 4.854032154713966776e-03 4.060356048641257029e-03 4.851174926735913467e-03 4.454965487599655063e-03 3.660432153771215301e-03 4.454965487599655063e-03 4.455765487688584381e-03 4.854032154713966776e-03 4.854032154713966776e-03 4.057498820663202853e-03 4.057898820707667512e-03 4.455365487644119722e-03 4.455765487688584381e-03 4.455765487688584381e-03 4.455765487688584381e-03 4.455765487688584381e-03 4.454965487599655063e-03 3.660832153815679960e-03 3.660032153726750642e-03 4.058075864962899446e-03 4.454565487555189537e-03 4.454565487555189537e-03 5.248860608441958432e-03 4.460182715839956791e-03 5.649005488591412466e-03 4.855992154931749669e-03
4.455765487688584381e-03 4.852374926869307444e-03 4.059956048596791503e-03 4.455365487644119722e-03 5.251898821694883646e-03 3.660032153726750642e-03 4.454965487599655063e-03 4.455765487688584381e-03 4.455765487688584381e-03 4.455765487688584381e-03 4.456165487733049907e-03 4.456165487733049907e-03 4.851174926735913467e-03 4.060756048685720820e-03 4.851174926735913467e-03 4.059556048552326844e-03 4.455365487644119722e-03 4.455765487688584381e-03 4.853203540791637544e-03 4.456166472987958815e-03 4.058726449375087836e-03 4.853232154625037459e-03 4.853232154625037459e-03 3.660832153815679960e-03 4.454965487599655063e-03 4.455765487688584381e-03 5.251498821650418120e-03 3.660832153815679960e-03 4.454165487510725746e-03 4.454965487599655063e-03 4.452583770288376028e-03 3.661011168580732313e-03 3.264591145081292313e-03 3.659632153682285550e-03 4.454165487510725746e-03 3.660832153815679960e-03 4.455365487644119722e-03
4.455765487688584381e-03 4.456165487733049907e-03 4.455365487644119722e-03 4.455765487688584381e-03 4.853854125203824199e-03 4.455365487644119722e-03 4.455765487688584381e-03 4.455765487688584381e-03 4.455765487688584381e-03 4.455765487688584381e-03 5.251898821694883646e-03 5.253098821828278489e-03 5.253498821872743148e-03 4.854432154758432302e-03 5.651334904510440550e-03 5.253499807127652924e-03 4.854461753846741126e-03 5.649704319989361581e-03 4.856893323711660056e-03 4.854432154758432302e-03 5.648574904203727473e-03 4.460584686394241868e-03 4.852403540702707359e-03 3.660032153726750642e-03 4.454965487599655063e-03 4.455765487688584381e-03 4.854832154802896094e-03 4.853632154669501250e-03 4.456165487733049907e-03 4.455765487688584381e-03 5.252298821739349172e-03 4.454165487510725746e-03 3.659632153682285550e-03 4.454165487510725746e-03 3.660832153815679960e-03 4.454165487510725746e-03 4.455765487688584381e-03
4.459202715731065345e-03 5.251898821694883646e-03 5.651734904554905209e-03 5.252520792273672121e-03 4.458152131274413163e-03 5.252298821739349172e-03 5.253098821828278489e-03 5.253098821828278489e-03 5.651334904510440550e-03 5.251941777464154242e-03 4.060286449548406069e-03 4.455365487644119722e-03 4.455765487688584381e-03 4.854032154713966776e-03 4.456165487733049907e-03 5.251498821650419854e-03 3.660832153815679960e-03 4.454965487599655063e-03 4.455765487688584381e-03 4.854032154713966776e-03 4.456165487733049907e-03 5.650104320033826240e-03 4.856093323622729871e-03 5.251898821694883646e-03 5.253098821828278489e-03 5.253098821828278489e-03 4.854832154802896094e-03 4.854432154758432302e-03 5.252698821783812963e-03 5.253098821828278489e-03 5.253898821917207806e-03 5.253098821828278489e-03 4.455765487688584381e-03 4.455765487688584381e-03 4.454965487599655063e-03 4.455765487688584381e-03 4.455765487688584381e-03
4.852877080859662948e-03 4.059305464184604847e-03 4.854032154713966776e-03 4.853232154625037459e-03 3.660432153771215301e-03 4.455365487644119722e-03 4.455365487644119722e-03 4.455765487688584381e-03 4.456565487777513698e-03 5.251498821650419854e-03 3.660032153726750209e-03 4.454965487599655063e-03 4.455765487688584381e-03 4.455765487688584381e-03 4.455765487688584381e-03 4.455765487688584381e-03 4.455765487688584381e-03 4.455765487688584381e-03 4.456565487777513698e-03 4.454965487599655063e-03 4.455765487688584381e-03 5.252298821739349172e-03 3.660432153771215301e-03 4.454565487555189537e-03 4.455765487688584381e-03 4.455765487688584381e-03 4.455765487688584381e-03 4.455765487688584381e-03 4.455765487688584381e-03 4.455765487688584381e-03 4.455765487688584381e-03 4.455765487688584381e-03 5.252298821739349172e-03 5.253098821828278489e-03 5.253098821828278489e-03 4.456565487777513698e-03 4.455765487688584381e-03
4.853232154625037459e-03 3.660432153771215301e-03 4.851603540613778041e-03 4.455766472943494157e-03 4.059126449419551627e-03 4.851574926780377259e-03 4.060356048641257029e-03 4.455365487644119722e-03 5.252698821783812963e-03 4.454965487599655063e-03 3.660832153815679960e-03 4.454165487510725746e-03 4.455765487688584381e-03 4.455765487688584381e-03 4.455765487688584381e-03 4.455765487688584381e-03 4.455765487688584381e-03 4.456565487777513698e-03 5.251498821650419854e-03 3.660832153815679960e-03 4.454165487510725746e-03 5.251898821694883646e-03 4.057898820707667512e-03 4.057898820707667512e-03 4.455365487644119722e-03 4.455765487688584381e-03 4.455765487688584381e-03 4.455765487688584381e-03 4.455765487688584381e-03 4.455765487688584381e-03 4.455765487688584381e-03 4.455765487688584381e-03 4.455765487688584381e-03 4.455765487688584381e-03 4.455765487688584381e-03 5.252298821739349172e-03 4.456565487777513698e-03
4.456165487733049907e-03 4.057898820707667512e-03 4.057098820618738194e-03 4.455365487644119722e-03 4.456165487733049907e-03 4.852803540747172018e-03 4.456994101655379140e-03 4.457394101699843798e-03 4.852003540658242700e-03 4.456565487777513698e-03 4.454965487599655063e-03 3.660432153771215301e-03 4.454565487555189537e-03 4.455765487688584381e-03 4.455765487688584381e-03 4.456165487733049907e-03 4.455365487644119722e-03 5.253098821828278489e-03 4.455765487688584381e-03 4.454965487599655063e-03 3.660032153726750209e-03 4.454965487599655063e-03 4.455765487688584381e-03 4.455765487688584381e-03 4.455765487688584381e-03 4.455765487688584381e-03 4.455765487688584381e-03 4.455765487688584381e-03 4.455765487688584381e-03 4.455765487688584381e-03 4.455765487688584381e-03 4.455765487688584381e-03 4.455765487688584381e-03 4.455765487688584381e-03 4.455765487688584381e-03 4.455765487688584381e-03 5.252298821739349172e-03
5.252698821783812963e-03 4.455365487644119722e-03 3.660832153815679960e-03 4.454565487555189537e-03 4.852803540747172018e-03 4.456594101610913614e-03 4.457794101744308457e-03 4.852003540658242700e-03 3.660432153771215301e-03 5.251098821605954328e-03 4.456165487733049907e-03 4.057098820618738194e-03 4.057898820707667512e-03 4.456165487733049907e-03 4.454965487599655063e-03 4.852374926869307444e-03 4.059956048596791503e-03 5.251898821694883646e-03 4.456165487733049907e-03 4.454165487510725746e-03 3.660832153815679960e-03 4.454565487555189537e-03 4.455365487644119722e-03 4.455365487644119722e-03 4.455765487688584381e-03 4.455765487688584381e-03 4.455765487688584381e-03 4.455765487688584381e-03 4.455365487644119722e-03 4.455765487688584381e-03 4.455765487688584381e-03 4.455365487644119722e-03 4.455365487644119722e-03 4.455765487688584381e-03 4.455765487688584381e-03 4.455765487688584381e-03 4.455765487688584381e-03
4.854432154758432302e-03 4.854432154758432302e-03 4.455365487644119722e-03 4.059126449419551627e-03 4.452510230175885965e-03 4.059526449464017153e-03 5.252298821739349172e-03 4.455365487644119722e-03 4.057098820618738194e-03 4.058698820796596829e-03 5.251098821605954328e-03 3.660832153815679960e-03 4.454565487555189537e-03 5.251898821694883646e-03 3.660832153815679960e-03 5.250298821517025011e-03 4.059126449419551627e-03 4.455766472943494157e-03 4.852003540658242700e-03 3.660032153726750209e-03 4.454165487510725746e-03 4.060356048641257029e-03 4.059956048596791503e-03 4.059956048596791503e-03 4.455365487644119722e-03 4.454965487599655063e-03 4.454965487599655063e-03 4.454965487599655063e-03 4.059126449419552495e-03 4.454965487599655063e-03 4.454965487599655063e-03 4.057898820707667512e-03 4.058726449375087836e-03 4.454965487599655063e-03 4.455765487688584381e-03 4.455765487688584381e-03 4.455765487688584381e-03
4.854032154713966776e-03 4.854032154713966776e-03 4.455765487688584381e-03 4.454565487555189537e-03 3.660832153815679960e-03 4.853632154669501250e-03 4.854032154713966776e-03 4.454565487555189537e-03 3.661232153860144618e-03 5.251498821650419854e-03 4.455365487644119722e-03 4.455765487688584381e-03 4.059556048552326844e-03 4.851974926824842785e-03 4.454565487555189537e-03 3.660032153726750209e-03 4.454165487510725746e-03 4.454965487599655063e-03 4.454965487599655063e-03 3.660832153815679960e-03 3.660032153726750642e-03 4.849974926602518624e-03 4.851174926735913467e-03 4.851174926735913467e-03 4.455365487644119722e-03 3.660832153815679960e-03 3.660032153726750642e-03 3.660032153726750642e-03 4.452510230175885965e-03 4.057898820707667512e-03 3.660432153771215301e-03 4.057098820618738194e-03 4.452910230220350624e-03 4.057898820707667512e-03 4.454565487555189537e-03 4.455365487644119722e-03 4.455765487688584381e-03
4.854032154713966776e-03 4.455765487688584381e-03 4.454965487599655063e-03 4.058726449375087836e-03 4.456566473032424341e-03 4.852803540747172018e-03 4.455365487644119722e-03 4.060356048641257029e-03 4.851574926780377259e-03 4.455365487644119722e-03 4.059556048552326844e-03 4.850774926691447941e-03 3.660832153815679960e-03 4.850774926691447941e-03 4.059556048552326844e-03 3.660432153771215301e-03 3.660032153726750642e-03 3.660032153726750642e-03 3.660032153726750642e-03 4.454165487510725746e-03 4.454965487599655063e-03 3.660832153815679960e-03 3.660032153726750642e-03 3.660032153726750642e-03 3.660032153726750642e-03 4.454165487510725746e-03 4.454965487599655063e-03 4.454965487599655063e-03 4.059126449419552495e-03 4.057498820663202853e-03 4.454565487555189537e-03 4.455365487644119722e-03 4.059126449419552495e-03 4.057498820663202853e-03 3.660432153771215301e-03 4.057098820618738194e-03 4.454565487555189537e-03
4.455765487688584381e-03 4.455365487644119722e-03 4.057898820707667512e-03 4.057898820707667512e-03 5.251898821694883646e-03 4.455765487688584381e-03 4.455765487734059289e-03 4.455365487689594631e-03 4.456165487778523948e-03 4.454165487556199787e-03 3.660832153861154868e-03 4.454965487599655063e-03 4.455765487688584381e-03 4.455365487644119722e-03 3.660832153815679960e-03 4.454165487510725746e-03 4.454965487599655063e-03 4.454965487599655063e-03 4.454965487599655063e-03 4.455765487688584381e-03 4.455765487688584381e-03 4.454965487599655063e-03 4.454965487599655063e-03 4.454965487599655063e-03 4.454965487599655063e-03 4.455765487688584381e-03 4.455765487688584381e-03 4.455765487688584381e-03 4.455365487644119722e-03 4.455365487644119722e-03 4.851574926780377259e-03 4.851974926824842785e-03 4.455765487688584381e-03 4.455365487644119722e-03 4.454965487599655063e-03 4.057898820707667512e-03 3.660432153771215301e-03
