output/water_depth_2280.asc
ncols 223
nrows 158
xllcorner 0.0
yllcorner 0.0
cellsize 30.0
[rows 34 to 50 of 158, columns 148 to 184 of 223]
1.000000000000000021e-08 1.000000000000000021e-08 1.000000000000000021e-08 1.000000000000000021e-08 1.000000000000000021e-08 1.000000000000000021e-08 1.000000000000000021e-08 1.000000000000000021e-08 1.000000000000000021e-08 2.932940849727576588e-04 1.132656099341469382e-04 1.408817493017342784e-05 5.478245501674751134e-05 1.180509436325695406e-05 1.643464171303611851e-05 2.782639836466621310e-05 3.681929816420905589e-05 5.561798655684729642e-05 1.000000000000000021e-08 1.000000000000000021e-08 2.638189344278108178e-04 5.590714235118000256e-04 3.975283679715885493e-04 4.753084303060238014e-04 2.767445621203478735e-04 1.159155884539761570e-03 1.300405953511591002e-03 3.710544431941484398e-03 1.709209383548967176e-01 5.473558729080654772e-02 8.692293020439875674e-05 9.543673671884585316e-05 6.423026612957595028e-05 3.387830642915120542e-04 2.914609591745806949e-04 1.000000100000000021e-05 1.000000100000000021e-05
1.000000000000000021e-08 1.000000000000000021e-08 1.000000000000000021e-08 1.000000000000000021e-08 1.000000000000000021e-08 1.000000000000000021e-08 1.000000000000000021e-08 1.000000000000000021e-08 2.439810115590628235e-05 2.567933444233508892e-05 1.000000000000000021e-08 2.747610629207336130e-05 7.678909199577991704e-05 3.904476324049792384e-05 2.079241351929310452e-05 5.256256934403810406e-05 8.847614500058483347e-05 1.000000000000000021e-08 1.000000000000000021e-08 1.139751438306755417e-05 1.349281721221304825e-05 8.846199221628200178e-05 4.280410113962132817e-04 3.219508026304871307e-04 5.393854545720797120e-04 5.909417164758462007e-04 1.672775925606276781e-03 1.670445618841336632e-01 1.032254137193958227e-01 2.399314703912725953e-04 2.028623082054990963e-04 1.307277881568872995e-04 8.962006201441346034e-05 7.354158261331297385e-05 1.000000100000000021e-05 1.000000100000000021e-05 1.000000100000000021e-05
1.000000000000000021e-08 1.000000000000000021e-08 2.381846142902557155e-05 2.848289886599855283e-05 1.000000000000000021e-08 1.000000000000000021e-08 1.000000000000000021e-08 4.508181000266003576e-05 4.287878644506380786e-05 1.000000000000000021e-08 1.000000000000000021e-08 3.903130040741125361e-05 1.200942301526903281e-04 9.066610884563842379e-05 7.940373364623057035e-05 7.234417013638204429e-05 1.000000000000000021e-08 1.000000000000000021e-08 1.000000000000000021e-08 1.000000000000000021e-08 1.000000000000000021e-08 1.000000000000000021e-08 3.768406954246694327e-04 5.652357223139951609e-04 3.944318494273919688e-04 8.943133100150996249e-04 1.640660133859439974e-03 1.031528945123598717e-01 2.729138522535275234e-04 2.968118546064582269e-05 3.318425124487479850e-04 4.252616178758135759e-04 5.568613960560115208e-04 5.112415463715808302e-03 1.000000100000000021e-05 1.000000100000000021e-05 1.000000100000000021e-05
4.572059046636091454e-05 4.240867039395218856e-05 1.000000000000000021e-08 1.000000000000000021e-08 1.000000000000000021e-08 2.923692671178755809e-05 4.400556366222823707e-05 3.774821434533101323e-05 1.598948363489113679e-05 1.000000000000000021e-08 1.000000000000000021e-08 5.548681783988047085e-05 2.893520931163825623e-05 1.000000000000000021e-08 1.370835093914435788e-04 1.112995131307693673e-04 9.409442355189127037e-05 1.561401978850853923e-05 1.000000000000000021e-08 2.043242708210189215e-05 6.658787450778964716e-05 3.292997076788086532e-05 2.546510908309901886e-04 6.081627641594849120e-04 1.336119554812870104e-03 8.029285213430512567e-04 2.667631166310278912e-02 7.754922581418297045e-02 1.960463005297789459e-04 7.574248398673871481e-05 4.464543989926929074e-05 4.129687761268093806e-05 3.584439610080684892e-05 1.000000100000000021e-05 1.000000100000000021e-05 1.000000100000000021e-05 1.000000100000000021e-05
1.221265008009123492e-05 9.170465835255113324e-05 4.491139464865954734e-05 4.490037984488901587e-05 1.949465143789633599e-05 1.000000000000000021e-08 2.045708107212203556e-05 2.002466247185165078e-05 1.616827874748890228e-05 1.000000000000000021e-08 2.431600062281608800e-05 3.255591978927632160e-05 1.577039961481943863e-05 1.870802669442433463e-05 1.755661655123950417e-04 1.462345772582288169e-04 8.709617472634650394e-05 1.852645156124384132e-04 2.980812035184295949e-05 1.000000000000000021e-08 2.583929890370009478e-05 3.301687207866638488e-05 4.181221298044674736e-05 5.590815508435698772e-04 2.958125984364884668e-04 1.395437647592998563e-03 6.494866279654935848e-02 3.854884574434975369e-02 1.840194681995352681e-04 1.046188468146535080e-04 7.857804366625399499e-05 5.986414571023808656e-05 1.777945343004854730e-05 5.538805443004521384e-05 7.755638526694791596e-05 5.223639480917536236e-03 1.000000100000000021e-05
4.758118176964205859e-02 4.582114477814605569e-02 4.566597506105901828e-05 1.590889398613922368e-05 1.235104236431415513e-05 2.109092236767071233e-05 2.034464039729340194e-05 3.501160305111403740e-05 1.650374183718707834e-05 2.563096693031871817e-05 2.722719293554119995e-04 4.933857886359184036e-05 1.000000000000000021e-08 1.000000000000000021e-08 4.855703637796449990e-05 1.645252400465551103e-05 1.725646311321549979e-04 1.956461350820085977e-04 5.087062744159896109e-05 1.501562570148650928e-05 4.538858795861209480e-05 1.000000000000000021e-08 1.000000000000000021e-08 5.800040812490198398e-05 1.529970517767928267e-04 1.195615678145524460e-03 8.410103112968013439e-02 1.916394952540577054e-02 2.801338914843230581e-04 2.790049123613321143e-04 2.765267615218420334e-04 9.813749746567233302e-05 5.594066415821107659e-05 1.906962557179556184e-04 2.299867835267203691e-04 8.925183445576423142e-04 7.857756809760402369e-05
2.487411214439669838e-01 1.717181195677973948e-01 1.136677182204946651e-01 1.026566236179130611e-04 3.788449689593380114e-05 2.459853200609404892e-05 4.349577808608638197e-05 2.618233483268661270e-05 3.682612590677998630e-05 2.627533070997975468e-05 2.537421153329569409e-04 3.614609265973804604e-05 2.131737079355931498e-05 4.709543255302250269e-05 2.387696179000163471e-05 2.353166499076693899e-05 2.233861818073714500e-05 1.736068386436691899e-04 1.366247081817022029e-04 2.967611874303428731e-05 6.342964355178185726e-05 1.000000000000000021e-08 1.000000000000000021e-08 4.181767214573033249e-05 1.546219688471641937e-04 1.423272155067963193e-03 9.421391342800759794e-02 1.164706232645346812e-02 3.003035482660988903e-04 2.130236249867862111e-04 7.518428703451082826e-05 8.927196120241703728e-05 4.414620702460451149e-05 2.938776370980373631e-04 2.794381744895943942e-04 6.307722046781246393e-04 1.107783614712361649e-04
1.327960373942437553e-03 1.681219456296037251e-01 2.013617170354519981e-01 1.384252703358337666e-01 8.654588907191932204e-05 1.076435774180236861e-04 2.507380706483762725e-05 2.593307335092438149e-05 4.608237382226840483e-05 8.444129202414011259e-05 2.381159693060803126e-04 4.390279589786536853e-05 2.847693863969346007e-05 7.184560072098395713e-05 2.411879735292307610e-05 1.000000000000000021e-08 3.805154016480301543e-05 2.380620369745146080e-04 1.369667136908329431e-04 1.000000000000000021e-08 5.914011161925102555e-05 1.000000000000000021e-08 1.000000000000000021e-08 1.448166377602163288e-05 6.189158102901465503e-04 5.062603696029443351e-02 4.891955618609095807e-02 7.497615277663349787e-03 3.044144274531794363e-04 1.845058982608613460e-04 1.000000000000000021e-08 1.002935479084723328e-04 4.593678155767720058e-05 2.672445884096730684e-04 6.017024475557758260e-04 8.262003738245352622e-04 6.986707187948515245e-04
1.640536784368113376e-04 3.983083850535300177e-04 1.353038195903684404e-01 1.989530611178562947e-01 1.350693922788395451e-01 2.407915814820917716e-04 3.410539421199974017e-05 1.143054745147179687e-05 8.491869268763125559e-05 1.131916474878989440e-04 2.477309813962622043e-04 5.490852505151571673e-05 4.502759807052912351e-05 1.044699637236056708e-04 3.049225050857734093e-05 6.185216250783655018e-05 2.845156376330108404e-04 1.888661878096010727e-05 1.810320070068615529e-05 2.861241387929485292e-05 8.888074088630108338e-05 1.161892964187370104e-05 1.000000000000000021e-08 1.000000000000000021e-08 6.960363861716886225e-05 2.835589729468913911e-02 7.664085974319928551e-02 4.446357025207682903e-03 1.753285757879216675e-04 1.454087994448575365e-04 8.675881683836442963e-05 9.795887579204766102e-05 1.329591808695445871e-04 1.137989167402310821e-03 9.455593056857972091e-04 9.147799079938154481e-04 7.320245333959617953e-04
3.711975982407030462e-04 2.114009895869595386e-04 7.334747185420935735e-04 1.352490435158170967e-01 1.660694899925085066e-01 1.048546375268484682e-01 5.824691885106550394e-05 4.061156423023307312e-05 1.056769684709792301e-04 1.921523777130598710e-04 2.872217046980795056e-04 6.945770563713036085e-05 7.875491046962112185e-05 9.745228142247183473e-05 5.466152266076539979e-05 9.268924407058776226e-05 2.371381136654040394e-04 1.836775978778779533e-05 1.738809547539897646e-05 2.210210987715291469e-05 1.000000000000000021e-08 2.221211884633934202e-05 1.000000000000000021e-08 1.000000000000000021e-08 1.369505396221690739e-04 6.864804436818630617e-02 3.879497987479364057e-02 1.369210995370924184e-03 2.158767929290902172e-04 1.491196856515151310e-04 1.636281929646700938e-04 2.363809418829725595e-04 1.868359999850640967e-04 1.000000000000000021e-08 2.637041776410079907e-04 8.038322225972923622e-04 1.414914193587353151e-03
2.871453869654959313e-04 3.138249188069388803e-04 3.245784355547644642e-04 4.001900150018292352e-04 1.036487049772036317e-01 1.044769955663318595e-01 1.050252386644612429e-01 1.588199280408117452e-04 7.174080074420043963e-05 2.602859048033826276e-04 3.313563005365353724e-04 1.118222248656182329e-04 8.046939500712274617e-05 1.512520701501155829e-04 5.050816984926082741e-05 1.707344852960184813e-04 2.365827085556237259e-04 2.767108205659124444e-05 2.614938299647774991e-05 2.678510530154584249e-05 1.000000000000000021e-08 3.182639815165987898e-05 1.000000000000000021e-08 1.000000000000000021e-08 1.657822529090913265e-04 9.116703629778991069e-02 1.999655365208122607e-02 6.526902877879774091e-04 3.613465487915780644e-04 3.997947693667820083e-04 2.494369942709255355e-04 7.963665536184249324e-05 2.277897615866224853e-05 6.142152978139349851e-05 3.387999078153088674e-05 5.127854207631983216e-05 2.249793805920238679e-04
5.344501768983796544e-03 4.101681046288160187e-03 2.673294754686209897e-03 3.611108622527998361e-03 3.156746884734846353e-02 1.229117635154301086e-01 4.535265107053909617e-01 1.685924929644496252e-03 6.848045939379089305e-05 3.570635376220719355e-04 1.061727161251736187e-04 1.402594696712096932e-04 1.472279448434524651e-04 1.249766439859248120e-04 8.900100824612997225e-05 1.591540944522547481e-04 6.809449811100811757e-05 2.930987193121122660e-05 2.719314851306981485e-05 2.977055444830397469e-05 1.297525133951472400e-05 1.449581114167081792e-04 1.310190784825680807e-05 1.000000000000000021e-08 5.961522558884550793e-02 5.715499926303301004e-02 2.114200520748820561e-02 1.095868082279571453e-03 1.327710130806168643e-04 2.363885214149313873e-04 7.186823523871638838e-05 5.336593175689732012e-05 5.294871535661898828e-05 6.189783054761131094e-05 5.179395792242658570e-05 3.200272720690474303e-04 8.268607201845700827e-05
9.331408012887679876e-03 1.573370900173846204e-02 1.240984794471415402e-02 1.239242255239623482e-02 2.365691958674575462e-02 1.182628457529040361e-01 4.270089740692025737e-01 3.900444503472679791e-01 3.556494744641057193e-01 3.580809110335302914e-01 3.587842690591057093e-01 3.581006716556071612e-01 1.786740330143058442e-01 1.092451076262448834e-01 3.422347476160571972e-02 2.912602801233897878e-02 9.006798253069213042e-03 5.013500264873326341e-05 4.749118523583685856e-05 7.939523536956213251e-05 1.426871194124188478e-04 2.077250456937440029e-04 4.204553458799086023e-05 4.746785723536631196e-02 4.520798361363405349e-02 2.910889641992702240e-02 1.000000000000000021e-08 1.000000000000000021e-08 1.000000000000000021e-08 1.063882942578249328e-05 1.067811496435993712e-04 1.005854266333763321e-04 7.554665818340420668e-05 5.153545591020724457e-05 8.206697532051569896e-05 4.693377875796519766e-05 1.400103107766276678e-04
3.763713807319633581e-03 2.542044138393266713e-03 2.013210143959222667e-02 3.477294516865445800e-02 1.323346293902254722e-01 7.314888362850244241e-02 1.140584587176655647e-03 7.417264804561544142e-04 9.066544861788387345e-04 7.367099553216866631e-04 8.610416075696781602e-04 1.172640747505931903e-03 1.774565610104354985e-01 2.836355186385046134e-01 3.692691204303479857e-01 3.355995103162932036e-01 3.650205304008489193e-01 3.255487345650949771e-01 3.180082379266697123e-01 3.693944690133229014e-01 1.656045246020014777e-03 3.254688248460772728e-04 4.181710993246917640e-02 3.995440220217784388e-02 3.073655649121383171e-02 1.485342537073586211e-02 6.772968252119354886e-05 1.343613074168573205e-05 1.000000000000000021e-08 1.000000000000000021e-08 1.490250564750368904e-04 1.237552751897742309e-04 8.635477082247890537e-05 5.323855287444655620e-05 2.091406200167648651e-04 7.347643097108896122e-05 3.212504057131292459e-04
2.874619924609305918e-03 1.416007274398291098e-02 9.197344320105644774e-03 9.322382985978934500e-03 7.608497952157121033e-03 2.262200579377850185e-03 4.362994474531432950e-04 2.959469923451401988e-04 8.618614784022200271e-05 3.964372360993645590e-05 3.321955648308333908e-04 2.419395403475855394e-04 2.581014458838810336e-04 4.300416284417300631e-04 2.833621988237664262e-04 2.396287410039358678e-04 2.578794988344383036e-04 4.762228656964478989e-04 1.142288459859483457e-04 2.992399985272981566e-01 4.405537998797584565e-01 4.237209062449560082e-01 4.081104176051196797e-01 3.634012670874264828e-01 1.997726767597052949e-02 9.509718607173483704e-03 1.000000000000000021e-08 1.000000000000000021e-08 6.783990681860970352e-05 1.000000000000000021e-08 1.000000000000000021e-08 1.000000000000000021e-08 1.000000000000000021e-08 2.611951263224071877e-05 2.440819868108391483e-04 1.631463174080580885e-04 5.720846268513419316e-04
1.353668117812536348e-02 7.782900757612353643e-03 7.955879510680313044e-03 2.665669571919713262e-03 1.436519186319617104e-03 9.938719561522436560e-04 4.793120427800163673e-04 2.816957747020480012e-04 5.297149086987420569e-05 1.047115634195360973e-05 3.616524335005706311e-04 2.034188987672409929e-04 1.092609338413454731e-04 1.067495814065427194e-04 1.583686774124484407e-04 1.791681901534423658e-04 1.345709298939281695e-04 2.203434955184496106e-05 1.000000000000000021e-08 9.430978180221576070e-05 9.651149427065292832e-05 2.334188501961408319e-04 7.607666404200329364e-04 4.289181066372392825e-01 3.650504582831637368e-01 6.553216964757871410e-03 1.000000000000000021e-08 6.339115810611723183e-05 1.000000000000000021e-08 1.000000000000000021e-08 1.000000000000000021e-08 1.000000000000000021e-08 1.186246301706791290e-05 3.427014449570797645e-05 2.316784802077309337e-05 2.136827725297786779e-04 5.996202072142797334e-04
6.241489595241017305e-03 3.144940000924557888e-03 1.161924325628703415e-03 3.001157032381348753e-04 5.603808573108009887e-04 1.674809278697341061e-04 1.018309587748190785e-04 7.244374821905626280e-05 1.000000000000000021e-08 3.630728657034195636e-05 3.848525720631575673e-04 9.998011353570396547e-05 8.471954612486042209e-05 6.372821602659793356e-05 1.212731518002372320e-04 7.344850211789540431e-05 1.100256670930846610e-04 4.551217338965954406e-05 1.000000000000000021e-08 2.261187044662401767e-05 1.000000000000000021e-08 1.882027005592546348e-05 5.340900068825106111e-05 3.688319524718576548e-03 4.150869631127709347e-01 3.467066627045044536e-01 8.512502495707646721e-05 2.643861250138248529e-05 1.000000000000000021e-08 1.000000000000000021e-08 1.000000000000000021e-08 1.399988296601325674e-05 3.828482592189030203e-05 3.871631385259331488e-05 4.055219662312830898e-05 2.716572566365666169e-04 6.560245799117380480e-04
