output/water_depth_10320.asc
ncols 223
nrows 158
xllcorner 0.0
yllcorner 0.0
cellsize 30.0
[rows 68 to 84 of 158, columns 37 to 73 of 223]
1.000000000000000021e-08 1.000000000000000021e-08 1.000000000000000021e-08 1.000000000000000021e-08 1.000000000000000021e-08 1.000000000000000021e-08 1.000000000000000021e-08 1.000000000000000021e-08 1.000000000000000021e-08 1.000000000000000021e-08 1.000000000000000021e-08 1.000000000000000021e-08 1.000000000000000021e-08 1.000000000000000021e-08 1.456719462193281697e-05 1.000000000000000021e-08 1.000000000000000021e-08 1.023745429463762463e-05 1.128116929242486376e-05 1.000000000000000021e-08 1.000000000000000021e-08 1.000000000000000021e-08 1.579170785482055030e-05 1.091627964721813464e-03 2.116739074696580162e-04 1.000000000000000021e-08 1.000000000000000021e-08 1.000000000000000021e-08 1.000000000000000021e-08 1.000000000000000021e-08 1.000000000000000021e-08 1.000000000000000021e-08 1.000000000000000021e-08 1.000000000000000021e-08 1.000000000000000021e-08 1.000000000000000021e-08 1.000000000000000021e-08
1.000000000000000021e-08 1.000000000000000021e-08 1.000000000000000021e-08 1.000000000000000021e-08 1.000000000000000021e-08 1.000000000000000021e-08 1.000000000000000021e-08 1.000000000000000021e-08 1.000000000000000021e-08 1.485650316649935115e-05 2.085715130502357106e-05 1.000000000000000021e-08 1.000000000000000021e-08 1.330842664289848533e-05 1.600049851204377811e-05 1.000000000000000021e-08 1.000000000000000021e-08 1.000000000000000021e-08 1.000000000000000021e-08 1.000000000000000021e-08 1.000000000000000021e-08 1.000000000000000021e-08 1.389158501644947292e-05 2.359944991181912665e-05 1.202544305102977711e-04 8.637042642234901701e-04 1.000000000000000021e-08 1.000000000000000021e-08 1.000000000000000021e-08 1.000000000000000021e-08 1.000000000000000021e-08 1.000000000000000021e-08 3.458196866193681502e-05 2.586288242355651128e-04 4.086354227427270750e-04 4.395315318241530792e-04 3.517012569546244609e-04
1.000000000000000021e-08 1.000000000000000021e-08 1.000000000000000021e-08 1.000000000000000021e-08 1.000000000000000021e-08 1.000000000000000021e-08 1.000000000000000021e-08 1.000000000000000021e-08 1.680369823114595456e-05 1.860606509574796964e-05 1.724487841167616394e-05 3.015037909852253333e-05 1.793288568272804537e-05 1.520782106829635913e-05 1.301428995471073162e-05 1.377216367314620284e-05 3.090635291523867760e-05 1.000000000000000021e-08 1.000000000000000021e-08 1.000000000000000021e-08 1.000000000000000021e-08 2.569119830755653503e-05 1.366273450824638229e-05 1.982358922898978481e-05 1.000000000000000021e-08 1.000000000000000021e-08 1.000000000000000021e-08 1.000000000000000021e-08 1.000000000000000021e-08 1.697398127593047795e-05 1.660744954698946955e-05 2.147263303010645658e-04 3.374116842391591191e-04 3.515009784388525415e-04 3.386810591263461449e-04 3.675253033914376260e-04 5.048852557159474964e-04
1.000000100000000021e-05 1.863107622557569511e-05 1.000000000000000021e-08 1.000000000000000021e-08 1.000000000000000021e-08 1.000000000000000021e-08 1.000000000000000021e-08 1.000000000000000021e-08 1.000000000000000021e-08 1.000000000000000021e-08 1.000000000000000021e-08 1.460267176187282629e-05 3.963275379328261067e-05 3.118317510120809235e-05 2.858163802864959672e-05 3.776168113570454711e-05 1.353081285383385011e-04 2.890471606419961373e-04 1.574768641125022094e-04 1.063049236982888546e-04 6.567407173556229596e-05 1.074167594385670894e-04 1.366427569789325667e-03 1.012734781339945188e-04 5.666856569823674881e-05 1.000000000000000021e-08 1.000000000000000021e-08 1.000000000000000021e-08 1.000000000000000021e-08 4.731787181496638432e-05 1.041391483964019242e-04 2.658056870374543058e-04 2.976883611436609289e-04 2.712623535532987041e-04 2.733218342711733382e-04 3.400141515914961656e-04 3.687198761153243770e-04
1.962778400048219714e-05 4.579144959652030772e-05 2.824784804044680456e-05 1.631629486520781982e-05 1.000000000000000021e-08 1.000000000000000021e-08 1.000000000000000021e-08 1.000000000000000021e-08 7.414462410225421097e-05 5.922166710698975367e-05 1.000000000000000021e-08 1.000000000000000021e-08 7.177450368092541243e-05 1.462400672178666716e-04 1.737005429763403158e-04 1.911305386344039738e-04 1.701664239235656001e-04 1.464461465091024305e-04 2.061473811998854901e-04 1.871568364060069358e-04 1.458024861801123070e-04 7.382914694303933435e-05 1.677617955162412279e-04 1.642212580570149509e-04 1.392686502386941423e-04 1.000000000000000021e-08 3.948580675513149577e-04 3.886593220778662423e-04 5.220600976088734298e-04 4.971867491494459754e-04 7.624721350597566056e-04 3.837608761379963256e-04 3.095834025171162571e-04 2.541651401397030546e-04 1.931114846569824493e-04 1.505004853159504848e-04 1.738334232514776492e-04
2.561307775334974214e-05 1.731387050992971947e-05 3.705473675105824740e-05 1.000000000000000021e-08 1.000000000000000021e-08 1.000000000000000021e-08 1.000000000000000021e-08 1.932997164083380488e-05 8.880733838971058562e-05 1.518800564246286576e-04 9.852820597084618924e-05 1.107406477597230849e-04 9.922968790515183587e-05 9.861088946692796045e-05 6.570317890758352222e-05 6.008493921216167996e-05 4.902641481357428562e-05 3.921598433284267558e-05 3.027032461568214669e-05 1.626577376077806790e-04 2.049272215986564828e-04 1.679496721961415504e-04 1.328648880558804945e-04 3.660950432001988815e-04 4.314650959899702753e-04 5.455879671856447713e-04 3.553834731655976004e-04 2.102077451528068508e-04 1.528413503213640087e-04 1.227471953666366957e-04 8.401571188905860828e-05 6.524146643326953865e-05 4.880890018339775044e-05 4.005759390302409680e-05 4.359826992589448021e-05 3.477539714280328790e-05 3.175285903355896429e-05
8.499348043961649365e-05 1.047947295490773859e-04 1.157558702415515555e-04 1.271304402534207529e-04 1.439310096804344882e-04 2.115424374816552062e-04 2.326104856116003130e-04 2.175463301737563576e-04 1.576488528545984724e-04 1.000000000000000021e-08 1.000000000000000021e-08 1.000000000000000021e-08 1.000000000000000021e-08 1.000000000000000021e-08 1.000000000000000021e-08 1.000000000000000021e-08 1.089925760178916008e-05 1.079114164922137852e-05 1.000000000000000021e-08 1.000000000000000021e-08 1.000000000000000021e-08 1.204792480040129521e-04 2.069862619033895599e-04 2.737791931858732050e-04 2.395284974123772863e-05 1.000000000000000021e-08 1.000000000000000021e-08 1.000000000000000021e-08 1.000000000000000021e-08 1.116154668838849817e-05 1.341288572486996492e-05 1.334241801015170555e-05 1.080467686154860280e-05 1.026668892092735956e-05 1.191725817637754051e-05 1.082359096080394633e-05 1.000000000000000021e-08
8.343277631256892099e-04 4.991793347999106268e-05 3.939960385974025365e-05 3.518476575031519480e-05 3.059191053843512932e-05 2.399515342401444261e-05 2.013754427573634490e-05 1.000000000000000021e-08 1.000000000000000021e-08 1.000000000000000021e-08 1.000000000000000021e-08 1.000000000000000021e-08 1.000000000000000021e-08 1.000000000000000021e-08 1.000000000000000021e-08 1.000000000000000021e-08 1.265439161684305570e-05 1.683559900380799838e-05 1.575187110309410600e-05 1.613559175749436887e-05 1.648882124626247750e-05 2.032164596574439642e-05 5.361361772045480776e-05 1.172082611634945779e-05 1.000000000000000021e-08 1.000000000000000021e-08 1.000000000000000021e-08 1.000000000000000021e-08 1.000000000000000021e-08 1.000000000000000021e-08 1.000000000000000021e-08 1.263771570734894417e-05 1.176026712749839054e-05 1.198659213467306952e-05 1.000000000000000021e-08 1.000000000000000021e-08 1.000000000000000021e-08
1.211784576164779018e-05 2.336739098575682045e-05 1.000000000000000021e-08 1.000000000000000021e-08 1.000000000000000021e-08 1.000000000000000021e-08 1.000000000000000021e-08 1.000000000000000021e-08 1.000000000000000021e-08 1.000000000000000021e-08 1.000000000000000021e-08 1.000000000000000021e-08 1.000000000000000021e-08 1.000000000000000021e-08 1.000000000000000021e-08 1.000000000000000021e-08 1.000000000000000021e-08 3.019912508167036991e-05 3.177438906251740303e-05 2.560359336995701588e-05 2.984110617313973915e-05 6.752174956893677903e-05 1.158613575666311035e-05 1.000000000000000021e-08 1.000000000000000021e-08 1.000000000000000021e-08 1.000000000000000021e-08 1.000000000000000021e-08 1.000000000000000021e-08 1.000000000000000021e-08 1.000000000000000021e-08 1.000000000000000021e-08 1.025439419990688541e-05 1.314433982544326042e-05 1.346380205574780568e-05 1.112449176714309548e-05 1.056196232687005591e-05
1.000000000000000021e-08 1.626342855193665742e-05 2.295610209871156368e-05 1.635139666461180811e-05 1.974423830153900657e-05 2.815470529084076014e-05 2.476289765524150452e-05 2.015114586108325263e-05 1.686470472855935247e-05 1.360398419480524855e-05 1.239666737274511630e-05 1.106496509149536651e-05 1.285286334057635659e-05 1.254611060313779835e-05 1.321334152406868468e-05 1.171470308139545628e-05 1.853983304407473112e-05 3.004427993814975408e-05 3.372330542986393169e-05 3.853055733016056360e-05 3.542708275185216238e-05 8.396796489665128477e-05 7.309149399453438779e-05 1.000000000000000021e-08 1.000000000000000021e-08 1.000000000000000021e-08 1.000000000000000021e-08 1.000000000000000021e-08 1.000000000000000021e-08 1.000000000000000021e-08 1.000000000000000021e-08 1.000000000000000021e-08 1.176940860052194614e-05 1.714029396252062112e-05 1.993264936445009837e-05 1.940336643373696452e-05 2.790463800789649623e-05
1.000000000000000021e-08 1.518019369321658869e-05 2.159665443088830327e-05 1.000000000000000021e-08 1.099378538753723501e-05 2.069580538502044533e-05 4.283176377954745140e-05 3.441959262739370892e-05 3.323502448657648592e-05 1.000000000000000021e-08 3.974541168525743762e-05 6.186890817018583441e-05 6.329500266909086957e-05 7.930906211659482250e-05 9.765657191463677123e-05 1.045665059315113135e-04 9.633072429219456049e-05 9.437264902247000098e-05 1.109338708767983455e-04 8.136247166657887945e-05 6.577925344157024260e-05 7.383645896201061103e-05 1.139744230673618000e-04 1.000000000000000021e-08 1.000000000000000021e-08 1.000000000000000021e-08 1.000000000000000021e-08 1.000000000000000021e-08 1.000000000000000021e-08 1.000000000000000021e-08 1.083073900987377448e-05 1.289500188382653088e-05 1.518777152941873078e-05 1.000000000000000021e-08 1.468309832552295373e-05 1.961243987822794638e-05 1.618216473325719871e-05
1.135961927960754857e-05 1.787904004620043515e-05 2.011167916232678158e-05 1.925762921031236113e-05 1.472220668911883223e-05 1.357189496507641749e-05 1.088073051005642488e-05 3.627556883057776141e-05 7.228232705847081104e-05 4.347212911308143894e-05 3.594840999614373371e-05 3.007371214740683571e-05 3.969280239267020962e-05 3.728651437146245128e-05 1.000000000000000021e-08 1.000000000000000021e-08 1.000000000000000021e-08 1.000000000000000021e-08 1.027639821707136271e-05 1.000000000000000021e-08 1.000000000000000021e-08 4.631584730237821578e-05 1.103803172546465142e-04 1.000000000000000021e-08 1.000000000000000021e-08 1.000000000000000021e-08 1.069483766314210715e-05 1.016050829740000060e-05 1.000000000000000021e-08 1.000000000000000021e-08 1.170629518198358169e-05 1.476878084676974895e-05 1.677696231196657960e-05 1.000000000000000021e-08 1.000000000000000021e-08 1.000000000000000021e-08 1.000000000000000021e-08
1.493435544631373937e-05 1.810687241040140287e-05 1.578303361292704524e-05 1.000000000000000021e-08 1.000000000000000021e-08 1.000000000000000021e-08 1.000000000000000021e-08 1.000000000000000021e-08 1.000000000000000021e-08 1.000000000000000021e-08 1.000000000000000021e-08 1.000000000000000021e-08 1.000000000000000021e-08 1.000000000000000021e-08 1.000000000000000021e-08 1.000000000000000021e-08 1.000000000000000021e-08 1.000000000000000021e-08 1.000000000000000021e-08 1.000000000000000021e-08 1.000000000000000021e-08 4.177140172512198269e-05 1.114687261052103113e-04 7.744026352878767647e-05 5.147885358393936131e-05 3.108170404071333167e-05 3.009057263487322319e-05 1.306597586215157213e-05 1.000000000000000021e-08 1.000000000000000021e-08 1.234081200169770304e-05 1.732882718508730691e-05 1.000000000000000021e-08 1.000000000000000021e-08 1.000000000000000021e-08 1.000000000000000021e-08 1.000000000000000021e-08
1.000000000000000021e-08 1.126182106417048452e-05 1.000000000000000021e-08 1.000000000000000021e-08 1.000000000000000021e-08 1.000000000000000021e-08 1.000000000000000021e-08 1.000000000000000021e-08 1.000000000000000021e-08 1.000000000000000021e-08 1.000000000000000021e-08 1.000000000000000021e-08 1.000000000000000021e-08 1.000000000000000021e-08 1.000000000000000021e-08 1.000000000000000021e-08 1.000000000000000021e-08 1.000000000000000021e-08 1.000000000000000021e-08 1.000000000000000021e-08 1.000000000000000021e-08 1.000000000000000021e-08 1.000000000000000021e-08 6.747881935216287937e-05 6.207490961088161390e-05 5.144219631566470622e-05 4.003558891770047967e-05 1.000000000000000021e-08 1.000000000000000021e-08 1.000000000000000021e-08 1.000000000000000021e-08 1.000000000000000021e-08 1.000000000000000021e-08 1.000000000000000021e-08 1.000000000000000021e-08 1.000000000000000021e-08 1.000000000000000021e-08
1.000000000000000021e-08 1.000000000000000021e-08 8.911940976896858685e-04 4.830372126458998614e-05 4.035545503572995072e-05 1.000000000000000021e-08 1.000000000000000021e-08 1.000000000000000021e-08 1.000000000000000021e-08 1.000000000000000021e-08 1.000000000000000021e-08 1.000000000000000021e-08 1.237951015572155381e-05 1.996680023725077078e-05 2.636173782641933652e-05 2.505330105533989360e-05 2.032957215792536215e-05 1.676519749225577073e-05 1.532879923482462645e-05 1.000000000000000021e-08 1.382969818857285824e-05 3.502925006054251008e-05 5.970401079133498491e-05 1.061551333162971726e-04 1.567322342806835335e-04 1.319039197367066090e-04 1.359631060141922292e-04 8.119610738896568041e-05 4.830367195289496612e-05 3.163970137963561743e-05 1.000000000000000021e-08 1.000000000000000021e-08 1.000000000000000021e-08 1.000000000000000021e-08 1.000000000000000021e-08 1.000000000000000021e-08 1.000000000000000021e-08
1.000000000000000021e-08 1.000000000000000021e-08 1.059316977802522117e-05 1.479014754404192448e-05 1.000000000000000021e-08 1.000000000000000021e-08 1.000000000000000021e-08 1.000000000000000021e-08 1.000000000000000021e-08 1.000000000000000021e-08 1.000000000000000021e-08 1.000000000000000021e-08 1.000000000000000021e-08 1.000000000000000021e-08 1.000000000000000021e-08 2.392047459321435565e-05 3.962066593546349449e-05 3.657541820119120069e-05 3.245023800547960560e-05 3.226401359365209111e-05 3.797578561620520239e-05 3.338445024123076364e-05 5.198456084576112479e-05 6.289948301741937818e-05 5.272623393888017246e-05 1.300708226627200433e-04 1.784166307055095821e-04 2.140301888606571570e-04 2.391482724292783902e-04 1.678210616199917067e-04 1.262615258020622527e-04 1.000000000000000021e-08 1.000000000000000021e-08 1.000000000000000021e-08 1.000000000000000021e-08 1.000000000000000021e-08 1.000000000000000021e-08
1.000000000000000021e-08 1.000000000000000021e-08 1.000000000000000021e-08 1.000000000000000021e-08 1.262401783726080565e-05 1.000000000000000021e-08 1.000000000000000021e-08 1.000000000000000021e-08 1.000000000000000021e-08 1.000000000000000021e-08 1.000000000000000021e-08 1.000000000000000021e-08 1.000000000000000021e-08 1.000000000000000021e-08 1.000000000000000021e-08 1.000000000000000021e-08 1.000000000000000021e-08 1.000000000000000021e-08 2.509172228377196749e-05 3.976310251649481706e-05 5.307285689922882271e-05 6.938822868788801026e-05 5.765352013283468925e-05 4.653927109383128508e-05 1.000000000000000021e-08 1.000000000000000021e-08 1.000000000000000021e-08 1.000000000000000021e-08 1.938033929356142095e-05 1.582094933452180333e-04 1.838880585741375364e-04 1.545442444291973173e-04 1.000000000000000021e-08 1.000000000000000021e-08 1.000000000000000021e-08 1.000000000000000021e-08 1.000000000000000021e-08
