output/water_depth_3000.asc
ncols 223
nrows 158
xllcorner 0.0
yllcorner 0.0
cellsize 30.0
[rows 119 to 135 of 158, columns 74 to 110 of 223]
1.278701908566247994e-05 2.085391631681422295e-05 1.000000000000000021e-08 1.648489358763359933e-05 1.000000000000000021e-08 1.000000000000000021e-08 1.000000000000000021e-08 4.545564215561735438e-05 7.581298968531864071e-05 1.770416899662356357e-04 2.014756560341258453e-04 1.278822895135410499e-04 1.000000000000000021e-08 6.129648778946985817e-05 2.071907902770734333e-01 4.181986707276495463e-01 2.968574190175524707e-01 1.481858717589885077e-01 7.401266112373666717e-02 5.690933647417934643e-02 1.481093615143894843e-02 6.045336046553140795e-03 2.868942784094645742e-03 5.908667257819039814e-04 1.221447044650578011e-03 9.684064162134563844e-04 3.267720363103850589e-04 1.280457206044456191e-05 5.586564664341204254e-05 6.767910780070677027e-05 1.055586656606851640e-03 2.188645305965400932e-03 1.272859626022350378e-03 3.233094913389313995e-03 1.879271182622689051e-01 3.255382808437134456e-01 3.901854776207088205e-01
1.000000000000000021e-08 1.298635954704426148e-05 3.847350984738256329e-05 1.000000000000000021e-08 1.000000000000000021e-08 1.000000000000000021e-08 1.000000000000000021e-08 1.440622401305028411e-05 1.000000000000000021e-08 1.000000000000000021e-08 1.000000000000000021e-08 1.000000000000000021e-08 1.000000000000000021e-08 1.000000000000000021e-08 9.749165465558129115e-04 2.527957074208735024e-03 2.070104231070415968e-01 3.709943394746531009e-01 4.644024887263268897e-01 2.528749747193118069e-01 1.376310331419918209e-01 7.516269844578510329e-02 3.758928698085860914e-02 2.386437236507214787e-02 1.807181251276680431e-02 1.285750396817369676e-02 6.951644103459164725e-03 3.174072021252240423e-03 1.738285965091352541e-03 1.332646067314304352e-03 1.419333652836013166e-03 2.253662205216653835e-01 3.710284932306416317e-01 4.351467626663904631e-01 2.775567836774168740e-01 1.476191865444793916e-01 7.702619354486524295e-02
1.233614250652584670e-05 1.000000000000000021e-08 1.687468994632421895e-05 3.929744067396308629e-05 1.000000000000000021e-08 1.000000000000000021e-08 1.000000000000000021e-08 1.000000000000000021e-08 1.231018061857885225e-05 1.000000000000000021e-08 1.000000000000000021e-08 1.000000000000000021e-08 3.509708198268223238e-05 1.000000000000000021e-08 1.005214708081632541e-03 2.572234986919022699e-03 3.605996269806644242e-03 2.138171772570040402e-02 3.851913224167000799e-02 3.246559961667874750e-01 4.809505489965726910e-01 5.550276339448377838e-01 5.980091411014117897e-01 6.087579160848713977e-01 6.143781508742243158e-01 6.130039275487686457e-01 6.105494389371343145e-01 5.996697652134606038e-01 5.872469875226964398e-01 5.733701170577641948e-01 5.588914454270662580e-01 3.184086443177314707e-01 1.573298311525926085e-01 7.771713594205219289e-02 4.267460903924309712e-02 2.143899064397826112e-02 1.030084900938870937e-02
1.000000000000000021e-08 1.000000000000000021e-08 1.000000000000000021e-08 1.369292828617850470e-05 1.000000000000000021e-08 1.000000000000000021e-08 1.000000000000000021e-08 1.000000000000000021e-08 1.000000000000000021e-08 1.105906096337868692e-05 1.970964593869547305e-05 2.681999513413248210e-05 3.039211009134233621e-05 2.217200051768110586e-04 1.222115238678561817e-02 1.017920278724653016e-02 2.448864165493533623e-03 3.745262669993622284e-02 3.838545720457981619e-02 3.426737364749445069e-02 2.817226887540834335e-02 1.987064023990267603e-02 1.053517406675615227e-02 9.372831914201143477e-03 3.652888828434621652e-03 3.569345206925428858e-03 2.262381861208054463e-03 7.073285068201659283e-04 8.831855565261821346e-05 1.000000000000000021e-08 4.010632147016825313e-05 1.000000000000000021e-08 1.000000000000000021e-08 1.000000000000000021e-08 1.000000000000000021e-08 1.000000000000000021e-08 4.153893011187671992e-05
1.000000000000000021e-08 1.000000000000000021e-08 1.000000000000000021e-08 1.000000000000000021e-08 1.000000000000000021e-08 1.065978644596651356e-05 1.752745916190300138e-05 2.394021415919063338e-05 3.249787852454785221e-05 6.858904854549884174e-05 8.535732807602297567e-05 1.000000000000000021e-08 1.451317034892796507e-05 2.090795045971410165e-04 4.282009163414090408e-02 8.671859245937953153e-02 1.136877538185625675e-01 7.070973598072866073e-02 3.878237678144246664e-02 2.194593255449107938e-02 1.510392163717645675e-02 6.221923746538298057e-03 7.322823216344816200e-03 1.266120782498515772e-03 9.439474669683177400e-04 8.169433024234906433e-04 1.000000000000000021e-08 1.000000000000000021e-08 2.461481236715581242e-05 1.894314872161603094e-05 2.848355144952487316e-05 1.000000000000000021e-08 1.000000000000000021e-08 1.000000000000000021e-08 2.569761526443526707e-05 5.088823790095114763e-05 8.061004086382853159e-05
6.799760467692684944e-05 1.000000000000000021e-08 1.000000000000000021e-08 1.004264828799867866e-05 1.267979455371420141e-05 1.974574068385831033e-05 2.511272878777845341e-05 3.117295747019312906e-05 7.278230734736688544e-05 1.774206754172079944e-04 3.731393420249339075e-04 3.405925259445852682e-04 3.447687955435997089e-04 6.924230722651329717e-02 5.545154679938252978e-02 3.762691449736265542e-02 2.806432709128530920e-02 3.165439614337338392e-02 5.808630874019228910e-03 3.003826495299590643e-03 9.951900173031504124e-04 1.471303619756070876e-03 1.415087271993323249e-03 1.728926838191898417e-04 1.000000000000000021e-08 1.000000000000000021e-08 1.335690270409171210e-05 1.000000000000000021e-08 1.525281355320911659e-05 1.000000000000000021e-08 1.560781836574284568e-05 1.000000000000000021e-08 1.000000000000000021e-08 1.000000000000000021e-08 1.000000000000000021e-08 2.828335842176734997e-05 6.547141456993161711e-05
2.202794152599298795e-05 1.678067424758749432e-04 2.136198699971968720e-05 1.000000000000000021e-08 1.000000000000000021e-08 1.000000000000000021e-08 1.000000000000000021e-08 1.000000000000000021e-08 1.176054357168699466e-02 2.110808458188317624e-02 5.855560539504479217e-02 9.239294740126731409e-02 1.245358011853802960e-01 6.564521436625166129e-02 3.644061855721749538e-02 1.790610550369141699e-02 1.037096859926058337e-02 4.907410081089325429e-03 1.846606539052398840e-03 4.502606633872600168e-04 1.994219846184258822e-04 8.771627589955040489e-04 9.762330515221146615e-04 1.018725219582965880e-04 2.910692249310718705e-05 1.867287754984385759e-05 1.291277723560745218e-05 1.000000000000000021e-08 1.000000000000000021e-08 1.000000000000000021e-08 1.000000000000000021e-08 1.000000000000000021e-08 1.000000000000000021e-08 1.000000000000000021e-08 1.000000000000000021e-08 1.963340221431317777e-04 2.925214584890659000e-04
7.256843813547091094e-05 1.653305676460276670e-04 1.000000000000000021e-08 1.000000000000000021e-08 1.381101777928801810e-05 1.723619906361441390e-05 2.681158788952024900e-05 3.683095194206805801e-05 3.767671286199489322e-02 5.591758415811370203e-02 4.238755816754603833e-02 2.900289283837406001e-02 2.612925758127826459e-02 6.416621556261115251e-03 6.830395864056909366e-05 1.000000000000000021e-08 2.469360501790288892e-05 1.687580867713137596e-05 1.000000000000000021e-08 2.752700298246598168e-05 7.305519755928277341e-05 9.387748945712521111e-04 1.026368783679195698e-03 8.820859312566527470e-05 1.964431239171610607e-05 1.611915145264144645e-05 1.000000000000000021e-08 1.000000000000000021e-08 1.000000000000000021e-08 1.056698381171403264e-04 9.515267166089366431e-04 2.279582599784936772e-04 1.756829810489867339e-04 2.147917450949463102e-04 1.637735256649025897e-04 9.850608195831121565e-04 2.360109817151047340e-03
3.121329725018543816e-05 6.533731165502122240e-05 5.623634353204399290e-05 8.318809398062337684e-05 1.092532045371409329e-04 1.262427540765728197e-04 4.319350800254208311e-02 7.776648181759095169e-02 5.037062318456580340e-02 2.796203723968922888e-02 1.776211451377018857e-02 1.553234508281217327e-02 9.383976181353196981e-05 3.007172038346479868e-05 4.830367129184178371e-05 1.000000000000000021e-08 1.000000000000000021e-08 1.000000000000000021e-08 1.000000000000000021e-08 1.541643056742668939e-05 2.281032537455585357e-04 2.090439428468064340e-03 7.494114224515994842e-04 5.811913276207905763e-05 1.059147592300041182e-05 1.737282299055434293e-05 7.211404749505080105e-05 1.000000000000000021e-08 1.000000000000000021e-08 5.165853907847294067e-04 2.145951552713821651e-04 5.448448407469390310e-04 6.527737485607632267e-04 8.438440896247042036e-04 7.145056788237437884e-04 9.493903141287270879e-04 1.399978386376411624e-03
2.392548341623343706e-05 4.422053519927159927e-05 7.332173394660084983e-03 3.170565743266316738e-02 5.082170505953523959e-02 7.126303936809930129e-02 4.686582085805770376e-02 3.096834630358157037e-02 1.644678430265672855e-02 6.125218612318610728e-03 7.387030802632087688e-03 1.399463223004315197e-04 2.063498840275845942e-05 1.833952335534428293e-05 3.567598501751803819e-05 1.000000000000000021e-08 1.000000000000000021e-08 1.000000000000000021e-08 1.000000000000000021e-08 4.879539038717001513e-05 1.528696668023731670e-04 2.608324012343838164e-03 2.132979074776931842e-04 5.838001364574504969e-05 1.000000000000000021e-08 1.000000000000000021e-08 1.000000000000000021e-08 1.823763852615955717e-05 1.113296197196803349e-05 5.354182434104722953e-04 1.119508267628917605e-04 1.022743289559193520e-04 3.591572364328812794e-04 8.656355642778539505e-04 1.426840972362898065e-03 1.884283000711259445e-03 2.797465963340747298e-03
2.781464440545135404e-04 3.829864435438728358e-04 2.886846994866857155e-02 2.664546127843202966e-02 2.579445008426159425e-02 1.845049643539114700e-02 2.131122957938497153e-02 3.982609645862456201e-03 1.310942643337198285e-05 1.148343767182902485e-04 1.000000000000000021e-08 4.499221603293576796e-05 1.000000000000000021e-08 1.191280780526689240e-05 1.844901374078533694e-05 1.000000000000000021e-08 1.000000000000000021e-08 1.000000000000000021e-08 1.752059409880014543e-05 7.340524462680475385e-05 1.188485120685212016e-03 5.747646252011485166e-04 1.485612594127014058e-04 3.893225887923857482e-05 1.000000000000000021e-08 1.000000000000000021e-08 5.036534637734214919e-05 8.168294257301022491e-05 2.587155185753949927e-04 3.592224573367193549e-04 6.248211621193240552e-04 6.787880510715213001e-04 9.925732668295160141e-04 1.129531938389476608e-03 2.007926337787048487e-03 1.654236815583437926e-03 3.483990586504369553e-03
5.353559233309656412e-02 7.031125771431323557e-02 4.049294409485847818e-02 2.070937408614126340e-02 1.461669711458462272e-02 7.658121202590111726e-03 2.643092695238630652e-03 1.004928893117602645e-03 1.000000000000000021e-08 7.906724887678152241e-05 1.873456989548975436e-05 2.846882410759005709e-05 1.000000000000000021e-08 1.000000000000000021e-08 1.000000000000000021e-08 1.000000000000000021e-08 1.000000000000000021e-08 1.000000000000000021e-08 2.701439434515559592e-05 7.472108008111327890e-04 4.635751329785956160e-04 1.538608196063178128e-04 1.339041012426614007e-04 3.932050117254729963e-05 5.016690743495814882e-05 9.884106386265722566e-05 2.437531795016060522e-04 5.136393509876360699e-04 5.245219122418197507e-04 6.872067787662756349e-04 6.261246663051663530e-04 8.572484359665060762e-04 7.325962931590641533e-04 5.497489538961811964e-04 2.093899109581987775e-04 2.743516219393879463e-04 9.650479767053687821e-05
1.692764718080141256e-02 1.387739556643903700e-02 2.201628302238427349e-05 1.161149175544644622e-04 3.105472329801885743e-04 2.017697079268136520e-05 9.261596713991419514e-05 1.000000000000000021e-08 1.000000000000000021e-08 6.040113087119505217e-05 1.073539501547952904e-05 1.799442443916522507e-05 1.000000000000000021e-08 1.000000000000000021e-08 1.000000000000000021e-08 1.000000000000000021e-08 1.000000000000000021e-08 1.000000000000000021e-08 4.132167665896360580e-04 2.122450788052109580e-04 2.720459118149381713e-04 1.126679750262553559e-04 8.228793674680648677e-05 5.217669084522458343e-05 1.676262321620978254e-04 2.049017196017836060e-04 1.596744960671961128e-04 6.303978867046682835e-05 7.896478224730639765e-05 1.003447597214460722e-04 9.012410477569665667e-05 5.027695194879295041e-05 8.031893471970839870e-05 4.978199535739284497e-05 7.910521146693938683e-05 1.302760187678577081e-04 1.250167469782512912e-04
4.021493616407050410e-05 1.812394122650513791e-05 1.904718134279536289e-05 1.137897401986366244e-05 1.610383490260843052e-04 1.664751464807343357e-05 3.030548953282579733e-05 1.000000000000000021e-08 1.000000000000000021e-08 3.412845763307094008e-05 1.000000000000000021e-08 1.000000000000000021e-08 1.000000000000000021e-08 1.000000000000000021e-08 1.000000000000000021e-08 1.000000000000000021e-08 1.000000000000000021e-08 1.000000000000000021e-08 5.235646009807477146e-04 1.055711385397672193e-04 3.178945696335176989e-04 4.382127760838616838e-05 8.229779531674284406e-05 5.919939514919596258e-04 6.217147960195234808e-05 5.656883803432827024e-05 2.040058112568795339e-05 2.036873447695470145e-05 2.902203902283652086e-05 1.392679372213033052e-05 2.771429385091113244e-05 5.205337431747973349e-05 3.776540524519302907e-05 6.335951854957755944e-05 3.705212887229180903e-05 5.205519863597651159e-05 5.884002588454145756e-05
1.864935768503083903e-05 1.268750220073897739e-05 1.228950338367789986e-05 1.000000000000000021e-08 9.752001590796223192e-05 1.258430169050278006e-05 2.680167971370748170e-05 1.000000000000000021e-08 1.000000000000000021e-08 1.110082496157069681e-05 1.414316594261558191e-05 1.488940027939963858e-05 1.000000000000000021e-08 1.000000000000000021e-08 1.000000000000000021e-08 1.000000000000000021e-08 1.000000000000000021e-08 1.000000000000000021e-08 1.181889215091526770e-04 2.128178580102691895e-04 9.304561500337956326e-05 1.039125402486127227e-04 5.054921329140743774e-05 4.345971486802897052e-04 3.807302133960665597e-05 1.280040934305957690e-05 1.000000000000000021e-08 1.000000000000000021e-08 2.466073005234987989e-05 2.758160294373444518e-04 4.356316328022526727e-05 2.962612648158391128e-05 5.180599467375745885e-05 3.139610418931803020e-05 4.184870553341756027e-05 1.838556783831069529e-05 4.947361262122172872e-05
1.000000000000000021e-08 1.401847293411262487e-05 1.000000000000000021e-08 1.000000000000000021e-08 1.102721418537354000e-04 1.488657968405525991e-05 2.272351789366015270e-05 1.000000000000000021e-08 1.000000000000000021e-08 1.000000000000000021e-08 1.000000000000000021e-08 1.000000000000000021e-08 1.000000000000000021e-08 1.000000000000000021e-08 1.000000000000000021e-08 1.000000000000000021e-08 1.000000000000000021e-08 2.601668020761631252e-04 1.440900590753567325e-04 3.144198384066332081e-04 7.698588895423104990e-05 2.640629283915258270e-05 5.012168804943657524e-05 1.000000000000000021e-08 1.000000000000000021e-08 1.000000000000000021e-08 1.000000000000000021e-08 3.058448703744610290e-05 5.171272128802381065e-05 7.357031927374150712e-05 1.827491993362840732e-05 2.402862533528784202e-05 2.377584817900001507e-05 3.451137846145658648e-05 1.318446229254285044e-05 1.000000000000000021e-08 1.000000000000000021e-08
1.223825687533631162e-05 1.174620560798326802e-05 1.000000000000000021e-08 1.000000000000000021e-08 1.308730580889469204e-04 1.213230268324867402e-05 2.468203999235553232e-05 1.000000000000000021e-08 1.000000000000000021e-08 1.000000000000000021e-08 1.000000000000000021e-08 1.165541174889631341e-05 1.000000000000000021e-08 8.975157766283845017e-05 1.000000000000000021e-08 1.000000000000000021e-08 1.000000000000000021e-08 3.376372686065773625e-04 1.987161933609052356e-04 2.528720659867391991e-04 8.474769385549391456e-05 5.097463769578625565e-05 1.000000000000000021e-08 1.000000000000000021e-08 1.000000000000000021e-08 1.000000000000000021e-08 1.000000000000000021e-08 1.000000000000000021e-08 3.129196740206775725e-05 5.759748522206788581e-05 1.683301200429476784e-05 4.446391834097713347e-05 3.305675550129393426e-05 1.237854703572895633e-05 1.000000000000000021e-08 1.000000000000000021e-08 1.000000000000000021e-08
