output/water_depth_3840.asc
ncols 223
nrows 158
xllcorner 0.0
yllcorner 0.0
cellsize 30.0
[rows 119 to 135 of 158, columns 185 to 221 of 223]
1.886521637507228700e-04 1.610124702235362520e-04 1.476408456874846566e-04 1.000000000000000021e-08 1.683514850024460293e-05 3.668812536478623841e-05 4.484623845668322939e-05 1.713738956248485909e-04 1.824299474690330809e-03 3.450708473381845498e-01 3.710128977820275065e-01 3.472304442778121891e-01 3.587514762000347801e-01 1.103244880634170373e-03 3.154084079026679547e-04 8.953856423685693951e-05 1.470942851283493010e-04 2.556588854554935107e-04 3.171742254884567735e-04 2.071165246759885218e-05 1.483895880377993808e-05 1.322532764564920464e-05 1.170696719238482534e-04 1.040304534753478538e-04 7.737833263449330390e-05 1.000000000000000021e-08 2.999091234655491497e-05 1.000000100000000021e-05 1.000000100000000021e-05 1.000000100000000021e-05 1.000000100000000021e-05 1.000000100000000021e-05 1.000000100000000021e-05 1.000000100000000021e-05 1.000000100000000021e-05 1.000000100000000021e-05 1.000000100000000021e-05
5.432357428155276739e-05 1.000000000000000021e-08 1.000000000000000021e-08 1.000000000000000021e-08 6.448996851848090843e-05 4.060299714991826801e-05 6.154062944283340993e-05 1.000000000000000021e-08 1.232686168255578342e-04 2.823233764460018613e-01 1.551606260562266341e-05 2.846965380948263680e-01 9.190038558981359447e-04 9.239864433384072312e-04 3.304198668621100162e-04 1.997554828889297983e-04 1.775830188707772252e-05 2.044726243304573245e-05 1.000000000000000021e-08 1.751638824688418598e-04 9.032568108894942639e-05 9.962094789651369364e-05 8.470364954924223871e-05 8.316245152914930334e-05 8.912998264426976618e-05 9.470511623720720559e-05 5.651172274253654225e-05 1.000000100000000021e-05 1.000000100000000021e-05 1.000000100000000021e-05 1.000000100000000021e-05 1.000000100000000021e-05 1.000000100000000021e-05 1.000000100000000021e-05 1.000000100000000021e-05 1.000000100000000021e-05 1.000000100000000021e-05
4.340139037158255957e-05 1.000000000000000021e-08 1.000000000000000021e-08 1.013612169959546869e-04 2.104994640943823683e-04 5.906090930668775378e-05 1.000000000000000021e-08 1.000000000000000021e-08 2.716991269160618904e-04 2.986173316754650031e-01 2.884340267824813120e-01 1.313043313684151558e-01 7.861500028523873973e-02 1.483273765297619560e-03 9.167707276503278156e-04 6.906883265276403871e-04 5.599980383114979907e-04 2.188214990430020020e-04 2.487467334457568128e-04 1.260153988223914722e-04 1.120975060200402355e-04 5.797626150096947382e-05 2.931933581687547899e-05 1.412711431195874871e-05 1.000000000000000021e-08 1.000000000000000021e-08 1.000000100000000021e-05 1.000000100000000021e-05 1.000000100000000021e-05 1.000000100000000021e-05 1.000000100000000021e-05 1.000000100000000021e-05 1.000000100000000021e-05 1.000000100000000021e-05 1.000000100000000021e-05 1.000000100000000021e-05 1.000000100000000021e-05
2.685623753314462085e-05 5.194345181805496174e-05 1.000000000000000021e-08 1.000000000000000021e-08 1.826506716392163512e-04 1.000000000000000021e-08 1.000000000000000021e-08 1.909532467437942329e-03 5.320260781581375165e-01 6.088801172056136357e-01 2.487742159483170845e-01 2.799905316873157468e-01 2.880137861427549406e-02 1.240833162687218891e-04 1.304924690739209920e-04 1.864935557362674479e-04 2.387901296691036159e-04 2.305643861241857902e-04 5.021936481625771664e-05 5.221293295550583335e-05 5.175514789590982857e-05 3.915930830143799055e-05 2.127827987363801337e-05 2.473997923564063181e-05 2.050144314077861484e-05 1.323096582870113000e-05 1.000000100000000021e-05 1.000000100000000021e-05 1.000000100000000021e-05 1.000000100000000021e-05 1.000000100000000021e-05 1.000000100000000021e-05 1.000000100000000021e-05 1.000000100000000021e-05 1.000000100000000021e-05 1.000000100000000021e-05 1.000000100000000021e-05
1.000000000000000021e-08 4.996445300424878896e-05 6.056949650856612260e-05 1.000000000000000021e-08 2.450945546569522119e-04 2.184881742500991986e-01 2.796902897531695631e-01 5.145475404992718715e-01 5.251547084586405401e-01 1.895058682715115156e-03 7.381188354448736102e-04 7.213068783276013057e-04 1.539793257160950433e-04 5.872955569473871151e-05 1.000000000000000021e-08 1.000000000000000021e-08 1.000000000000000021e-08 2.013164000848242672e-05 1.050728314039435779e-05 1.000000000000000021e-08 2.648745024783370205e-05 3.448744037996791511e-05 4.621981124796375648e-05 4.394836010842867214e-05 3.050614045025411413e-05 2.190958547998013041e-05 1.000000100000000021e-05 1.000000100000000021e-05 1.000000100000000021e-05 1.000000100000000021e-05 1.000000100000000021e-05 1.000000100000000021e-05 1.000000100000000021e-05 1.000000100000000021e-05 1.000000100000000021e-05 1.000000100000000021e-05 1.000000100000000021e-05
2.048562596382878982e-05 5.239939461082271447e-05 7.158083143053665790e-05 7.150061157304080225e-04 2.375501247321454290e-01 2.413047287399701923e-01 2.724098823851817675e-01 1.988671908739784392e-04 2.790550107858380470e-04 1.645250079270198611e-05 1.177293404503836817e-05 1.644435957189092242e-05 3.079709035547509245e-05 6.302922857146952727e-05 7.118693152861260752e-05 6.637148634365412951e-05 7.259128597688874575e-05 7.436276121577508279e-05 5.586257793518140265e-05 1.000000000000000021e-08 1.000000000000000021e-08 1.000000000000000021e-08 6.287404800165815786e-05 4.908131194299625473e-05 3.999929606881300824e-05 2.436219546474644772e-05 1.000000100000000021e-05 1.000000100000000021e-05 1.000000100000000021e-05 1.000000100000000021e-05 1.000000100000000021e-05 1.000000100000000021e-05 1.000000100000000021e-05 1.000000100000000021e-05 1.000000100000000021e-05 1.000000100000000021e-05 1.000000100000000021e-05
5.282668466379133142e-05 1.000000000000000021e-08 1.000000000000000021e-08 4.773609724065203466e-04 4.942842404898898367e-01 4.887880465354385029e-01 2.592807931162609508e-04 1.000000000000000021e-08 1.000000000000000021e-08 1.000000000000000021e-08 1.000000000000000021e-08 5.195026337600603148e-05 8.035076137303179614e-03 9.651855914711510512e-03 1.112489029927235393e-04 1.214592142512710795e-04 1.095552909127976937e-04 1.241604844660224515e-04 1.534022281344168677e-05 1.114094046380669666e-05 1.000000000000000021e-08 1.000000000000000021e-08 1.000000000000000021e-08 5.957533504205271357e-05 4.512954453349169007e-05 2.659471201258465395e-05 1.000000100000000021e-05 1.000000100000000021e-05 1.000000100000000021e-05 1.000000100000000021e-05 1.000000100000000021e-05 1.000000100000000021e-05 1.000000100000000021e-05 1.000000100000000021e-05 1.000000100000000021e-05 1.000000100000000021e-05 1.000000100000000021e-05
5.519081231103700990e-05 1.000000000000000021e-08 1.394631274284356821e-05 4.332047069076037102e-04 4.845669772406422382e-01 4.745315414161864198e-01 3.255490596433566696e-04 3.408234118604010351e-05 2.763448079236300112e-05 2.410822772586358772e-05 1.699037612873487287e-05 5.230826437060730948e-05 1.828131428207968850e-03 3.434346220378478717e-05 8.238963633910208477e-05 1.000000000000000021e-08 7.511129177101383649e-05 1.195482577488539420e-05 1.000000000000000021e-08 1.000000000000000021e-08 1.000000000000000021e-08 1.000000000000000021e-08 1.000000000000000021e-08 9.341244620670020274e-05 5.631048730917443231e-05 3.264383690489716200e-05 1.000000100000000021e-05 1.000000100000000021e-05 1.000000100000000021e-05 1.000000100000000021e-05 1.000000100000000021e-05 1.000000100000000021e-05 1.000000100000000021e-05 1.000000100000000021e-05 1.000000100000000021e-05 1.000000100000000021e-05 1.000000100000000021e-05
3.758117454657363787e-05 3.443224776335463761e-05 3.617226794328225886e-05 2.999827679791084367e-04 4.759780820353839426e-01 4.532003411805812787e-01 1.717359280920236625e-03 6.604019051359290933e-05 4.713662946308230887e-05 3.687403535283928090e-05 2.642587505675110122e-05 1.000000000000000021e-08 1.604525872745105443e-04 1.126324671665799746e-03 1.608771468705007040e-04 8.777804532977347585e-05 4.559840974075638571e-05 2.137804203964775135e-05 1.323341609325372283e-05 1.000000000000000021e-08 1.054949441714241836e-05 1.000000000000000021e-08 1.105027321714341415e-05 1.000000000000000021e-08 5.595123186809670377e-05 3.145558500038948927e-05 1.000000100000000021e-05 1.000000100000000021e-05 1.000000100000000021e-05 1.000000100000000021e-05 1.000000100000000021e-05 1.000000100000000021e-05 1.000000100000000021e-05 1.000000100000000021e-05 1.000000100000000021e-05 1.000000100000000021e-05 1.000000100000000021e-05
5.588074182597348622e-05 6.067641965936465201e-05 1.243631107621345191e-04 1.112768959162477073e-04 2.115933531303189341e-03 3.852501006025331187e-01 9.332803806701134687e-04 7.440910367789417643e-05 5.800891855851333429e-05 4.407178834856700819e-05 2.608582399795940192e-05 1.620412646294975100e-05 1.991584411924210635e-04 1.628357713496206760e-03 3.606453256168005994e-04 2.824080417210793337e-04 3.641756395102411516e-04 4.953583961680106109e-04 5.849022602288244830e-04 4.893849827571066392e-04 3.960436633730665505e-04 3.128862090923057110e-04 2.410892399312771796e-04 1.809845856752127010e-04 9.415425807385114168e-05 2.884867255082591237e-05 1.000000100000000021e-05 1.000000100000000021e-05 1.000000100000000021e-05 1.000000100000000021e-05 1.000000100000000021e-05 1.000000100000000021e-05 1.000000100000000021e-05 1.000000100000000021e-05 1.000000100000000021e-05 1.000000100000000021e-05 1.000000100000000021e-05
4.913854435271738626e-04 4.481894669099743757e-04 2.848345494521199419e-05 5.493414875889743207e-05 3.685929454243519216e-04 2.696568293061999966e-01 1.772359279975223023e-01 1.000000000000000021e-08 6.473629792460733215e-05 5.197057623813127960e-05 3.904413644979583302e-05 1.948879735325735794e-05 1.914080431831626959e-03 1.628111282193568871e-03 1.533025893920432828e-03 9.129527815384447156e-04 6.769431969946733407e-04 4.185162153601334426e-04 6.035357357566046091e-05 2.373918239731704534e-05 1.555272685716552346e-05 1.000000000000000021e-08 1.584676461486610784e-04 1.106382066141454096e-04 1.100911914415882766e-04 6.484530764997390318e-05 1.000000100000000021e-05 1.000000100000000021e-05 1.000000100000000021e-05 1.000000100000000021e-05 1.000000100000000021e-05 1.000000100000000021e-05 1.000000100000000021e-05 1.000000100000000021e-05 1.000000100000000021e-05 1.000000100000000021e-05 1.000000100000000021e-05
3.081703060717997126e-04 1.627168528912560386e-05 2.599942756110604951e-04 2.007259127286270940e-04 1.582966731440374085e-04 1.468460841617074963e-01 3.210284593455067226e-01 1.428477296281851962e-03 4.219108989015007646e-04 5.503269026249938073e-04 7.588932939613521811e-04 1.177167740006669671e-03 1.563513149618968572e-03 1.051978515408231356e-03 2.251864183976899430e-04 2.375590161334338157e-04 1.570040359947059847e-05 1.805244357564465596e-05 1.342147850840018296e-05 1.561817082953090562e-05 1.319791946613879014e-05 1.498528081039369987e-04 1.000000000000000021e-08 1.000000000000000021e-08 2.641884652269528805e-05 2.489128990479742628e-05 1.000000100000000021e-05 1.000000100000000021e-05 1.000000100000000021e-05 1.000000100000000021e-05 1.000000100000000021e-05 1.000000100000000021e-05 1.000000100000000021e-05 1.000000100000000021e-05 1.000000100000000021e-05 1.000000100000000021e-05 1.000000100000000021e-05
5.230523050014780455e-04 5.586004768112282212e-04 5.340149897694064897e-04 4.420750766825214963e-04 3.387051726965586767e-04 7.320172277638051228e-02 5.018520725358444068e-01 5.062601599536382668e-01 2.347167623691205282e-03 2.067071554912053993e-03 1.815521393065472376e-03 8.130878984421377118e-03 1.308951691144338847e-03 2.502535706835195151e-04 1.000000000000000021e-08 1.186041256931451331e-04 1.902166985155439595e-04 1.089051598124773809e-05 1.000000000000000021e-08 1.000000000000000021e-08 1.000000000000000021e-08 1.175657085195433996e-04 1.268751230710466339e-04 7.243735361533701529e-05 5.629200955594161854e-05 1.866640767939541714e-05 1.000000100000000021e-05 1.000000100000000021e-05 1.000000100000000021e-05 1.000000100000000021e-05 1.000000100000000021e-05 1.000000100000000021e-05 1.000000100000000021e-05 1.000000100000000021e-05 1.000000100000000021e-05 1.000000100000000021e-05 1.000000100000000021e-05
6.599149334795939136e-04 1.039948448028233828e-03 1.376480811544971653e-03 1.078396333705545747e-03 8.427588914394071925e-04 4.383477733779590074e-02 4.711790596075231541e-01 2.374035741821128702e-04 3.252600887939097651e-05 1.000000000000000021e-08 1.000000000000000021e-08 1.176185704184575399e-03 2.106276314766889618e-02 3.970275469538316103e-04 1.000000000000000021e-08 1.000000000000000021e-08 4.129618690908137796e-05 1.549617384255888732e-05 1.000000000000000021e-08 1.000000000000000021e-08 1.000000000000000021e-08 3.581535641842571309e-05 3.681407603305118304e-05 3.796292189578789888e-05 2.865134591009445297e-05 1.000000100000000021e-05 1.000000100000000021e-05 1.000000100000000021e-05 1.000000100000000021e-05 1.000000100000000021e-05 1.000000100000000021e-05 1.000000100000000021e-05 1.000000100000000021e-05 1.000000100000000021e-05 1.000000100000000021e-05 1.000000100000000021e-05 1.000000100000000021e-05
1.124876329397558324e-04 1.000000000000000021e-08 1.000000000000000021e-08 1.240796067229536185e-04 3.484574181450834332e-04 5.187599851399964379e-01 4.006396836876721657e-01 3.152713294297684280e-05 2.375378324867592013e-05 2.126068755168917295e-05 1.000000000000000021e-08 1.531278196669880881e-02 1.819389169760023822e-02 1.916492432491574346e-02 5.235945371953854124e-05 1.000000000000000021e-08 2.340780675556083216e-05 2.000269302720789931e-05 1.674992746857571690e-05 1.000000000000000021e-08 1.000000000000000021e-08 1.000000000000000021e-08 1.000000000000000021e-08 2.010019925976840141e-05 1.693132786218981803e-05 1.000000100000000021e-05 1.000000100000000021e-05 1.000000100000000021e-05 1.000000100000000021e-05 1.000000100000000021e-05 1.000000100000000021e-05 1.000000100000000021e-05 1.000000100000000021e-05 1.000000100000000021e-05 1.000000100000000021e-05 1.000000100000000021e-05 1.000000100000000021e-05
1.000000000000000021e-08 1.000000000000000021e-08 1.000000000000000021e-08 1.302182864301155800e-04 4.229796467494439938e-01 4.301616010646598931e-01 2.394491707182132788e-04 1.992968756734612166e-05 2.147346786757200210e-05 1.294729590739339956e-05 1.899723003413786423e-05 4.516784815769729795e-03 1.220638810291613426e-02 7.923926948206663063e-05 5.811084754423092815e-05 3.837141184571574328e-05 1.181072553005972040e-05 1.000000000000000021e-08 1.000000000000000021e-08 1.000000000000000021e-08 1.000000000000000021e-08 3.500640884926622010e-05 3.178643839122125719e-05 1.000000000000000021e-08 1.000000100000000021e-05 1.000000100000000021e-05 1.000000100000000021e-05 1.000000100000000021e-05 1.000000100000000021e-05 1.000000100000000021e-05 1.000000100000000021e-05 1.000000100000000021e-05 1.000000100000000021e-05 1.000000100000000021e-05 1.000000100000000021e-05 1.000000100000000021e-05 1.000000100000000021e-05
1.000000000000000021e-08 4.382351813413557580e-05 1.000000000000000021e-08 8.460880887585851926e-05 4.154835091706651218e-01 7.237462368641823401e-05 3.431148770340902715e-05 3.368702991768059472e-05 2.458707396688579851e-05 4.527597600999296187e-05 1.000000000000000021e-08 6.133303695323284732e-03 1.730050475836648199e-03 3.190925430079954344e-05 1.000000000000000021e-08 1.000000000000000021e-08 6.150215730032422318e-05 1.000000000000000021e-08 1.304946296942439060e-05 1.000000000000000021e-08 1.000000000000000021e-08 1.000000000000000021e-08 1.000000000000000021e-08 2.292554773236182459e-05 1.000000100000000021e-05 1.000000100000000021e-05 1.000000100000000021e-05 1.000000100000000021e-05 1.000000100000000021e-05 1.000000100000000021e-05 1.000000100000000021e-05 1.000000100000000021e-05 1.000000100000000021e-05 1.000000100000000021e-05 1.000000100000000021e-05 1.000000100000000021e-05 1.000000100000000021e-05
