output/water_depth_4440.asc
ncols 223
nrows 158
xllcorner 0.0
yllcorner 0.0
cellsize 30.0
[rows 119 to 135 of 158, columns 74 to 110 of 223]
1.000000000000000021e-08 1.000000000000000021e-08 1.000000000000000021e-08 1.000000000000000021e-08 1.000000000000000021e-08 1.000000000000000021e-08 1.000000000000000021e-08 5.255061963827049990e-05 6.290699566817203924e-05 8.102732017351595010e-05 8.421067274832103543e-05 8.729158499202251684e-05 1.000000000000000021e-08 1.493561569743196761e-05 2.287922991632837869e-02 1.744629385103852737e-01 8.511646263176307625e-02 4.439580673522500881e-02 2.889924875204709365e-02 2.119303057747945473e-02 5.604703000023101254e-03 3.350433683449304412e-03 2.376838063722627476e-03 4.508369386850546306e-04 1.505694522457235102e-04 2.536193301603779449e-04 1.391552703475266715e-05 1.000000000000000021e-08 1.000000000000000021e-08 1.000000000000000021e-08 1.250435775409790458e-04 1.488216168042454405e-03 1.883721651092219295e-03 3.515638801913284657e-03 1.782975041260458915e-01 3.359831514374677641e-01 4.264223953483166629e-01
1.000000000000000021e-08 1.000000000000000021e-08 1.535984732611917397e-05 1.000000000000000021e-08 1.000000000000000021e-08 1.000000000000000021e-08 1.000000000000000021e-08 1.000000000000000021e-08 1.000000000000000021e-08 1.000000000000000021e-08 1.000000000000000021e-08 1.000000000000000021e-08 1.000000000000000021e-08 1.000000000000000021e-08 4.534205517647793663e-05 2.507210053959048335e-04 2.717969511606532426e-02 8.234558842071061646e-02 1.266115487854401478e-01 1.029651375501041410e-01 3.357778060878798682e-02 2.513931296533537460e-02 1.318554158033928385e-02 8.226030054293006349e-03 8.101762418730642373e-03 7.964250256385359966e-03 5.929582891510642301e-03 1.943533564603580795e-03 1.416222242168784125e-03 1.119106330112645039e-03 9.183925276436026098e-04 1.637374383940669309e-01 3.081826852890763302e-01 3.902777519618849666e-01 2.683062706997011992e-01 1.458275880809556668e-01 7.685923990622371693e-02
1.000000000000000021e-08 1.000000000000000021e-08 1.000000000000000021e-08 2.011142925276896115e-05 1.000000000000000021e-08 1.000000000000000021e-08 1.000000000000000021e-08 1.000000000000000021e-08 1.000000000000000021e-08 1.000000000000000021e-08 1.000000000000000021e-08 1.000000000000000021e-08 1.508696666132953204e-05 1.000000000000000021e-08 3.099085290944789513e-05 1.925629893609167231e-04 3.436338788733625223e-04 5.208344366657504873e-03 1.022327732799036687e-02 1.205118040601779600e-01 1.634884192466916908e-01 1.964725361500573864e-01 2.228554312202483401e-01 2.471402728926729297e-01 2.695764957619188884e-01 2.932606298167828585e-01 3.156895892347774679e-01 3.377933231333254960e-01 3.585745594905370703e-01 3.792630258634832607e-01 3.995700339092728703e-01 2.555287261246352304e-01 1.301811195081598038e-01 6.627563401364880424e-02 3.935854800629488837e-02 1.913760277433066218e-02 9.916726108420171118e-03
1.000000000000000021e-08 1.000000000000000021e-08 1.000000000000000021e-08 1.000000000000000021e-08 1.000000000000000021e-08 1.000000000000000021e-08 1.000000000000000021e-08 1.000000000000000021e-08 1.000000000000000021e-08 1.000000000000000021e-08 1.000000000000000021e-08 1.007185165481003649e-05 1.252753042353229144e-05 8.784348311017391457e-05 2.756443683820643253e-03 1.676870792486085445e-03 2.465437161035791591e-04 8.180603100078256279e-03 1.061134852116492507e-02 1.201051220079119020e-02 9.656570496759338262e-03 6.922368398176862066e-03 2.928998472134142043e-03 1.010705131907307973e-03 8.987581362369823513e-04 3.144174349204535961e-04 5.178217881214342315e-04 4.496658266585982486e-05 4.780484903967333678e-05 1.000000000000000021e-08 2.041715996627564293e-05 1.000000000000000021e-08 1.000000000000000021e-08 1.000000000000000021e-08 1.000000000000000021e-08 1.000000000000000021e-08 1.000000000000000021e-08
1.000000000000000021e-08 1.000000000000000021e-08 1.000000000000000021e-08 1.000000000000000021e-08 1.000000000000000021e-08 1.000000000000000021e-08 1.000000000000000021e-08 1.128814891478428618e-05 1.625630861418298433e-05 2.602889484485774058e-05 2.869055446888114615e-05 1.000000000000000021e-08 1.000000000000000021e-08 8.509175436104749379e-05 8.870935410461234377e-03 1.846896070960138414e-02 2.393260056503799041e-02 1.995604519535667393e-02 8.863092351030001440e-03 8.560618236609040393e-03 5.213817831345233904e-03 1.504191648877580782e-03 1.105040175594179230e-03 1.215664326267633876e-04 4.016111853796405535e-05 7.840802371150041325e-05 1.000000000000000021e-08 1.000000000000000021e-08 1.093298661924970450e-05 1.116869968573192193e-05 1.436968684097199863e-05 1.000000000000000021e-08 1.000000000000000021e-08 1.000000000000000021e-08 1.210125621776504055e-05 3.071951021931996784e-05 5.110455954541383864e-05
2.159201125162324891e-05 1.000000000000000021e-08 1.000000000000000021e-08 1.000000000000000021e-08 1.000000000000000021e-08 1.000000000000000021e-08 1.381713082580636322e-05 1.855459306690529381e-05 2.891073288178048684e-05 5.573617632249275587e-05 1.006944729315278648e-04 1.190239288369387342e-04 2.262263204410116960e-04 1.553675772399430374e-02 1.423488908032721420e-02 1.177040437926374188e-02 1.088207697642897508e-02 1.118944416837796239e-02 2.081572319531809281e-03 1.413963141062361080e-03 3.559361588725047806e-04 1.531359379814469792e-04 2.461087501454978384e-04 1.000000000000000021e-08 1.000000000000000021e-08 1.000000000000000021e-08 1.000000000000000021e-08 1.000000000000000021e-08 1.000000000000000021e-08 1.000000000000000021e-08 1.000000000000000021e-08 1.000000000000000021e-08 1.000000000000000021e-08 1.000000000000000021e-08 1.000000000000000021e-08 1.000000000000000021e-08 1.000000000000000021e-08
1.201243658776308628e-05 3.049553407254075813e-05 1.000000000000000021e-08 1.000000000000000021e-08 1.000000000000000021e-08 1.000000000000000021e-08 1.000000000000000021e-08 1.000000000000000021e-08 2.655340754387738866e-03 2.535864717078824358e-03 1.045621248263546577e-02 1.624160798756838636e-02 2.730398153015465082e-02 1.984686266605458632e-02 1.071757601503511674e-02 3.427608207021642407e-03 2.184518248381563891e-03 6.525973353194064507e-04 7.151067069768364147e-05 1.000000000000000021e-08 1.496323048488213843e-05 1.431126267743976091e-04 3.145081385635536617e-04 2.773132085717196007e-05 1.651871856852083075e-05 1.000000000000000021e-08 1.000000000000000021e-08 1.000000000000000021e-08 1.000000000000000021e-08 1.000000000000000021e-08 1.000000000000000021e-08 1.000000000000000021e-08 1.000000000000000021e-08 1.000000000000000021e-08 1.000000000000000021e-08 7.111621736700025518e-05 7.899945345544934423e-05
2.886432916310673456e-05 4.148028656567727081e-05 1.000000000000000021e-08 1.000000000000000021e-08 1.000000000000000021e-08 1.000000000000000021e-08 3.857190208529678827e-05 5.023976792670495036e-05 8.463886449456309302e-03 1.563641847111930244e-02 1.217868791123849492e-02 1.183331324704617674e-02 8.382176566195956302e-03 1.264525104404748369e-03 2.945138297526498871e-05 1.000000000000000021e-08 1.309324302128151601e-05 1.000000000000000021e-08 1.000000000000000021e-08 1.000000000000000021e-08 1.768295209919158861e-05 1.156147089734701767e-04 4.205864127562812765e-04 1.626545955900388269e-05 1.000000000000000021e-08 1.000000000000000021e-08 1.000000000000000021e-08 1.000000000000000021e-08 1.000000000000000021e-08 1.000000000000000021e-08 1.285659958120548589e-04 1.001897564975369893e-04 7.799188247702117853e-05 5.684866341889415603e-05 4.472939568177609963e-05 9.097459135214497274e-05 3.625248267666183566e-04
3.096465420427655675e-05 5.077214097087019148e-05 4.641717131973473149e-05 4.987557333286320627e-05 5.366597683163593319e-05 6.103812521320529027e-05 1.194396036681384145e-02 1.851294312325541674e-02 1.587876840784558166e-02 7.584144918247172004e-03 6.934456977271933817e-03 5.159195195892343246e-03 1.193045127155581555e-04 1.199056208407646772e-05 2.146168012422233193e-05 1.000000000000000021e-08 1.000000000000000021e-08 1.000000000000000021e-08 1.000000000000000021e-08 1.000000000000000021e-08 2.749598083433413541e-05 5.915027444204081723e-04 4.615726890863239631e-04 1.296443884787096746e-05 1.000000000000000021e-08 1.000000000000000021e-08 1.805395555840982863e-05 1.000000000000000021e-08 1.000000000000000021e-08 5.113048665420703132e-05 6.159964684850400434e-05 1.425373963453075744e-04 1.849232035518250583e-04 1.387605337761552810e-04 1.145007358218560469e-04 1.033294977046044172e-04 2.585952109961686435e-04
2.498867309100474173e-05 4.798366491263480967e-05 2.277508675786073071e-03 8.641394989138014709e-03 1.122073355428549087e-02 1.876386406497050630e-02 1.726497483501129859e-02 1.245973922071702197e-02 7.491488249373479472e-03 2.273815432253013542e-03 1.876311167672528287e-03 4.192529207192794539e-05 1.000000000000000021e-08 1.000000000000000021e-08 1.448597978695410726e-05 1.000000000000000021e-08 1.000000000000000021e-08 1.000000000000000021e-08 1.000000000000000021e-08 1.000000000000000021e-08 3.283565934004777608e-05 6.915714596174767645e-04 2.631413487979610612e-05 1.106902655162089939e-05 1.000000000000000021e-08 1.000000000000000021e-08 1.000000000000000021e-08 1.000000000000000021e-08 1.000000000000000021e-08 3.492569661746687179e-05 1.000000000000000021e-08 1.000000000000000021e-08 4.022301837922393516e-05 1.398617551794901982e-04 1.880012709603503802e-04 2.456906387827071368e-04 2.857471282638234314e-04
9.715480189193623358e-05 1.341613469595752384e-04 7.136047610990696802e-03 6.776347113443621957e-03 1.056170383397815951e-02 4.790629434214296704e-03 6.579071467291723249e-03 2.374715850111841931e-03 1.000000000000000021e-08 4.093747628145133521e-05 1.000000000000000021e-08 2.090228792777627066e-05 1.000000000000000021e-08 1.000000000000000021e-08 1.000000000000000021e-08 1.000000000000000021e-08 1.000000000000000021e-08 1.000000000000000021e-08 1.000000000000000021e-08 1.667098203884309550e-05 4.332227434633082038e-04 5.495630611257752685e-05 3.275993055738957009e-05 1.000000000000000021e-08 1.000000000000000021e-08 1.000000000000000021e-08 1.000000000000000021e-08 1.716901119413602927e-05 1.000000000000000021e-08 1.000000000000000021e-08 2.368990597665722011e-05 4.075148379518747464e-05 5.372308035101199084e-05 3.858768619997724679e-05 5.230766602632993883e-05 5.797211756652914373e-05 1.973936974884131891e-04
1.269589632579660836e-02 1.927100327683329076e-02 1.204190546054531054e-02 8.264465203592794018e-03 4.992660084218419891e-03 2.006807250756590180e-03 1.150841984935103198e-03 8.494246583406582377e-04 1.000000000000000021e-08 2.673004665927406666e-05 1.000000000000000021e-08 1.243803001486951150e-05 1.000000000000000021e-08 1.000000000000000021e-08 1.000000000000000021e-08 1.000000000000000021e-08 1.000000000000000021e-08 1.000000000000000021e-08 1.000000000000000021e-08 2.806253673667552387e-04 7.361930125634354844e-05 1.000000000000000021e-08 1.804518928734345347e-05 1.000000000000000021e-08 1.604732694516092386e-05 2.253954295478690007e-05 1.702572558176287582e-05 1.874056582383107060e-05 1.903379196625870553e-05 2.151812415855655023e-05 2.657900955511133148e-05 3.158452849448535154e-05 3.819638330553237949e-05 1.000000000000000021e-08 1.000000000000000021e-08 1.000000000000000021e-08 1.000000000000000021e-08
5.668525187320123601e-03 4.951224452696456439e-03 9.870573310976662985e-05 3.972390985741908117e-05 1.160795701658977151e-04 1.000000000000000021e-08 2.074151531592471448e-05 1.000000000000000021e-08 1.000000000000000021e-08 1.900846448291066196e-05 1.000000000000000021e-08 1.000000000000000021e-08 1.000000000000000021e-08 1.000000000000000021e-08 1.000000000000000021e-08 1.000000000000000021e-08 1.000000000000000021e-08 1.000000000000000021e-08 1.743115005650180840e-04 3.930491868072594235e-05 6.464894935437122024e-05 1.000000000000000021e-08 1.204654805440835355e-05 1.000000000000000021e-08 1.506230026323353670e-05 2.033906772671811012e-05 1.000000000000000021e-08 1.000000000000000021e-08 1.000000000000000021e-08 1.000000000000000021e-08 1.000000000000000021e-08 1.000000000000000021e-08 1.000000000000000021e-08 1.000000000000000021e-08 1.000000000000000021e-08 1.627196022386794496e-05 2.378891893285150767e-05
4.386710035275810475e-05 1.037375754503742545e-05 1.160395079015212944e-05 1.000000000000000021e-08 7.344011163238431405e-05 1.000000000000000021e-08 2.050379416028735009e-05 1.000000000000000021e-08 1.000000000000000021e-08 1.000000000000000021e-08 1.000000000000000021e-08 1.000000000000000021e-08 1.000000000000000021e-08 1.000000000000000021e-08 1.000000000000000021e-08 1.000000000000000021e-08 1.000000000000000021e-08 1.000000000000000021e-08 2.089584754330733093e-04 3.566823495200437648e-05 4.953995746850302270e-05 1.000000000000000021e-08 1.000000000000000021e-08 7.769601678326878123e-05 1.000000000000000021e-08 1.000000000000000021e-08 1.000000000000000021e-08 1.000000000000000021e-08 1.460903141993201826e-05 1.000000000000000021e-08 1.000000000000000021e-08 1.000000000000000021e-08 1.000000000000000021e-08 1.000000000000000021e-08 1.000000000000000021e-08 1.000000000000000021e-08 1.523335904113684970e-05
1.000000000000000021e-08 1.000000000000000021e-08 1.000000000000000021e-08 1.000000000000000021e-08 4.733521924360174153e-05 1.000000000000000021e-08 1.965536144634513120e-05 1.000000000000000021e-08 1.000000000000000021e-08 1.000000000000000021e-08 1.000000000000000021e-08 1.000000000000000021e-08 1.000000000000000021e-08 1.000000000000000021e-08 1.000000000000000021e-08 1.000000000000000021e-08 1.000000000000000021e-08 1.000000000000000021e-08 3.601542984727725878e-05 2.962217371777974652e-05 2.512397852951099705e-05 1.000000000000000021e-08 1.000000000000000021e-08 5.038848437161343543e-05 1.000000000000000021e-08 1.000000000000000021e-08 1.000000000000000021e-08 1.000000000000000021e-08 1.846939481005613727e-05 4.410397689248329617e-05 1.000000000000000021e-08 1.000000000000000021e-08 1.000000000000000021e-08 1.000000000000000021e-08 1.000000000000000021e-08 1.000000000000000021e-08 1.488831510094153850e-05
1.000000000000000021e-08 1.000000000000000021e-08 1.000000000000000021e-08 1.000000000000000021e-08 5.355064165585363410e-05 1.000000000000000021e-08 2.145858857587773323e-05 1.000000000000000021e-08 1.000000000000000021e-08 1.000000000000000021e-08 1.000000000000000021e-08 1.000000000000000021e-08 1.000000000000000021e-08 1.000000000000000021e-08 1.000000000000000021e-08 1.000000000000000021e-08 1.000000000000000021e-08 1.067990959993768830e-04 2.148369183062268784e-05 9.419090988902667678e-05 1.000000000000000021e-08 1.000000000000000021e-08 1.000000000000000021e-08 1.000000000000000021e-08 1.000000000000000021e-08 1.000000000000000021e-08 1.000000000000000021e-08 1.045402560204873542e-05 2.170818554146707421e-05 3.328208085539206774e-05 1.000000000000000021e-08 1.000000000000000021e-08 1.000000000000000021e-08 1.000000000000000021e-08 1.000000000000000021e-08 1.000000000000000021e-08 1.000000000000000021e-08
1.000000000000000021e-08 1.000000000000000021e-08 1.000000000000000021e-08 1.000000000000000021e-08 6.089679583219285118e-05 1.000000000000000021e-08 2.895473083788015098e-05 1.000000000000000021e-08 1.000000000000000021e-08 1.000000000000000021e-08 1.000000000000000021e-08 1.000000000000000021e-08 1.000000000000000021e-08 2.782151662966902771e-05 1.000000000000000021e-08 1.000000000000000021e-08 1.000000000000000021e-08 1.097733446418384316e-04 5.665195578503355340e-05 4.585993874249965079e-05 2.952602705332765486e-05 2.624396665384840668e-05 1.000000000000000021e-08 1.000000000000000021e-08 1.000000000000000021e-08 1.000000000000000021e-08 1.000000000000000021e-08 1.000000000000000021e-08 1.123570152806216998e-05 1.995952583015729568e-05 1.000000000000000021e-08 1.276184837188733198e-05 1.000000000000000021e-08 1.000000000000000021e-08 1.000000000000000021e-08 1.000000000000000021e-08 1.000000000000000021e-08
