output/water_depth_360.asc
ncols 223
nrows 158
xllcorner 0.0
yllcorner 0.0
cellsize 30.0
[rows 119 to 135 of 158, columns 111 to 147 of 223]
1.196219577032560377e-02 1.194626510360275069e-02 1.194621710361014680e-02 1.218165999953806436e-02 1.169467188106490009e-02 1.188222701503571961e-02 9.972019400333072617e-03 1.150807975282612874e-02 1.189872622067549360e-02 1.197820643697549217e-02 1.231634838559865497e-02 1.200877400257141167e-02 5.621474423464254550e-03 6.330858641655034633e-03 9.606540496833640419e-03 9.085620916168542921e-03 5.443573260206587341e-03 8.771163509995055091e-03 6.601809565887274689e-03 5.844864459282584149e-03 2.341795329735997869e-03 3.145105000572480467e-03 4.603705720564767179e-03 6.192049838960778270e-03 6.675852695485341541e-03 1.194623310362284002e-02 1.194631310364082863e-02 6.513976458614602338e-03 3.820522009715099625e-03 8.215295575973308173e-03 4.952262838844386991e-03 6.745944577556551441e-03 7.013655986935087190e-03 7.029696364457671716e-03 7.029712364470364939e-03 9.363882850997580151e-03 4.979216372119161724e-03
6.755745460764851253e-03 6.481971125236563741e-03 6.449981791916693276e-03 6.449933791878616207e-03 6.449933791878616207e-03 6.449933791878616207e-03 1.045959650694707789e-02 5.525034688307678930e-03 6.513158044350242891e-03 6.950346358467762893e-03 9.736249662765634680e-03 9.207498471979120441e-03 6.481843125180498065e-03 3.530785007484050532e-03 1.051256505475601892e-02 7.529421603572595233e-03 6.497768625473222814e-03 6.602901043930509833e-03 4.386568478935235632e-03 3.610584273571525692e-03 4.529734821604058763e-03 6.110018800660222196e-03 6.675654326641856408e-03 1.133435319766784750e-02 1.223610638995149477e-02 1.230030905667798234e-02 7.029712364470364939e-03 7.029632364452376332e-03 6.965703908059261637e-03 6.241619665621223403e-03 3.753361590730387113e-03 6.273582677391354584e-03 6.965799908044467692e-03 7.029632364452376332e-03 7.029712364470364939e-03 1.078659595842135395e-02 3.820586009720395009e-03
5.097879144359220363e-03 3.562629772664772324e-03 3.320828770534613172e-03 3.304866103877325632e-03 3.304850103864632842e-03 3.304850103864632842e-03 3.304850103864632842e-03 6.574055954272122783e-03 4.056614219788299593e-03 6.680556016413798093e-03 1.130255876369654772e-02 7.013477697779203941e-03 6.659858028802667987e-03 4.656936112046239883e-03 5.081935406139538765e-03 1.048061001052327454e-02 3.820554009740484338e-03 6.372234544119736305e-03 2.449139986667861479e-03 5.764408310494988606e-03 1.021490192975387477e-02 9.583360818151150096e-03 1.168811847519999475e-02 8.221434842976927532e-03 9.246098554377236295e-03 9.182169674532936893e-03 7.029696364457671716e-03 7.013654802954884249e-03 6.725400448345577112e-03 4.772258330003646513e-03 6.631334801779177786e-03 5.313548499221639257e-03 6.789416793440873274e-03 7.013750802985565212e-03 7.029696364457671716e-03 7.029712364470364939e-03 7.029712364470364939e-03
4.673029707184506686e-03 6.192170123091167780e-03 6.433955125208635877e-03 6.449917791865922984e-03 6.449933791878616207e-03 6.449933791878616207e-03 1.121392953397292933e-02 7.960133654381165019e-03 1.076968352999688010e-02 7.029712364470364939e-03 7.029472364461875761e-03 6.901675030945520796e-03 5.950322841914280556e-03 3.304866103877325198e-03 6.246294341968572708e-03 6.762063275214936359e-03 6.997807609337437264e-03 8.883079454926369467e-03 1.026571578147270764e-02 4.017089096716809637e-03 3.499219762448670199e-03 8.748534064517716341e-03 7.577636279171096403e-03 1.167233848400963704e-02 7.029712364470364939e-03 7.029712364470364939e-03 7.029680364444979360e-03 6.997627031119813511e-03 6.449917791865923851e-03 3.304866103877325198e-03 6.449933791878616207e-03 6.997627031119813511e-03 7.029680364444979360e-03 7.029712364470364939e-03 7.029712364470364939e-03 7.029712364470364939e-03 7.029712364470364939e-03
1.128629993859784492e-02 1.186600377014281928e-02 9.736252407357629327e-03 7.319566313077197420e-03 7.013685697807782449e-03 1.167232229436729850e-02 1.235633508680173374e-02 1.176546998864871907e-02 7.029712364470364939e-03 7.029520364454477921e-03 6.917669697628192615e-03 5.966301508584260886e-03 3.600727003509641110e-03 3.320895059647123535e-03 4.947234922010409867e-03 5.249303282360259608e-03 6.810060986213907139e-03 7.013767986932984734e-03 7.596804937751592060e-03 6.784992750732166643e-03 8.896686648831973396e-03 7.664367239618407636e-03 9.214111990166726912e-03 9.182101226536535862e-03 7.029712364470364939e-03 7.029712364470364939e-03 7.029680364444979360e-03 6.997579031127210483e-03 6.433955125208635877e-03 3.320796770509228026e-03 6.449981791916693276e-03 6.997627031119813511e-03 7.029680364444979360e-03 7.029712364470364939e-03 7.029712364470364939e-03 7.029712364470364939e-03 7.029712364470364939e-03
6.772036243733859859e-03 6.466008458579275767e-03 9.175522393988999603e-03 1.165629915504349211e-02 1.197833443698608120e-02 1.032535233967508438e-02 9.310665034449709665e-03 7.029680364444979360e-03 7.029552364434388592e-03 6.949725320196997735e-03 6.208076505668836537e-03 3.546739390099796791e-03 4.943605667545527757e-03 1.053471561895629252e-02 9.332018212691611803e-03 9.061661579957162524e-03 7.061549580981485441e-03 7.013847986950973341e-03 8.972096732388454288e-03 1.157207821980217426e-02 1.228437268437440957e-02 9.799259057166515713e-03 7.029712364470364939e-03 7.029712364470364939e-03 7.029712364470364939e-03 7.029712364470364939e-03 7.029632364452376332e-03 6.965589697716390201e-03 6.192065838973470626e-03 3.530760723429816894e-03 6.481859125193190421e-03 6.997659031190673132e-03 7.029680364444979360e-03 7.029712364470364939e-03 7.029712364470364939e-03 7.029712364470364939e-03 7.029712364470364939e-03
3.632675847989853390e-03 3.320927059627033773e-03 6.514056458632589211e-03 6.997755031130404278e-03 7.335612317461605650e-03 1.167237048403502175e-02 7.013703986927690218e-03 6.997563031114517260e-03 6.949855609314803048e-03 6.519983689264231656e-03 4.877599773012172325e-03 4.909189456063638678e-03 8.449850963785254798e-03 7.452987042512072315e-03 6.857746580322677567e-03 6.997935609302553123e-03 5.475547423199526517e-03 6.841818202752514809e-03 7.013831986938280985e-03 7.029696364457671716e-03 9.519973729679559113e-03 9.488105071756800304e-03 7.029712364470364939e-03 7.029696364457671716e-03 7.029696364457671716e-03 7.029728364437581520e-03 7.013605697789794709e-03 6.691839078080998038e-03 4.619624611290538280e-03 4.651492712071230232e-03 6.675860411456491748e-03 6.997531031043658506e-03 7.029648364510543597e-03 7.029744364450274743e-03 7.029696364457671716e-03 7.029696364457671716e-03 7.029712364470364939e-03
1.100628287531970652e-02 1.135036157525599540e-02 7.609490937062113672e-03 7.061765697886480606e-03 9.487957449890255246e-03 9.472083906360704436e-03 6.762181582240268940e-03 6.434133414319044217e-03 6.310033447385544024e-03 5.182782355546582988e-03 5.001051231859123328e-03 5.285332947304754829e-03 6.255905927042371660e-03 8.723537433742900929e-03 5.475520878528407354e-03 6.841883347311417465e-03 8.787715884423029367e-03 7.233469719863829320e-03 7.045592742047923802e-03 7.029728364483057296e-03 9.752504948308548388e-03 9.255525853135207134e-03 7.029680364444979360e-03 7.013653697827871777e-03 7.013749697813077832e-03 7.061717697893876711e-03 6.997787031155788991e-03 6.514040458665371763e-03 3.336791437191900713e-03 3.804591342946773373e-03 6.240009554954562693e-03 6.675916695536111833e-03 6.997547031056351730e-03 7.061701697926659263e-03 7.013765697825770189e-03 7.013637697815179421e-03 7.029664364477761045e-03
7.013831986938280985e-03 7.045624742027834474e-03 7.013831986938280985e-03 7.029664364477761045e-03 9.176164833070651200e-03 9.237760496818167577e-03 4.988243133294940901e-03 3.352687814873101749e-03 4.008502354195920582e-03 8.586629812594778061e-03 5.403684089531964919e-03 7.716010447159722153e-03 3.804493053808877864e-03 6.498032081122696174e-03 6.997675031157890579e-03 7.282812379213178706e-03 7.080659056606131672e-03 6.789754113975399706e-03 6.997789241409813933e-03 7.029664364477761045e-03 1.165626215397959006e-02 7.303690936538155890e-03 7.013523408710066465e-03 6.723860411471728991e-03 6.771860411532438541e-03 7.593528270313877615e-03 7.093819031257120496e-03 7.577421603678779691e-03 1.073857995839342522e-02 6.755729460752158896e-03 5.097929809714797991e-03 4.688907419353616907e-03 6.691927362186001968e-03 7.577357603673484307e-03 6.787750794097414074e-03 6.707938028881367011e-03 6.997579031081735575e-03
7.045656742007745145e-03 7.249463281328539718e-03 6.841834202765207165e-03 6.997903609322642451e-03 7.029664364477761045e-03 9.190227516330225568e-03 9.977458472932847211e-03 1.414208931763650395e-02 1.078644319787225303e-02 6.933600364351044827e-03 6.192065838973470626e-03 3.530905176063138442e-03 6.685638363256552266e-03 6.809686839147511585e-03 6.997855609330039424e-03 8.938053833698741610e-03 7.695340228629192134e-03 5.355692121845835076e-03 6.789706074556201877e-03 7.013734802972871989e-03 9.138122821581466312e-03 8.989970284153710883e-03 6.911656867901806375e-03 4.909221456043548482e-03 4.877583773044954878e-03 1.104447991143013910e-02 7.641592270425357457e-03 7.029696364457671716e-03 7.029696364457671716e-03 6.997723031150494474e-03 6.513976458614602338e-03 3.820586009720395009e-03 6.513976458614602338e-03 1.101222629386564705e-02 5.065947083915633455e-03 4.688852811840307951e-03 6.691911362173309612e-03
7.029680364490454268e-03 8.803574090581668676e-03 5.475585555204543625e-03 6.825905825104096325e-03 7.013783986945677090e-03 7.029696364457671716e-03 9.487925449910346309e-03 9.472227569143351969e-03 6.782498690204996974e-03 6.176103172316182652e-03 4.619934386427154184e-03 4.742998632603243232e-03 8.178023266581528963e-03 5.430979406476320326e-03 6.809737128292804066e-03 7.013751986965767286e-03 1.197835043699877616e-02 7.029712364470364939e-03 7.029664364432286136e-03 7.013767986932985601e-03 6.825726952234512437e-03 5.425587326496885895e-03 7.983913859665648163e-03 5.317093498021159201e-03 4.985268242594737866e-03 6.724033279311593739e-03 1.196222777035098848e-02 7.013847986950973341e-03 7.045640742040526830e-03 7.029712364470364939e-03 7.029712364470364939e-03 7.029712364470364939e-03 7.029584364414299263e-03 6.933632364376429540e-03 5.966251219484442446e-03 3.804477053841659982e-03 6.498048081135388530e-03
6.997789241409813933e-03 7.029664364477761045e-03 7.029712364470364939e-03 7.029712364470364939e-03 7.013839226334207463e-03 7.029648364465068688e-03 9.176375694885205436e-03 9.345694481721161101e-03 5.087826702854920252e-03 3.305026556523339536e-03 3.428318227593886956e-03 3.788417845994386177e-03 5.036767761761438804e-03 6.407725403647314757e-03 6.707724712992680499e-03 6.997611031107121154e-03 1.197831843701886376e-02 7.029616364439683976e-03 6.997627031119813511e-03 6.997691031125108894e-03 6.997675031157890579e-03 6.482069335521267912e-03 3.596236000299435874e-03 8.182816837777476607e-03 5.192996273184867159e-03 6.793835013973770730e-03 1.191449063763310237e-02 6.857846194503403742e-03 7.249477956207452459e-03 7.029712364470364939e-03 7.029712364470364939e-03 7.029680364444979360e-03 6.997579031127210483e-03 6.433955125208635877e-03 3.320844770547305962e-03 6.669813734384555902e-03 6.825694510285652480e-03
6.789657767154389650e-03 7.013750802985565212e-03 7.029696364457671716e-03 7.029712364470364939e-03 6.862286691517406265e-03 6.982204455158248432e-03 7.013782308109407435e-03 9.993038047265910898e-03 1.111002331430663639e-02 7.045617620820744317e-03 1.096309976524561039e-02 8.651566190027295405e-03 6.456382907805059516e-03 4.487594636040719356e-03 4.878952857315918545e-03 6.723888711126970591e-03 1.196219577037107781e-02 6.965637697708993228e-03 6.450029791909296303e-03 6.513960458601909115e-03 7.013750802985565212e-03 6.789384793415487694e-03 5.313532499254420942e-03 6.631302801753793073e-03 4.772226330023735842e-03 6.725400448345577112e-03 1.143659533072958340e-02 5.778483962984070146e-03 8.806638310801320757e-03 7.029712364470364939e-03 7.029712364470364939e-03 7.029632364452376332e-03 6.965589697716390201e-03 6.192230273478238275e-03 3.578612288952976242e-03 8.255880109361094996e-03 5.749529942654272099e-03
7.048670271938939184e-03 7.029744403876870412e-03 7.029712364470364939e-03 7.029712364470364939e-03 5.600559192900749807e-03 6.781680537283941296e-03 6.844782489366374456e-03 1.137388504276339724e-02 7.862581695831871720e-03 1.133435319766784750e-02 7.013783986945677958e-03 6.793987494989673845e-03 4.761817079457923534e-03 2.358439480664813442e-03 4.761823904208947397e-03 6.793987494989673845e-03 1.193035272604527942e-02 6.482051125345502166e-03 3.336807437159118594e-03 3.820586009720395443e-03 7.029616364439683976e-03 6.997643031177980776e-03 6.981520364348293463e-03 6.417848458573539687e-03 3.273020770444313565e-03 6.449837791893410152e-03 9.487909473705261748e-03 9.488019994329776816e-03 7.029712364470364939e-03 7.029712364470364939e-03 7.029696364457671716e-03 7.013605697789794709e-03 6.691955512547687751e-03 4.708211771227421676e-03 5.368460236163977509e-03 7.029586438016744397e-03 9.182000781043720208e-03
7.282780177325445109e-03 7.045689886586737130e-03 7.029728364483057296e-03 7.029712364470364939e-03 1.072233361327581264e-02 5.822502122223652439e-03 5.770975631084007337e-03 7.117042901202287782e-03 8.928789177856175444e-03 7.029712364470364072e-03 7.045608742015142117e-03 7.233059322294035226e-03 8.357727594607631053e-03 4.451765257103777393e-03 8.373554944466671604e-03 7.233107322286637386e-03 1.197831614791164921e-02 7.061781697853698053e-03 6.739963896876256279e-03 8.702125525641974182e-03 6.965717697772455877e-03 6.481843125180498065e-03 6.659746028850244484e-03 5.870539219318638910e-03 2.916815531494544242e-03 6.386211125123632086e-03 9.704288104816969490e-03 9.239428029856925143e-03 7.029712364470364939e-03 7.029712364470364939e-03 7.029680364444979360e-03 6.997723031150494474e-03 6.513976458705551288e-03 3.820538009591368123e-03 8.614196841061370902e-03 8.590231576011778461e-03 6.997563031159993036e-03
7.029712364470364939e-03 7.029712364470364939e-03 7.029712364470364939e-03 7.029712364470364939e-03 6.997723031150494474e-03 1.135252884937463028e-02 1.188360339176574437e-02 7.029664364477761045e-03 7.013751986920292378e-03 7.013751986920292378e-03 7.013623986955177386e-03 6.918235181188614469e-03 6.123114324514867916e-03 3.727216270686662097e-03 6.257440670838955096e-03 6.949757241323717936e-03 1.172038314639929288e-02 7.915474227734997995e-03 1.162413366528734088e-02 9.082145463846322264e-03 6.529955125284581802e-03 3.530753007504140728e-03 4.625170026724669849e-03 2.916815531494544242e-03 1.461173793147744820e-03 6.116147559527471828e-03 1.127037453089168098e-02 7.029712364470364939e-03 7.029712364470364939e-03 7.029712364470364939e-03 7.029712364515839848e-03 7.029696364548621533e-03 7.029632364452377200e-03 6.981568364431845440e-03 6.434019125168455484e-03 3.336759437166515133e-03 6.418040458498476021e-03
7.029712364470364939e-03 7.029712364470364939e-03 7.029712364470364939e-03 7.029712364470364939e-03 6.513976458614602338e-03 6.762107780701521499e-03 1.194633368186795094e-02 6.997855609330040291e-03 6.794100608663834577e-03 6.794068608683923906e-03 6.762384872450534316e-03 6.451039564495554025e-03 3.904379942609472603e-03 6.560870999028117941e-03 5.001786217536831683e-03 6.499362965047006564e-03 9.720526615578747864e-03 9.239457290938706685e-03 7.029712364424890031e-03 7.061733697906569934e-03 7.561506937014095611e-03 1.051270905473382714e-02 5.129741869029169968e-03 6.965925697755560343e-03 1.030275338599120558e-02 7.029712364470364939e-03 7.029712364470364939e-03 7.029712364470364939e-03 7.029712364470364939e-03 7.029712364561314757e-03 7.029664364477761912e-03 7.013702802902012368e-03 6.997480820660607545e-03 6.691884325351460557e-03 6.239989697001768407e-03 3.772634009652287620e-03 5.998144552773632815e-03
