output/water_depth_2040.asc
ncols 223
nrows 158
xllcorner 0.0
yllcorner 0.0
cellsize 30.0
[rows 34 to 50 of 158, columns 111 to 147 of 223]
2.273503585680910957e-04 1.534640691675397307e-05 2.603669286530963369e-05 1.843088791103207516e-04 2.988838327915750172e-04 7.845849649532731646e-04 8.190862418767557503e-05 8.107027460628980970e-05 1.594550651638958422e-03 3.388536260151394502e-03 2.671186473594265240e-03 1.338890734277640993e-03 1.828219545618232304e-03 1.467737332637455332e-03 7.789984966698855961e-04 3.196806597834103356e-04 1.796665808483534756e-04 1.270136580646025304e-05 3.593585848083907027e-05 2.472736005149839874e-04 1.100507713394924188e-04 4.164332888422696169e-04 5.141866190380140183e-04 1.689058233646807423e-03 6.038571368083241794e-04 3.530170980700481336e-04 7.901439762863999086e-04 3.257311546971217598e-03 7.490612143268174893e-03 2.631981413928768249e-02 4.270096432179594503e-02 7.347094705822845850e-02 3.260204279396490545e-02 3.242659063866599133e-04 3.463705051521743009e-05 2.553457897097588107e-05 1.000000000000000021e-08
4.292884242886775293e-05 3.091381549402685353e-05 1.136870167448148557e-04 2.474690814696845127e-04 1.811198186345653672e-04 1.392065602620555617e-04 3.580725996546656409e-05 6.809556847908367625e-05 6.385654733057985889e-05 1.347182043391439033e-03 2.261961146246512129e-03 3.568920880580949036e-03 3.293534808184888241e-03 4.671478655698913310e-03 3.331342119456057616e-03 1.574857211267429152e-03 4.335322307071661895e-04 1.622552005589917342e-04 3.643334813151462639e-04 2.616633976719789836e-04 2.500580623894574210e-04 1.566704692438634135e-04 9.855024166685927203e-04 2.077775303669902613e-03 6.075727315597280681e-04 7.562224903835926444e-04 1.103916974361135971e-03 1.882654618552231669e-03 6.626297524178681106e-03 4.290506630001761357e-02 6.515257891490129627e-02 4.190334714678278089e-02 1.854823624000465077e-02 3.400033994235689442e-04 1.752300374266643485e-04 2.190934089046393129e-05 1.000000000000000021e-08
8.631390599668306183e-04 1.065467770810346170e-04 1.741014816890304245e-04 4.960844073893063875e-05 6.245895516458294322e-05 2.060767249917410291e-05 4.315177261255404690e-05 5.174106100980649175e-05 3.955501700158005839e-05 3.840015336478046280e-04 1.726536260153534218e-03 3.145590671507460939e-03 5.685983729808845658e-03 7.647948359573427356e-03 1.205963351602568415e-02 6.031198636825716927e-03 4.662294589114235679e-03 5.613256552082385512e-03 2.018926996949090870e-03 4.299034227819962736e-03 1.629496203686115526e-03 8.158549427373264218e-02 1.523035191198624794e-01 1.864142918116455938e-01 2.014856566749633204e-01 2.065665803385017818e-01 2.058197822152489920e-01 2.025462707337626622e-01 1.987476101722630284e-01 1.477252970264337772e-01 1.305421479541611640e-01 8.166326416812666467e-02 4.003290824491814032e-02 9.749310117383905294e-03 9.823900877436492110e-05 4.242411622904261804e-05 1.046672626962347087e-05
9.827316468854561515e-04 5.509135407786769269e-04 1.762615144798964143e-04 1.035433661737453724e-04 7.374594413953112939e-05 1.000000000000000021e-08 1.534341713921103651e-05 1.636989561315149082e-05 2.073762687520554150e-05 5.609033847737174787e-05 1.000000000000000021e-08 1.000000000000000021e-08 1.475036117323750694e-04 7.785908972656995224e-05 6.144912192162772877e-04 5.121955401811463526e-03 5.793867214178549316e-03 2.255915320999989648e-01 2.262892843988350000e-01 2.257730758232744384e-01 2.250224002587762062e-01 1.434569509814083987e-01 7.145384194596107741e-02 3.559117326745229321e-02 1.773079602559425594e-02 1.436278827605920634e-02 8.670938212137569226e-03 3.681643810040000422e-03 2.296509546600860457e-03 8.505619052692824089e-02 2.049943282525596155e-01 2.724569298222305758e-01 2.070013227062880434e-01 1.571787819155243127e-01 4.637032076697021696e-04 3.334941484728368377e-05 1.825461668411118118e-05
2.879681113146102464e-02 1.567485563671084173e-02 8.009489165007467604e-03 3.269276144553203388e-03 8.537049502991665576e-04 5.494852418489167088e-04 1.893834740743919926e-04 6.783904282017396521e-04 1.128669871461920995e-04 5.878382615474697225e-05 6.583773879657026703e-05 2.899108896949620994e-05 2.832224201369148075e-04 3.717713896500045518e-04 7.194520556787166107e-04 1.156925093124050868e-01 2.813214576068159278e-01 2.238759636441866596e-01 5.997581327829911314e-04 4.276109543904559138e-04 1.191833761287700033e-04 6.330758624449593674e-05 9.031350257726118063e-05 2.186986840162330917e-05 6.155176313623692279e-05 1.000000000000000021e-08 1.000000000000000021e-08 1.133383248482011457e-05 1.125791973713228655e-04 2.191497418396879033e-04 5.808736800815794644e-04 9.395754968399465737e-04 1.420155680590765024e-01 3.352003514830455555e-01 2.789844819149288058e-01 2.749126700315462370e-04 6.804754925233958123e-05
1.626182128867045273e-01 1.784512692416757862e-01 1.227158023533101300e-01 6.233197415039092026e-02 3.131316111364595284e-02 1.644425081714343678e-02 9.922365129516292487e-03 5.627292442719450394e-03 2.699323278972655307e-03 2.036344578323362117e-03 6.772207400651104013e-04 9.852934998499705919e-04 1.172983082876620647e-01 2.319686644894243810e-01 2.296261570949346964e-01 1.141179541288356580e-01 1.124226735361155555e-01 8.285022076327686210e-05 3.821492196219329341e-05 2.108043264663988665e-05 1.849290768238282345e-05 4.145319142518077158e-05 4.583003424659444508e-05 4.754376607145634730e-05 1.000000000000000021e-08 1.000000000000000021e-08 1.000000000000000021e-08 2.131254795594848724e-05 1.018764739352002736e-04 1.423371620379046897e-04 1.603424838438916055e-04 1.491315908435704592e-04 3.947581036551648997e-04 7.596887010140481421e-04 2.603199360029042619e-01 1.670642386217874864e-01 8.305118115493731468e-02
2.458015581437655861e-03 1.488956549844932652e-03 6.319614510910781524e-02 1.246732298274772915e-01 1.547336594688661360e-01 1.693783974093973632e-01 8.719800000388357175e-02 8.790323081264880822e-02 1.354499401962350191e-01 1.624710772967363770e-01 1.827598150866291404e-01 2.357670505420864371e-01 1.176548996777323219e-01 1.168362448938156661e-01 3.494185256273898608e-04 5.185179583523624839e-05 1.296891312857580331e-04 4.066922397109084598e-05 2.056790710378221976e-05 1.353482560465693558e-05 1.000000000000000021e-08 2.008825743958341924e-05 3.315176876175390976e-05 2.134319324574350944e-05 1.000000000000000021e-08 1.000000000000000021e-08 1.000000000000000021e-08 1.879561625988533820e-05 2.432373677329053674e-04 6.670854732079770490e-05 7.209860440326190884e-05 2.484559765859173505e-04 1.637889543707120408e-04 2.223895125104249698e-04 5.824150145639907196e-04 1.029607844886826079e-01 1.857387322809045116e-01
2.355344466481504973e-05 2.514177078365787947e-05 4.204330895348075647e-05 3.784221352979357271e-04 5.816009275673429636e-04 1.820458743042530558e-04 8.655902214546555562e-02 8.766804425604274309e-02 4.716738652963023415e-02 2.863019943027533473e-02 2.171133567365680916e-02 5.384502358268115213e-02 9.604433445198076269e-05 1.310099732712709957e-04 1.224127325411222638e-04 2.244324285396142308e-05 7.874154576174643440e-05 4.031260771659150990e-05 1.000000000000000021e-08 1.000000000000000021e-08 2.090692402481808602e-05 1.000000000000000021e-08 1.305395219319175681e-05 1.000000000000000021e-08 1.000000000000000021e-08 1.000000000000000021e-08 1.035425669822544836e-05 4.278898108751692250e-05 1.323507006367934200e-04 6.237270618695348317e-05 1.219482860454617094e-04 2.508109227327834844e-04 2.209354764219467184e-04 8.023103586379828444e-05 1.711541765712682080e-04 3.290159701996166024e-04 8.926589610512728010e-04
2.379856539308766581e-05 1.000000000000000021e-08 1.000000000000000021e-08 1.331205207536213493e-04 1.000000000000000021e-08 1.000000000000000021e-08 2.297285605926118076e-05 3.204008000032794782e-05 7.538756691706813978e-03 9.944812191241625757e-03 1.464960927790663094e-02 3.033623869005486889e-02 7.313539318943455337e-05 8.290094638114152632e-05 1.137958473781521614e-04 1.834314543975095480e-05 5.190238286854644950e-05 2.739168335043140213e-05 1.000000000000000021e-08 1.000000000000000021e-08 1.959178646150030011e-05 1.000000000000000021e-08 3.608946910502174065e-05 5.359094202204583871e-05 9.883169761358662447e-05 1.111553758398075746e-04 2.522264881352874878e-04 3.160752789122767093e-04 4.383227898923663544e-04 4.490603938282764548e-04 6.605008076837256279e-04 1.293360316804050350e-03 4.628541373220527739e-04 7.578187913750098490e-04 7.677775161235226957e-04 9.135615297173967000e-04 3.908492670318821998e-04
8.060102050670413265e-05 1.000000000000000021e-08 1.000000000000000021e-08 1.000000000000000021e-08 1.426065859125185755e-05 7.400757454054937090e-05 1.000000000000000021e-08 1.000000000000000021e-08 1.177413867482698419e-02 1.382520944843788555e-02 1.886023455906655696e-02 1.416080512209978368e-02 2.867657999687397524e-05 7.610552948248693896e-05 1.102016026571909401e-04 1.162005330828659008e-04 3.916754123148746998e-05 2.552007598619200857e-05 1.000000000000000021e-08 2.924516640245242386e-05 1.221319415557104366e-05 3.743914680503057348e-05 4.471704308431098625e-05 1.520995143047397145e-04 2.116040276880999432e-04 3.863191570438262250e-04 3.656540476644037614e-04 4.900961779716191905e-04 5.019521319560451113e-04 6.333659789666464543e-04 5.164991206518791287e-04 6.444178838409760947e-04 6.143232219127171042e-04 7.199135556933617449e-04 9.816783571285792476e-04 3.226425607588189826e-04 7.674166825211397973e-04
3.077614391585464115e-05 4.120927782926798538e-05 6.005709798492146425e-05 6.140542467258747292e-05 1.000000000000000021e-08 3.022874679008975124e-05 4.041853568882479924e-05 1.135865630154202888e-04 2.283179410532976822e-02 2.157649358419644683e-02 1.682964875253186235e-02 2.324113586306982937e-04 7.537862948777754595e-05 3.334995731335553581e-05 4.447275318452293958e-05 9.246252464284071039e-05 2.287827901805085829e-04 2.170668900841982120e-04 3.810203161392303889e-04 3.989201989946716885e-04 1.061642669562500155e-04 1.009129410174105856e-04 4.613128589764849564e-04 3.628196856201246494e-04 2.973250652384670572e-04 2.496812467995279954e-04 2.267479456055082729e-04 1.707488150364130605e-04 1.000000000000000021e-08 1.109339006734111036e-05 1.063103701843274500e-04 1.278194556457574972e-04 1.920082249650912557e-05 1.382263457788247702e-05 7.057877355053024252e-04 1.372927375023665682e-03 5.013976721664431622e-04
9.645808057610082197e-05 1.103482668777067908e-04 1.000000000000000021e-08 2.313861474257879303e-05 3.035705295231822082e-05 1.649477589735084764e-04 9.622944439122243371e-03 5.149270594957357922e-02 4.257778161079583956e-02 1.209991805336368617e-02 1.086987446084429872e-04 1.699741687670645147e-04 5.428600259734158719e-05 9.416664818421491268e-05 3.884086874497131339e-05 8.615138314896338492e-05 2.246026082637131763e-04 1.942508140221380856e-04 2.685503691644546567e-05 1.647253528895035676e-04 1.238520447152657573e-04 9.918416068498263100e-05 8.546543023641175964e-05 7.586030407562243782e-05 6.489640718703813935e-05 6.014502333494008065e-05 6.290495691411830356e-05 2.265222839124266807e-05 2.230925447035062020e-05 3.522948279558780777e-05 3.724382981118917269e-05 2.762794996529484640e-03 6.049104814127391830e-03 8.184631825973762848e-03 1.357489696674138088e-02 1.061182946005427910e-02 8.415336366587018377e-03
1.970515175281410908e-04 2.346715429175741960e-04 4.027726918954434711e-05 6.638950023813382055e-03 2.301008276024496535e-02 3.568332039952691603e-02 3.728268799874129985e-02 3.986666806494192083e-02 1.375250884163629580e-04 9.488870251018932038e-05 5.663348438898633055e-05 5.745903133852488080e-05 2.729800919290450295e-04 7.186698374403885326e-04 1.808376298215145389e-05 2.343272540729344794e-04 2.690763182535191702e-04 8.190921820765756833e-05 7.747892103575129415e-05 1.247141706602573007e-04 1.228868574767711221e-04 1.777361012187205055e-04 1.637716517812811020e-04 2.223677123877126839e-04 1.907757315255812283e-04 6.941324960275171031e-04 5.678539922265237079e-04 2.039811642073316705e-03 1.754295820304501742e-03 1.511524065001500911e-03 6.919920920658244714e-04 8.276686183301813077e-03 6.384818345269149646e-03 1.164274135680177027e-02 9.395254783052912895e-03 2.323466362380890993e-02 2.644201627879973204e-02
1.652871491036484591e-02 2.355623353632822770e-02 2.808079328041339362e-02 2.893989573578746935e-02 1.616759243010965769e-02 1.007834242671934097e-02 7.009328838765852346e-03 9.479669145249735012e-04 1.197637504730531390e-04 5.943606173979393270e-05 5.826456569608778180e-05 3.480956105944395864e-05 1.852763698610196386e-04 2.659653089059158264e-04 2.840217408649975753e-04 6.105096088598631809e-05 1.022950369325940635e-04 2.272110229525598868e-04 3.095999471399124808e-04 4.632214867193995274e-04 4.437513198379913109e-04 6.244828896712853071e-04 1.231914112335173901e-03 2.709317599587076318e-03 2.996916466628270822e-03 5.876226920980624248e-03 7.081045998003048479e-03 8.536566430644159861e-03 9.562992773896496559e-03 1.266863745359848165e-02 1.307136680880922538e-02 1.073612749985612680e-02 1.027341278562193469e-02 8.715411957902315793e-03 1.047515359128537230e-02 9.186577065774154810e-03 1.000517373842671823e-02
1.214942998537758313e-02 6.350245259926165682e-03 4.674374050198037804e-03 2.688758854280029822e-03 1.180065260252449906e-03 7.413179011875164473e-04 6.926673213007341744e-04 1.117362022654876238e-03 9.167550497040954135e-05 5.803940201256151636e-05 4.578731157062560306e-05 2.945440238421596013e-05 1.061213622681769596e-04 1.581597448339170655e-04 2.581943410571696428e-05 2.745424029648154345e-05 9.043915653453116568e-05 2.624735340685353737e-04 8.299437360422485047e-04 1.304938011858546541e-03 1.580825738182129467e-03 1.713148391064288865e-03 1.944276876887616329e-03 2.067585149178803247e-03 4.181862861812797941e-03 3.370020239844126377e-03 3.547230368110505794e-03 4.291909124217401124e-03 3.352134043674299090e-03 3.533978667098666357e-03 2.503277924138402021e-03 3.453000766276232043e-03 4.475105934842432687e-03 5.753261774353733010e-03 2.990626022348760564e-03 2.654401423728950174e-03 3.625767954263827038e-03
2.108433035308000499e-04 1.044712984723456309e-04 2.974413947582078732e-05 6.646223329790340421e-05 1.625750785126251201e-04 1.731339023875829082e-04 2.884803549940539308e-04 5.786179528951769556e-04 4.488886614284495974e-04 3.428698756688406746e-05 2.479015937556819610e-04 1.571270504129075878e-05 2.491261054001643312e-05 2.117854272396703787e-04 5.982024361817067908e-04 1.760473105295335414e-04 2.094351395881313401e-04 9.064341172798780991e-04 1.061251758897426923e-03 1.474696147804417960e-03 2.012949906614162204e-03 2.802948396522180960e-03 2.679489323331976387e-03 2.568116829308508646e-03 2.742078008563322150e-03 6.972574566357041389e-04 8.233785108952626627e-04 3.903877170005969305e-04 9.942515591810662835e-04 8.587101138783140557e-04 9.204121193095292797e-04 1.116558751672703598e-03 3.367611093363656279e-04 9.941510276858594401e-04 2.004525229393096589e-03 2.686416144695409364e-03 8.318136703097358392e-03
2.625798378717495015e-04 5.629516633748633532e-05 1.542548367249362354e-04 3.013880750496000880e-04 1.209177047532968020e-05 1.413134979899242612e-04 2.298205645056048232e-04 2.662074828409622209e-04 2.851290112293414182e-04 3.460290620556756108e-05 3.124819750872453550e-04 6.903560803879117019e-05 6.489148347956770035e-05 1.084989855008844069e-03 1.351233719500631461e-03 1.987314405283185925e-03 2.541883640025173474e-03 2.068850770275704447e-03 1.518278342181133764e-03 1.120173784498030905e-03 1.798854290210429648e-04 1.416572187642998364e-04 4.735128406665198384e-05 9.609520293030405147e-05 1.675005166868038619e-04 3.015105191705072085e-04 3.148817341931625202e-04 3.283190847165765665e-04 2.563734005300520027e-04 6.464346390532295893e-04 1.208138183480486107e-03 2.657614585879931358e-03 3.029277114540611729e-03 5.120176687629277891e-03 6.224956104822492939e-03 1.042747062801932176e-02 1.567106360404585050e-02
