output/water_depth_7200.asc
ncols 223
nrows 158
xllcorner 0.0
yllcorner 0.0
cellsize 30.0
[rows 34 to 50 of 158, columns 74 to 110 of 223]
1.506197979628744578e-03 7.570855231462952787e-04 8.205023560909953124e-04 7.436277119967135002e-04 8.155406800024078587e-05 6.788249248895427920e-05 9.442762666419480199e-05 2.980411887839543383e-05 5.040422057216514752e-05 1.000000000000000021e-08 1.000000000000000021e-08 1.733116951053787684e-05 1.000000000000000021e-08 1.000000000000000021e-08 1.000000000000000021e-08 1.000000000000000021e-08 1.000000000000000021e-08 1.000000000000000021e-08 1.000000000000000021e-08 1.809994922260484268e-05 1.000000000000000021e-08 1.000000000000000021e-08 1.000000000000000021e-08 1.000000000000000021e-08 1.000000000000000021e-08 1.000000000000000021e-08 1.000000000000000021e-08 1.000000000000000021e-08 1.000000000000000021e-08 1.000000000000000021e-08 1.000000000000000021e-08 1.000000000000000021e-08 1.000000000000000021e-08 1.000000000000000021e-08 1.000000000000000021e-08 1.000000000000000021e-08 1.000000000000000021e-08
1.462028931185978785e-03 1.163441570645993867e-03 1.172258325311092758e-03 1.033645806762280598e-03 2.201892602903818882e-04 3.774442564400633032e-04 6.958880289182827828e-04 8.952492774487075429e-04 3.576366792231210848e-03 2.318611753092719198e-03 2.471214160791768036e-04 1.559284821480065803e-04 1.204905967092119424e-04 6.074861688495604905e-04 3.901727644713896110e-04 2.845734081085131710e-04 1.000000000000000021e-08 1.000000000000000021e-08 9.320447459174201524e-05 1.000000000000000021e-08 1.000000000000000021e-08 1.000000000000000021e-08 1.000000000000000021e-08 1.000000000000000021e-08 1.000000000000000021e-08 1.000000000000000021e-08 1.000000000000000021e-08 1.000000000000000021e-08 1.000000000000000021e-08 1.000000000000000021e-08 1.000000000000000021e-08 1.000000000000000021e-08 1.000000000000000021e-08 1.000000000000000021e-08 1.000000000000000021e-08 1.000000000000000021e-08 2.386736173329019641e-05
8.305441501646644575e-04 1.531522733770565147e-03 2.111027562435896596e-03 2.510934890398670849e-03 2.717662337099803829e-03 2.824613841768440665e-03 2.027346950119779910e-03 2.065417684442821377e-03 1.505045930522629213e-03 3.140120950672707374e-03 3.873771744142081967e-03 4.231580755880265908e-03 4.335926973408721179e-03 4.559844305615136893e-03 4.718337273731842280e-03 4.844466232139096537e-03 3.375627483907728092e-03 2.392493028091820847e-03 1.725878656681519843e-03 1.259337695230624936e-03 8.466202979618626164e-04 5.779842735936289002e-04 3.641325564747878289e-04 2.297351758078704405e-04 1.000000000000000021e-08 1.000000000000000021e-08 1.000000000000000021e-08 1.000000000000000021e-08 1.000000000000000021e-08 1.000000000000000021e-08 1.000000000000000021e-08 1.000000000000000021e-08 1.000000000000000021e-08 1.000000000000000021e-08 1.000000000000000021e-08 1.662946853767482722e-05 1.000000000000000021e-08
6.310911686174100390e-04 7.397999115415433875e-04 5.792056913732358510e-04 7.624842511454734632e-04 5.933783158077744454e-04 3.927936147582601449e-04 1.000000000000000021e-08 1.000000000000000021e-08 1.000000000000000021e-08 1.000000000000000021e-08 1.000000000000000021e-08 1.000000000000000021e-08 1.000000000000000021e-08 1.000000000000000021e-08 1.008282808143194102e-05 1.482211935707900928e-05 2.835194252565629083e-03 3.851716481411161623e-03 4.406636760790934824e-03 4.734995201205595243e-03 4.971183591449281590e-03 4.942675081011097676e-03 3.455011474412987647e-03 2.201402904055953669e-03 1.419830325381439638e-03 8.807931033358409097e-04 6.161051026066613240e-05 1.840683117555011212e-05 2.998837347863275016e-05 1.000000000000000021e-08 1.000000000000000021e-08 1.000000000000000021e-08 1.000000000000000021e-08 1.000000000000000021e-08 1.010621221434295046e-05 1.711592895140056229e-05 1.744889612911568243e-05
1.000000000000000021e-08 1.000000000000000021e-08 7.750775222105310764e-05 6.631561983445151062e-05 1.000000000000000021e-08 1.000000000000000021e-08 1.000000000000000021e-08 1.000000000000000021e-08 1.000000000000000021e-08 1.000000000000000021e-08 1.000000000000000021e-08 1.000000000000000021e-08 1.000000000000000021e-08 1.000000000000000021e-08 1.000000000000000021e-08 1.000000000000000021e-08 1.046123806254474817e-05 2.547638038844610191e-05 2.225060070926996377e-05 2.853109241395468469e-05 2.180755650221484078e-05 6.490434630885075088e-04 3.047879295310244440e-03 4.171782588855987156e-03 4.506678052925230243e-03 3.580008224317199339e-03 1.963935487364470815e-03 1.446120635918726272e-03 9.910293759100618008e-04 6.181918291082771823e-04 3.296829409165811050e-05 1.000000000000000021e-08 3.063027420247321005e-05 6.766927440368583884e-04 5.505694490822156352e-04 3.146633236174151659e-03 2.015439604393078066e-03
1.000000000000000021e-08 1.000000000000000021e-08 5.570234661467644410e-05 1.000000000000000021e-08 1.000000000000000021e-08 1.000000000000000021e-08 1.000000000000000021e-08 1.000000000000000021e-08 1.000000000000000021e-08 1.000000000000000021e-08 1.000000000000000021e-08 1.000000000000000021e-08 1.000000000000000021e-08 1.000000000000000021e-08 1.000000000000000021e-08 1.000000000000000021e-08 1.000000000000000021e-08 1.246177653667040484e-05 2.972192202801120440e-05 4.422265131874815279e-05 8.787470977678851043e-05 7.521679994577149507e-05 7.800612319583699356e-05 8.313361092897328191e-05 6.420103033087682255e-04 3.108792742356470112e-03 3.835359538900102051e-03 4.014743447738802935e-03 4.116644246047852264e-03 4.118230313993108925e-03 4.078183872314010069e-03 3.997232161301429547e-03 4.441805523922980579e-03 4.583393597805121220e-03 4.882113975387571483e-03 3.457682934329601651e-03 4.506608367931230243e-03
1.000000000000000021e-08 1.000000000000000021e-08 1.000000000000000021e-08 1.000000000000000021e-08 1.000000000000000021e-08 1.000000000000000021e-08 1.000000000000000021e-08 1.000000000000000021e-08 1.000000000000000021e-08 1.000000000000000021e-08 1.000000000000000021e-08 1.000000000000000021e-08 1.000000000000000021e-08 1.000000000000000021e-08 1.000000000000000021e-08 1.000000000000000021e-08 1.000000000000000021e-08 1.000000000000000021e-08 1.095716580596822413e-05 3.971966287592003142e-05 4.143626335714618430e-05 1.000000000000000021e-08 2.043339129629153400e-05 2.967234895192329543e-05 4.188014952810878612e-05 5.321334434351272905e-05 6.523075798809860847e-04 8.548330567187757733e-04 1.108519948364642110e-03 1.337284062286358145e-03 1.611552805376500986e-03 1.797722119360426352e-03 1.135629110697367701e-03 7.506119302818305052e-04 5.119981572693356291e-04 3.091015906023913544e-05 1.000000000000000021e-08
1.000000000000000021e-08 1.000000000000000021e-08 1.000000000000000021e-08 1.000000000000000021e-08 1.000000000000000021e-08 1.000000000000000021e-08 1.000000000000000021e-08 5.317994674763283945e-05 1.000000000000000021e-08 1.000000000000000021e-08 1.000000000000000021e-08 1.000000000000000021e-08 1.000000000000000021e-08 1.000000000000000021e-08 1.523972107985531342e-05 1.000000000000000021e-08 1.000000000000000021e-08 1.000000000000000021e-08 1.000000000000000021e-08 1.000000000000000021e-08 1.414747612949936805e-05 3.067319387469178208e-05 2.614946313933838660e-05 2.405586397381652029e-05 1.000000000000000021e-08 1.000000000000000021e-08 1.000000000000000021e-08 1.072603470742212914e-05 1.000000000000000021e-08 1.000000000000000021e-08 1.000000000000000021e-08 1.980957394631663719e-05 1.000000000000000021e-08 1.000000000000000021e-08 1.000000000000000021e-08 1.000000000000000021e-08 1.000000000000000021e-08
1.000000000000000021e-08 1.000000000000000021e-08 1.000000000000000021e-08 1.000000000000000021e-08 1.000000000000000021e-08 1.000000000000000021e-08 1.000000000000000021e-08 1.000000000000000021e-08 1.000000000000000021e-08 1.000000000000000021e-08 1.000000000000000021e-08 1.274150049419122043e-05 1.797451408048859810e-05 1.000000000000000021e-08 1.365385304025368696e-05 1.000000000000000021e-08 1.000000000000000021e-08 1.000000000000000021e-08 1.000000000000000021e-08 1.000000000000000021e-08 1.000000000000000021e-08 3.036450051139358427e-05 1.000000000000000021e-08 1.000000000000000021e-08 1.000000000000000021e-08 1.000000000000000021e-08 1.000000000000000021e-08 1.000000000000000021e-08 1.000000000000000021e-08 1.000000000000000021e-08 1.000000000000000021e-08 1.523205719469106514e-05 1.000000000000000021e-08 1.000000000000000021e-08 2.077989630923473733e-05 1.000000000000000021e-08 1.000000000000000021e-08
1.000000000000000021e-08 1.000000000000000021e-08 1.000000000000000021e-08 1.000000000000000021e-08 1.000000000000000021e-08 1.000000000000000021e-08 1.000000000000000021e-08 1.000000000000000021e-08 1.000000000000000021e-08 1.000000000000000021e-08 1.000000000000000021e-08 1.132670644975339632e-05 1.213638859818803359e-05 1.000000000000000021e-08 1.379632104472175852e-05 2.130440253821853217e-05 2.503502420849050805e-05 1.000000000000000021e-08 1.000000000000000021e-08 1.000000000000000021e-08 1.000000000000000021e-08 3.001027322863193859e-05 1.000000000000000021e-08 1.000000000000000021e-08 1.000000000000000021e-08 1.000000000000000021e-08 1.000000000000000021e-08 1.000000000000000021e-08 1.000000000000000021e-08 1.593193017039322811e-05 1.460407136444817568e-05 1.360793282207764881e-05 1.564760372632420364e-05 2.070887442266571688e-05 2.352337203175780547e-05 1.960317807756508594e-05 1.000000000000000021e-08
1.000000000000000021e-08 1.000000000000000021e-08 1.000000000000000021e-08 1.000000000000000021e-08 1.000000000000000021e-08 1.000000000000000021e-08 1.000000000000000021e-08 1.000000000000000021e-08 1.000000000000000021e-08 1.000000000000000021e-08 1.000000000000000021e-08 1.000000000000000021e-08 1.000000000000000021e-08 1.269831427664083860e-05 1.400634752624550559e-05 1.600601180742491312e-05 1.623844708339301486e-05 1.567680610411110499e-05 1.000000000000000021e-08 1.273675219743830810e-05 2.405763474832009471e-05 3.197123567358354970e-05 3.051870815090156731e-05 1.000000000000000021e-08 1.000000000000000021e-08 1.000000000000000021e-08 1.000000000000000021e-08 1.000000000000000021e-08 1.000000000000000021e-08 1.880569878432460763e-05 1.000000000000000021e-08 1.000000000000000021e-08 1.000000000000000021e-08 1.035699528918207001e-05 1.439972766816832276e-05 1.000000000000000021e-08 1.000000000000000021e-08
3.751793548910433313e-05 3.496923532733575333e-05 1.000000000000000021e-08 1.000000000000000021e-08 1.000000000000000021e-08 1.000000000000000021e-08 1.000000000000000021e-08 1.000000000000000021e-08 3.848801039927813336e-05 1.000000000000000021e-08 1.275235987205505396e-05 1.000000000000000021e-08 1.000000000000000021e-08 1.000000000000000021e-08 1.059625227819256488e-05 1.133473161137164723e-05 1.196859812093886658e-05 1.068442640740473808e-05 1.428688986284377804e-05 1.376102506208068890e-05 2.572704852916947910e-05 2.792084038425477347e-05 2.027710889451770704e-04 1.000000000000000021e-08 1.000000000000000021e-08 1.000000000000000021e-08 1.000000000000000021e-08 1.295905502098826811e-05 1.787184745861785011e-05 1.980056631469696008e-05 1.000000000000000021e-08 1.000000000000000021e-08 1.000000000000000021e-08 1.000000000000000021e-08 1.000000000000000021e-08 1.000000000000000021e-08 1.000000000000000021e-08
2.553929059183793313e-05 2.204479742894887323e-05 1.409053688448118543e-05 1.000000000000000021e-08 1.000000000000000021e-08 1.000000000000000021e-08 1.000000000000000021e-08 1.000000000000000021e-08 2.483219274865818905e-05 3.727092427890306187e-05 1.000000000000000021e-08 1.000000000000000021e-08 1.000000000000000021e-08 1.000000000000000021e-08 1.000000000000000021e-08 1.060006251762033287e-05 1.202598639876309763e-05 1.288117893799821367e-05 1.000000000000000021e-08 1.000000000000000021e-08 4.444814743376404841e-05 1.544520626771733924e-04 2.232723594165945491e-04 1.000000000000000021e-08 1.000000000000000021e-08 1.000000000000000021e-08 1.572130658327298050e-05 1.341615894110154189e-05 1.127779989035554638e-05 1.314914756114964708e-05 1.628485113057617987e-05 1.435032172792917587e-05 1.408695449937099470e-05 1.393150918764986476e-05 1.817799539385436992e-05 1.869384715500150573e-05 1.742698046602465909e-05
1.566100304004583346e-05 3.604412321576368515e-05 5.407544980805039855e-05 4.711576440430700164e-05 5.452131627366349037e-05 1.000000000000000021e-08 1.000000000000000021e-08 1.000000000000000021e-08 1.000000000000000021e-08 1.913451113560464323e-05 3.124975713317389717e-05 4.655676855688689370e-05 6.819146165644560022e-05 1.222471659220200168e-04 1.393379390077481962e-04 1.737703704551967767e-04 1.517431119631354323e-04 1.166134323581801720e-04 9.150364930252362090e-05 8.155515017217428446e-05 7.974839836648709194e-05 1.620954471374549228e-04 1.324650981774293885e-04 1.090380612358431058e-04 7.634643579802459718e-05 5.682101271113724084e-05 4.201579551191291141e-05 3.291842477012090428e-05 2.912540432014140988e-05 2.940774004387205364e-05 4.973634762079020519e-05 7.364841353585938858e-05 1.121602690294499729e-04 1.292563717754115736e-04 1.712495153909171996e-04 3.632063997272771895e-04 2.840592564425245764e-04
1.435969023408454984e-05 1.916709651546852442e-05 3.054547939778553384e-05 4.860781558015635218e-05 3.589598935538077044e-05 1.000000000000000021e-08 1.000000000000000021e-08 1.000000000000000021e-08 1.000000000000000021e-08 1.000000000000000021e-08 2.640775086344873177e-05 4.200987542284719293e-05 7.427469678941190940e-05 6.929868394500120611e-05 5.790514283945157259e-05 7.872167716227709204e-05 1.508608630065238305e-04 2.168415386730442734e-04 3.065550310918344241e-04 3.201740159131962176e-04 3.463478135346964191e-04 2.812878852467228419e-04 3.057045472218395234e-04 2.601933939143938682e-04 2.025345540168481948e-04 1.698701724145185870e-04 1.760837933858480414e-04 1.758775351855726811e-04 1.791921949898212473e-04 2.224156020701592758e-04 2.666711640909072661e-04 2.967419473642770298e-04 3.572502812541742843e-04 3.740531349118731276e-04 5.010291557749154854e-04 3.479269974668816362e-04 5.622963523636145215e-04
1.041197290663941774e-05 1.000000000000000021e-08 1.000000000000000021e-08 1.000000000000000021e-08 1.000000000000000021e-08 1.207007165869090123e-05 1.000000000000000021e-08 1.000000000000000021e-08 1.000000000000000021e-08 1.000000000000000021e-08 1.000000000000000021e-08 1.000000000000000021e-08 1.839547308234653375e-05 1.708145440848329885e-05 1.400323796013954834e-05 1.010948973984567143e-05 4.137733309016826795e-05 5.987436938077495300e-05 4.145652302041028360e-05 4.330538197269023938e-05 6.048282689561963884e-05 1.000000000000000021e-08 4.088435340286942468e-05 1.963699319752029064e-04 2.914619952967265667e-04 3.282185682141390646e-04 2.945141291300034628e-04 2.362182720272781248e-04 1.866833476130942487e-04 1.326053382047462674e-04 8.590857134007760267e-05 1.000000000000000021e-08 1.000000000000000021e-08 1.000000000000000021e-08 1.000000000000000021e-08 1.000000000000000021e-08 1.000000000000000021e-08
1.405882657707544197e-05 1.000000000000000021e-08 1.000000000000000021e-08 1.000000000000000021e-08 1.000000000000000021e-08 1.000000000000000021e-08 1.000000000000000021e-08 1.000000000000000021e-08 1.303981729885145185e-05 2.766846061602020994e-05 2.919496734598832103e-05 2.920288401809235688e-05 2.170911931718626667e-05 1.000000000000000021e-08 1.000000000000000021e-08 2.740580288199997831e-05 2.774128596278833478e-05 4.038243433858959726e-05 9.068114206716516900e-05 8.158210136029814469e-05 9.706509829160710570e-05 8.211431392421361674e-05 6.531416852898608684e-05 5.156312287395605333e-05 7.036184500283052413e-05 5.685224778456207136e-05 1.000000000000000021e-08 1.295013722296979304e-05 2.008915452767122764e-05 2.521823475553687340e-05 3.033273898530533207e-05 2.470109572889760366e-05 3.624918805541605890e-05 1.000000000000000021e-08 1.866303023463761936e-05 1.000000000000000021e-08 1.000000000000000021e-08
