output/water_depth_3720.asc
ncols 223
nrows 158
xllcorner 0.0
yllcorner 0.0
cellsize 30.0
[rows 51 to 67 of 158, columns 148 to 184 of 223]
1.137859437154347054e-05 1.000000000000000021e-08 5.463631929524298585e-05 1.654197727918840430e-05 2.228800254738377276e-04 3.374294439250947612e-05 2.569533903831504524e-05 1.559149359140379656e-05 1.000000000000000021e-08 1.202957515473830384e-05 1.000127886678723460e-04 1.695431995200019735e-05 1.058178806265514542e-05 1.652524159797906823e-05 4.342752309827863766e-05 1.000000000000000021e-08 3.084867820134626533e-05 2.617688404782403546e-05 1.000000000000000021e-08 1.000000000000000021e-08 1.000000000000000021e-08 1.000000000000000021e-08 1.000000000000000021e-08 1.000000000000000021e-08 6.329393156084832286e-05 6.063585395266317679e-01 5.292357123107882533e-01 2.764920344792522362e-03 1.000000000000000021e-08 1.000000000000000021e-08 1.000000000000000021e-08 1.000000000000000021e-08 1.254477209171998926e-05 1.000000000000000021e-08 1.000000000000000021e-08 6.614685233432733027e-05 3.600266413610523730e-04
1.000000000000000021e-08 1.000000000000000021e-08 1.000000000000000021e-08 1.089117933271807642e-05 1.614411548459151037e-04 1.577739503453049621e-05 1.755026410661763816e-05 1.537477988688378046e-05 1.000000000000000021e-08 1.000000000000000021e-08 6.030774727481629627e-05 1.082112058944802249e-05 1.000000000000000021e-08 1.457046861521847929e-05 3.749706709201684849e-05 1.000000000000000021e-08 2.686107065723188539e-05 1.000000000000000021e-08 1.000000000000000021e-08 1.000000000000000021e-08 1.000000000000000021e-08 1.000000000000000021e-08 1.000000000000000021e-08 1.000000000000000021e-08 1.000000000000000021e-08 7.558233259095126786e-04 4.323072209321950909e-01 3.095289663695359739e-01 2.480450848199985125e-01 4.766328531566639136e-05 1.000000000000000021e-08 3.000677861741666593e-05 1.000000000000000021e-08 1.000000000000000021e-08 3.051015505524574018e-05 4.102244107206303521e-04 3.529693466020164170e-04
1.000000000000000021e-08 1.000000000000000021e-08 1.000000000000000021e-08 1.037007341215092660e-05 1.050558121520312984e-04 1.000000000000000021e-08 1.687021941124131806e-05 1.000000000000000021e-08 1.000000000000000021e-08 1.000000000000000021e-08 3.664864169058285726e-05 1.000000000000000021e-08 1.000000000000000021e-08 1.102768933663222260e-05 3.321792491224950859e-05 1.000000000000000021e-08 1.028545600810814124e-05 1.000000000000000021e-08 1.000000000000000021e-08 1.000000000000000021e-08 1.000000000000000021e-08 1.000000000000000021e-08 1.000000000000000021e-08 1.747535814649691697e-05 1.000000000000000021e-08 1.000000000000000021e-08 4.929598168357585456e-05 2.163252428634803992e-01 5.350772166197352853e-01 4.571618161040916783e-01 6.122524227551246140e-04 7.212147088746542311e-05 1.000000000000000021e-08 2.193424167727356144e-05 2.634626497290862670e-05 5.755419011997455094e-05 3.888938285155071960e-04
1.000000000000000021e-08 1.000000000000000021e-08 1.000000000000000021e-08 1.000000000000000021e-08 5.787938508614832528e-05 1.000000000000000021e-08 1.021051608763123047e-05 1.000000000000000021e-08 1.000000000000000021e-08 1.000000000000000021e-08 2.012387286903178098e-05 1.000000000000000021e-08 1.000000000000000021e-08 1.000000000000000021e-08 1.666487886598987000e-05 1.000000000000000021e-08 1.000000000000000021e-08 1.000000000000000021e-08 1.000000000000000021e-08 1.000000000000000021e-08 1.000000000000000021e-08 1.000000000000000021e-08 1.000000000000000021e-08 1.000000000000000021e-08 1.000000000000000021e-08 1.000000000000000021e-08 1.000000000000000021e-08 3.516762728724888177e-05 1.000000000000000021e-08 4.532974284282408339e-01 4.502407841811043032e-01 2.399689621126484924e-04 1.788223356051441693e-05 2.134771074157416009e-05 4.870870239994954591e-05 3.172321949969064133e-05 4.525654157758775682e-05
1.000000000000000021e-08 4.902695344587828044e-05 1.482067515719025154e-04 1.154436246355767448e-05 1.945538022912215005e-05 1.000000000000000021e-08 1.000000000000000021e-08 1.000000000000000021e-08 4.117844540941915021e-05 1.000000000000000021e-08 1.000000000000000021e-08 3.953589281400112225e-05 1.000000000000000021e-08 1.000000000000000021e-08 1.000000000000000021e-08 1.988615514055667405e-05 1.000000000000000021e-08 1.000000000000000021e-08 1.000000000000000021e-08 1.000000000000000021e-08 1.282275098630769504e-05 1.000000000000000021e-08 1.911621662457563617e-05 1.000000000000000021e-08 1.000000000000000021e-08 2.236286377711575214e-05 3.242027322242336900e-05 1.000000000000000021e-08 6.462761497903896904e-05 2.729297790387589032e-03 3.800454383582638762e-01 3.018216963689076019e-04 1.810413215553324947e-05 4.166412445105396748e-05 2.824429850733912629e-05 4.366474920692681129e-05 1.966913764377318749e-05
8.670005446034253311e-05 4.586892280895447005e-05 1.703420112648575666e-04 1.000000000000000021e-08 1.000000000000000021e-08 1.000000000000000021e-08 1.000000000000000021e-08 1.000000000000000021e-08 4.103897254027998032e-05 2.603708277468532473e-05 1.000000000000000021e-08 3.189971372258870074e-05 4.732885885953957023e-05 1.000000000000000021e-08 1.000000000000000021e-08 1.000000000000000021e-08 7.037319733335974787e-05 1.000000000000000021e-08 1.000000000000000021e-08 3.007695591111654329e-05 1.000000000000000021e-08 1.000000000000000021e-08 2.200834659698851613e-05 2.413968274710647424e-05 1.880546058329223276e-05 2.087543163997343415e-05 2.334370359215299460e-05 6.032314837701881324e-05 8.778173511694816790e-05 1.115531692403698948e-04 2.695111729362132391e-01 1.768619042843704858e-01 7.962177445381557342e-05 2.486104499325612468e-05 3.966825243364342643e-05 1.874618496331494798e-05 1.688917482327456049e-05
7.088797273990799213e-05 5.609865983482018221e-05 1.079394342836831366e-04 4.990996102574548666e-05 3.098586532630644792e-05 1.000000000000000021e-08 1.000000000000000021e-08 4.230433885435349196e-05 2.580299472515084930e-05 1.972664383813132498e-05 1.000000000000000021e-08 2.496708333409477886e-05 3.586042255889979594e-05 5.006916738006480968e-05 1.000000000000000021e-08 1.000000000000000021e-08 1.299292007717075806e-05 1.552820231751598587e-05 1.958644479777481659e-05 3.487829784866071375e-05 2.818023625304597366e-05 3.642077706303293162e-05 2.699499572452075251e-05 3.665785882577098906e-05 6.238641204216359491e-05 7.093408129422171596e-05 7.790772498059421892e-05 6.525592853584189531e-05 5.081427904094913857e-05 5.154180796383908973e-05 1.344013251538856979e-01 3.097077471583879471e-01 1.497610434369843068e-04 6.939948141636649223e-05 7.457830133273673384e-05 5.134144021515767701e-05 1.491705838729499850e-05
6.261220746200805206e-05 5.177168845930604649e-05 4.218963827903665843e-05 3.609190655960236129e-05 2.464928827057774472e-05 1.000000000000000021e-08 2.822551328804810737e-05 3.064127236692699280e-05 1.476316114302153299e-05 1.924762960710884680e-05 1.000000000000000021e-08 1.886495396038510996e-05 3.465778862841070029e-05 4.032153210937415013e-05 1.000000000000000021e-08 1.000000000000000021e-08 1.000000000000000021e-08 1.000000000000000021e-08 1.000000000000000021e-08 2.940616719265757897e-05 1.000000000000000021e-08 3.225709726423938687e-05 4.438616527896181350e-05 1.000000000000000021e-08 1.000000000000000021e-08 1.000000000000000021e-08 1.000000000000000021e-08 1.000000000000000021e-08 1.000000000000000021e-08 5.474088483870680910e-05 6.703530093418316738e-02 4.474261774545940651e-01 1.040043707005505833e-03 9.345498895218452471e-05 3.333137677924087377e-05 2.066206636940032493e-05 1.987382551575460525e-05
3.825614416792251477e-05 3.186488502261765614e-05 2.509403942675795079e-05 1.997312244024256601e-05 1.798952391310354058e-05 1.182002341291231391e-05 1.000000000000000021e-08 1.981122735107528339e-05 1.548100819738315755e-05 1.000000000000000021e-08 1.216159752156174416e-05 1.562869232010037431e-05 2.347642403737829346e-05 2.646224953908477774e-05 3.004761911602397314e-05 1.000000000000000021e-08 1.000000000000000021e-08 1.000000000000000021e-08 1.000000000000000021e-08 2.080879068621400375e-05 3.072859020484459313e-05 3.853700976691782514e-05 1.132394945728146322e-04 1.000000000000000021e-08 1.000000000000000021e-08 1.000000000000000021e-08 1.000000000000000021e-08 1.000000000000000021e-08 1.000000000000000021e-08 1.327771371002998231e-03 4.408424627428187970e-01 3.747166527904026712e-01 1.000000000000000021e-08 1.000000000000000021e-08 1.000000000000000021e-08 4.380506749452325389e-05 2.412084343256988244e-05
1.217749231180498754e-05 1.004205988714303489e-05 1.000000000000000021e-08 1.000000000000000021e-08 1.000000000000000021e-08 1.000000000000000021e-08 1.000000000000000021e-08 1.000000000000000021e-08 1.759413445076310221e-05 2.294212063100207279e-05 2.941802852411591217e-05 4.053066756466106117e-05 4.450614147084389354e-05 1.000000000000000021e-08 1.000000000000000021e-08 1.000000000000000021e-08 1.882586947245686569e-05 2.526480810212869467e-05 2.107080032434335056e-05 1.910489409569599437e-05 1.723720298748829315e-05 1.625403479247848948e-05 1.566416831358950065e-05 1.000000000000000021e-08 1.000000000000000021e-08 1.000000000000000021e-08 1.000000000000000021e-08 1.000000000000000021e-08 1.000000000000000021e-08 1.010474752695516079e-03 3.550283327315543747e-01 7.051725279780860867e-05 1.184294825334312898e-05 1.000000000000000021e-08 1.000000000000000021e-08 2.755649443297849549e-05 1.861547842105626107e-05
1.156341735413400756e-05 1.000000000000000021e-08 2.586149859333346156e-05 2.206302519262360709e-05 2.035513667183981440e-05 1.810617815957021881e-05 1.373990179238255236e-05 2.041639468124465908e-05 2.698187975521070231e-05 3.495393953929068265e-05 1.000000000000000021e-08 1.000000000000000021e-08 1.000000000000000021e-08 1.000000000000000021e-08 1.000000000000000021e-08 1.000000000000000021e-08 1.000000000000000021e-08 3.442144500105895913e-05 4.356435065778049349e-05 4.218349640634186685e-05 1.000000000000000021e-08 1.000000000000000021e-08 1.000000000000000021e-08 1.000000000000000021e-08 1.000000000000000021e-08 1.167737377811702073e-05 2.420552645649398876e-05 3.477782926542038658e-05 1.542591800769980113e-03 2.201550373018804352e-01 2.201694290877695415e-01 1.000000000000000021e-08 1.000000000000000021e-08 1.000000000000000021e-08 2.914679206082671832e-05 1.910543764498164325e-05 1.338543633379844817e-05
1.000000000000000021e-08 1.444727500453893075e-05 1.000000000000000021e-08 1.000000000000000021e-08 1.000000000000000021e-08 3.339785775415020423e-05 2.345562730368274496e-05 1.513759172859229899e-05 3.214749567469004331e-05 4.617607725975339739e-05 4.755281750998768500e-05 4.291954822815503210e-05 1.000000000000000021e-08 1.000000000000000021e-08 1.000000000000000021e-08 1.181755285263426993e-05 1.000000000000000021e-08 1.000000000000000021e-08 5.307495839487958496e-05 1.000000000000000021e-08 1.000000000000000021e-08 1.000000000000000021e-08 1.000000000000000021e-08 1.000000000000000021e-08 1.000000000000000021e-08 1.000000000000000021e-08 3.871819719003115378e-05 1.000000000000000021e-08 1.384720838000896848e-03 4.405217996777958667e-01 2.201967027795291854e-01 1.000000000000000021e-08 1.000000000000000021e-08 2.593546547377524830e-05 1.984609059166235508e-05 1.264592809676604535e-05 1.000000000000000021e-08
1.000000000000000021e-08 1.000000000000000021e-08 1.200964101999690103e-05 1.000000000000000021e-08 1.000000000000000021e-08 1.000000000000000021e-08 2.971127872964613860e-05 1.644040766538395191e-05 3.295950445974501407e-05 1.140486135734765485e-04 1.962965781587492210e-04 2.115722383790200414e-05 2.456315021672060521e-05 1.000000000000000021e-08 1.000000000000000021e-08 1.000000000000000021e-08 1.000000000000000021e-08 1.000000000000000021e-08 5.221626294674361210e-05 1.000000000000000021e-08 1.000000000000000021e-08 1.000000000000000021e-08 1.000000000000000021e-08 1.000000000000000021e-08 1.000000000000000021e-08 1.000000000000000021e-08 4.556777164640395258e-05 1.000000000000000021e-08 1.923008420436241300e-04 4.408036833951563538e-01 2.790631986734375998e-05 1.000000000000000021e-08 1.000000000000000021e-08 1.052653856105932401e-05 1.000000000000000021e-08 1.000000000000000021e-08 1.915667319582635875e-05
1.000000000000000021e-08 1.000000000000000021e-08 1.000000000000000021e-08 1.000000000000000021e-08 1.000000000000000021e-08 1.000000000000000021e-08 3.507746241235027568e-05 1.838509928678302660e-05 3.755253359247360737e-05 4.330853006521505463e-05 5.179370305780547890e-05 1.041899679507024345e-04 1.044450172189494993e-04 1.709319738684582412e-04 1.000000000000000021e-08 1.000000000000000021e-08 1.000000000000000021e-08 1.000000000000000021e-08 3.778280434773870162e-05 1.000000000000000021e-08 1.000000000000000021e-08 1.000000000000000021e-08 1.000000000000000021e-08 1.000000000000000021e-08 1.000000000000000021e-08 1.000000000000000021e-08 3.797342643994018071e-05 1.000000000000000021e-08 1.428067255976477631e-04 4.407680170050805590e-01 1.677902990882436577e-05 1.000000000000000021e-08 2.596278714628228772e-05 3.446986919760547700e-05 2.293693708224889659e-05 1.000000000000000021e-08 3.055446224973965800e-05
1.000000000000000021e-08 1.000000000000000021e-08 1.000000000000000021e-08 1.000000000000000021e-08 1.000000000000000021e-08 1.000000000000000021e-08 1.000000000000000021e-08 3.561909663856687840e-05 3.443380924166691614e-05 1.000000000000000021e-08 1.000000000000000021e-08 1.841665882370743305e-05 1.543054649847605824e-04 3.195767918118502630e-04 2.855984385595116489e-04 1.507822155249367586e-04 8.475249159190070868e-05 6.838694687033802875e-05 7.047575455493118363e-05 6.423219346653907163e-05 1.000000000000000021e-08 1.000000000000000021e-08 1.000000000000000021e-08 1.167465648564490359e-05 1.000000000000000021e-08 1.000000000000000021e-08 1.000000000000000021e-08 1.000000000000000021e-08 1.681473507724889102e-04 4.403151527252626152e-01 1.330259531332967022e-04 8.958655740634554655e-05 9.623789604622256556e-05 1.038001287874323539e-04 5.253206332780090035e-05 1.428060885211440666e-05 4.078579834599338190e-05
1.128883409548164235e-05 1.000000000000000021e-08 1.000000000000000021e-08 1.000000000000000021e-08 1.000000000000000021e-08 1.000000000000000021e-08 1.000000000000000021e-08 1.000000000000000021e-08 3.554279991974612320e-05 1.000000000000000021e-08 1.057368432974890110e-05 3.043984221895984076e-05 2.633683805359437896e-05 3.356134505413762610e-05 8.568016335340134155e-05 1.313098771380749678e-05 1.265144479325265285e-05 1.848197702569400651e-05 1.847792666710260958e-05 2.756173625438233321e-05 2.357322611766086322e-05 3.256089368686237398e-05 3.328356020322473718e-05 5.499912427383986900e-05 5.836600763279576590e-05 9.068430580163083148e-05 9.017876004985111635e-05 1.054285518756596998e-03 6.446239015901507052e-01 2.199820360540908903e-01 1.000000000000000021e-08 1.000000000000000021e-08 1.000000000000000021e-08 1.000000000000000021e-08 1.000000000000000021e-08 1.937794811940554430e-05 3.903778479751064803e-05
2.373142868180300045e-05 1.000000000000000021e-08 1.000000000000000021e-08 1.000000000000000021e-08 1.000000000000000021e-08 1.000000000000000021e-08 1.000000000000000021e-08 1.000000000000000021e-08 4.448997341645768939e-05 1.912479727663126582e-05 1.388312470984839229e-05 3.591233557638547741e-05 4.477318099721894846e-05 1.000000000000000021e-08 1.000000000000000021e-08 3.437774789038108121e-05 1.000000000000000021e-08 1.000000000000000021e-08 1.620498711052516117e-05 1.313046164229203321e-04 1.784959107687812455e-05 1.748210855309181486e-05 2.474519493991277479e-05 2.350274022139715383e-05 3.943891093913707392e-05 4.996404962024882579e-05 8.451914996160492352e-05 2.723690045324221338e-04 6.174543937074459254e-01 5.891428858179543759e-01 2.434353819440871326e-04 1.000000000000000021e-08 1.000000000000000021e-08 1.832322362656288570e-05 1.000000000000000021e-08 2.580930964375351870e-05 4.311260761988861819e-05
