output/water_depth_5760.asc
ncols 223
nrows 158
xllcorner 0.0
yllcorner 0.0
cellsize 30.0
[rows 68 to 84 of 158, columns 185 to 221 of 223]
1.000000000000000021e-08 3.491556302324822230e-05 3.276283007929041489e-05 1.000000000000000021e-08 1.000000000000000021e-08 1.000000000000000021e-08 1.000000000000000021e-08 5.463218128321793070e-05 1.000000000000000021e-08 6.431965050126810463e-05 1.000000000000000021e-08 1.000000000000000021e-08 1.995134817191424525e-04 3.559629972857906565e-04 2.511818907860454103e-04 1.828491929191298191e-04 3.479135567256841496e-04 6.768544833842020858e-04 4.341988221954103284e-03 7.548536424086713884e-04 8.510013325076770923e-04 1.000000100000000021e-05 1.000000100000000021e-05 1.000000100000000021e-05 1.000000100000000021e-05 1.000000100000000021e-05 1.000000100000000021e-05 1.000000100000000021e-05 1.000000100000000021e-05 1.000000100000000021e-05 1.000000100000000021e-05 1.000000100000000021e-05 1.000000100000000021e-05 1.000000100000000021e-05 1.000000100000000021e-05 1.000000100000000021e-05 1.000000100000000021e-05
1.000000000000000021e-08 1.000000000000000021e-08 2.865878924366566032e-05 1.000000000000000021e-08 1.687861862131327699e-05 2.237199406922988880e-05 1.000000000000000021e-08 1.000000000000000021e-08 1.000000000000000021e-08 1.000000000000000021e-08 1.024662295182495271e-05 1.434995276333118279e-05 2.369383141991646385e-04 8.536100688786968024e-03 6.628271339834401754e-04 3.255296282818748968e-04 1.000000000000000021e-08 1.000000000000000021e-08 4.451555080573839536e-04 8.003934806279659937e-05 1.151596908886507896e-03 1.000000100000000021e-05 1.000000100000000021e-05 1.000000100000000021e-05 1.000000100000000021e-05 1.000000100000000021e-05 1.000000100000000021e-05 1.000000100000000021e-05 1.000000100000000021e-05 1.000000100000000021e-05 1.000000100000000021e-05 1.000000100000000021e-05 1.000000100000000021e-05 1.000000100000000021e-05 1.000000100000000021e-05 1.000000100000000021e-05 1.000000100000000021e-05
1.000000000000000021e-08 1.000000000000000021e-08 1.000000000000000021e-08 1.136743199247197587e-05 2.822848156359891513e-05 1.000000000000000021e-08 1.000000000000000021e-08 1.000000000000000021e-08 1.000000000000000021e-08 1.000000000000000021e-08 5.856907389225092108e-05 3.354279787875540575e-04 2.133871816338263826e-04 1.488080275909632079e-04 8.831248721088532836e-05 4.092770784290138174e-05 1.000000000000000021e-08 1.000000000000000021e-08 2.036789854276352339e-05 4.032671490548964772e-04 1.404062805680812405e-03 1.000000100000000021e-05 1.000000100000000021e-05 1.000000100000000021e-05 1.000000100000000021e-05 1.000000100000000021e-05 1.000000100000000021e-05 1.000000100000000021e-05 1.000000100000000021e-05 1.000000100000000021e-05 1.000000100000000021e-05 1.000000100000000021e-05 1.000000100000000021e-05 1.000000100000000021e-05 1.000000100000000021e-05 1.000000100000000021e-05 1.000000100000000021e-05
1.000000000000000021e-08 1.000000000000000021e-08 1.000000000000000021e-08 1.000000000000000021e-08 1.000000000000000021e-08 1.446537276404021915e-05 1.000000000000000021e-08 1.000000000000000021e-08 1.000000000000000021e-08 1.000000000000000021e-08 1.098495937434766645e-04 6.610846393882989676e-04 2.477398706017390506e-04 9.755782127110598691e-05 5.796319751634994234e-05 1.032474369578816574e-04 1.628847159904131656e-05 1.787825743705365622e-05 2.483327483467073562e-05 1.767013714559773335e-04 1.016262511681464758e-03 8.263040588062923368e-04 1.000000100000000021e-05 1.000000100000000021e-05 1.000000100000000021e-05 1.000000100000000021e-05 1.000000100000000021e-05 1.000000100000000021e-05 1.000000100000000021e-05 1.000000100000000021e-05 1.000000100000000021e-05 1.000000100000000021e-05 1.000000100000000021e-05 1.000000100000000021e-05 1.000000100000000021e-05 1.000000100000000021e-05 1.000000100000000021e-05
1.000000000000000021e-08 1.000000000000000021e-08 1.000000000000000021e-08 1.000000000000000021e-08 1.000000000000000021e-08 1.000000000000000021e-08 1.000000000000000021e-08 1.000000000000000021e-08 1.000000000000000021e-08 1.000000000000000021e-08 1.231486134182427491e-04 2.724096641466875021e-04 1.869048418479559543e-04 3.074813840648828081e-05 4.584021338603560202e-05 1.099324872000962831e-04 7.702955310260910704e-05 5.110240733938546789e-05 2.177318918679738212e-05 9.646367672501703506e-05 1.332397546134273794e-03 6.627084904824313881e-04 1.000000000000000021e-08 1.000000100000000021e-05 1.000000100000000021e-05 1.000000100000000021e-05 1.000000100000000021e-05 1.000000100000000021e-05 1.000000100000000021e-05 1.000000100000000021e-05 1.000000100000000021e-05 1.000000100000000021e-05 1.000000100000000021e-05 1.000000100000000021e-05 1.000000100000000021e-05 1.000000100000000021e-05 1.000000100000000021e-05
1.202877770439734562e-03 1.000000000000000021e-08 1.000000000000000021e-08 1.000000000000000021e-08 1.000000000000000021e-08 1.000000000000000021e-08 1.000000000000000021e-08 1.000000000000000021e-08 9.965818572486273542e-05 3.339983510643222486e-05 1.421775893590429638e-04 3.755318504703202736e-04 1.922048868481354472e-04 5.340133310240020848e-05 3.288251653772393789e-05 1.011025122060032333e-04 1.200610932009096783e-04 9.629019698977085088e-05 2.436974924593197369e-04 4.354578395125879072e-04 1.782770597227843930e-03 5.952324855683631963e-04 8.622392344691881744e-05 7.716492515248239562e-05 1.000000100000000021e-05 1.000000100000000021e-05 1.000000100000000021e-05 1.000000100000000021e-05 1.000000100000000021e-05 1.000000100000000021e-05 1.000000100000000021e-05 1.000000100000000021e-05 1.000000100000000021e-05 1.000000100000000021e-05 1.000000100000000021e-05 1.000000100000000021e-05 1.000000100000000021e-05
1.954623993254212544e-01 1.000000000000000021e-08 1.051213628641857767e-05 1.000000000000000021e-08 1.235580370478772224e-05 1.000000000000000021e-08 1.000000000000000021e-08 1.984185930895144407e-05 7.282018449358282971e-05 1.000000000000000021e-08 1.029608568112397050e-04 4.677743763069233500e-04 9.050352617590810963e-04 5.920987459338133426e-05 2.808832868044437543e-05 9.356846652866527756e-05 2.079272142544162953e-04 8.736279025783137676e-05 1.986166689929377447e-04 3.625250127030719277e-04 2.820215885748326295e-03 8.496109067319236943e-04 4.647702627948081827e-05 1.893917302933470186e-05 1.000000100000000021e-05 1.000000100000000021e-05 1.000000100000000021e-05 1.000000100000000021e-05 1.000000100000000021e-05 1.000000100000000021e-05 1.000000100000000021e-05 1.000000100000000021e-05 1.000000100000000021e-05 1.000000100000000021e-05 1.000000100000000021e-05 1.000000100000000021e-05 1.000000100000000021e-05
1.474697606041177056e-01 1.500757840735686133e-01 1.962722776523283686e-04 1.506309319245794975e-05 1.229070158454505357e-05 1.592094822954615905e-05 1.000000000000000021e-08 1.000000000000000021e-08 1.000000000000000021e-08 1.000000000000000021e-08 2.325065167420621711e-04 6.973582398828268459e-04 5.681605759026135292e-04 6.355959503290229697e-05 2.541662518313365107e-05 1.049916259699929877e-04 3.132773236068458447e-04 1.392219235967970519e-04 1.401142585749981853e-04 2.504132753271320899e-02 2.639421441981925839e-02 2.093675202228247956e-04 1.870045751329080957e-05 1.900131637187004669e-05 1.000000100000000021e-05 1.000000100000000021e-05 1.000000100000000021e-05 1.000000100000000021e-05 1.000000100000000021e-05 1.000000100000000021e-05 1.000000100000000021e-05 1.000000100000000021e-05 1.000000100000000021e-05 1.000000100000000021e-05 1.000000100000000021e-05 1.000000100000000021e-05 1.000000100000000021e-05
1.781905882598712465e-01 1.756833594815585542e-01 2.801633783416324856e-04 1.297146810189865668e-05 1.990345572794489926e-05 1.000000000000000021e-08 1.000000000000000021e-08 1.000000000000000021e-08 1.000000000000000021e-08 1.000000000000000021e-08 2.184736970274807441e-04 6.587875334054944495e-04 5.039879075127970181e-04 6.783282908599667146e-05 2.807850218271091332e-05 1.000000000000000021e-08 3.242107871381011874e-04 1.254426805363628814e-04 1.900428967264887470e-02 2.295350958404274513e-02 2.544575987863204741e-02 9.336101421158116056e-05 1.425667039993799541e-04 1.477797490610468992e-05 2.656762403686821396e-03 4.933248970104890484e-05 1.000000100000000021e-05 1.000000100000000021e-05 1.000000100000000021e-05 1.000000100000000021e-05 1.000000100000000021e-05 1.000000100000000021e-05 1.000000100000000021e-05 1.000000100000000021e-05 1.000000100000000021e-05 1.000000100000000021e-05 1.000000100000000021e-05
3.009222188982113022e-01 9.088632893134512836e-02 1.814936274784481260e-04 1.768728365677807435e-05 1.248340884584757038e-05 1.000000000000000021e-08 1.000000000000000021e-08 1.955384784912137910e-05 4.438355035880799771e-05 8.261896489988381647e-05 1.926336521252746759e-04 9.185930344306069036e-04 4.409286586293934733e-04 8.792449857737059905e-05 1.150688337894099688e-04 8.564251086417992926e-04 4.110588849340718505e-03 4.810461797261209559e-03 7.157918636101200452e-03 1.812926532674246499e-02 4.428646643604612913e-04 4.410803819545527395e-03 3.152739694739180028e-04 2.300226732501335137e-04 1.868872969194612280e-05 1.830898265096904287e-05 1.000000100000000021e-05 1.000000100000000021e-05 1.000000100000000021e-05 1.000000100000000021e-05 1.000000100000000021e-05 1.000000100000000021e-05 1.000000100000000021e-05 1.000000100000000021e-05 1.000000100000000021e-05 1.000000100000000021e-05 1.000000100000000021e-05
2.456343556046599597e-01 1.874206281637994520e-01 8.330606798601271215e-04 2.451290775909059129e-05 1.060155597774057884e-05 1.683645216515321607e-05 5.655973079232344357e-05 1.040468868657371118e-04 1.771573002459805553e-04 2.709495426931115159e-04 4.761623006878576252e-03 1.246665782061436110e-03 2.187693105963119024e-03 2.914672775334809472e-03 5.189844096800791222e-03 2.706393060850646390e-02 6.848182187640881532e-03 4.270196861890318205e-03 1.009198216811243834e-05 1.000000000000000021e-08 1.000000000000000021e-08 1.000000000000000021e-08 1.090540081165656266e-05 1.000000000000000021e-08 1.000000000000000021e-08 1.234724316121517125e-05 1.000000100000000021e-05 1.000000100000000021e-05 1.000000100000000021e-05 1.000000100000000021e-05 1.000000100000000021e-05 1.000000100000000021e-05 1.000000100000000021e-05 1.000000100000000021e-05 1.000000100000000021e-05 1.000000100000000021e-05 1.000000100000000021e-05
2.735825545220622601e-01 6.744789128793171606e-01 3.900889267228275798e-03 3.106286722694265773e-05 2.068973938067637911e-05 4.165716224444637083e-05 1.179025428536745188e-05 3.223921381939509921e-05 1.765666092578628999e-05 8.221045378578873124e-05 4.742850266010656055e-04 3.677449363420291079e-02 4.163997666482976458e-03 4.447035491321423874e-03 5.031946473037996609e-03 4.361102491549270337e-05 4.366178011554321673e-05 1.173947547717069142e-05 1.000000000000000021e-08 2.318931821308875375e-05 1.358035321714755107e-05 1.000000000000000021e-08 1.000000000000000021e-08 1.000000000000000021e-08 1.000000000000000021e-08 1.000000000000000021e-08 1.000000100000000021e-05 1.000000100000000021e-05 1.000000100000000021e-05 1.000000100000000021e-05 1.000000100000000021e-05 1.000000100000000021e-05 1.000000100000000021e-05 1.000000100000000021e-05 1.000000100000000021e-05 1.000000100000000021e-05 1.000000100000000021e-05
1.821358778932830481e-03 5.969328028235537653e-01 4.830807771755265545e-01 1.966481866762723185e-03 2.738736899746285842e-05 6.206021609585206736e-05 1.782271091596605245e-05 1.000000000000000021e-08 1.000000000000000021e-08 1.173960269013377236e-05 3.784761230344913267e-04 3.142565949186902630e-02 3.290785398848890958e-02 4.092746218958482826e-03 1.099600600881683442e-03 1.000000000000000021e-08 1.000000000000000021e-08 1.000000000000000021e-08 1.555089482997623198e-05 1.000000000000000021e-08 1.000000000000000021e-08 1.000000000000000021e-08 1.000000000000000021e-08 1.000000000000000021e-08 1.000000000000000021e-08 1.000000000000000021e-08 1.000000100000000021e-05 1.000000100000000021e-05 1.000000100000000021e-05 1.000000100000000021e-05 1.000000100000000021e-05 1.000000100000000021e-05 1.000000100000000021e-05 1.000000100000000021e-05 1.000000100000000021e-05 1.000000100000000021e-05 1.000000100000000021e-05
1.000000000000000021e-08 3.206690482690007236e-05 4.902920811613664664e-01 2.470106409850545692e-01 1.604559657623001734e-01 8.990444198125190078e-02 1.000000000000000021e-08 1.187485014413933946e-05 1.216907805721235583e-05 1.000000000000000021e-08 2.561889368464416450e-04 1.287322721249204403e-02 2.734936955503313241e-02 7.084646939324632615e-04 2.159987141986041074e-04 2.180455367924963818e-05 1.304377370256464069e-05 1.000000000000000021e-08 1.000000000000000021e-08 1.000000000000000021e-08 1.000000000000000021e-08 1.000000000000000021e-08 1.000000000000000021e-08 1.000000000000000021e-08 1.000000000000000021e-08 1.000000000000000021e-08 1.000000100000000021e-05 1.000000100000000021e-05 1.000000100000000021e-05 1.000000100000000021e-05 1.000000100000000021e-05 1.000000100000000021e-05 1.000000100000000021e-05 1.000000100000000021e-05 1.000000100000000021e-05 1.000000100000000021e-05 1.000000100000000021e-05
1.000000000000000021e-08 1.000000000000000021e-08 1.000000000000000021e-08 2.503400587291789714e-01 6.282271911221000149e-01 6.011052696877268176e-01 5.125406151131502996e-01 9.153354199246703168e-03 7.675350946118491332e-04 4.622390862901919716e-03 5.431276782272629992e-03 8.645992526376709494e-03 7.648786260995206216e-04 6.169714666984420573e-03 1.000000000000000021e-08 1.000000000000000021e-08 1.000000000000000021e-08 1.000000000000000021e-08 1.000000000000000021e-08 1.000000000000000021e-08 1.000000000000000021e-08 1.000000000000000021e-08 1.000000000000000021e-08 1.000000000000000021e-08 1.000000000000000021e-08 1.000000000000000021e-08 1.000000100000000021e-05 1.000000100000000021e-05 1.000000100000000021e-05 1.000000100000000021e-05 1.000000100000000021e-05 1.000000100000000021e-05 1.000000100000000021e-05 1.000000100000000021e-05 1.000000100000000021e-05 1.000000100000000021e-05 1.000000100000000021e-05
1.000000000000000021e-08 1.000000000000000021e-08 1.000000000000000021e-08 3.239093200252022935e-04 1.333427248756968242e-03 3.418368864162294862e-03 2.926232516814044060e-01 1.491970713371879864e-01 7.997336461613546721e-02 6.401529845083597271e-03 5.524406380909589395e-03 5.451155081397728898e-03 1.000000000000000021e-08 1.000000000000000021e-08 1.000000000000000021e-08 1.000000000000000021e-08 1.000000000000000021e-08 1.000000000000000021e-08 1.000000000000000021e-08 1.000000000000000021e-08 5.519373953368164631e-05 3.765392458412734531e-05 1.979765155007232136e-05 1.000000000000000021e-08 1.000000000000000021e-08 1.000000000000000021e-08 1.000000100000000021e-05 1.000000100000000021e-05 1.000000100000000021e-05 1.000000100000000021e-05 1.000000100000000021e-05 1.000000100000000021e-05 1.000000100000000021e-05 1.000000100000000021e-05 1.000000100000000021e-05 1.000000100000000021e-05 1.000000100000000021e-05
3.771980418289239264e-05 2.982844138108679019e-05 2.550070055985746297e-05 1.000000000000000021e-08 1.000000000000000021e-08 1.000000000000000021e-08 2.942362441145747187e-01 4.395476007660087947e-01 4.267332536003787258e-01 1.296701739444506250e-02 4.804849392054427910e-03 3.071154395591439365e-03 1.000000000000000021e-08 2.444412498237575533e-05 2.437260312235021542e-05 1.000000000000000021e-08 1.880381682905759848e-05 1.000000000000000021e-08 1.000000000000000021e-08 6.745492319528731504e-05 3.794474774714157725e-05 4.416383247971880351e-05 2.685617884849191266e-05 1.000000000000000021e-08 1.000000000000000021e-08 7.130576434171713896e-05 6.925865318315270046e-05 1.000000100000000021e-05 1.000000100000000021e-05 1.000000100000000021e-05 1.000000100000000021e-05 1.000000100000000021e-05 1.000000100000000021e-05 1.000000100000000021e-05 1.000000100000000021e-05 1.000000100000000021e-05 1.000000100000000021e-05
