output/water_depth_7440.asc
ncols 223
nrows 158
xllcorner 0.0
yllcorner 0.0
cellsize 30.0
[rows 0 to 16 of 158, columns 111 to 147 of 223]
1.000000100000000021e-05 1.000000100000000021e-05 1.000000100000000021e-05 1.000000100000000021e-05 1.000000100000000021e-05 1.000000100000000021e-05 1.000000100000000021e-05 1.000000100000000021e-05 1.000000100000000021e-05 1.000000100000000021e-05 1.000000100000000021e-05 1.000000100000000021e-05 1.000000100000000021e-05 1.000000100000000021e-05 1.000000100000000021e-05 1.000000100000000021e-05 1.000000100000000021e-05 1.000000100000000021e-05 1.000000100000000021e-05 1.000000100000000021e-05 1.000000100000000021e-05 1.000000100000000021e-05 1.000000100000000021e-05 1.000000100000000021e-05 1.000000100000000021e-05 1.000000100000000021e-05 1.000000100000000021e-05 1.000000100000000021e-05 1.000000100000000021e-05 1.000000100000000021e-05 1.000000100000000021e-05 1.000000100000000021e-05 1.000000100000000021e-05 1.000000100000000021e-05 1.000000100000000021e-05 1.000000100000000021e-05 1.000000100000000021e-05
1.000000100000000021e-05 1.000000100000000021e-05 1.000000100000000021e-05 1.000000100000000021e-05 1.000000100000000021e-05 1.000000100000000021e-05 1.000000100000000021e-05 1.000000100000000021e-05 1.000000100000000021e-05 1.000000100000000021e-05 1.000000100000000021e-05 1.000000100000000021e-05 1.000000100000000021e-05 1.000000100000000021e-05 1.000000100000000021e-05 1.000000100000000021e-05 1.000000100000000021e-05 1.000000100000000021e-05 1.000000100000000021e-05 1.000000100000000021e-05 1.000000100000000021e-05 1.000000100000000021e-05 1.000000100000000021e-05 1.000000100000000021e-05 1.000000100000000021e-05 1.000000100000000021e-05 1.000000100000000021e-05 1.000000100000000021e-05 1.000000100000000021e-05 1.000000100000000021e-05 1.000000100000000021e-05 1.000000100000000021e-05 1.000000100000000021e-05 1.000000100000000021e-05 1.000000100000000021e-05 1.000000100000000021e-05 1.000000100000000021e-05
1.000000100000000021e-05 1.000000100000000021e-05 1.000000100000000021e-05 1.000000100000000021e-05 1.000000100000000021e-05 1.000000100000000021e-05 1.000000100000000021e-05 1.000000100000000021e-05 1.000000100000000021e-05 1.000000100000000021e-05 1.000000100000000021e-05 1.000000100000000021e-05 1.000000100000000021e-05 1.000000100000000021e-05 1.000000100000000021e-05 1.000000100000000021e-05 1.000000100000000021e-05 1.000000100000000021e-05 1.000000000000000021e-08 1.000000000000000021e-08 1.000000000000000021e-08 1.292811272712554050e-05 5.325110938911218825e-03 1.000000100000000021e-05 1.000000100000000021e-05 1.000000100000000021e-05 1.000000100000000021e-05 1.000000100000000021e-05 1.000000100000000021e-05 6.814414520402334210e-05 5.009401972453369101e-05 5.158359044847048901e-05 3.254108534081836829e-05 1.000000100000000021e-05 1.000000100000000021e-05 1.000000100000000021e-05 1.000000100000000021e-05
1.316936831891594615e-04 1.596101696206073800e-04 1.862431032282358268e-04 1.455287922343901437e-04 1.074512566007138742e-04 8.159953179381249338e-05 6.554173682350626304e-05 4.411528610846264612e-05 3.932174493181183153e-05 1.061200835198685593e-04 1.511159125019011402e-04 1.239562575972284232e-04 1.439358942044362559e-04 1.870319624271426118e-04 2.131140509956812356e-04 2.424951012303233199e-04 1.779574792005044631e-04 1.329605804712833729e-04 9.546580383316804607e-05 6.621836792716702695e-05 1.121718816964549080e-04 6.632275918502684477e-03 4.746580055154107219e-03 5.502504736095543102e-04 2.853406697573057432e-04 3.077334361935497886e-04 6.051307358797001541e-05 1.000000000000000021e-08 1.000000000000000021e-08 1.207614380984804579e-04 5.624454339326773200e-05 3.121077398611432966e-05 2.734385636485066730e-05 2.366975136119059089e-05 1.025133986526607643e-05 1.000000100000000021e-05 1.000000100000000021e-05
1.000000000000000021e-08 1.000000000000000021e-08 1.154904753828365371e-05 9.114248207046150060e-05 9.963941417051227079e-05 1.606027945130533078e-04 1.340605047934491205e-04 1.050410860025717492e-04 1.461999294257719550e-04 2.480914361745212857e-04 2.935634562893952052e-04 1.563845097661230841e-04 1.322774283227115078e-04 1.713203987438860606e-04 1.983813426765682975e-04 1.488222376538787329e-04 2.202396834352803230e-04 2.978876031005072409e-04 3.877407636883369859e-04 4.913833131830996469e-04 5.435659569902721606e-04 4.696487120810183095e-04 5.852416996168644577e-04 5.795353096670563748e-04 5.977306550917437476e-04 6.417334620062686542e-04 1.188818095650372565e-04 1.508429827596460316e-05 1.988375874232435321e-05 1.730674151921720672e-04 4.799280460372192333e-05 3.090082029086974735e-05 1.000000000000000021e-08 1.000000000000000021e-08 1.000000000000000021e-08 2.514312604103825265e-05 1.513636699328642298e-05
1.000000000000000021e-08 1.000000000000000021e-08 1.340431878427293613e-05 8.069565315657884332e-05 9.076000630298834205e-05 9.805479253032995735e-05 2.012210888090765920e-04 2.022399059493525369e-04 2.300031061915527842e-04 1.000000000000000021e-08 1.000000000000000021e-08 1.039663484594510187e-04 1.165765854865882919e-04 8.818707081346032135e-05 6.196275188839247682e-05 1.045595400069349875e-04 7.541967560862871127e-05 5.669095806651072272e-05 4.511537949657375070e-05 1.000000000000000021e-08 1.041087865046626536e-04 4.236420235298594917e-04 1.706153107952341043e-03 2.865332390150029853e-03 1.630073601244353028e-03 1.535447954235663473e-03 1.574092566298046459e-03 1.865502475242468753e-04 4.445478412684261216e-04 2.144626547832432801e-03 4.826793143071488208e-05 1.801278453676744272e-05 2.014754849284455956e-05 2.291746550003833096e-05 2.331796464183738031e-05 2.344855706447724922e-05 2.338197349798161359e-05
1.339107130902480883e-04 1.276101046327742124e-04 1.191878620472624399e-04 1.364295976051150020e-04 1.000000000000000021e-08 1.000000000000000021e-08 2.580450360604753186e-05 2.649664623131082575e-04 1.933208098240778855e-04 1.655783427924624582e-04 1.008555002034776464e-04 1.911660299955424732e-04 8.521498340017300791e-05 8.542028376862168383e-05 8.223806824912726406e-05 1.191801689169365845e-04 2.625946386320944948e-03 2.971754828181632168e-04 1.000000000000000021e-08 1.000000000000000021e-08 1.614306602527076277e-04 2.114818417406255473e-03 1.621974545384144949e-03 1.194625960661545696e-03 2.872316662437313095e-03 3.564562057919711847e-03 4.218755491643093672e-03 4.250080475327701508e-03 1.788708906180711336e-02 2.594095843205233322e-04 9.538279025368909540e-05 4.146984919482475527e-05 4.597289518948068202e-05 3.612028245194823684e-05 3.079888838822927892e-05 2.645623177217386676e-05 1.527336814981429145e-05
1.000000000000000021e-08 1.000000000000000021e-08 7.212966406421126696e-05 1.000000000000000021e-08 1.000000000000000021e-08 1.000000000000000021e-08 1.000000000000000021e-08 1.000000000000000021e-08 1.000000000000000021e-08 1.000000000000000021e-08 7.159324337663932085e-05 3.526570097694055892e-04 3.218660155893054249e-04 8.905554324423932151e-04 1.447978897129031158e-03 1.648083245497227204e-03 1.814062424975388180e-03 9.640163589181691486e-03 1.354878216411467854e-03 9.743132999765336108e-04 1.466127628027663957e-03 2.594481003985712846e-03 3.219349643270968107e-04 2.176499301533231143e-04 1.761725900254651922e-04 1.315662987121336489e-04 1.073713947753282034e-04 8.031068113368997280e-04 4.136966215938558435e-03 6.318390187722851921e-04 2.999058638690625157e-05 3.291025596244872073e-05 1.000000000000000021e-08 1.000000000000000021e-08 1.000000000000000021e-08 1.000000000000000021e-08 1.000000000000000021e-08
1.000000000000000021e-08 9.383461034918042691e-05 1.251635273447264472e-04 2.865485119041942942e-04 2.082682381767315711e-04 1.430807247901748098e-04 1.000000000000000021e-08 1.000000000000000021e-08 1.000000000000000021e-08 1.000000000000000021e-08 9.045816838958612794e-04 1.144193314306452989e-03 1.026788367823412837e-03 8.858416536279864299e-04 5.656464513011123102e-04 3.505979361372248853e-04 2.199578135840741968e-04 1.697749122119807076e-04 1.186602313040575158e-03 1.518594361560649539e-03 1.137297718076634183e-03 1.523641561544194015e-03 2.079317666417453516e-04 1.117226141198861413e-04 1.000000000000000021e-08 1.000000000000000021e-08 1.000000000000000021e-08 8.138130360424074576e-05 2.926372911826505795e-03 2.680036341963033635e-03 2.513405700586213834e-05 1.000000000000000021e-08 1.000000000000000021e-08 1.000000000000000021e-08 1.000000000000000021e-08 1.000000000000000021e-08 1.000000000000000021e-08
1.240093406770568347e-04 1.006960608089484794e-04 1.341834846251429799e-04 1.144237661794597193e-04 1.912728635088920567e-04 1.516023175711259205e-04 8.960964397182448959e-05 7.089671985042691376e-05 4.584652509932238268e-05 9.576360990335368957e-05 4.677778392949076547e-03 5.709896919164828130e-04 3.886074345831905209e-04 2.279185694951552121e-04 2.025575154135600495e-04 9.170155615841076957e-05 5.079613774916536559e-05 1.000000000000000021e-08 1.000000000000000021e-08 1.000000000000000021e-08 2.091679593209912346e-05 1.000000000000000021e-08 1.000000000000000021e-08 8.274347161599586670e-05 7.688370861046939025e-05 5.368224277522329037e-05 4.239519434447655690e-05 6.593587396449983502e-05 3.008420361420806842e-03 2.796871988646369017e-03 1.000000000000000021e-08 1.000000000000000021e-08 1.000000000000000021e-08 1.000000000000000021e-08 1.000000000000000021e-08 1.000000000000000021e-08 1.000000000000000021e-08
1.000000000000000021e-08 1.000000000000000021e-08 1.000000000000000021e-08 1.000000000000000021e-08 1.621253591923975021e-04 3.946994052884122972e-04 4.739051972057922745e-04 3.415462452003078381e-04 2.743055610090540690e-04 5.907653982627824934e-04 1.150707174629200368e-03 1.000000000000000021e-08 1.220944919626867683e-05 1.751942870411208223e-05 1.918508973082761994e-05 1.192754604304883123e-03 1.000000000000000021e-08 1.000000000000000021e-08 1.000000000000000021e-08 1.000000000000000021e-08 1.192488355148227102e-05 1.393102698838518418e-05 1.374705433705999356e-05 6.195956646962200414e-05 9.175799605536361884e-05 7.637571566416952737e-05 5.691106141653511758e-05 1.000000000000000021e-08 3.090429233193955905e-03 2.913574064087045071e-03 1.000000000000000021e-08 1.000000000000000021e-08 1.000000000000000021e-08 1.000000000000000021e-08 1.000000000000000021e-08 1.000000000000000021e-08 1.000000000000000021e-08
1.140003081501695178e-04 1.274862018441291441e-04 1.476766093375556327e-04 1.647327600102116462e-04 2.111552958230891220e-04 4.940249189151626292e-04 5.469415760901433698e-04 3.010909771191822297e-04 4.005024990110773141e-04 4.186810229103917489e-04 5.759887826005168771e-04 1.072447750096957610e-04 1.000000000000000021e-08 1.000000000000000021e-08 1.000000000000000021e-08 1.000000000000000021e-08 1.000000000000000021e-08 1.000000000000000021e-08 1.000000000000000021e-08 1.520640318500148127e-05 2.150487454411238318e-05 1.000000000000000021e-08 1.352564197443593540e-05 5.186241207615469891e-05 8.154261126353200522e-05 8.469955200535243508e-05 7.784872238741962153e-05 7.207715067557037664e-05 3.180825429896966955e-03 3.033291712492652142e-03 1.422374646400673716e-05 1.000000000000000021e-08 1.000000000000000021e-08 1.000000000000000021e-08 1.000000000000000021e-08 1.000000000000000021e-08 1.000000000000000021e-08
1.659358426336552642e-04 1.784590526321440927e-04 2.008999452320529909e-04 1.737548547898658193e-04 3.596826928688912246e-04 2.799965459664844453e-04 3.206067265434485859e-04 2.967344064428841183e-04 3.577903629566547231e-04 4.160369842351802809e-04 3.499241926872889144e-04 2.118212705462960361e-04 1.268204247932496571e-04 6.410339122170770495e-05 4.225513929839378450e-05 4.120614360147609282e-05 1.000000000000000021e-08 1.000000000000000021e-08 1.000000000000000021e-08 1.393746121366401515e-05 1.000000000000000021e-08 1.000000000000000021e-08 1.000000000000000021e-08 5.521560872913862134e-05 7.945297576485960242e-05 9.441433493512273525e-05 1.154647431067081030e-04 2.247152493665871185e-04 3.954955452695593267e-03 3.839618029355264684e-03 1.000000000000000021e-08 1.000000000000000021e-08 1.000000000000000021e-08 1.000000000000000021e-08 1.000000000000000021e-08 1.000000000000000021e-08 1.000000000000000021e-08
1.356587383300852294e-04 1.853876133974234771e-04 1.540914985960442792e-04 3.815425061477451495e-04 2.733234295052968462e-04 3.343580851074843597e-04 3.278657407868668452e-04 4.452211992594178156e-04 5.553029026827053074e-04 3.967549982720529420e-04 2.769879981299158190e-04 2.912496057509899932e-04 2.182959306976019361e-04 1.000000000000000021e-08 3.443235690684389404e-05 3.110338483273435411e-05 2.068619909426823049e-05 1.000000000000000021e-08 1.000000000000000021e-08 1.000000000000000021e-08 1.000000000000000021e-08 1.000000000000000021e-08 1.000000000000000021e-08 5.775460996603054152e-05 1.614970268557139278e-03 1.174347925460710761e-04 1.283107939820619513e-04 1.774762970201269787e-04 4.174722386513714939e-02 4.342168001817128808e-02 4.307901621904983158e-02 9.908658423971173745e-05 1.000000000000000021e-08 1.000000000000000021e-08 1.000000000000000021e-08 1.000000000000000021e-08 1.000000000000000021e-08
1.320592790939575706e-04 1.154609360645774085e-04 2.238367903059098967e-04 2.327362834706656308e-04 1.000000000000000021e-08 1.000000000000000021e-08 2.572331988365880791e-05 9.619411566757453869e-05 8.163682397417764130e-05 8.603700581290633887e-05 1.968396958317993018e-04 2.867920439126913691e-04 2.053292589342368098e-05 1.000000000000000021e-08 2.009396035388558976e-05 1.000000000000000021e-08 2.575385435191794245e-05 1.543362525027850934e-05 1.000000000000000021e-08 1.000000000000000021e-08 1.000000000000000021e-08 1.000000000000000021e-08 5.356016003623700444e-05 6.955601890407545822e-05 1.000000000000000021e-08 8.713245059866484487e-05 1.000000000000000021e-08 2.440128569474397406e-05 4.017107954663352160e-02 4.310344258031784809e-02 4.286203255465856343e-02 6.731669296337657992e-04 8.823835785219323569e-05 1.620457376635485488e-05 1.000000000000000021e-08 1.000000000000000021e-08 1.000000000000000021e-08
5.094197953842141626e-05 4.456868131520744849e-05 4.320042155073087955e-05 4.217961193252969018e-05 1.984423322064061303e-05 1.259012452258438897e-05 1.000000000000000021e-08 1.818897672451181256e-05 1.328900852086932573e-05 1.091316624459963148e-05 1.864379320727914977e-04 3.677294769700048494e-04 5.185360380022085817e-04 4.148818494731863738e-04 7.997330507554595768e-04 9.268408989970799679e-04 7.928988502183004911e-04 5.573511141736971729e-04 3.685827531414494901e-04 8.971403706816928256e-05 1.775775475125972351e-05 2.324773762504214476e-05 4.511922229713862946e-05 6.313001193312327243e-05 5.520801334815931963e-05 6.893942494038244088e-05 1.000000000000000021e-08 1.786576760022794366e-05 3.081003352780972010e-02 4.603396051747328478e-04 5.216681464841984488e-04 7.174695173242101468e-04 1.026638774601359256e-03 1.002655416311514858e-03 9.558761065282028518e-04 1.000567231597359729e-03 8.676581267106997595e-04
2.314636057368122882e-05 2.052904744874483635e-05 2.063900326100838643e-05 1.547625398685111830e-05 1.000000000000000021e-08 1.000000000000000021e-08 1.023412719735443613e-05 1.769663334045305117e-05 2.116672006466567988e-05 2.281890969412331442e-05 1.795180315685961374e-05 4.437367972386844199e-05 1.000000000000000021e-08 2.995719614878645815e-04 2.524220064330501409e-04 1.941526204244691856e-04 1.561611954985738838e-04 3.076309728082903374e-04 4.191639794315072634e-04 3.369067580539114614e-04 3.054259875049794375e-04 3.701861365713431383e-05 4.552364112904668702e-05 6.483850943060833893e-05 6.919848820354269361e-05 7.612267872826112202e-05 4.946546133462461042e-05 5.559643723483973649e-03 6.192565484686412235e-03 5.261061959423062381e-05 7.279506652891715125e-05 6.377705091844892375e-05 9.746900361835568092e-05 1.355454477990389629e-05 1.470768098955359467e-05 1.496593855390962754e-05 1.665305521087991964e-05
