output/water_depth_1920.asc
ncols 223
nrows 158
xllcorner 0.0
yllcorner 0.0
cellsize 30.0
[rows 51 to 67 of 158, columns 148 to 184 of 223]
4.742508142866370415e-04 6.449141955784673335e-05 2.076264101790325383e-04 4.513279890037872428e-04 1.205561371408913349e-03 2.147850939042979636e-04 2.419525115966455033e-04 1.646672943070201208e-04 4.513078624075696541e-05 5.480788839168289654e-05 8.173019196040252942e-04 1.016524554253627410e-04 1.443515921117719133e-04 1.352393006183646713e-04 3.342583183715185308e-04 2.574293841030545838e-04 2.400739730969108743e-04 7.176643256321199203e-05 3.960449147526177608e-05 1.638770934124909347e-05 1.000000000000000021e-08 4.180816506741994137e-05 2.240681749109460887e-04 3.751690312697440223e-04 8.476482639808951940e-04 3.524651539742638673e-01 3.075458323719744147e-01 2.746726498275032461e-03 1.255730308428556390e-04 9.369193682034451971e-05 1.764252353667689001e-04 1.293669165232367614e-04 2.366428245350043894e-04 2.520157569545991723e-04 1.793271380269128559e-04 6.611535316101455973e-04 2.149608458332262235e-03
1.341073340681628171e-04 4.689399049211146625e-05 9.338170574772121520e-05 3.172969894519449166e-04 6.325870969708629731e-04 1.420507764119826764e-04 1.408270928716694463e-04 1.143903065693986588e-04 2.009276248494100024e-05 2.783694576859020264e-05 1.458471119833450159e-04 7.398631150844697324e-05 8.682927010776188650e-05 1.326325807760490925e-04 1.984829806294128652e-04 1.037764777045276587e-04 1.373922745080087603e-04 3.473410824556754869e-05 2.195669959534517747e-05 1.000000000000000021e-08 1.000000000000000021e-08 9.895793497358186812e-05 1.816186679357235305e-04 7.483047916996202328e-04 4.330754499988557745e-04 4.407018517233640860e-04 2.505316234823529165e-01 1.712571420725304272e-01 1.187633641194215800e-01 3.863652228095185073e-04 2.134656263508119588e-04 4.037415969532109797e-04 4.828647012971940401e-04 3.670685927415118146e-04 7.393841306311400678e-04 9.188701292248888357e-04 2.181416502488817740e-03
8.812620841703013778e-05 3.266672803184004988e-05 6.594567575822928745e-05 3.592153447739513273e-04 3.842487854545245662e-04 6.931233009006743833e-05 1.408018270693335344e-04 1.058140561192076157e-04 1.000000000000000021e-08 2.289737879578414222e-05 7.562187546964694511e-05 3.953751784285266212e-05 9.757318462875628953e-05 8.004383670337861180e-05 1.663021611705334702e-04 3.570805638972786604e-05 8.024042956419124239e-05 1.149698435311007330e-05 1.000000000000000021e-08 1.000000000000000021e-08 1.000000000000000021e-08 9.746784194014755794e-05 3.614596565108461846e-04 7.284579189491312626e-04 1.919167068447392988e-04 2.285734565932172639e-04 2.648253024060827051e-04 1.069795979563227667e-01 2.620671480607174586e-01 2.026668193854946065e-01 6.094405250209626243e-04 6.295919643691275059e-04 5.694261999707532192e-04 1.108642470659395533e-03 8.595929909802268662e-04 1.747058904660075702e-03 1.495065799398439220e-03
9.063799296512500684e-05 3.528748991451451084e-05 7.397622657870764394e-05 2.670625859060478391e-04 1.480896395012233635e-04 4.252089470210976215e-05 8.553087716215947893e-05 7.146652909910690388e-05 1.000000000000000021e-08 1.429304581459290502e-05 4.410406292096295138e-05 2.927887704942518451e-05 7.106743584769525826e-05 7.218329065080897268e-05 7.862272261328383314e-05 3.253650510260727707e-05 4.129285555508329855e-05 1.000000000000000021e-08 1.000000000000000021e-08 1.000000000000000021e-08 6.914414411342194810e-05 2.433208053949775112e-04 2.724467777086242524e-04 5.507976140232272340e-04 1.326631064048194582e-04 6.518596174203942107e-05 9.606610891787685871e-05 1.160089117592465169e-04 4.431089435585256375e-04 1.895819455884629190e-01 1.763570692937319051e-01 1.513801900468625828e-03 1.366362358361972347e-03 9.874176487352976685e-04 1.769834763227951836e-03 1.170513277685493068e-03 1.814553526487937447e-03
6.424507445645806752e-05 2.036526710508095321e-04 5.455757007318584638e-04 2.377230366378647668e-04 4.878544514609256858e-05 1.072242597437567142e-05 7.598636886879874691e-05 6.914376849471228241e-05 1.529621432779221636e-04 1.351129670492855863e-05 2.206684526289768496e-05 1.770226299798274600e-04 6.561872597751854639e-05 4.711209076010322821e-05 2.630250150761232755e-05 7.378821989130307480e-05 1.000000000000000021e-08 1.000000000000000021e-08 3.643961423557088170e-05 5.060425033311327994e-05 2.939164759335560978e-04 1.958991701941159645e-04 4.649841424674544922e-04 5.568680706665587137e-05 5.916760818115854921e-05 1.882822627033383419e-04 2.398993792484282496e-04 2.088584499914486697e-04 4.072041909178187040e-04 1.872649179757020351e-03 1.859415459325789166e-01 3.640554675627100112e-03 1.150328853738859930e-03 1.905363631971742928e-03 1.219006409493014927e-03 1.755128161759670659e-03 8.633095758401898058e-04
3.385723735310572509e-04 1.850587576576671173e-04 6.858777560156710659e-04 5.307076969264149608e-05 1.000000000000000021e-08 1.805691022000621392e-05 4.364536410858213143e-05 3.724368670816147431e-05 1.568898645592039403e-04 9.873694266387615496e-05 1.359447958536606645e-05 1.522588148642410838e-04 2.293661714040466898e-04 4.438123647685487662e-05 2.708695606208079941e-05 3.707904539095828049e-05 4.946328342478150926e-04 6.298260621364989054e-05 6.754993010287758319e-05 2.520427862700817139e-04 1.410379036700725808e-04 2.074232760704566251e-04 3.021963809260878376e-04 4.486014470200081644e-04 3.280506941703493270e-04 4.057816780865184368e-04 2.980536782499979952e-04 4.554122911465209914e-04 9.502665248781026362e-04 7.762704183324431418e-04 1.081539772221733198e-01 4.818157270270937570e-02 2.135710982322314502e-03 1.316211633552539931e-03 1.892552584986997898e-03 9.825109447918790873e-04 1.088899188309186547e-03
2.915353184758890997e-04 2.349855364157778996e-04 4.803496788182580923e-04 2.200813892183780499e-04 1.416384053138197805e-04 1.000000000000000021e-08 3.373737004716752214e-05 1.605038156060491878e-04 9.788699846597715207e-05 7.851741178654245341e-05 1.000000000000000021e-08 1.256293642757699890e-04 1.811896110000900438e-04 2.516964258457952963e-04 3.542001768581430973e-05 1.278929599776365217e-05 3.955795409072549286e-05 1.372792502954511655e-04 3.147544014644678323e-04 3.630867466095269013e-04 5.466344400665467318e-04 4.786691074517432842e-04 5.533407622634755772e-04 4.935674817413954587e-04 1.306325859942940532e-03 9.999320170535801536e-04 8.082004680900619579e-04 4.820750475901438431e-04 2.833464330587481708e-04 2.427341003256620682e-04 5.205712168247034893e-02 9.255738789403337996e-02 1.831927985247266922e-03 3.014133464556869105e-03 2.547651243160954648e-03 2.588213302935063985e-03 1.453021003726906023e-03
2.550766392912127089e-04 2.285323335570710833e-04 1.958542012573780578e-04 1.598423462420818454e-04 1.071996014707197889e-04 1.000000000000000021e-08 2.480997957088995449e-05 1.192119924436668601e-04 5.807481475800027739e-05 7.905931545301179205e-05 1.000000000000000021e-08 8.586612619152658265e-05 1.468847935494607736e-04 1.794806793546456817e-04 1.677077535194562553e-05 1.000000000000000021e-08 1.000000000000000021e-08 1.000000000000000021e-08 1.512849161537164148e-05 1.513776628938397120e-04 1.694404881254134250e-05 3.796076017124092543e-05 4.624560461941993770e-04 1.107397270955009930e-04 3.131311472007103011e-04 2.595465656708692884e-04 3.352610774782578055e-04 1.623639056626282565e-04 1.613656447135729309e-04 5.317522417210317816e-04 2.507183768972216092e-02 1.670446903785278436e-01 8.613216282066092633e-03 5.409858447826490328e-03 3.103157563928419637e-03 1.501058647564580944e-03 7.013493351217306958e-04
1.470396241754784331e-04 1.321015452606396734e-04 1.189516922902353308e-04 9.994143085847586130e-05 8.358699301172971090e-05 5.531832928272427115e-05 1.000000000000000021e-08 7.573902045381071112e-05 5.842927099724973191e-05 3.768206640167387570e-05 4.844470989585903509e-05 5.982337904155484321e-05 8.387564561145303044e-05 1.063047456770793323e-04 1.230401417316780036e-04 1.000000000000000021e-08 1.000000000000000021e-08 1.000000000000000021e-08 1.000000000000000021e-08 8.956624055126169253e-05 1.395468032073460881e-04 1.629959338383321903e-04 7.559822543943776202e-04 3.680495212510749223e-04 2.377569341956365300e-04 4.148311192816432104e-04 2.576145568964864760e-04 3.622895090348738365e-04 1.755730893286340023e-04 8.616077015421748494e-04 1.218659862418661616e-01 1.054910638837414233e-01 6.363524530829677050e-05 6.279141274199072050e-05 4.419064211574156849e-05 1.899514986247154082e-04 1.187854876427432921e-04
4.586582354156415556e-05 4.069747685284098670e-05 3.361626865565753964e-05 2.826956223414970581e-05 2.356010850994650279e-05 1.000000000000000021e-08 2.022114218247096488e-05 4.071747129841061369e-05 6.537121953466387995e-05 9.063374310443959294e-05 1.133381063114994984e-04 1.471901205041423958e-04 1.631553574783645968e-04 1.000000000000000021e-08 1.133566956000648431e-05 1.443226568221622771e-05 1.616135781063116137e-04 1.526702912816464404e-04 9.537832987198189671e-05 7.418083465646813817e-05 6.630107932236036731e-05 5.901176353541711045e-05 5.603387527600674017e-05 6.946993480894524012e-05 4.551545900441649893e-04 3.035765629905701874e-04 5.001590413268762947e-04 2.920398175938120023e-04 4.157889325188875726e-04 1.273253594298579114e-03 1.444387471500690190e-01 6.512706946054936101e-05 4.445162348969816240e-05 2.903370470576903135e-05 1.566040104266176248e-05 1.188038805185464972e-04 7.053399700523913364e-05
1.818723276372338950e-05 1.000000000000000021e-08 1.210145478376112576e-04 1.062528485629213982e-04 8.831770950344720633e-05 7.463157503314060833e-05 5.591751495462447439e-05 7.553177300208960341e-05 1.016418919238998341e-04 1.464337332706553080e-04 1.724133855679426967e-05 3.247831996107548023e-05 1.000000000000000021e-08 1.000000000000000021e-08 1.000000000000000021e-08 2.194070952112758770e-05 2.678644073816291923e-05 2.827753722190569840e-04 2.901906959942288956e-04 2.552492195582278627e-04 2.669277187739283440e-05 1.099935012554862781e-05 1.000000000000000021e-08 1.000000000000000021e-08 5.258866968593033206e-05 5.348141622600738592e-04 7.819351773181874637e-04 1.271110146009979489e-03 1.234240399581619692e-03 5.623705795849782280e-02 5.694063364422868867e-02 2.501535805325111436e-05 1.501593088498127528e-05 1.444186775013951296e-05 1.228434245309836933e-04 7.621270128931272156e-05 5.422844716486807778e-05
2.159031848161516637e-05 1.090475447475167364e-04 2.882256148952131017e-05 1.000000000000000021e-08 1.058837484629447412e-05 1.371928838680733329e-04 9.393808806559110914e-05 5.581987495780157304e-05 1.304485380586416362e-04 1.972502629029196462e-04 2.340825947015391390e-04 8.938062775508721241e-05 1.000000000000000021e-08 1.000000000000000021e-08 1.000000000000000021e-08 2.813257363825463853e-05 1.000000000000000021e-08 3.011084573534677716e-05 3.742061191587006219e-04 6.473849281830400379e-05 3.173548816070927056e-05 3.851368239444645297e-05 1.379419735851488840e-05 1.000000000000000021e-08 2.621606657310509244e-05 8.306544110845114895e-05 3.997729291880319715e-04 2.813223189597307801e-04 3.354442784896905731e-04 1.097388305111981349e-01 5.498792290287535245e-02 1.806496363727905750e-05 1.518877213401537374e-05 1.060998281370601360e-04 8.037531986783960148e-05 4.839214868514802903e-05 3.591247581180357685e-05
1.692913398881465542e-05 2.310116271012002673e-05 2.446302092954475847e-05 1.706314433552697535e-05 1.305314457121688069e-05 1.721493923418752371e-05 1.201123416531837084e-04 6.077522331937444027e-05 1.368169781058540136e-04 5.049281934088009930e-04 8.936466724458285143e-04 3.353448535909932509e-04 3.909534314757579366e-04 1.325058320464242651e-04 1.185604740743454979e-04 4.096854946117175686e-05 3.755869925109641945e-05 7.885155768544322992e-05 2.150021815252351365e-04 1.008509162106318430e-04 1.231084119641435992e-04 5.761295947937023274e-05 6.689662328082730445e-05 3.059167952211794229e-05 5.504405976423495310e-05 5.155573605208831501e-05 1.832356139454860736e-04 1.915303063177276434e-04 4.360162743277071510e-04 1.104006375421568986e-01 3.482279782333530982e-05 1.546597231181631176e-05 1.000000000000000021e-08 4.466244344837466679e-05 3.998382586942818328e-05 2.802207985349609645e-05 7.313917955741860836e-05
3.270740672770525739e-05 1.766408747929435242e-05 2.750541842010819450e-05 1.275758714253416671e-05 2.041967695142303055e-05 1.445754744080059288e-05 1.505459116746303224e-04 7.417623109852625022e-05 1.462782871251966225e-04 1.670052763698713150e-04 1.941274316225870570e-04 6.608767399802063618e-04 6.812955432647198328e-04 1.046528973560066460e-03 1.679544098802753351e-04 1.669917285964997162e-04 7.138577657273231618e-05 7.060477469600004831e-05 1.126702405912668970e-04 1.759203056420518792e-04 1.094789062195075001e-04 1.572931332325865300e-04 8.231469157505088663e-05 2.260299402930218715e-04 1.039351103249416602e-04 1.469320389298914373e-04 1.786571525892347663e-04 3.150397092701092013e-04 6.469460031501677580e-04 1.128434156194654259e-01 2.431636077534828845e-05 1.000000000000000021e-08 1.005085682658335937e-04 1.404252449099619511e-04 9.399795273466694454e-05 4.005924388595904622e-05 1.122996849255822912e-04
2.388109123341656043e-05 3.308892206345409202e-05 1.823064229163567598e-05 2.507482184240692423e-05 1.494932045563006836e-05 2.368753365844126151e-05 2.243591587421951746e-05 1.564737150345708774e-04 1.388954939969441174e-04 1.000000000000000021e-08 2.446837610981212488e-05 1.134984962987881346e-04 9.831440455918848999e-04 1.827778772289167467e-03 1.245449669811352252e-03 1.035439015932869151e-03 1.359550517380585591e-03 1.028406414480949500e-03 1.155946140972060341e-03 9.050250354558843791e-04 7.656616492786071700e-04 3.285844693756221745e-04 3.784371524499672776e-04 3.550587394577597281e-04 3.533972918758862851e-04 1.806856266723836995e-04 1.852122270484638259e-04 1.867494849102354704e-04 1.165533346339209979e-03 1.167752399324133161e-01 4.689043902740747984e-04 3.195877755197289215e-04 3.724901629115885226e-04 4.447292792445716836e-04 2.333477286576297720e-04 5.633706469930234553e-05 1.506214662433451540e-04
1.062813018059712136e-04 2.399875148732778945e-05 3.403086616405613988e-05 2.458617454541958927e-05 2.248455160382295152e-05 2.636024440729365392e-05 1.451520188402621230e-05 2.074613355834123343e-05 1.364028006736428783e-04 1.956868153395239132e-05 5.288299536344072421e-05 1.443379134333582457e-04 1.258854846262028883e-04 1.663203407796681765e-04 5.612453974605878092e-04 5.798659090968705286e-04 9.876527374748631828e-04 1.870892307249605400e-03 2.244895769779232334e-03 2.600101100173220475e-03 2.305727740584258452e-03 2.904479718756864531e-03 5.014340919690182460e-03 6.233824431843247582e-03 4.534869210279923214e-03 4.993147433008618408e-03 3.721352623154695633e-03 4.091917763378906565e-03 3.074535299086220141e-01 5.950350754923373203e-02 1.033769106874663499e-04 7.762626673041667601e-05 3.891848102868010684e-05 3.332270085907233336e-05 2.362312179487846729e-05 7.146782235257102063e-05 1.408194856460926033e-04
1.679221828153191261e-04 4.102023016853362995e-05 1.931685781943683782e-05 1.973027926547062111e-05 7.020743786315874959e-05 1.741168562668895441e-05 2.485685441058178244e-05 1.473041543204509233e-05 1.676453861024126404e-04 8.300525843402551795e-05 5.982211116015299284e-05 1.731307735440123640e-04 2.222594655155189151e-04 2.573296532874177762e-05 5.468143689971592978e-05 2.762294186946441825e-04 5.524630309815071674e-05 8.401877035680125228e-05 2.136936445665429778e-04 2.087071867745695850e-03 2.798614061156832686e-03 4.976309715498609954e-03 3.769008188014713080e-03 2.880281688514117842e-03 5.705416952710676455e-03 8.786979153165451126e-03 1.556231338672727817e-02 2.249127913513527741e-02 2.980280192939928630e-01 2.838518759353739207e-01 2.182329012160024394e-04 1.753782545203622721e-05 1.633441060410615247e-05 8.126013075046280244e-05 4.729112184064834091e-05 1.014003694248916088e-04 1.705462090348726801e-04
