output/water_depth_9120.asc
ncols 223
nrows 158
xllcorner 0.0
yllcorner 0.0
cellsize 30.0
[rows 119 to 135 of 158, columns 185 to 221 of 223]
3.794427334891867638e-05 3.175207095267970256e-05 2.993445153850614839e-05 1.000000000000000021e-08 1.000000000000000021e-08 1.000000000000000021e-08 1.000000000000000021e-08 3.903577332909858786e-05 8.463010392233633137e-04 1.736178417187323464e-01 1.955302707705464382e-01 1.766027139808597768e-01 1.880222123683950863e-01 3.509540668702852435e-04 5.196520642033946805e-05 1.124906619974314467e-05 1.782820281955342168e-05 3.049716534922119205e-05 3.778939642795451644e-05 1.275042566068335510e-05 1.000000000000000021e-08 1.000000000000000021e-08 2.153242636681834650e-05 1.801041156630747486e-05 1.208931115686210404e-05 1.000000000000000021e-08 1.000000000000000021e-08 1.000000100000000021e-05 1.000000100000000021e-05 1.000000100000000021e-05 1.000000100000000021e-05 1.000000100000000021e-05 1.000000100000000021e-05 1.000000100000000021e-05 1.000000100000000021e-05 1.000000100000000021e-05 1.000000100000000021e-05
1.000000000000000021e-08 1.000000000000000021e-08 1.000000000000000021e-08 1.000000000000000021e-08 1.000000000000000021e-08 1.000000000000000021e-08 1.000000000000000021e-08 1.000000000000000021e-08 9.733062781645641991e-05 9.600072284092822650e-02 1.000000000000000021e-08 9.852829886997624409e-02 2.968581484020587041e-04 2.577821438690831705e-04 4.174566117386533271e-05 1.448870902308097221e-05 1.000000000000000021e-08 1.000000000000000021e-08 1.000000000000000021e-08 3.670856292897466952e-05 1.842168960761350453e-05 1.788921983677840393e-05 1.602082501497945839e-05 1.519525120905820340e-05 1.575542169428003426e-05 1.482351749913185475e-05 1.000000000000000021e-08 1.000000100000000021e-05 1.000000100000000021e-05 1.000000100000000021e-05 1.000000100000000021e-05 1.000000100000000021e-05 1.000000100000000021e-05 1.000000100000000021e-05 1.000000100000000021e-05 1.000000100000000021e-05 1.000000100000000021e-05
1.000000000000000021e-08 1.000000000000000021e-08 1.000000000000000021e-08 1.000000000000000021e-08 2.030964738791180764e-05 1.000000000000000021e-08 1.000000000000000021e-08 1.000000000000000021e-08 1.000000000000000021e-08 1.187344256721112740e-01 1.259036797021426957e-01 5.972319246383884367e-02 2.197389092755984777e-02 3.059465598948591823e-04 1.114710939164957864e-04 9.208136377388701844e-05 8.706410283735070092e-05 3.680016377421704767e-05 4.487554106670880452e-05 1.991338980673304886e-05 1.379098412870311590e-05 1.000000000000000021e-08 1.000000000000000021e-08 1.000000000000000021e-08 1.000000000000000021e-08 1.000000000000000021e-08 1.000000100000000021e-05 1.000000100000000021e-05 1.000000100000000021e-05 1.000000100000000021e-05 1.000000100000000021e-05 1.000000100000000021e-05 1.000000100000000021e-05 1.000000100000000021e-05 1.000000100000000021e-05 1.000000100000000021e-05 1.000000100000000021e-05
1.000000000000000021e-08 1.000000000000000021e-08 1.000000000000000021e-08 1.000000000000000021e-08 2.209376541523795922e-05 1.000000000000000021e-08 1.000000000000000021e-08 4.672788945873682966e-03 2.096984127850740343e-01 3.068504342360902637e-01 8.395486852260901356e-02 1.372357808704325610e-01 5.726071256582284177e-03 2.650913788073121918e-05 2.525459534899753721e-05 3.750128736498226588e-05 4.412420615277234286e-05 3.950593731875192034e-05 1.000000000000000021e-08 1.000000000000000021e-08 1.000000000000000021e-08 1.000000000000000021e-08 1.000000000000000021e-08 1.000000000000000021e-08 1.000000000000000021e-08 1.000000000000000021e-08 1.000000100000000021e-05 1.000000100000000021e-05 1.000000100000000021e-05 1.000000100000000021e-05 1.000000100000000021e-05 1.000000100000000021e-05 1.000000100000000021e-05 1.000000100000000021e-05 1.000000100000000021e-05 1.000000100000000021e-05 1.000000100000000021e-05
1.000000000000000021e-08 1.000000000000000021e-08 1.000000000000000021e-08 1.000000000000000021e-08 1.000000000000000021e-08 7.844440842535423120e-02 1.441325937770323307e-01 2.626702324808315447e-01 2.136589380293563434e-01 1.238451730230045924e-03 3.538525129919367846e-04 4.398054297573870475e-04 5.359899299018506380e-05 1.700163824573877337e-05 1.000000000000000021e-08 1.000000000000000021e-08 1.000000000000000021e-08 1.000000000000000021e-08 1.000000000000000021e-08 1.000000000000000021e-08 1.000000000000000021e-08 1.000000000000000021e-08 1.000000000000000021e-08 1.000000000000000021e-08 1.000000000000000021e-08 1.000000000000000021e-08 1.000000100000000021e-05 1.000000100000000021e-05 1.000000100000000021e-05 1.000000100000000021e-05 1.000000100000000021e-05 1.000000100000000021e-05 1.000000100000000021e-05 1.000000100000000021e-05 1.000000100000000021e-05 1.000000100000000021e-05 1.000000100000000021e-05
1.000000000000000021e-08 1.000000000000000021e-08 1.035950230606912147e-05 6.160079497272513910e-04 1.161405040002708167e-01 1.137495931509694830e-01 1.467421936048985132e-01 1.122884798471533458e-03 1.504023882176939520e-03 1.000000000000000021e-08 1.000000000000000021e-08 1.000000000000000021e-08 1.000000000000000021e-08 2.328226486896462641e-05 2.321696074586903974e-05 1.279483995785131288e-05 1.148797697315537228e-05 1.141391058098810115e-05 1.000000000000000021e-08 1.000000000000000021e-08 1.000000000000000021e-08 1.000000000000000021e-08 1.000000000000000021e-08 1.000000000000000021e-08 1.000000000000000021e-08 1.000000000000000021e-08 1.000000100000000021e-05 1.000000100000000021e-05 1.000000100000000021e-05 1.000000100000000021e-05 1.000000100000000021e-05 1.000000100000000021e-05 1.000000100000000021e-05 1.000000100000000021e-05 1.000000100000000021e-05 1.000000100000000021e-05 1.000000100000000021e-05
1.000000000000000021e-08 1.000000000000000021e-08 1.000000000000000021e-08 4.856762970834944048e-04 3.881729881130633886e-01 3.825572567855734518e-01 3.847475476256720307e-04 1.000000000000000021e-08 1.000000000000000021e-08 1.000000000000000021e-08 1.000000000000000021e-08 1.296270559190347674e-05 3.460207021919783129e-03 4.196126828273431288e-03 1.773651844948500751e-05 1.886385768168014209e-05 1.626680373710104018e-05 1.865187630005629645e-05 1.000000000000000021e-08 1.000000000000000021e-08 1.000000000000000021e-08 1.000000000000000021e-08 1.000000000000000021e-08 1.000000000000000021e-08 1.000000000000000021e-08 1.000000000000000021e-08 1.000000100000000021e-05 1.000000100000000021e-05 1.000000100000000021e-05 1.000000100000000021e-05 1.000000100000000021e-05 1.000000100000000021e-05 1.000000100000000021e-05 1.000000100000000021e-05 1.000000100000000021e-05 1.000000100000000021e-05 1.000000100000000021e-05
1.400796312648287383e-05 1.000000000000000021e-08 1.000000000000000021e-08 4.735601898806153943e-04 3.821554182943154299e-01 3.731809231205357458e-01 3.501883827698238955e-04 1.000000000000000021e-08 1.000000000000000021e-08 1.000000000000000021e-08 1.000000000000000021e-08 1.297617814279536316e-05 6.114861685672646997e-04 1.155295107662282264e-05 1.681871664550089435e-05 1.000000000000000021e-08 1.382556277518519993e-05 1.000000000000000021e-08 1.000000000000000021e-08 1.000000000000000021e-08 1.000000000000000021e-08 1.000000000000000021e-08 1.000000000000000021e-08 1.416332274130384067e-05 1.000000000000000021e-08 1.000000000000000021e-08 1.000000100000000021e-05 1.000000100000000021e-05 1.000000100000000021e-05 1.000000100000000021e-05 1.000000100000000021e-05 1.000000100000000021e-05 1.000000100000000021e-05 1.000000100000000021e-05 1.000000100000000021e-05 1.000000100000000021e-05 1.000000100000000021e-05
1.055463965540173850e-05 1.054982908512460335e-05 1.000000000000000021e-08 5.907976559523583638e-05 3.761852951694020786e-01 3.571901371350995058e-01 1.611203316983351964e-03 1.341321063668818611e-05 1.000000000000000021e-08 1.000000000000000021e-08 1.000000000000000021e-08 1.000000000000000021e-08 3.256440998776948068e-04 3.518228281960484238e-04 2.358766678693056048e-05 1.446086870585767103e-05 1.159345281675222454e-05 1.000000000000000021e-08 1.000000000000000021e-08 1.000000000000000021e-08 1.000000000000000021e-08 1.000000000000000021e-08 1.000000000000000021e-08 1.000000000000000021e-08 1.000000000000000021e-08 1.000000000000000021e-08 1.000000100000000021e-05 1.000000100000000021e-05 1.000000100000000021e-05 1.000000100000000021e-05 1.000000100000000021e-05 1.000000100000000021e-05 1.000000100000000021e-05 1.000000100000000021e-05 1.000000100000000021e-05 1.000000100000000021e-05 1.000000100000000021e-05
1.502736387060179480e-05 1.000000000000000021e-08 1.194075063108233864e-05 1.005724134504474238e-05 1.190110525864976863e-03 3.019962020622049548e-01 1.078502747270105233e-03 2.572658164478535222e-05 1.000000000000000021e-08 1.000000000000000021e-08 1.000000000000000021e-08 1.000000000000000021e-08 2.023800949083415723e-04 5.838028563771060749e-04 6.908930803295683690e-05 5.062840932230609504e-05 6.316668153651977698e-05 8.050744213162541252e-05 9.022439837067238269e-05 7.798073881794316694e-05 6.036807584801996479e-05 4.871555298550684244e-05 3.823523526109509234e-05 3.347405031644651682e-05 1.641365078033821500e-05 1.000000000000000021e-08 1.000000100000000021e-05 1.000000100000000021e-05 1.000000100000000021e-05 1.000000100000000021e-05 1.000000100000000021e-05 1.000000100000000021e-05 1.000000100000000021e-05 1.000000100000000021e-05 1.000000100000000021e-05 1.000000100000000021e-05 1.000000100000000021e-05
1.627510098257638538e-05 1.875239653636542563e-05 1.000000000000000021e-08 1.000000000000000021e-08 1.000000000000000021e-08 2.017607596533424474e-01 1.056511677055655962e-01 1.000000000000000021e-08 1.070073549304764623e-05 1.000000000000000021e-08 1.000000000000000021e-08 1.000000000000000021e-08 5.091173999560418212e-04 4.467199015144242454e-04 2.894111612743768261e-04 1.602528850660459210e-04 1.057102730941911304e-04 5.890643429894611160e-05 1.105454654336365470e-05 1.000000000000000021e-08 1.000000000000000021e-08 1.000000000000000021e-08 2.761840661561880891e-05 2.176773466640798035e-05 2.123123612047574861e-05 1.152721137272356911e-05 1.000000100000000021e-05 1.000000100000000021e-05 1.000000100000000021e-05 1.000000100000000021e-05 1.000000100000000021e-05 1.000000100000000021e-05 1.000000100000000021e-05 1.000000100000000021e-05 1.000000100000000021e-05 1.000000100000000021e-05 1.000000100000000021e-05
4.611442364101984667e-05 1.000000000000000021e-08 1.000000000000000021e-08 1.000000000000000021e-08 1.000000000000000021e-08 8.166677528116614293e-02 1.912017106803165500e-01 1.232768563342401561e-03 9.083283958239038675e-05 1.260895769692934600e-04 1.834460404707850129e-04 2.812976400599922718e-04 3.979437662028163574e-04 2.778190599152849773e-04 1.939781867525684590e-05 1.399988436454413823e-05 1.000000000000000021e-08 1.000000000000000021e-08 1.000000000000000021e-08 1.000000000000000021e-08 1.000000000000000021e-08 2.134433988971351948e-05 1.000000000000000021e-08 1.000000000000000021e-08 1.000000000000000021e-08 1.000000000000000021e-08 1.000000100000000021e-05 1.000000100000000021e-05 1.000000100000000021e-05 1.000000100000000021e-05 1.000000100000000021e-05 1.000000100000000021e-05 1.000000100000000021e-05 1.000000100000000021e-05 1.000000100000000021e-05 1.000000100000000021e-05 1.000000100000000021e-05
4.293561166249876894e-05 4.300719432789621246e-05 3.574089124056634641e-05 2.961944865389297676e-05 2.100301524844844778e-05 4.370885509929482021e-02 3.954253091498095007e-01 4.016988387424959561e-01 4.666399754790490203e-04 4.286031096105237851e-04 4.433710704782346519e-04 2.795482528745417417e-03 3.628248431484752267e-04 1.459847435988907856e-04 1.000000000000000021e-08 1.000000000000000021e-08 1.521153049184201230e-05 1.000000000000000021e-08 1.000000000000000021e-08 1.000000000000000021e-08 1.000000000000000021e-08 2.062525449112797302e-05 2.053141019185920552e-05 1.233185290570728033e-05 1.000000000000000021e-08 1.000000000000000021e-08 1.000000100000000021e-05 1.000000100000000021e-05 1.000000100000000021e-05 1.000000100000000021e-05 1.000000100000000021e-05 1.000000100000000021e-05 1.000000100000000021e-05 1.000000100000000021e-05 1.000000100000000021e-05 1.000000100000000021e-05 1.000000100000000021e-05
4.456546145225311544e-05 7.343658073466378738e-05 8.775662684721400610e-05 7.329697915702986833e-05 5.243432186097539199e-05 3.171367508319554440e-02 3.603041435019025407e-01 2.742930584247600364e-04 1.000000000000000021e-08 1.000000000000000021e-08 1.000000000000000021e-08 3.113219139270566836e-04 7.674393945764388519e-03 1.221695248926157700e-04 1.000000000000000021e-08 1.000000000000000021e-08 1.000000000000000021e-08 1.000000000000000021e-08 1.000000000000000021e-08 1.000000000000000021e-08 1.000000000000000021e-08 1.000000000000000021e-08 1.000000000000000021e-08 1.000000000000000021e-08 1.000000000000000021e-08 1.000000100000000021e-05 1.000000100000000021e-05 1.000000100000000021e-05 1.000000100000000021e-05 1.000000100000000021e-05 1.000000100000000021e-05 1.000000100000000021e-05 1.000000100000000021e-05 1.000000100000000021e-05 1.000000100000000021e-05 1.000000100000000021e-05 1.000000100000000021e-05
1.345094156891250209e-05 1.000000000000000021e-08 1.000000000000000021e-08 1.000000000000000021e-08 1.000000000000000021e-08 4.168338153265648272e-01 2.760923261300196607e-01 1.000000000000000021e-08 1.000000000000000021e-08 1.000000000000000021e-08 1.000000000000000021e-08 5.460978723243687175e-03 6.615905444624481380e-03 7.006650756262561806e-03 1.170944630863719062e-05 1.000000000000000021e-08 1.000000000000000021e-08 1.000000000000000021e-08 1.000000000000000021e-08 1.000000000000000021e-08 1.000000000000000021e-08 1.000000000000000021e-08 1.000000000000000021e-08 1.000000000000000021e-08 1.000000000000000021e-08 1.000000100000000021e-05 1.000000100000000021e-05 1.000000100000000021e-05 1.000000100000000021e-05 1.000000100000000021e-05 1.000000100000000021e-05 1.000000100000000021e-05 1.000000100000000021e-05 1.000000100000000021e-05 1.000000100000000021e-05 1.000000100000000021e-05 1.000000100000000021e-05
1.000000000000000021e-08 1.000000000000000021e-08 1.000000000000000021e-08 1.792726425436118754e-03 3.250312282307198930e-01 3.164037353160523702e-01 1.000000000000000021e-08 1.000000000000000021e-08 1.000000000000000021e-08 1.000000000000000021e-08 1.000000000000000021e-08 1.136873686954500929e-03 4.360277494155913314e-03 1.000000000000000021e-08 1.000000000000000021e-08 1.000000000000000021e-08 1.000000000000000021e-08 1.000000000000000021e-08 1.000000000000000021e-08 1.000000000000000021e-08 1.000000000000000021e-08 1.000000000000000021e-08 1.000000000000000021e-08 1.000000000000000021e-08 1.000000100000000021e-05 1.000000100000000021e-05 1.000000100000000021e-05 1.000000100000000021e-05 1.000000100000000021e-05 1.000000100000000021e-05 1.000000100000000021e-05 1.000000100000000021e-05 1.000000100000000021e-05 1.000000100000000021e-05 1.000000100000000021e-05 1.000000100000000021e-05 1.000000100000000021e-05
1.000000000000000021e-08 1.000000000000000021e-08 1.000000000000000021e-08 1.282080531512899343e-03 3.349300102013103575e-01 2.362504479315755081e-04 1.361071917622290951e-05 1.000000000000000021e-08 1.000000000000000021e-08 1.000000000000000021e-08 1.000000000000000021e-08 1.624028227843753863e-03 4.465595474960271029e-04 1.000000000000000021e-08 1.000000000000000021e-08 1.000000000000000021e-08 1.000000000000000021e-08 1.000000000000000021e-08 1.000000000000000021e-08 1.000000000000000021e-08 1.000000000000000021e-08 1.000000000000000021e-08 1.000000000000000021e-08 1.000000000000000021e-08 1.000000100000000021e-05 1.000000100000000021e-05 1.000000100000000021e-05 1.000000100000000021e-05 1.000000100000000021e-05 1.000000100000000021e-05 1.000000100000000021e-05 1.000000100000000021e-05 1.000000100000000021e-05 1.000000100000000021e-05 1.000000100000000021e-05 1.000000100000000021e-05 1.000000100000000021e-05
