output/water_depth_11280.asc
ncols 223
nrows 158
xllcorner 0.0
yllcorner 0.0
cellsize 30.0
[rows 68 to 84 of 158, columns 74 to 110 of 223]
1.395458861743024602e-05 1.996627913122825458e-05 1.472225555739371642e-04 1.000000000000000021e-08 1.000000000000000021e-08 1.000000000000000021e-08 1.000000000000000021e-08 1.000000000000000021e-08 1.000000000000000021e-08 1.000000000000000021e-08 1.000000000000000021e-08 2.040774510118578157e-04 2.378281136552390428e-04 2.992397343136521197e-04 8.048033412154619037e-04 1.168923131346967254e-03 2.988907404025699897e-04 9.489694105461644207e-05 7.699527732689653153e-05 7.966013935669986510e-05 5.393795247671316455e-04 7.902127682575751672e-04 1.099333585437408485e-03 9.410831980977929457e-04 9.934029774813306866e-04 5.634332486137993718e-04 7.961418927171822878e-04 6.449685814284328474e-04 6.961655158006861254e-04 7.443802338842968021e-04 1.144347366892042341e-03 1.210210404982470060e-03 8.134175582247116622e-04 5.281038840537680525e-04 6.501381375988035823e-05 1.942270348961338975e-05 1.000000000000000021e-08
3.029511728862260399e-04 2.785330883372823924e-04 1.876331145118874237e-04 1.426643545395926726e-04 1.043234636982010358e-04 8.344032182774967178e-05 6.865424568481824402e-05 5.066178739908027220e-05 4.116443821998701865e-05 3.035441896052360996e-05 2.594875297400031630e-05 1.174462111102828738e-04 1.666298837396464646e-04 3.140860684207110197e-05 9.148486080883704626e-05 2.158164438459561586e-04 1.561840183909849638e-04 2.091455410388042436e-04 8.659846283875005982e-05 1.385783632130916428e-04 1.767815894014634133e-04 2.091449305594497840e-04 1.392666184203999362e-04 1.785233633511346737e-04 1.220157681601941209e-04 2.830947135039861562e-04 4.344811697603151424e-04 4.705113507252095713e-04 3.151575561158542586e-04 3.290584757705304684e-04 4.575954971279481672e-04 5.287751399026907693e-04 8.265299135726295477e-04 9.013801236716230923e-04 2.938434792220075750e-04 2.597642679622874521e-04 7.814670395534093936e-05
3.369920446557970605e-04 2.321433092903145271e-04 3.114499931220337126e-04 2.566823636741464546e-04 2.351921656471429552e-04 2.089156478776379327e-04 2.512996803828655202e-04 2.827215331676868589e-04 4.224619758293314629e-04 3.007312684230534152e-04 2.094096349544844989e-04 1.530495908153672424e-04 1.562815663403627393e-04 1.848983281481344154e-05 1.262571137309597704e-04 1.036120620766625597e-04 2.167272412862946828e-04 2.897664520887581431e-04 2.603472124477529317e-04 4.912284854781472868e-04 8.274373443475668312e-04 7.388960986775254145e-04 9.810284838293824826e-04 8.281522942136119916e-04 8.759194207564305248e-04 7.113784018152314020e-04 6.589787206668225013e-04 1.050798519637442590e-03 1.926128257363729057e-04 2.451677501519384161e-04 1.867754147554909108e-04 2.752723928134832008e-04 3.758076646487772338e-04 8.972356313054180143e-04 1.259554288803238237e-03 1.156359117658505801e-03 1.515820584930886034e-03
3.627915021920328619e-04 3.206096254147796769e-05 1.000000000000000021e-08 1.669683030301295854e-04 2.724877219581154915e-04 4.094135547773756416e-04 4.777361575316855938e-04 4.987319797084686273e-04 2.864881507247063149e-04 3.208593808606219561e-04 3.690432935332047247e-05 2.152952777740931739e-04 2.019607776093213327e-04 3.228281937781695018e-04 2.360841363162861244e-04 1.954644977614207967e-04 2.868516638890442386e-04 4.196175297106307235e-04 1.685516653927358844e-03 1.189534486035751480e-03 7.974792994079316338e-04 6.090208649633113095e-04 3.436490109047510223e-04 2.104187653605282945e-04 4.447646651922506733e-04 2.984290005555596250e-04 4.714900088248530395e-04 7.658194663851806321e-04 2.366132181739756502e-04 1.886211051316672425e-04 2.367626096804370029e-04 1.937377916935999244e-04 2.773433287282926784e-04 3.817776110911851148e-04 1.090067240868127212e-03 7.608668574341409573e-04 9.397397056759249035e-04
2.351589851549252890e-04 2.220926660087892840e-04 1.646837407854150200e-04 2.419128254845481188e-04 2.645910630046395388e-04 2.150902806503163299e-04 1.618325181986131074e-04 1.402073751827651938e-04 2.126645054342529045e-04 2.412047721043270509e-04 4.514943082529133993e-05 2.415521667774666952e-04 2.555191243406286180e-04 2.134319516357085318e-04 2.011601744776141110e-04 2.655798521850834043e-04 4.084437997745741828e-04 4.152859767837860632e-04 2.790202465953764378e-04 1.588596015359679194e-04 9.525202869399486839e-05 4.728011153313225920e-05 1.813038985282081994e-04 1.838868388548839871e-04 3.230908747180701100e-04 3.270413240481718966e-04 3.497807025534857670e-04 1.563745561894829830e-04 1.184914724679489884e-04 2.034421514488939748e-04 7.088346550021144875e-05 1.318461294851597070e-04 1.212758879599056981e-04 2.007050450845975105e-04 1.941984581439314833e-04 7.784320998921155383e-04 4.404325025433850397e-04
2.303332999946890213e-04 2.633254841101972054e-04 2.510031151450311734e-05 3.445532503980848547e-05 1.000000000000000021e-08 1.000000000000000021e-08 1.000000000000000021e-08 6.100769049868106064e-05 1.534130940952726737e-04 2.235734664214544874e-04 2.560654082927679579e-04 2.247737317360085888e-04 1.520886763719696202e-04 8.038819665874688070e-05 1.388500468757349700e-04 9.272168211531127858e-05 1.216691326013560328e-04 1.317957424009801363e-04 1.278698408747524964e-04 2.052564696038970975e-04 1.829325239002973743e-04 1.404464046999806027e-04 1.639907499299469789e-04 1.750532551718494631e-04 3.692559501486115644e-05 5.309716607708927908e-05 9.896219939628366966e-05 5.654171967354729893e-04 1.759006443186594002e-04 1.430794743595913241e-04 2.663919392860534955e-04 1.986885662863944373e-04 2.382600529900810585e-04 1.839733507692345221e-04 8.425637514858354228e-04 8.271313290544615683e-04 6.560954664206787579e-04
1.000000000000000021e-08 2.269834039685531533e-04 3.877054488573861168e-04 3.802113643515886497e-04 3.044905181933590249e-04 2.247697109955538975e-04 1.591974032537729579e-04 1.000000000000000021e-08 1.552437417167343682e-04 2.615087713836638443e-04 3.581894076757810683e-04 2.771183024252381441e-04 1.788850351504565667e-04 1.438107950844545128e-04 1.206270025089451955e-04 1.087291431220265816e-04 5.147873726489161765e-05 2.907544535600213294e-05 3.029330949010443540e-05 4.604020450722625735e-05 1.467319395131585840e-04 1.538250144110017280e-04 1.775123682319520687e-04 2.227193578811355269e-04 4.208597329811274710e-05 7.083371991698570304e-05 5.001648006681617801e-05 4.490319087578185800e-04 8.406271822866803658e-04 1.494633134060940611e-04 1.312614269858459613e-04 9.701753736401276681e-05 9.441370966424091125e-05 7.220342343730320556e-05 6.032484353339994483e-04 1.228031352306535595e-03 4.155111193211909215e-04
1.000000000000000021e-08 1.000000000000000021e-08 1.000000000000000021e-08 1.000000000000000021e-08 1.605496330107080707e-04 1.954136922884862966e-04 1.859750850549105505e-04 1.394587419064095358e-04 8.422975021179739791e-05 5.313965848362109867e-05 4.786348159244176685e-05 1.394582220172342331e-04 1.611306167751342723e-04 1.293165300912978491e-04 1.213372457572514570e-04 1.027676646388400315e-04 9.137254304350011971e-05 6.128365311376362179e-05 5.254557254098716736e-05 3.985115903843943603e-05 2.632776930451505382e-05 8.894175017901711946e-05 1.393448227022742116e-04 2.413579651892904031e-04 3.922641727982449211e-04 4.199974622710705681e-04 5.656763862727747080e-04 5.057112245198100214e-04 4.053715150365911940e-04 5.202692592936300400e-04 1.400487994908664524e-04 1.697978428004751484e-04 1.133340383607063582e-04 5.577189467175407221e-05 5.279087044638406702e-04 9.012439295148196375e-04 6.899318307350758546e-04
1.000000000000000021e-08 1.000000000000000021e-08 1.000000000000000021e-08 1.000000000000000021e-08 1.000000000000000021e-08 1.000000000000000021e-08 1.284396408058148997e-04 1.395539589158105226e-04 1.000000000000000021e-08 2.953743297293744276e-05 2.418750288658991839e-05 7.202504593680092860e-05 1.000000000000000021e-08 1.000000000000000021e-08 6.314283349516848639e-05 8.436894988990673819e-05 8.456261540376018581e-05 7.856269107170184166e-05 7.451080957915282423e-05 1.000000000000000021e-08 2.268757128985598247e-05 5.289278033360862372e-05 8.921279116633577257e-05 7.375609955941152664e-05 1.000000000000000021e-08 4.139425328870550410e-05 2.748109150515813277e-05 3.039231874199137327e-04 5.834466221810645736e-05 6.491578996800333591e-05 9.035507933816403403e-05 8.606421134308311113e-05 7.147524315206086644e-04 9.473308158628458405e-04 1.220577334363150265e-03 1.785500504431094529e-03 8.013226466543217283e-03
3.159636549688866862e-05 3.157092045538686850e-05 2.663725740099393425e-05 1.000000000000000021e-08 1.000000000000000021e-08 1.000000000000000021e-08 1.000000000000000021e-08 1.000000000000000021e-08 1.000000000000000021e-08 1.000000000000000021e-08 1.494307076768283187e-05 1.000000000000000021e-08 1.000000000000000021e-08 1.000000000000000021e-08 3.817661723834324291e-05 5.991267852779644091e-05 7.756654865217413048e-05 1.000000000000000021e-08 1.000000000000000021e-08 1.000000000000000021e-08 1.608687188347053003e-05 3.683535139550347693e-05 6.940312203709286007e-05 4.772092520735300226e-05 3.687773898770818414e-05 2.351674929619098112e-05 1.000000000000000021e-08 2.296707001863709346e-05 2.437368443375563794e-05 6.254554476788280032e-05 2.147981860992917037e-05 1.581826421232727779e-04 1.408646128484183468e-04 1.056067205621811350e-04 8.406336397621022626e-05 7.735906772240570232e-05 9.562674940055181441e-04
1.442752219760489956e-05 3.045546589065740490e-05 1.000000000000000021e-08 1.000000000000000021e-08 1.000000000000000021e-08 1.000000000000000021e-08 1.000000000000000021e-08 1.000000000000000021e-08 1.154611384588816361e-05 1.000000000000000021e-08 1.048199601057957330e-05 1.519274595524504089e-05 1.874869414441440716e-05 2.236376793216408914e-05 3.027520063852410273e-05 5.241682845558565525e-05 1.000000000000000021e-08 1.000000000000000021e-08 1.000000000000000021e-08 1.000000000000000021e-08 1.001232155760199225e-05 2.364499453027273026e-05 4.353145112516934595e-05 5.007350496391196605e-05 4.462559377847465883e-05 4.111970187604604298e-05 1.000000000000000021e-08 1.000000000000000021e-08 2.029539924229663359e-05 6.186647282949962756e-05 1.065567028189626155e-04 3.781473892653871324e-04 2.478149703757439606e-04 1.456578797560604323e-05 1.826672854386911070e-05 1.377083901348470899e-05 9.194058818843178337e-04
1.000000000000000021e-08 1.000000000000000021e-08 1.000000000000000021e-08 1.000000000000000021e-08 1.000000000000000021e-08 1.000000000000000021e-08 1.000000000000000021e-08 1.000000000000000021e-08 1.000000000000000021e-08 1.000000000000000021e-08 1.000000000000000021e-08 1.000000000000000021e-08 2.620024275177680975e-05 1.000000000000000021e-08 1.000000000000000021e-08 3.700774289407316895e-05 3.435907524954211266e-05 3.575617045070694907e-05 4.077328475651066593e-05 3.502141856123953723e-05 1.000000000000000021e-08 1.000000000000000021e-08 2.815801199462228938e-05 4.322034181501738107e-05 1.000000000000000021e-08 3.271041632264031282e-05 1.000000000000000021e-08 1.000000000000000021e-08 1.566321686516076336e-05 2.386239303528243027e-05 2.405738963770403244e-05 9.377938102203090009e-05 4.577651474225855922e-05 4.405443267373532266e-05 1.336444545090402367e-05 2.204079919872914693e-05 2.642886779374350591e-05
1.000000000000000021e-08 1.000000000000000021e-08 1.000000000000000021e-08 1.000000000000000021e-08 1.000000000000000021e-08 1.000000000000000021e-08 1.000000000000000021e-08 1.000000000000000021e-08 1.000000000000000021e-08 1.106170900707395918e-05 1.272533734167929733e-05 1.000000000000000021e-08 1.000000000000000021e-08 1.000000000000000021e-08 1.000000000000000021e-08 1.000000000000000021e-08 2.575468312927504873e-05 3.709334197846777295e-05 7.529736168698933981e-05 7.981069456235445885e-05 1.000000000000000021e-08 1.000000000000000021e-08 1.000000000000000021e-08 3.244400247475587697e-05 2.909964367553380965e-05 3.545175548507884368e-05 3.552790282786726957e-05 3.324893985760799041e-05 6.450914826192175738e-05 5.036446887913531415e-05 4.902123703185175111e-05 7.498243834530151177e-05 7.264320074546487690e-05 8.648997941088208566e-05 1.000000000000000021e-08 1.000000000000000021e-08 1.851404789459714509e-05
1.000000000000000021e-08 1.000000000000000021e-08 1.000000000000000021e-08 1.000000000000000021e-08 1.000000000000000021e-08 1.000000000000000021e-08 1.000000000000000021e-08 1.000000000000000021e-08 1.000000000000000021e-08 1.000000000000000021e-08 1.000000000000000021e-08 1.000000000000000021e-08 1.000000000000000021e-08 1.855813612355711230e-05 2.719074751075688508e-05 1.000000000000000021e-08 2.359619729988316310e-05 3.282395264003514217e-05 2.554283560825628850e-05 5.011086687154135965e-05 4.285760260027934762e-05 1.000000000000000021e-08 1.000000000000000021e-08 3.092642271524434738e-05 1.000000000000000021e-08 2.920307333205682512e-05 3.601362162728540185e-05 4.814465781989360070e-05 3.957504562122191494e-05 5.877476492682721167e-05 6.660166455472392140e-05 5.294080593804941577e-05 1.000000000000000021e-08 5.575496514432849065e-04 6.672161656769586870e-04 3.917604260354023266e-04 4.214061947541302864e-04
1.000000000000000021e-08 1.000000000000000021e-08 1.000000000000000021e-08 1.000000000000000021e-08 1.000000000000000021e-08 1.000000000000000021e-08 1.000000000000000021e-08 1.000000000000000021e-08 1.000000000000000021e-08 1.000000000000000021e-08 1.093884086588994924e-05 1.326808324745157441e-05 1.937976032442707741e-05 1.807170616763559081e-05 2.689065647119019114e-05 2.293763300342437702e-05 1.000000000000000021e-08 1.000000000000000021e-08 1.000000000000000021e-08 1.000000000000000021e-08 2.910729861430239100e-05 2.969119861087159208e-05 2.895880269532029341e-05 4.822699122092973298e-05 6.460904696575682233e-05 6.625956458643382833e-05 7.702545767730838036e-05 8.568785788112602238e-05 8.323109249204084428e-05 8.564377324529381041e-05 1.000000000000000021e-08 3.374605059821708192e-05 2.465040911043201024e-05 4.740075486705733069e-05 3.095967409771295840e-05 2.419766156377707719e-04 2.761350129319397511e-04
1.000000000000000021e-08 1.000000000000000021e-08 1.000000000000000021e-08 1.000000000000000021e-08 1.000000000000000021e-08 1.000000000000000021e-08 1.000000000000000021e-08 1.000000000000000021e-08 1.180569770805717308e-05 1.462671869435600320e-05 2.140597838948839324e-05 2.032473148578258746e-05 1.911836036467989852e-05 1.847628628028129437e-05 2.021525107965983900e-05 1.000000000000000021e-08 1.000000000000000021e-08 1.000000000000000021e-08 1.000000000000000021e-08 1.000000000000000021e-08 1.000000000000000021e-08 1.000000000000000021e-08 1.000000000000000021e-08 1.000000000000000021e-08 1.000000000000000021e-08 4.180926228679854144e-05 9.303119124983084314e-05 9.551157482466894404e-05 1.048122922631818213e-04 1.730706231017569807e-04 1.582009039610410544e-04 1.317800804464882723e-04 1.162683151510325412e-04 9.275432952795570373e-05 9.090648417243180220e-05 1.737872071361638610e-04 1.342650436784472822e-04
1.000000000000000021e-08 1.000000000000000021e-08 1.000000000000000021e-08 1.000000000000000021e-08 1.000000000000000021e-08 1.000000000000000021e-08 1.000000000000000021e-08 1.000000000000000021e-08 1.000000000000000021e-08 1.000000000000000021e-08 1.000000000000000021e-08 1.000000000000000021e-08 1.000000000000000021e-08 1.100098387830237506e-05 1.291827036805036683e-05 1.000000000000000021e-08 1.000000000000000021e-08 1.000000000000000021e-08 1.000000000000000021e-08 1.000000000000000021e-08 1.000000000000000021e-08 1.000000000000000021e-08 1.000000000000000021e-08 1.000000000000000021e-08 1.000000000000000021e-08 2.664175428441532757e-05 3.172768372329120976e-05 8.449020527036118697e-05 1.664795273880909923e-04 1.535472874197364203e-04 2.415300253444995296e-04 2.339983987183038075e-04 1.609806458860846946e-05 1.000000000000000021e-08 1.281717816151633832e-05 1.325897703563397138e-04 1.322202754741839145e-04
