output/water_depth_5040.asc
ncols 223
nrows 158
xllcorner 0.0
yllcorner 0.0
cellsize 30.0
[rows 102 to 118 of 158, columns 111 to 147 of 223]
9.366711148568214592e-04 8.040038589619423384e-04 1.620348598616725821e-03 1.048162811171070470e-03 1.648239717605391470e-03 8.858895519283806587e-04 1.252728260826968358e-03 6.498517637313673285e-04 8.858401180515411335e-04 6.035307003653548122e-04 1.450772389686442749e-03 1.012823624493664268e-02 5.157438543953190083e-03 2.112761985517772750e-03 1.885923684908141556e-03 4.293756002557973933e-03 3.097559989462272262e-03 9.352803251184416827e-03 1.177497866470024121e-02 4.737896273290944510e-02 2.822961297159410493e-03 1.000000000000000021e-08 1.000000000000000021e-08 1.000000000000000021e-08 1.000000000000000021e-08 1.000000000000000021e-08 3.543116351139471141e-05 3.517750402752755181e-05 2.783914084708805377e-05 1.769982069255813333e-05 1.000000000000000021e-08 2.295625092115933713e-05 1.334675220157260739e-05 1.043892819426909613e-05 1.862291609760023325e-05 1.000000000000000021e-08 1.000000000000000021e-08
2.040184114593147913e-03 3.233793766140454894e-03 3.085881352673007071e-03 3.019237731829001181e-03 1.471181203905078810e-03 2.000295504592297657e-03 1.015248809724026390e-03 1.416961916210596542e-03 7.190660993938751593e-04 1.123370005937280453e-03 8.004860877569037331e-04 5.194742758107941463e-03 6.370335323228585797e-03 1.493224105466744306e-03 2.730544238071327089e-03 2.202919599290135109e-03 1.025539462784597414e-02 8.960516039911065739e-03 2.331757920849825486e-02 6.606929672523588482e-02 1.998713916116516900e-03 1.000000000000000021e-08 1.000000000000000021e-08 1.000000000000000021e-08 1.000000000000000021e-08 1.000000000000000021e-08 4.217422718968246505e-05 3.459377109917920439e-05 1.000000000000000021e-08 1.719412275313680609e-05 1.000000000000000021e-08 4.215493005585139481e-05 1.186938301876159045e-05 1.000000000000000021e-08 2.415182368320487714e-05 1.000000000000000021e-08 1.092070594218478030e-05
2.694153042181735881e-03 5.413339103016263573e-03 7.357638173332476522e-03 1.104283149614373148e-02 1.255500969392532237e-02 1.260797462151808795e-02 6.572581116664706624e-03 5.397117100109311352e-03 8.928132252094841612e-03 2.383397780869755782e-03 2.305161364743266855e-03 4.750038059237121982e-03 1.078355059574789658e-02 2.473944168672079572e-02 1.851381180174448485e-02 3.678531868414372519e-02 2.611715271757882040e-02 3.627675888129708315e-02 3.077539053646220768e-02 8.593350693645350480e-02 1.589665015255702172e-03 1.355304842053547684e-05 1.000000000000000021e-08 1.000000000000000021e-08 1.000000000000000021e-08 1.000000000000000021e-08 5.525660375426675642e-05 3.338099986118636128e-05 1.000000000000000021e-08 1.000000000000000021e-08 1.000000000000000021e-08 1.000000000000000021e-08 1.028117603645726377e-05 1.000000000000000021e-08 2.578114171669627260e-05 1.000000000000000021e-08 2.692022939455573227e-05
9.721243631117308876e-04 3.308290644160915336e-04 5.260548147559357618e-04 1.476259651414812014e-03 3.465649185551306424e-03 4.887760721766543776e-03 9.423707214266994689e-03 8.937401599049809089e-03 1.187489066049804941e-02 1.667357732756756528e-02 1.184480390601378580e-02 1.667552045355024173e-02 6.969408238773121267e-02 1.864727150752557017e-02 2.024027687825719415e-02 1.427350399387013538e-02 1.636232521520278663e-02 1.084669711543123638e-02 1.428603900118740472e-02 4.787309804752738762e-02 4.936974355350710192e-02 1.000000000000000021e-08 3.394717117400368781e-05 1.000000000000000021e-08 1.000000000000000021e-08 1.000000000000000021e-08 5.593117067917324531e-05 3.808287718516315527e-05 1.000000000000000021e-08 1.000000000000000021e-08 1.629277323664906271e-05 1.666900885841833150e-05 1.620600239007772620e-05 1.430005208581370499e-05 3.527321503930080481e-05 1.000000000000000021e-08 4.251766546924651405e-05
9.055060652449114025e-04 4.383565990597897729e-04 1.979748287104461440e-04 2.590325162076071190e-04 2.641699266172118049e-04 2.014657824662329302e-04 1.703427941905702990e-04 1.176870612316943568e-04 7.350618915305137354e-05 9.184946469093442135e-05 3.391157602721282718e-03 2.767470456448822488e-03 1.666876609343844557e-03 5.269214107547518997e-04 3.904639914265303552e-04 1.000000000000000021e-08 2.828365976185527163e-03 1.318765262863208802e-03 2.641688701895760806e-03 2.926813597436677544e-02 5.754624065004933231e-02 1.641391457858869252e-02 1.000000000000000021e-08 1.092193073280920750e-05 1.000000000000000021e-08 1.000000000000000021e-08 1.000000000000000021e-08 6.445496259862289830e-05 4.009030145037817275e-05 1.000000000000000021e-08 1.000000000000000021e-08 1.450478687123143898e-05 2.189280480889243511e-05 1.773831066985720890e-05 1.000000000000000021e-08 1.000084238683469617e-05 8.919535744013859285e-05
5.124049387198082069e-04 4.832016081718744035e-04 3.677762531825685488e-04 4.006327729060981139e-04 4.008313436081741791e-04 3.926209077317942362e-04 3.293134282737390870e-04 2.678554412390076280e-04 5.558609996592290192e-04 3.007668130662269758e-04 1.046243320069294071e-03 7.876582090112476536e-04 2.325759114744183498e-04 1.032019076222970657e-04 2.275778892620518735e-04 1.528039188136787736e-05 3.704587550867065359e-04 2.271212567570601078e-04 1.767781805624261265e-03 2.227467388321547129e-02 1.173194173221347447e-01 6.067296199231375642e-02 3.730043398656918184e-04 1.815290668444556599e-05 1.000000000000000021e-08 1.000000000000000021e-08 1.000000000000000021e-08 9.482256760930558035e-05 4.750117179532107676e-05 4.791408850812873914e-05 1.000000000000000021e-08 2.955360486755734706e-05 1.000000000000000021e-08 1.487055017837065895e-05 1.434024028471654705e-05 1.121359069494862693e-05 1.420988826649405756e-04
3.163922111656073684e-05 5.357366046055364887e-05 8.051072278490741907e-05 1.387694324475476733e-04 6.761131564596069852e-04 9.055698816843015799e-04 1.069274161260588699e-03 1.248612484360290880e-03 1.468727157449743531e-03 1.562235762595020477e-03 1.867682280129859046e-04 7.848105681622046101e-04 3.124099446641499475e-04 2.792549933915623077e-04 1.625079548552474634e-04 2.973493792229036509e-04 3.017338246935592576e-04 1.841638041964158319e-04 1.168090546741814466e-03 1.792768614008722478e-02 6.078263517265854871e-02 1.216270279110867186e-01 4.704257197619408915e-02 1.727237978543564819e-04 2.319529627306135230e-05 2.878712384223761639e-05 6.375177049507402673e-05 8.818678984197497197e-05 5.907530740028266397e-05 1.000000000000000021e-08 2.688645561663160783e-05 1.000000000000000021e-08 1.000000000000000021e-08 4.043282657571256789e-05 1.075113534491084053e-05 1.951485231775997221e-05 1.915457456665638648e-04
2.060314226884438910e-05 2.292596762437875993e-05 2.167065721405840367e-05 2.511320549146465949e-05 4.814033600525608088e-03 4.453820369768840239e-05 6.269413707918820345e-05 4.903639945958969008e-05 3.679103434887308322e-04 2.774244348974402906e-04 1.693484972339221058e-04 3.392456947044873586e-04 2.844630873158313132e-04 1.433564348608657802e-03 5.930810787505247329e-04 1.116364851354252098e-02 5.693810988652992910e-04 2.508668726979425365e-03 1.238240030418994407e-03 4.216730696619044698e-03 7.666034492525856860e-04 3.174726417444150017e-02 4.522882941691928893e-02 3.455042782159940123e-02 8.382665488413131906e-05 1.000000000000000021e-08 1.000000000000000021e-08 7.779251080660494391e-05 8.949717286529766539e-05 1.000000000000000021e-08 1.000000000000000021e-08 1.000000000000000021e-08 1.036278433754888704e-05 8.233584469046953793e-05 1.360984119962721748e-05 1.145185282103320041e-04 1.748394240854731570e-04
3.429122693950855435e-05 4.889630558752591999e-05 2.207364451416836748e-05 3.988356274052726994e-05 1.062264817986250125e-04 3.188412650145481403e-05 1.039671544420534412e-05 1.000000000000000021e-08 1.000000000000000021e-08 2.155609159043845850e-05 4.638030174870244062e-04 9.232518524499947485e-04 1.162643927471493366e-03 1.462356340334891721e-03 1.128011248044511741e-03 2.586846923463340369e-03 6.001064569448959739e-03 4.270852727868023474e-02 1.357244061430661931e-02 4.589092792317018762e-03 1.007909130970034532e-02 5.044936119295041765e-02 5.346834611732464992e-02 4.740745409283255579e-02 3.989557518277144638e-02 1.076827971071052902e-02 1.113305647491831529e-02 1.159900545278966624e-04 8.302242942517932720e-05 1.000000000000000021e-08 1.000000000000000021e-08 1.000000000000000021e-08 6.640725203971355206e-05 8.021156145488811038e-05 7.531645196651265916e-05 7.413114638963442214e-05 1.973305658628756636e-04
1.879766568091344962e-04 7.450341929960348935e-05 1.672008542617480084e-04 1.540636499060094939e-05 6.861309313237687205e-04 1.094077962346711103e-04 1.465000941536561004e-04 4.535434061856129673e-05 4.235529316576376472e-04 2.834339476438138246e-04 3.806536758398666579e-04 6.395841747985805655e-04 5.047251027873550467e-04 1.301450705516525846e-03 4.205111976071354042e-03 4.562862689196055255e-03 3.511441322297679125e-03 7.831998221870183421e-03 6.275104785221459480e-02 2.748170365168959434e-02 2.679864744867470686e-02 7.645115122415975517e-02 2.478026848679219241e-01 2.763610064010920131e-01 1.428819713273201120e-01 7.392873017569995264e-02 7.940324134111748089e-02 1.145355611200894828e-03 5.864423392059750831e-05 3.986496505213302417e-05 3.378097238920436566e-05 3.370208208692870898e-05 1.327444799511105430e-03 1.654698256436626890e-04 1.000000000000000021e-08 4.577437761839832142e-05 2.056816679028639137e-04
6.143935180964156745e-04 4.703299392033505246e-04 2.318585337597604996e-03 1.000000000000000021e-08 3.960418945334742832e-04 2.301842463778823466e-04 1.669310962675272527e-04 7.933531274504307482e-04 1.383600266677059796e-03 1.318617065882491312e-03 2.210456545415674830e-03 7.499851473244355249e-04 2.193110294475580490e-03 1.734061879119173357e-03 1.269241849406164274e-03 8.188426821238271132e-04 1.030330064081104934e-04 1.068813542420758364e-02 8.668622220290947769e-03 7.022492882532613799e-03 1.367388627360244680e-03 8.047752311645596512e-02 1.114556143992390114e-01 2.530470741877910434e-01 2.888035732130369571e-01 3.226050834280322355e-01 8.780303343223566648e-01 8.722622202771362909e-01 3.973966613711016685e-03 5.519201406607750346e-04 4.546267565647501055e-04 2.959391947819295520e-05 1.396622588009690802e-01 1.406650640600621005e-01 2.525013896532747344e-03 1.000000000000000021e-08 1.620504394828470687e-04
6.635407113491456101e-04 8.426232052314779975e-04 2.604719513513098928e-03 3.256293785726854161e-05 1.000000000000000021e-08 1.000000000000000021e-08 1.024812222925413554e-05 7.156982685370000274e-05 9.051230247435104368e-05 1.997991569935118807e-03 1.451280185590357640e-03 2.624738513862451880e-04 1.204656688188783514e-04 2.400109709018814622e-04 4.678522654817590323e-05 2.716547217927793795e-04 3.899111820086928948e-04 9.295045013686328156e-03 8.118974863505414030e-03 7.443968620332237426e-03 1.212017137817647666e-01 1.566036312976303579e-01 1.414324875380330859e-01 1.026757352373551535e-01 2.521281335770417797e-01 3.156355564294185956e-01 8.596521124185699803e-01 8.476073892270311605e-01 8.120610204191250903e-01 7.832676654182515463e-01 7.917916287289888944e-01 3.959049116439400384e-01 2.452725892914043027e-01 3.593132153754650671e-01 5.640932351887516516e-01 5.640746547331068061e-01 9.870203519036502282e-03
1.124407186511055092e-03 1.249623936873707659e-02 1.305282069443253375e-02 1.390034065186300516e-02 2.185124838337567212e-04 4.060627902686754666e-05 4.556751474270718426e-05 2.809692324261780689e-05 1.000000000000000021e-08 1.472419683799593105e-03 1.118096934321239364e-03 8.155601271718224479e-04 5.997380942773748030e-04 4.348590630434561485e-04 3.952301893501929640e-04 4.795363835260066593e-04 4.968903669307626241e-04 1.323926021543450626e-02 6.865849541904754834e-03 6.189060617663972620e-03 1.888410329131332832e-01 2.456537223766905031e-01 1.236503098705580006e-01 6.222823490865930784e-02 3.546663571941328919e-02 1.953521916496795199e-02 1.201099433420631593e-02 9.005581959632873515e-03 5.361729938075892980e-03 4.575551163385068246e-03 3.883932705214624206e-03 2.364407503055991899e-01 2.192055448665889139e-01 3.557535218251947073e-01 2.007364713563532799e-01 7.499278620700694509e-01 3.774351080468061337e-01
3.788309728089515188e-02 7.801793182581406166e-03 9.068610855196983928e-03 1.887002350315635651e-02 6.495029079742750677e-02 4.179700989228864877e-02 1.020714505821926528e-02 6.904227766466803848e-03 4.845891988734877566e-03 2.326331484153268750e-03 1.115982254970585182e-03 5.623600382057495749e-04 3.311977169868146804e-04 1.989426760265523581e-04 1.392914918615869224e-03 2.798153728756367590e-03 1.604256681672763807e-01 7.717896127479759172e-02 4.692159674290059118e-02 3.245808524412832630e-01 3.227761049154089790e-01 2.417942876279873810e-01 3.213142925655662900e-04 4.510166540882142754e-05 2.560897602646159315e-05 3.155117211861015284e-05 1.000000000000000021e-08 1.449118849939095415e-05 2.488157259033180887e-05 1.515270066858403862e-05 3.533582228401748750e-04 1.680416968880408535e-01 2.036733772707121637e-01 1.005722079634543409e-01 5.669420518810871362e-02 6.301083332297469086e-02 2.612488018948970758e-01
1.030300823706541965e-04 6.549584339960317660e-05 4.909273704444757920e-05 2.410868479128711842e-04 1.297199625573629538e-05 1.328880724174272623e-02 1.839911794455198479e-02 1.968476514237963576e-02 1.344295945048775559e-02 9.113388504220403322e-03 2.971474875389945418e-03 9.954199938834147957e-04 1.369741915624402093e-03 3.133745082210333006e-03 1.846545726681101951e-01 3.347971434028100268e-01 2.561657820803073804e-01 4.046496281266206974e-01 4.647704865682141251e-01 2.724911096154370993e-01 2.080197789758266025e-01 3.085832339119678894e-04 1.190031640470366925e-05 1.599434521433870584e-05 2.966280332980115309e-05 2.648362914362248404e-05 1.000000000000000021e-08 1.043052055028622569e-05 1.650881846905917478e-05 1.636034787155280163e-03 2.733826402563833361e-03 4.339518481570832364e-03 4.346954751986130579e-03 3.712825148237197150e-03 8.820697422481867155e-04 1.899051342242151497e-02 1.936834964418030214e-01
9.564154180911452923e-05 1.226272052215307583e-04 1.148132489671593751e-04 1.773026140405856350e-04 1.671197462102117285e-05 1.000000000000000021e-08 3.149800074269964599e-05 3.609337144072559227e-03 9.486882483968920796e-03 9.516189559450478549e-03 7.895074904352235648e-03 8.145488619544205208e-03 1.064639943986154802e-01 3.639973616247186849e-01 2.761658070211531202e-01 1.374316982828170386e-01 7.436816220398714816e-02 5.996953066654229364e-02 2.062225922707305176e-02 3.369740398471593804e-03 3.884087092646087405e-05 1.165151949987040414e-05 1.000000000000000021e-08 1.360974962094574903e-05 1.699688340402985388e-05 2.180327047369167275e-05 2.679105896858434034e-05 8.203473302145526669e-04 3.877001485088709797e-03 1.925195775311011343e-03 1.724826975856317678e-03 1.594798125194274441e-02 2.628519438019180556e-03 2.187032872623840586e-03 2.617574388083973276e-04 1.825550425210657052e-04 1.452852648947964512e-03
9.166300058943901031e-04 8.859394009838556872e-04 1.051897262164007505e-03 1.585413231188247509e-03 2.093535334650951365e-04 1.000000000000000021e-08 2.149153127788317906e-05 2.125757701013918175e-03 7.531029011252854399e-03 9.862213586048733729e-03 9.182169686194240760e-03 1.534334318184640278e-01 1.861485679045238595e-01 1.801333371344048251e-01 1.397095858696147941e-01 1.176967091754589807e-02 1.000000000000000021e-08 1.253909614726960462e-04 3.068253951727247338e-05 1.478416097036292008e-05 1.000000000000000021e-08 1.000000000000000021e-08 1.000000000000000021e-08 1.000000000000000021e-08 1.533510333739866757e-05 5.158378426388135984e-05 5.160680399824331584e-03 5.240219224219133665e-03 3.399020619265363374e-03 5.301419183657022022e-04 6.243686302658987526e-04 5.783524056239546397e-04 1.402937428280487669e-04 3.421419415034606326e-05 7.419200893359138545e-05 1.000000000000000021e-08 1.114316242114116423e-05
