output/water_depth_4320.asc
ncols 223
nrows 158
xllcorner 0.0
yllcorner 0.0
cellsize 30.0
[rows 68 to 84 of 158, columns 74 to 110 of 223]
2.044831034508305439e-04 3.051718609277902358e-04 2.730296407563253766e-04 1.106512252280744668e-04 8.525977732803633488e-05 1.090261595892530363e-04 4.555641462707109746e-04 3.434216436711027502e-04 4.168135153979726136e-05 4.617325098910538076e-05 3.620445204553142675e-05 7.586773303492436475e-04 1.338421878028018142e-03 1.854761821256839137e-03 3.982050574172114367e-03 5.177195505403734375e-03 1.289287252992000034e-03 9.053438514384725376e-04 2.654343637700395291e-04 6.793908210455614936e-04 1.423285515900526337e-03 6.623919147751578147e-03 7.440394221679249090e-03 9.728599286370294766e-03 6.259455312652981336e-03 5.301964862633270527e-03 5.850885762954489630e-03 7.537951623673067383e-03 4.772133805500055129e-03 1.039250410578592375e-02 9.952958755919305914e-03 1.384449277090355271e-02 6.475782392837373114e-03 6.622133889159501768e-03 1.276750857446757800e-03 8.757036225226937955e-04 2.746393776360477284e-04
2.537201246687677877e-03 2.128835872790724604e-03 2.471278991036558736e-04 1.116633244668653407e-04 1.880156431238860499e-04 1.494272909887884757e-04 6.441750058110270929e-04 4.685485175906336022e-04 3.382293103446576367e-04 2.397070550627041527e-04 1.971747214961332574e-04 5.354954525832147016e-04 9.010629889142853129e-04 2.450781439390605681e-04 9.419193701203946653e-04 1.171554565514054853e-03 1.695266890548610943e-03 8.103881312249593865e-04 9.220768392572929739e-04 7.088034223761909176e-04 2.365937735033423698e-03 1.927004103268631450e-03 1.865587544542291832e-03 1.604486203819261835e-03 1.628920548805941294e-03 2.788191032749175961e-03 7.404182440396634562e-03 4.962654722291487408e-03 4.815746960519706396e-03 2.528340912665689565e-03 8.051035629646121489e-03 5.770023203829749946e-03 1.070875764683454009e-02 6.498317771464477352e-03 6.129875393331893872e-03 2.288314617748667384e-03 2.145690866362346023e-03
2.598220657890563685e-03 1.866635130077875940e-03 7.953300154707694308e-04 9.984861666115993351e-04 7.421148431749490133e-04 8.830556661357788018e-04 8.563694886033290741e-04 1.148989818543222786e-03 1.221817717528124632e-03 1.355146359384661785e-03 9.326704081193877040e-04 1.075518194622589446e-03 8.755865207805946758e-04 7.293596709358161900e-04 1.137537635419516146e-03 1.598620770336265512e-03 1.021190964053221746e-03 2.367287275425533979e-03 1.069170231882739935e-03 5.659098865447572541e-03 7.238204987018622902e-03 8.702973858649135433e-03 1.010819455643483834e-02 9.578445633822759570e-03 8.707808675760479733e-03 7.359188439057973152e-03 5.573737325871984394e-03 4.982183217407065712e-03 4.299058183480773676e-03 3.158018859244321810e-03 3.527440301456036958e-03 3.819091504036223935e-03 5.776735193530299281e-03 9.960741691081664503e-03 9.301469253701863046e-03 1.262123438047436409e-02 1.186496997259016070e-02
3.472693116090982968e-03 6.772729540737397469e-04 4.211792362097412611e-04 4.455793904737319995e-04 7.782742811897502182e-04 1.127053392887064501e-03 1.823615689980029059e-03 1.532976895923324591e-03 1.471523563608501638e-03 1.216452185150922183e-03 9.245935671631506751e-04 7.894030289335419136e-04 1.084769017109584984e-03 3.885151981369186318e-03 1.793230980998333389e-03 2.076726017006925041e-03 3.497509493906201302e-03 3.297204087904138155e-03 1.141937522860385010e-02 7.764617098126774634e-03 5.142359582117143543e-03 3.724798105067463495e-03 1.995868745805247021e-03 1.125894607372806677e-03 2.772840167984662145e-03 2.862997254294628695e-03 3.366863561244014258e-03 3.728041157236611398e-03 2.644706259847405885e-03 4.115383179257749505e-03 3.100585072012512593e-03 4.224740137181702028e-03 4.576648224410925607e-03 7.068138084199359142e-03 7.381012912388877287e-03 5.359866215347945662e-03 8.007387159659097933e-03
2.138768486310049181e-03 1.514966767393480327e-03 1.302907300153930640e-03 1.784284697163758711e-03 1.854752833286727690e-03 2.041379317381668973e-03 1.363789131467962618e-03 1.554914641570558521e-03 6.052418223534097213e-04 6.317816441556788716e-04 4.829867595419165311e-04 9.119400842866026268e-04 9.293934214465436085e-04 1.309991608946981315e-03 1.152724309882551630e-03 2.206153956558716978e-03 2.614835403518329677e-03 3.407443355870127220e-03 3.972224266002544538e-03 2.207228008291782506e-03 1.283363841511302086e-03 7.227089605129782563e-04 5.378517025021768705e-04 5.750630561181630743e-04 1.583650697760599982e-03 1.690580448714649542e-03 2.572006010843579452e-03 2.058001482991315620e-03 3.867473521390059343e-03 3.163376797385417105e-03 2.881301459301942140e-03 2.777943090683840377e-03 4.196118762641193670e-03 4.474524569951098159e-03 5.387996347692738247e-03 7.257700253358406045e-03 2.675915786317804336e-03
2.166500272408055337e-03 7.979718815851303843e-04 7.896846653239847314e-04 7.004801960255368012e-04 4.727415156401877129e-04 3.249969233853504174e-04 3.836851874034157396e-04 4.805383639716107437e-04 1.336074288399168725e-03 1.312641252134713089e-03 2.052633150481650466e-03 1.484081710223001879e-03 1.945837170242732195e-03 1.350690938846864277e-03 1.762639090486675750e-03 1.215260086628920959e-03 2.096870536080132352e-03 1.848506215224079638e-03 2.229072684843744559e-03 2.444083372762117286e-03 2.798544717227220355e-03 1.897619089438788969e-03 2.040382907045793382e-03 1.412377625142218407e-03 1.157946201750019877e-03 6.243443148719992264e-04 1.431463155549038066e-03 3.455084361192944237e-03 2.408239792603049118e-03 3.906682588474430506e-03 3.790871368165457667e-03 4.674137050478285697e-03 3.717311287304066875e-03 4.953260235552497774e-03 8.190811590582982790e-03 8.344222545873612035e-03 5.922355274001227764e-03
1.000000000000000021e-08 1.232737093525788702e-03 1.710326149417762311e-03 2.203035242907589331e-03 1.455218841008460665e-03 1.640828757571711517e-03 1.129583412646128831e-03 7.905057391116006391e-04 1.007518322411611947e-03 1.672786301623637849e-03 1.932130401297880561e-03 2.338112976319162498e-03 1.603303221958562791e-03 2.403431977665658643e-03 1.791662249445651924e-03 3.697159758253932942e-03 1.855923577146014131e-03 4.534312589474691151e-04 4.985530714723834540e-04 4.774219752130961581e-04 3.411153613529413573e-03 1.753803810755957772e-03 1.586470444198637272e-03 2.139888639298363326e-03 1.074793660349974023e-03 2.195359304647294396e-03 8.564117552626680091e-04 2.141795359132453100e-03 8.718791649200084357e-03 2.814728253141856283e-03 4.057185952252425828e-03 2.182685549086350353e-03 3.804806121744270034e-03 2.170193070693442368e-03 7.744814147166189863e-03 1.209834842471825544e-02 4.652537012767064308e-03
1.000000000000000021e-08 2.610463973159251832e-05 3.795128737025628342e-05 3.349995745599662638e-05 3.597863629254583091e-04 5.352882923422979137e-04 8.686966285644610788e-04 1.118036735294336472e-03 1.132454844561452427e-03 6.969463065473949356e-04 8.432562153114902268e-04 9.678312579725720666e-04 1.696764171156478441e-03 1.442854841573036877e-03 3.491669212665031181e-03 3.243422289988295241e-03 2.968092492430392335e-03 6.341820326850845183e-04 2.147018644616528445e-04 3.384312113311848508e-04 2.353380249847312187e-04 6.181437943327669146e-04 8.592539108300988786e-04 1.835827787044819670e-03 6.965712868128670285e-03 4.773570783742949429e-03 8.946310059804150200e-03 5.401507020829217527e-03 3.995359143167251034e-03 5.436239972988370257e-03 2.673230656789490380e-03 4.808021321008237349e-03 2.295181387959856385e-03 3.490156101497015988e-03 4.547000009661624625e-03 6.432832859951370837e-03 5.903045219756173322e-03
5.644583624886435755e-05 1.000000000000000021e-08 1.000000000000000021e-08 2.107503434184013617e-05 1.025779243705294957e-05 5.179412340523627164e-05 1.735102287229241019e-04 4.658824440804402631e-04 2.132693934947718216e-04 4.363890454161677059e-04 3.268787546170332046e-04 1.428998250702854210e-03 1.923534703616656928e-04 1.647345932422722675e-04 2.255765386175651206e-03 3.166653749810028912e-03 2.887698751429182073e-03 1.271588721814304219e-03 9.640119721314958229e-04 3.136751408812541667e-04 5.103929230271031297e-04 4.370416909677796212e-04 6.505174771808048314e-04 1.442483357649746670e-03 1.809300487055001813e-04 4.689959386854325972e-04 3.250053178069257508e-04 1.585143591932648525e-03 9.952634172411367434e-04 2.089961730741753121e-03 2.066820507563439657e-03 3.386618249925979311e-03 6.144399620464859220e-03 8.247745648114160333e-03 1.263108349136555023e-02 2.528276368660099804e-02 4.961075615691242641e-02
2.060759996003683344e-04 1.878737986982636902e-04 1.520697109603382738e-04 1.000000000000000021e-08 1.000000000000000021e-08 4.485048889967088899e-05 3.578592949097680507e-05 2.942367647638951554e-05 1.977700245359984487e-04 8.482835713375518093e-05 1.739016854023032327e-04 1.544515116447628823e-04 1.000179483172008825e-03 1.271300075083034789e-04 1.602830515150433129e-03 2.214824162609242263e-03 2.916476493983809030e-03 7.613406793101468693e-04 5.398300414236243371e-04 1.230372293046125753e-03 9.111178780573413790e-04 1.082617405025655070e-03 1.932671859096522608e-03 1.339573653631792507e-03 8.858014102100713943e-04 4.815390812288046192e-04 5.926506771345547119e-05 4.679468958742495220e-04 1.082779683891348793e-03 9.822940393624721416e-04 1.287493483647044303e-03 3.032847117011469064e-03 2.188579401469584532e-03 1.603281243759546856e-03 1.962593122440991697e-03 2.108117507762948938e-03 1.150239053539862076e-02
2.097136301429786121e-05 6.670031506121307555e-05 1.386062763520007118e-05 1.227326470033431135e-05 2.237350532691425675e-04 3.053804531779049313e-05 2.145020612341437733e-05 8.656102068429142443e-05 2.280690936298558635e-04 2.179511036943206819e-04 1.842318139980715077e-04 5.046217751295925839e-04 5.663072089298355066e-04 1.615178367348262803e-03 1.519861878120093088e-03 1.972273645350216490e-03 7.694678198903913890e-04 1.043646411652809350e-03 1.155386905690920264e-03 4.402439360672000365e-04 8.443988783000092209e-04 7.774664852064331775e-04 1.330526498440705221e-03 2.422821090349536795e-03 1.879880976557492863e-03 1.371477089023296833e-03 1.745367471879443941e-04 4.968677222175303665e-04 4.788395292927281909e-04 2.015903655470677180e-03 2.256222779214429961e-03 4.853441945550754887e-03 3.887317070803348804e-03 1.016612227393995632e-03 7.050950873138116552e-04 7.892226217491390581e-04 1.045553465395706282e-02
1.000000000000000021e-08 1.286434414672572053e-05 1.000000000000000021e-08 1.000000000000000021e-08 1.498970335436412752e-05 2.158174360862105153e-05 6.306566753527001424e-05 5.823553397910393576e-05 4.884171890554068373e-05 2.136825004308524965e-04 1.481034493675391524e-04 1.153233622695480528e-04 2.512173404199861764e-04 2.500340342494850824e-04 3.921074345943075272e-04 7.615469787867824077e-04 2.338542020982569726e-03 9.204058757042261549e-04 1.390122090824332576e-03 2.101153891898042102e-03 7.258108920283666641e-04 6.832071168809961126e-04 7.414256382339179559e-04 2.667264306519128575e-03 8.137242123460610268e-04 8.618787483258615132e-04 6.717022866399892378e-04 8.308750235738400535e-04 1.610773085579635631e-03 1.765522379856917026e-03 3.043286820882075503e-03 4.639514046445060436e-03 4.271470767839050456e-03 1.796243341495852748e-03 1.633744318603218802e-03 1.239732219774031339e-03 2.142436326396367566e-03
1.000000000000000021e-08 1.000000000000000021e-08 1.000000000000000021e-08 1.000000000000000021e-08 1.000000000000000021e-08 1.000000000000000021e-08 7.315488651650686248e-05 1.138470047571693046e-04 5.142016224748001716e-05 9.300669231604929369e-05 1.976080654237345681e-04 1.330989689341846821e-04 4.492679911770394447e-05 2.211333204731902335e-04 1.925392229836061695e-04 2.484186165083999737e-04 7.607170923827228379e-04 8.298530284735715617e-04 1.004288812514506730e-03 1.498215357104641437e-03 1.384304799759090814e-03 6.754222754901816235e-04 6.605485036879650941e-04 1.173915968720711705e-03 1.783862818257922998e-03 1.326166070946850975e-03 1.926374494635029128e-03 1.412319567750070035e-03 4.623100296365284523e-03 3.064225086962061965e-03 2.157204515145093489e-03 2.882468151187892076e-03 3.439440356538057963e-03 5.777533809666996270e-03 1.317083971038933866e-03 1.236729061285451320e-03 1.272397181457941102e-03
1.000000000000000021e-08 1.000000000000000021e-08 1.000000000000000021e-08 1.000000000000000021e-08 1.000000000000000021e-08 1.000000000000000021e-08 7.305110727862809488e-05 1.000000000000000021e-08 8.796544288937869723e-05 1.091581997069798900e-04 2.131676979090759089e-04 5.185241148803371473e-05 1.623783267353368889e-04 3.467232853340276259e-04 7.860429958420423260e-04 3.267762174217056156e-04 3.438355688245170200e-04 3.211109018947056132e-04 3.517697326796016539e-04 4.747980028989777328e-04 1.365701111983147562e-03 1.441408845220071375e-03 1.381107275387808602e-03 3.016753343747239930e-03 8.598133149232071570e-04 9.547955094119902741e-04 1.386814962939684689e-03 2.621370712401794711e-03 1.956517020950005684e-03 2.674566811529303575e-03 2.552172142886929406e-03 8.125703230681982593e-04 2.024835605259541274e-03 8.701644833245078536e-03 1.508579142962186530e-02 7.525911106722338144e-03 9.138512569990339326e-03
1.000000000000000021e-08 1.000000000000000021e-08 1.000000000000000021e-08 1.000000000000000021e-08 1.000000000000000021e-08 1.000000000000000021e-08 1.000000000000000021e-08 1.000000000000000021e-08 8.969184748067869802e-05 1.412516472187190552e-04 2.377008234814089079e-04 1.146275217506940802e-04 1.101627082943662669e-04 1.423177082613057370e-04 1.465212209450978179e-04 6.808238964746277100e-04 3.182183042222821805e-04 2.883217190034989032e-04 9.947312953322214881e-05 1.206024603977860657e-04 4.652997530763594287e-04 1.755553857846205287e-03 2.710652467186052891e-03 3.247592774855680153e-03 4.718099193417113826e-03 3.189762205073631320e-03 3.846126953660054630e-03 4.807704810878443702e-03 3.261752301988603536e-03 3.455522195366149407e-03 1.400564194618510519e-03 1.192466631276507295e-03 1.774786646481662025e-03 3.017592004430751269e-03 2.764263206784304508e-04 3.781168656463037257e-03 3.543678516669189395e-03
1.000000000000000021e-08 1.000000000000000021e-08 1.000000000000000021e-08 1.000000000000000021e-08 1.000000000000000021e-08 1.000000000000000021e-08 1.000000000000000021e-08 1.000000000000000021e-08 9.176157446422944562e-05 1.126986975751655975e-04 9.258438036611363971e-05 1.785399035870164003e-04 1.842241099139337252e-04 1.538671139712725195e-04 1.555676049870222675e-04 9.002841263160444858e-05 3.246212029165497547e-04 1.898612179368001072e-04 2.448542409011826527e-04 1.144107299466962785e-04 1.322114071130934794e-04 1.838295528023067629e-05 4.903083996401507339e-05 4.151526701636812074e-05 2.097751596064274565e-04 2.058666562671072290e-03 2.995070777140250873e-03 3.103775389761033367e-03 2.843496486904798209e-03 4.701119003446520977e-03 5.486522693500463406e-03 4.560761317030161653e-03 3.693884364990838911e-03 2.490843022598967799e-03 2.062402844339710200e-03 1.360348688940000907e-03 1.328916230590473663e-03
1.000000000000000021e-08 1.000000000000000021e-08 1.000000000000000021e-08 1.000000000000000021e-08 1.000000000000000021e-08 1.000000000000000021e-08 1.000000000000000021e-08 1.000000000000000021e-08 1.000000000000000021e-08 1.000000000000000021e-08 1.000000000000000021e-08 1.000000000000000021e-08 1.332920352661988802e-05 1.970002803632255598e-05 3.101690297927976416e-05 1.217344915206243288e-05 1.107084782044236349e-04 2.525362070068939762e-04 1.549571601232708443e-04 2.302891325456985416e-04 1.146763056750511731e-04 1.227518483768986167e-04 1.043584812294327601e-04 1.392272381782483511e-04 4.704022804661820714e-05 4.173832784093989539e-04 3.603470560318183021e-04 1.305547027338669090e-03 2.024202689597713687e-03 2.280673585318556632e-03 4.392060721898977810e-03 7.393037614083426343e-03 2.906947983397244716e-03 1.376422795205282240e-03 2.246790588247346912e-03 1.914254932333220392e-03 5.806668479197332061e-04
