output/water_depth_11760.asc
ncols 223
nrows 158
xllcorner 0.0
yllcorner 0.0
cellsize 30.0
[rows 68 to 84 of 158, columns 74 to 110 of 223]
1.247075170509318350e-05 1.566637802488913086e-05 1.367929569134156674e-04 1.000000000000000021e-08 1.000000000000000021e-08 1.000000000000000021e-08 1.000000000000000021e-08 1.000000000000000021e-08 1.000000000000000021e-08 1.000000000000000021e-08 1.000000000000000021e-08 1.767442396706058177e-04 2.088942958548043285e-04 2.694651683878079114e-04 7.754714275648101791e-04 1.111499847973699672e-03 2.113817766644600815e-04 1.479042321879638956e-04 4.286681574006759581e-05 9.055582348798808909e-05 4.354002940238446175e-04 9.251285700223664359e-04 8.450476685174664569e-04 1.111877030065165466e-03 7.334917197699374058e-04 7.153130836050924403e-04 5.929876646560424498e-04 7.700711113704180894e-04 5.181527912604434738e-04 8.956651070621092026e-04 8.525685540848257100e-04 1.472257016848760487e-03 4.920866525518312329e-04 6.678824577460849192e-04 4.556118602261591028e-05 3.312631197523676252e-05 1.000000000000000021e-08
2.784529622441037295e-04 2.498804266505053029e-04 1.709229562187168931e-04 1.288709361763729999e-04 9.564704297111051680e-05 7.595795803353406009e-05 6.381220869135764337e-05 4.690746249797512216e-05 3.828019136597079862e-05 2.797711653596483461e-05 2.367883037482755590e-05 1.075618312885876036e-04 1.507141765029057772e-04 2.012275381344478877e-05 9.950881418257365228e-05 1.389245153615642015e-04 2.444965464646010260e-04 1.185275271704199325e-04 1.356403853984681530e-04 1.031181592702168858e-04 2.062609692687524931e-04 1.561847976238969380e-04 1.716935394609183437e-04 1.341830090005485560e-04 1.502827791626828416e-04 2.212571493979496721e-04 5.251432442946085731e-04 3.599966901341230944e-04 3.991212787954594859e-04 2.449320508064305743e-04 5.634922919514461642e-04 4.087369398866363317e-04 1.059355207453623613e-03 5.431809494993507671e-04 4.803968816813909953e-04 1.550090432350906982e-04 1.291925872826179145e-04
3.046901722910615022e-04 2.106277434382633311e-04 2.781937715878737101e-04 2.330048640876122607e-04 2.090744919623418064e-04 1.890276956489013351e-04 2.284426034947987909e-04 2.593728834687267877e-04 3.877427836913820277e-04 2.812508628038933598e-04 1.961420243589135476e-04 1.468024098797248279e-04 1.439326851990354401e-04 2.447322073922426013e-05 9.236447275248361598e-05 1.613898171025088734e-04 1.225734689926699563e-04 3.497439865509214835e-04 1.481647426172575364e-04 5.643192498636711782e-04 6.560281495855256216e-04 8.769003729678457454e-04 7.686775459360506522e-04 9.935351669072684227e-04 6.560111700422456560e-04 8.553971501844383814e-04 4.755732520270124545e-04 1.072684499284292910e-03 2.285709770727484356e-04 1.958227545220599401e-04 2.311454120582536853e-04 2.288432157937624208e-04 4.329751835888811791e-04 1.042749603674453457e-03 9.463312596319636231e-04 1.411246633666276033e-03 1.206449098486469043e-03
3.435030056391931538e-04 2.179458133697080875e-05 1.000000000000000021e-08 1.474595982028612277e-04 2.476904741821813762e-04 3.709116691788946155e-04 4.364915567682704366e-04 4.563625616818610484e-04 2.667643157376949504e-04 2.938020772528087679e-04 4.443853758367117228e-05 2.035366668366912367e-04 2.003979659316394962e-04 3.145033696960923097e-04 2.360575608185111441e-04 1.509421427119152486e-04 3.493090494816756056e-04 3.243639958736045398e-04 1.668354113767793511e-03 1.098580242038736969e-03 7.597353345204655708e-04 5.732824430927990420e-04 3.293195410207335936e-04 1.904280412643212517e-04 4.410423186661104229e-04 2.867999237668154996e-04 4.641214703433389939e-04 7.171784980575161925e-04 1.623837707576976494e-04 2.340387110589626845e-04 1.830098743824421111e-04 2.418774546420023920e-04 2.207881600868476962e-04 4.435848852442328036e-04 1.035025384884171373e-03 7.364319213331205378e-04 9.082889842932214070e-04
2.152102128761616525e-04 2.097701937493563404e-04 1.526025333613450260e-04 2.223199215017764257e-04 2.425497387139974412e-04 1.982546606978395404e-04 1.478935069893359724e-04 1.294871798256607527e-04 1.943541792021382525e-04 2.278139544272735106e-04 2.982354763871447251e-05 2.553585034184523411e-04 3.096946994271499386e-04 2.753689689756085284e-04 2.290879310343897992e-04 2.769046529311565332e-04 3.997241223963860597e-04 4.087394511213426787e-04 2.738591312749000706e-04 1.579246900507207888e-04 9.557544291092754404e-05 4.856981353672710193e-05 1.686663946535263718e-04 1.731827947888665256e-04 3.068030539316388009e-04 3.148693864213551025e-04 3.318194414046804551e-04 1.224713067259252850e-04 1.926007682331500471e-04 1.577360912420486207e-04 1.141944155837301602e-04 1.046333213320468805e-04 1.527008641065358621e-04 1.644675756945437764e-04 2.792205322573628043e-04 7.346283545270269584e-04 4.374415163704201115e-04
2.133298581006286428e-04 2.425941009469557389e-04 3.014824112738209597e-05 2.572657853129979168e-05 1.000000000000000021e-08 1.000000000000000021e-08 1.000000000000000021e-08 5.649218415028543446e-05 1.435602486240486638e-04 2.074506924424947285e-04 2.534227512895723838e-04 2.478608099379284949e-04 2.136986820865186540e-04 1.260071926426822441e-04 1.673535557307528877e-04 1.013818215288400974e-04 1.256913943134282767e-04 1.319803896529048246e-04 1.261167169309604364e-04 1.996071462839517233e-04 1.776803175008293044e-04 1.358996954346989574e-04 1.570669376105931732e-04 1.647175809099801281e-04 4.512770958670046383e-05 3.647219611933931417e-05 1.149452894672585852e-04 5.472253634006017447e-04 1.186773547053073240e-04 1.779374341559493379e-04 2.045159241037390629e-04 2.480772317871756381e-04 1.842428322117328375e-04 2.304372353488297288e-04 7.641048259082631544e-04 8.085198718347489820e-04 6.181334903336414052e-04
1.000000000000000021e-08 2.128977870700633985e-04 3.571637950127311799e-04 3.515363704854489635e-04 2.810390799231862508e-04 2.078450928684372374e-04 1.470224971501367752e-04 1.000000000000000021e-08 1.461737766916499444e-04 2.552400529024037058e-04 3.704747662540973678e-04 3.209519230342235824e-04 2.176818808773279266e-04 2.023444292850272300e-04 1.547221141979711616e-04 1.313068348851999343e-04 5.807645823117737224e-05 3.059155179711957887e-05 2.781609874392333595e-05 4.120940281746432573e-05 1.409848175758959311e-04 1.488778413074224411e-04 1.678458844618201248e-04 2.111113340739306473e-04 2.835124336333971399e-05 8.803809853349099071e-05 3.033356730812863125e-05 4.338722107774795316e-04 8.167570118815281914e-04 1.152602279619226178e-04 1.625624994972985776e-04 5.867691090114489621e-05 1.168578479809187964e-04 4.474789796341225613e-05 5.932726365157800193e-04 1.181500774426457682e-03 4.036098447083981498e-04
1.000000000000000021e-08 1.000000000000000021e-08 1.000000000000000021e-08 1.000000000000000021e-08 1.473153718302914052e-04 1.787256702550402111e-04 1.726502147471439450e-04 1.289449711948257096e-04 7.850019802687690314e-05 4.906134995642501425e-05 4.456096374354815505e-05 1.651977720382615921e-04 2.148044741129476849e-04 1.689779474980175502e-04 1.518676230616146459e-04 1.169695280649926910e-04 9.869826439530317308e-05 6.062202140880407452e-05 4.931770510490164660e-05 3.635023993277846830e-05 2.312728658365220243e-05 8.303411838872195357e-05 1.336398530874750227e-04 2.289806736568985137e-04 3.773124252813724912e-04 4.007017153880269725e-04 5.469285274088367833e-04 4.772595868453006042e-04 3.767521169812072736e-04 5.101684123723170374e-04 1.205734131265317761e-04 2.111211074760792111e-04 6.715345038172732721e-05 9.175873808255943754e-05 4.956547293571163639e-04 8.762260774183872622e-04 6.493498580916989534e-04
1.000000000000000021e-08 1.000000000000000021e-08 1.000000000000000021e-08 1.000000000000000021e-08 1.000000000000000021e-08 1.000000000000000021e-08 1.168653721526634494e-04 1.310209097685820592e-04 1.000000000000000021e-08 2.773200678448836090e-05 2.247601341992890473e-05 8.717543633128740368e-05 1.000000000000000021e-08 1.000000000000000021e-08 7.000918685187026654e-05 9.039817404820550575e-05 8.371399369537700316e-05 7.569471654625438959e-05 6.900545216064637544e-05 1.000000000000000021e-08 2.042059141629164613e-05 5.052450051537378880e-05 8.405258656919897527e-05 7.133971055972442466e-05 1.000000000000000021e-08 3.823569827273316904e-05 2.494647692660098627e-05 2.942202241696107020e-04 4.982568500365603000e-05 8.240575382798794111e-05 7.185152706636949898e-05 1.030631114482876771e-04 6.827506626984801647e-04 8.922934816283180142e-04 1.161955044167724705e-03 1.711330119474429538e-03 7.671949003137745228e-03
2.866310515677859916e-05 2.902442212874858411e-05 2.433633194305405995e-05 1.000000000000000021e-08 1.000000000000000021e-08 1.000000000000000021e-08 1.000000000000000021e-08 1.000000000000000021e-08 1.000000000000000021e-08 1.000000000000000021e-08 1.414808759393222869e-05 1.000000000000000021e-08 1.000000000000000021e-08 1.000000000000000021e-08 3.831839206568304830e-05 5.827751578316667659e-05 7.458206038772678638e-05 1.000000000000000021e-08 1.000000000000000021e-08 1.000000000000000021e-08 1.505056250128771907e-05 3.531425179996586846e-05 6.742483173941453487e-05 4.604759916025610606e-05 3.469386342560255528e-05 2.127138765327378663e-05 1.000000000000000021e-08 1.636373478012938268e-05 4.046876965577132524e-05 3.702299616792293008e-05 3.467054158273275358e-05 1.494769619471972755e-04 1.342468819284557224e-04 1.014132689563758741e-04 7.901884108191327178e-05 7.034187536558138157e-05 9.130742743015228405e-04
1.342311108788531497e-05 2.841501344896967858e-05 1.000000000000000021e-08 1.000000000000000021e-08 1.000000000000000021e-08 1.000000000000000021e-08 1.000000000000000021e-08 1.000000000000000021e-08 1.000000000000000021e-08 1.000000000000000021e-08 1.000000000000000021e-08 1.410119046248328662e-05 1.597854601486293667e-05 1.908491103067536012e-05 2.874004344289497157e-05 4.878235159854598117e-05 1.000000000000000021e-08 1.000000000000000021e-08 1.000000000000000021e-08 1.000000000000000021e-08 1.000000000000000021e-08 2.374009910275902226e-05 4.249592965171862877e-05 4.800437318292576062e-05 4.122951006714599198e-05 3.688845149682894745e-05 1.000000000000000021e-08 1.000000000000000021e-08 1.218812091005642602e-05 7.758945090547615686e-05 8.328513757179031721e-05 3.794648734242843250e-04 2.355856669130599484e-04 1.889327086356529104e-05 1.421245711361160993e-05 1.712859124417971646e-05 8.542781532999974611e-04
1.000000000000000021e-08 1.000000000000000021e-08 1.000000000000000021e-08 1.000000000000000021e-08 1.000000000000000021e-08 1.000000000000000021e-08 1.000000000000000021e-08 1.000000000000000021e-08 1.000000000000000021e-08 1.000000000000000021e-08 1.000000000000000021e-08 1.000000000000000021e-08 2.312430874739777970e-05 1.000000000000000021e-08 1.000000000000000021e-08 3.284830498630238855e-05 3.028390455592646046e-05 3.082097773211495622e-05 3.477091559589853104e-05 3.112057708187081510e-05 1.000000000000000021e-08 1.000000000000000021e-08 2.763294208709958402e-05 4.086227529401425856e-05 1.000000000000000021e-08 2.838497225208982938e-05 1.000000000000000021e-08 1.000000000000000021e-08 1.980610021497815801e-05 1.947652382028069423e-05 3.081604414841541701e-05 7.919039294306876834e-05 6.902726284506839833e-05 2.639802558928747779e-05 2.225205282571541358e-05 1.752472958758295515e-05 3.132117043004128244e-05
1.000000000000000021e-08 1.000000000000000021e-08 1.000000000000000021e-08 1.000000000000000021e-08 1.000000000000000021e-08 1.000000000000000021e-08 1.000000000000000021e-08 1.000000000000000021e-08 1.000000000000000021e-08 1.000000000000000021e-08 1.120992307464584280e-05 1.000000000000000021e-08 1.000000000000000021e-08 1.000000000000000021e-08 1.000000000000000021e-08 1.000000000000000021e-08 2.226712292145847547e-05 3.113825843321876656e-05 6.501452889274031107e-05 6.850906757997875381e-05 1.000000000000000021e-08 1.000000000000000021e-08 1.000000000000000021e-08 2.940282942985721160e-05 2.558015792194761942e-05 3.071934232232246794e-05 3.048638433798968629e-05 2.851935548826419758e-05 5.610101939237075607e-05 4.418655845513039937e-05 4.215480790829006927e-05 6.728138981501806902e-05 5.744835550226558816e-05 1.087561373053188890e-04 1.000000000000000021e-08 1.000000000000000021e-08 1.777974552942990870e-05
1.000000000000000021e-08 1.000000000000000021e-08 1.000000000000000021e-08 1.000000000000000021e-08 1.000000000000000021e-08 1.000000000000000021e-08 1.000000000000000021e-08 1.000000000000000021e-08 1.000000000000000021e-08 1.000000000000000021e-08 1.000000000000000021e-08 1.000000000000000021e-08 1.000000000000000021e-08 1.757308743231715336e-05 2.575523347664221806e-05 1.000000000000000021e-08 2.006551974176215593e-05 2.816792067367467449e-05 2.161281052150605087e-05 4.362154986929374871e-05 3.728453299120509647e-05 1.000000000000000021e-08 1.000000000000000021e-08 2.731740122169674183e-05 1.000000000000000021e-08 2.506384526448106255e-05 3.107482465296474453e-05 4.142428255863817791e-05 3.430933924501479708e-05 5.022727018660858581e-05 5.741278278536547013e-05 4.489004581518681432e-05 1.000000000000000021e-08 5.191728953468673210e-04 6.312009897011826081e-04 3.489095589998461979e-04 3.779019579353146076e-04
1.000000000000000021e-08 1.000000000000000021e-08 1.000000000000000021e-08 1.000000000000000021e-08 1.000000000000000021e-08 1.000000000000000021e-08 1.000000000000000021e-08 1.000000000000000021e-08 1.000000000000000021e-08 1.000000000000000021e-08 1.000000000000000021e-08 1.121734916325149328e-05 1.755837676784454055e-05 1.641086904621895677e-05 2.486202443022697607e-05 2.153766713477553750e-05 1.000000000000000021e-08 1.000000000000000021e-08 1.000000000000000021e-08 1.000000000000000021e-08 2.625095406201448798e-05 2.900174217893908000e-05 3.053970519607152073e-05 4.498074761003680445e-05 5.811415477517065255e-05 5.757056331754770471e-05 6.579408131995998952e-05 7.270924516075957041e-05 7.015107145676365583e-05 7.347503821607880383e-05 1.000000000000000021e-08 2.963906916741746545e-05 2.473477391976616402e-05 3.774717678957899150e-05 2.439761656070446621e-05 2.222921635734034307e-04 2.430203325166050581e-04
1.000000000000000021e-08 1.000000000000000021e-08 1.000000000000000021e-08 1.000000000000000021e-08 1.000000000000000021e-08 1.000000000000000021e-08 1.000000000000000021e-08 1.000000000000000021e-08 1.067888140732921158e-05 1.298434614619965141e-05 1.861366444044561212e-05 1.837032779923102215e-05 1.716043733721312733e-05 1.679458370018175787e-05 1.846910791774217846e-05 1.000000000000000021e-08 1.000000000000000021e-08 1.000000000000000021e-08 1.000000000000000021e-08 1.000000000000000021e-08 1.000000000000000021e-08 1.000000000000000021e-08 1.000000000000000021e-08 1.000000000000000021e-08 1.000000000000000021e-08 3.493737325577143900e-05 7.764648617567928624e-05 8.061925151766390963e-05 8.904270060507064085e-05 1.451432621944439476e-04 1.317754778006938307e-04 1.122943148320673911e-04 9.754805552440218264e-05 7.850614461990327567e-05 7.476206887735149494e-05 1.502886662831883933e-04 1.193144874343167352e-04
1.000000000000000021e-08 1.000000000000000021e-08 1.000000000000000021e-08 1.000000000000000021e-08 1.000000000000000021e-08 1.000000000000000021e-08 1.000000000000000021e-08 1.000000000000000021e-08 1.000000000000000021e-08 1.000000000000000021e-08 1.000000000000000021e-08 1.000000000000000021e-08 1.000000000000000021e-08 1.014935519354535132e-05 1.198029058104089212e-05 1.000000000000000021e-08 1.000000000000000021e-08 1.000000000000000021e-08 1.000000000000000021e-08 1.000000000000000021e-08 1.000000000000000021e-08 1.000000000000000021e-08 1.000000000000000021e-08 1.000000000000000021e-08 1.000000000000000021e-08 2.222021316259110488e-05 2.640412171693562980e-05 7.074496374617358994e-05 1.371211192364461329e-04 1.274947146128730226e-04 2.044749764756281741e-04 1.975547483757289133e-04 1.763064509462458146e-05 1.000000000000000021e-08 1.000000000000000021e-08 1.155459007652250833e-04 1.142254516075165991e-04
