output/water_depth_1320.asc
ncols 223
nrows 158
xllcorner 0.0
yllcorner 0.0
cellsize 30.0
[rows 85 to 101 of 158, columns 185 to 221 of 223]
1.733186480421794635e-03 1.214657732389663085e-03 5.338260930419126563e-04 5.133207518534343809e-04 5.769668403009946310e-04 3.842510182705251255e-04 8.725917119479216586e-04 1.140418199591978904e-01 1.173450742341192454e-01 1.325301055938570560e-01 2.901948939255266646e-02 1.370016177420559263e-02 2.343545532542905653e-04 1.469863359640649094e-04 1.276490525462496348e-03 1.149030420176557930e-03 9.470567783367430867e-04 5.793439110065582353e-04 6.762220099741031182e-04 5.179020775548507684e-04 5.138772258991647574e-04 9.418812287089371954e-04 9.037256261472839496e-04 8.710322889353134916e-04 9.444062940197344054e-04 1.071933539505665793e-03 1.118596242304819568e-03 1.348632420711081640e-03 8.400633820034705736e-04 4.716327495325639313e-04 1.000000100000000021e-05 1.000000100000000021e-05 1.000000100000000021e-05 1.000000100000000021e-05 1.000000100000000021e-05 1.000000100000000021e-05 1.000000100000000021e-05
2.242889120565816092e-03 1.788318860912935671e-03 7.806029905895701471e-04 1.436443936039424928e-03 1.723238087781881140e-03 1.852287648914710799e-03 1.418432840074786280e-03 8.784195741332188889e-02 8.830844585663237545e-02 8.097652648275239368e-03 1.126418514499519935e-02 4.919471756403859600e-03 1.843576372974369687e-03 1.104596443488595897e-03 9.113571429576790154e-04 1.164837780799641035e-03 1.572516569440907336e-03 7.772612233764374752e-04 9.180717102022958572e-04 1.085970844783366645e-03 2.296288592115564541e-04 2.187988176582289404e-04 3.053306350576302677e-04 4.492011443035327030e-04 4.679712819760128745e-04 4.156561157807765468e-04 3.812776758104505313e-04 3.442780953096346414e-04 2.915087771818374962e-04 2.348327778831581735e-04 1.426069442803819514e-04 1.000000100000000021e-05 1.000000100000000021e-05 1.000000100000000021e-05 1.000000100000000021e-05 1.000000100000000021e-05 1.000000100000000021e-05
2.750142628462033407e-03 1.259798216059124709e-03 1.585927156882302718e-03 1.174196085194911853e-03 1.341766318048743904e-03 1.331177959574298721e-03 1.369287569832313345e-03 4.093710220792071836e-02 4.136472153551971898e-02 5.917231071264859041e-04 1.026094327526995724e-03 1.767132726957074866e-03 1.411534653555918031e-03 6.501170588356739322e-04 1.014308811264345476e-04 6.167049016039432608e-05 3.332389351026423044e-03 1.869661362875682954e-03 6.030833949554980202e-04 1.883746803302219501e-04 5.884074570264779614e-04 5.805121235212477426e-04 5.981960099500585213e-04 5.888782364494160723e-04 4.572902545884373077e-04 2.683393044599593396e-04 3.070355927613693846e-05 1.368438068424577994e-04 1.411510714117849641e-04 1.517244293549041686e-04 1.792573960351062342e-04 1.000000100000000021e-05 1.000000100000000021e-05 1.000000100000000021e-05 1.000000100000000021e-05 1.000000100000000021e-05 1.000000100000000021e-05
6.544375736853178145e-03 5.217267311969836507e-03 3.233661380639387285e-03 2.895221278424114399e-03 1.385637161622774085e-03 1.617516257648988999e-03 1.148753509642450607e-03 5.296466125515814777e-02 2.022729785979478917e-02 1.040656095801073284e-03 1.269993035871184138e-03 6.183656495150574670e-04 3.380008753422590476e-04 1.842920697011261487e-03 1.911693412963076828e-03 5.960674455366965496e-03 3.085967409118651680e-02 4.261831282028111581e-03 1.541680176112663215e-03 7.049200074033429601e-04 1.321511573162191143e-03 1.255601377991779656e-03 1.289419413847203450e-03 7.474401625486250993e-04 6.280549805794892037e-04 5.548765894389237141e-04 4.429856383377697021e-04 3.972573698076823962e-04 3.363757826412777175e-04 2.692607887029244834e-04 1.923217893119736819e-04 1.000000100000000021e-05 1.000000100000000021e-05 1.000000100000000021e-05 1.000000100000000021e-05 1.000000100000000021e-05 1.000000100000000021e-05
2.336613986843002339e-02 2.339967614182237449e-02 1.387309531515717662e-02 8.162009646249947237e-03 6.890001055978747443e-03 4.680487102084088247e-03 5.548984641094880169e-03 4.283485834270107234e-02 2.536504468138410170e-02 2.403844400218263511e-03 1.766681640559854922e-03 2.238368962279962873e-03 2.093385237537637254e-03 2.375639146146651774e-03 4.912857046327143151e-03 5.684312003714764999e-03 2.087597929173396817e-04 1.743981300838310126e-03 1.299241587389286107e-03 1.543877329069757694e-03 1.137117964861003366e-03 1.936303742560391544e-03 1.186875170760927313e-03 1.359954825452832196e-03 1.426648419693776889e-03 1.361276328586497010e-03 1.243799031413895650e-03 1.219729336840550803e-03 1.201713253111873995e-03 9.943381099074310222e-04 5.247794047662840324e-04 1.000000100000000021e-05 1.000000100000000021e-05 1.000000100000000021e-05 1.000000100000000021e-05 1.000000100000000021e-05 1.000000100000000021e-05
9.087381586435724912e-03 8.012594673577681098e-03 1.179470707650509889e-02 1.791495630801408917e-02 1.295707209913004795e-02 1.001248201447087031e-02 6.815384759866319891e-03 4.989465691184471335e-02 5.534078566050919940e-02 5.785055354887979132e-03 3.461740286185578316e-03 2.844947823906109150e-03 3.430934720965906400e-03 2.239069162558998162e-03 3.611504310429807484e-03 2.444060418260472767e-03 8.755838644687807207e-04 7.221960154313905762e-04 1.144944611974695915e-03 8.268472938951852268e-04 1.302280094378189786e-03 1.115064560775263711e-03 1.693130616708343836e-03 8.281955914784288383e-04 9.180807132681124798e-04 1.441552790735952869e-03 5.629831085615382043e-04 1.037854583009284947e-04 7.629297974418132661e-05 1.000000000000000021e-08 1.000000100000000021e-05 1.000000100000000021e-05 1.000000100000000021e-05 1.000000100000000021e-05 1.000000100000000021e-05 1.000000100000000021e-05 1.000000100000000021e-05
1.067128910049386196e-02 8.101745750731080206e-03 9.481030304733730971e-03 7.086072889789102325e-03 1.859165289757559736e-02 1.359783937206697144e-02 2.233332301678479792e-02 1.401577890955457706e-01 1.881420772122554402e-02 2.883704781768124149e-03 2.736633608146848452e-03 4.263164178920088657e-03 3.623571122911966105e-03 4.435501921810377710e-03 2.856108187549326327e-03 3.684374342187749299e-03 2.463626001011825183e-03 3.005941869759728470e-03 2.653812054672992013e-03 4.741144482548370273e-03 4.414625828960851497e-03 6.120777159747233659e-03 4.568112997290398741e-03 4.593351058442643811e-03 1.471735476058402391e-03 5.829423101395168547e-04 1.458623700932947355e-04 1.201183553518003237e-05 1.435194178920839090e-05 1.122883102455544187e-04 1.000000100000000021e-05 1.000000100000000021e-05 1.000000100000000021e-05 1.000000100000000021e-05 1.000000100000000021e-05 1.000000100000000021e-05 1.000000100000000021e-05
9.524621577278164983e-03 1.040379455485757054e-02 7.769835492977730795e-03 7.649089997550359565e-03 1.998781610801201973e-03 8.598799851059706068e-03 2.393920411122721706e-03 1.092098912121940435e-01 6.224754489811154187e-03 4.534184556078272102e-03 6.094247239808141779e-03 4.940543421886297963e-03 5.422689631869440953e-03 4.815563384069670300e-03 7.730476610181447918e-03 3.277905176689790631e-03 4.947996201946837369e-03 5.079514841582727369e-03 8.176569838022770820e-03 9.209952504524403574e-03 1.079977991917347238e-02 6.283831380046258491e-03 2.990674047479527711e-03 1.962339480572259948e-03 1.954270175917273509e-03 9.591332791462306873e-04 4.122462845514873091e-04 7.220532911958544371e-05 7.427028367899062250e-05 1.769523728733038166e-04 1.000000100000000021e-05 1.000000100000000021e-05 1.000000100000000021e-05 1.000000100000000021e-05 1.000000100000000021e-05 1.000000100000000021e-05 1.000000100000000021e-05
8.534396375029737816e-03 7.291948950157807821e-03 9.396084873728683881e-03 7.968486614383964162e-03 6.421640510487263732e-03 5.300245271590552434e-03 6.407315876331426061e-03 4.000347710628166659e-02 9.737736575124825156e-02 6.341643598928720094e-03 5.435867634145719052e-03 9.435876011542448580e-03 1.057089272787677461e-02 8.893458671753458333e-03 2.644223261436172423e-03 7.004422935115217630e-03 5.324431019901964754e-03 7.872299923272601738e-03 5.785212235630200761e-03 5.204430065597935411e-03 1.578715465945559329e-03 6.683325358555086172e-04 1.057939440731907061e-03 8.561911320365384569e-04 2.283116283409492020e-03 1.375084374786852753e-03 5.273031671132019822e-04 2.149604503737900080e-04 3.717415740357445336e-04 2.238064728463456607e-04 1.000000100000000021e-05 1.000000100000000021e-05 1.000000100000000021e-05 1.000000100000000021e-05 1.000000100000000021e-05 1.000000100000000021e-05 1.000000100000000021e-05
9.879845837131029374e-03 1.017494877180396586e-02 1.412621698442930417e-02 1.184804722511682493e-02 8.639829390563557102e-03 1.050096315351982217e-02 6.317235606003621454e-03 7.184457482094787351e-02 6.260160137758301324e-02 9.026620224096958828e-03 5.478226788087467783e-03 5.021018163449455715e-03 3.855082166425839382e-03 2.624865269313446207e-03 3.976716110631467460e-03 4.390531085076620696e-03 1.292783534969823601e-02 6.472076337045980753e-03 5.602625099321267323e-03 3.986395057505772062e-03 1.267181259338659091e-03 1.322701495139016288e-03 8.019607819084445663e-04 1.513870933817946206e-03 7.015584556924692400e-04 6.129904106770937833e-04 4.029152627754103728e-04 2.858941425844736036e-04 1.443341960063503418e-04 2.667275104359900480e-04 1.000000100000000021e-05 1.000000100000000021e-05 1.000000100000000021e-05 1.000000100000000021e-05 1.000000100000000021e-05 1.000000100000000021e-05 1.000000100000000021e-05
5.797101263427376777e-02 4.655861062348473633e-02 2.362669928984258150e-02 1.713612458556216731e-02 1.559512593946696737e-02 1.102225633868721133e-02 1.181874240248023678e-02 2.049470465417610812e-02 8.588117703568501349e-02 4.601431856921941836e-03 7.370326389342478357e-03 8.035968069014094023e-03 8.812389765716873921e-03 4.785265612796026080e-03 4.241918327114773540e-03 9.348137561770167997e-03 1.054604844701971869e-02 9.390268811816289765e-03 6.023917873102441201e-03 2.735258602459389628e-03 2.072691584951485456e-03 1.002094070308173377e-03 1.704919420039903086e-03 9.747123126692980874e-04 8.825768282748234442e-04 1.880988368824415883e-04 1.710287874750422222e-04 7.784675707079442809e-05 3.627663950887860577e-04 2.689342400885425498e-04 1.000000100000000021e-05 1.000000100000000021e-05 1.000000100000000021e-05 1.000000100000000021e-05 1.000000100000000021e-05 1.000000100000000021e-05 1.000000100000000021e-05
1.682813162050527745e-03 9.080806144332867133e-03 1.705759506649272977e-02 1.628570208563721866e-02 1.488715579165641838e-02 1.299218540113674866e-02 9.273923169037891212e-03 4.891053177494986137e-02 7.117105680154456326e-02 6.614407240559441389e-03 7.902005442056186935e-03 7.897305333575251052e-03 5.607268887066573296e-03 1.008836981556831061e-02 1.064644780186958448e-02 1.202179116076082001e-02 1.172931014098167572e-02 9.321493005418617084e-03 5.557649263678219459e-03 5.553920412835635853e-03 3.266348592784197244e-03 3.450634008566468881e-03 2.440207425303979761e-03 2.214968047290519475e-03 5.961409454346355222e-04 4.187719473041321295e-04 1.738381565764883182e-04 1.773672517027097793e-04 5.399606020718488927e-04 2.879127713451986280e-04 1.000000100000000021e-05 1.000000100000000021e-05 1.000000100000000021e-05 1.000000100000000021e-05 1.000000100000000021e-05 1.000000100000000021e-05 1.000000100000000021e-05
9.483177043651129555e-04 4.264978854482836049e-03 1.053495607232359139e-02 2.112689458777694887e-02 1.792437707773819958e-02 1.387634942869412844e-02 2.226978058871584287e-02 1.190611451574955654e-01 5.657691277884554365e-02 9.586761983657184419e-03 7.851722972356490679e-03 8.332116965707427741e-03 1.352331372841102282e-02 1.196488329014006730e-02 1.942933619508185536e-02 1.781700069185935403e-02 1.087249379462187568e-02 7.577619271544733595e-03 9.045521760840813039e-03 3.999872317160385431e-03 3.895703812045928256e-03 2.864376224321770002e-03 2.745763661867029522e-03 1.453510715481326401e-03 1.211009941810143199e-03 5.529088755906383639e-04 7.791803215617479090e-04 3.328404780355588284e-04 9.319886208618336193e-05 2.977366502193524241e-04 1.000000100000000021e-05 1.000000100000000021e-05 1.000000100000000021e-05 1.000000100000000021e-05 1.000000100000000021e-05 1.000000100000000021e-05 1.000000100000000021e-05
1.483476294908650300e-03 2.814785611861327867e-03 7.285226826471830758e-03 7.953479187710655457e-03 1.978623853743901456e-02 1.703649232430282448e-02 1.105676809431291319e-02 1.454351107373073326e-01 2.563589591683196681e-02 1.260840757601131359e-02 6.876488405090679795e-03 6.628698505238464489e-03 3.626060554218110167e-03 7.157179952594112590e-03 4.829412180712908988e-03 5.612573613187271833e-03 8.477475228612637442e-03 9.184722541723125758e-03 1.882247316861474212e-03 3.339214227176816926e-03 2.108106947729909957e-03 2.602856119112433638e-03 1.642417104241958997e-03 2.193822631922678467e-03 1.702141302290402676e-03 2.292097281553422388e-03 1.405109199067641800e-03 2.556785219379701258e-04 1.138074977597026131e-04 3.022158077009474584e-04 1.000000100000000021e-05 1.000000100000000021e-05 1.000000100000000021e-05 1.000000100000000021e-05 1.000000100000000021e-05 1.000000100000000021e-05 1.000000100000000021e-05
4.256833685289260899e-03 3.533073325078547704e-03 4.976497340919580625e-03 4.170006987989503117e-03 4.601937271853282461e-03 1.064848436675134950e-02 8.863667888234297298e-02 7.269493040357856428e-02 4.992207460608141280e-03 5.760011222154894084e-03 7.272981517784563900e-03 5.241133862539811526e-03 5.735520932428305602e-03 6.506249543838918750e-03 5.258884905740817545e-03 8.923797781032874465e-03 7.185680654973275114e-03 4.638389365186514415e-03 5.010152230643730165e-03 4.374695794649339879e-03 4.935571630795755615e-03 2.502910701754432893e-03 3.431947042273695257e-03 2.134488703505450433e-03 2.685284538841298425e-03 1.030151007919239900e-03 6.913959445372213622e-04 4.564235056559179252e-04 2.285147051058247759e-04 3.194584910898464174e-04 1.000000100000000021e-05 1.000000100000000021e-05 1.000000100000000021e-05 1.000000100000000021e-05 1.000000100000000021e-05 1.000000100000000021e-05 1.000000100000000021e-05
3.710288622873097238e-03 4.654462890031994989e-03 4.700997837264788044e-03 5.091663560524079153e-03 4.684015789503327871e-03 1.140098519803673348e-02 1.028897274007453677e-01 9.189518087203776830e-02 7.026885266055481541e-03 4.603704945773653100e-03 6.615882115936239788e-03 6.672001671627876898e-03 6.045509621144410338e-03 3.892511776996597679e-03 6.519555726293023781e-03 1.468632427073331137e-02 9.428578817231782205e-03 8.080166532199055396e-03 5.729656988695916442e-03 5.602305165824590302e-03 3.672432569552718136e-03 5.743708714016306296e-03 4.059554709766174593e-03 3.664694945380378172e-03 1.705339685289475283e-03 5.157152983382680758e-04 1.087984673342077744e-04 7.924787940855150873e-05 7.399142022175737854e-05 3.298675904007806916e-04 1.000000100000000021e-05 1.000000100000000021e-05 1.000000100000000021e-05 1.000000100000000021e-05 1.000000100000000021e-05 1.000000100000000021e-05 1.000000100000000021e-05
1.157391716129148622e-03 2.968798390498647230e-03 4.549094757333667187e-03 4.970884378847116938e-03 3.592454354243348330e-03 4.393982409198088010e-03 3.568892396178303256e-02 2.282661149678681389e-01 1.713116353215947060e-02 7.107154187232379849e-03 5.604716467880769756e-03 6.719767068931101033e-03 5.230248252925676772e-03 6.442728617597219022e-03 6.262631920089613280e-03 1.170993855063266580e-02 9.628041158957309498e-03 5.454460194947028523e-03 5.521063219120504392e-03 5.094437103925096230e-03 5.502621080403282197e-03 4.349299469320261520e-03 4.831021432535519133e-03 4.019171562446717874e-03 1.477868713566724175e-03 8.713147938207077212e-04 3.928154188766211320e-04 1.721779569259662029e-04 7.276145203285949790e-05 3.094595039847557768e-04 1.000000100000000021e-05 1.000000100000000021e-05 1.000000100000000021e-05 1.000000100000000021e-05 1.000000100000000021e-05 1.000000100000000021e-05 1.000000100000000021e-05
