output/water_depth_4440.asc
ncols 223
nrows 158
xllcorner 0.0
yllcorner 0.0
cellsize 30.0
[rows 136 to 152 of 158, columns 111 to 147 of 223]
1.185250983623353473e-05 2.425004121297571325e-05 1.000000000000000021e-08 1.000000000000000021e-08 1.000000000000000021e-08 1.985392278364760761e-04 3.387375412363381917e-03 3.952309346310765750e-04 2.489750603519629230e-05 3.886616062766422774e-04 4.378637308347227419e-04 5.360858705040717678e-04 8.518128535735313778e-04 5.970978601444071625e-05 1.946592520907844596e-05 1.000000000000000021e-08 1.000000000000000021e-08 1.000000000000000021e-08 1.000000000000000021e-08 1.000000000000000021e-08 1.000000000000000021e-08 1.472966119394844033e-04 1.460691108339882277e-04 7.397006984408388379e-05 1.901175761090474468e-05 1.000000000000000021e-08 1.000000000000000021e-08 1.000000000000000021e-08 1.000000000000000021e-08 1.000000000000000021e-08 1.000000000000000021e-08 1.000000000000000021e-08 2.839865328663507973e-05 1.847859534201800859e-05 1.900138889695338751e-05 2.473791405487975667e-05 1.000000000000000021e-08
1.000000000000000021e-08 1.000000000000000021e-08 1.000000000000000021e-08 1.182608435240574333e-05 9.359008188383687271e-05 1.824471480539969831e-03 3.118383975050803732e-03 3.040008415108151488e-04 1.107299323903260723e-03 1.013288307555474353e-03 8.533318613449457054e-04 7.676107202684043316e-04 7.959262944151299394e-04 3.942747533666719702e-05 1.000000000000000021e-08 1.000000000000000021e-08 1.161636360254749178e-05 1.000000000000000021e-08 1.000000000000000021e-08 1.000000000000000021e-08 2.216777633462138812e-05 1.000000000000000021e-08 1.000000000000000021e-08 1.000000000000000021e-08 1.099217321629124615e-05 1.000000000000000021e-08 1.000000000000000021e-08 1.000000000000000021e-08 1.000000000000000021e-08 1.000000000000000021e-08 1.000000000000000021e-08 1.217448223759456198e-05 2.341982299926570566e-05 1.066277678810778227e-05 1.546138166928776779e-05 1.404715775721301854e-05 1.791920853358839295e-05
1.000000000000000021e-08 1.000000000000000021e-08 1.000000000000000021e-08 1.000000000000000021e-08 3.100224857364360662e-04 1.690117316775581989e-03 1.353526428059409394e-03 1.723586458424642039e-03 9.242557262550470879e-05 1.844538584476904867e-05 1.000000000000000021e-08 1.000000000000000021e-08 1.893633347348202211e-04 2.570612466306156535e-05 1.000000000000000021e-08 1.000000000000000021e-08 1.000000000000000021e-08 1.000000000000000021e-08 1.000000000000000021e-08 4.211056368218150627e-05 2.794828987147678122e-05 1.064787947506209210e-05 1.000000000000000021e-08 1.000000000000000021e-08 1.000000000000000021e-08 1.000000000000000021e-08 1.000000000000000021e-08 1.000000000000000021e-08 1.000000000000000021e-08 1.000000000000000021e-08 1.000000000000000021e-08 1.041800963458997458e-05 1.000000000000000021e-08 1.000000000000000021e-08 1.000000000000000021e-08 1.682316003164052514e-05 2.655219196346163914e-05
1.087027965184362100e-05 1.683459626123244747e-05 2.121422744597747139e-05 4.056823690766252964e-05 1.603677473555952340e-04 1.198559439058332932e-04 3.563903291522751461e-04 2.583441013827609319e-03 1.303979880954784089e-04 2.764728532724731436e-05 1.000000000000000021e-08 1.329660134104912103e-04 1.055416502751358549e-03 2.390315238492605283e-05 1.000000000000000021e-08 1.000000000000000021e-08 2.890330563574716703e-05 1.000000000000000021e-08 1.000000000000000021e-08 1.000000000000000021e-08 2.784729879049545437e-05 1.000000000000000021e-08 1.000000000000000021e-08 1.000000000000000021e-08 1.000000000000000021e-08 1.000000000000000021e-08 1.000000000000000021e-08 1.000000000000000021e-08 1.000000000000000021e-08 1.000000000000000021e-08 1.000000000000000021e-08 1.000000000000000021e-08 1.000000000000000021e-08 1.589363291303201364e-05 2.312761475269234230e-05 3.179341702379210455e-05 4.032469290743885977e-05
1.000000000000000021e-08 1.000000000000000021e-08 1.000000000000000021e-08 2.402669572040648646e-05 3.134042920507992580e-05 3.960399952285768307e-05 6.891765397542603600e-05 2.879776433276149891e-03 9.697861036540580352e-04 2.706264416794160980e-05 1.000000000000000021e-08 1.366214514721924135e-05 9.886101863531278171e-04 1.265623771011710384e-05 1.000000000000000021e-08 2.996969911825534311e-05 2.454747030132786419e-05 1.675486125996039608e-05 1.000000000000000021e-08 1.000000000000000021e-08 2.526174546931372447e-05 1.604227876855306823e-05 1.079301798786327595e-04 1.000000000000000021e-08 1.000000000000000021e-08 2.114086268457366328e-05 1.000000000000000021e-08 1.000000000000000021e-08 5.490132292414672769e-05 1.865963460177289012e-05 1.261889600713301808e-05 1.000000000000000021e-08 3.057151006199128291e-05 6.026866721877086752e-05 9.882240191313063516e-05 1.000000000000000021e-08 1.682717879387032387e-05
1.000000000000000021e-08 1.000000000000000021e-08 1.000000000000000021e-08 1.290563961879064690e-05 1.000000000000000021e-08 1.000000000000000021e-08 3.585905260439657054e-05 2.403800556851769764e-03 6.093139049005739591e-04 3.584318417565264992e-05 1.977904462593338907e-05 1.768598760835546823e-04 5.714363701154643108e-03 3.783413219668045374e-04 8.209588292798219728e-05 4.010885103668111832e-05 1.445741800837034308e-05 1.474078762230511711e-05 1.359419962762993314e-05 1.787825458181392654e-05 1.570172470290446854e-05 1.406251933911427973e-04 1.431075743035222837e-04 9.148313758165095143e-05 1.000000000000000021e-08 1.000000000000000021e-08 1.000000000000000021e-08 4.101622826768094307e-05 6.055571599051513246e-05 5.614353275616418401e-05 1.000000000000000021e-08 1.000000000000000021e-08 3.325414213207493252e-05 6.034433177698497156e-05 6.741279613133022413e-05 1.000000000000000021e-08 1.000000000000000021e-08
1.000000000000000021e-08 1.000000000000000021e-08 1.000000000000000021e-08 1.000000000000000021e-08 1.000000000000000021e-08 1.628141265952179681e-05 1.000000000000000021e-08 3.738579738525891279e-04 8.810029941995173959e-04 3.838540094282826730e-05 3.176804185681389106e-05 1.116518977575328025e-04 2.230385851183300911e-04 1.388479010244961915e-04 7.339318215712475879e-05 1.737855870693372391e-04 1.176352803036563924e-04 8.836060310111535482e-05 2.356477092253099931e-05 1.000000000000000021e-08 1.000000100000000021e-05 1.357291724295084032e-04 9.893804738559073837e-05 1.226530250163490111e-04 1.400445543761399676e-04 1.721565370056032842e-04 1.260371392927203563e-04 9.104964488859248009e-05 4.439490996660533113e-05 3.677005015812337071e-05 3.644170678195954299e-05 1.214231904846538472e-05 1.728328819504365251e-05 5.307814973673831042e-05 1.191858829681423322e-04 1.000000000000000021e-08 1.000000000000000021e-08
1.551124647270943059e-05 1.000000000000000021e-08 1.000000000000000021e-08 1.000000000000000021e-08 1.000000000000000021e-08 1.000000000000000021e-08 1.000000000000000021e-08 1.512659516100458993e-03 6.859358785135056223e-03 1.000000000000000021e-08 2.606170205443283458e-05 1.719273411079839633e-05 3.904206762559748762e-05 2.456262425038469756e-05 1.000000000000000021e-08 7.735847931133454643e-05 9.651548175043032614e-05 4.664848236155567110e-05 3.821734327225303357e-05 1.000000100000000021e-05 1.000000100000000021e-05 1.000000100000000021e-05 1.000000100000000021e-05 1.000000100000000021e-05 1.000000100000000021e-05 1.000000100000000021e-05 1.000000100000000021e-05 1.000000100000000021e-05 1.000000100000000021e-05 1.000000100000000021e-05 1.000000100000000021e-05 1.000000100000000021e-05 2.498025216530483313e-05 2.562626478621319706e-05 3.454112673042000184e-05 1.000000000000000021e-08 1.000000000000000021e-08
1.000000000000000021e-08 1.000000000000000021e-08 1.025386219141146653e-05 1.000000000000000021e-08 2.728088966739489933e-05 1.000000000000000021e-08 1.020102032472214457e-05 8.223742292229083519e-05 9.702426787156886653e-03 6.466869961340911425e-05 2.101501650524485479e-05 1.524556048855198598e-05 1.000000000000000021e-08 2.786067805657144563e-05 1.000000100000000021e-05 1.000000100000000021e-05 1.000000100000000021e-05 1.000000100000000021e-05 1.000000100000000021e-05 1.000000100000000021e-05 1.000000100000000021e-05 1.000000100000000021e-05 1.000000100000000021e-05 1.000000100000000021e-05 1.000000100000000021e-05 1.000000100000000021e-05 1.000000100000000021e-05 1.000000100000000021e-05 1.000000100000000021e-05 1.000000100000000021e-05 1.000000100000000021e-05 1.000000100000000021e-05 1.000000100000000021e-05 1.000000000000000021e-08 1.715768949209749906e-05 1.000000000000000021e-08 1.000000000000000021e-08
1.000000000000000021e-08 1.000000000000000021e-08 1.000000000000000021e-08 3.796901524027667356e-05 1.000000000000000021e-08 1.000000000000000021e-08 1.000000000000000021e-08 1.000000000000000021e-08 1.444391614437383190e-04 1.445469817655482439e-05 1.000000100000000021e-05 1.000000100000000021e-05 1.000000100000000021e-05 1.000000100000000021e-05 1.000000100000000021e-05 1.000000100000000021e-05 1.000000100000000021e-05 1.000000100000000021e-05 1.000000100000000021e-05 1.000000100000000021e-05 1.000000100000000021e-05 1.000000100000000021e-05 1.000000100000000021e-05 1.000000100000000021e-05 1.000000100000000021e-05 1.000000100000000021e-05 1.000000100000000021e-05 1.000000100000000021e-05 1.000000100000000021e-05 1.000000100000000021e-05 1.000000100000000021e-05 1.000000100000000021e-05 1.000000100000000021e-05 1.000000100000000021e-05 1.665367436512524946e-05 1.000000000000000021e-08 1.000000000000000021e-08
3.085620002085800111e-05 4.053397348600978656e-05 1.000000000000000021e-08 8.077880171942528151e-05 1.027104038721473385e-04 6.905946370780242547e-05 8.438818959898978015e-05 1.000000000000000021e-08 1.781962437325544429e-04 1.000000100000000021e-05 1.000000100000000021e-05 1.000000100000000021e-05 1.000000100000000021e-05 1.000000100000000021e-05 1.000000100000000021e-05 1.000000100000000021e-05 1.000000100000000021e-05 1.000000100000000021e-05 1.000000100000000021e-05 1.000000100000000021e-05 1.000000100000000021e-05 1.000000100000000021e-05 1.000000100000000021e-05 1.000000100000000021e-05 1.000000100000000021e-05 1.000000100000000021e-05 1.000000100000000021e-05 1.000000100000000021e-05 1.000000100000000021e-05 1.000000100000000021e-05 1.000000100000000021e-05 1.000000100000000021e-05 1.000000100000000021e-05 1.000000100000000021e-05 1.372317878128724344e-05 1.723583127473336108e-05 2.439485364314562918e-05
4.680412271267786343e-05 4.540772380083830993e-05 6.992100497360724336e-05 8.552186307980644546e-05 8.361918589428524900e-05 1.546974574345527740e-04 1.422947315790320036e-04 1.295064266562234701e-04 2.007655844732310639e-04 1.000000100000000021e-05 1.000000100000000021e-05 1.000000100000000021e-05 1.000000100000000021e-05 1.000000100000000021e-05 1.000000100000000021e-05 1.000000100000000021e-05 1.000000100000000021e-05 1.000000100000000021e-05 1.000000100000000021e-05 1.000000100000000021e-05 1.000000100000000021e-05 1.000000100000000021e-05 1.000000100000000021e-05 1.000000100000000021e-05 1.000000100000000021e-05 1.000000100000000021e-05 1.000000100000000021e-05 1.000000100000000021e-05 1.000000100000000021e-05 1.000000100000000021e-05 1.000000100000000021e-05 1.000000100000000021e-05 1.000000100000000021e-05 1.000000100000000021e-05 1.397278075849267433e-05 1.147821903795209212e-05 1.144529271565619247e-05
1.000000100000000021e-05 1.000000100000000021e-05 1.000000100000000021e-05 1.000000100000000021e-05 1.000000100000000021e-05 1.000000100000000021e-05 1.000000100000000021e-05 1.000000100000000021e-05 1.000000100000000021e-05 1.000000100000000021e-05 1.000000100000000021e-05 1.000000100000000021e-05 1.000000100000000021e-05 1.000000100000000021e-05 1.000000100000000021e-05 1.000000100000000021e-05 1.000000100000000021e-05 1.000000100000000021e-05 1.000000100000000021e-05 1.000000100000000021e-05 1.000000100000000021e-05 1.000000100000000021e-05 1.000000100000000021e-05 1.000000100000000021e-05 1.000000100000000021e-05 1.000000100000000021e-05 1.000000100000000021e-05 1.000000100000000021e-05 1.000000100000000021e-05 1.000000100000000021e-05 1.000000100000000021e-05 1.000000100000000021e-05 1.000000100000000021e-05 1.000000100000000021e-05 1.000000100000000021e-05 1.363944927129748636e-05 1.829040109229536248e-05
1.000000100000000021e-05 1.000000100000000021e-05 1.000000100000000021e-05 1.000000100000000021e-05 1.000000100000000021e-05 1.000000100000000021e-05 1.000000100000000021e-05 1.000000100000000021e-05 1.000000100000000021e-05 1.000000100000000021e-05 1.000000100000000021e-05 1.000000100000000021e-05 1.000000100000000021e-05 1.000000100000000021e-05 1.000000100000000021e-05 1.000000100000000021e-05 1.000000100000000021e-05 1.000000100000000021e-05 1.000000100000000021e-05 1.000000100000000021e-05 1.000000100000000021e-05 1.000000100000000021e-05 1.000000100000000021e-05 1.000000100000000021e-05 1.000000100000000021e-05 1.000000100000000021e-05 1.000000100000000021e-05 1.000000100000000021e-05 1.000000100000000021e-05 1.000000100000000021e-05 1.000000100000000021e-05 1.000000100000000021e-05 1.000000100000000021e-05 1.000000100000000021e-05 1.000000100000000021e-05 3.237144492031241718e-05 4.509154274369763318e-05
1.000000100000000021e-05 1.000000100000000021e-05 1.000000100000000021e-05 1.000000100000000021e-05 1.000000100000000021e-05 1.000000100000000021e-05 1.000000100000000021e-05 1.000000100000000021e-05 1.000000100000000021e-05 1.000000100000000021e-05 1.000000100000000021e-05 1.000000100000000021e-05 1.000000100000000021e-05 1.000000100000000021e-05 1.000000100000000021e-05 1.000000100000000021e-05 1.000000100000000021e-05 1.000000100000000021e-05 1.000000100000000021e-05 1.000000100000000021e-05 1.000000100000000021e-05 1.000000100000000021e-05 1.000000100000000021e-05 1.000000100000000021e-05 1.000000100000000021e-05 1.000000100000000021e-05 1.000000100000000021e-05 1.000000100000000021e-05 1.000000100000000021e-05 1.000000100000000021e-05 1.000000100000000021e-05 1.000000100000000021e-05 1.000000100000000021e-05 1.000000100000000021e-05 1.000000100000000021e-05 1.000000100000000021e-05 5.054751939172312796e-05
1.000000100000000021e-05 1.000000100000000021e-05 1.000000100000000021e-05 1.000000100000000021e-05 1.000000100000000021e-05 1.000000100000000021e-05 1.000000100000000021e-05 1.000000100000000021e-05 1.000000100000000021e-05 1.000000100000000021e-05 1.000000100000000021e-05 1.000000100000000021e-05 1.000000100000000021e-05 1.000000100000000021e-05 1.000000100000000021e-05 1.000000100000000021e-05 1.000000100000000021e-05 1.000000100000000021e-05 1.000000100000000021e-05 1.000000100000000021e-05 1.000000100000000021e-05 1.000000100000000021e-05 1.000000100000000021e-05 1.000000100000000021e-05 1.000000100000000021e-05 1.000000100000000021e-05 1.000000100000000021e-05 1.000000100000000021e-05 1.000000100000000021e-05 1.000000100000000021e-05 1.000000100000000021e-05 1.000000100000000021e-05 1.000000100000000021e-05 1.000000100000000021e-05 1.000000100000000021e-05 1.000000100000000021e-05 1.000000100000000021e-05
1.000000100000000021e-05 1.000000100000000021e-05 1.000000100000000021e-05 1.000000100000000021e-05 1.000000100000000021e-05 1.000000100000000021e-05 1.000000100000000021e-05 1.000000100000000021e-05 1.000000100000000021e-05 1.000000100000000021e-05 1.000000100000000021e-05 1.000000100000000021e-05 1.000000100000000021e-05 1.000000100000000021e-05 1.000000100000000021e-05 1.000000100000000021e-05 1.000000100000000021e-05 1.000000100000000021e-05 1.000000100000000021e-05 1.000000100000000021e-05 1.000000100000000021e-05 1.000000100000000021e-05 1.000000100000000021e-05 1.000000100000000021e-05 1.000000100000000021e-05 1.000000100000000021e-05 1.000000100000000021e-05 1.000000100000000021e-05 1.000000100000000021e-05 1.000000100000000021e-05 1.000000100000000021e-05 1.000000100000000021e-05 1.000000100000000021e-05 1.000000100000000021e-05 1.000000100000000021e-05 1.000000100000000021e-05 1.000000100000000021e-05
