output/water_depth_1800.asc
ncols 223
nrows 158
xllcorner 0.0
yllcorner 0.0
cellsize 30.0
[rows 119 to 135 of 158, columns 185 to 221 of 223]
9.072122292845325635e-04 7.496827677641414297e-04 2.496003433598738405e-04 5.228037013712207742e-05 1.656975800130557010e-04 2.491540703808717240e-04 2.639684706016535705e-04 7.571717651839965195e-04 1.468881321054684363e-03 1.508139269027116425e-01 1.660482474667452357e-01 1.568287395672096352e-01 1.675322568455547556e-01 1.318899256681916113e-02 4.552543681529440563e-03 5.467698081629477052e-04 5.517997267953466236e-04 1.662599350214570082e-03 2.096172640502870672e-03 5.181449187686571877e-04 2.388444745270712748e-04 2.036064285085080298e-04 5.375843908262000924e-04 5.048417308270985050e-04 4.196624198404395488e-04 2.578413575341512382e-05 1.609758196033144666e-04 1.000000100000000021e-05 1.000000100000000021e-05 1.000000100000000021e-05 1.000000100000000021e-05 1.000000100000000021e-05 1.000000100000000021e-05 1.000000100000000021e-05 1.000000100000000021e-05 1.000000100000000021e-05 1.000000100000000021e-05
2.491635406530885960e-04 1.162432820739608464e-04 2.364140631421620753e-04 2.589551888741951501e-04 7.085033937618495994e-04 2.815074731163131217e-04 3.736666615602102963e-04 1.180476101075611685e-04 4.817139131683107573e-04 9.338128121179813113e-02 4.309934627014021480e-05 1.013534559716085665e-01 5.837784788512462297e-03 9.908773362933749954e-03 2.381629823995689947e-03 1.348885699988245724e-03 5.768266966883492733e-04 7.342106866420791385e-04 1.442485433467703866e-04 8.625382048921584029e-04 3.949583937410210653e-04 4.407442293229412453e-04 3.609243933705182767e-04 3.665051584245326496e-04 4.346252225762539841e-04 5.032330622251671420e-04 3.034326505152893858e-04 1.000000100000000021e-05 1.000000100000000021e-05 1.000000100000000021e-05 1.000000100000000021e-05 1.000000100000000021e-05 1.000000100000000021e-05 1.000000100000000021e-05 1.000000100000000021e-05 1.000000100000000021e-05 1.000000100000000021e-05
3.042851362378634975e-04 2.620846590368108484e-04 4.239389903217348878e-04 1.530847898376343046e-03 2.090090855614045503e-03 4.558099243749221463e-04 1.513015116185539529e-04 1.276538945661143327e-04 5.549034502982495712e-04 9.926090723123724702e-02 1.003881075106698578e-01 5.129031298482142343e-02 3.997652307570175034e-02 1.016871697038268518e-02 3.770352580510905223e-03 4.466450718397186638e-03 3.281942868199592880e-03 1.357964720087947086e-03 1.216342110790258509e-03 5.289401611683946982e-04 5.255324903485464848e-04 2.607374242383855042e-04 1.402603095901895733e-04 7.048493920234738910e-05 3.996533886488642207e-05 3.294689605105613435e-05 1.000000100000000021e-05 1.000000100000000021e-05 1.000000100000000021e-05 1.000000100000000021e-05 1.000000100000000021e-05 1.000000100000000021e-05 1.000000100000000021e-05 1.000000100000000021e-05 1.000000100000000021e-05 1.000000100000000021e-05 1.000000100000000021e-05
3.389041043280706031e-04 1.286194309904198493e-03 3.384418768256071105e-04 3.555086816820320419e-04 1.400792508372939327e-03 4.436003623374700812e-04 3.001761397716819473e-04 1.424606310066402160e-03 1.451820538360004686e-01 2.088137974568148592e-01 7.497237735379480572e-02 1.146289368088031085e-01 1.359574853051202271e-02 6.356732074503189779e-04 4.148018663462433491e-04 5.099419110448620302e-04 1.331561728174093708e-03 1.532169795162268821e-03 2.372741875527857396e-04 2.324416538822177733e-04 2.301796051818587882e-04 1.828256145936714319e-04 1.000036918695423546e-04 1.170917416318090865e-04 9.719024806652052761e-05 6.098156007231992677e-05 1.000000100000000021e-05 1.000000100000000021e-05 1.000000100000000021e-05 1.000000100000000021e-05 1.000000100000000021e-05 1.000000100000000021e-05 1.000000100000000021e-05 1.000000100000000021e-05 1.000000100000000021e-05 1.000000100000000021e-05 1.000000100000000021e-05
3.080670286477917973e-04 6.492961428067325295e-04 5.614864101180071926e-04 6.660744897778443727e-04 1.415764146267343851e-03 3.313954344007474101e-02 7.985283591901641553e-02 1.562160871467515033e-01 1.320586236065978414e-01 3.144781657696891337e-04 1.560128226407629876e-04 1.892917994793871393e-04 7.314723166597609594e-04 4.749844701892142417e-04 1.000000000000000021e-08 1.000000000000000021e-08 1.599337413466394130e-05 1.254234740834606076e-04 1.149172606580112590e-04 1.604836155602121928e-05 1.157649120503987040e-04 1.591566489621168250e-04 2.244659151014797812e-04 2.179629497076351365e-04 1.487822002627293321e-04 9.785159716939072813e-05 1.000000100000000021e-05 1.000000100000000021e-05 1.000000100000000021e-05 1.000000100000000021e-05 1.000000100000000021e-05 1.000000100000000021e-05 1.000000100000000021e-05 1.000000100000000021e-05 1.000000100000000021e-05 1.000000100000000021e-05 1.000000100000000021e-05
8.948639262528548799e-04 1.323022319987672947e-03 1.383211851827517670e-03 1.139054616797632738e-03 4.872681595476520411e-02 5.096911620669818815e-02 7.385482938292958766e-02 1.944655851295402818e-04 2.327906515958956199e-04 7.626569561122288155e-05 5.647629539082017481e-05 7.215573072708820275e-05 1.880993627762495273e-04 6.086833498551687607e-04 9.098855533827588402e-05 8.224280972627236392e-05 1.316797464278598399e-04 5.361021825148868823e-04 5.433585753808943758e-04 3.363011174804826897e-05 3.175719220889176170e-05 3.605608163510771276e-05 3.195632145313621062e-04 2.573081600889959167e-04 1.883582690321814216e-04 1.048526698671823043e-04 1.000000100000000021e-05 1.000000100000000021e-05 1.000000100000000021e-05 1.000000100000000021e-05 1.000000100000000021e-05 1.000000100000000021e-05 1.000000100000000021e-05 1.000000100000000021e-05 1.000000100000000021e-05 1.000000100000000021e-05 1.000000100000000021e-05
1.469302098448000424e-03 8.470538797830993007e-04 1.505631028683381304e-03 2.963524093281205609e-03 1.834438630468193943e-01 1.826250575834837409e-01 1.458064107699247542e-04 4.335157662950749464e-05 3.292174756469582104e-05 1.000000000000000021e-08 1.000000000000000021e-08 2.194625448213918253e-04 1.766489731514323674e-02 2.138845595204759420e-02 4.600534168085616046e-04 3.820719808563595617e-04 9.805909502030019358e-04 1.239099420971292130e-03 1.528231033054518499e-04 1.477262135600700610e-04 9.464252199289130050e-05 6.399916152556041869e-05 5.556125412773281946e-05 3.220667992809791600e-04 2.223489783847039348e-04 1.171066477800094966e-04 1.000000100000000021e-05 1.000000100000000021e-05 1.000000100000000021e-05 1.000000100000000021e-05 1.000000100000000021e-05 1.000000100000000021e-05 1.000000100000000021e-05 1.000000100000000021e-05 1.000000100000000021e-05 1.000000100000000021e-05 1.000000100000000021e-05
1.058623128991471006e-03 5.060939009524595498e-04 1.063513208618342525e-03 3.430149902984137942e-03 1.787505530293228839e-01 1.758502741679132675e-01 2.022291642348453191e-04 1.610887150413130655e-04 1.347532652367732073e-04 1.112776393718355308e-04 8.441237241586110689e-05 2.156742839398581254e-04 5.017591974806857695e-03 3.107682229790451707e-04 4.973082202025488115e-04 2.488908988585734937e-04 6.077957442180694989e-04 2.424140823065271404e-04 2.526098744918933345e-04 3.421118479618248122e-04 3.853400221294746514e-04 2.775332126871201408e-04 2.020416833926993625e-04 4.628782781773799031e-04 2.942436448626816132e-04 1.552364337271726694e-04 1.000000100000000021e-05 1.000000100000000021e-05 1.000000100000000021e-05 1.000000100000000021e-05 1.000000100000000021e-05 1.000000100000000021e-05 1.000000100000000021e-05 1.000000100000000021e-05 1.000000100000000021e-05 1.000000100000000021e-05 1.000000100000000021e-05
5.641851335722384815e-04 1.377549875462855252e-03 1.240182320057071821e-03 9.583280679000679911e-03 1.750697631880054617e-01 1.670006938766408211e-01 4.710259561162798148e-04 3.161213342704128270e-04 2.334206166163360868e-04 1.659495251725143694e-04 1.225306640340447992e-04 4.058157647906610613e-05 1.229229976814902054e-03 4.181717602334567366e-03 1.962804208558834116e-03 1.890509817812642112e-03 6.067710727951879362e-04 6.505873756949062800e-04 4.533007552620891027e-04 2.565363970780506413e-04 3.026520319625627931e-04 2.806434138334801417e-04 1.933664305183469565e-04 1.481781109017284777e-04 3.088572166021263726e-04 1.559050879912507253e-04 1.000000100000000021e-05 1.000000100000000021e-05 1.000000100000000021e-05 1.000000100000000021e-05 1.000000100000000021e-05 1.000000100000000021e-05 1.000000100000000021e-05 1.000000100000000021e-05 1.000000100000000021e-05 1.000000100000000021e-05 1.000000100000000021e-05
1.964900062374549863e-03 7.584587241449830021e-03 1.335643798951794553e-02 8.467898905727485812e-03 8.849992106729979990e-03 1.394279735449056312e-01 5.958009092793725616e-04 3.696947857629091674e-04 2.783561290494845344e-04 1.949359064232169777e-04 1.157218029693175007e-04 7.878351673497716219e-05 1.376802799274239346e-03 6.760979437284236025e-03 2.787375795914340867e-03 1.965634635797136685e-03 1.977285949174211951e-03 2.519370601671665124e-03 3.191933280105026943e-03 2.699563312793821536e-03 1.991859933290309088e-03 1.745459020361409160e-03 1.336352513050141936e-03 1.074533339763034242e-03 5.297668432628189301e-04 1.449029500756425916e-04 1.000000100000000021e-05 1.000000100000000021e-05 1.000000100000000021e-05 1.000000100000000021e-05 1.000000100000000021e-05 1.000000100000000021e-05 1.000000100000000021e-05 1.000000100000000021e-05 1.000000100000000021e-05 1.000000100000000021e-05 1.000000100000000021e-05
1.089403343749500118e-02 9.160166107433418900e-03 4.200710137550130868e-03 4.378144168586522826e-03 3.701306840100382183e-03 8.856722757429436044e-02 3.564970745592049850e-02 1.437536470895961981e-04 3.210018871777903910e-04 2.458648291627313028e-04 1.760175246313205291e-04 1.291840046161778980e-04 1.137049771941311960e-02 1.023055258938450514e-02 1.088381660962467815e-02 7.658442565628299954e-03 4.033172119248706194e-03 2.013950169304854019e-03 7.681596383038469819e-04 2.976520560692414016e-04 2.008577700957633405e-04 6.435554001279666220e-05 8.307596180033826596e-04 5.516386855699714721e-04 5.871108567572400853e-04 3.237202241173804131e-04 1.000000100000000021e-05 1.000000100000000021e-05 1.000000100000000021e-05 1.000000100000000021e-05 1.000000100000000021e-05 1.000000100000000021e-05 1.000000100000000021e-05 1.000000100000000021e-05 1.000000100000000021e-05 1.000000100000000021e-05 1.000000100000000021e-05
9.995484971088772555e-03 3.908661937740814593e-03 4.607234504441816425e-03 2.200287406808649256e-03 1.196201597248786270e-03 2.518288601898632448e-02 5.989856462714714808e-02 2.441843619277073163e-03 3.128787772503526920e-03 4.032561226826939654e-03 4.956668794408640444e-03 6.592904008837349381e-03 9.119845358790656595e-03 6.818812631801419825e-03 1.411541394340243933e-03 1.728428517332061256e-03 5.927855558129874018e-04 7.284403295998488365e-04 5.104228864637830885e-04 5.727127002120586518e-04 4.595489299563741670e-04 1.236546344210399159e-03 8.798965678248483048e-05 5.871934468783939225e-05 1.195628498311716121e-04 1.075232325088234674e-04 1.000000100000000021e-05 1.000000100000000021e-05 1.000000100000000021e-05 1.000000100000000021e-05 1.000000100000000021e-05 1.000000100000000021e-05 1.000000100000000021e-05 1.000000100000000021e-05 1.000000100000000021e-05 1.000000100000000021e-05 1.000000100000000021e-05
1.115063364922792843e-02 1.212914215060211486e-02 8.336330776416153027e-03 7.306185341703132566e-03 4.194257731602412179e-03 1.558213301156289969e-02 1.782079745122484016e-01 1.819007970879577274e-01 1.567186478539530151e-02 1.296107051422103196e-02 1.309419224153386511e-02 3.254505061275673322e-02 9.311812388461340392e-03 2.563515419061212965e-03 2.762280614337850326e-04 8.844914993572667444e-04 1.625677967191608338e-03 3.863699299998142058e-04 4.290041809991659329e-04 3.107968590316154372e-04 2.878421469563800751e-04 5.900739426563636524e-04 6.814902927424465852e-04 3.550725534928008591e-04 2.678943562566338601e-04 7.868101531323288763e-05 1.000000100000000021e-05 1.000000100000000021e-05 1.000000100000000021e-05 1.000000100000000021e-05 1.000000100000000021e-05 1.000000100000000021e-05 1.000000100000000021e-05 1.000000100000000021e-05 1.000000100000000021e-05 1.000000100000000021e-05 1.000000100000000021e-05
1.969594550817763134e-02 2.410613069212953416e-02 2.625304246814710862e-02 1.567546166261362534e-02 1.205565026289810715e-02 1.241559787724084984e-02 1.549850796213844695e-01 3.106321972652397096e-04 1.844394250432744217e-04 1.000000000000000021e-08 1.000000000000000021e-08 4.946085439227986685e-03 7.713114396901833703e-02 3.895883211852513555e-03 2.515486603929060344e-04 6.458567520621402019e-04 2.719077426714137848e-04 1.403244318500113108e-04 6.263693704833367642e-05 6.104563786831409948e-05 6.230021618232384260e-05 1.207290768152646142e-04 2.137169742951948133e-04 1.911962103542540659e-04 1.158195647108223444e-04 1.000000100000000021e-05 1.000000100000000021e-05 1.000000100000000021e-05 1.000000100000000021e-05 1.000000100000000021e-05 1.000000100000000021e-05 1.000000100000000021e-05 1.000000100000000021e-05 1.000000100000000021e-05 1.000000100000000021e-05 1.000000100000000021e-05 1.000000100000000021e-05
5.514879785424363010e-03 6.581962252689594305e-03 4.718522087578951203e-03 1.104785622475763437e-02 1.232835005597748140e-02 1.724654295970576012e-01 9.775103831043721603e-02 1.499955764117121330e-04 9.968011939084547087e-05 9.835003006174479262e-05 3.836924609429807502e-05 5.741381957251024543e-02 6.574025750464165818e-02 6.848939400626301299e-02 1.651078226826398427e-03 6.309838205002016353e-04 2.927801953462697850e-04 1.747006640479820117e-04 1.406805842179688305e-04 6.169061918511282376e-05 5.434621628667702905e-05 4.499622893243365284e-05 5.812859914518803540e-05 1.065311761850302292e-04 7.571903832406920356e-05 1.000000100000000021e-05 1.000000100000000021e-05 1.000000100000000021e-05 1.000000100000000021e-05 1.000000100000000021e-05 1.000000100000000021e-05 1.000000100000000021e-05 1.000000100000000021e-05 1.000000100000000021e-05 1.000000100000000021e-05 1.000000100000000021e-05 1.000000100000000021e-05
3.179958257012713285e-03 4.560501227554480258e-03 6.056546052551023754e-03 6.780710875456412781e-03 1.251832098903134516e-01 1.095163022862486041e-01 2.179920342903616430e-04 9.252587716328643588e-05 9.813342852651066686e-05 6.008890428324250248e-05 8.566328599786259565e-05 2.579612000653585396e-02 4.540206570636536043e-02 5.452267956442072034e-04 5.870103276636027450e-04 7.228651784194138445e-04 1.230490883219871687e-04 1.159951423246660532e-04 7.434676488555941342e-05 4.538263867333734762e-05 2.503222937810076925e-05 2.925255632997049177e-04 3.197509491729890060e-04 2.360655465254381770e-05 1.000000100000000021e-05 1.000000100000000021e-05 1.000000100000000021e-05 1.000000100000000021e-05 1.000000100000000021e-05 1.000000100000000021e-05 1.000000100000000021e-05 1.000000100000000021e-05 1.000000100000000021e-05 1.000000100000000021e-05 1.000000100000000021e-05 1.000000100000000021e-05 1.000000100000000021e-05
3.466558503792228213e-03 3.987651336014900842e-03 4.535575312320155872e-03 8.051844985708567562e-03 1.242435311093428307e-01 2.390543463898119807e-04 1.336704823361018445e-04 1.542698538524035865e-04 1.147800851121029756e-04 2.150683021587301738e-04 1.000000000000000021e-08 3.547398612682256536e-02 1.083308958863014350e-02 4.822279565345571851e-04 7.046182392187117427e-05 6.694110132099126474e-05 6.581508289578459755e-04 4.869367774897531221e-05 2.325677098109090086e-04 3.750542495637061035e-05 3.538586382313206434e-05 2.241976795863882978e-05 2.057635455389114371e-05 2.002503165973039444e-04 1.000000100000000021e-05 1.000000100000000021e-05 1.000000100000000021e-05 1.000000100000000021e-05 1.000000100000000021e-05 1.000000100000000021e-05 1.000000100000000021e-05 1.000000100000000021e-05 1.000000100000000021e-05 1.000000100000000021e-05 1.000000100000000021e-05 1.000000100000000021e-05 1.000000100000000021e-05
