output/water_depth_1560.asc
ncols 223
nrows 158
xllcorner 0.0
yllcorner 0.0
cellsize 30.0
[rows 119 to 135 of 158, columns 111 to 147 of 223]
1.258270930182421865e-01 1.266156419571511649e-01 1.243499583573393907e-01 1.203848358748051683e-01 1.154123470742658142e-01 1.095174710271804019e-01 8.401703067002883052e-02 1.245776673959758385e-01 1.648351920681034033e-01 1.925835061504782009e-01 2.217472816206743635e-01 1.468701191232620051e-01 6.160780972852816090e-02 2.920436898270818010e-02 2.164023048842246902e-02 4.579357216399961364e-03 1.276270359804911481e-03 9.913057758673005787e-04 2.431904080354766438e-04 1.323525155525248208e-04 4.678111276630005295e-05 5.858587341637479029e-05 1.150670329497669668e-04 2.948780447192176865e-04 6.013722487789150859e-04 1.675375303544562877e-01 1.608952914128514711e-01 9.447196251119848592e-04 1.131001560063685745e-04 2.295929802850025657e-04 5.202134105226207273e-04 3.679518145611850380e-04 6.250848102420312720e-04 1.663749974893563187e-03 1.534158657044132736e-03 5.209640568621693758e-03 1.185057424882589609e-03
1.466643031686912756e-02 8.328074692885625158e-03 4.375587297445797386e-03 2.401259610554055002e-03 1.467175525455789806e-03 9.152950812314098340e-04 6.344920788117787425e-02 4.857789391300326720e-02 4.786675771984181399e-02 3.498874570540828899e-02 4.095324248275079848e-02 1.007990557708493030e-02 3.832263866669993968e-05 6.226735021584883952e-05 4.562657571415993317e-04 9.367352153879833368e-04 4.727913575525266154e-04 8.779640680371936755e-04 1.879708714044442126e-04 7.341068783084855605e-05 1.287651873653281455e-04 1.936783233487871425e-04 2.750057803440934204e-04 7.747158914752047543e-02 1.417998164829127050e-01 1.705189055033304035e-01 1.752440753704359849e-03 4.650551263741027771e-04 4.810584862180462677e-04 1.906748112173705647e-04 3.927944978646460148e-04 3.469107619031109387e-04 7.186903017868920447e-04 7.722571931619403706e-04 2.350840503528455350e-03 3.853430053942193297e-03 1.595186151067335681e-03
2.516162471179405127e-03 1.227308634042554225e-03 5.517025392891527743e-04 2.890890537405205207e-04 1.810565223897643626e-04 1.576481992209981297e-04 3.063583575175706257e-04 8.616090278737528751e-02 5.209296754850939459e-02 2.587881618350873492e-02 2.094832272930550673e-02 3.541391577578815249e-04 8.552196463064318200e-05 5.153705355513487995e-05 8.438514613504632391e-05 6.310550645314528216e-04 3.675290664370836017e-04 7.077662471280058570e-04 1.604175134259156258e-04 1.000000000000000021e-08 1.464409929073444980e-03 1.254256168682548085e-02 6.182855135002452568e-02 7.420409742215587634e-02 6.040078988613736821e-02 2.738295505429431606e-02 1.589799176561984464e-03 4.555238583125803477e-04 5.624672463262249140e-04 3.639102243860445796e-04 5.514356201884304184e-04 8.186423488986598138e-04 5.733838556250768752e-04 8.228752151772603801e-04 1.271639808400489751e-03 2.739887456705037815e-03 1.642100203616444522e-03
5.399575839446798088e-04 9.274642922377804386e-04 7.644609976660400683e-04 5.244733917737203627e-04 4.860711077855312348e-04 1.025095916799975519e-03 1.895055718096238795e-01 1.554416109352156905e-01 1.205092099502306779e-01 6.408487591588009954e-04 1.392003869085474865e-04 3.092807461474686198e-04 6.111042373530081067e-05 2.425642487367736408e-05 3.050094438315059507e-05 1.963100200209220905e-04 6.453573315956747953e-04 4.582999509943121511e-03 1.904702245676999015e-02 2.108496171685827949e-03 1.111127802518205483e-03 4.236848772363786125e-02 4.618830657171523607e-02 8.185297618471254477e-02 7.262725717964560457e-03 4.184481366331478484e-03 1.811787603982087684e-03 2.361570985669999624e-04 5.860908773243200115e-04 3.945569998111983045e-04 3.272536532970782243e-04 1.086033154761057839e-03 4.413294529770168603e-04 4.147509763544666474e-04 1.750246657309267352e-03 2.129609116272614990e-03 1.312249372425857872e-03
6.889360350529376981e-03 1.130460288925012012e-02 1.382641700510230803e-02 9.039876315078519339e-03 5.201403109836967922e-03 1.447437150956157603e-01 2.167667990876836759e-01 1.898338197298584940e-01 1.732732196400506167e-03 5.513366805383936855e-04 4.104087950545290940e-05 2.677190404380981581e-04 1.202669999699450813e-04 1.000000000000000021e-08 7.914722713473995065e-05 2.255119447288495829e-04 1.786015464510477564e-03 5.726042752409924060e-03 1.159111248553899680e-02 7.885715127504994149e-03 4.672670311930794684e-02 5.215780939864412408e-02 4.878643350913713234e-02 2.719695943417661452e-02 6.182973779937850009e-03 5.347572132013122745e-03 2.638375521361922046e-03 9.307230406904487855e-04 1.536991699411956441e-04 9.723965987949980609e-05 2.703633725259881656e-04 4.107315596357402100e-04 2.327992045611878180e-04 6.899960353958322192e-04 1.854331351339585758e-03 1.789999834043571204e-03 2.296422808930046865e-03
5.295252490806454798e-03 5.308194924340136137e-03 2.000874149661557161e-02 4.662037524803103877e-02 9.827948479788463365e-02 1.483906949247683904e-01 9.850388178481382651e-02 5.800933962056486429e-04 8.408673000066591886e-04 5.085837417212332127e-04 3.589161048412365805e-04 1.165119757125462839e-05 3.328633393028725021e-04 2.122584651692974601e-03 3.601337134386733106e-03 6.505432943687639545e-03 4.643641233597289517e-03 1.146605645492809571e-02 2.476563489944375376e-02 4.771934459190290551e-02 9.199690723077312560e-02 5.753826296244986260e-02 8.272670246227967900e-03 8.184549208163329620e-03 7.665211609404267400e-03 5.536415080284775615e-03 2.150791911647870029e-03 4.707287715576942639e-04 8.185336557441626963e-05 8.784054036287336975e-05 1.204558593772496445e-04 4.321112300022914065e-04 4.464367791248433971e-04 5.389209081451910160e-04 2.220859090222032043e-03 2.442678339441777847e-03 1.296958793181676771e-03
3.904222909916736737e-03 2.240971383756123255e-03 1.972465944966580662e-02 2.261708176063943407e-02 5.298633608420780933e-02 1.481613111511954628e-01 1.492278558884101332e-02 1.100470596822093956e-04 1.944807331238562948e-04 4.698734579274928464e-04 2.309230709067519171e-04 7.770394766208009983e-05 1.257804184940449410e-03 1.870451644808219811e-03 4.870560794991641760e-04 3.999140768786138903e-03 7.021647512117128002e-03 1.768478988675214678e-02 2.007958865657254524e-02 1.984588275065754873e-02 2.967422487914498849e-02 1.647620572617114476e-02 7.524482545126072626e-03 8.098464400095680207e-03 7.534332085540914985e-03 6.054342503351084655e-03 4.324715527962572775e-03 6.684174709709592068e-04 5.389034128334464378e-05 3.703261741990653607e-05 3.095783070515021403e-04 4.455954697449427239e-04 2.551892835914042245e-04 1.009494595890214228e-03 1.459490982401307792e-03 9.754812780106361528e-04 7.670305036392565268e-04
4.416741628154936122e-02 6.351243041453295823e-02 3.905103214335441109e-02 2.436924088900055060e-02 8.489205496669537110e-02 9.308383876970219295e-02 2.130876211558959538e-02 7.727812540197584608e-05 4.488335166541898390e-05 6.329036046581287779e-05 3.434166722939028193e-04 6.534887441373269821e-04 9.273862180363005902e-04 1.828038098253876535e-03 6.555665217497334829e-04 7.314195415643519500e-03 2.977531419668169588e-02 2.662900443636638873e-02 2.003522376611138744e-02 1.686463902639025875e-02 1.804220155331150502e-02 8.222457374338715264e-03 6.850138933776442861e-03 7.277442874192755796e-03 1.064639970803898592e-02 1.038294954248220048e-02 3.569304527707321123e-03 2.712248502807398584e-03 1.414635577933160364e-05 8.690649052234475911e-05 3.943700113450473044e-04 6.292898631374037799e-04 1.099239860739779917e-03 1.418473157363849555e-03 8.031015298460327922e-04 7.634862317577606212e-04 1.801188408192951561e-04
1.909381761355495588e-02 1.714229615075376842e-02 1.413435626769599975e-02 1.486629724387006357e-02 4.865997748631152586e-02 8.706998580083968875e-02 4.328080657758341665e-02 4.462940339786884269e-05 1.270932582847189411e-04 9.570588318548663457e-04 3.163894565669939378e-04 8.103562436619357124e-04 1.526140065505839408e-04 5.403068372174326967e-04 6.919732841049987737e-04 1.246263348733474795e-02 3.038262803597110637e-02 2.253657870411677686e-02 1.389732087657102357e-02 8.899334999888569575e-03 8.778989310379110497e-03 1.714677388861920483e-03 2.476045775010427431e-03 2.856886727824693196e-03 6.308609856096185006e-03 8.467940214915203878e-03 6.361726186410607276e-03 4.100589618387440183e-03 3.987356539361370730e-03 1.056131145480992788e-03 8.789944163166947891e-04 5.289169752351405166e-04 1.177239205476709929e-03 1.070053342175895971e-03 6.374010114598529283e-04 3.810067501924546294e-04 1.472244754184141077e-04
1.913794566550121659e-02 1.387015306434635775e-02 1.098202966295712922e-02 9.427824689699007554e-03 9.926456547058211399e-03 7.815503069248139201e-02 1.212208345080171973e-01 1.549231736933590065e-01 7.488284373966967201e-03 2.650718261203507541e-04 2.264725683464625266e-04 2.023015586060376196e-04 6.750430889110311606e-04 5.639436784190649758e-04 5.825248044611264654e-04 1.449418342969790996e-02 5.169267887968671121e-02 1.069451577467589280e-02 5.698684104560900604e-03 3.487541046257843294e-03 2.862305354429362046e-03 4.587046796668673202e-04 1.997326010868929243e-04 5.563127197909120908e-05 2.566465805014292293e-04 6.495325266795764878e-03 6.523125192291274327e-03 3.687926069127624423e-03 2.406128780031464767e-03 1.603570680712604031e-03 1.113006491872150366e-03 5.704596139410579797e-04 1.100836754652639426e-03 2.174195468728797390e-03 5.932603727358016100e-04 2.720770565591686617e-04 7.998668828237367101e-05
1.069249042996106916e-02 1.318361393778270073e-02 3.394663491836715039e-03 7.131096495702277799e-03 7.324118666407055528e-03 1.548306356869376225e-02 7.200859161734841918e-02 7.614637879801348930e-02 8.164896482595714738e-03 1.000000000000000021e-08 9.446919760355251871e-05 2.319511556547876590e-04 6.094201989681069130e-04 2.867558412357198386e-04 3.802673898506287180e-04 8.989074179793075286e-04 7.460722722240796523e-02 3.871677810236049712e-03 8.408993369384169326e-04 1.074867861672372310e-03 8.211147545831150264e-04 3.684898548112750969e-04 8.598466483823026486e-04 4.778924861056955162e-04 2.040028233758025189e-04 2.434114849408275838e-04 8.733582041963842274e-03 3.571457738573938223e-03 2.456321599114581755e-03 1.587326289262687385e-03 9.726539849695893698e-04 2.036710084580390333e-04 2.266625833314596665e-04 3.412363709642952220e-04 6.337186660943703274e-04 1.892193676888123319e-04 1.517523075333326551e-04
6.539364531146355831e-03 5.048162555455228823e-03 6.989587649964118347e-03 6.029249251401809506e-03 1.129544884522940863e-02 1.291992306042666523e-02 5.789764733398149177e-02 7.474193204618341524e-02 1.318740887467399411e-02 3.541940588911162173e-05 2.284309951015316728e-05 2.310379843803033351e-04 2.386003125669064115e-04 2.820077703589044600e-04 2.938670675212583976e-04 1.860067892799423283e-04 6.432731586033720028e-02 2.123193727539041814e-03 7.242193556207575725e-04 7.184212381313881011e-04 5.372780851472268087e-04 3.990891419551728637e-04 5.809197128658442888e-05 6.043474939533521580e-04 1.748257484647394396e-04 5.793436230436879979e-04 4.839585720530362352e-03 1.963382138833737536e-03 1.336289310003398872e-03 5.414392330125677956e-04 3.356153825994566647e-04 4.701687074496944632e-05 1.241221551373326425e-04 1.213282433245983999e-04 1.497141180641880750e-04 6.937209706262675033e-04 1.500659592011413740e-04
3.109551991769314572e-03 7.891203558123850367e-03 6.677045036081709177e-03 1.105957051778930049e-02 1.004549743190541120e-02 1.780433255279295288e-02 2.745554594615891297e-02 7.539116626092269569e-02 6.262482044071629450e-02 1.273799987096906105e-03 1.125142919731472171e-03 1.338501380846227572e-03 2.169844996695060560e-04 1.386735918363541406e-04 1.676705080305345504e-04 1.233351630843099699e-04 5.127323538516957713e-02 3.844535704923375801e-03 7.302375740754189380e-04 6.009252680404096212e-04 5.354681257477949792e-04 4.381167257048508177e-04 2.821384988898112726e-04 3.695058509838450842e-04 1.421996366751728945e-04 6.417665910876267556e-04 3.600478239499735420e-03 1.308469902090847372e-03 2.156553097021226412e-03 4.872438383262679934e-04 9.403674991991027403e-05 9.601971829993868391e-05 3.963415882737420621e-05 8.617355567605798617e-05 1.207418897546789122e-04 8.412360797893116398e-04 1.897488007914616517e-04
6.373048055353553419e-03 8.485003500220054257e-03 7.538482306223092885e-03 7.651583228828437097e-03 1.097598043250222651e-02 2.529977096102166076e-02 3.745714307208398292e-02 6.074347724716786662e-02 7.582219526411660207e-03 6.251541133853915147e-03 5.683780918214432695e-04 2.341110425487806426e-04 1.737609485993271707e-04 8.547963089084650845e-05 1.720252353476582120e-04 1.601503328064513324e-04 3.783464595441138334e-02 7.466105362704499905e-03 2.505583376215134378e-04 3.529480053623815011e-04 1.753982689441466875e-03 3.292476192399575565e-04 2.791083657660476834e-04 1.683970807955929069e-04 8.194031346394305333e-05 7.078148116955461410e-04 1.855748659139620218e-03 1.297347334339757829e-03 5.325173026299263651e-04 5.043062957984694242e-04 1.311488455420622686e-04 5.714521777109594496e-05 9.827777568339682171e-05 2.687246787041439630e-04 5.019794074562102101e-04 6.259042943526704284e-04 2.484805195470508139e-04
7.841145661191017621e-03 4.931097704496468712e-03 6.362116742643315892e-03 5.277871514625678828e-03 4.222003537421272629e-02 4.145968648445608196e-02 4.763630525361326612e-02 1.546410016860327863e-02 7.559410932548514886e-03 2.810644076279446030e-03 2.086297334594948080e-03 1.649347100743555651e-03 1.243914481215465740e-03 5.475029402212462952e-04 1.141604226948208546e-03 1.079663453352164423e-03 2.507223746949583873e-02 1.204093176137504412e-02 2.416781731956050248e-03 3.431286407124585752e-03 2.284800810098292292e-03 2.219083212698539991e-04 1.641549359621829074e-04 1.041842438343284106e-04 6.110373137830232306e-05 7.317703606113115048e-04 1.383554795796128811e-03 5.544748160109597623e-04 3.630859063702304669e-04 4.305894656879509768e-04 7.512948598642047750e-05 5.357461159204806830e-05 1.103052475307220973e-04 2.701474916366318913e-04 5.828998308780521283e-04 4.107249242097188533e-04 6.629033803630989875e-05
2.511033039555813674e-03 4.537130778383339016e-03 2.575645798869817191e-03 4.435342919372303218e-03 5.038220240256515575e-03 8.407324492522573467e-02 1.005545247854193053e-01 4.041437833601725996e-03 2.048769526873724101e-03 2.891031846663515842e-03 1.082587458629763379e-03 1.433692625282440708e-03 2.356630281863308159e-04 5.356085109083491818e-04 6.589204847327026666e-04 3.660370947178022785e-04 1.531431677495870454e-02 1.149917097988890913e-02 1.630853574130064487e-02 6.717518885099454246e-03 3.099044612583210304e-03 8.913868474644515941e-05 4.235939660533665152e-05 5.405422681302725720e-05 2.925016047805766760e-05 7.236615903341422559e-04 6.327425817060593465e-04 2.457864085366884277e-04 1.474236728367222518e-04 2.040526423853032667e-04 1.446917501680470262e-04 5.542212347719789351e-05 6.401955608506079590e-05 4.099613050754458360e-04 2.622600832912036863e-04 1.365838528004227441e-04 3.091257256860598335e-05
2.682280986167763330e-03 1.804193913672207062e-03 3.916925198763399757e-03 2.457904991097088852e-03 2.781750986521986865e-03 3.725734733137592378e-03 6.940065238033765738e-02 6.551973944646353326e-03 1.815360397902630787e-03 1.350561583841334125e-03 1.503508525745047729e-03 1.069859712165842185e-03 9.035615963773803048e-04 8.326503131365035892e-04 4.691989684215972975e-05 8.092181560385580815e-05 3.376003847904885443e-03 7.324194933046794358e-03 3.025374985020765420e-03 5.338795386591012153e-03 4.734138899866008679e-03 4.534234134990068436e-03 1.343054045785136309e-03 1.129908140740390693e-03 1.288727977414657602e-03 4.777519337042561648e-04 1.686212858674800347e-04 6.537224871385303060e-05 6.051334559370187115e-05 2.604174663898619965e-05 1.628027362910998443e-04 3.385796445107461358e-04 4.054741334912453075e-05 2.814328497302143314e-04 2.336364631150329599e-04 1.722459772593606627e-04 1.367669838585505967e-05
