output/water_depth_10560.asc
ncols 223
nrows 158
xllcorner 0.0
yllcorner 0.0
cellsize 30.0
[rows 68 to 84 of 158, columns 74 to 110 of 223]
1.674043007118387495e-05 2.224896269168115447e-05 1.698649454108230449e-04 1.000000000000000021e-08 1.000000000000000021e-08 1.000000000000000021e-08 1.000000000000000021e-08 1.260208175672851896e-05 1.225092752226098481e-05 1.108783461033740195e-05 1.050603046865526878e-05 2.480287749580022474e-04 2.892617152343709909e-04 3.716815343970538517e-04 9.384127002854975724e-04 1.315894290483634287e-03 3.168564483685327483e-04 1.002247893583870934e-04 8.126717308663377725e-05 8.614397070359811439e-05 5.794998262077609820e-04 8.270298727627885390e-04 1.131644564042484386e-03 9.565494679852766221e-04 1.017751865723673637e-03 5.887736046913192699e-04 8.152603740616709040e-04 6.563160432300222053e-04 7.163876407122858224e-04 7.395627634696119983e-04 1.160794829480954991e-03 1.229314852688199577e-03 8.187551897386247720e-04 5.428158473377643926e-04 6.000907975879990735e-05 1.789562232821050708e-05 1.000000000000000021e-08
3.535581434726280570e-04 3.214003007174055728e-04 2.152107390988442144e-04 1.645716220975725866e-04 1.197822930491494400e-04 9.525646717362924677e-05 7.687609349624193128e-05 5.610262762340812549e-05 4.551536283415027139e-05 3.403977930010699344e-05 3.034470741619170217e-05 1.420118360290450034e-04 2.002696096282707329e-04 3.540877309572445884e-05 8.190661306806723053e-05 2.265331636504211302e-04 1.639967254089443049e-04 2.194746881629405246e-04 9.054475636159586523e-05 1.448890439986999892e-04 1.811723226783649911e-04 2.133971018054347320e-04 1.433336316042056139e-04 1.821283207049371230e-04 1.255783390370295396e-04 2.778720963276959540e-04 4.139907542909436553e-04 4.528436515311372833e-04 3.077672398643722029e-04 3.267654520727650931e-04 4.378239394390138301e-04 5.144912596471473741e-04 8.438916043664629503e-04 9.164472841629749730e-04 2.965370273246895863e-04 2.611765297567243357e-04 7.863191091540481907e-05
3.950133445257182781e-04 2.852999051565036038e-04 3.743126760818081219e-04 3.035233586065543237e-04 2.769866115396795261e-04 2.429564822098133489e-04 2.876438935912837831e-04 3.179598755484964795e-04 4.653783647219281844e-04 3.247510978042646547e-04 2.205752820490944289e-04 1.610573996081661778e-04 1.756236623724449742e-04 2.004951847139224046e-05 1.282587394201932778e-04 1.069527199420813217e-04 2.254409205150854174e-04 3.049000608335184371e-04 2.720734921620004531e-04 5.101352642540713097e-04 8.569006460384823252e-04 7.666100146051771282e-04 1.015208382105090490e-03 8.500247833480791167e-04 9.087638936892373457e-04 7.343067277606227065e-04 6.937091255838723301e-04 1.163412614956072779e-03 1.935142913174218906e-04 2.454102395363476764e-04 1.880610352971705420e-04 2.707032288091842866e-04 3.636528295342325991e-04 9.204636389112821155e-04 1.311038132902537763e-03 1.208612184824849620e-03 1.594780024812101661e-03
4.044310953782620554e-04 3.369663937222244050e-05 1.000000000000000021e-08 1.998233641454792741e-04 3.217138362719409658e-04 4.767410210092099237e-04 5.489754903542986642e-04 5.664722433963016420e-04 3.221532553542009363e-04 3.531147374757999586e-04 1.484130748247929649e-05 1.087504421101486080e-04 1.668690115054253197e-04 3.312320196696437783e-04 2.499682118130701651e-04 2.005907756845887202e-04 2.989137277227546042e-04 4.304174245135266490e-04 1.845181004382212466e-03 1.311225962934055040e-03 8.835993324001133967e-04 6.789674086576417359e-04 3.871450454815061285e-04 2.428665600844310656e-04 4.694420634607808832e-04 3.141905791708757539e-04 4.997199834298592797e-04 8.493351064529728461e-04 2.421906467223211871e-04 1.927218565096178692e-04 2.417640733409766546e-04 1.962462208645173942e-04 2.745623870945559583e-04 3.726012040629399593e-04 1.154342621097397296e-03 8.114638135804887924e-04 1.021016230014181120e-03
2.643900084907497509e-04 2.512385166738398162e-04 1.866659663154185812e-04 2.777067963458439907e-04 3.009642692384949703e-04 2.427425017580276789e-04 1.826142292914207266e-04 1.565614872438987593e-04 2.361456579614618404e-04 2.589165249123765713e-04 1.000000000000000021e-08 7.072437196538818743e-05 1.599063204755935691e-04 1.790109651207857618e-04 2.002887614912916175e-04 2.713317419310453359e-04 4.183156628635831373e-04 4.250690327788359392e-04 2.854800008362888943e-04 1.638837038907514339e-04 9.197987836955471154e-05 4.556021240267318570e-05 1.996616902867624408e-04 2.038187043360669608e-04 3.458815943781737181e-04 3.473979757898851403e-04 3.729084120835908034e-04 1.602082325669976508e-04 1.213136984036420431e-04 2.079333711295801280e-04 7.144780978896421919e-05 1.316897515997731609e-04 1.191276440938550873e-04 1.911511504872820595e-04 1.885785474996163453e-04 8.321210135249003945e-04 4.759608331691092152e-04
2.625256838766502942e-04 2.978010118585749846e-04 2.740561509798914035e-05 3.711385811610627109e-05 1.000000000000000021e-08 1.000000000000000021e-08 1.000000000000000021e-08 6.639465452225806275e-05 1.666293894079532096e-04 2.317671475820359665e-04 1.539798569862071748e-04 1.119924421294125975e-04 8.160321316006799073e-05 4.557983987187386919e-05 1.318223073984205196e-04 9.004944046872947441e-05 1.214769597577278686e-04 1.348920861042454602e-04 1.343626700612140731e-04 2.167715502561782300e-04 1.927466721496759656e-04 1.462681789438291990e-04 1.753244302909249110e-04 1.914375051501457023e-04 3.653733052257321129e-05 5.208196269719089761e-05 9.752839445238223478e-05 6.179924406156956642e-04 1.793857364531654638e-04 1.458565565267968764e-04 2.732956149996538012e-04 2.047819384336026260e-04 2.455828645804967623e-04 1.885174868422637932e-04 9.018878236560236815e-04 8.992429031267424114e-04 7.178338080002455652e-04
1.000000000000000021e-08 2.581383009769758056e-04 4.369722627248143871e-04 4.348193543360874612e-04 3.468239184314207690e-04 2.547497757346310686e-04 1.788106888922902490e-04 1.000000000000000021e-08 1.573688670235571315e-04 2.470510415738757203e-04 2.704875928172142908e-04 1.883901759387280272e-04 1.143374822108787439e-04 8.043374029909404704e-05 9.033458767157208325e-05 9.401385872314018549e-05 4.717345310220906322e-05 3.231431908036088400e-05 3.681659538479823389e-05 5.726102876161340424e-05 1.604397358581430148e-04 1.705261159450158226e-04 1.930886907755899730e-04 2.419792514185941095e-04 4.175739938835028634e-05 6.988688041138454467e-05 4.851319507316726972e-05 5.012645251862850489e-04 9.426434876507540405e-04 1.561205957590078167e-04 1.353584239587415678e-04 9.835762160659175480e-05 9.425911221330304161e-05 7.084877528401872934e-05 6.554265141112117958e-04 1.336572140310068532e-03 4.654806631913241182e-04
1.000000000000000021e-08 1.000000000000000021e-08 1.000000000000000021e-08 1.000000000000000021e-08 1.840471369916887531e-04 2.242405112118550008e-04 2.103832026329201222e-04 1.565405793883839112e-04 9.406255400829259192e-05 5.881335224917203148e-05 5.373557128209259504e-05 1.010435522562618405e-04 1.114483480242396430e-04 1.031482190062030338e-04 1.080489861821078655e-04 9.810481528075913041e-05 9.521219870546351026e-05 6.774721397803719369e-05 6.181355739989568892e-05 4.835440584624610725e-05 3.256204183940586595e-05 9.412992306098274457e-05 1.504066238339751014e-04 2.603001593722237901e-04 4.221353335234029292e-04 4.478418477919411797e-04 6.020594532337795578e-04 5.401614742409451735e-04 4.410100875456693164e-04 5.753389268010637367e-04 1.434762671137603841e-04 1.741477992618095259e-04 1.150503735582322578e-04 5.565957561209188264e-05 5.768048487207197775e-04 9.955212518392988433e-04 7.715507034112815575e-04
1.210164571120233818e-05 1.000000000000000021e-08 1.000000000000000021e-08 1.000000000000000021e-08 1.000000000000000021e-08 1.000000000000000021e-08 1.457501892257656638e-04 1.535822245807190196e-04 1.000000000000000021e-08 3.299864205086790062e-05 2.701476162133407033e-05 6.144670769232415638e-05 1.000000000000000021e-08 1.000000000000000021e-08 6.182872923692443181e-05 8.850860694391914194e-05 9.270412577828332230e-05 9.145357074316604637e-05 8.996049773765505981e-05 1.000000000000000021e-08 2.659068689821052317e-05 5.604903587555594213e-05 9.455963348820155278e-05 7.534513372043579761e-05 1.000000000000000021e-08 4.761147405400997031e-05 3.182533759881394302e-05 3.265300719311147707e-04 5.572407939267562442e-05 6.582022328914263157e-05 9.049088359391745746e-05 8.470389602309204562e-05 7.764793179109317958e-04 1.033986040690957307e-03 1.344696220802279714e-03 1.963143181517286538e-03 8.713508818628309255e-03
3.604028151759839754e-05 3.577577753846654341e-05 3.065577847488660135e-05 1.000000000000000021e-08 1.000000000000000021e-08 1.000000000000000021e-08 1.000000000000000021e-08 1.000000000000000021e-08 1.000000000000000021e-08 1.000000000000000021e-08 1.629910938389388762e-05 1.000000000000000021e-08 1.336666477452415392e-05 1.000000000000000021e-08 3.917577375809298145e-05 6.575229041154489952e-05 9.030392962049507699e-05 1.000000000000000021e-08 1.000000000000000021e-08 1.000000000000000021e-08 1.696365619558263957e-05 3.770506404175789157e-05 7.261503616447088135e-05 5.115361239673659572e-05 4.264461807467952463e-05 2.905537969253039267e-05 1.000000000000000021e-08 2.276750953567838073e-05 2.346029758000463982e-05 6.210351905986590134e-05 2.096240947825877545e-05 1.654300486880128161e-04 1.514915232417101765e-04 1.157687106803313091e-04 9.441739994882575402e-05 9.251003695779817055e-05 1.066096298749361071e-03
1.614499982076778305e-05 3.391300007448463374e-05 1.000000000000000021e-08 1.000000000000000021e-08 1.000000000000000021e-08 1.000000000000000021e-08 1.000000000000000021e-08 1.000000000000000021e-08 1.579092161895577604e-05 1.000000000000000021e-08 1.161808240291423580e-05 1.629336801128083360e-05 2.397996455254055621e-05 2.915114615510149584e-05 3.727017461913516500e-05 6.313019290081179301e-05 1.000000000000000021e-08 1.000000000000000021e-08 1.000000000000000021e-08 1.000000000000000021e-08 1.021602589998044840e-05 2.107102796520512179e-05 4.382097187670445048e-05 5.531299110154343376e-05 5.382478431233051386e-05 5.144061942415136419e-05 1.000000000000000021e-08 1.000000000000000021e-08 1.950164646581981531e-05 6.108449315074898308e-05 1.050147560460574462e-04 4.047369560393610627e-04 2.678724459184648587e-04 1.475084441632376950e-05 1.849184302864181502e-05 1.399813579055997124e-05 1.033781852179961255e-03
1.000000000000000021e-08 1.000000000000000021e-08 1.000000000000000021e-08 1.000000000000000021e-08 1.000000000000000021e-08 1.000000000000000021e-08 1.000000000000000021e-08 1.000000000000000021e-08 1.000000000000000021e-08 1.000000000000000021e-08 1.000000000000000021e-08 1.000000000000000021e-08 3.179424576732572158e-05 1.000000000000000021e-08 1.000000000000000021e-08 4.571871947983994827e-05 4.309628064387422395e-05 4.680126099476800822e-05 5.178595835622391434e-05 4.097885615148888266e-05 1.000000000000000021e-08 1.000000000000000021e-08 3.055854612533445019e-05 5.040577769845315802e-05 1.000000000000000021e-08 4.160091046852919098e-05 1.000000000000000021e-08 1.000000000000000021e-08 1.502342991090144581e-05 2.229966920131494517e-05 2.191904099457271112e-05 9.062901593870622218e-05 4.468275265941288671e-05 4.317511368327376525e-05 1.305542186953412119e-05 2.150338755488416452e-05 2.755327312187281019e-05
1.000000000000000021e-08 1.000000000000000021e-08 1.000000000000000021e-08 1.000000000000000021e-08 1.000000000000000021e-08 1.000000000000000021e-08 1.000000000000000021e-08 1.000000000000000021e-08 1.000000000000000021e-08 1.336338731293862724e-05 1.524257325905047475e-05 1.000000000000000021e-08 1.000000000000000021e-08 1.000000000000000021e-08 1.000000000000000021e-08 1.000000000000000021e-08 3.362794296095386956e-05 5.025995288627730365e-05 9.764169846146480850e-05 1.005818566850021984e-04 1.000000000000000021e-08 1.000000000000000021e-08 1.000000000000000021e-08 3.924197440094439091e-05 3.680347371038782399e-05 4.577531066468049190e-05 4.629314863493726975e-05 4.373763178584367097e-05 8.187365690144596578e-05 6.413233965880034166e-05 6.226334517490083860e-05 9.210092351516373157e-05 7.263509343318418857e-05 8.631764492229146760e-05 1.000000000000000021e-08 1.000000000000000021e-08 1.961939699088808612e-05
1.000000000000000021e-08 1.000000000000000021e-08 1.000000000000000021e-08 1.000000000000000021e-08 1.000000000000000021e-08 1.000000000000000021e-08 1.000000000000000021e-08 1.000000000000000021e-08 1.000000000000000021e-08 1.000000000000000021e-08 1.136067793560452279e-05 1.000000000000000021e-08 1.000000000000000021e-08 2.010458318862999957e-05 2.978867362440604892e-05 1.000000000000000021e-08 3.089238498953882615e-05 4.319155996062764419e-05 3.403057141175934436e-05 6.419266314327443546e-05 5.284430132558854933e-05 1.000000000000000021e-08 1.000000000000000021e-08 3.933926368310108077e-05 1.000000000000000021e-08 3.751868178029573478e-05 4.606356913455474707e-05 6.126200567152318484e-05 5.140732115167717583e-05 7.680467251384367762e-05 8.739067983954139406e-05 7.211818505236266446e-05 1.000000000000000021e-08 6.215867886675863511e-04 8.217940211605635759e-04 4.777995973113179171e-04 5.217977986500516420e-04
1.000000000000000021e-08 1.000000000000000021e-08 1.000000000000000021e-08 1.000000000000000021e-08 1.000000000000000021e-08 1.000000000000000021e-08 1.000000000000000021e-08 1.000000000000000021e-08 1.000000000000000021e-08 1.000000000000000021e-08 1.378020811513616786e-05 1.587310220718323670e-05 2.241814807900380926e-05 2.090292984800182967e-05 3.007060544704464000e-05 2.535970932294890750e-05 1.000000000000000021e-08 1.000000000000000021e-08 1.000000000000000021e-08 1.000000000000000021e-08 3.293757163988316790e-05 2.846821866397715930e-05 2.540711580014277921e-05 5.579739196937284740e-05 7.989404962218195122e-05 8.624869593466536941e-05 1.013159807502307717e-04 1.144995775685952343e-04 1.109801779040501591e-04 1.123307123808213150e-04 1.000000000000000021e-08 3.702505649896475291e-05 2.061627044919486600e-05 7.589168411998030613e-05 5.024402569035921163e-05 2.997134407768527967e-04 3.422157953601573897e-04
1.000000000000000021e-08 1.000000000000000021e-08 1.000000000000000021e-08 1.000000000000000021e-08 1.000000000000000021e-08 1.000000000000000021e-08 1.000000000000000021e-08 1.000000000000000021e-08 1.388931173101793723e-05 1.786514147351654552e-05 2.536909630754400878e-05 2.390256308036464893e-05 2.228732443556280158e-05 2.137040527999234968e-05 2.314356612920032759e-05 1.000000000000000021e-08 1.000000000000000021e-08 1.000000000000000021e-08 1.000000000000000021e-08 1.000000000000000021e-08 1.000000000000000021e-08 1.000000000000000021e-08 1.000000000000000021e-08 1.000000000000000021e-08 1.000000000000000021e-08 5.746522183040528130e-05 1.283531987052504645e-04 1.286187220179556170e-04 1.414763359076160658e-04 2.342309151542446336e-04 2.107290171967561121e-04 1.749806070677051414e-04 1.588487968455073920e-04 1.261337262974833982e-04 1.237487050901841504e-04 2.167382379884522797e-04 1.663175278753830266e-04
1.000000000000000021e-08 1.000000000000000021e-08 1.000000000000000021e-08 1.000000000000000021e-08 1.000000000000000021e-08 1.000000000000000021e-08 1.000000000000000021e-08 1.000000000000000021e-08 1.000000000000000021e-08 1.000000000000000021e-08 1.000000000000000021e-08 1.000000000000000021e-08 1.000000000000000021e-08 1.249096131429442059e-05 1.465933907980462409e-05 1.000000000000000021e-08 1.000000000000000021e-08 1.000000000000000021e-08 1.000000000000000021e-08 1.000000000000000021e-08 1.000000000000000021e-08 1.000000000000000021e-08 1.000000000000000021e-08 1.000000000000000021e-08 1.000000000000000021e-08 3.714328668765041910e-05 4.330367570756480007e-05 1.200230146716981547e-04 2.297844396360200741e-04 2.075199643158499125e-04 3.242845593924080332e-04 3.072245370332120471e-04 2.250502164217957357e-05 2.092728972505017595e-05 2.613181908442622489e-05 1.688820841923838049e-04 1.583808553687500985e-04
