output/water_depth_7440.asc
ncols 223
nrows 158
xllcorner 0.0
yllcorner 0.0
cellsize 30.0
[rows 17 to 33 of 158, columns 111 to 147 of 223]
1.000000000000000021e-08 1.000000000000000021e-08 1.000000000000000021e-08 1.296756165048176667e-05 1.386238472968348742e-05 3.155995126578348424e-05 2.661355172774326246e-05 3.045254764568721409e-05 3.594037208162040894e-05 3.441891444599770556e-05 1.000000000000000021e-08 1.000000000000000021e-08 1.000000000000000021e-08 3.133108657209902637e-05 1.785569835903872346e-05 1.089533414486402854e-05 7.446189680404903565e-05 1.784569226134010561e-04 2.559153778315487139e-04 2.790068667591422613e-04 3.450466617901435762e-04 3.976420043397008793e-04 8.096690724033839368e-05 8.191690329875772592e-05 8.885342341193767045e-05 9.610988504975284349e-05 2.072898208293756043e-03 8.965268623195804185e-03 7.089898720037642217e-03 6.948341645048202158e-05 1.605200823349627016e-05 1.000000000000000021e-08 1.000000000000000021e-08 1.000000000000000021e-08 1.000000000000000021e-08 1.000000000000000021e-08 1.000000000000000021e-08
1.852274779094453624e-05 1.000000000000000021e-08 1.000000000000000021e-08 1.101569860802298368e-05 1.479867036985007280e-05 1.384522928748811042e-05 2.727475258977315136e-05 3.377134841253331352e-05 1.000000000000000021e-08 2.948061609721606594e-05 2.237145242922357111e-05 1.000000000000000021e-08 1.416957096693614819e-05 3.287133999512040000e-05 3.058703411176567558e-05 3.301976174979424781e-05 6.898593844403494240e-05 3.767833859650425877e-04 5.072821539916994504e-04 1.436894551578029103e-03 1.832099463526597975e-03 1.264780377489210274e-02 2.690234124123722700e-03 2.829745161312605031e-03 2.975104149763936178e-03 3.048140484626863777e-03 3.796735037813941949e-02 9.975511691774897188e-03 3.951129575268861032e-05 1.000000000000000021e-08 1.000000000000000021e-08 1.000000000000000021e-08 1.000000000000000021e-08 1.000000000000000021e-08 1.000000000000000021e-08 1.000000000000000021e-08 1.000000000000000021e-08
2.596885139309606863e-05 1.000000000000000021e-08 1.000000000000000021e-08 1.000000000000000021e-08 1.246764583692893394e-05 1.643705292000906498e-05 1.000000000000000021e-08 1.000000000000000021e-08 1.000000000000000021e-08 3.463980141767782403e-05 2.814973156380254875e-05 2.290589979742033115e-05 2.791780165088042682e-05 4.534353440630631944e-05 4.839545325325353978e-05 1.033495946447208309e-03 1.396597592626814448e-03 1.744844182107621903e-03 2.169809343210969167e-03 1.140508382130454162e-03 7.463690892461597338e-05 9.429737331320513227e-05 8.651861608026746359e-05 6.109995540827551643e-05 6.596385368082791046e-05 3.430921719846452491e-04 1.220432889758726706e-02 9.480333678475426633e-05 1.119776309414568111e-05 1.000000000000000021e-08 1.000000000000000021e-08 1.000000000000000021e-08 1.000000000000000021e-08 1.000000000000000021e-08 1.000000000000000021e-08 1.000000000000000021e-08 1.000000000000000021e-08
2.189564918840252125e-05 1.619425431750273045e-05 1.281631454076272461e-05 1.257082152801449204e-05 1.455360970425914923e-05 1.763429735341862900e-05 3.538376312436615294e-04 3.931396459314577129e-04 3.924503096273295518e-04 8.048767130353220263e-04 9.332019142680756741e-04 1.088234125096113145e-03 1.300029016491395777e-03 1.410372793436384100e-03 1.513469100986471931e-03 1.293277931834982885e-03 8.422362509509678829e-05 6.671781487839196882e-05 1.000000000000000021e-08 1.000000000000000021e-08 1.000000000000000021e-08 1.020307195204069368e-05 1.118854539057768093e-05 1.000000000000000021e-08 3.595239586801978555e-05 3.479750147535632136e-04 4.933867795907026510e-02 2.812542042708933126e-05 1.000000000000000021e-08 1.000000000000000021e-08 1.000000000000000021e-08 1.000000000000000021e-08 1.000000000000000021e-08 1.000000000000000021e-08 1.000000000000000021e-08 1.000000000000000021e-08 1.000000000000000021e-08
1.003702826573191843e-04 1.338069823636285529e-04 1.166955885726632972e-04 1.010057685971194475e-04 1.415907033990337937e-04 4.666146130491590329e-04 4.672959878110775141e-04 6.347921900196121497e-04 8.592694105336168287e-04 6.963931193493525700e-04 5.787374497890962260e-04 3.049153035475842075e-04 1.968919931247228492e-04 1.243797363678765153e-04 9.231342290355694965e-05 1.053488410579965447e-04 1.000000000000000021e-08 1.000000000000000021e-08 4.570445431201088473e-05 8.287337677708190979e-05 6.890214911851850295e-05 5.943158515020909011e-05 5.022162680234519474e-05 4.651584862682453769e-05 2.579371713597230833e-05 6.003864000803753038e-05 3.879591724585982476e-02 1.000000000000000021e-08 1.000000000000000021e-08 1.000000000000000021e-08 1.000000000000000021e-08 1.000000000000000021e-08 1.000000000000000021e-08 1.000000000000000021e-08 1.000000000000000021e-08 1.000000000000000021e-08 1.000000000000000021e-08
8.568897179050864266e-05 7.042247326822335539e-05 9.938614956411727613e-05 2.737901285802623154e-04 4.581942629893694693e-04 3.791769425846520979e-04 1.729527878368016495e-05 2.579260608848904149e-05 1.658708119688845874e-05 2.768746483078968811e-05 2.469071640569716814e-05 2.310816589193846098e-05 2.532719934148057811e-05 1.000000000000000021e-08 1.000000000000000021e-08 1.000000000000000021e-08 1.000000000000000021e-08 1.000000000000000021e-08 1.204711073266864675e-05 3.141696602757141835e-05 1.000000000000000021e-08 4.502385384685116630e-05 9.975887765595034594e-05 1.000000000000000021e-08 1.000000000000000021e-08 4.708680289875768164e-05 1.266707232154722779e-02 1.000000000000000021e-08 1.000000000000000021e-08 1.000000000000000021e-08 1.000000000000000021e-08 1.000000000000000021e-08 1.000000000000000021e-08 1.000000000000000021e-08 1.000000000000000021e-08 1.000000000000000021e-08 1.000000000000000021e-08
5.707915669225293654e-05 1.333459278049511584e-04 1.886715397256474858e-04 1.994877904071537457e-04 2.679231668568260883e-04 2.826626428640727239e-04 2.117276891298418826e-04 2.179782040728730334e-05 2.896617938116639477e-05 1.000000000000000021e-08 1.000000000000000021e-08 1.000000000000000021e-08 1.561472332973610043e-05 1.000000000000000021e-08 1.000000000000000021e-08 1.000000000000000021e-08 1.000000000000000021e-08 1.000000000000000021e-08 1.031543885242093923e-05 1.000000000000000021e-08 1.000000000000000021e-08 1.000000000000000021e-08 1.229823667935723717e-04 1.391501970748612528e-04 1.099773462230953263e-04 1.058562888781913849e-04 1.285150759944068445e-02 1.067568991548670266e-05 1.000000000000000021e-08 1.000000000000000021e-08 1.000000000000000021e-08 1.000000000000000021e-08 1.000000000000000021e-08 1.000000000000000021e-08 1.000000000000000021e-08 1.000000000000000021e-08 1.000000000000000021e-08
1.369378457397369817e-05 2.421907487723009412e-05 6.163409919314860846e-05 7.286606212703748600e-05 1.165312908799240560e-04 2.598905776300888142e-04 1.256604728541936935e-04 4.065449725209975464e-04 3.370216194469805916e-05 1.000000000000000021e-08 1.000000000000000021e-08 1.000000000000000021e-08 1.436926946005912668e-05 1.000000000000000021e-08 1.000000000000000021e-08 1.000000000000000021e-08 1.861789669081328772e-05 1.683958539379766146e-05 1.191354539018442963e-05 1.731881737138312794e-05 6.400078290452309573e-05 8.388449739838391313e-05 5.623945156731099764e-05 1.000000000000000021e-08 1.241122027413624153e-04 1.421522043983382245e-04 1.300700569471105114e-02 1.217209666075008924e-05 1.000000000000000021e-08 1.000000000000000021e-08 1.000000000000000021e-08 1.000000000000000021e-08 1.000000000000000021e-08 1.000000000000000021e-08 1.000000000000000021e-08 1.000000000000000021e-08 1.000000000000000021e-08
1.000000000000000021e-08 3.182217455020760208e-05 1.000000000000000021e-08 7.461531644836720133e-05 8.837806657252442980e-05 9.272807064589283293e-05 1.925307960631284388e-03 5.322124952314963341e-04 1.000000000000000021e-08 1.000000000000000021e-08 1.000000000000000021e-08 1.000000000000000021e-08 1.000000000000000021e-08 1.475418820775661495e-05 3.310764066308961634e-05 2.522387194929151297e-05 2.739897996135962245e-05 3.661380914998292759e-05 5.918426729369914523e-05 7.864645152006616031e-05 7.628583353643513811e-05 6.247458680004982015e-05 1.000000000000000021e-08 1.000000000000000021e-08 4.213572642586231603e-05 1.964184478697789582e-04 4.181410817566900973e-02 1.283029999868539280e-05 1.000000000000000021e-08 1.000000000000000021e-08 1.000000000000000021e-08 1.000000000000000021e-08 1.000000000000000021e-08 1.000000000000000021e-08 1.000000000000000021e-08 1.000000000000000021e-08 1.000000000000000021e-08
2.755158867727268711e-05 4.342306056232281703e-05 7.295643412666342109e-05 8.747742289418813596e-05 9.296079090310420282e-05 7.114853364247002003e-05 5.913742807831504398e-05 2.485291632891891388e-03 2.850789081095726640e-05 1.000000000000000021e-08 1.000000000000000021e-08 1.000000000000000021e-08 1.000000000000000021e-08 1.546850667222050116e-05 2.119288590116981188e-05 1.000000000000000021e-08 1.000000000000000021e-08 1.425534654513028583e-05 1.820124779979943877e-05 3.781754864713793507e-05 3.141948405187063330e-05 1.000000000000000021e-08 1.730866630569642290e-05 3.328157607708578952e-05 2.865943364816519564e-05 2.985143204676958255e-05 1.204671898913454477e-02 8.326115066723734429e-03 7.734119217831406795e-03 3.760064869422801223e-05 1.000000000000000021e-08 1.000000000000000021e-08 1.000000000000000021e-08 1.000000000000000021e-08 1.000000000000000021e-08 1.000000000000000021e-08 1.000000000000000021e-08
2.984902847123661743e-05 4.165581183844151777e-05 4.665597408416006614e-05 4.757040322928367645e-05 5.302550284648569070e-05 1.000000000000000021e-08 1.000000000000000021e-08 1.000000000000000021e-08 1.000000000000000021e-08 1.000000000000000021e-08 1.000000000000000021e-08 1.603250872003550984e-05 1.978761914209884902e-05 2.089555226416445901e-05 2.611301067329693139e-05 1.968413971921857930e-05 1.849454495108479628e-05 1.000000000000000021e-08 1.000000000000000021e-08 1.000000000000000021e-08 1.000000000000000021e-08 1.000000000000000021e-08 1.000000000000000021e-08 1.000000000000000021e-08 1.000000000000000021e-08 1.000000000000000021e-08 2.223338742788872561e-03 2.100916345147442292e-03 6.514138900920079037e-03 6.784783125839023189e-03 2.413694024927489341e-05 1.000000000000000021e-08 1.000000000000000021e-08 1.000000000000000021e-08 1.000000000000000021e-08 1.000000000000000021e-08 1.000000000000000021e-08
5.079807519906702257e-05 2.847955530982139709e-05 1.966977520363028914e-05 1.386625614748168135e-05 1.216963039978151767e-05 1.137473917257497520e-05 1.203255411992775933e-05 1.544055939117748114e-05 1.529067092939012716e-05 2.190632002810668637e-05 5.037409890893073766e-05 7.121436038042721402e-05 6.064358442089801642e-05 7.926268668751598680e-05 7.819031968939271044e-05 1.355248807515489621e-04 9.230715153432407906e-05 1.320009891275298382e-04 8.972644065611827167e-05 8.103351986363416411e-05 7.677663071310374479e-05 5.734217271968270716e-05 5.100601828523720162e-05 3.640180297264171931e-05 1.000000000000000021e-08 1.000000000000000021e-08 2.909186655052680088e-04 7.374219265207939376e-04 5.368661465144993969e-03 9.224225724749037653e-03 1.985710876130675727e-03 1.000000000000000021e-08 1.000000000000000021e-08 1.000000000000000021e-08 1.000000000000000021e-08 1.000000000000000021e-08 1.000000000000000021e-08
3.918089411887836344e-05 4.758689034629479326e-05 3.825239361500278008e-05 3.640394633597653811e-05 3.680034719473589263e-05 3.390052083274044514e-05 2.641989969216389773e-05 2.561784213282774147e-05 2.767383092862803217e-05 3.062071322898881682e-05 1.625851963470566582e-05 1.551542832985173344e-05 3.830231050106066101e-05 4.638498835502420815e-05 9.460521197025903298e-05 1.248113007278874248e-04 1.467287667970740739e-04 1.701299636113219041e-04 1.742995170917757491e-04 1.407194590587724733e-04 1.233972856999875642e-04 1.293365256084578498e-04 1.057138614450233290e-04 9.980200824553483378e-05 7.706835139239386230e-05 6.646625351680549997e-05 2.238377301832051647e-04 7.533374149443465432e-04 1.081912832649426599e-03 7.446915181493432394e-03 7.443751057601967654e-03 4.659728204473639678e-05 1.000000000000000021e-08 1.000000000000000021e-08 1.000000000000000021e-08 1.000000000000000021e-08 1.000000000000000021e-08
3.468033088392778073e-05 4.583185373149987129e-05 1.000000000000000021e-08 3.123667670204121477e-05 4.121049894736091235e-05 1.000000000000000021e-08 2.781943928405723548e-05 1.000000000000000021e-08 2.564014162839009528e-05 2.577877782951609414e-05 2.275731599155944565e-05 2.547814674579512053e-05 3.987604172991134473e-05 1.000000000000000021e-08 1.000000000000000021e-08 1.000000000000000021e-08 1.483841607465347466e-05 1.084841466742703518e-05 9.809249308662621261e-05 1.245362299173385738e-04 1.268394653007494106e-04 1.216223553502650642e-04 1.294855998837279084e-04 1.152118476709679154e-04 1.225846294713536940e-04 1.039498258828573321e-04 1.000000000000000021e-08 2.285648158564965941e-04 9.295859977984755962e-04 1.672284553651708690e-03 1.055825875564836598e-02 7.302453002341029046e-05 1.000000000000000021e-08 1.000000000000000021e-08 1.000000000000000021e-08 1.000000000000000021e-08 1.000000000000000021e-08
1.000000000000000021e-08 3.611323970105440663e-05 3.826483564196479591e-05 1.000000000000000021e-08 3.045125634897530485e-05 2.132207441053213202e-05 2.973033006465096640e-05 1.778557513702037573e-05 1.000000000000000021e-08 1.000000000000000021e-08 1.000000000000000021e-08 3.686894253230997174e-05 4.908557594260521431e-05 1.000000000000000021e-08 1.000000000000000021e-08 1.000000000000000021e-08 1.000000000000000021e-08 1.125964687246815970e-05 4.808914529322025816e-05 1.000000000000000021e-08 7.900073035194967678e-05 1.103885873569054367e-04 1.277901194221602520e-04 1.435723395212725741e-04 1.019423318979012733e-04 7.749647789455815956e-05 2.409100029135033847e-05 1.919079689667467959e-04 3.412649050658861458e-04 1.410645442426415467e-03 2.745485717400760525e-03 3.574461247949436288e-03 1.858114464191872614e-05 1.000000000000000021e-08 1.000000000000000021e-08 1.000000000000000021e-08 1.000000000000000021e-08
1.000000000000000021e-08 1.000000000000000021e-08 5.247279310775480610e-05 8.168006217528575726e-05 1.000000000000000021e-08 1.000000000000000021e-08 2.826880148142517078e-05 4.037827842592735212e-05 3.948030581930289353e-05 3.994826406267255040e-05 1.000000000000000021e-08 3.821342380775084429e-05 1.000000000000000021e-08 1.000000000000000021e-08 1.000000000000000021e-08 1.000000000000000021e-08 1.000000000000000021e-08 1.000000000000000021e-08 1.000000000000000021e-08 1.000000000000000021e-08 1.000000000000000021e-08 1.000000000000000021e-08 9.242966968927101667e-05 1.000000000000000021e-08 1.000000000000000021e-08 1.000000000000000021e-08 1.000000000000000021e-08 5.833659503074459170e-05 3.356419996592056951e-04 5.313681245546176494e-04 2.287541294052773590e-03 1.022056301628444276e-02 5.571466127474592801e-05 1.000000000000000021e-08 1.000000000000000021e-08 1.000000000000000021e-08 1.000000000000000021e-08
1.000000000000000021e-08 1.000000000000000021e-08 1.000000000000000021e-08 1.718216338416561162e-05 2.680757786284693824e-05 2.497967358882786904e-05 4.377358576769598176e-05 6.821265782968670931e-05 7.032811586595084821e-05 7.867224742731699250e-05 1.000000000000000021e-08 1.000000000000000021e-08 1.000000000000000021e-08 1.000000000000000021e-08 1.000000000000000021e-08 1.000000000000000021e-08 1.000000000000000021e-08 1.000000000000000021e-08 1.000000000000000021e-08 1.000000000000000021e-08 1.000000000000000021e-08 1.000000000000000021e-08 1.000000000000000021e-08 1.000000000000000021e-08 1.000000000000000021e-08 1.000000000000000021e-08 1.000000000000000021e-08 4.903806960159050982e-05 2.914903983810113825e-04 4.581603505172897719e-04 1.814439025163031103e-03 7.291514818776937551e-03 6.281193594072741540e-03 1.530988153840406383e-05 1.000000000000000021e-08 1.000000000000000021e-08 1.000000000000000021e-08
