output/water_depth_3960.asc
ncols 223
nrows 158
xllcorner 0.0
yllcorner 0.0
cellsize 30.0
[rows 68 to 84 of 158, columns 37 to 73 of 223]
3.038750950805935857e-05 4.219934219524859147e-05 6.010555395110271594e-05 7.278656911072979205e-05 1.000000000000000021e-08 4.650303208662483911e-05 6.918289348716843696e-05 6.803570296275406873e-05 1.000000000000000021e-08 1.000000000000000021e-08 1.000000000000000021e-08 4.691737857314439542e-05 6.139442188734105005e-05 1.000000000000000021e-08 9.159179332689262030e-05 1.000000000000000021e-08 9.132655918875061483e-05 1.040661135745376219e-04 4.276335823624070399e-05 1.000000000000000021e-08 1.000000000000000021e-08 3.863210141856746516e-05 1.826724401652471484e-04 3.907447605370612670e-03 1.036072677340868584e-03 1.000000000000000021e-08 1.000000000000000021e-08 1.000000000000000021e-08 1.000000000000000021e-08 1.000000000000000021e-08 1.000000000000000021e-08 1.795095847208998103e-05 1.850792084079612253e-05 2.227522059925348357e-05 3.343379283685136364e-05 2.322464333735139197e-05 2.222184142833945897e-05
1.787292612649128305e-05 2.151569693970347156e-05 3.128983080294498592e-05 3.391032471971651446e-05 3.186297102705767844e-05 3.085848438383528971e-05 4.392582898658545600e-05 4.712923070066618733e-05 5.719615540230205564e-05 4.667028724579771657e-05 5.410219211387972738e-05 1.000000000000000021e-08 1.000000000000000021e-08 6.917003107942740594e-05 7.947656772166787696e-05 1.000000000000000021e-08 7.433114024108062007e-05 7.484694521426171353e-05 1.000000000000000021e-08 3.749701545008769863e-05 9.038292601901419835e-05 6.624381084912980605e-05 1.600725523767862468e-04 2.233479759956001902e-04 5.182915342278669561e-04 2.134331208730835729e-03 1.000000000000000021e-08 1.000000000000000021e-08 1.000000000000000021e-08 1.000000000000000021e-08 1.000000000000000021e-08 1.000000000000000021e-08 3.013020470364066532e-04 2.660978316807722024e-03 4.128651004051821054e-03 4.339740529542395094e-03 3.135013096299985643e-03
1.815282259635975044e-05 1.000000000000000021e-08 1.777293445143443584e-05 1.875590533414826162e-05 1.000000000000000021e-08 1.218923755885388818e-05 2.387069338561376435e-05 6.960351804463871207e-05 1.327000921383247206e-04 1.430632969515944130e-04 1.305423773087937308e-04 1.760863627151890143e-04 1.061608288226181221e-04 7.990390345572781592e-05 5.830272113801377722e-05 6.690072809539620267e-05 1.630025566172491275e-04 1.000000000000000021e-08 5.575193649224113125e-05 5.435248642736545925e-05 6.090967637163377941e-05 2.377053190346796712e-04 1.451115359493497742e-04 1.435691046302397687e-04 2.077320532079899372e-05 1.000000000000000021e-08 4.064652919677509528e-05 5.342031272912467379e-05 1.000000000000000021e-08 2.475634691452937002e-04 2.136989384781247609e-04 2.622461213468875799e-03 1.194775407870554305e-03 2.900563177299907494e-03 2.490756836349662055e-03 2.916633546359965155e-03 4.462272253512070477e-03
1.000000100000000021e-05 7.398953118005993808e-05 1.000000000000000021e-08 1.822658178501091191e-05 2.413323931041598053e-05 1.000000000000000021e-08 1.075752950540170930e-05 2.848284891722318191e-05 5.359662137748845786e-05 6.042399258827140982e-05 6.986635316511702202e-05 1.479045217545769877e-04 2.953046854252037675e-04 2.323344777221202193e-04 2.230113926346160734e-04 3.139680969098252979e-04 6.010765083160699707e-05 9.436322258632115099e-04 1.591862882185074001e-04 1.332593065727949748e-04 1.729231386883317990e-04 1.867335919345828276e-04 6.824438951953882421e-03 8.860015005487335144e-04 1.275848486175631328e-04 1.000000000000000021e-08 5.713852445901038048e-05 1.124716905402712598e-04 1.148569825285268673e-04 1.151657766186604337e-03 2.055978504022060172e-03 2.785700688153541424e-03 1.543975730397772594e-03 1.415855093044951019e-03 1.971578118789186259e-03 1.970722157410826833e-03 2.652522654677265564e-03
8.406795587838354655e-05 1.845064399370358282e-04 1.263935882024609756e-04 8.574726925595018182e-05 1.000000000000000021e-08 1.000000000000000021e-08 1.000000000000000021e-08 5.429752951418315724e-05 1.725107426774565478e-04 1.679266101127190177e-04 2.496066311669032357e-05 3.146641611000405153e-05 4.360369695681186601e-05 1.019502796258312904e-04 1.223665778986780220e-04 1.857758110090611530e-04 1.724188859017981564e-04 3.628644244593322256e-04 3.358141293647508253e-04 4.187241199926336520e-04 3.359446021711013069e-04 3.808841061093356270e-04 5.664660073795446281e-04 1.869877598120716841e-03 1.667607935400582716e-03 1.978108037523067947e-04 4.404109286371117593e-03 5.142736651091977390e-03 6.041944071545988365e-03 6.426142928934929985e-03 7.387913839028603831e-03 2.998453086046703932e-03 2.131501944514762464e-03 2.378897431204004403e-03 1.577344769492813274e-03 1.735553897135114383e-03 1.502057000658968107e-03
1.072329430602791121e-04 7.233344767240524969e-05 1.431773940572881579e-04 1.000000000000000021e-08 3.194315746794290965e-05 6.054936067764866926e-05 7.260905005059434757e-05 1.579298230985907894e-04 1.053768461806934556e-04 1.667442660232399776e-04 2.063541894948720066e-04 1.794573275006652586e-04 2.642352064696409518e-04 2.248651346481261002e-04 2.778449651471473340e-04 2.283559218047007317e-04 2.921962902635975466e-04 8.144496991557807633e-04 1.646738508482183247e-04 1.107601978371897111e-03 1.385000675588007575e-03 1.155266434049027251e-03 9.593912528017703792e-04 3.288404328894724803e-03 4.260167644008281199e-03 5.577564195088109862e-03 3.851729525849937295e-03 2.341546880909303307e-03 1.627535503848199323e-03 1.308012935775886140e-03 8.459158009826807162e-04 6.930022360109734225e-04 4.929892052662539648e-04 3.605434222914205350e-04 3.058146681256838028e-04 2.442603142388613275e-04 1.870791659214747363e-04
2.696777819970911727e-04 3.750624323252868520e-04 4.725438844269706437e-04 5.493325995525547706e-04 6.311635787441726092e-04 8.130326651695275221e-04 9.283999366660274002e-04 9.408202805093784015e-04 7.491005836886706869e-04 7.959512858092533899e-05 6.751437517288215895e-05 8.563432234276149206e-05 2.674964238312999731e-05 2.304345596640930606e-05 2.048212242796805711e-05 2.151600985107466994e-04 2.079907264671463057e-04 1.374634370510240014e-04 8.538880866305656437e-05 7.433645891089690110e-05 5.335036451545924869e-05 1.016222094955837032e-03 1.716824919384512572e-03 2.329601406764605660e-03 3.355470500556966256e-04 2.667805546994480738e-05 1.000000000000000021e-08 3.967288207799792612e-05 6.317254182750400382e-05 7.691495449556453928e-05 8.066684350020779468e-05 7.022543231819389762e-05 6.099263708049352471e-05 5.819266523190563405e-05 7.137431447120498791e-05 6.537401403871219701e-05 1.000000000000000021e-08
2.056257343319675777e-03 1.786055018412891480e-04 1.424201302943120778e-04 1.110493793866647571e-04 7.824755309407941837e-05 6.093696033652869725e-05 8.537129520211060607e-05 1.000000000000000021e-08 1.404937343380724377e-05 2.017458439905721939e-05 2.498655004564772242e-05 2.836002681572517023e-05 2.695496398117459800e-05 2.769560723721896850e-05 4.797576392835946834e-05 6.101421756897501157e-05 1.260625490834550548e-04 1.626619820261990539e-04 1.510488956432584867e-04 1.438273082415227912e-04 1.347922792137948322e-04 1.855569977352931172e-04 4.313565378350987041e-04 9.236513992498839910e-05 1.749204381622092663e-05 2.582340298729702554e-05 4.330422977164385435e-05 5.105281134427532534e-05 6.196651526716406941e-05 5.572193448210686635e-05 3.961484065549088137e-05 7.132094483465182991e-05 6.268946776497708430e-05 5.993111962461716385e-05 4.675214466699718820e-05 1.000000000000000021e-08 1.000000000000000021e-08
5.526521386194613756e-05 9.726427466002681430e-05 1.000000000000000021e-08 1.000000000000000021e-08 3.094638403350550150e-05 1.000000000000000021e-08 1.000000000000000021e-08 1.000000000000000021e-08 1.498287795965466873e-05 2.173369705171279809e-05 2.201632500818506537e-05 2.226020123969281775e-05 1.947068809291586559e-05 2.006270196010837925e-05 1.867617624199191593e-05 3.783060301223624964e-05 8.150441371140726573e-05 2.602533870606674291e-04 2.692611111921505620e-04 2.160848053637879880e-04 2.423586474539218014e-04 4.836214573337182013e-04 7.245569200905584910e-05 4.667079736536599373e-05 1.483520214668590845e-05 2.611236026054115613e-05 1.822727056853050851e-05 2.584173696275429585e-05 2.050436398206917775e-05 2.345374346581922996e-05 3.838449249061186730e-05 3.674384414307929348e-05 6.067185816459705783e-05 7.450439217564958398e-05 8.037992515160065690e-05 6.599162659926884891e-05 6.043207921016766093e-05
4.800482914579189792e-05 8.572587163615811765e-05 1.057284729535828472e-04 7.267713331002811884e-05 6.727708445750410049e-05 7.947334484167096840e-05 6.871587850071258683e-05 7.352114655829410886e-05 7.570865284333402662e-05 6.731711207735017371e-05 7.835614536299553238e-05 8.324420106392884375e-05 9.383528683794475228e-05 9.106882213351128277e-05 9.310153240136416714e-05 7.788045038085135365e-05 1.474944782593733150e-04 2.516759376940073262e-04 2.910412427432734197e-04 3.469768373464843388e-04 3.257608146182100982e-04 6.213134510309537614e-04 5.406423394615393141e-04 1.000000000000000021e-08 2.281131806888725720e-05 3.993572575618181241e-05 3.755577306226708936e-05 4.507063631072272058e-05 4.589756858000827543e-05 4.526649798931274701e-05 6.220320897012961245e-05 6.242652705694627907e-05 7.642352851695639242e-05 9.757831622557521878e-05 1.140740876776353402e-04 1.192554306848611699e-04 1.832636131035373641e-04
4.586528487089645291e-05 7.893732585424745448e-05 9.901843347083200250e-05 1.000000000000000021e-08 1.448795683794282396e-05 2.669174829196638721e-05 5.806775340702133846e-05 4.040969947563029528e-05 5.035262244258232114e-05 5.867126440194400476e-05 1.160807528962137574e-04 1.322588180339492338e-04 1.767056853209929984e-04 1.822842927328661641e-04 2.745387309247045030e-04 2.486655834395561267e-04 3.393606776681799028e-04 3.094917368387874223e-04 4.575400487764613722e-04 3.843851384806257839e-04 5.045199002077875843e-04 1.875832036444803033e-04 4.266626924516790198e-04 1.000000000000000021e-08 1.000000000000000021e-08 3.620530266064402746e-05 5.377827557029023908e-05 6.953991102794251054e-05 6.217267991421836508e-05 6.736227996424915411e-05 8.242953922042744368e-05 8.397218869048675329e-05 8.719351367333421840e-05 1.153152251828834885e-05 1.510994774816432857e-05 2.599027875376648891e-05 2.168059145961297152e-05
5.721393524038614144e-05 9.552068284645373174e-05 8.349389150073538424e-05 2.700432496813629088e-05 2.284849952080391709e-05 5.021455785702809291e-05 4.982572851478550997e-05 7.492922649740015430e-05 6.763818304543884035e-04 4.547672914711184725e-04 3.593177950986993388e-04 2.885389156935722586e-04 3.662272331630658968e-04 3.254286021851839896e-04 2.299187424589693219e-05 1.000000000000000021e-08 1.171342622022150693e-05 1.028221768063302094e-04 5.292337664753922900e-05 5.851473449866770023e-05 1.029759004989203134e-04 2.223092616758680015e-04 4.978027517065176585e-04 7.578211792589847114e-05 1.000000000000000021e-08 6.494672830597898619e-05 9.107054633151489306e-05 7.330163120071576759e-05 1.000000000000000021e-08 5.426164878210144827e-05 8.361194587575301689e-05 9.370470457723704472e-05 1.041565229633089934e-04 1.000000000000000021e-08 1.000000000000000021e-08 1.000000000000000021e-08 1.000000000000000021e-08
8.966297747113014275e-05 1.101009395282973442e-04 2.384295067176752761e-05 1.270175118564357430e-05 2.872937258362817396e-05 1.251917574587546692e-05 1.599195399689775829e-04 1.424294003934219101e-04 1.483300385022440747e-04 1.000000000000000021e-08 1.000000000000000021e-08 1.000000000000000021e-08 1.000000000000000021e-08 1.598756921852205348e-05 1.594869428059855147e-05 1.802084139969421491e-05 4.796447191175282922e-05 6.228817262536361294e-05 5.831300498484390656e-05 6.307175612149914568e-05 1.159722284572632257e-05 2.123890430091785234e-04 8.555926516302405065e-04 2.978964055584333755e-04 4.787019980397644358e-04 3.642454854210346060e-04 4.469415356367372372e-04 1.097077100868023176e-04 1.000000000000000021e-08 5.221882203735212928e-05 9.114175130542900296e-05 1.124851155965393983e-04 1.000000000000000021e-08 4.721463939657426673e-05 1.000000000000000021e-08 1.000000000000000021e-08 1.000000000000000021e-08
4.334637530391647909e-05 8.602163329747494899e-05 1.286051200073961504e-05 1.746567547713080582e-05 1.000000000000000021e-08 9.549615745841117287e-05 1.000000000000000021e-08 1.000000000000000021e-08 1.000000000000000021e-08 1.000000000000000021e-08 1.000000000000000021e-08 1.000000000000000021e-08 1.000000000000000021e-08 2.944729674063503895e-05 4.331459113651831504e-05 5.577307139748702617e-05 1.000000000000000021e-08 1.000000000000000021e-08 1.000000000000000021e-08 1.000000000000000021e-08 1.000000000000000021e-08 1.000000000000000021e-08 1.010152788181005733e-04 6.030865233485217108e-04 3.448101512431804962e-04 5.980199071278824484e-04 7.618115847743704618e-05 2.815382054669764546e-05 4.932781059189210839e-05 1.000000000000000021e-08 1.000000000000000021e-08 1.000000000000000021e-08 1.000000000000000021e-08 6.004773457873299530e-05 5.973255689811383592e-05 1.000000000000000021e-08 1.000000000000000021e-08
4.045800822533395213e-05 8.020827871583943161e-05 2.394330569469495934e-03 1.997317095307330793e-04 1.524672034815935156e-04 1.000000000000000021e-08 1.000000000000000021e-08 1.000000000000000021e-08 1.000000000000000021e-08 1.212397639431211979e-05 2.560580605626238589e-05 3.044658800731831521e-05 3.752638379381344761e-05 6.609755572285168888e-05 1.029721577355404794e-04 1.081432609420135866e-04 8.369188047317929204e-05 7.227170209715523476e-05 7.234085815041085474e-05 5.665109597309671519e-05 1.068023375305060795e-04 2.414592101519954896e-04 4.538592095540937288e-04 1.594962482011971360e-04 8.586242357900943697e-04 1.022962843502351607e-03 2.526175314330750092e-03 4.795265486287743307e-04 1.679185168583346424e-04 2.808958591668338418e-04 1.870154234069847974e-05 1.078309313884796090e-05 1.000000000000000021e-08 1.000000000000000021e-08 1.000000000000000021e-08 1.000000000000000021e-08 1.000000000000000021e-08
3.448983055163019174e-05 5.807707155831529652e-05 8.934772604603447499e-05 1.026398802513531764e-04 1.000000000000000021e-08 1.000000000000000021e-08 1.000000000000000021e-08 1.000000000000000021e-08 1.313555048894314666e-05 1.638487674138731242e-05 1.796802742627889399e-05 1.000000000000000021e-08 1.342131118376182583e-05 1.971304191474631076e-05 2.412123884456788081e-05 9.054494233518668115e-05 1.304493481042693520e-04 1.215225257054730563e-04 1.121741052216804088e-04 1.237827595064702366e-04 1.765973840122152456e-04 1.562551494475026594e-04 3.316881002022569326e-04 3.886535438492938672e-04 3.541809532981875686e-04 1.447377094070035741e-03 3.110633492147962809e-03 1.636686332667989553e-03 4.801587610269083921e-03 3.329427091258780301e-03 2.270698758207278893e-03 4.213651298828936537e-04 3.312648832205568631e-04 1.941241755258362093e-05 1.756406820599933696e-05 4.502759696630449483e-05 1.000000000000000021e-08
2.858314676302613043e-05 4.427757219741767879e-05 6.021021270574058862e-05 8.583425278919851458e-05 9.271427838830396636e-05 1.000000000000000021e-08 1.000000000000000021e-08 1.000000000000000021e-08 1.000000000000000021e-08 1.000000000000000021e-08 1.000000000000000021e-08 1.000000000000000021e-08 1.027514200048926739e-05 1.308036860239421970e-05 1.632200018740836444e-05 1.000000000000000021e-08 1.000000000000000021e-08 1.000000000000000021e-08 8.630319231315028504e-05 1.391196289382250889e-04 3.511919015724896168e-04 5.109824154165050090e-04 4.116116454024616039e-04 3.155730125374450767e-04 2.718095753179653590e-05 1.000000000000000021e-08 1.017077505245874320e-04 1.000000000000000021e-08 8.903127178113604641e-04 3.794671495762540290e-03 3.458234471529247206e-03 2.661228597326400873e-03 7.596166183369893170e-04 6.244189379716844372e-04 7.979553023305817523e-05 1.000000000000000021e-08 1.000000000000000021e-08
