output/water_depth_2280.asc
ncols 223
nrows 158
xllcorner 0.0
yllcorner 0.0
cellsize 30.0
[rows 51 to 67 of 158, columns 74 to 110 of 223]
2.069179506305517935e-05 1.000000000000000021e-08 1.586220165641903949e-05 2.066889964647650147e-04 2.059762871743405085e-04 2.131295286871353017e-04 2.143896705085122619e-04 2.323685368022038926e-04 2.683123364406754920e-04 2.141686029091433051e-04 5.809570484757701114e-05 7.492266179813137717e-05 8.616883487600253834e-05 1.308213470102395940e-04 4.549800358214802333e-04 4.185175902953117946e-04 2.661838192391674128e-04 4.205157867382869119e-05 3.673707625025179684e-05 6.029366951003706969e-04 5.493721334265418534e-04 2.925635887732257277e-05 4.870282879732765858e-05 5.829958700619377367e-05 5.807103001954865397e-04 5.666142991253866575e-05 9.708743792851951178e-05 4.909359842874480573e-04 3.781703478215557839e-04 3.022265912267017678e-04 3.254302679925490842e-04 7.887948023159297817e-05 4.218302351642898881e-04 8.296045212476129511e-04 1.867512761417607992e-04 3.443333217093853528e-05 6.494279453819976219e-05
3.309178681132786534e-04 3.287603236553677958e-04 4.962860066745865273e-04 5.170690298947816293e-04 6.651061573639894045e-04 5.457858878628687495e-04 1.346283084509953707e-03 9.897710329253989192e-04 5.174828132546608695e-04 7.480782819567178502e-04 1.201498258858342674e-04 4.508732143213333495e-05 9.107886451915595428e-05 9.131745787177853043e-05 2.198186040643107671e-04 9.128063851055571998e-04 9.796806838609345403e-05 6.164056823077349609e-05 5.687227492052526946e-05 5.388266989489905439e-04 5.954690647018553648e-04 9.390077968768632734e-05 9.352487628737977032e-05 1.314644789793496186e-04 5.035382874058121376e-04 1.097390444867979268e-04 9.357296107179799568e-05 3.660772688483274694e-04 3.267695751372465588e-04 4.072282516483675474e-04 3.405647752346211950e-04 2.896698990164324190e-04 2.500553490687490617e-04 2.189592517305058406e-04 3.087727965538356994e-05 3.601630823743451386e-05 3.695641921599338400e-05
7.615352170000619413e-04 6.781130320867705683e-04 6.031212450363873136e-04 7.893289123510597476e-05 7.014796736298537449e-05 2.581179607393344782e-04 5.378421758076585429e-04 1.489066404710596894e-03 5.517526870001767704e-04 5.322833177187805782e-04 1.357291088264094437e-03 2.850706631511851761e-04 9.565227757262330464e-05 1.732235186682133232e-04 1.486131514405516628e-04 3.706308975254432830e-04 9.946828894801973842e-04 1.509837449532206257e-04 1.072635429615751210e-04 5.686896607766029656e-04 6.615895248074793455e-04 2.122791935243177781e-04 1.414570472370683737e-05 1.000000000000000021e-08 1.000000000000000021e-08 1.000000000000000021e-08 1.000000000000000021e-08 4.827360047153262139e-05 2.199127543526789596e-04 2.001483533084593748e-04 1.810196635647565915e-04 2.927174004592082842e-04 7.362645581711562239e-05 3.202953286015347177e-04 5.159082168923840521e-05 1.831492696563563442e-04 1.301366377106525024e-04
2.322543521552429167e-04 1.379572603028725666e-04 1.383761490468329858e-04 7.313092091241818124e-05 1.254943608926450071e-04 5.412989747523378126e-05 6.603193940953753973e-04 3.740485005482394477e-04 1.691462084189589133e-04 2.132263538268332919e-04 1.186311302830177390e-03 2.627827249809657558e-04 1.149124941871310177e-03 2.762009229647647743e-04 3.284606297640577793e-04 8.427944675645644397e-04 1.139676575908747181e-03 5.415106809390431456e-04 2.148545177185638743e-04 4.642519686439715082e-04 6.639082560649990118e-04 2.061429349673304782e-04 7.394316430995166484e-05 6.610836497847838672e-05 2.231358678496203846e-05 2.004345172351267170e-05 1.000000000000000021e-08 7.076970490108525568e-05 1.321993211586605643e-04 1.569075784333706397e-04 2.024421993162506760e-04 2.841361630880565668e-05 2.886261402682752775e-05 9.801707366785060817e-05 1.072842203449381757e-03 1.192490961946958980e-03 4.538529957363432368e-04
2.267672775175919204e-04 2.451949283558378526e-05 5.489201419577864236e-05 1.146737437330882495e-04 8.221260145180070856e-05 1.235646757705800630e-04 2.683234853660879777e-04 1.304464055484527750e-03 3.912606287580694723e-04 2.072610793815986860e-04 1.299757086025722696e-03 4.317881037215816234e-04 2.659370778166535100e-04 2.355565451846520272e-04 6.768188205355099097e-04 1.650339345714436749e-04 2.297386493536937558e-04 1.085913608387940703e-04 2.803894972572255504e-04 2.446848306741536525e-04 5.361881534359366416e-04 2.659264126217322885e-04 8.887546264127124543e-05 5.299681722233527990e-05 6.802377764229433123e-05 3.018659836732084980e-05 3.840714448587656993e-04 9.278340907836371120e-04 2.343859226148722365e-04 2.303552075382285589e-04 2.484735265502110166e-04 2.133782792551806276e-04 2.038237348923424314e-04 3.442773712592824963e-05 3.022896635799480623e-04 8.818539432741358177e-04 1.230927210194121373e-03
2.675155850766046395e-05 1.731817386236410040e-05 6.476202943968020038e-05 6.074713284132313276e-05 2.610490751851041419e-04 1.319624920847378745e-04 2.892134322796766511e-04 2.447667940822649980e-04 2.182997851808132761e-04 3.838077415335830250e-04 1.372796661137952890e-03 3.607214226152062218e-04 4.895207035659017349e-04 2.409012328243336409e-04 5.398892620993643414e-04 1.629465262205621011e-04 1.303499943291125992e-04 2.085581735624769629e-04 4.017508553773698268e-04 8.594314239943335850e-04 9.722975905854095748e-04 1.391411255783075876e-03 1.011316590085485634e-03 7.449983752603681064e-04 2.642410915799771830e-04 4.867263654567372888e-04 1.119963724629036541e-03 1.216093592318744305e-03 1.679774393181817217e-04 1.825957709075150660e-04 3.083887880662608105e-05 2.296394099698263923e-05 3.059880855736073484e-05 2.135670824315754918e-04 2.716424375782000594e-05 1.543313666659556918e-04 1.242745745047109905e-03
1.005153022028289461e-04 1.682468367967392836e-04 7.778628698481014668e-05 2.482975105864180599e-04 9.352426916888113449e-05 2.024561602949015936e-04 4.205498831166818211e-04 1.249620559847712357e-04 3.012759636202104723e-04 2.362617024103615712e-04 1.489061651331345703e-03 9.810916871748373395e-04 2.495859734292360651e-04 4.261405497553375898e-04 3.222103642305840275e-04 1.237650510134333508e-03 3.322986261080233599e-04 4.412295755129010209e-04 6.358891586169315973e-04 6.260762973857867189e-04 9.846573470525805775e-04 1.798495391282173544e-03 4.748473977562601414e-04 5.468319639241092699e-04 1.071145994096824733e-03 9.388114116756566521e-05 2.507783093058604416e-04 5.311725464107724254e-04 2.743744358153152861e-04 7.079539845754750666e-04 8.303451917632519988e-05 1.620796651672193507e-04 6.526457675172954974e-05 1.520447303148271100e-04 5.467214870526657892e-04 7.709434410724973815e-04 1.125585846206988722e-03
8.023454226016536392e-05 8.750852678775849157e-05 2.597824297345782858e-04 9.662913878826602174e-05 1.690696160988281946e-04 1.270932237709499011e-04 4.090884652742878989e-04 2.449877543134371290e-04 2.929933265869701597e-04 4.215036176011284345e-04 7.533354039253989300e-04 4.420339654885375221e-04 5.831844265792747711e-04 3.408636664963995803e-04 5.870564682754983183e-04 7.292371708568160926e-04 2.112624277808465372e-04 2.079153924616437268e-04 3.169625355387275189e-04 5.836949584818080811e-04 6.599998862202312950e-04 2.369181368979655575e-03 8.703448943352092970e-04 2.085921303402444357e-03 1.420737379756758850e-03 3.105750473072221049e-04 1.910931045704784240e-04 1.801878388466042133e-03 8.127647585193497606e-04 2.872800206699311536e-04 1.117351592000976387e-03 1.948771229882558756e-04 7.461006797679002557e-04 9.042579609725887751e-05 6.868574928606935824e-04 7.800626877720114212e-04 1.894689942916765086e-04
3.454438902307401102e-04 4.118901989522124945e-04 3.577941137106908031e-04 7.639879273677042644e-04 7.292221669343663601e-04 6.253443891844871630e-04 1.104261639560101104e-03 1.603528705337538924e-03 1.454598005612215642e-03 2.691693216418388195e-03 1.167179397823212049e-03 1.002842195990659348e-03 5.350572476658262393e-04 7.778181267215966482e-04 4.573511600462819380e-04 8.843287977178651603e-04 9.115893168622387884e-04 4.261213634747068840e-04 4.809142418632548035e-05 5.051406629525309172e-05 8.251564523086364665e-04 5.306773270773729049e-04 4.761440138250581911e-04 8.885803329312890169e-04 1.410706751527591746e-03 5.750154682895780231e-04 6.760979706122952505e-04 9.738485849540682877e-04 8.715184777917644315e-04 2.892011201249636851e-04 2.421900236673449770e-04 8.570947256462155099e-05 1.804003223725042548e-04 7.439392092735833736e-04 8.662861301306737805e-04 2.237134410473796118e-04 2.028348699548324183e-04
9.322064348587205240e-04 7.675911607128856843e-04 1.202201500728884319e-03 1.417610250389111275e-03 2.370409700366838280e-03 2.904919533494165242e-03 3.953679860600153514e-03 4.268641786077604153e-03 4.720772691091656807e-03 5.393565328563371293e-03 7.254934537104019456e-03 7.589557835462341917e-03 6.187464494814718871e-03 4.213841976695273557e-03 4.941127447485195619e-03 2.059251645897956871e-03 3.251340088070265623e-03 9.473619553064774497e-04 3.457666654258568411e-04 3.592141400825288626e-04 5.013564781922502309e-04 2.439587301819709964e-04 6.299301645457783781e-04 5.150982384162700912e-04 9.188575476230675812e-04 1.167693525320223549e-03 6.112161791038092954e-04 1.181515467901064200e-03 1.623826149995084150e-03 7.448218449751455202e-04 5.087048455698028838e-04 1.291839954775247934e-04 1.084608506947378262e-04 2.061935219274101951e-04 1.070269399480207155e-03 4.105813236108120075e-04 3.575862402548403429e-04
2.405187772902131656e-03 1.179839609287334362e-03 1.080709818200706416e-03 1.348490784293584436e-03 8.531931857673001173e-04 1.083864644589786416e-03 8.147067264014212209e-04 1.028588394516960101e-03 2.899472852092562034e-03 4.322193444998727319e-03 4.092246686724803663e-03 5.365946183380138242e-03 8.710940899988627376e-03 1.191055085920870830e-02 8.228777286365266189e-03 7.786406535128560444e-03 3.820631435439534370e-03 3.663710223309528564e-03 1.639330099960984409e-03 3.053743860305944795e-03 1.518747038440615036e-03 7.846707420392756271e-04 2.990183524646599050e-04 7.120297038259858647e-04 1.037943630877644118e-03 7.332760973040017066e-04 1.816815514781550990e-03 5.897281617107480662e-04 1.507341959826538711e-03 9.636537312088589487e-04 1.662743404632141542e-03 6.097776269205080601e-04 6.321000398152846643e-04 2.849169866099399259e-04 7.847071398562553137e-04 3.424983850855287310e-04 2.423960659287941637e-04
2.244631574535226222e-03 2.291993900116761490e-03 1.351080250498164909e-03 8.144413722205231252e-04 3.521618742706126431e-04 2.726961029114335043e-04 2.022802967152680998e-04 5.713979296658152143e-04 3.844556875773774305e-04 2.751991560989969611e-04 7.754044806336297295e-04 1.850786890968858143e-04 2.835322304927217736e-04 6.097198679990932773e-04 3.910091543753997645e-03 3.872600778916257796e-03 6.127295388452292518e-03 3.541747197266993143e-03 5.283719773514230188e-03 3.684173929751264048e-03 4.553626206702622754e-03 1.162597427066841766e-03 1.068260424329148337e-03 6.102452449160116615e-04 8.767683544498842572e-04 1.250277820900109766e-03 1.882009380665463369e-03 1.531212334927878728e-03 6.318517510663315294e-04 1.244936615092110148e-03 5.712967848870971563e-04 1.025552151584886457e-03 5.584312070833131374e-04 7.489991048476730539e-04 1.090894208569143315e-03 2.884011361205963270e-04 4.374182827063588302e-04
1.728732085002584323e-02 1.059926716848183861e-02 7.817505717663935857e-03 5.801534353100336848e-03 3.626819077897822183e-03 3.511954371249700543e-03 3.530913763192024442e-03 1.420951038929519055e-03 2.330091567513840022e-03 1.703402152960495526e-03 6.289280037069018168e-04 9.211904018785572416e-04 3.268414469217815078e-04 7.757975192197709641e-04 1.662113529263740041e-03 4.531287226305075536e-03 3.809034004572547840e-03 6.322467088974477109e-03 4.894159941093660822e-03 5.760497870615910801e-03 4.237636947348855966e-03 3.028357603384193488e-03 2.454128715559863397e-03 1.476739021530132628e-03 1.771356629513195884e-03 1.926345154897750756e-03 1.778879905750849894e-03 2.079144500883214463e-03 2.119194109455057890e-03 7.543350803631984841e-04 6.050994671468949530e-04 5.459582326459371622e-04 9.779672642094847448e-04 5.844123215518917495e-04 1.274643517962389342e-03 6.389068036026225540e-04 6.446514334298163347e-04
3.534518399874660155e-02 4.356421751696575029e-02 4.568090182324228976e-02 2.659068275470665224e-02 1.725533274199954337e-02 1.334481366412284403e-02 1.092309805577788319e-02 6.689761398795224939e-03 1.457776145652716834e-02 3.856625076370791966e-02 2.315192902534328120e-02 1.502360802942839281e-02 1.103887695617384798e-02 5.127451823371507143e-03 5.440119266257590833e-03 5.159199284189009728e-03 8.306401170044743626e-03 2.486057774281606736e-02 1.568767107236332045e-02 1.206449259383938002e-02 7.200142571453757231e-03 7.368149424611719102e-03 3.897026348918308791e-03 5.700281466012575501e-03 3.040890799134346022e-03 5.080462059319864124e-03 1.392463311645331971e-03 2.620389013723750746e-03 3.929245525656904769e-03 8.413532725886182151e-04 2.551304909276406671e-04 1.192582082034436075e-03 4.372981642661354432e-04 8.960584881894998171e-04 1.438973107844140811e-03 7.948134000813300527e-04 8.576959210000749314e-04
4.034046634002409065e-03 2.756104616991602446e-03 3.494541032318954684e-03 2.341366229115478606e-02 3.553228534640556768e-02 4.509398116032556358e-02 5.213197830132589028e-02 5.887740608247368779e-02 4.567563629983704965e-02 2.744491731562793621e-02 2.570415592121928772e-02 1.958836187004434765e-02 1.674962223803254727e-02 2.521856546478322414e-02 1.702720601160124386e-02 2.773473103953747257e-02 3.522322676826434434e-02 2.139388575472806961e-02 3.135439086554991234e-02 1.957665660547179901e-02 1.631545341433275967e-02 1.111596015203298975e-02 1.359635471173933040e-02 6.987485109115190718e-03 9.095236528946615273e-03 5.576356942566071395e-03 5.332340920222269562e-03 4.071105345921935403e-03 4.927957947645471813e-03 2.141862069577405488e-03 1.227361645890401439e-03 1.097352375028758705e-03 9.619366510442205285e-04 3.684983147134206693e-04 1.349394298108963584e-03 7.212769888857829088e-04 9.130664589133177496e-04
1.203258899041485374e-03 1.947340102307320480e-03 2.958219435944526784e-03 4.427228355010614722e-03 2.996020430873266166e-03 3.085952917421686242e-03 1.897223100997863900e-03 2.103593577277930709e-03 1.280737655407409789e-02 8.507107230082508464e-03 2.296796003985007023e-02 3.423809788210871452e-02 4.844628453216517222e-02 3.937313732512884301e-02 2.812620725630890495e-02 1.515899906434294009e-02 8.383279508776040820e-03 9.421407572926006682e-03 9.066945469517516745e-03 1.811370225268685991e-02 1.608660332260535009e-02 1.777590832216098884e-02 1.475019260590921741e-02 1.454029077333137375e-02 9.492454359966878349e-03 1.231641322604948470e-02 6.995218221465922953e-03 8.275921328761353529e-03 7.101743281155783322e-03 4.767030316263210291e-03 2.839102246919311418e-03 2.799339042274386763e-03 1.004663834397133458e-03 6.063625178035818514e-04 4.997900133554293491e-04 1.071508670927685900e-03 1.171639963831437765e-03
1.440497556562439366e-03 3.225978533658546612e-03 3.518276417057480867e-03 1.683854501390402974e-03 2.081485408105657013e-03 1.386953017378185493e-03 2.069464678487351831e-03 3.845954181016241445e-03 2.793549446897593790e-03 5.259461270410576740e-03 8.784974039548275326e-03 1.179555943632504787e-02 5.968306165380426846e-03 7.038723840955354166e-03 2.014922311145757317e-02 1.339619040056323068e-02 1.171786703674077695e-02 9.196616469263731511e-03 1.276511202307631550e-02 2.111926345248005266e-02 2.072290682231586745e-02 1.629562073816827675e-02 1.660982628456144847e-02 1.528621410427195154e-02 4.616021825646928617e-02 6.189271980109190691e-02 3.608234410450587154e-02 3.668926359921934055e-02 5.294471298645032215e-02 3.123173158483322914e-02 1.873984970849725332e-02 1.296881941397748025e-02 1.067172063682314542e-02 1.483250964936119482e-03 1.094946858447397439e-03 9.295446675033587148e-04 5.708112357409180588e-04
