output/water_depth_4920.asc
ncols 223
nrows 158
xllcorner 0.0
yllcorner 0.0
cellsize 30.0
[rows 136 to 152 of 158, columns 111 to 147 of 223]
1.000000000000000021e-08 1.937538098032510740e-05 1.000000000000000021e-08 1.000000000000000021e-08 1.000000000000000021e-08 1.487142234268300017e-04 2.616116998925578901e-03 2.448184716799129009e-04 8.043063872068890226e-05 3.219166256582464561e-04 3.634255671696915943e-04 4.385266969844542643e-04 6.991762618150170697e-04 4.849354669692955254e-05 1.571041874377905546e-05 1.000000000000000021e-08 1.000000000000000021e-08 1.000000000000000021e-08 1.000000000000000021e-08 1.000000000000000021e-08 1.000000000000000021e-08 1.150890488311379675e-04 1.153066264084917923e-04 6.016208548492906280e-05 1.524415488392872632e-05 1.000000000000000021e-08 1.000000000000000021e-08 1.000000000000000021e-08 1.000000000000000021e-08 1.000000000000000021e-08 1.000000000000000021e-08 1.000000000000000021e-08 2.285583591928359864e-05 1.421902204422230683e-05 1.547830530167387502e-05 2.035360528203804928e-05 1.000000000000000021e-08
1.000000000000000021e-08 1.000000000000000021e-08 1.000000000000000021e-08 1.000000000000000021e-08 7.002463549273835349e-05 1.426346649399987988e-03 2.412801390128392273e-03 1.937321809597731886e-04 9.132144535864127619e-04 8.322416749605965856e-04 6.762138732391364355e-04 5.890162137744670273e-04 4.812784944540284167e-04 3.186582056271992523e-05 1.000000000000000021e-08 1.000000000000000021e-08 1.004725352781040641e-05 1.000000000000000021e-08 1.000000000000000021e-08 1.000000000000000021e-08 2.153452215525093291e-05 1.000000000000000021e-08 1.000000000000000021e-08 1.000000000000000021e-08 1.000000000000000021e-08 1.000000000000000021e-08 1.000000000000000021e-08 1.000000000000000021e-08 1.000000000000000021e-08 1.000000000000000021e-08 1.000000000000000021e-08 1.000000000000000021e-08 1.856553510096077021e-05 1.000000000000000021e-08 1.173718820361847606e-05 1.140040996279207287e-05 1.463067231770568243e-05
1.000000000000000021e-08 1.000000000000000021e-08 1.000000000000000021e-08 1.000000000000000021e-08 2.186727337351812518e-04 1.303390774074797507e-03 1.038254731277749683e-03 1.334511867574759460e-03 6.982450041522100771e-05 1.762587742835384542e-05 1.000000000000000021e-08 1.000000000000000021e-08 3.806472265975573577e-04 2.044286829775073552e-05 1.000000000000000021e-08 1.000000000000000021e-08 1.000000000000000021e-08 1.000000000000000021e-08 1.000000000000000021e-08 3.298875395071953419e-05 2.883313874666312840e-05 1.000000000000000021e-08 1.000000000000000021e-08 1.000000000000000021e-08 1.000000000000000021e-08 1.000000000000000021e-08 1.000000000000000021e-08 1.000000000000000021e-08 1.000000000000000021e-08 1.000000000000000021e-08 1.000000000000000021e-08 1.000000000000000021e-08 1.000000000000000021e-08 1.000000000000000021e-08 1.000000000000000021e-08 1.270622500334706641e-05 2.149265535044278741e-05
1.000000000000000021e-08 1.316289769861988890e-05 1.711413221975616606e-05 3.280275782513125644e-05 1.145112997890003210e-04 8.529863786579666306e-05 2.569535749743939745e-04 1.988473422296067189e-03 1.004276315704754485e-04 2.341532000890093117e-05 1.000000000000000021e-08 1.070342464490828808e-04 8.879368052788438014e-04 1.857488571350181787e-05 1.000000000000000021e-08 1.000000000000000021e-08 2.369384398360328570e-05 1.000000000000000021e-08 1.000000000000000021e-08 1.000000000000000021e-08 2.722243172795453840e-05 1.000000000000000021e-08 1.000000000000000021e-08 1.000000000000000021e-08 1.000000000000000021e-08 1.000000000000000021e-08 1.000000000000000021e-08 1.000000000000000021e-08 1.000000000000000021e-08 1.000000000000000021e-08 1.000000000000000021e-08 1.000000000000000021e-08 1.000000000000000021e-08 1.258850906904408088e-05 1.792928405718183308e-05 2.558283561933432032e-05 3.286609431713504153e-05
1.000000000000000021e-08 1.000000000000000021e-08 1.000000000000000021e-08 1.762734738423398409e-05 2.406127430184183235e-05 2.958346174895602778e-05 4.957362597787908436e-05 2.206214080365300530e-03 7.772366039215210243e-04 2.255457285154000881e-05 1.000000000000000021e-08 1.097082892724175809e-05 8.317880493332813555e-04 1.000000000000000021e-08 1.000000000000000021e-08 2.493066974500006338e-05 2.030313365706752553e-05 1.383574774628329157e-05 1.000000000000000021e-08 1.000000000000000021e-08 2.082790804115448773e-05 1.125753987916721926e-05 9.707327198641144464e-05 1.000000000000000021e-08 1.000000000000000021e-08 1.575428824157657119e-05 1.000000000000000021e-08 1.000000000000000021e-08 4.410653827413728626e-05 1.494433479632055943e-05 1.000000000000000021e-08 1.000000000000000021e-08 2.421638000815942032e-05 4.779379324657416126e-05 7.903659224975979360e-05 1.000000000000000021e-08 2.090829951526315390e-05
1.000000000000000021e-08 1.000000000000000021e-08 1.000000000000000021e-08 1.000000000000000021e-08 1.000000000000000021e-08 1.000000000000000021e-08 2.510153449527447554e-05 1.569057480182898439e-03 4.844410803473467829e-04 2.958420937450248698e-05 1.677457873541876877e-05 1.500188299158561702e-04 5.002274836139673254e-03 3.002567511456262690e-04 8.007907577648964667e-05 3.206234156758119776e-05 1.180337485328034555e-05 1.202134785105339912e-05 1.108031305198026407e-05 1.418461008332601954e-05 1.286038726311013017e-05 1.160711233331517092e-04 1.245969346953183072e-04 7.807488848109317978e-05 1.000000000000000021e-08 1.000000000000000021e-08 1.000000000000000021e-08 3.338794997622777916e-05 4.856315588203734924e-05 4.403476594043728107e-05 1.000000000000000021e-08 1.000000000000000021e-08 2.705497114273430629e-05 4.808068309303039647e-05 5.454389265745813347e-05 1.000000000000000021e-08 1.000000000000000021e-08
1.000000000000000021e-08 1.000000000000000021e-08 1.000000000000000021e-08 1.000000000000000021e-08 1.000000000000000021e-08 1.183449039708205181e-05 1.000000000000000021e-08 6.333498279489293160e-04 6.857091348012225428e-04 3.145349202874450124e-05 2.584872117850335686e-05 9.331551538824859563e-05 1.681876689029895649e-04 1.080060553282127914e-04 1.033608777325745019e-04 1.413428655487851003e-04 9.758117854850071823e-05 7.270312315569882637e-05 1.898214628996347923e-05 1.000000000000000021e-08 1.000000100000000021e-05 1.132412344386603747e-04 8.190979029546617194e-05 1.013177522313654872e-04 1.161090080291061571e-04 1.432275153246012720e-04 1.023735841596781396e-04 7.396741872228723572e-05 3.630294127159282698e-05 2.959622027950446830e-05 2.936859135520285041e-05 1.000000000000000021e-08 1.425417931034049237e-05 4.267407474347535045e-05 9.539334707093317716e-05 1.000000000000000021e-08 1.000000000000000021e-08
1.118658025764146528e-05 1.000000000000000021e-08 1.000000000000000021e-08 1.000000000000000021e-08 1.000000000000000021e-08 1.000000000000000021e-08 1.000000000000000021e-08 1.192972454312890736e-03 5.732897732491070222e-03 1.000000000000000021e-08 2.151120764860103317e-05 1.427358276635833345e-05 3.251643103161556985e-05 2.161385648584061527e-05 1.000000000000000021e-08 6.402295321666759051e-05 7.968948647665439946e-05 3.882225127028670432e-05 3.156494717346475330e-05 1.000000100000000021e-05 1.000000100000000021e-05 1.000000100000000021e-05 1.000000100000000021e-05 1.000000100000000021e-05 1.000000100000000021e-05 1.000000100000000021e-05 1.000000100000000021e-05 1.000000100000000021e-05 1.000000100000000021e-05 1.000000100000000021e-05 1.000000100000000021e-05 1.000000100000000021e-05 2.086206046570163357e-05 2.057349401849057919e-05 2.799609404084467556e-05 1.000000000000000021e-08 1.000000000000000021e-08
1.000000000000000021e-08 1.000000000000000021e-08 1.000000000000000021e-08 1.000000000000000021e-08 1.931514434413299420e-05 1.000000000000000021e-08 1.000000000000000021e-08 4.887123813165388837e-05 8.129770584035914821e-03 5.358552072832805448e-05 1.724890349720141640e-05 1.199575190123596506e-05 1.000000000000000021e-08 2.326655020118560717e-05 1.000000100000000021e-05 1.000000100000000021e-05 1.000000100000000021e-05 1.000000100000000021e-05 1.000000100000000021e-05 1.000000100000000021e-05 1.000000100000000021e-05 1.000000100000000021e-05 1.000000100000000021e-05 1.000000100000000021e-05 1.000000100000000021e-05 1.000000100000000021e-05 1.000000100000000021e-05 1.000000100000000021e-05 1.000000100000000021e-05 1.000000100000000021e-05 1.000000100000000021e-05 1.000000100000000021e-05 1.000000100000000021e-05 1.000000000000000021e-08 1.365894269819096134e-05 1.000000000000000021e-08 1.000000000000000021e-08
1.000000000000000021e-08 1.000000000000000021e-08 1.000000000000000021e-08 2.695988375668768058e-05 1.000000000000000021e-08 1.000000000000000021e-08 1.000000000000000021e-08 1.000000000000000021e-08 1.737350848445959784e-04 1.179700134221742984e-05 1.000000100000000021e-05 1.000000100000000021e-05 1.000000100000000021e-05 1.000000100000000021e-05 1.000000100000000021e-05 1.000000100000000021e-05 1.000000100000000021e-05 1.000000100000000021e-05 1.000000100000000021e-05 1.000000100000000021e-05 1.000000100000000021e-05 1.000000100000000021e-05 1.000000100000000021e-05 1.000000100000000021e-05 1.000000100000000021e-05 1.000000100000000021e-05 1.000000100000000021e-05 1.000000100000000021e-05 1.000000100000000021e-05 1.000000100000000021e-05 1.000000100000000021e-05 1.000000100000000021e-05 1.000000100000000021e-05 1.000000100000000021e-05 1.390109013497413001e-05 1.000000000000000021e-08 1.000000000000000021e-08
2.712088835079298305e-05 3.611815877158125910e-05 1.000000000000000021e-08 7.450825323121634976e-05 9.657121818803066592e-05 7.478684581781824901e-05 8.167103202308322540e-05 1.000000000000000021e-08 1.604839268739843578e-04 1.000000100000000021e-05 1.000000100000000021e-05 1.000000100000000021e-05 1.000000100000000021e-05 1.000000100000000021e-05 1.000000100000000021e-05 1.000000100000000021e-05 1.000000100000000021e-05 1.000000100000000021e-05 1.000000100000000021e-05 1.000000100000000021e-05 1.000000100000000021e-05 1.000000100000000021e-05 1.000000100000000021e-05 1.000000100000000021e-05 1.000000100000000021e-05 1.000000100000000021e-05 1.000000100000000021e-05 1.000000100000000021e-05 1.000000100000000021e-05 1.000000100000000021e-05 1.000000100000000021e-05 1.000000100000000021e-05 1.000000100000000021e-05 1.000000100000000021e-05 1.145524992037428338e-05 1.401142241809652281e-05 1.996473497796723431e-05
4.407979070310671178e-05 4.094481934222121938e-05 5.468375464553900213e-05 6.200121038312694007e-05 5.819639651472096958e-05 1.085981255442840135e-04 1.118571284059247919e-04 1.073591038938651905e-04 1.558077806276206170e-04 1.000000100000000021e-05 1.000000100000000021e-05 1.000000100000000021e-05 1.000000100000000021e-05 1.000000100000000021e-05 1.000000100000000021e-05 1.000000100000000021e-05 1.000000100000000021e-05 1.000000100000000021e-05 1.000000100000000021e-05 1.000000100000000021e-05 1.000000100000000021e-05 1.000000100000000021e-05 1.000000100000000021e-05 1.000000100000000021e-05 1.000000100000000021e-05 1.000000100000000021e-05 1.000000100000000021e-05 1.000000100000000021e-05 1.000000100000000021e-05 1.000000100000000021e-05 1.000000100000000021e-05 1.000000100000000021e-05 1.000000100000000021e-05 1.000000100000000021e-05 1.158090524134312903e-05 1.000000000000000021e-08 1.000000000000000021e-08
1.000000100000000021e-05 1.000000100000000021e-05 1.000000100000000021e-05 1.000000100000000021e-05 1.000000100000000021e-05 1.000000100000000021e-05 1.000000100000000021e-05 1.000000100000000021e-05 1.000000100000000021e-05 1.000000100000000021e-05 1.000000100000000021e-05 1.000000100000000021e-05 1.000000100000000021e-05 1.000000100000000021e-05 1.000000100000000021e-05 1.000000100000000021e-05 1.000000100000000021e-05 1.000000100000000021e-05 1.000000100000000021e-05 1.000000100000000021e-05 1.000000100000000021e-05 1.000000100000000021e-05 1.000000100000000021e-05 1.000000100000000021e-05 1.000000100000000021e-05 1.000000100000000021e-05 1.000000100000000021e-05 1.000000100000000021e-05 1.000000100000000021e-05 1.000000100000000021e-05 1.000000100000000021e-05 1.000000100000000021e-05 1.000000100000000021e-05 1.000000100000000021e-05 1.000000100000000021e-05 1.111714963731155672e-05 1.479273443304899209e-05
1.000000100000000021e-05 1.000000100000000021e-05 1.000000100000000021e-05 1.000000100000000021e-05 1.000000100000000021e-05 1.000000100000000021e-05 1.000000100000000021e-05 1.000000100000000021e-05 1.000000100000000021e-05 1.000000100000000021e-05 1.000000100000000021e-05 1.000000100000000021e-05 1.000000100000000021e-05 1.000000100000000021e-05 1.000000100000000021e-05 1.000000100000000021e-05 1.000000100000000021e-05 1.000000100000000021e-05 1.000000100000000021e-05 1.000000100000000021e-05 1.000000100000000021e-05 1.000000100000000021e-05 1.000000100000000021e-05 1.000000100000000021e-05 1.000000100000000021e-05 1.000000100000000021e-05 1.000000100000000021e-05 1.000000100000000021e-05 1.000000100000000021e-05 1.000000100000000021e-05 1.000000100000000021e-05 1.000000100000000021e-05 1.000000100000000021e-05 1.000000100000000021e-05 1.000000100000000021e-05 2.666601621183982871e-05 3.671556010212383023e-05
1.000000100000000021e-05 1.000000100000000021e-05 1.000000100000000021e-05 1.000000100000000021e-05 1.000000100000000021e-05 1.000000100000000021e-05 1.000000100000000021e-05 1.000000100000000021e-05 1.000000100000000021e-05 1.000000100000000021e-05 1.000000100000000021e-05 1.000000100000000021e-05 1.000000100000000021e-05 1.000000100000000021e-05 1.000000100000000021e-05 1.000000100000000021e-05 1.000000100000000021e-05 1.000000100000000021e-05 1.000000100000000021e-05 1.000000100000000021e-05 1.000000100000000021e-05 1.000000100000000021e-05 1.000000100000000021e-05 1.000000100000000021e-05 1.000000100000000021e-05 1.000000100000000021e-05 1.000000100000000021e-05 1.000000100000000021e-05 1.000000100000000021e-05 1.000000100000000021e-05 1.000000100000000021e-05 1.000000100000000021e-05 1.000000100000000021e-05 1.000000100000000021e-05 1.000000100000000021e-05 1.000000100000000021e-05 4.059763904365668025e-05
1.000000100000000021e-05 1.000000100000000021e-05 1.000000100000000021e-05 1.000000100000000021e-05 1.000000100000000021e-05 1.000000100000000021e-05 1.000000100000000021e-05 1.000000100000000021e-05 1.000000100000000021e-05 1.000000100000000021e-05 1.000000100000000021e-05 1.000000100000000021e-05 1.000000100000000021e-05 1.000000100000000021e-05 1.000000100000000021e-05 1.000000100000000021e-05 1.000000100000000021e-05 1.000000100000000021e-05 1.000000100000000021e-05 1.000000100000000021e-05 1.000000100000000021e-05 1.000000100000000021e-05 1.000000100000000021e-05 1.000000100000000021e-05 1.000000100000000021e-05 1.000000100000000021e-05 1.000000100000000021e-05 1.000000100000000021e-05 1.000000100000000021e-05 1.000000100000000021e-05 1.000000100000000021e-05 1.000000100000000021e-05 1.000000100000000021e-05 1.000000100000000021e-05 1.000000100000000021e-05 1.000000100000000021e-05 1.000000100000000021e-05
1.000000100000000021e-05 1.000000100000000021e-05 1.000000100000000021e-05 1.000000100000000021e-05 1.000000100000000021e-05 1.000000100000000021e-05 1.000000100000000021e-05 1.000000100000000021e-05 1.000000100000000021e-05 1.000000100000000021e-05 1.000000100000000021e-05 1.000000100000000021e-05 1.000000100000000021e-05 1.000000100000000021e-05 1.000000100000000021e-05 1.000000100000000021e-05 1.000000100000000021e-05 1.000000100000000021e-05 1.000000100000000021e-05 1.000000100000000021e-05 1.000000100000000021e-05 1.000000100000000021e-05 1.000000100000000021e-05 1.000000100000000021e-05 1.000000100000000021e-05 1.000000100000000021e-05 1.000000100000000021e-05 1.000000100000000021e-05 1.000000100000000021e-05 1.000000100000000021e-05 1.000000100000000021e-05 1.000000100000000021e-05 1.000000100000000021e-05 1.000000100000000021e-05 1.000000100000000021e-05 1.000000100000000021e-05 1.000000100000000021e-05
