output/water_depth_5400.asc
ncols 223
nrows 158
xllcorner 0.0
yllcorner 0.0
cellsize 30.0
[rows 85 to 101 of 158, columns 185 to 221 of 223]
4.316526625267462264e-05 3.740311467254537920e-05 1.000000000000000021e-08 1.000000000000000021e-08 1.000000000000000021e-08 1.000000000000000021e-08 1.017234000627941382e-03 3.988183350816188466e-01 3.949999772159412115e-01 3.978141731482605081e-01 6.512522907380836890e-03 3.560879129471415661e-03 1.000000000000000021e-08 1.000000000000000021e-08 4.759516306910470195e-05 3.001137562826373771e-05 1.000000000000000021e-08 1.000000000000000021e-08 1.000000000000000021e-08 1.000000000000000021e-08 1.000000000000000021e-08 4.850884776296227166e-05 4.804263899261574272e-05 4.883182274462064232e-05 5.571372053378605138e-05 6.489067409226057773e-05 6.874892368986213289e-05 7.785803308139066666e-05 4.942736691093851427e-05 2.436797296810130225e-05 1.000000100000000021e-05 1.000000100000000021e-05 1.000000100000000021e-05 1.000000100000000021e-05 1.000000100000000021e-05 1.000000100000000021e-05 1.000000100000000021e-05
3.505460419924491647e-05 5.034990051926722997e-05 1.000000000000000021e-08 1.000000000000000021e-08 1.000000000000000021e-08 1.000000000000000021e-08 1.036772509483487069e-04 3.527337763908218182e-01 3.510212499307212020e-01 1.939581861182873177e-03 1.826823841227744353e-03 7.654953006591094138e-04 7.091928765485977395e-05 5.261139170512529379e-05 3.100921138270450644e-05 2.750533962413257384e-05 2.401704496851920096e-05 1.000000000000000021e-08 3.747544137619790894e-05 3.168761374907414277e-05 1.529904010199075926e-05 1.419682448431623430e-05 1.967553855115304498e-05 2.706317403595400841e-05 2.738870926541016307e-05 2.297121368661752795e-05 2.113685841097503204e-05 1.867888000250601842e-05 1.440371281385371312e-05 1.000000000000000021e-08 1.000000000000000021e-08 1.000000100000000021e-05 1.000000100000000021e-05 1.000000100000000021e-05 1.000000100000000021e-05 1.000000100000000021e-05 1.000000100000000021e-05
3.738026643486345459e-05 1.000000000000000021e-08 1.000000000000000021e-08 1.000000000000000021e-08 1.000000000000000021e-08 1.000000000000000021e-08 1.000000000000000021e-08 2.851693380494386143e-01 2.842770270984997794e-01 4.070296362747198376e-05 2.383803033609480947e-05 2.440138171684478409e-05 1.000000000000000021e-08 1.000000000000000021e-08 1.000000000000000021e-08 1.000000000000000021e-08 7.695215768726952361e-05 3.108906071726002970e-05 2.131075518894148287e-05 1.000000000000000021e-08 4.000375474078754360e-05 3.732650864202028199e-05 3.552456171851119685e-05 3.051680333898681776e-05 1.790572695610197291e-05 1.000000000000000021e-08 1.000000000000000021e-08 1.000000000000000021e-08 1.000000000000000021e-08 1.000000000000000021e-08 1.000000000000000021e-08 1.000000100000000021e-05 1.000000100000000021e-05 1.000000100000000021e-05 1.000000100000000021e-05 1.000000100000000021e-05 1.000000100000000021e-05
3.921613483280809802e-05 3.213614525750835174e-05 2.949331919471418867e-05 3.013809717103389606e-05 4.469460216092347598e-05 1.000000000000000021e-08 1.663930878808794848e-05 4.294737830935435041e-01 1.424428594372851020e-01 4.758350309095819012e-05 3.277405622828902818e-05 1.000000000000000021e-08 1.000000000000000021e-08 1.116437071084217611e-05 1.384777857598495670e-05 4.009962402841841861e-04 4.047061591213529756e-03 9.713140372421382514e-05 1.000000000000000021e-08 1.000000000000000021e-08 9.400255480049956702e-05 8.665831434287723112e-05 7.859836599976752994e-05 4.342072491645883201e-05 3.598896393368040887e-05 3.409039289439661007e-05 2.994899136447656563e-05 2.454240504533701604e-05 1.774645279318607917e-05 1.324543489091436655e-05 1.196647964908571199e-05 1.000000100000000021e-05 1.000000100000000021e-05 1.000000100000000021e-05 1.000000100000000021e-05 1.000000100000000021e-05 1.000000100000000021e-05
1.148645687966156324e-04 1.105922131176671102e-04 7.034415982355368625e-05 5.772554444014371195e-05 6.832529718625299025e-05 1.062419752051767859e-04 1.498148840263670149e-04 3.136641110646449793e-01 2.606863696398134533e-01 1.560917840005769143e-03 1.366056200963136974e-05 1.026843956155882878e-05 1.255167454959735933e-05 1.026193316068002173e-05 2.651843976805138051e-04 4.081681622318939200e-04 1.000000000000000021e-08 2.631204595759761942e-05 2.485610167667866700e-05 5.152700169789279933e-05 8.061750502072322912e-05 7.493807658170288622e-05 6.209367474406367196e-05 7.713121493828195270e-05 8.253369597475325599e-05 8.369068528193375825e-05 1.027979935034452146e-04 1.036766092021168951e-04 7.318364838524066046e-05 4.591150573284575985e-05 2.568783016006352161e-05 1.000000100000000021e-05 1.000000100000000021e-05 1.000000100000000021e-05 1.000000100000000021e-05 1.000000100000000021e-05 1.000000100000000021e-05
1.212296408750839866e-04 1.155205640147979651e-04 1.349294214028406232e-04 2.122776364228780484e-04 2.230675331401720082e-04 2.405047880917525016e-04 1.522032680480569014e-05 3.028127264829475473e-01 2.989397075535549231e-01 1.216279090683781462e-03 1.455397406288718066e-05 1.398938056964277474e-05 1.355133842184176493e-05 1.000000000000000021e-08 2.066968013724468232e-05 2.017209462739572360e-04 1.000000000000000021e-08 1.000000000000000021e-08 1.000000000000000021e-08 1.000000000000000021e-08 1.000000000000000021e-08 1.000000000000000021e-08 4.764936977936175044e-05 1.000000000000000021e-08 1.000000000000000021e-08 6.487646655485588621e-05 1.000000000000000021e-08 1.000000000000000021e-08 1.000000000000000021e-08 1.000000000000000021e-08 1.000000100000000021e-05 1.000000100000000021e-05 1.000000100000000021e-05 1.000000100000000021e-05 1.000000100000000021e-05 1.000000100000000021e-05 1.000000100000000021e-05
1.000000000000000021e-08 1.000000000000000021e-08 5.938654075784218796e-05 3.548504953454647117e-05 2.461952707226035654e-04 3.462114868916996429e-05 5.363147241826159324e-03 5.242543192031022814e-01 1.630979850540343334e-01 1.380744365002740427e-04 1.388841171544358620e-05 1.400041067620839214e-05 1.299327728686584782e-05 1.000000000000000021e-08 1.000000000000000021e-08 1.473703402878579979e-04 1.000000000000000021e-08 1.000000000000000021e-08 1.000000000000000021e-08 1.637373312093177383e-05 1.580290596237441414e-05 2.062352880167240161e-05 2.953736051328883708e-05 1.000000000000000021e-08 1.000000000000000021e-08 1.000000000000000021e-08 1.000000000000000021e-08 1.000000000000000021e-08 1.000000000000000021e-08 1.000000000000000021e-08 1.000000100000000021e-05 1.000000100000000021e-05 1.000000100000000021e-05 1.000000100000000021e-05 1.000000100000000021e-05 1.000000100000000021e-05 1.000000100000000021e-05
1.000000000000000021e-08 1.000000000000000021e-08 1.000000000000000021e-08 1.000000000000000021e-08 1.000000000000000021e-08 6.244071264630788329e-05 3.176747563032890874e-04 4.576353479977187666e-01 6.448636507857220812e-02 1.000000000000000021e-08 1.986527061679428007e-05 1.360238218702169279e-05 1.000000000000000021e-08 1.000000000000000021e-08 1.207309552170252132e-05 1.000000000000000021e-08 1.000000000000000021e-08 1.000000000000000021e-08 1.000000000000000021e-08 3.013243372467308844e-05 3.155720740853593277e-05 1.994411313586901777e-05 1.000000000000000021e-08 1.000000000000000021e-08 1.000000000000000021e-08 1.000000000000000021e-08 1.000000000000000021e-08 1.000000000000000021e-08 1.000000000000000021e-08 1.000000000000000021e-08 1.000000100000000021e-05 1.000000100000000021e-05 1.000000100000000021e-05 1.000000100000000021e-05 1.000000100000000021e-05 1.000000100000000021e-05 1.000000100000000021e-05
1.000000000000000021e-08 1.000000000000000021e-08 1.000000000000000021e-08 1.000000000000000021e-08 1.000000000000000021e-08 1.000000000000000021e-08 1.000000000000000021e-08 2.653039804837217797e-01 3.938437855056797221e-01 2.707528300591809534e-03 1.339491569396782443e-05 1.370974536013640154e-05 1.361664045949362593e-05 1.274737143590541803e-05 1.000000000000000021e-08 1.000000000000000021e-08 1.000000000000000021e-08 1.000000000000000021e-08 1.000000000000000021e-08 1.000000000000000021e-08 1.000000000000000021e-08 1.000000000000000021e-08 1.000000000000000021e-08 1.000000000000000021e-08 1.619083252657163002e-05 1.009911534018907613e-05 1.000000000000000021e-08 1.000000000000000021e-08 1.560355734962944391e-05 1.029352084425149638e-05 1.000000100000000021e-05 1.000000100000000021e-05 1.000000100000000021e-05 1.000000100000000021e-05 1.000000100000000021e-05 1.000000100000000021e-05 1.000000100000000021e-05
2.724691473276969676e-05 4.271941261715568887e-05 8.068432786398468861e-05 8.380589994451294181e-05 9.911644509934148942e-05 1.422147320064618651e-04 4.818237693048758093e-04 2.915265843079890562e-01 3.007115677229961759e-01 2.028744836861712166e-03 1.000000000000000021e-08 1.000000000000000021e-08 2.146083029604589076e-05 1.000000000000000021e-08 1.000000000000000021e-08 1.000000000000000021e-08 3.147532382315173041e-05 1.000000000000000021e-08 1.000000000000000021e-08 1.000000000000000021e-08 1.000000000000000021e-08 1.000000000000000021e-08 1.000000000000000021e-08 1.000000000000000021e-08 1.000000000000000021e-08 1.000000000000000021e-08 1.000000000000000021e-08 1.000000000000000021e-08 1.000000000000000021e-08 1.395420483414407915e-05 1.000000100000000021e-05 1.000000100000000021e-05 1.000000100000000021e-05 1.000000100000000021e-05 1.000000100000000021e-05 1.000000100000000021e-05 1.000000100000000021e-05
2.228857818481698157e-04 2.851555697643463698e-04 2.291759858601509210e-04 2.259391234053503708e-04 2.742867626016222546e-04 3.044596453634773191e-04 3.379324068011348679e-04 1.416779125013876428e-01 4.434287194560317391e-01 1.215690952632361406e-03 8.403835893041088957e-05 9.080124791418074811e-05 8.515621085110085719e-05 1.000000000000000021e-08 1.000000000000000021e-08 4.058028400607844189e-05 4.966713826325147184e-05 3.271298024827395116e-05 1.000000000000000021e-08 1.000000000000000021e-08 1.000000000000000021e-08 1.000000000000000021e-08 1.000000000000000021e-08 1.000000000000000021e-08 1.000000000000000021e-08 1.000000000000000021e-08 1.000000000000000021e-08 1.000000000000000021e-08 1.355734318200820598e-05 1.504737244818337006e-05 1.000000100000000021e-05 1.000000100000000021e-05 1.000000100000000021e-05 1.000000100000000021e-05 1.000000100000000021e-05 1.000000100000000021e-05 1.000000100000000021e-05
4.617180700581949900e-05 6.574485701765605996e-05 1.889237037215276587e-04 2.195555998729330053e-04 3.305350588054031661e-04 3.348253706235143753e-04 1.416178374056584243e-03 2.659795673363012369e-01 3.207884042567037963e-01 2.438660515367955010e-04 1.000000000000000021e-08 1.000000000000000021e-08 1.000000000000000021e-08 1.259756832619220971e-04 7.924962956614109454e-05 9.046761766240814457e-05 7.672852755415690909e-05 5.573191689250695923e-05 3.183280019708254182e-05 2.566311172540400174e-05 1.825420776887473165e-05 1.069643820153166455e-05 1.000000000000000021e-08 1.000000000000000021e-08 1.000000000000000021e-08 1.000000000000000021e-08 1.000000000000000021e-08 1.000000000000000021e-08 2.535521763290395393e-05 1.497775331048136228e-05 1.000000100000000021e-05 1.000000100000000021e-05 1.000000100000000021e-05 1.000000100000000021e-05 1.000000100000000021e-05 1.000000100000000021e-05 1.000000100000000021e-05
1.576109538911242485e-05 1.000000000000000021e-08 1.163591224542769855e-04 3.419583935099750473e-04 4.333967044720267296e-04 4.493921856119901972e-04 1.601034686718579014e-02 4.543956768442956595e-01 1.882125253279708366e-01 1.327176927117920819e-05 1.234465244408606492e-05 1.000000000000000021e-08 4.250006311127394783e-05 1.223814493003912368e-04 3.843154327618408307e-04 2.626810828661522686e-04 1.059705670230789114e-04 8.789996580399527058e-05 7.856128218619516895e-05 3.276383980235162688e-05 2.225069277102667008e-05 1.662452882926951074e-05 1.000000000000000021e-08 1.000000000000000021e-08 1.000000000000000021e-08 1.000000000000000021e-08 1.000000000000000021e-08 1.000000000000000021e-08 1.000000000000000021e-08 1.502579917797949796e-05 1.000000100000000021e-05 1.000000100000000021e-05 1.000000100000000021e-05 1.000000100000000021e-05 1.000000100000000021e-05 1.000000100000000021e-05 1.000000100000000021e-05
1.171092537921584922e-05 1.094763934569710548e-05 8.375002694880229626e-05 7.938978486353169182e-05 4.451007615344256658e-04 2.397894949372636085e-04 3.200140340572312728e-03 5.482851447236414266e-01 9.364314568678169803e-02 2.086597598149386506e-04 1.724837258836604188e-05 2.023819905823106150e-05 4.007896181395944159e-05 6.508867941068648079e-05 6.897214477054745461e-05 8.598234986623060929e-05 1.106563124806964212e-04 9.193687725760718262e-05 1.000000000000000021e-08 1.000000000000000021e-08 1.000000000000000021e-08 1.000000000000000021e-08 1.000000000000000021e-08 1.000000000000000021e-08 1.000000000000000021e-08 4.323112486267588310e-05 2.079458555611910346e-05 1.000000000000000021e-08 1.000000000000000021e-08 1.748295858326320485e-05 1.000000100000000021e-05 1.000000100000000021e-05 1.000000100000000021e-05 1.000000100000000021e-05 1.000000100000000021e-05 1.000000100000000021e-05 1.000000100000000021e-05
1.292611477240093162e-05 1.336736810699580861e-05 2.925263304881781085e-05 1.682431809215197379e-05 4.785111966348774343e-05 2.063982942417577366e-03 2.836123744301874416e-01 2.829440723998198903e-01 2.734001736952737516e-02 4.259118689880128498e-05 2.649194220568140337e-05 1.000000000000000021e-08 7.188851748363948998e-05 8.308028533283621326e-05 8.869553928366819473e-05 1.083989016584260107e-04 8.630990644210669352e-05 1.000000000000000021e-08 1.000000000000000021e-08 1.040212273268785998e-05 1.000000000000000021e-08 1.000000000000000021e-08 1.000000000000000021e-08 1.000000000000000021e-08 1.230932592986359029e-05 1.000000000000000021e-08 1.000000000000000021e-08 1.000000000000000021e-08 1.000000000000000021e-08 1.983963678785258218e-05 1.000000100000000021e-05 1.000000100000000021e-05 1.000000100000000021e-05 1.000000100000000021e-05 1.000000100000000021e-05 1.000000100000000021e-05 1.000000100000000021e-05
1.000000000000000021e-08 1.000000000000000021e-08 2.136430136695219699e-05 2.937800667910136948e-05 1.000000000000000021e-08 1.950145420589249109e-03 2.912983683429767878e-01 2.904257901797375752e-01 1.568593968125439261e-02 1.000000000000000021e-08 6.117384029715240863e-05 5.797639835772468424e-05 6.410950149813691458e-05 1.000000000000000021e-08 1.025447902823892383e-04 2.959576558492812005e-04 9.180012300627977192e-05 2.524710526648016128e-05 1.915865023039334107e-05 1.234173913440982483e-05 1.000000000000000021e-08 2.315828504859581888e-05 2.239060317354055096e-05 1.738500933402175241e-05 1.166109654977736800e-05 1.000000000000000021e-08 1.000000000000000021e-08 1.000000000000000021e-08 1.000000000000000021e-08 2.149021506688478849e-05 1.000000100000000021e-05 1.000000100000000021e-05 1.000000100000000021e-05 1.000000100000000021e-05 1.000000100000000021e-05 1.000000100000000021e-05 1.000000100000000021e-05
1.000000000000000021e-08 1.000000000000000021e-08 3.333595971903188478e-05 1.000000000000000021e-08 1.000000000000000021e-08 2.075603917801908070e-04 1.413050880545477228e-01 6.205141318067015632e-01 3.355023182895053302e-02 1.000000000000000021e-08 8.878777704064543940e-05 8.045621142722073234e-05 9.588591579391290629e-05 9.930452542819278607e-05 1.465989411700974318e-04 1.903834548458053306e-04 7.996207741566073272e-05 1.000000000000000021e-08 1.000000000000000021e-08 1.195478725760779201e-05 1.000000000000000021e-08 1.000000000000000021e-08 3.431363008347559668e-05 2.312636747098627599e-05 1.000000000000000021e-08 1.000000000000000021e-08 1.000000000000000021e-08 1.000000000000000021e-08 1.000000000000000021e-08 1.958305865574542395e-05 1.000000100000000021e-05 1.000000100000000021e-05 1.000000100000000021e-05 1.000000100000000021e-05 1.000000100000000021e-05 1.000000100000000021e-05 1.000000100000000021e-05
