output/water_depth_1680.asc
ncols 223
nrows 158
xllcorner 0.0
yllcorner 0.0
cellsize 30.0
[rows 85 to 101 of 158, columns 148 to 184 of 223]
3.737562716905826199e-04 8.931726148068069382e-05 1.142468644150438067e-04 8.095768670896954567e-05 2.950344605163365662e-05 5.836046659539677708e-05 2.917162405362392388e-05 1.839864029956609541e-04 5.333049034312347178e-05 2.359695081138474010e-05 1.141603538318373289e-04 2.102681012986992194e-04 2.799223979666661259e-04 2.930335485439838341e-04 3.503940261051961499e-04 4.015182714771131016e-04 1.371982691024391406e-04 1.701868264117555019e-04 6.728196223005042690e-04 1.219180523643702664e-04 5.368837287217317233e-05 6.075770391139575296e-05 2.444149717980697648e-05 7.083449143286757801e-05 3.088719409601058986e-05 5.893730443280430502e-05 4.357553213107926066e-05 2.590587175413784724e-04 3.598726185600556200e-04 5.862599877432558924e-04 5.009303753582669463e-04 1.277206098602241954e-03 3.596065750185959971e-04 4.047508006091721645e-04 5.047716944570820050e-04 6.870537245903518813e-04 5.850015279177132660e-04
3.452574101464145166e-04 5.979290972563564927e-05 1.034364688175015473e-04 4.495249375415052740e-05 1.713331015904467086e-05 1.299599876169911928e-04 2.386633434088620583e-05 1.213363250385247872e-04 2.134545856443708007e-05 1.000000000000000021e-08 3.351995462502063640e-05 1.130885037146547704e-04 1.513562921928031618e-04 2.068468608790597751e-04 8.387699779204321109e-05 3.542059797920607046e-04 6.250511861267682434e-04 1.368273005145946098e-03 1.875419738333652161e-03 2.249292737158690384e-03 1.779610959322357926e-03 2.752012792848298160e-03 8.460278562256574961e-04 2.916398649184618339e-04 5.724493395911123316e-04 2.430777876967238371e-04 2.814957623938665041e-04 1.295196013643468602e-04 3.613801964199913415e-04 4.437195829276447106e-04 1.221852205307801843e-03 4.455290048240923072e-04 4.942479772704325060e-04 3.105061956006349710e-04 3.464532243967990326e-04 1.951866789095876441e-04 2.567524218145933565e-04
3.761184334856730225e-04 2.734392342334479408e-05 6.859351726085575584e-05 2.428113505943981141e-05 1.049907567688898591e-05 7.393745433364116418e-05 2.476227065753888642e-05 1.136711923374934152e-04 1.000000000000000021e-08 1.698649757869878378e-05 3.421407915934382193e-05 8.999832805206375950e-05 6.826490781784689231e-05 1.315660570958828248e-04 2.577355489484067352e-04 4.034483463222460990e-04 6.079241987045876441e-04 6.524580416494597801e-04 9.441453561820235124e-04 2.101971737812290651e-03 3.811208087724670367e-03 5.227871695897095411e-03 7.606143392778695958e-03 7.443696754579512236e-03 7.311813068515062887e-03 1.117146569568668903e-02 8.824855641924738564e-03 7.541760001086165663e-03 3.844691056982024908e-03 3.137991025208128684e-03 2.206018906787116443e-03 2.501605011038824863e-03 1.815814705787597867e-03 1.614297318931870494e-03 6.654359553919422365e-04 7.431103476144681943e-04 3.430576387590889898e-04
3.269046327027974206e-04 2.884409467596806866e-04 2.387071663602138838e-04 1.936313703021022038e-04 1.339307273096156505e-04 7.404831566326693505e-05 1.000000000000000021e-08 1.920593619555363292e-05 4.293226144010261428e-04 7.166384355138707540e-04 1.022804657101803729e-03 1.409249485558306458e-03 1.085584620890195709e-03 9.086098836980276237e-04 8.690605205129996224e-04 6.279664599042801163e-04 2.790134112238032665e-04 5.807376014313268397e-04 5.209674160366842711e-04 1.206615674668476542e-03 6.936031516905131165e-04 6.767052644244209375e-04 8.575986896204335639e-04 1.555273111680061278e-03 3.193708535520417037e-03 2.603018502245492503e-03 9.674964996422362462e-03 1.910471974337010770e-02 1.577825929438417610e-02 1.135651843402938482e-02 9.125557579330962829e-03 6.386953994626599733e-03 4.533308292240232663e-03 4.378006963699417400e-03 6.488378996669716750e-03 4.474740943144613244e-03 5.694101799839605162e-03
2.121606541113984568e-04 1.887858539323748600e-04 1.454613794112539018e-04 1.145740509354502658e-04 8.467667828865110347e-05 8.232017478158359968e-05 1.204009851922613751e-04 1.988907850508535226e-05 3.310093130945811874e-05 8.784857742724901737e-05 1.512374080771405221e-04 1.745528270643104216e-04 7.589059767690197649e-04 8.636137268181236443e-04 7.486581809614254509e-04 3.295158161979558527e-04 4.908772723086823539e-04 7.104938428543569216e-04 2.044526804734110852e-04 2.293557764917803681e-04 1.991403610418827994e-04 2.521869256132337929e-04 2.688717170802186170e-04 3.924753180555066133e-04 3.411405279926487647e-04 4.594745429091433406e-04 4.301765100273035897e-04 5.227457336212757311e-04 1.307292368271351264e-02 2.539851363778170001e-02 3.742525313011813015e-02 4.607701876953550907e-02 4.237214436709519499e-02 3.927749492523736896e-02 2.166449549750536219e-02 2.541883315626409026e-02 1.541015090770039841e-02
9.297089317800020158e-05 1.074396605496772924e-04 6.707306862339711205e-05 2.054441203854370454e-05 4.616998936379065248e-05 6.543476032111598701e-05 2.177199864201623020e-04 4.244841465432214021e-05 4.447459684816959611e-05 2.386129268047481526e-04 4.776694054604955516e-05 5.897875967677950750e-05 7.001012249059596982e-04 5.099181623136238512e-04 9.805591647376733604e-04 1.053671723366258551e-03 4.408020966823517528e-04 9.044543930006967210e-04 7.652681642456434993e-04 2.429898020171175708e-03 1.073107084306664091e-03 6.196704951055369802e-04 6.287145149111059931e-04 3.688021124266171666e-04 3.911209032823403735e-04 3.032210924618108884e-04 1.297702357067886947e-04 9.169242169222949104e-05 8.156096208298870009e-05 1.156243014434267009e-04 1.318930963586092216e-04 1.397426376697038424e-04 1.039668313743223084e-02 1.691850476207822432e-02 3.715665406582078362e-02 3.179537379694167415e-02 2.313927785927798186e-02
1.168752208503763659e-04 4.392023116979385785e-05 3.252003248251257713e-05 8.360706297399406238e-05 1.025253980407992940e-04 1.327041163849227584e-04 1.495941810030705144e-04 1.708778991151542069e-04 1.277783235958277650e-05 5.399304122709318733e-05 6.294955885384270213e-05 9.259982137916319739e-05 1.005566336093192313e-04 1.326281574729092289e-04 1.111712005678093139e-03 1.620914623081445589e-03 3.066535434053436864e-03 1.172283205548889633e-03 5.720992878863850450e-04 9.143643669723659903e-04 7.082345749568574834e-04 9.330112252036056302e-04 7.201168420793905125e-04 1.421347935409563931e-03 3.222007064092225924e-04 2.072787604473174511e-04 1.761417917967164561e-04 1.064087576030056409e-04 7.941890784609069291e-05 2.868785765371442112e-04 5.718009347393020002e-05 5.167034755176339522e-05 7.591390263847920940e-05 2.222855038401398524e-03 2.423985450548086715e-03 5.498652506824562927e-03 1.246203813842632763e-02
1.277255485256200343e-05 1.174569610441114875e-04 7.377935775051618170e-05 1.000000000000000021e-08 1.256746469633759282e-04 2.025899756554904341e-04 2.571649466081119841e-04 3.023996742967531614e-04 4.222686912939114948e-05 1.642788643577499269e-05 1.877929701811820759e-05 1.100343983395698157e-05 5.019500437282339552e-05 2.228626967428184102e-04 7.266000197154428089e-04 7.176676251490097733e-04 1.469043644437279103e-03 1.017778221754074737e-03 1.437225520815362499e-03 6.374807155385576064e-04 7.427242199017579892e-04 3.973675123894020449e-04 4.950283123585694613e-04 1.418120271845761324e-03 3.625609594865460941e-04 2.779588755244501641e-04 2.431395392491046974e-04 1.049149947738094608e-04 1.719441181294925625e-04 6.677499981201222854e-05 6.044316554330840822e-05 3.086534320840614971e-04 3.019095931749913702e-05 5.471833183914258771e-04 1.851682850037807398e-03 2.791852898777496053e-03 9.441012918729320413e-03
2.441848280257139927e-05 1.812779353775789194e-04 1.130774351269049274e-04 1.259020523473145477e-05 1.641186777337753672e-04 2.447923205097283735e-04 3.384112404608426400e-04 7.202329195699957640e-05 4.007782175862547767e-05 5.262782397550568096e-05 2.673128810915568565e-05 9.709986525258937134e-05 1.357802194993781505e-04 2.951138372468258561e-04 1.948151428068252411e-04 3.164832380944363095e-04 6.760274505801422591e-04 2.298993634362526094e-03 1.403272949267467696e-03 1.833800023068983369e-03 1.703527418334286085e-03 1.646817101856154226e-03 7.861244961082638691e-04 2.122792774275469776e-03 7.617274391913522518e-04 3.199363826154442590e-04 3.354161605353931947e-04 2.842036903756327629e-04 9.611500396484933353e-05 2.932141744008536508e-04 3.183512234811137435e-04 4.906490083721164880e-04 4.624182856551673567e-04 1.700797742032345060e-03 1.928966001539137581e-03 1.339158031385272868e-03 4.172126337787276408e-03
7.095744211646040395e-05 2.503768444759582536e-04 1.645960658153820691e-04 6.337873214896949138e-05 2.248783678484337853e-04 1.856159077194467581e-04 5.025315790952559233e-05 4.259708748929868903e-05 1.644165302247440946e-04 2.202474665727473637e-04 3.802066687963541925e-04 3.766688074715625746e-04 5.589648096949758997e-04 1.529124807192763997e-03 2.145881099075183911e-03 1.782902978521757383e-03 2.828123840460922741e-03 4.039162435002918022e-03 8.312752056895305816e-03 6.372962508577527559e-03 6.496661167662878301e-03 2.389527110188129772e-02 4.228450476694537580e-02 5.786922560963037032e-02 7.076100952524225218e-02 8.149444292233645748e-02 8.878343075469102841e-02 4.552997306218772161e-02 2.474901417949487009e-02 6.052119959661442922e-02 7.689089111967184476e-02 8.240674960559722650e-02 8.178699761590467465e-02 6.152970767054805751e-02 3.085064946608808562e-02 1.544607440218899973e-02 1.106938438529635020e-02
1.759354994078099759e-04 3.565576023693727741e-04 2.530449190832658314e-04 1.226580858318833389e-04 2.948377657991977058e-04 2.057344327833522115e-04 4.729801204344738236e-05 4.110855442225068342e-05 7.151796621720093409e-05 2.233326616944196030e-04 4.432478871916101281e-04 1.277387322149668540e-03 1.859346061601070601e-03 2.243867957005530461e-03 3.258007442286620786e-03 5.450947545998069063e-03 7.190817915475092824e-03 8.514166963112791003e-03 9.254423708966156084e-03 1.790196350162474165e-02 2.666323657209722711e-02 1.794755528975496353e-02 1.261287341994511355e-02 9.067528723892690629e-03 6.637804314503021469e-03 6.261416045435987121e-03 4.168097688941478467e-03 5.033941299284107329e-02 7.242517405646643758e-02 3.623080831465796264e-02 1.803471966039117691e-02 9.754888909320575188e-03 5.894962687389519555e-03 1.872686788533965349e-02 4.731469492841750696e-02 6.064358180305575580e-02 6.679036586759481975e-02
2.545163200713395908e-04 4.655101863975165421e-04 3.415528402589518395e-04 2.083307603133264911e-04 2.941040994252531410e-05 8.039623612532951526e-05 3.578571061195103410e-05 1.000000000000000021e-08 2.915548303965622974e-04 7.140514483992012849e-04 1.180208087001877572e-03 1.100218412500880488e-03 9.292384128314104237e-04 7.447759762865868759e-04 7.722998237465110525e-04 2.431576824732799812e-03 2.064535895970467244e-03 1.733085704080862283e-03 5.475137994288975518e-04 2.175319216035650300e-04 2.344086009708581161e-04 1.468410376871387684e-04 3.954890920914505212e-04 3.378656951571178959e-05 3.611551557557558887e-05 1.934494936466292947e-05 6.960654415050511576e-05 4.042847288500882276e-04 3.455985466289985424e-04 3.365136772529870712e-04 3.058442519198342172e-04 2.283373425092663164e-04 1.777871541113150910e-03 3.408136297817442560e-03 1.557651458802358693e-03 2.132393840710510111e-03 2.117685829213409102e-03
4.651969359464368584e-04 4.953082873056990562e-04 2.596561731208894049e-04 9.120346962766305251e-05 3.807505062109203884e-05 2.180799961633142286e-04 9.899707823163160947e-05 4.445807107650449127e-05 1.076809116131956289e-04 1.000000000000000021e-08 1.000000000000000021e-08 2.272273735816941558e-04 3.375885146741372869e-04 1.188755220123452044e-04 4.620033639440236824e-04 8.981051923241292322e-04 7.622840523452997612e-04 6.854738595745650922e-04 1.039033478305280227e-04 1.797942075434990630e-04 1.789760132242842051e-04 1.303834239432867276e-04 4.854611900280913860e-05 9.147468974581170718e-05 8.287304284982068762e-05 1.242636599486394099e-04 3.997986787375205973e-04 3.936793421574993646e-05 5.438040287480174075e-05 1.944866217608473243e-04 3.105440409525974060e-05 4.942943042888253051e-04 2.349498068300160877e-03 4.107585332790974868e-03 4.736755062373592014e-03 2.207042757948821533e-03 7.302402163202271947e-04
5.305878964427087003e-04 6.420580440206299531e-04 3.704268801891088072e-04 1.293573601799215614e-04 3.220499497657074389e-05 2.352022484984671061e-05 1.000000000000000021e-08 1.000000000000000021e-08 1.000000000000000021e-08 2.077270414174416997e-05 1.715411972855085572e-04 2.080105134462417770e-04 2.282053028988681388e-04 2.573668746987014654e-04 9.767285177124035499e-05 1.205912113321684241e-03 1.457004678110737238e-04 2.461519518546649750e-04 2.421819990930301812e-04 1.908595551505806807e-04 1.381763527094421106e-04 1.141015548703128477e-04 1.024685406926668365e-04 1.598561255729470014e-04 2.079346471127524400e-04 2.127140833658077974e-04 2.033831112689798569e-04 2.046395126023005081e-04 2.064451245979869636e-04 2.650126746612727741e-04 2.514680949966858906e-04 2.634356566418935433e-04 8.001113640344143180e-04 8.436061017222018423e-04 4.579435309820666274e-03 2.108910060515426736e-03 1.337192330085805979e-03
4.345303017805956592e-04 1.913261018921483009e-04 5.743752783800099232e-04 2.601049241178694012e-04 7.423013968628185480e-05 2.439657678274288619e-05 1.000000000000000021e-08 1.000000000000000021e-08 1.000000000000000021e-08 8.539804676972353569e-05 3.959596288841563068e-05 5.333845860724173096e-05 1.075943662943296933e-04 3.242551117145108701e-04 3.134854030338201421e-04 3.425265118233806138e-04 2.955197890020434424e-04 2.171305527786931023e-04 2.108860305317739677e-04 2.392528792750971416e-04 2.709621367497292419e-04 2.640476311772992839e-04 2.471249670421631447e-05 6.797615666303347202e-05 3.954482700915889451e-05 5.238916254035415787e-05 8.871687373407583562e-05 1.650216115034398758e-04 1.876441058637621682e-04 2.920072643206578071e-04 2.816308791369373466e-04 3.912292148215471520e-04 3.273232051464977947e-04 7.345622066899764593e-04 7.287332139463604825e-05 1.760992595254840497e-03 2.750237129471023740e-03
4.486433607180462875e-04 1.786981897560495532e-04 6.032359096958612088e-04 5.422367886652148172e-04 6.893733825101765699e-05 5.374498517612520757e-05 1.397865100187865789e-05 1.000000000000000021e-08 1.000000000000000021e-08 1.367759053460106480e-04 8.034264044802554299e-05 7.471523163181997200e-05 1.399350915217770490e-04 1.190105074299067282e-04 1.615422127657745958e-05 3.364827553647532039e-04 4.566408460369772025e-04 7.886062300374601817e-05 4.213321471638017176e-05 1.226714470803775528e-04 1.566219173790509966e-04 6.154125942151929696e-04 2.135870735159600567e-04 1.930911752172700534e-04 1.681477948851662621e-04 7.776825901190172088e-05 7.781749023446126519e-05 1.056033961575042739e-04 2.010194230060291108e-04 9.740185844290158673e-05 2.566467784647994809e-04 3.082436535009498973e-04 4.899954850719405279e-04 5.014633382386861436e-04 1.225186599026580146e-03 4.507957032235000304e-04 4.169181098875637923e-04
3.226373538429140294e-04 3.846606774946266906e-04 1.122679390790437028e-03 2.784626511030810015e-04 1.280961229638490789e-04 4.232723571543784688e-05 2.282936920165548226e-05 4.318173608370470259e-05 5.372591250048412768e-05 1.959624330770615088e-04 1.405732969247013356e-04 8.207584117576043764e-05 1.655648005519610555e-04 2.108997135074302913e-04 2.061512455521474481e-04 2.177815531417270098e-04 1.267082097619527962e-04 1.958524405338545613e-04 3.430648427017182690e-04 1.282413630541416757e-04 1.331889898938148258e-04 2.742353292700827768e-04 7.979539831654512954e-04 1.559734248720123339e-04 1.139739253300754360e-04 1.773951383220689188e-04 9.247964535913641762e-05 9.709939095356280385e-05 5.192350274661967549e-05 3.099182731837766083e-04 1.368948524916349359e-04 3.594799312192878296e-04 4.149953401344072187e-04 6.771617032582178449e-04 1.483624695277506586e-03 1.105479350142496301e-03 4.720859025316077352e-04
