output/water_depth_6600.asc
ncols 223
nrows 158
xllcorner 0.0
yllcorner 0.0
cellsize 30.0
[rows 0 to 16 of 158, columns 111 to 147 of 223]
1.000000100000000021e-05 1.000000100000000021e-05 1.000000100000000021e-05 1.000000100000000021e-05 1.000000100000000021e-05 1.000000100000000021e-05 1.000000100000000021e-05 1.000000100000000021e-05 1.000000100000000021e-05 1.000000100000000021e-05 1.000000100000000021e-05 1.000000100000000021e-05 1.000000100000000021e-05 1.000000100000000021e-05 1.000000100000000021e-05 1.000000100000000021e-05 1.000000100000000021e-05 1.000000100000000021e-05 1.000000100000000021e-05 1.000000100000000021e-05 1.000000100000000021e-05 1.000000100000000021e-05 1.000000100000000021e-05 1.000000100000000021e-05 1.000000100000000021e-05 1.000000100000000021e-05 1.000000100000000021e-05 1.000000100000000021e-05 1.000000100000000021e-05 1.000000100000000021e-05 1.000000100000000021e-05 1.000000100000000021e-05 1.000000100000000021e-05 1.000000100000000021e-05 1.000000100000000021e-05 1.000000100000000021e-05 1.000000100000000021e-05
1.000000100000000021e-05 1.000000100000000021e-05 1.000000100000000021e-05 1.000000100000000021e-05 1.000000100000000021e-05 1.000000100000000021e-05 1.000000100000000021e-05 1.000000100000000021e-05 1.000000100000000021e-05 1.000000100000000021e-05 1.000000100000000021e-05 1.000000100000000021e-05 1.000000100000000021e-05 1.000000100000000021e-05 1.000000100000000021e-05 1.000000100000000021e-05 1.000000100000000021e-05 1.000000100000000021e-05 1.000000100000000021e-05 1.000000100000000021e-05 1.000000100000000021e-05 1.000000100000000021e-05 1.000000100000000021e-05 1.000000100000000021e-05 1.000000100000000021e-05 1.000000100000000021e-05 1.000000100000000021e-05 1.000000100000000021e-05 1.000000100000000021e-05 1.000000100000000021e-05 1.000000100000000021e-05 1.000000100000000021e-05 1.000000100000000021e-05 1.000000100000000021e-05 1.000000100000000021e-05 1.000000100000000021e-05 1.000000100000000021e-05
1.000000100000000021e-05 1.000000100000000021e-05 1.000000100000000021e-05 1.000000100000000021e-05 1.000000100000000021e-05 1.000000100000000021e-05 1.000000100000000021e-05 1.000000100000000021e-05 1.000000100000000021e-05 1.000000100000000021e-05 1.000000100000000021e-05 1.000000100000000021e-05 1.000000100000000021e-05 1.000000100000000021e-05 1.000000100000000021e-05 1.000000100000000021e-05 1.000000100000000021e-05 1.000000100000000021e-05 1.000000000000000021e-08 1.000000000000000021e-08 1.113541236257458214e-05 1.725460255586518655e-05 6.103887791653220089e-03 1.000000100000000021e-05 1.000000100000000021e-05 1.000000100000000021e-05 1.000000100000000021e-05 1.000000100000000021e-05 1.000000100000000021e-05 8.368362023017715892e-05 6.131052045073401725e-05 6.538649678195700230e-05 4.131764506700008458e-05 1.000000100000000021e-05 1.000000100000000021e-05 1.000000100000000021e-05 1.000000100000000021e-05
1.645919349264533230e-04 1.971402175733160257e-04 2.311856535455253858e-04 1.756312013292895971e-04 1.293856623550151909e-04 9.801722822279798034e-05 8.078784384559623390e-05 5.399065047830180691e-05 4.808693172932565084e-05 1.318709722358317145e-04 1.876364398457397496e-04 1.537571510403342909e-04 1.788136475642268476e-04 2.292801814480981105e-04 2.662542343698497561e-04 2.997079166033898368e-04 2.202017629264228034e-04 1.631763327947347063e-04 1.195101913278523778e-04 8.239886693049854570e-05 1.441614665020680042e-04 7.706483814024875367e-03 5.481752279931633755e-03 6.623876403499148703e-04 3.440014579897739014e-04 3.753513757565464341e-04 7.383920317582889925e-05 1.104930857528053870e-05 1.157119305363063250e-05 1.525518793804331470e-04 6.971428679925874337e-05 3.974636873717283018e-05 3.557030833269050879e-05 3.064633232069166710e-05 1.289710686929301747e-05 1.000000100000000021e-05 1.000000100000000021e-05
1.000000000000000021e-08 1.000000000000000021e-08 1.498211702978780748e-05 1.154229557702337705e-04 1.222240595336600798e-04 1.981860251712080434e-04 1.644384464949246512e-04 1.304124970826487219e-04 1.797983405919458704e-04 3.079783774201212904e-04 3.669525013333134380e-04 1.976615143180569919e-04 1.653349743698391528e-04 2.127187156161660481e-04 2.457486001990195597e-04 1.847291010358346325e-04 2.733247380967874932e-04 3.827327738232812714e-04 4.852357882649446221e-04 6.168396972204727565e-04 6.798869947421134303e-04 5.816782443425977736e-04 7.065231545537859186e-04 7.012518379536587841e-04 6.949303181643388038e-04 7.532553233957169818e-04 1.487041767695090693e-04 2.069148675371908325e-05 2.591130441014111326e-05 2.193887581908599428e-04 6.210556734647633360e-05 3.927855962361608949e-05 1.000000000000000021e-08 1.000000000000000021e-08 1.000000000000000021e-08 3.197363036883647553e-05 1.986779164354311587e-05
1.000000000000000021e-08 1.000000000000000021e-08 1.702819891114291123e-05 9.901000558183619738e-05 1.155242581140752392e-04 1.216854396152084242e-04 2.491412644300347590e-04 2.465733191555476243e-04 2.823581505957430387e-04 1.000000000000000021e-08 1.000000000000000021e-08 1.305806404576469182e-04 1.474767683874744523e-04 1.071722720001607132e-04 7.444192058035829589e-05 1.293573804459500001e-04 9.562685365246759780e-05 7.046766279925226488e-05 5.541212988723416457e-05 1.000000000000000021e-08 1.430475356367932893e-04 5.693895560996555883e-04 2.173190928455671477e-03 3.612089080932955835e-03 2.050594327240575551e-03 1.891403530492832656e-03 1.946885438316201238e-03 2.424677877116186242e-04 5.541799146435064626e-04 2.485772658567283414e-03 6.087489377339732694e-05 2.277454311816349614e-05 2.522181547813614032e-05 2.838845452821405410e-05 2.842115694374833590e-05 2.934835286032655722e-05 2.976655598762841995e-05
1.642082282203189965e-04 1.570184179364032383e-04 1.457034623729696482e-04 1.616758787072424257e-04 1.000000000000000021e-08 1.000000000000000021e-08 2.969834534142933808e-05 3.227138364552862996e-04 2.239171707251494761e-04 1.648287630015030450e-04 7.238253424538785034e-05 1.997563576243141037e-04 1.029377350123845275e-04 1.023246404321188002e-04 9.691452619829346192e-05 1.473619294968221357e-04 3.149882916056033662e-03 3.762131892389054951e-04 1.000000000000000021e-08 1.000000000000000021e-08 2.220774089327481459e-04 2.730806170418542678e-03 2.068245859667405210e-03 1.555312282244852590e-03 3.599633710680714450e-03 4.453694210825858736e-03 5.255855557513489616e-03 5.306619309629117751e-03 2.137458184880864157e-02 3.099289263946933834e-04 1.182840994363473341e-04 5.170664257084081129e-05 5.732879029311912432e-05 4.488660861305404794e-05 3.860190815205506774e-05 3.378131808806889935e-05 1.956917784803564726e-05
1.000000000000000021e-08 1.000000000000000021e-08 8.853244721512205690e-05 1.000000000000000021e-08 1.000000000000000021e-08 1.000000000000000021e-08 1.000000000000000021e-08 1.000000000000000021e-08 1.000000000000000021e-08 1.000000000000000021e-08 5.435075028394776290e-05 4.001656629916425581e-04 3.845890400715181660e-04 1.034636208071434450e-03 1.723738914024650071e-03 1.999582918523327892e-03 2.253886429317453199e-03 1.154681298039625034e-02 1.714788433625501684e-03 1.256626532370805479e-03 1.925908541134262447e-03 3.297086186360243497e-03 4.320550452356345566e-04 2.873748523739115958e-04 2.351330549022340177e-04 1.729387690313151675e-04 1.413897620500903865e-04 1.068217928092766479e-03 5.316110082495269923e-03 8.818072326233222661e-04 3.710998368823031137e-05 4.141625654338049038e-05 1.000000000000000021e-08 1.000000000000000021e-08 1.000000000000000021e-08 1.000000000000000021e-08 1.000000000000000021e-08
1.000000000000000021e-08 1.177224074877142616e-04 1.549119505816289359e-04 3.600618957914749133e-04 2.524639332282971826e-04 1.691369364885280161e-04 1.000000000000000021e-08 1.000000000000000021e-08 1.000000000000000021e-08 1.000000000000000021e-08 9.915751958060768298e-04 1.258515640358502099e-03 1.131844434536975969e-03 9.818221643888654006e-04 6.376779530001089628e-04 4.283179630298660293e-04 2.758828063410214857e-04 2.164594658474285126e-04 1.504256483264850052e-03 2.002189680848575574e-03 1.484249266367744470e-03 1.932300724338989906e-03 2.722797872485942759e-04 1.507407957739264465e-04 1.000000000000000021e-08 1.266071370227662372e-05 1.544113673472083934e-05 1.156478511844590294e-04 3.726864895360935005e-03 3.543576195428565796e-03 3.191936265311137515e-05 1.000000000000000021e-08 1.000000000000000021e-08 1.000000000000000021e-08 1.000000000000000021e-08 1.000000000000000021e-08 1.000000000000000021e-08
1.549543727498877939e-04 1.264380637829724320e-04 1.675061153633587230e-04 1.410522616355231601e-04 2.257717716371526837e-04 1.927892220199049972e-04 1.157378562226538739e-04 7.450529595721821108e-05 3.601845409463563861e-05 8.788120097545850534e-05 5.041770548439550824e-03 6.252915462721691424e-04 4.162791498614895136e-04 2.438868040658340858e-04 2.540600603429003443e-04 1.089040478546876193e-04 6.266376124938349585e-05 1.000000000000000021e-08 1.094893582318367267e-05 1.066046823483980988e-05 2.771153033466224240e-05 1.000000000000000021e-08 1.000000000000000021e-08 1.086404178003302922e-04 1.005522400572253278e-04 7.279645130230295467e-05 5.834414775156392937e-05 9.134030890814117580e-05 3.847430831433792681e-03 3.697054643592777995e-03 1.000000000000000021e-08 1.000000000000000021e-08 1.000000000000000021e-08 1.000000000000000021e-08 1.000000000000000021e-08 1.000000000000000021e-08 1.000000000000000021e-08
1.000000000000000021e-08 1.000000000000000021e-08 1.000000000000000021e-08 1.000000000000000021e-08 2.030866146145429891e-04 4.769816046937969535e-04 5.386347761210207160e-04 3.740248106791223921e-04 2.880583891635281162e-04 6.571143234414917808e-04 1.322430808644637669e-03 1.000000000000000021e-08 1.711348738779775407e-05 2.445181623882318819e-05 2.692079700969348565e-05 1.349420933699862699e-03 1.000000000000000021e-08 1.000000000000000021e-08 1.000000000000000021e-08 1.363711337971853698e-05 1.596533890802822182e-05 1.780609509285271575e-05 1.737324785416424996e-05 8.113234550262585318e-05 1.170708430497880494e-04 1.028788583183188173e-04 7.671860574950806872e-05 1.000000000000000021e-08 3.963929268494570043e-03 3.846004024515457462e-03 1.035053919080779363e-05 1.000000000000000021e-08 1.000000000000000021e-08 1.000000000000000021e-08 1.000000000000000021e-08 1.000000000000000021e-08 1.000000000000000021e-08
1.449277144187363718e-04 1.595907958157482425e-04 1.831753127648517716e-04 1.992621232258858389e-04 2.515250541925095852e-04 6.001835654153822759e-04 6.526422286949653531e-04 3.606625511697719700e-04 4.577556462452791433e-04 4.962987888070102133e-04 6.852932992506172464e-04 1.215634445401622102e-04 1.000000000000000021e-08 1.000000000000000021e-08 1.000000000000000021e-08 1.000000000000000021e-08 1.000000000000000021e-08 1.000000000000000021e-08 1.000000000000000021e-08 1.994575631869101778e-05 2.757430252242252548e-05 1.000000000000000021e-08 1.693917721457469501e-05 6.680666070875316772e-05 1.058398394374903447e-04 1.105632605584826183e-04 1.052428377646274387e-04 9.063059050381384711e-05 4.087716111553316850e-03 3.995860481906835134e-03 2.000012100612446760e-05 1.150291972317889176e-05 1.000000000000000021e-08 1.000000000000000021e-08 1.000000000000000021e-08 1.000000000000000021e-08 1.000000000000000021e-08
2.126640291545390756e-04 2.283551201455057860e-04 2.564303304205436105e-04 2.220110870148013559e-04 4.583137089664923529e-04 3.543149670387449757e-04 4.091231159841829303e-04 3.686269574340958629e-04 4.369563533668118405e-04 5.133140796186155862e-04 4.350833450223078242e-04 2.638330500317773793e-04 1.538910218965712474e-04 6.333769722098356422e-05 3.748695731416996598e-05 4.594510098939415580e-05 1.000000000000000021e-08 1.000000000000000021e-08 1.000000000000000021e-08 1.826328443267194571e-05 1.000000000000000021e-08 1.000000000000000021e-08 1.000000000000000021e-08 6.944466102357788311e-05 9.975943774866426693e-05 1.232369282117346985e-04 1.552017164347168298e-04 2.842533227347746050e-04 4.969116678958411179e-03 4.914415203769260249e-03 1.000000000000000021e-08 1.000000000000000021e-08 1.000000000000000021e-08 1.000000000000000021e-08 1.000000000000000021e-08 1.000000000000000021e-08 1.005020177680945562e-05
1.695889541624887693e-04 2.319662314186255359e-04 1.969856109097192949e-04 4.733238751079443828e-04 3.381569385153735904e-04 4.155031437991327128e-04 4.090765197113219631e-04 5.610459971346196985e-04 7.023450258884893216e-04 5.057447896699233383e-04 3.600659108610161857e-04 3.656836361470609201e-04 2.650255650966231997e-04 1.000000000000000021e-08 3.001517178972067283e-05 3.752266659415404528e-05 2.660438230107856891e-05 1.000000000000000021e-08 1.000000000000000021e-08 1.000000000000000021e-08 1.000000000000000021e-08 1.000000000000000021e-08 1.033353042309528376e-05 6.991261476593820640e-05 1.863792020268867063e-03 1.441332258200887404e-04 1.613730463051697966e-04 2.075794184075094035e-04 4.860566114117792491e-02 5.055937087403178376e-02 5.010988581151627069e-02 1.261629576021323310e-04 1.000000000000000021e-08 1.000000000000000021e-08 1.041167453071848588e-05 1.000000000000000021e-08 1.000000000000000021e-08
1.607677243860495717e-04 1.436644231192507626e-04 2.786210504188065006e-04 2.815181751711951733e-04 1.000000000000000021e-08 1.110026506697940848e-05 2.567498280248830254e-05 1.353209730953077274e-04 1.197922755915539392e-04 1.270341616064817405e-04 2.640543273328417703e-04 3.642917515384812809e-04 2.338865512991894220e-05 1.000000000000000021e-08 1.520788876685989580e-05 1.000000000000000021e-08 3.355913927717000579e-05 1.974189551227514643e-05 1.000000000000000021e-08 1.000000000000000021e-08 1.000000000000000021e-08 1.000000000000000021e-08 6.968082383509553062e-05 8.905392289003936273e-05 1.000000000000000021e-08 1.012680503646551752e-04 1.000000000000000021e-08 3.128376838072874594e-05 4.675522741878337246e-02 5.017528859941136621e-02 4.984794395088893576e-02 8.363250094798818993e-04 1.173613361149932225e-04 2.062449362276515494e-05 1.393219791883319122e-05 1.000000000000000021e-08 1.000000000000000021e-08
6.196913538927482630e-05 5.443750691906205230e-05 5.346038987790975512e-05 5.274573819250891448e-05 2.526556414551194485e-05 1.497124775892819198e-05 1.071434115410477719e-05 2.417480726215931298e-05 1.576138184963174523e-05 1.382133704396050226e-05 2.541629834918128343e-04 4.784686188143098665e-04 6.613651060962449837e-04 5.306449461097188184e-04 1.030758527398684078e-03 1.152781855651419151e-03 9.483470345729071377e-04 6.456684916435382303e-04 4.180189180084580231e-04 2.225304069903500507e-05 1.763773750707673475e-05 3.294200954806928241e-05 5.945297940724607934e-05 8.311132860469701235e-05 7.473282227220482267e-05 8.153689660935292487e-05 1.000000000000000021e-08 2.596262959484910122e-05 3.591423132259455309e-02 5.496400176853434268e-04 6.209809897720405120e-04 8.699350564050039973e-04 1.255072803832028155e-03 1.227465978998494968e-03 1.168235415202545412e-03 1.196314927996918647e-03 1.057226039767195699e-03
2.865612182656966029e-05 2.555184029688730888e-05 2.535229514438498293e-05 1.862801096680755905e-05 1.000000000000000021e-08 1.000000000000000021e-08 1.383273897309878644e-05 2.302571724506239861e-05 2.693791680768859768e-05 2.907944961330484300e-05 2.201231089309709258e-05 5.618319718239894273e-05 1.000000000000000021e-08 3.979322735623350951e-04 3.188456586344939501e-04 2.252767634670987072e-04 1.621559610942487908e-04 2.882553005413438841e-04 4.173234993597910820e-04 2.593975580340194349e-05 5.668315976043149322e-05 5.403722604143560771e-05 6.432424911993297784e-05 8.557249628037480048e-05 9.475106874596413641e-05 9.616735556196249817e-05 6.384414029188834332e-05 6.989555144807893701e-03 7.611485917106882923e-03 7.700306987754878293e-05 1.076605883955513804e-04 8.811236121629797448e-05 1.252670563849198775e-04 1.562208410172938910e-05 1.718846957635606260e-05 1.782091763418176410e-05 1.968611613918683733e-05
