output/water_depth_4080.asc
ncols 223
nrows 158
xllcorner 0.0
yllcorner 0.0
cellsize 30.0
[rows 85 to 101 of 158, columns 111 to 147 of 223]
1.274189469335323217e-03 5.050183881413194791e-03 5.430114095192218465e-03 4.059369909525539256e-03 2.887040836822335390e-03 2.535234637638670956e-03 3.847952027089999918e-03 2.327384868426478695e-02 2.829145660801594270e-02 9.307001191138180446e-03 2.220836004587989614e-03 1.390124715229116995e-03 1.872593696064525442e-04 7.329277326297976196e-04 4.599019888751037914e-04 3.099763280582071203e-04 1.993574198650575121e-04 3.846441319466485388e-05 1.000000000000000021e-08 1.000000000000000021e-08 1.000000000000000021e-08 1.610139058735794211e-05 4.445430630391327678e-04 1.718770203969314798e-04 1.000000000000000021e-08 1.000000000000000021e-08 1.000000000000000021e-08 1.821874567701044559e-04 1.964281450718198562e-04 1.120455163468281302e-04 4.089147395885745688e-05 2.502938951911142741e-05 2.222749005098254330e-05 1.000000000000000021e-08 1.246555296441369574e-05 1.692116763440278517e-04 5.003797745169990396e-05
4.060697646329900455e-03 2.371228172564637023e-03 7.135311743143150399e-04 1.496716247314914573e-03 3.604515015005686340e-03 1.424157590246128780e-03 4.242226486802148921e-03 1.821635260312676197e-02 4.038304165548863706e-02 6.493388868338234761e-03 1.169727135186123353e-04 2.466849897143393987e-04 1.356717881287148198e-04 1.826476985642487387e-04 8.815567457947013599e-05 1.776178684155426324e-04 1.832642769516282558e-04 3.218319649688824579e-05 1.163863719188637145e-05 1.000000000000000021e-08 1.000000000000000021e-08 1.827207515791679662e-05 6.739095291194796642e-04 3.802620943043587276e-04 3.812982342052034020e-05 4.442762341311079337e-05 3.357652760793016942e-05 2.597518647234288349e-04 1.315937772453440121e-04 7.287667394484353392e-05 3.032265896663072512e-05 1.930645816758809848e-05 1.128426496679046965e-05 1.000000000000000021e-08 1.363879159068667517e-05 1.084659751039053347e-04 4.007663502701370778e-05
2.661059568352636562e-03 4.986441879049822827e-04 7.291625930382106843e-05 1.242477654890673019e-03 2.597908016204940503e-03 4.006599438245543598e-03 2.063183349412739745e-03 8.961689322882510078e-02 5.874976634692308242e-02 4.674785341175917257e-03 6.604790246781446763e-05 9.731603259028001759e-05 1.994495037392991148e-04 1.205514823109827156e-04 1.731574333727524070e-04 2.757966573974190267e-04 3.421281515463382781e-04 2.094289124237307825e-05 2.175593278397247636e-05 4.347282053766395797e-05 7.129576227582994216e-05 5.028351150942755605e-04 6.254888538120048202e-04 4.871055514564149214e-04 1.890135845041995182e-04 1.153336992820658887e-04 8.280088366956842038e-05 3.495595234968480351e-05 3.102480886971006912e-05 2.030022941863581071e-05 1.000000000000000021e-08 1.000000000000000021e-08 1.000000000000000021e-08 1.000000000000000021e-08 1.519377655054208072e-05 5.775827160682617337e-05 1.000000000000000021e-08
3.526343938655511316e-03 9.353287093974754687e-04 1.707823835922227295e-04 1.892530191900850260e-04 2.047422045409319231e-03 7.995437498816504798e-04 2.111430707325341605e-03 5.889137526921041105e-04 6.250910101875922775e-02 3.388860091153952491e-03 2.703445837455088524e-04 6.123303451118221634e-04 2.551600454003637966e-04 4.924462113582896020e-04 5.094740905928379134e-04 9.207170389884071623e-04 7.019559589505768070e-04 8.801664331337006068e-04 3.539166332962096129e-05 2.720891519837428008e-04 1.762014242832616164e-04 6.911175288429344948e-04 7.640194710526757114e-04 1.736417488241852086e-04 9.804921463887046151e-05 8.831260929698979216e-05 8.656339841656423032e-05 1.006802593755588642e-04 6.008085652004496730e-05 3.149159687617890803e-05 1.764643354165591071e-05 1.000000000000000021e-08 1.000000000000000021e-08 1.000000000000000021e-08 2.097728868467331996e-05 1.957152628619129604e-05 1.000000000000000021e-08
4.691520947047763367e-03 2.692531695903666901e-03 2.921061005494242401e-04 3.593184269763792385e-04 3.818619801200478885e-04 1.389000582403913117e-03 7.271443403350659994e-04 1.842129367235526786e-03 3.530517290192814600e-02 2.655927671293847186e-02 5.782215854047618488e-04 4.357622685881410059e-04 5.128701951833659846e-05 9.123431702657763885e-05 1.974353088087169700e-04 2.794999761897590208e-04 6.421751777416439232e-04 1.680212000826381870e-03 4.301203428999906641e-04 1.455856359567764128e-04 1.436082913447288712e-04 7.433423808169220223e-05 9.718110228796521081e-05 3.958190713651311569e-05 3.681038521806345666e-05 2.870288770626785232e-05 3.322072086052837758e-05 3.208722161947948819e-05 4.119134361713546339e-05 3.887821858741306543e-05 2.034346383848184615e-05 1.000000000000000021e-08 1.000000000000000021e-08 1.000000000000000021e-08 1.000000000000000021e-08 1.168535041996432392e-05 1.000000000000000021e-08
6.375161242461761454e-03 6.647650230373065849e-03 6.333336486755386605e-04 3.104452281471452866e-04 5.356580973558978118e-04 1.309683382278898061e-03 1.326863052584910559e-03 1.374098039000372622e-03 2.291602670040377918e-02 2.499500386240390351e-02 1.410934524543219770e-02 1.954080518013143197e-03 5.855302633048163315e-04 6.595937211126244050e-05 2.648768782284393087e-05 4.110672096030881681e-05 2.154630289954382596e-04 8.151904859512203779e-04 5.070901728931283877e-04 2.880260990782287315e-04 8.339902115185872616e-05 6.032258645538841164e-05 1.000000000000000021e-08 1.286884357275595786e-05 1.559800994089238695e-05 2.266223460301688804e-05 1.000000000000000021e-08 1.000000000000000021e-08 1.000000000000000021e-08 1.000000000000000021e-08 2.423588691093986995e-05 1.000000000000000021e-08 1.000000000000000021e-08 1.000000000000000021e-08 1.000000000000000021e-08 1.000000000000000021e-08 1.372094970754358360e-05
1.263185933309900547e-02 1.514937858817510911e-02 6.625202737691082006e-03 5.355494013114346988e-03 1.919642531993462353e-03 5.060970125324878652e-03 2.542554945314072067e-03 1.332590524970693469e-03 1.473627547904641372e-02 2.209076331281200137e-02 1.950760491184024698e-02 1.442767959447859537e-02 2.340346698282641438e-03 6.982019806845416766e-04 1.096884423293970523e-04 5.091067281492220304e-05 2.297248591213012247e-04 7.681289733202174754e-04 1.709370840960370772e-03 2.697993625652122650e-04 5.801298956971001500e-05 1.000000000000000021e-08 1.000000000000000021e-08 1.946858052880079927e-05 1.701329786936872532e-05 1.831398271494007199e-05 1.000000000000000021e-08 1.000000000000000021e-08 1.000000000000000021e-08 1.143670750068951427e-05 1.000000000000000021e-08 1.000000000000000021e-08 1.468438987827375458e-05 1.000000000000000021e-08 1.000000000000000021e-08 1.000000000000000021e-08 2.166158183439752718e-05
4.439267149196018600e-03 7.304493174143345154e-03 9.489971614631918101e-03 5.041620104276958725e-03 5.635183534621541687e-03 2.773122720867482720e-03 5.038271076876679917e-03 2.165536094454272552e-03 1.120261500127542678e-02 2.811695770474757772e-02 5.335931298094925140e-02 3.724690254865015149e-02 1.884562554408326235e-02 1.292741077732130831e-02 8.703611796835236669e-03 1.146313094991624135e-02 2.110492977779488202e-02 1.828006489325651601e-02 2.911522377638556258e-02 4.278454730551516853e-04 1.802335425705740477e-05 1.000000000000000021e-08 1.000000000000000021e-08 2.111808995635594937e-05 1.369639099206392324e-05 1.000000000000000021e-08 1.000000000000000021e-08 1.000000000000000021e-08 1.522384877443079666e-05 1.000000000000000021e-08 1.000000000000000021e-08 1.000000000000000021e-08 1.000000000000000021e-08 1.000000000000000021e-08 1.000000000000000021e-08 1.040995265992213827e-05 1.000000000000000021e-08
4.451004712596851043e-03 6.812891733205075386e-03 5.841787948105489278e-03 8.831233705036049472e-03 4.538484369383927707e-03 8.058171742084702105e-03 5.261977183282569824e-03 9.237133473629128774e-03 1.056202779037053799e-02 1.146309654547455169e-02 3.447520492707976773e-03 1.711667440250115232e-02 2.246473954073336873e-02 1.850853259323312697e-02 2.198356836963644492e-02 2.241031535502574154e-02 1.920012673635213343e-02 1.553882956510464070e-02 2.684755715964037837e-02 2.123152098232935353e-02 3.357975051323518239e-05 1.039690447726476765e-05 1.000000000000000021e-08 1.000000000000000021e-08 1.000000000000000021e-08 1.000000000000000021e-08 1.000000000000000021e-08 3.185668234669983512e-05 3.534596745709151096e-05 1.000000000000000021e-08 1.000000000000000021e-08 1.000000000000000021e-08 1.050921273457163621e-05 1.000000000000000021e-08 1.000000000000000021e-08 1.000000000000000021e-08 1.000000000000000021e-08
3.973411514955321050e-03 4.072753397370796127e-03 1.253024636980255846e-02 1.717844397377660953e-02 7.309179942603072355e-02 2.390716560085325015e-02 1.903452631593600952e-02 1.126832441140908359e-02 1.743083617228820270e-02 7.511794905669430533e-03 8.223046701924171045e-03 1.322632739686248685e-02 1.756297341619929286e-02 2.358443686439665871e-02 5.361102320784592000e-03 2.907338988704857331e-03 1.672790658325912401e-03 2.922849765573786156e-03 2.341893364463696822e-02 4.710537023946163165e-02 2.577840639613560654e-04 1.000000000000000021e-08 1.000000000000000021e-08 1.000000000000000021e-08 1.000000000000000021e-08 2.843663551190413858e-05 3.315238226738107647e-05 3.887742647772734046e-05 1.000000000000000021e-08 2.531483490808042775e-05 1.708860675190407701e-05 1.077831282245935690e-05 1.000000000000000021e-08 1.000000000000000021e-08 1.000000000000000021e-08 1.000000000000000021e-08 1.000000000000000021e-08
2.501130707056556379e-03 2.764762989598539868e-03 2.500969651650072033e-03 3.168788315092457841e-03 2.611208621573524701e-03 4.951927294071950016e-03 8.831616813703792312e-03 1.593844050904332302e-02 1.645096387159130855e-02 2.412639871893472801e-02 2.363595273295142005e-02 2.251300091515514440e-02 1.660689804262992578e-02 1.976752934940439327e-02 1.101694902028775569e-02 1.032853439920685887e-02 6.974675513952028130e-03 6.504741763444385483e-03 5.021840416734071368e-03 4.830638244808859588e-02 1.821843797732892350e-04 1.000000000000000021e-08 1.000000000000000021e-08 1.000000000000000021e-08 1.000000000000000021e-08 1.000000000000000021e-08 1.000000000000000021e-08 4.391918181219988206e-05 1.759747059132392257e-05 1.000000000000000021e-08 1.000000000000000021e-08 1.000000000000000021e-08 1.000000000000000021e-08 1.000000000000000021e-08 1.000000000000000021e-08 1.000000000000000021e-08 1.000000000000000021e-08
1.460583067833577837e-03 1.830917402696743621e-03 1.615652873585906278e-03 1.752960072466039701e-03 2.480206002639681433e-03 3.971816473042487534e-03 4.873316568199830869e-03 4.219248667522809693e-03 2.014719985055599127e-02 1.350023959852334095e-02 1.122440023153667768e-02 1.369545722918359687e-02 2.166167247885256164e-02 1.580204065884778866e-02 1.812041432526358478e-02 9.191044260502316543e-03 1.028964169185939657e-02 5.464235478031329377e-03 4.121868733709985883e-03 4.318922609671922708e-02 1.385696545267570742e-04 1.000000000000000021e-08 1.000000000000000021e-08 1.000000000000000021e-08 1.000000000000000021e-08 1.000000000000000021e-08 1.000000000000000021e-08 1.000000000000000021e-08 1.000000000000000021e-08 1.000000000000000021e-08 1.000000000000000021e-08 1.000000000000000021e-08 1.000000000000000021e-08 1.000000000000000021e-08 1.181131683670950654e-05 1.000000000000000021e-08 1.000000000000000021e-08
2.976005135156419359e-03 8.594365074526096526e-04 9.789751463055579306e-04 9.660658923197583403e-04 3.194929586615556042e-03 3.951476498100303832e-03 4.381791320419680703e-03 1.730944903357477249e-03 2.772201032179807175e-03 1.051562489021036842e-02 3.355072537679601539e-03 7.413513972920620851e-03 8.648322048219206359e-03 1.650440563293669588e-02 1.486945887206015705e-02 1.244463115913616719e-02 1.103523490116447431e-02 5.660841260863986452e-03 7.305529078207559195e-03 4.827369273533899802e-02 1.187004182117735058e-04 1.000000000000000021e-08 1.000000000000000021e-08 1.000000000000000021e-08 1.000000000000000021e-08 1.000000000000000021e-08 1.000000000000000021e-08 1.000000000000000021e-08 1.000000000000000021e-08 1.000000000000000021e-08 1.000000000000000021e-08 1.000000000000000021e-08 1.000000000000000021e-08 1.000000000000000021e-08 1.300207215956486161e-05 1.000000000000000021e-08 1.000000000000000021e-08
3.208460620286698959e-03 3.302189478305530678e-03 1.342550204474998862e-03 2.048871900600084811e-03 5.657249710072382448e-04 1.151569620188587408e-03 1.234129372172084859e-03 1.903394287366265425e-03 1.492906021777237139e-03 8.423859411467816971e-03 6.406121020213006480e-03 3.527089302962412715e-03 8.926485698234594771e-03 8.415187353681435889e-03 1.627344716338123554e-02 1.999394820500279349e-02 1.078239961174699661e-02 1.190762600309183336e-02 1.400184848346481062e-02 6.201039307516949262e-02 3.010110707305884955e-04 1.831512355896962519e-05 1.000000000000000021e-08 1.000000000000000021e-08 1.000000000000000021e-08 1.000000000000000021e-08 1.209689798616788983e-05 1.000000000000000021e-08 1.000000000000000021e-08 1.000000000000000021e-08 1.000000000000000021e-08 1.261215610120649565e-05 1.165213664483700762e-05 1.000000000000000021e-08 2.247592535041349277e-05 1.000000000000000021e-08 1.000000000000000021e-08
9.258050844265799939e-03 4.124713726436419169e-03 4.553311140605088327e-03 2.093762256063638923e-03 2.143485859793438364e-03 1.025092404658099580e-03 1.735975152327862408e-03 1.134704937032009111e-03 3.245972050838782583e-03 4.801549936850189014e-03 6.847330980302651117e-03 1.233486362936668870e-02 1.508134678503784140e-03 8.318414703081516287e-03 7.555957784722492146e-03 1.501668645883763933e-02 1.158055759603929084e-02 7.988869722276057544e-03 7.894086789229303250e-03 5.629200432372707952e-02 2.006996809704484838e-02 5.267445806675505657e-05 1.000000000000000021e-08 1.000000000000000021e-08 3.326721710312769662e-05 1.000000000000000021e-08 1.000000000000000021e-08 1.000000000000000021e-08 1.000000000000000021e-08 1.000000000000000021e-08 1.000000000000000021e-08 2.114054110484273033e-05 4.416851160642206364e-05 1.193848435359021300e-05 1.000000000000000021e-08 1.424157517841158909e-05 1.000000000000000021e-08
2.925274112198022851e-03 5.509197116664976690e-03 3.118195328930379283e-03 4.375737589063182116e-03 2.065904068690293388e-03 2.587776686919089283e-03 1.362932381649256328e-03 2.092955488080121534e-03 1.025203042557722675e-03 4.311184500540990623e-03 4.109432236651308461e-03 1.458725396324716053e-02 4.281478026602861427e-03 3.014389377340217363e-03 9.879598561835688936e-03 7.752192652080241997e-03 1.075100904696949661e-02 1.108106374460317463e-02 6.832953817342619918e-03 6.795592387402828172e-02 1.106003017297455156e-02 1.000000000000000021e-08 3.507953918484597584e-05 4.184458262485388761e-05 4.205380223498553964e-05 1.000000000000000021e-08 1.611482952455225046e-05 1.562747331605054930e-05 1.482609999280232082e-05 1.093137017436168442e-05 1.000000000000000021e-08 2.828686529963939529e-05 5.394146435784368497e-05 1.000000000000000021e-08 1.000000000000000021e-08 1.000000000000000021e-08 1.000000000000000021e-08
4.310555703846931895e-03 3.146972811780903399e-03 5.317777223525247017e-03 3.064437205020678102e-03 4.197950871182439328e-03 2.164927344033522674e-03 2.927991362269982689e-03 1.567393720533597672e-03 2.112969777413390739e-03 1.995098261455709350e-03 4.831447252802166352e-03 1.699426173033251677e-02 3.931029969511772894e-03 3.281496455849951168e-03 4.774696006933154720e-03 9.025394002002657540e-03 9.019922923516896299e-03 8.136483913881787863e-03 1.357471153301660627e-02 7.704899483140652261e-02 4.915997974143002450e-03 1.000000000000000021e-08 1.000000000000000021e-08 1.000000000000000021e-08 6.676614136287521294e-05 3.668322487401254621e-05 3.076756275214823793e-05 3.143564863007042380e-05 3.033195934307034766e-05 1.962963726782073580e-05 1.000000000000000021e-08 2.448125021069314585e-05 1.000000000000000021e-08 1.000000000000000021e-08 1.019916360773766355e-05 1.000000000000000021e-08 1.024530566870308457e-05
