output/water_depth_9720.asc
ncols 223
nrows 158
xllcorner 0.0
yllcorner 0.0
cellsize 30.0
[rows 85 to 101 of 158, columns 74 to 110 of 223]
1.000000000000000021e-08 1.000000000000000021e-08 1.000000000000000021e-08 1.000000000000000021e-08 1.000000000000000021e-08 1.000000000000000021e-08 1.000000000000000021e-08 1.000000000000000021e-08 1.000000000000000021e-08 1.000000000000000021e-08 1.000000000000000021e-08 1.000000000000000021e-08 1.000000000000000021e-08 1.244808304970835937e-05 1.000000000000000021e-08 1.000000000000000021e-08 1.000000000000000021e-08 1.069047046349478040e-05 1.000000000000000021e-08 1.000000000000000021e-08 1.000000000000000021e-08 1.000000000000000021e-08 1.000000000000000021e-08 1.000000000000000021e-08 1.000000000000000021e-08 1.000000000000000021e-08 1.000000000000000021e-08 9.931770739569827718e-05 1.000000000000000021e-08 1.000000000000000021e-08 1.000000000000000021e-08 2.060841815512634578e-05 3.411574603905780914e-05 1.865713370566425111e-05 3.617314860146437962e-05 3.379359028195097264e-04 2.663028519913929627e-05
2.225849413210953531e-04 1.000000000000000021e-08 1.126216365614878114e-04 1.000000000000000021e-08 1.000000000000000021e-08 1.000000000000000021e-08 1.000000000000000021e-08 1.000000000000000021e-08 1.000000000000000021e-08 1.000000000000000021e-08 1.000000000000000021e-08 1.000000000000000021e-08 1.000000000000000021e-08 1.000000000000000021e-08 1.000000000000000021e-08 1.000000000000000021e-08 1.549840603238409936e-05 3.637530555608429664e-05 7.872787042272995286e-05 1.100525408660330955e-04 1.155861012482627993e-04 1.000000000000000021e-08 1.000000000000000021e-08 1.000000000000000021e-08 1.000000000000000021e-08 1.000000000000000021e-08 1.000000000000000021e-08 1.000000000000000021e-08 1.492776516886005724e-05 1.000000000000000021e-08 1.000000000000000021e-08 1.000000000000000021e-08 1.032702559256620770e-05 2.426568169571216647e-05 1.826327988871857702e-05 3.442672488991259350e-05 1.848749151383867744e-05
1.515883202041168187e-05 1.000000000000000021e-08 1.000000000000000021e-08 1.223045706716612664e-04 1.099216087068032445e-04 9.838713491183030191e-05 8.346621873436398543e-05 6.648025588852229950e-05 1.000000000000000021e-08 1.000000000000000021e-08 1.000000000000000021e-08 1.000000000000000021e-08 1.000000000000000021e-08 1.000000000000000021e-08 1.000000000000000021e-08 1.000000000000000021e-08 1.000000000000000021e-08 1.000000000000000021e-08 7.549023086355705547e-05 8.930563823644073441e-05 1.654139502456254283e-04 1.500710771727983644e-04 1.000000000000000021e-08 1.000000000000000021e-08 1.000000000000000021e-08 1.000000000000000021e-08 1.000000000000000021e-08 1.000000000000000021e-08 1.821720178637527642e-05 3.057393817931001675e-05 4.059482585353504463e-05 1.000000000000000021e-08 1.713755359013724097e-05 3.251589875279433772e-05 3.582574194721317078e-05 5.463501409155788462e-05 1.670043594011013434e-05
1.043889655611784608e-04 9.032228080731357961e-05 8.671404760456052202e-05 2.516778588532459101e-04 3.284262566330284567e-04 4.583240998245165167e-04 3.741779481211032808e-04 2.851620225777867453e-04 3.001168683102109079e-04 2.235679401091412056e-04 2.480208334365917680e-04 2.026992698982892159e-04 1.676199907696226846e-04 1.235523515972167534e-04 8.943571690569023500e-05 1.000000000000000021e-08 1.000000000000000021e-08 1.000000000000000021e-08 1.103675307647619571e-04 2.636164501888036533e-04 2.082958787582753451e-04 2.593119604626719851e-04 2.746902658896164368e-04 2.168623324836152228e-04 1.678899518421189902e-04 9.729031394903099605e-05 6.119819213605761255e-05 3.373330210158214385e-05 3.037389310852290630e-05 3.187883936911119215e-05 5.228582203232173397e-05 8.166874283982189942e-05 7.296327591470239398e-05 7.977970178060775678e-05 2.543860309563406269e-04 4.861216259832396665e-05 5.095562730947625818e-05
4.460477104065060623e-04 3.417144795783316519e-04 2.913826995245226404e-04 1.999683516062747423e-04 3.686349381458496957e-04 2.820906207545855154e-04 4.460515756695211556e-04 5.796885048512475823e-04 3.797674433150836286e-04 5.021198093109387759e-04 5.355936193779955133e-04 6.086607813308492123e-04 6.659449894128793368e-04 7.236381350033327040e-04 7.667579295096872824e-04 5.878300699246497441e-04 3.939214127429920042e-04 3.135068506064317157e-04 2.471014374328557844e-04 2.559434875125598478e-04 3.823853220845420940e-04 4.111224868628867964e-04 4.312214569248484048e-04 4.930296003376400315e-04 5.551591815687044636e-04 6.802303513444186035e-04 7.456366319825027218e-04 5.734610753243497751e-04 4.387797582880635064e-05 5.879736202242735543e-05 7.884066795522012535e-04 9.892090041660969463e-04 7.056351563034080716e-04 4.888982961020181019e-04 3.923617655432748560e-04 3.949182663595214506e-05 6.023069563930970994e-05
1.052911327911061601e-04 3.645707970132326886e-04 4.797740659803481156e-04 5.457025080998306700e-04 3.021800006713887634e-04 2.074170177085108151e-04 1.198019219149117483e-04 6.925647322626680958e-05 2.928368478298689595e-04 1.369668400104249637e-04 8.341916008045474661e-05 6.457325131225168243e-05 3.756977267282316337e-05 2.503759553919916690e-05 6.639360359013688265e-05 4.458231234859145586e-04 7.738766699422700100e-04 5.804387203988679075e-04 4.128179622668736609e-04 2.250856193206718988e-04 1.529161297971325800e-04 9.199144905931873600e-05 6.679606112595911423e-05 1.000000000000000021e-08 4.103852358377056285e-04 2.687260377139032369e-04 2.127171745149793343e-04 5.225692783696943376e-04 7.571123741725191382e-04 8.046056932640705114e-04 5.394899004032914069e-04 4.357590265043793931e-04 5.994137284202991512e-04 7.958959092425820186e-05 1.482593224578249592e-04 5.763097676947354737e-04 6.333342622064402265e-05
5.504061890021407221e-05 5.174815885707204825e-05 8.645134421669143515e-05 1.067021478903114974e-04 2.237775438689462530e-04 2.249714171402706199e-04 1.784092755460796656e-04 1.519132020808093282e-04 2.451907693455193681e-04 2.286780694971695565e-04 1.000000000000000021e-08 1.000000000000000021e-08 1.000000000000000021e-08 1.000000000000000021e-08 1.000000000000000021e-08 1.000000000000000021e-08 1.275453948137454102e-05 2.859042407376467961e-04 3.466284967495112648e-05 6.261945407036825133e-05 5.048762418520920869e-05 6.510982562303325441e-05 4.958647492267630224e-05 5.820972538147891397e-05 4.704870499802432887e-05 1.000000000000000021e-08 1.000000000000000021e-08 2.691979848799884271e-05 1.000000000000000021e-08 2.796949865761628014e-05 2.393696425408919917e-05 2.239164199331129161e-05 3.732136480721160517e-04 7.931718918081584208e-05 3.537009553793626763e-04 6.695026895250187214e-05 1.673433999937708259e-04
2.201391662205889907e-05 1.913204425744888753e-05 1.460537728705290085e-05 1.012805987294946356e-05 1.562576187888827688e-04 2.623365171397663430e-04 3.372681172691855160e-04 3.773260961271791185e-04 4.622474894670684873e-04 3.596405595136110533e-04 2.709037169183383593e-05 1.000000000000000021e-08 1.000000000000000021e-08 1.000000000000000021e-08 1.000000000000000021e-08 2.989263995406138001e-05 2.981715509030286349e-05 2.495412732221330030e-04 4.595845365518714783e-04 4.731461362389433848e-04 4.763361216160764229e-04 3.689625110523684693e-04 2.452005293761944614e-04 1.747959831565740251e-04 1.135760003796046168e-04 1.000000000000000021e-08 1.000000000000000021e-08 3.361601265699279531e-05 3.778185203306941336e-05 2.672205999211137558e-05 2.809768866844546004e-05 1.000000000000000021e-08 2.688369102269464947e-04 7.390462538362437299e-04 6.338266252167671245e-04 1.060311285113212966e-04 8.737358539625491346e-05
1.178644685769002815e-05 1.588390766231572023e-05 1.000000000000000021e-08 1.000000000000000021e-08 1.000000000000000021e-08 2.347605389980954936e-05 1.554381888289261670e-05 1.278704014184872231e-05 3.448887481052275415e-05 2.769107845555889014e-04 5.227138072547241748e-05 3.068268004946554043e-05 1.000000000000000021e-08 1.000000000000000021e-08 1.000000000000000021e-08 1.537574899528397997e-04 1.589017169139793015e-04 1.185259239826789101e-04 1.122046701210205756e-04 6.495749063208246894e-05 3.918182906045380277e-05 1.775259934123011966e-04 2.604032980236976598e-04 2.348219286455312889e-04 1.992675422289039904e-04 1.384231620273866919e-04 9.701565771980677835e-05 5.521475752889828308e-05 3.777461709165435438e-05 4.060153357369407118e-05 4.023072659803483782e-05 4.253234458161311973e-05 2.805474043560811392e-04 2.346559834805561173e-04 7.487434141408409348e-04 8.323235331134977303e-04 5.654947234922300375e-04
1.000000000000000021e-08 1.315957149942219026e-05 1.000000000000000021e-08 1.000000000000000021e-08 1.000000000000000021e-08 1.000000000000000021e-08 1.000000000000000021e-08 1.000000000000000021e-08 1.000000000000000021e-08 1.507578017154690298e-04 1.455938145901531299e-04 3.610624222376955522e-05 4.366342875931092469e-04 3.375063913494053057e-04 3.008104493027481522e-04 1.706789875150188760e-04 1.000000000000000021e-08 1.000000000000000021e-08 1.000000000000000021e-08 1.000000000000000021e-08 1.975998041290414944e-05 1.296118518270163026e-04 2.049086128304699749e-04 2.380431603096089417e-04 2.308932811281500628e-05 1.000000000000000021e-08 1.000000000000000021e-08 1.000000000000000021e-08 1.000000000000000021e-08 2.348610149577203446e-05 4.896568652564982886e-05 7.605053157336264425e-05 1.194362730666811371e-04 1.133855094189136680e-04 1.108953439572182587e-04 7.397808483189138081e-04 8.613050196644464300e-04
1.000000000000000021e-08 1.140809734770987618e-05 1.000000000000000021e-08 1.000000000000000021e-08 1.000000000000000021e-08 1.000000000000000021e-08 1.000000000000000021e-08 1.000000000000000021e-08 1.000000000000000021e-08 1.000000000000000021e-08 7.305194071674964455e-05 1.071893906607659366e-04 9.301881304258644500e-05 4.437056758445110738e-04 4.062129183024034990e-04 3.071478688872608795e-04 1.170381814669279168e-05 1.000000000000000021e-08 1.000000000000000021e-08 1.000000000000000021e-08 1.795115267190105260e-05 1.543352139599955597e-05 1.000000000000000021e-08 1.000000000000000021e-08 1.000000000000000021e-08 1.000000000000000021e-08 1.000000000000000021e-08 1.000000000000000021e-08 1.000000000000000021e-08 1.777283020896012350e-05 3.448939245482441084e-05 3.395074182515420705e-05 2.431347301292216832e-05 4.799167607222591425e-05 4.278954986972669623e-05 1.057250537710560163e-04 4.936847718856632273e-04
1.000000000000000021e-08 1.000000000000000021e-08 1.000000000000000021e-08 1.000000000000000021e-08 1.294241530589406264e-05 2.175397364228621360e-05 3.779511391663353164e-05 2.739355257868307395e-05 2.058813186088605430e-05 1.000000000000000021e-08 1.000000000000000021e-08 1.000000000000000021e-08 1.000000000000000021e-08 1.000000000000000021e-08 2.128262534071776320e-05 2.072910246909973118e-05 2.277177650339363085e-05 1.000000000000000021e-08 1.000000000000000021e-08 1.000000000000000021e-08 1.000000000000000021e-08 1.000000000000000021e-08 1.000000000000000021e-08 1.000000000000000021e-08 1.000000000000000021e-08 1.000000000000000021e-08 1.000000000000000021e-08 1.000000000000000021e-08 1.000000000000000021e-08 1.333595206993477325e-05 1.000000000000000021e-08 1.000000000000000021e-08 2.219586642109805467e-05 2.059422858835872783e-05 3.209276053623146235e-05 7.583166034696586929e-05 4.312024285859284887e-05
1.000000000000000021e-08 1.000000000000000021e-08 1.000000000000000021e-08 1.000000000000000021e-08 1.000000000000000021e-08 1.652510737850565903e-05 2.353407361786816814e-05 4.517553562788112633e-05 3.630560253565881686e-05 3.041389821671779242e-05 2.297383929220280253e-05 1.923368177863005608e-05 1.507531329433781670e-05 1.690234779513831941e-05 1.720536001231297936e-05 2.554989653958847465e-05 1.458538138988464828e-05 1.000000000000000021e-08 1.000000000000000021e-08 1.000000000000000021e-08 1.000000000000000021e-08 1.000000000000000021e-08 1.000000000000000021e-08 1.000000000000000021e-08 1.000000000000000021e-08 1.000000000000000021e-08 1.000000000000000021e-08 1.000000000000000021e-08 1.000000000000000021e-08 1.574920728604197671e-05 1.643617964350170378e-05 1.000000000000000021e-08 1.000000000000000021e-08 1.843585132598844626e-05 3.269294565049050852e-05 1.000000000000000021e-08 1.308857060811880869e-05
1.000000000000000021e-08 1.000000000000000021e-08 1.000000000000000021e-08 1.000000000000000021e-08 1.000000000000000021e-08 1.032264125057487405e-05 1.421740727697716448e-05 1.130293850298201012e-05 3.317892980100349749e-05 4.669900102199536941e-05 6.388242879258625899e-05 4.556156530616439413e-05 3.939587458843366198e-05 3.557027569132525111e-05 1.000000000000000021e-08 2.014273842870980549e-05 2.489386311702803143e-05 1.000000000000000021e-08 1.000000000000000021e-08 1.000000000000000021e-08 1.000000000000000021e-08 1.000000000000000021e-08 1.000000000000000021e-08 1.000000000000000021e-08 1.000000000000000021e-08 1.000000000000000021e-08 1.000000000000000021e-08 1.768214334460534837e-05 1.500569796505815234e-04 2.183830479554374991e-04 3.188468881548947522e-04 4.137057763716735443e-04 5.036259204978307943e-04 3.855124095349461754e-04 3.028646397830270318e-04 2.230898877369858824e-04 2.564741648743215771e-04
1.000000000000000021e-08 1.000000000000000021e-08 1.000000000000000021e-08 1.000000000000000021e-08 1.000000000000000021e-08 1.000000000000000021e-08 1.000000000000000021e-08 1.000000000000000021e-08 1.000000000000000021e-08 1.000000000000000021e-08 1.000000000000000021e-08 4.915837936475733326e-05 4.979016739952966557e-05 4.763103224034174245e-05 1.000000000000000021e-08 1.000000000000000021e-08 1.000000000000000021e-08 1.000000000000000021e-08 1.000000000000000021e-08 1.000000000000000021e-08 1.000000000000000021e-08 1.000000000000000021e-08 1.000000000000000021e-08 1.000000000000000021e-08 1.000000000000000021e-08 1.000000000000000021e-08 1.250312773668456569e-05 9.998967978127123882e-05 9.508457638683264423e-05 9.845530457207439404e-05 9.553955888074965714e-05 1.015404296678091921e-04 7.018367301622016228e-05 2.644143658820609561e-04 3.060876605346220334e-04 3.402860110910584926e-04 3.273285401578835850e-04
2.151721092587304462e-05 1.000000000000000021e-08 1.000000000000000021e-08 1.000000000000000021e-08 1.000000000000000021e-08 1.000000000000000021e-08 1.000000000000000021e-08 1.000000000000000021e-08 1.000000000000000021e-08 1.000000000000000021e-08 1.000000000000000021e-08 1.000000000000000021e-08 1.000000000000000021e-08 1.000000000000000021e-08 1.000000000000000021e-08 1.000000000000000021e-08 1.000000000000000021e-08 1.000000000000000021e-08 1.000000000000000021e-08 1.000000000000000021e-08 1.000000000000000021e-08 1.000000000000000021e-08 1.000000000000000021e-08 1.000000000000000021e-08 3.206875569188137739e-05 3.801294858840446200e-05 5.498162923470211800e-05 5.680208120925847067e-05 5.548003555827032838e-05 4.351235237799891767e-05 5.087821143482872767e-05 4.252812442132410429e-05 1.000000000000000021e-08 1.000000000000000021e-08 1.635850070995175341e-05 1.516173054293570806e-05 3.082093416978624856e-04
1.930456567985063825e-05 1.761438274234955752e-05 1.848964904239738444e-05 1.000000000000000021e-08 1.000000000000000021e-08 1.000000000000000021e-08 1.000000000000000021e-08 1.000000000000000021e-08 1.000000000000000021e-08 1.000000000000000021e-08 1.000000000000000021e-08 1.000000000000000021e-08 1.000000000000000021e-08 1.000000000000000021e-08 1.000000000000000021e-08 1.000000000000000021e-08 1.000000000000000021e-08 1.000000000000000021e-08 1.000000000000000021e-08 1.000000000000000021e-08 1.000000000000000021e-08 1.000000000000000021e-08 1.000000000000000021e-08 1.083917793640311730e-05 3.093530255943405754e-05 4.790182706213047303e-05 6.062500274121371941e-05 6.935593884069967015e-05 1.000000000000000021e-08 1.000000000000000021e-08 1.000000000000000021e-08 2.368763188046842577e-05 2.223815571064772400e-05 1.036204093334759966e-04 1.000000000000000021e-08 1.000000000000000021e-08 1.522184527037468565e-05
