output/water_depth_3000.asc
ncols 223
nrows 158
xllcorner 0.0
yllcorner 0.0
cellsize 30.0
[rows 136 to 152 of 158, columns 0 to 36 of 223]
1.000000100000000021e-05 1.000000100000000021e-05 1.000000100000000021e-05 1.000000100000000021e-05 1.000000100000000021e-05 1.000000100000000021e-05 1.000000100000000021e-05 1.000000100000000021e-05 1.000000100000000021e-05 1.000000100000000021e-05 1.000000100000000021e-05 1.000000100000000021e-05 1.000000100000000021e-05 2.098444395550818725e-05 2.943923884354273605e-05 4.530350406250775361e-05 7.186708248840816156e-05 6.867278655234676889e-05 1.000000000000000021e-08 1.000000000000000021e-08 1.000000000000000021e-08 1.000000000000000021e-08 1.000000000000000021e-08 4.100807221549572702e-05 1.000000000000000021e-08 5.861275634589219435e-05 8.993513524347288642e-05 2.819348647939614455e-04 2.854943451274638945e-04 6.580652498957953499e-04 5.311462873775589510e-04 1.127349785455049672e-03 7.281944058331595460e-04 1.246185135492365289e-03 1.530065645043675315e-03 7.534579401285213841e-04 2.240086033146024329e-05
1.000000100000000021e-05 1.000000100000000021e-05 1.000000100000000021e-05 1.000000100000000021e-05 1.000000100000000021e-05 1.000000100000000021e-05 1.000000100000000021e-05 1.000000100000000021e-05 1.000000100000000021e-05 1.000000100000000021e-05 1.000000100000000021e-05 1.000000100000000021e-05 1.000000100000000021e-05 1.276813668955990253e-05 1.566007952688862041e-05 1.632005534261358540e-05 6.055622238366890794e-05 1.000000000000000021e-08 1.000000000000000021e-08 1.000000000000000021e-08 1.000000000000000021e-08 4.859976860607251867e-05 1.000000000000000021e-08 1.000000000000000021e-08 1.000000000000000021e-08 6.662883346720244019e-05 2.207071505024229153e-04 2.376385829976972142e-04 6.216333983723892377e-04 4.865892007847272228e-04 1.028597445388614463e-03 7.892070405760839369e-04 1.164681316354086249e-03 7.287192696410612833e-04 1.090893095404657813e-03 1.512711110882940225e-04 1.816325375995920253e-04
1.000000100000000021e-05 1.000000100000000021e-05 1.000000100000000021e-05 1.000000100000000021e-05 1.000000100000000021e-05 1.000000100000000021e-05 1.000000100000000021e-05 1.000000100000000021e-05 5.799866650883330941e-05 1.055582348881018833e-04 1.721928383968522353e-04 2.504282912363490782e-04 2.072288588287906383e-04 1.000000000000000021e-08 1.000000000000000021e-08 5.846245976372432877e-05 5.243865818890343291e-05 4.584572015161230617e-05 3.552810212907804474e-05 3.244082516167335267e-05 1.000000000000000021e-08 5.041250259299566840e-05 6.512184703432187570e-05 9.741946550115671520e-05 1.281881346967931072e-04 2.043599417895059325e-04 1.882295265566878088e-04 5.281055961361136308e-04 4.891882146094615963e-04 9.206059456544301006e-04 7.229794156099838241e-04 1.460258183588500390e-03 5.781509950983903384e-04 1.080204135286795195e-03 2.226760871620307605e-05 1.000000000000000021e-08 1.000000000000000021e-08
1.000000100000000021e-05 1.000000100000000021e-05 1.000000100000000021e-05 1.000000100000000021e-05 1.000000100000000021e-05 1.000000100000000021e-05 1.000000100000000021e-05 1.000000100000000021e-05 1.000000100000000021e-05 1.052063971881906984e-05 1.334901268452319813e-05 2.830380907344075459e-05 1.481606953482980833e-04 1.717698552203057347e-04 1.897460248444196216e-04 1.592697392254675099e-04 1.477404510604758540e-04 1.410773245494348035e-04 1.303442776667634536e-04 1.373214479077954433e-04 6.546155800445855981e-05 2.870468948264856505e-05 2.463908655404611529e-05 1.000000000000000021e-08 3.554177277695171381e-05 1.361114465178185000e-04 3.860461128294649788e-04 4.311577887868734294e-04 1.020293415761046492e-03 5.968651346970467279e-04 1.357486480333336236e-03 1.225535811021146977e-03 3.338741142200250486e-04 3.672535937260021214e-05 4.368529373440181159e-05 1.000000000000000021e-08 1.057138792564238327e-05
1.000000100000000021e-05 1.000000100000000021e-05 1.000000100000000021e-05 1.000000100000000021e-05 1.000000100000000021e-05 1.000000100000000021e-05 1.000000100000000021e-05 1.000000100000000021e-05 1.000000100000000021e-05 2.174201491715105071e-05 2.925427798589266820e-05 4.536340843027665911e-05 1.326008487865495879e-04 1.943570048331186154e-04 2.229649122845160257e-04 2.096949011550548086e-04 2.196536022807125184e-04 2.607957710949187374e-04 3.961884834898557451e-04 5.429802757896492376e-04 4.055454747514286882e-05 2.618739527421393235e-05 1.000000000000000021e-08 1.000000000000000021e-08 3.973557606269980519e-05 3.918017708614260136e-04 3.149082545727751605e-04 9.614469275233590313e-04 7.785117139870674540e-04 8.627983152187687459e-04 1.333803888898944627e-03 4.158453665112852703e-04 3.265845980412297674e-05 2.027205863435635770e-05 3.917495147147194472e-05 1.000000000000000021e-08 1.000000000000000021e-08
1.000000100000000021e-05 1.000000100000000021e-05 1.000000100000000021e-05 1.000000100000000021e-05 1.000000100000000021e-05 1.000000100000000021e-05 1.000000100000000021e-05 1.000000100000000021e-05 1.000000100000000021e-05 3.266180186988442129e-05 4.454317939995268780e-05 6.859094493874210016e-05 1.475192051322697672e-04 1.410727782884647904e-05 1.444445696327528676e-05 4.605106319600902362e-05 1.809376861104099339e-04 1.326345361726100720e-05 1.797136634949131372e-04 8.946774867951659169e-05 1.000000000000000021e-08 1.000000000000000021e-08 1.000000000000000021e-08 1.278869608447086900e-04 1.251822939141100318e-04 5.298721074261244449e-04 5.990612955312190875e-04 8.260966072459859305e-04 1.423291124318898848e-03 4.003500605969013038e-04 7.105606474364563893e-04 7.707037679777072492e-05 2.639397956098768575e-05 1.000000000000000021e-08 3.752561085140717381e-05 1.000000000000000021e-08 3.186524228933478877e-05
1.000000100000000021e-05 1.000000100000000021e-05 1.000000100000000021e-05 1.000000100000000021e-05 1.000000100000000021e-05 1.000000100000000021e-05 1.000000100000000021e-05 1.000000100000000021e-05 1.000000100000000021e-05 3.474530660497040314e-05 5.785796698297079264e-05 8.854594546182226319e-05 1.602928717941993879e-04 2.370721062259895350e-05 2.212631089932023612e-05 3.948749316366301335e-05 2.051904212213259251e-05 1.834225517840641864e-05 1.046370511999335526e-05 1.000000000000000021e-08 1.000000000000000021e-08 1.000000000000000021e-08 2.283638782693075972e-05 1.142660914230613888e-04 6.899738320973573011e-05 6.223094812741801572e-04 6.373320462854144145e-04 1.901485679223053086e-03 4.350326130779480190e-04 2.418390376396269972e-04 4.616263051729842422e-04 3.118021983296813664e-04 2.095451444752058606e-04 1.000000000000000021e-08 1.900080951183152772e-05 1.000000000000000021e-08 2.231238003374170516e-05
1.000000100000000021e-05 1.000000100000000021e-05 1.000000100000000021e-05 1.000000100000000021e-05 1.000000100000000021e-05 1.000000100000000021e-05 1.000000100000000021e-05 1.000000100000000021e-05 1.000000100000000021e-05 8.777713038363076851e-05 1.832266927124316701e-04 3.105973687610001101e-04 3.240197152849339738e-04 7.090636334444365906e-05 2.171295657309379472e-05 2.595074108769877683e-05 2.848476288753676528e-04 4.713815172264462349e-04 2.766524515457199841e-04 1.000000000000000021e-08 1.000000000000000021e-08 1.334302747034226896e-05 1.954065754920056725e-05 6.409073332845442988e-04 2.047925337375092138e-04 6.689343190843831995e-04 1.408826184624965665e-03 1.079759519327635814e-03 2.162841261776137858e-04 3.217429725894239523e-04 4.556431575601449453e-05 1.707768503879181568e-04 7.372057217420311032e-05 1.000000000000000021e-08 1.000000000000000021e-08 1.000000000000000021e-08 1.107223997095819966e-05
1.000000100000000021e-05 1.000000100000000021e-05 1.000000100000000021e-05 1.000000100000000021e-05 1.000000100000000021e-05 1.000000100000000021e-05 1.000000100000000021e-05 1.000000100000000021e-05 1.000000100000000021e-05 1.000000100000000021e-05 1.000000100000000021e-05 1.000000100000000021e-05 2.141051473581663295e-04 6.802275739825494692e-04 1.263840039140355035e-03 2.238918024600324117e-04 2.525152062267683756e-03 1.631748689386255599e-02 4.453240905515042959e-03 5.931270227840344399e-05 2.123409072166389873e-05 4.965032173664326193e-05 6.254282532208478844e-05 4.649585385949023091e-03 6.004044538363542162e-03 1.894029855131840970e-03 1.275846298073669881e-03 1.882242331696321676e-04 2.365731145679551796e-04 2.258804142441010022e-05 1.808962437654832464e-04 1.000000000000000021e-08 1.405804029935560866e-05 2.912658232568455857e-05 4.025866833311192254e-05 1.000000000000000021e-08 1.000000000000000021e-08
1.000000100000000021e-05 1.000000100000000021e-05 1.000000100000000021e-05 1.000000100000000021e-05 1.000000100000000021e-05 1.000000100000000021e-05 1.000000100000000021e-05 1.000000100000000021e-05 1.000000100000000021e-05 1.000000100000000021e-05 1.000000100000000021e-05 1.000000100000000021e-05 2.117560585919311218e-04 7.195229645216436520e-04 1.254360277452783992e-03 1.703586382530199780e-03 1.401075031283334537e-03 9.522023290461039237e-04 2.076013207608184974e-02 5.990493113633373057e-03 6.314828002956134230e-03 5.996934754773144798e-03 2.544764089794558995e-02 4.634302885694203608e-03 3.372441179742443913e-03 3.800963502532430250e-03 4.099651246753417016e-04 1.831153678983820580e-04 9.826135559273945787e-05 1.005735870431423830e-04 5.300704722111427588e-05 1.000000000000000021e-08 1.000000000000000021e-08 1.125643433329945775e-05 1.647369486701681746e-05 2.002876045193069629e-05 6.235443276352060937e-05
1.000000100000000021e-05 1.000000100000000021e-05 1.000000100000000021e-05 1.000000100000000021e-05 1.000000100000000021e-05 1.000000100000000021e-05 1.000000100000000021e-05 1.000000100000000021e-05 1.000000100000000021e-05 1.000000100000000021e-05 1.000000100000000021e-05 1.000000100000000021e-05 3.473888033715458439e-04 4.477639029585171390e-03 6.199284997450884693e-04 5.574515699750873503e-04 8.359001278289093393e-05 7.630080508251982677e-05 6.838647511308763123e-05 7.755109388693394305e-05 3.331750803418375199e-05 6.597487029348214800e-03 6.136915907093508219e-05 1.000000000000000021e-08 1.000000000000000021e-08 2.143835861628621067e-03 1.691817990884383633e-03 1.051534924315759151e-03 9.478052557203884643e-04 2.694775309784316420e-04 2.029486419006773149e-05 2.378190191768536757e-05 2.784213602765572815e-05 3.473081927977701017e-05 5.277094082803375697e-05 4.800219166518321476e-05 5.286272747728702477e-05
1.000000100000000021e-05 1.000000100000000021e-05 1.000000100000000021e-05 1.000000100000000021e-05 1.000000100000000021e-05 1.000000100000000021e-05 1.000000100000000021e-05 1.000000100000000021e-05 1.000000100000000021e-05 1.000000100000000021e-05 1.000000100000000021e-05 1.000000100000000021e-05 1.000000100000000021e-05 3.534848085866188231e-04 4.308989468968920928e-04 5.949705630606627827e-05 6.205910066876544804e-05 1.000000000000000021e-08 1.670571742360236767e-05 1.000000000000000021e-08 3.516962918535104500e-05 7.574107336658946117e-05 2.406337071479531207e-04 1.633764588314113144e-03 1.708249068728075540e-03 3.218941546573195027e-03 4.301328483222611326e-03 5.937230350102627383e-03 4.017590081325476958e-02 2.011544485877039758e-04 3.040588707706358353e-04 4.547364419016940477e-05 4.931990087841419849e-05 7.132146243651874191e-05 7.929005955194283950e-05 7.782430537181239661e-05 8.594143461876012585e-05
1.000000100000000021e-05 1.000000100000000021e-05 1.000000100000000021e-05 1.000000100000000021e-05 1.000000100000000021e-05 1.000000100000000021e-05 1.000000100000000021e-05 1.000000100000000021e-05 1.000000100000000021e-05 1.000000100000000021e-05 1.000000100000000021e-05 1.000000100000000021e-05 1.000000100000000021e-05 2.164246883186944409e-04 3.027105123186156249e-04 7.691627694065926836e-05 2.070882748212600076e-04 3.159709735910367278e-04 5.323099271941285652e-04 6.986156323614373890e-04 5.726735339228660945e-04 4.155586907130457406e-04 4.040874900768636618e-04 1.336191888428865226e-03 7.276749917178319729e-04 8.274655692162448243e-05 3.834331497582064594e-04 3.252917117251003095e-04 3.143660266988936719e-02 1.002682295120660427e-02 6.471834150491120527e-03 4.244778369432450175e-03 8.794766286553069769e-04 2.162016806737411360e-03 1.154752157240373492e-03 8.302162062864533541e-04 1.005782062495792355e-04
1.000000100000000021e-05 1.000000100000000021e-05 1.000000100000000021e-05 1.000000100000000021e-05 1.000000100000000021e-05 1.000000100000000021e-05 1.000000100000000021e-05 1.000000100000000021e-05 1.000000100000000021e-05 1.000000100000000021e-05 1.000000100000000021e-05 1.000000100000000021e-05 1.000000100000000021e-05 2.615868705763495206e-04 1.000000000000000021e-08 1.000000000000000021e-08 1.000000000000000021e-08 5.871445161977938208e-05 8.614724360671852446e-05 1.028746571583535500e-04 1.059035970631073888e-04 1.075833714451331183e-04 6.501403345565695741e-05 1.470767976923016218e-03 2.188535121066108335e-05 1.291818900506944373e-04 9.841598789299814431e-05 1.369129853679001692e-04 1.210162622213759281e-04 8.878154024101064812e-05 5.730789796931262323e-03 2.182428156877654676e-03 3.922964163608987608e-03 9.548421073826260722e-03 7.313354584305755898e-03 7.615781083570459867e-03 9.531178700817075772e-03
1.000000100000000021e-05 1.000000100000000021e-05 1.000000100000000021e-05 1.000000100000000021e-05 1.000000100000000021e-05 1.000000100000000021e-05 1.000000100000000021e-05 1.000000100000000021e-05 1.000000100000000021e-05 1.000000100000000021e-05 1.000000100000000021e-05 1.000000100000000021e-05 1.000000100000000021e-05 1.199337549572097357e-04 1.524405059664704599e-04 6.321087209674348007e-05 1.000000000000000021e-08 1.000000000000000021e-08 3.251870565182040594e-05 4.420100251017345115e-05 6.006674763318879418e-05 1.527158118423523948e-04 7.852882457700103777e-03 1.716279822636579324e-03 3.576003384895600217e-04 1.880426045914303864e-04 1.853643255462203074e-04 1.342141765334777632e-04 1.000000000000000021e-08 1.000000000000000021e-08 1.314398358242311509e-03 3.180577854091324545e-03 5.786198061544760816e-03 4.928732240313052348e-03 3.602634576812101079e-03 2.494749834741700773e-03 4.980841254362376605e-04
1.000000100000000021e-05 1.000000100000000021e-05 1.000000100000000021e-05 1.000000100000000021e-05 1.000000100000000021e-05 1.000000100000000021e-05 1.000000100000000021e-05 1.000000100000000021e-05 1.000000100000000021e-05 1.000000100000000021e-05 1.000000100000000021e-05 1.000000100000000021e-05 1.000000100000000021e-05 6.139589698513085627e-05 7.201856263112582581e-05 4.859601096036131481e-05 1.000000000000000021e-08 2.249982740642234738e-05 2.451598732703591575e-05 2.313912545416574941e-05 2.596919356142635927e-05 6.480684459900418160e-05 6.204971456499481760e-04 9.780544791429231569e-05 1.000000000000000021e-08 1.113740700494307686e-04 2.906245192111285331e-04 9.099365419516849962e-04 1.464500223386170329e-03 7.201713994335796638e-04 1.792467102422282143e-04 4.097230733332216774e-04 2.945968454424900684e-03 3.260178434146197152e-03 4.554026156343378754e-04 6.746653885662352509e-04 2.835458910537617171e-05
1.000000100000000021e-05 1.000000100000000021e-05 1.000000100000000021e-05 1.000000100000000021e-05 1.000000100000000021e-05 1.000000100000000021e-05 1.000000100000000021e-05 1.000000100000000021e-05 1.000000100000000021e-05 1.000000100000000021e-05 1.000000100000000021e-05 1.000000100000000021e-05 1.000000100000000021e-05 1.763480417527586732e-05 3.214182031224741947e-05 4.683489785985844189e-05 5.406772029865019566e-05 9.792881273371760746e-05 1.679021912278573535e-04 2.508091570396910421e-04 3.446194384208724161e-04 5.200391142246019172e-04 3.884731443147575918e-04 4.300182107522982104e-04 5.253445904764242292e-04 6.432576843047673083e-04 7.757417352246436838e-04 6.908401012210059347e-04 4.395962096308660486e-04 1.000000000000000021e-08 7.480423141559156149e-05 1.406500697652437700e-04 1.857323899604504088e-04 1.317136318499473541e-04 1.725055028664283915e-04 3.839530269233034591e-04 1.671043423132052860e-05
