output/water_depth_4080.asc
ncols 223
nrows 158
xllcorner 0.0
yllcorner 0.0
cellsize 30.0
[rows 119 to 135 of 158, columns 74 to 110 of 223]
1.000000000000000021e-08 1.123181058453440499e-05 1.000000000000000021e-08 1.000000000000000021e-08 1.000000000000000021e-08 1.000000000000000021e-08 1.000000000000000021e-08 5.748953647860315043e-05 9.162646859614018244e-05 1.212066033473272635e-04 1.190932720742932907e-04 1.103392243593226532e-04 1.000000000000000021e-08 1.865302794856560045e-05 7.987984491669834763e-02 2.871928921893390219e-01 1.795870922777362266e-01 9.253595720736297603e-02 5.116053868441406555e-02 3.820977148368823878e-02 9.277118081467311192e-03 3.773776512002989438e-03 2.526622135834497365e-03 5.340288578542294693e-04 1.809723317112898393e-04 3.192012896150785779e-04 2.522010388214998206e-05 1.000000000000000021e-08 1.000000000000000021e-08 1.000000000000000021e-08 2.155832530599004399e-04 1.929567784431169414e-03 2.262390339138374042e-03 4.465437670803189957e-03 2.363722303411522896e-01 4.162133704252294897e-01 5.140396280340930879e-01
1.000000000000000021e-08 1.000000000000000021e-08 1.930934991243030347e-05 1.000000000000000021e-08 1.000000000000000021e-08 1.000000000000000021e-08 1.000000000000000021e-08 1.000000000000000021e-08 1.000000000000000021e-08 1.000000000000000021e-08 1.000000000000000021e-08 1.000000000000000021e-08 1.000000000000000021e-08 1.000000000000000021e-08 9.576493833871666374e-05 5.049535122826644649e-04 1.000463895360290262e-01 2.101133443188300254e-01 2.837135422841942090e-01 1.821004703857440621e-01 7.900254307164170098e-02 5.073631308255655004e-02 2.928068144623792793e-02 1.700308143467400834e-02 1.407754247064042612e-02 1.208794011695602313e-02 8.931899767940851623e-03 3.450664279004626682e-03 2.409035312191596702e-03 1.673055995953629145e-03 1.229658752558829065e-03 2.409943841129414954e-01 4.145318437150575797e-01 5.053624812504006192e-01 3.236958519889278074e-01 1.748440503394155243e-01 9.191486809210692999e-02
1.000000000000000021e-08 1.000000000000000021e-08 1.000000000000000021e-08 2.394260108553243445e-05 1.000000000000000021e-08 1.000000000000000021e-08 1.000000000000000021e-08 1.000000000000000021e-08 1.000000000000000021e-08 1.000000000000000021e-08 1.000000000000000021e-08 1.000000000000000021e-08 1.792327617211276756e-05 1.000000000000000021e-08 6.150278309826160566e-05 3.560553238853620848e-04 7.128702812441800683e-04 7.790690056059172350e-03 1.445241136622133632e-02 2.104109361646925302e-01 3.113585536809605481e-01 3.728168382231981659e-01 4.139589963631122860e-01 4.427903597061828012e-01 4.661670765640733571e-01 4.894550890214269812e-01 5.086502010577442778e-01 5.255381814486825842e-01 5.388987927719784965e-01 5.511797281944349480e-01 5.623115488554700780e-01 3.312565754099413562e-01 1.668550593535129689e-01 8.401226114175099069e-02 4.655352324737120628e-02 2.411946108736101949e-02 1.297858494985980674e-02
1.000000000000000021e-08 1.000000000000000021e-08 1.000000000000000021e-08 1.000000000000000021e-08 1.000000000000000021e-08 1.000000000000000021e-08 1.000000000000000021e-08 1.000000000000000021e-08 1.000000000000000021e-08 1.000000000000000021e-08 1.000000000000000021e-08 1.268313785227265762e-05 1.518850783964238777e-05 1.076410902986859360e-04 3.904743937006344492e-03 2.238872223100939456e-03 4.059211772447377181e-04 1.074111046307923284e-02 1.143162695122168851e-02 1.598738821405379720e-02 1.333308163864562954e-02 9.805369317679656430e-03 4.667506375693922238e-03 1.630743880325675457e-03 1.412213100063015436e-03 4.791486473619978163e-04 7.460305894325542633e-04 7.844998609771408442e-05 4.893493300323765972e-05 1.000000000000000021e-08 2.364602606347117526e-05 1.000000000000000021e-08 1.000000000000000021e-08 1.000000000000000021e-08 1.000000000000000021e-08 1.000000000000000021e-08 1.210855198410736978e-05
1.000000000000000021e-08 1.000000000000000021e-08 1.000000000000000021e-08 1.000000000000000021e-08 1.000000000000000021e-08 1.000000000000000021e-08 1.000000000000000021e-08 1.391294901937926775e-05 1.893458227349881465e-05 3.120768599355335193e-05 3.529352807930246364e-05 1.000000000000000021e-08 1.113693238888308967e-05 1.049883369638885463e-04 1.217805446738160803e-02 2.804911668520216131e-02 3.298098140266943895e-02 2.474033412788144773e-02 1.744860839317179460e-02 1.080315306672933323e-02 7.742175231805779878e-03 2.654406210593164648e-03 1.694264296079860078e-03 2.326440497187869799e-04 6.782012922888425101e-05 1.130573254549822307e-04 1.000000000000000021e-08 1.000000000000000021e-08 1.335859134791828996e-05 1.276348910712181969e-05 1.699823132996274589e-05 1.000000000000000021e-08 1.000000000000000021e-08 1.000000000000000021e-08 1.413138647691518394e-05 3.466151775965823929e-05 5.758393866053311094e-05
2.656368407633474883e-05 1.000000000000000021e-08 1.000000000000000021e-08 1.000000000000000021e-08 1.000000000000000021e-08 1.084485843935365048e-05 1.683507730102433664e-05 2.115859146297208794e-05 3.455575210638668843e-05 7.494348221005507963e-05 1.371000033997933306e-04 1.551199207265426460e-04 3.369992672009960739e-04 1.516750704227687492e-02 1.782938096898006169e-02 1.417431353542041722e-02 1.240153909854931763e-02 1.464833883890727211e-02 3.224670803720475817e-03 1.040783079770207786e-03 2.654174802200398912e-04 2.142445368237833059e-04 2.113316321715044753e-04 1.000000000000000021e-08 1.000000000000000021e-08 1.000000000000000021e-08 1.000000000000000021e-08 1.000000000000000021e-08 1.000000000000000021e-08 1.000000000000000021e-08 1.000000000000000021e-08 1.000000000000000021e-08 1.000000000000000021e-08 1.000000000000000021e-08 1.000000000000000021e-08 1.000000000000000021e-08 1.000000000000000021e-08
1.320636150418070643e-05 4.001047090723399503e-05 1.000000000000000021e-08 1.000000000000000021e-08 1.000000000000000021e-08 1.000000000000000021e-08 1.000000000000000021e-08 1.000000000000000021e-08 3.680096109851076040e-03 3.505598665461936818e-03 1.321720612380691481e-02 1.979949328998946087e-02 3.161010880325389183e-02 2.257888155429751270e-02 1.618503894574800650e-02 5.966905288513131567e-03 3.630899763568847839e-03 1.325350298197490017e-03 1.827285085580323859e-04 1.664382861599530007e-05 2.255381252314889713e-05 2.218212020234217844e-04 2.101157799130159000e-04 2.836003362480629781e-05 1.975367934282298493e-05 1.000000000000000021e-08 1.000000000000000021e-08 1.000000000000000021e-08 1.000000000000000021e-08 1.000000000000000021e-08 1.000000000000000021e-08 1.000000000000000021e-08 1.000000000000000021e-08 1.000000000000000021e-08 1.000000000000000021e-08 9.159536238978726588e-05 9.030694080689538681e-05
3.470786785943551190e-05 5.252758149999674849e-05 1.000000000000000021e-08 1.000000000000000021e-08 1.000000000000000021e-08 1.027001458612279109e-05 3.741615786529942794e-05 4.813748107004840417e-05 1.173512501838534089e-02 1.650706235111346065e-02 1.631607463461696994e-02 1.503434402432096001e-02 1.176559968752463083e-02 2.024667943802917289e-03 4.008229461506150008e-05 1.000000000000000021e-08 1.505114467240964211e-05 1.000000000000000021e-08 1.000000000000000021e-08 1.000000000000000021e-08 2.590614453726370773e-05 1.816764363763722658e-04 2.889109344633860352e-04 1.819252623507466878e-05 1.136060175158735913e-05 1.000000000000000021e-08 1.000000000000000021e-08 1.000000000000000021e-08 1.000000000000000021e-08 1.000000000000000021e-08 1.834660106973503354e-04 1.424116673223365791e-04 1.048492843182632673e-04 6.887216314336180336e-05 5.326105350330102986e-05 1.248809754932264898e-04 4.985930427794598536e-04
3.390974889144556426e-05 6.065809736879292037e-05 5.185468831127701590e-05 5.856297241230807790e-05 6.562708752130994255e-05 7.436145906812726379e-05 1.426747578479770941e-02 2.577004797910430883e-02 2.074356259773409150e-02 1.019901349996542306e-02 8.991542547758012496e-03 7.090982126531984557e-03 1.818656707524683735e-04 1.483094438893382866e-05 2.565088178947389400e-05 1.000000000000000021e-08 1.000000000000000021e-08 1.000000000000000021e-08 1.000000000000000021e-08 1.000000000000000021e-08 4.010094401102607309e-05 7.829583258696052196e-04 4.568486596129748504e-04 1.453969181525055442e-05 1.000000000000000021e-08 1.000000000000000021e-08 2.351377293275822974e-05 1.000000000000000021e-08 1.000000000000000021e-08 7.568562841220607908e-05 7.379560194831781799e-05 1.572615020499258946e-04 1.785512803237333205e-04 1.286706679500976573e-04 1.161814584771803246e-04 1.181846203714823534e-04 3.884332361086919910e-04
2.563576556004149175e-05 5.232979836337101829e-05 1.486582767425903605e-03 1.257107516765267052e-02 1.403028861309736294e-02 2.269104617832113160e-02 1.953794144021265763e-02 1.360803052508300671e-02 5.704644064525746759e-03 1.858033322972818665e-03 1.645262335773987590e-03 4.872044736540812678e-05 1.183782770915603873e-05 1.000000000000000021e-08 1.835841098907279762e-05 1.000000000000000021e-08 1.000000000000000021e-08 1.000000000000000021e-08 1.000000000000000021e-08 1.000000000000000021e-08 4.810828984582505598e-05 9.429300223042040834e-04 2.707398562349418395e-05 1.283153812917043025e-05 1.000000000000000021e-08 1.000000000000000021e-08 1.000000000000000021e-08 1.138724251517374103e-05 1.000000000000000021e-08 5.248093857419745996e-05 1.000000000000000021e-08 1.000000000000000021e-08 4.555228975374334474e-05 1.521822539260309732e-04 2.064800976851730626e-04 3.004971574247438607e-04 4.743097427292718724e-04
1.026741242883782139e-04 1.876997685873525007e-04 1.074361037898497601e-02 9.789099422333748593e-03 1.315051116750451214e-02 6.347210488872186487e-03 8.185145334861119309e-03 2.653323217958500173e-03 1.148615449397203322e-05 5.036778357811251170e-05 1.000000000000000021e-08 2.455976159234403970e-05 1.000000000000000021e-08 1.000000000000000021e-08 1.000000000000000021e-08 1.000000000000000021e-08 1.000000000000000021e-08 1.000000000000000021e-08 1.000000000000000021e-08 2.571332389479285546e-05 5.389525381234710078e-04 9.434967025555856146e-05 3.110343641411331307e-05 1.061330173978464574e-05 1.000000000000000021e-08 1.000000000000000021e-08 1.000000000000000021e-08 1.951680812907622472e-05 1.000000000000000021e-08 1.000000000000000021e-08 2.746985363731119529e-05 4.719514352144093871e-05 6.467267145544367533e-05 3.551677297839846907e-05 5.641450271777298747e-05 7.085101224915987372e-05 4.292109941651185744e-04
1.837446989342046352e-02 2.278959494261112786e-02 1.694955150752662509e-02 1.050030015653269019e-02 6.408887822936772810e-03 2.800986205076812837e-03 1.264117543869838637e-03 1.986131831335293549e-04 1.000000000000000021e-08 3.358899913485695956e-05 1.000000000000000021e-08 1.555800716781588692e-05 1.000000000000000021e-08 1.000000000000000021e-08 1.000000000000000021e-08 1.000000000000000021e-08 1.000000000000000021e-08 1.000000000000000021e-08 1.000000000000000021e-08 3.526049179764523538e-04 1.051924600985413026e-04 1.000000000000000021e-08 2.096779108908368303e-05 1.000000000000000021e-08 1.815621025492346755e-05 2.508788295731433126e-05 1.665200859053307935e-05 1.871815428660863486e-05 2.111009433695763799e-05 2.572994187450963006e-05 3.194050650774832333e-05 3.890412156318850327e-05 4.731769649252848812e-05 1.000000000000000021e-08 1.000000000000000021e-08 1.000000000000000021e-08 1.000000000000000021e-08
8.324004836773937765e-03 7.550362337169941838e-03 1.817036044971793212e-05 3.785855682114976507e-05 1.402931805048332145e-04 1.000000000000000021e-08 2.570633748329570129e-05 1.000000000000000021e-08 1.000000000000000021e-08 2.417562616705487755e-05 1.000000000000000021e-08 1.000000000000000021e-08 1.000000000000000021e-08 1.000000000000000021e-08 1.000000000000000021e-08 1.000000000000000021e-08 1.000000000000000021e-08 1.000000000000000021e-08 2.071406502119657296e-04 5.369520800918137877e-05 8.871181158489546421e-05 1.000000000000000021e-08 1.468501195401742428e-05 1.000000000000000021e-08 1.873722634326504031e-05 2.308596753794256640e-05 1.000000000000000021e-08 1.000000000000000021e-08 1.000000000000000021e-08 1.059922201782586625e-05 1.000000000000000021e-08 1.000000000000000021e-08 1.000000000000000021e-08 1.000000000000000021e-08 1.000000000000000021e-08 2.013015157549254985e-05 3.120472181548807864e-05
4.729589391885158654e-05 1.255630347163650879e-05 1.325710796823672261e-05 1.000000000000000021e-08 8.639239207361104037e-05 1.000000000000000021e-08 2.222668414137769804e-05 1.000000000000000021e-08 1.000000000000000021e-08 1.201231459586743274e-05 1.000000000000000021e-08 1.000000000000000021e-08 1.000000000000000021e-08 1.000000000000000021e-08 1.000000000000000021e-08 1.000000000000000021e-08 1.000000000000000021e-08 1.000000000000000021e-08 2.478462736813365165e-04 4.856819122584638253e-05 6.706768532723658368e-05 1.000000000000000021e-08 1.000000000000000021e-08 1.258738766552466653e-04 1.000000000000000021e-08 1.000000000000000021e-08 1.000000000000000021e-08 1.000000000000000021e-08 1.587646286695973505e-05 1.000000000000000021e-08 1.000000000000000021e-08 1.000000000000000021e-08 1.000000000000000021e-08 1.000000000000000021e-08 1.000000000000000021e-08 1.000000000000000021e-08 1.705791495249317033e-05
1.060978119811493414e-05 1.000000000000000021e-08 1.000000000000000021e-08 1.000000000000000021e-08 5.506184963299221681e-05 1.000000000000000021e-08 2.057937990031074779e-05 1.000000000000000021e-08 1.000000000000000021e-08 1.000000000000000021e-08 1.000000000000000021e-08 1.000000000000000021e-08 1.000000000000000021e-08 1.000000000000000021e-08 1.000000000000000021e-08 1.000000000000000021e-08 1.000000000000000021e-08 1.000000000000000021e-08 4.866158679242232432e-05 3.982741583018835395e-05 3.378828566890696881e-05 1.047921238652858690e-05 1.000000000000000021e-08 8.288383664156958079e-05 1.000000000000000021e-08 1.000000000000000021e-08 1.000000000000000021e-08 1.000000000000000021e-08 2.080653763587916600e-05 5.684217917071208260e-05 1.000000000000000021e-08 1.000000000000000021e-08 1.000000000000000021e-08 1.000000000000000021e-08 1.000000000000000021e-08 1.000000000000000021e-08 1.635985698452959515e-05
1.000000000000000021e-08 1.000000000000000021e-08 1.000000000000000021e-08 1.000000000000000021e-08 6.260037270605643721e-05 1.000000000000000021e-08 2.153873372956140156e-05 1.000000000000000021e-08 1.000000000000000021e-08 1.000000000000000021e-08 1.000000000000000021e-08 1.000000000000000021e-08 1.000000000000000021e-08 1.000000000000000021e-08 1.000000000000000021e-08 1.000000000000000021e-08 1.000000000000000021e-08 1.291276529840961688e-04 2.983114794590500081e-05 1.267701318108324388e-04 1.000000000000000021e-08 1.000000000000000021e-08 1.051232370107532031e-05 1.000000000000000021e-08 1.000000000000000021e-08 1.000000000000000021e-08 1.000000000000000021e-08 1.286102129698212490e-05 2.614361494535885248e-05 3.977488401812956170e-05 1.000000000000000021e-08 1.000000000000000021e-08 1.000000000000000021e-08 1.000000000000000021e-08 1.000000000000000021e-08 1.000000000000000021e-08 1.000000000000000021e-08
1.000000000000000021e-08 1.000000000000000021e-08 1.000000000000000021e-08 1.000000000000000021e-08 7.173529748046928432e-05 1.000000000000000021e-08 3.028866670002561270e-05 1.000000000000000021e-08 1.000000000000000021e-08 1.000000000000000021e-08 1.000000000000000021e-08 1.000000000000000021e-08 1.000000000000000021e-08 3.488444759050882555e-05 1.000000000000000021e-08 1.000000000000000021e-08 1.000000000000000021e-08 1.530257770910080437e-04 8.194529050216820812e-05 6.291468883817069536e-05 2.822296961508528290e-05 3.014014186950494663e-05 1.000000000000000021e-08 1.000000000000000021e-08 1.000000000000000021e-08 1.000000000000000021e-08 1.000000000000000021e-08 1.000000000000000021e-08 1.371347562877792202e-05 2.448227535301585397e-05 1.000000000000000021e-08 1.542791467734638301e-05 1.000000000000000021e-08 1.000000000000000021e-08 1.000000000000000021e-08 1.000000000000000021e-08 1.000000000000000021e-08
