output/water_depth_9240.asc
ncols 223
nrows 158
xllcorner 0.0
yllcorner 0.0
cellsize 30.0
[rows 51 to 67 of 158, columns 37 to 73 of 223]
1.000000100000000021e-05 1.000000100000000021e-05 1.000000100000000021e-05 1.000000100000000021e-05 1.000000100000000021e-05 1.000000100000000021e-05 1.000000100000000021e-05 1.000000100000000021e-05 1.000000100000000021e-05 1.000000100000000021e-05 1.000000100000000021e-05 1.000000100000000021e-05 1.000000100000000021e-05 1.000000100000000021e-05 1.000000100000000021e-05 1.000000100000000021e-05 1.000000100000000021e-05 1.000000100000000021e-05 1.000000100000000021e-05 1.000000100000000021e-05 1.000000100000000021e-05 1.000000100000000021e-05 1.000000100000000021e-05 1.000000100000000021e-05 1.000000100000000021e-05 1.000000100000000021e-05 1.000000100000000021e-05 1.000000100000000021e-05 1.000000100000000021e-05 1.000000100000000021e-05 1.000000100000000021e-05 1.000000100000000021e-05 1.231583853275270430e-05 2.607893266813498382e-05 3.094756639024327994e-05 1.807040733373870765e-05 1.802464323695651948e-05
1.000000100000000021e-05 1.000000100000000021e-05 1.000000100000000021e-05 1.000000100000000021e-05 1.000000100000000021e-05 1.000000100000000021e-05 1.000000100000000021e-05 1.000000100000000021e-05 1.000000100000000021e-05 1.000000100000000021e-05 1.000000100000000021e-05 1.000000100000000021e-05 1.000000100000000021e-05 1.000000100000000021e-05 1.000000100000000021e-05 1.000000100000000021e-05 1.000000100000000021e-05 1.000000100000000021e-05 1.000000100000000021e-05 1.000000100000000021e-05 1.000000100000000021e-05 1.000000100000000021e-05 1.000000100000000021e-05 1.000000100000000021e-05 1.000000100000000021e-05 1.000000100000000021e-05 1.000000100000000021e-05 1.000000100000000021e-05 1.000000100000000021e-05 1.000000100000000021e-05 1.000000100000000021e-05 1.000000100000000021e-05 1.000000000000000021e-08 1.000000000000000021e-08 3.897590348379983104e-05 6.136107510605758758e-05 1.000000000000000021e-08
1.000000100000000021e-05 1.000000100000000021e-05 1.000000100000000021e-05 1.000000100000000021e-05 1.000000100000000021e-05 1.000000100000000021e-05 1.000000100000000021e-05 1.000000100000000021e-05 1.000000100000000021e-05 1.000000100000000021e-05 1.000000100000000021e-05 1.000000100000000021e-05 1.000000100000000021e-05 1.000000100000000021e-05 1.000000100000000021e-05 1.000000100000000021e-05 1.000000100000000021e-05 1.000000100000000021e-05 1.000000100000000021e-05 1.000000100000000021e-05 1.000000100000000021e-05 1.000000100000000021e-05 1.000000100000000021e-05 1.000000100000000021e-05 1.000000100000000021e-05 1.000000100000000021e-05 1.000000100000000021e-05 1.000000100000000021e-05 1.000000100000000021e-05 1.000000100000000021e-05 1.000000100000000021e-05 1.000000100000000021e-05 1.000000000000000021e-08 1.000000000000000021e-08 1.000000000000000021e-08 1.551987914988080575e-05 2.332635874355176481e-05
1.000000100000000021e-05 1.000000100000000021e-05 1.000000100000000021e-05 1.000000100000000021e-05 1.000000100000000021e-05 1.000000100000000021e-05 1.000000100000000021e-05 1.000000100000000021e-05 1.000000100000000021e-05 1.000000100000000021e-05 1.000000100000000021e-05 1.000000100000000021e-05 1.000000100000000021e-05 1.000000100000000021e-05 1.000000100000000021e-05 1.000000100000000021e-05 1.000000100000000021e-05 1.000000100000000021e-05 1.000000100000000021e-05 1.000000100000000021e-05 1.000000100000000021e-05 1.000000100000000021e-05 1.000000100000000021e-05 1.000000100000000021e-05 1.000000100000000021e-05 1.000000100000000021e-05 1.000000100000000021e-05 1.000000100000000021e-05 1.000000100000000021e-05 1.000000100000000021e-05 1.000000100000000021e-05 1.000000000000000021e-08 1.000000000000000021e-08 1.000000000000000021e-08 1.000000000000000021e-08 1.000000000000000021e-08 1.000000000000000021e-08
1.000000100000000021e-05 1.000000100000000021e-05 1.000000100000000021e-05 1.000000100000000021e-05 1.000000100000000021e-05 1.000000100000000021e-05 1.000000100000000021e-05 1.000000100000000021e-05 1.000000100000000021e-05 1.000000100000000021e-05 1.000000100000000021e-05 1.000000100000000021e-05 1.000000100000000021e-05 1.000000100000000021e-05 1.000000100000000021e-05 1.000000100000000021e-05 1.000000100000000021e-05 1.000000100000000021e-05 1.000000100000000021e-05 1.000000100000000021e-05 1.000000100000000021e-05 1.000000100000000021e-05 1.000000100000000021e-05 1.000000100000000021e-05 1.000000100000000021e-05 1.000000100000000021e-05 1.000000100000000021e-05 1.000000100000000021e-05 1.000000100000000021e-05 1.000000100000000021e-05 1.000000000000000021e-08 1.000000000000000021e-08 1.000000000000000021e-08 1.000000000000000021e-08 1.045050467314259932e-05 1.064668766005809691e-05 1.009497653015663598e-05
1.000000100000000021e-05 1.000000100000000021e-05 1.000000100000000021e-05 1.000000100000000021e-05 1.000000100000000021e-05 1.000000100000000021e-05 1.000000100000000021e-05 1.000000100000000021e-05 1.000000100000000021e-05 1.000000100000000021e-05 1.000000100000000021e-05 1.000000100000000021e-05 1.000000100000000021e-05 1.000000100000000021e-05 1.000000100000000021e-05 1.000000100000000021e-05 1.000000100000000021e-05 1.000000100000000021e-05 1.000000100000000021e-05 1.000000100000000021e-05 1.000000100000000021e-05 1.000000100000000021e-05 1.000000100000000021e-05 1.000000100000000021e-05 1.000000100000000021e-05 1.000000100000000021e-05 1.000000100000000021e-05 1.000000100000000021e-05 1.000000100000000021e-05 1.000000000000000021e-08 1.000000000000000021e-08 1.596948772411385488e-05 1.938365550579681943e-05 1.917130390432970706e-05 1.000000000000000021e-08 1.000000000000000021e-08 1.000000000000000021e-08
1.000000100000000021e-05 1.000000100000000021e-05 1.000000100000000021e-05 1.000000100000000021e-05 1.000000100000000021e-05 1.000000100000000021e-05 1.000000100000000021e-05 1.000000100000000021e-05 1.000000100000000021e-05 1.000000100000000021e-05 1.000000100000000021e-05 1.000000100000000021e-05 1.000000100000000021e-05 1.000000100000000021e-05 1.000000100000000021e-05 1.000000100000000021e-05 1.000000100000000021e-05 1.000000100000000021e-05 1.000000100000000021e-05 1.000000100000000021e-05 1.000000100000000021e-05 1.000000100000000021e-05 1.000000100000000021e-05 1.000000100000000021e-05 1.000000100000000021e-05 1.000000100000000021e-05 1.000000100000000021e-05 1.000000100000000021e-05 1.000000000000000021e-08 1.000000000000000021e-08 1.000000000000000021e-08 1.000000000000000021e-08 2.478926942452492583e-05 2.642710210779773469e-05 1.000000000000000021e-08 1.000000000000000021e-08 1.000000000000000021e-08
1.000000100000000021e-05 1.000000100000000021e-05 1.000000100000000021e-05 1.000000100000000021e-05 1.000000100000000021e-05 1.000000100000000021e-05 1.000000100000000021e-05 1.000000100000000021e-05 1.000000100000000021e-05 1.000000100000000021e-05 1.000000100000000021e-05 1.000000100000000021e-05 1.000000100000000021e-05 1.000000100000000021e-05 1.000000100000000021e-05 1.000000100000000021e-05 1.000000100000000021e-05 1.000000100000000021e-05 1.000000100000000021e-05 1.000000100000000021e-05 1.000000100000000021e-05 1.000000100000000021e-05 1.000000100000000021e-05 1.000000100000000021e-05 1.000000100000000021e-05 1.000000100000000021e-05 1.000000000000000021e-08 1.000000000000000021e-08 1.000000000000000021e-08 1.000000000000000021e-08 1.000000000000000021e-08 1.715257662461366247e-05 1.604861878599033888e-05 1.000000000000000021e-08 1.000000000000000021e-08 1.000000000000000021e-08 1.000000000000000021e-08
1.000000100000000021e-05 1.000000100000000021e-05 1.000000100000000021e-05 1.000000100000000021e-05 1.000000100000000021e-05 1.000000100000000021e-05 1.000000100000000021e-05 1.000000100000000021e-05 1.000000100000000021e-05 1.000000100000000021e-05 1.000000100000000021e-05 1.000000100000000021e-05 1.000000100000000021e-05 1.000000100000000021e-05 1.000000100000000021e-05 1.000000100000000021e-05 1.000000100000000021e-05 1.000000100000000021e-05 1.000000100000000021e-05 1.000000100000000021e-05 1.000000100000000021e-05 1.000000100000000021e-05 1.000000100000000021e-05 2.508639128213905782e-05 1.000000000000000021e-08 1.000000000000000021e-08 1.000000000000000021e-08 1.000000000000000021e-08 1.000000000000000021e-08 1.000000000000000021e-08 1.000000000000000021e-08 1.000000000000000021e-08 1.726107211548018590e-05 1.829431360789683449e-05 3.679768217495936391e-05 5.396879642543159455e-05 4.069710235873998051e-05
1.000000100000000021e-05 1.000000100000000021e-05 1.000000100000000021e-05 1.000000100000000021e-05 1.000000100000000021e-05 1.000000100000000021e-05 1.000000100000000021e-05 1.000000100000000021e-05 1.000000100000000021e-05 1.000000100000000021e-05 1.000000100000000021e-05 1.000000000000000021e-08 1.201518524697912924e-05 2.333162180312408010e-05 4.080675519674762774e-05 1.678605940961487770e-04 3.796248171521532985e-04 1.933340109022613218e-02 1.872872696306143378e-02 1.000000100000000021e-05 1.000000100000000021e-05 1.000000100000000021e-05 1.000000000000000021e-08 2.761628201284672775e-05 1.054997753326092122e-05 1.000000000000000021e-08 1.000000000000000021e-08 1.421732448423523344e-05 1.540456402580631874e-05 1.488296219681868883e-05 1.000000000000000021e-08 1.000000000000000021e-08 1.060836795113220516e-05 2.231756250645467092e-05 2.388609113648172111e-05 3.395805754328497239e-05 7.299568451103100226e-05
1.000000100000000021e-05 1.000000100000000021e-05 1.000000100000000021e-05 1.000000100000000021e-05 1.000000100000000021e-05 1.000000100000000021e-05 1.000000100000000021e-05 1.000000100000000021e-05 1.000000100000000021e-05 1.000000100000000021e-05 1.000000000000000021e-08 1.000000000000000021e-08 1.000000000000000021e-08 1.000000000000000021e-08 1.000000000000000021e-08 1.637397103971629825e-04 2.308613351321332915e-04 3.357369747728302148e-04 1.740743378528285604e-02 1.587982473479735215e-02 1.214097492040672709e-02 4.530204902287472950e-04 3.259811000713965716e-04 1.128350696452978591e-03 8.980220595133655377e-04 1.000000000000000021e-08 1.000000000000000021e-08 1.000000000000000021e-08 1.000000000000000021e-08 1.000000000000000021e-08 1.000000000000000021e-08 1.000000000000000021e-08 1.175324494859384249e-05 1.000000000000000021e-08 1.000000000000000021e-08 1.000000000000000021e-08 1.000000000000000021e-08
5.910042451489846711e-05 4.438772663445161772e-05 4.101560308645090902e-05 2.643244593082957214e-05 2.461353904897200005e-05 1.968380758589355220e-05 1.436649561032026100e-05 1.346845616877395361e-05 1.191584822966046785e-05 1.055125950754555683e-05 1.037079439982379756e-05 1.106780939390628441e-05 1.308551865440547258e-05 1.000000000000000021e-08 5.432609443944075241e-05 2.477815433804250516e-04 2.844247873705006940e-04 2.725805429665528520e-05 1.000000000000000021e-08 1.630073646076733718e-02 1.000000000000000021e-08 3.288183899421382936e-04 2.298314451439798932e-04 1.246728459726682619e-03 1.517221037871650281e-03 1.594818444285220067e-04 1.000000000000000021e-08 1.016349140717380357e-05 1.359781448805639514e-05 1.646404487552511690e-05 3.639852036705269419e-04 5.888380267337284604e-04 5.843011421231800477e-04 3.658017797178458614e-04 2.824336608178045676e-04 2.146155417944239994e-04 1.701227144137785509e-04
4.453193800236996118e-05 1.066369295103014380e-04 1.252550375680968058e-04 1.720872046806280720e-04 1.841322873274490156e-04 1.923232551182540995e-04 2.034482823700758426e-04 2.507054583132582140e-04 3.106988339702485306e-04 2.049854359685792477e-04 2.293999803241283020e-04 2.471000474543733191e-04 3.088358479151663907e-04 3.710992230403468853e-04 4.976341330492530923e-04 4.373845947535336121e-04 3.549670657411837420e-04 2.436691983552586108e-04 1.000000000000000021e-08 1.000000000000000021e-08 1.263890983914157312e-05 3.260508585967192047e-04 2.215725355577864990e-04 1.971287271417780998e-03 3.368338665765908783e-03 2.873778620775964496e-03 2.938591211163609114e-03 3.011141786422682348e-03 3.683249736232462566e-03 3.137352263310623241e-03 3.124620999161186342e-03 3.115476840267817835e-03 2.248281277525516868e-03 1.517739410701173311e-03 2.147271440481165940e-04 1.729156347158835509e-04 2.288570573170294400e-03
2.649788723716020293e-05 1.000000000000000021e-08 3.567389757753943624e-05 3.655728368103049170e-05 2.392527912131390728e-05 2.035397549167394896e-05 1.000000000000000021e-08 1.000000000000000021e-08 1.000000000000000021e-08 1.517385969220450806e-04 1.687121805603263274e-04 2.044070609469700013e-04 1.686283431852167480e-04 1.219906312931427501e-04 9.167592654665074282e-05 6.885860071668430571e-05 2.266608310795137219e-04 1.920947517402484949e-04 1.000000000000000021e-08 1.000000000000000021e-08 1.059603376152782755e-05 1.373368053612274695e-05 2.532830987010292704e-05 4.503842948523831263e-05 6.090988052950221281e-05 5.760651674736925012e-05 8.265397996078787388e-05 1.677604637249813268e-04 1.000000000000000021e-08 1.000000000000000021e-08 1.023388276537991420e-05 1.245579266054325674e-05 1.299283789868424391e-03 1.432663561027519399e-03 2.481613905617501264e-03 2.940732211861619115e-03 2.191028100744971206e-03
3.070841049944700031e-05 3.258915395735070911e-05 3.301409761595652288e-05 1.000000000000000021e-08 1.000000000000000021e-08 1.000000000000000021e-08 1.000000000000000021e-08 1.000000000000000021e-08 1.000000000000000021e-08 1.000000000000000021e-08 1.000000000000000021e-08 1.000000000000000021e-08 1.000000000000000021e-08 1.000000000000000021e-08 1.000000000000000021e-08 1.000000000000000021e-08 1.887595794620946458e-03 1.883898156065322727e-03 1.000000000000000021e-08 1.000000000000000021e-08 1.000000000000000021e-08 1.000000000000000021e-08 2.964479209291694537e-05 5.813732972979198895e-05 6.857060263993636901e-05 1.000000000000000021e-08 9.001999776499591626e-05 1.000000000000000021e-08 1.000000000000000021e-08 1.000000000000000021e-08 1.000000000000000021e-08 1.000000000000000021e-08 1.008871000477391073e-03 1.943684811408524565e-03 1.422271060689679753e-03 9.146930196179513120e-04 7.006640654509301968e-04
2.456986724421266646e-05 2.270806184714840831e-05 2.141650130579744068e-05 1.000000000000000021e-08 1.000000000000000021e-08 1.000000000000000021e-08 1.000000000000000021e-08 1.000000000000000021e-08 1.000000000000000021e-08 1.000000000000000021e-08 1.000000000000000021e-08 1.000000000000000021e-08 1.000000000000000021e-08 1.726611673146058812e-05 1.000000000000000021e-08 1.000000000000000021e-08 3.325984063291699663e-05 1.343550528109534323e-05 3.155826490551685945e-05 3.679554510825874575e-05 3.217120165838638791e-05 4.922157939019612775e-05 4.402501842583742052e-05 8.426583520808072255e-05 8.064754088514965961e-05 1.000000000000000021e-08 5.246814571221803454e-05 1.199703557115283867e-05 1.000000000000000021e-08 1.000000000000000021e-08 1.000000000000000021e-08 1.248587745389895312e-05 1.940656490202642551e-05 2.783765103340322413e-05 2.738869623254326652e-05 2.440200142126199435e-05 1.000000000000000021e-08
1.995766115574277945e-05 1.680390724037721952e-05 1.523139392707683274e-05 1.000000000000000021e-08 1.000000000000000021e-08 1.000000000000000021e-08 1.060014684329205457e-05 1.000000000000000021e-08 1.000000000000000021e-08 1.000000000000000021e-08 1.000000000000000021e-08 1.000000000000000021e-08 1.136875300400534275e-05 1.587648537052119169e-05 1.000000000000000021e-08 1.000000000000000021e-08 1.000000000000000021e-08 1.171666869996614870e-05 2.027081382654178168e-05 1.000000000000000021e-08 1.000000000000000021e-08 1.000000000000000021e-08 3.100501718314688547e-05 1.054350719557639479e-04 1.000000000000000021e-08 1.097947466234187803e-05 1.000000000000000021e-08 1.473133764911433630e-05 1.000000000000000021e-08 1.000000000000000021e-08 1.000000000000000021e-08 1.000000000000000021e-08 1.000000000000000021e-08 1.101318780839330249e-05 1.160957874926331849e-05 1.209533956622863262e-05 1.788830894705176119e-05
