output/water_depth_7800.asc
ncols 223
nrows 158
xllcorner 0.0
yllcorner 0.0
cellsize 30.0
[rows 34 to 50 of 158, columns 111 to 147 of 223]
1.000000000000000021e-08 1.000000000000000021e-08 1.000000000000000021e-08 1.000000000000000021e-08 1.000000000000000021e-08 2.068765828571750840e-05 1.970272979011048286e-05 2.059017676520423756e-05 1.000000000000000021e-08 1.000000000000000021e-08 1.000000000000000021e-08 1.000000000000000021e-08 1.000000000000000021e-08 1.000000000000000021e-08 1.000000000000000021e-08 1.000000000000000021e-08 1.000000000000000021e-08 1.000000000000000021e-08 1.000000000000000021e-08 1.000000000000000021e-08 1.000000000000000021e-08 1.000000000000000021e-08 1.000000000000000021e-08 1.000000000000000021e-08 1.000000000000000021e-08 1.000000000000000021e-08 1.000000000000000021e-08 1.368322908082308325e-05 1.799853994753661084e-04 5.030634591102142467e-04 2.451235442957817520e-03 8.223753999855771407e-03 4.304690465944091375e-03 1.681956600577572220e-05 1.000000000000000021e-08 1.000000000000000021e-08 1.000000000000000021e-08
1.000000000000000021e-08 1.000000000000000021e-08 1.000000000000000021e-08 1.000000000000000021e-08 1.000000000000000021e-08 1.000000000000000021e-08 1.000000000000000021e-08 1.000000000000000021e-08 1.000000000000000021e-08 1.000000000000000021e-08 1.773449178051791960e-05 1.721149697662672002e-05 1.763373486075536881e-05 1.697484368902519507e-05 1.801608536335707746e-05 1.000000000000000021e-08 1.000000000000000021e-08 1.000000000000000021e-08 1.000000000000000021e-08 1.000000000000000021e-08 1.000000000000000021e-08 1.000000000000000021e-08 1.061359222866628425e-05 2.018475449551058559e-05 2.420626194061448113e-05 2.363292371561174167e-05 3.076952095105203429e-05 1.000000000000000021e-08 5.423665414922558510e-05 8.735683054212914703e-04 3.691368161164941195e-03 6.132879550068482018e-03 2.999803553870060598e-03 1.660129967373818557e-05 1.000000000000000021e-08 1.000000000000000021e-08 1.000000000000000021e-08
1.000000000000000021e-08 1.000000000000000021e-08 1.199552856590305479e-05 1.000000000000000021e-08 1.000000000000000021e-08 1.000000000000000021e-08 1.000000000000000021e-08 1.000000000000000021e-08 1.000000000000000021e-08 1.000000000000000021e-08 1.000000000000000021e-08 1.000000000000000021e-08 1.000000000000000021e-08 1.000000000000000021e-08 2.684178446531091625e-05 1.000000000000000021e-08 1.000000000000000021e-08 7.671228190099625970e-05 5.606551297017040936e-05 8.265948659015168512e-05 1.000000000000000021e-08 1.091059789495137360e-03 4.539178821634821427e-03 6.361036517800237183e-03 7.415832727055756551e-03 8.889436758804955194e-03 8.664116265485213159e-03 9.074297346416411447e-03 9.526701621959237851e-03 1.018743280437120827e-02 1.436945636105519709e-02 7.446763229802552328e-03 3.412950367926943351e-03 4.300780541520027311e-04 1.000000000000000021e-08 1.000000000000000021e-08 1.000000000000000021e-08
1.178031547531991166e-05 2.382611607089031092e-05 1.000000000000000021e-08 1.000000000000000021e-08 1.000000000000000021e-08 1.000000000000000021e-08 1.000000000000000021e-08 1.000000000000000021e-08 1.000000000000000021e-08 1.000000000000000021e-08 1.000000000000000021e-08 1.000000000000000021e-08 1.000000000000000021e-08 1.000000000000000021e-08 1.000000000000000021e-08 1.029634459838792689e-05 2.431087085096473449e-05 5.847598056661337806e-03 5.977245136359527790e-03 6.180175691821303795e-03 7.166905333737557011e-03 6.497729573467613505e-03 4.557680192950753183e-03 2.974344768377319963e-03 1.959387776944909385e-03 1.525878968941533171e-03 8.207872017170557248e-04 5.541550130333396757e-04 3.934129861677137813e-04 2.141952544864210092e-03 1.486005779437970728e-02 1.856302852840941223e-02 4.005879448653978242e-02 1.288103321451138789e-02 5.562571052456044242e-05 1.000000000000000021e-08 1.000000000000000021e-08
1.284320542972988005e-03 6.538765795499374041e-04 3.822043995559944391e-04 1.238716752183012006e-04 1.000000000000000021e-08 1.000000000000000021e-08 1.000000000000000021e-08 1.000000000000000021e-08 1.000000000000000021e-08 1.000000000000000021e-08 1.000000000000000021e-08 1.000000000000000021e-08 1.000000000000000021e-08 1.079489569214073857e-05 1.000000000000000021e-08 3.845352276962972753e-03 2.394901173603827468e-02 5.804426093205780450e-03 2.296963788155953381e-05 1.500934861195175657e-05 1.000000000000000021e-08 1.000000000000000021e-08 1.000000000000000021e-08 1.000000000000000021e-08 1.000000000000000021e-08 1.000000000000000021e-08 1.000000000000000021e-08 1.000000000000000021e-08 1.000000000000000021e-08 1.000000000000000021e-08 5.900813672537353070e-05 9.744959325798326121e-05 1.155755578182282757e-02 5.775007579050183554e-02 1.969439390187884692e-02 8.665637755462586057e-05 1.000000000000000021e-08
4.578760385860762908e-03 4.803365784286172877e-03 5.431626978018840556e-03 9.428947361586231032e-04 2.852747201645842372e-04 2.373750706435641964e-04 7.134790131599119526e-05 5.951548206411438397e-05 4.610130318093385416e-05 5.648695296727259969e-05 3.116936922515415567e-04 2.432302595442441023e-04 4.256974776982458582e-03 6.687076441312868325e-03 6.564114345208090645e-03 4.732368501979931398e-03 3.870712702757288237e-03 1.000000000000000021e-08 1.000000000000000021e-08 1.000000000000000021e-08 1.000000000000000021e-08 1.000000000000000021e-08 1.000000000000000021e-08 1.000000000000000021e-08 1.000000000000000021e-08 1.000000000000000021e-08 1.000000000000000021e-08 1.000000000000000021e-08 1.000000000000000021e-08 1.000000000000000021e-08 1.000000000000000021e-08 1.000000000000000021e-08 2.307188547088434235e-05 6.294055573865896648e-05 5.565166664514693134e-02 1.805949118141098736e-02 1.138431502568551003e-02
4.673057291736930233e-05 7.166840432761929704e-05 7.782268139217117390e-04 3.260577934017282534e-03 4.290044406329588701e-03 4.738009351080574826e-03 3.455418320881693643e-03 3.608153150937440726e-03 4.732177246259617470e-03 5.425364210881675198e-03 5.947187675999657773e-03 7.306415142002422973e-03 4.185874623190528714e-03 4.215495831222608632e-03 1.124091490062014043e-05 1.000000000000000021e-08 1.000000000000000021e-08 1.000000000000000021e-08 1.000000000000000021e-08 1.000000000000000021e-08 1.000000000000000021e-08 1.000000000000000021e-08 1.000000000000000021e-08 1.000000000000000021e-08 1.000000000000000021e-08 1.000000000000000021e-08 1.000000000000000021e-08 1.000000000000000021e-08 1.000000000000000021e-08 1.000000000000000021e-08 1.000000000000000021e-08 1.000000000000000021e-08 1.000000000000000021e-08 1.000000000000000021e-08 4.525942289401540766e-05 3.885087929299300882e-03 1.196384543085293219e-02
1.000000000000000021e-08 1.000000000000000021e-08 1.000000000000000021e-08 1.000000000000000021e-08 1.657686720708326228e-05 1.723423599202591688e-05 2.944646440617219776e-03 3.125367916696556326e-03 2.054736201217318564e-03 1.447626601793901855e-03 1.069368370456930768e-03 1.447152490769108239e-03 1.000000000000000021e-08 1.000000000000000021e-08 1.000000000000000021e-08 1.000000000000000021e-08 1.000000000000000021e-08 1.000000000000000021e-08 1.000000000000000021e-08 1.000000000000000021e-08 1.000000000000000021e-08 1.000000000000000021e-08 1.000000000000000021e-08 1.000000000000000021e-08 1.000000000000000021e-08 1.000000000000000021e-08 1.000000000000000021e-08 1.000000000000000021e-08 1.000000000000000021e-08 1.000000000000000021e-08 1.000000000000000021e-08 1.000000000000000021e-08 1.000000000000000021e-08 1.000000000000000021e-08 1.000000000000000021e-08 1.000000000000000021e-08 2.737263176918927865e-05
1.000000000000000021e-08 1.000000000000000021e-08 1.000000000000000021e-08 1.000000000000000021e-08 1.000000000000000021e-08 1.000000000000000021e-08 1.000000000000000021e-08 1.000000000000000021e-08 1.322279637809881660e-05 6.944298801567707507e-05 4.916798678514669799e-04 6.762542645633245293e-04 1.000000000000000021e-08 1.000000000000000021e-08 1.000000000000000021e-08 1.000000000000000021e-08 1.000000000000000021e-08 1.000000000000000021e-08 1.000000000000000021e-08 1.000000000000000021e-08 1.000000000000000021e-08 1.000000000000000021e-08 1.000000000000000021e-08 1.170026481587772219e-05 2.023903399038452623e-05 2.019013111920264834e-05 4.528971056927177046e-05 5.259633200664194186e-05 3.943656906298041281e-05 4.174754521800800786e-05 4.025647336391394594e-05 4.436290333645005518e-05 1.000000000000000021e-08 2.908281383464774773e-05 3.146677576290189438e-05 3.310935931911963544e-05 1.000000000000000021e-08
1.000000000000000021e-08 1.000000000000000021e-08 1.000000000000000021e-08 1.000000000000000021e-08 1.000000000000000021e-08 1.000000000000000021e-08 1.000000000000000021e-08 1.000000000000000021e-08 4.356340492260361537e-05 9.790679773182281323e-05 4.142482767735254667e-04 2.921989312955844019e-04 1.000000000000000021e-08 1.000000000000000021e-08 1.000000000000000021e-08 1.000000000000000021e-08 1.000000000000000021e-08 1.000000000000000021e-08 1.000000000000000021e-08 1.000000000000000021e-08 1.000000000000000021e-08 1.000000000000000021e-08 1.000000000000000021e-08 1.181902678439097390e-05 2.962596305246171681e-05 6.041662692496684749e-05 6.239649848068746303e-05 4.623710270793030013e-05 6.421779622869790919e-05 5.271533172310716652e-05 4.780769947001301602e-05 3.717298334377352396e-05 4.347228179677471000e-05 3.346461488135397998e-05 2.558338200808952427e-05 2.314633178763466400e-05 2.025251822523245972e-05
1.000000000000000021e-08 1.000000000000000021e-08 1.000000000000000021e-08 1.000000000000000021e-08 1.000000000000000021e-08 1.000000000000000021e-08 1.000000000000000021e-08 1.000000000000000021e-08 6.925828450040157243e-04 6.327178634051188648e-04 4.842155285307180772e-04 1.073260418704169054e-05 1.000000000000000021e-08 1.000000000000000021e-08 1.000000000000000021e-08 1.000000000000000021e-08 1.670330440360076130e-05 1.662151245891866578e-05 2.977847907919123000e-05 3.399910591599773096e-05 1.000000000000000021e-08 1.000000000000000021e-08 1.000000000000000021e-08 1.000000000000000021e-08 1.069181310977483850e-05 1.405564617605723523e-05 1.572426100030279854e-05 1.405142430555722848e-05 1.000000000000000021e-08 1.000000000000000021e-08 1.000000000000000021e-08 1.000000000000000021e-08 1.000000000000000021e-08 1.000000000000000021e-08 1.588549620247580401e-05 2.286833323129970315e-05 2.424487865152169215e-05
1.000000000000000021e-08 1.000000000000000021e-08 1.000000000000000021e-08 1.000000000000000021e-08 1.000000000000000021e-08 1.000000000000000021e-08 1.074184200207724287e-04 9.467069580684830130e-04 9.870954089103100258e-04 1.639420606977363981e-04 1.287259031189612053e-05 1.234110523501551672e-05 1.000000000000000021e-08 1.000000000000000021e-08 1.000000000000000021e-08 1.000000000000000021e-08 1.624379302603592534e-05 1.534127811657336147e-05 1.144515849076208582e-05 1.000000000000000021e-08 1.000000000000000021e-08 1.000000000000000021e-08 1.000000000000000021e-08 1.000000000000000021e-08 1.000000000000000021e-08 1.000000000000000021e-08 1.000000000000000021e-08 1.000000000000000021e-08 1.000000000000000021e-08 1.000000000000000021e-08 1.000000000000000021e-08 1.686988242538059660e-05 3.014635729961342138e-05 4.651337486685645550e-05 7.385965484613753293e-05 6.338056551332588477e-05 6.484717490306925246e-05
1.346535890484149576e-05 1.490873195370804951e-05 1.494772459517121714e-05 5.751083432305319378e-05 4.553370486369816435e-04 6.293487159892381189e-04 8.676243052772033637e-04 9.449057843741059297e-04 1.000000000000000021e-08 1.000000000000000021e-08 1.000000000000000021e-08 1.345291509534377404e-05 1.838977605634241821e-05 4.113344425594856428e-05 1.000000000000000021e-08 1.857134971906871217e-05 1.929541791034552074e-05 2.879551145532890247e-05 2.415390004157859353e-05 2.334861977321709962e-05 2.028762924638271230e-05 2.148250441892351608e-05 2.393443057566524567e-05 2.112253170996443376e-05 1.861695498452607521e-05 2.067658168556018938e-05 2.134041464522691201e-05 3.442356660140873456e-05 3.406890580008205537e-05 3.711693704295190052e-05 1.000000000000000021e-08 1.000000000000000021e-08 1.000000000000000021e-08 1.000000000000000021e-08 1.000000000000000021e-08 1.000000000000000021e-08 4.195308122395155178e-05
3.992916471201221596e-04 5.568035252516098134e-05 6.501376098232631618e-05 5.552029010072855736e-04 3.960064658098861766e-04 2.479801803661241298e-04 2.492940883296933339e-04 4.753763325575165150e-05 1.000000000000000021e-08 1.000000000000000021e-08 1.000000000000000021e-08 1.554684799561086120e-05 1.748004736484936632e-05 1.827146728808275874e-05 1.624644643048535927e-05 1.605992197077642347e-05 3.013283795392974367e-05 6.184796045945596503e-05 8.947873275712593124e-05 8.294780046652457041e-05 7.366479914709919458e-05 6.583356598195583297e-05 1.457537425476222520e-04 2.301465058318487127e-04 2.363078891323598326e-04 3.014179021885970001e-04 3.408346545144471263e-04 3.173107896041891716e-04 3.335880607832721924e-04 3.462371612502767476e-04 3.379074285552804849e-04 2.412713005748246204e-04 2.023413765924756617e-04 1.266378019781992637e-04 1.469297639785430414e-04 1.218150930321371003e-04 9.739041319308306180e-05
3.403869557072868317e-04 1.637251120825104230e-05 1.000000000000000021e-08 1.000000000000000021e-08 1.000000000000000021e-08 1.065866078900677803e-05 2.261536534796911168e-05 4.903137454325340517e-05 1.000000000000000021e-08 1.000000000000000021e-08 1.425228828232581499e-05 1.285298950393459175e-05 1.121371895100337852e-05 1.090363013755454277e-05 2.016331635206159513e-05 1.878319943151215694e-05 1.000000000000000021e-08 3.961159574438308267e-05 9.908330218484402848e-05 1.714626878690419110e-04 1.512993799177371652e-04 1.843543649792165446e-04 1.595165180762259170e-04 1.989431592402326088e-04 2.723906477057216977e-04 2.261439444362777114e-04 1.910351154091201840e-04 2.135478692650854703e-04 1.787563192932170499e-04 1.393670661363821466e-04 1.206550704106619634e-04 1.307364067082572177e-04 1.465302803767595374e-04 1.595457315872483330e-04 9.517941410515137865e-05 6.129991218437824089e-05 6.751465408538216120e-05
2.256858004057510215e-05 1.000000000000000021e-08 1.000000000000000021e-08 1.000000000000000021e-08 1.000000000000000021e-08 1.000000000000000021e-08 1.642205228631774471e-05 3.142531570210208616e-05 2.727200397549066466e-05 1.000000000000000021e-08 1.264414689512165443e-05 1.000000000000000021e-08 1.000000000000000021e-08 1.000000000000000021e-08 3.020497071410805761e-05 1.000000000000000021e-08 1.000000000000000021e-08 6.805244486730020227e-05 8.212768113625007200e-05 1.000510436764523420e-04 1.804295624793225759e-04 1.968347121194549904e-04 2.209746508588032157e-04 1.619029712431562223e-04 1.163948987525272727e-04 1.000000000000000021e-08 1.555398331473405898e-05 1.000000000000000021e-08 1.000000000000000021e-08 1.000000000000000021e-08 1.000000000000000021e-08 1.000000000000000021e-08 1.000000000000000021e-08 1.140383927595096669e-05 6.444982367279449942e-05 7.129442292403556712e-05 1.129597958066069465e-04
1.714360186630393856e-05 1.000000000000000021e-08 1.000000000000000021e-08 1.281006919311815509e-05 1.000000000000000021e-08 1.000000000000000021e-08 1.216766334469905926e-05 1.447240366492283760e-05 1.618139629219325087e-05 1.000000000000000021e-08 1.462989229931175346e-05 1.000000000000000021e-08 1.000000000000000021e-08 5.029788351020674349e-05 6.433310825762287297e-05 1.102786233932058751e-04 1.272809186809236662e-04 1.179063231701833959e-04 8.959096373959813634e-05 7.196078592633369257e-05 1.000000000000000021e-08 1.000000000000000021e-08 1.000000000000000021e-08 1.000000000000000021e-08 1.000000000000000021e-08 1.609963648044428674e-05 2.290769915166614658e-05 1.000000000000000021e-08 1.000000000000000021e-08 1.000000000000000021e-08 1.000000000000000021e-08 1.000000000000000021e-08 1.000000000000000021e-08 1.000000000000000021e-08 4.812319724054021182e-05 9.680038930804475347e-05 2.008858985776753876e-04
