output/water_depth_5880.asc
ncols 223
nrows 158
xllcorner 0.0
yllcorner 0.0
cellsize 30.0
[rows 136 to 152 of 158, columns 185 to 221 of 223]
4.378950988970612432e-05 1.135323045277677724e-04 7.711865255842239794e-03 1.294006376336243047e+00 4.968434611014829749e-01 1.308330010581084746e-03 1.542360144336518430e-04 2.393678703282384472e-04 4.576681259977241319e-04 6.528204303127472683e-04 1.258024222035826088e-03 1.744395633826072937e-03 7.452273436388377617e-04 2.991325862838119937e-04 1.864138889604043039e-04 1.461325213412280983e-04 1.127528500225029811e-04 8.287691723109016375e-05 5.608461821687993766e-05 3.324160326871607141e-05 1.508447492211283118e-05 1.000000000000000021e-08 1.000000000000000021e-08 1.000000000000000021e-08 1.000000100000000021e-05 1.000000100000000021e-05 1.000000100000000021e-05 1.000000100000000021e-05 1.000000100000000021e-05 1.000000100000000021e-05 1.000000100000000021e-05 1.000000100000000021e-05 1.000000100000000021e-05 1.000000100000000021e-05 1.000000100000000021e-05 1.000000100000000021e-05 1.000000100000000021e-05
9.105731219948567056e-05 5.282754517983242500e-05 2.648191936558784562e-04 1.246611472526032216e+00 1.234064266802652465e+00 1.174462087451299208e+00 1.262847935730553907e-02 1.569374939527383363e-04 8.332411036524872282e-05 1.927653589621437433e-04 1.344029945015848835e-03 1.677396280267042265e-03 6.041955386536925843e-04 4.295607691025143553e-05 1.657083867017218454e-05 1.184857814995466435e-05 1.047067095044074792e-05 1.019929657307330993e-05 1.000000000000000021e-08 1.000000000000000021e-08 1.000000000000000021e-08 6.120592926752198911e-05 4.176248148480222121e-05 2.547830566015956265e-05 1.520329393095941769e-05 1.000000100000000021e-05 1.000000100000000021e-05 1.000000100000000021e-05 1.000000100000000021e-05 1.000000100000000021e-05 1.000000100000000021e-05 1.000000100000000021e-05 1.000000100000000021e-05 1.000000100000000021e-05 1.000000100000000021e-05 1.000000100000000021e-05 1.000000100000000021e-05
1.000000000000000021e-08 1.000000000000000021e-08 1.158034584431919565e-05 1.067070938995346233e-02 1.675888058575268902e-01 1.089059173846786521e+00 1.027899948793770557e+00 9.534989343616366853e-01 8.149328608553925088e-03 1.514332465247504545e-04 1.164367849578351382e-03 1.461061518921468773e-04 7.560309021062891206e-05 2.820130298447821141e-05 4.016325583613827301e-05 3.502379094929023508e-05 1.923530327651998411e-05 1.000000000000000021e-08 1.000000000000000021e-08 1.000000000000000021e-08 1.000000000000000021e-08 1.000000000000000021e-08 1.000000000000000021e-08 1.548010676968524343e-05 1.000000000000000021e-08 1.000000100000000021e-05 1.000000100000000021e-05 1.000000100000000021e-05 1.000000100000000021e-05 1.000000100000000021e-05 1.000000100000000021e-05 1.000000100000000021e-05 1.000000100000000021e-05 1.000000100000000021e-05 1.000000100000000021e-05 1.000000100000000021e-05 1.000000100000000021e-05
3.720544258399463393e-05 5.375593027315091936e-04 3.709191352492495074e-05 5.611539216745249756e-05 6.696133078528067513e-05 2.499145956592931529e-03 1.756937278063652481e-03 5.328313749569569824e-01 4.104954491093388835e-01 5.596716416032056739e-03 1.984840191606665352e-04 1.146081480014244817e-04 1.000000000000000021e-08 1.000000000000000021e-08 5.516123915968015385e-05 1.000000000000000021e-08 1.000000000000000021e-08 1.000000000000000021e-08 1.000000000000000021e-08 5.158475028079896846e-05 5.279453292683967155e-05 5.715698805783674011e-05 3.807924330432077472e-05 1.752778973842437533e-05 1.765658299003156721e-05 1.000000100000000021e-05 1.000000100000000021e-05 1.000000100000000021e-05 1.000000100000000021e-05 1.000000100000000021e-05 1.000000100000000021e-05 1.000000100000000021e-05 1.000000100000000021e-05 1.000000100000000021e-05 1.000000100000000021e-05 1.000000100000000021e-05 1.000000100000000021e-05
1.786794158893168557e-04 1.334242768715192978e-04 6.433020345204821773e-04 4.145714450293724288e-04 1.860530728217626333e-04 9.057888052729655599e-05 5.827903604432945644e-05 2.648947225258614924e-01 6.676547917582290603e-01 1.090157819528920179e-02 1.632647565921708458e-04 1.513422045515084105e-04 2.060204794774640356e-05 1.495004172434774277e-05 1.171913093297864252e-05 1.000000000000000021e-08 2.228793918569596191e-05 3.179963586727797863e-05 3.459480362289186573e-05 4.057718989413032875e-05 5.609469832981408877e-05 3.479278282213378435e-05 1.208751499261096408e-05 1.000000000000000021e-08 1.000000000000000021e-08 1.000000100000000021e-05 1.000000100000000021e-05 1.000000100000000021e-05 1.000000100000000021e-05 1.000000100000000021e-05 1.000000100000000021e-05 1.000000100000000021e-05 1.000000100000000021e-05 1.000000100000000021e-05 1.000000100000000021e-05 1.000000100000000021e-05 1.000000100000000021e-05
8.198030353941827266e-04 5.896349992971062310e-04 7.644705880829818926e-04 1.372148107597864243e-02 2.320736524479914686e-03 1.259966490443095158e-03 1.406744298092170008e-04 1.419934021763189780e-01 7.788089419024223359e-01 2.659408891130172949e-03 1.287945102757964710e-04 2.307763571414840576e-05 1.000000000000000021e-08 1.000000000000000021e-08 1.000000000000000021e-08 4.647332422994111367e-05 5.479833680593744835e-05 5.728287632510422277e-05 4.593147174015923558e-05 3.400580997517583560e-05 1.459224099227479471e-05 1.644596184660579335e-05 1.000000000000000021e-08 1.000000000000000021e-08 1.000000100000000021e-05 1.000000100000000021e-05 1.000000100000000021e-05 1.000000100000000021e-05 1.000000100000000021e-05 1.000000100000000021e-05 1.000000100000000021e-05 1.000000100000000021e-05 1.000000100000000021e-05 1.000000100000000021e-05 1.000000100000000021e-05 1.000000100000000021e-05 1.000000100000000021e-05
2.191140610715723060e-03 2.624384235181185729e-03 3.019633972445860681e-03 2.239199334563128380e-03 3.435228139269885794e-03 4.086252963750012374e-03 4.368970955700822098e-03 1.264680442515758729e-01 8.541155077967035325e-01 2.181939180429354110e-03 8.054484348619132740e-05 1.000000000000000021e-08 1.000000000000000021e-08 3.376627254192743669e-05 2.284609669925022167e-05 4.040839248313182714e-05 3.671349291015417270e-05 2.284439343701022876e-05 1.000000000000000021e-08 7.213719312159371270e-05 3.568574554825546430e-05 1.215034869527366839e-05 1.000000000000000021e-08 1.000000000000000021e-08 1.000000100000000021e-05 1.000000100000000021e-05 1.000000100000000021e-05 1.000000100000000021e-05 1.000000100000000021e-05 1.000000100000000021e-05 1.000000100000000021e-05 1.000000100000000021e-05 1.000000100000000021e-05 1.000000100000000021e-05 1.000000100000000021e-05 1.000000100000000021e-05 1.000000100000000021e-05
3.193639131961770682e-04 3.380918268198883250e-04 2.061473408886114501e-04 1.897341001880237265e-04 1.155521459328367318e-04 1.850710144325690490e-04 7.576966951239917647e-04 5.448624733550830324e-02 5.050394488436499296e-01 3.844040580999336654e-01 4.791452462685638798e-03 5.139124182113449714e-05 4.433428114000745963e-05 3.812854785222739493e-05 1.000000000000000021e-08 1.000000000000000021e-08 1.000000000000000021e-08 1.000000000000000021e-08 1.000000000000000021e-08 1.000000000000000021e-08 1.000000000000000021e-08 1.000000000000000021e-08 1.000000000000000021e-08 1.000000000000000021e-08 1.000000100000000021e-05 1.000000100000000021e-05 1.000000100000000021e-05 1.000000100000000021e-05 1.000000100000000021e-05 1.000000100000000021e-05 1.000000100000000021e-05 1.000000100000000021e-05 1.000000100000000021e-05 1.000000100000000021e-05 1.000000100000000021e-05 1.000000100000000021e-05 1.000000100000000021e-05
2.460193936244220014e-04 1.754714248228884433e-04 7.676699241183042657e-03 1.000000000000000021e-08 4.489798600978537637e-05 2.030039596796955146e-04 1.578200235403665725e-04 4.628252449116577820e-04 2.564945690887824314e-01 7.637249570359332385e-01 5.730037849395759782e-03 1.377451609161325138e-04 7.914959357616356019e-05 1.000000000000000021e-08 1.000000000000000021e-08 1.000000000000000021e-08 1.000000000000000021e-08 1.000000000000000021e-08 1.000000000000000021e-08 1.000000000000000021e-08 1.000000000000000021e-08 2.349521081815706449e-05 2.055094509603199089e-05 2.037881864551510975e-05 1.000000100000000021e-05 1.000000100000000021e-05 1.000000100000000021e-05 1.000000100000000021e-05 1.000000100000000021e-05 1.000000100000000021e-05 1.000000100000000021e-05 1.000000100000000021e-05 1.000000100000000021e-05 1.000000100000000021e-05 1.000000100000000021e-05 1.000000100000000021e-05 1.000000100000000021e-05
2.634763224991565128e-04 2.763403755966598670e-04 5.555465929975540035e-03 7.490802505768289843e-04 5.873528769159934567e-04 3.770556072300518323e-04 2.716302001601359427e-04 1.947645202093245857e-04 1.293096470552950183e-01 7.258805365290642575e-01 4.704705259991184829e-03 1.000000000000000021e-08 1.347259583797613053e-05 1.000000000000000021e-08 1.000000000000000021e-08 1.000000000000000021e-08 1.000000000000000021e-08 1.000000000000000021e-08 1.000000000000000021e-08 1.000000000000000021e-08 1.000000000000000021e-08 1.000000000000000021e-08 1.633051629825839948e-05 1.000000100000000021e-05 1.000000100000000021e-05 1.000000100000000021e-05 1.000000100000000021e-05 1.000000100000000021e-05 1.000000100000000021e-05 1.000000100000000021e-05 1.000000100000000021e-05 1.000000100000000021e-05 1.000000100000000021e-05 1.000000100000000021e-05 1.000000100000000021e-05 1.000000100000000021e-05 1.000000100000000021e-05
1.303623886968965245e-04 3.460763655202081339e-04 1.309683981968107593e-03 1.024542109877436304e-02 1.000000000000000021e-08 1.953514334586463569e-04 2.499068882710685593e-04 1.682009147609350459e-03 3.802376859270854559e-01 4.633366699258092414e-01 2.977449359098592509e-03 1.000000000000000021e-08 1.000000000000000021e-08 1.000000000000000021e-08 1.000000000000000021e-08 1.000000000000000021e-08 1.000000000000000021e-08 1.000000000000000021e-08 1.000000000000000021e-08 1.000000000000000021e-08 1.000000000000000021e-08 1.466462974493748893e-05 1.401631969463079352e-05 1.000000100000000021e-05 1.000000100000000021e-05 1.000000100000000021e-05 1.000000100000000021e-05 1.000000100000000021e-05 1.000000100000000021e-05 1.000000100000000021e-05 1.000000100000000021e-05 1.000000100000000021e-05 1.000000100000000021e-05 1.000000100000000021e-05 1.000000100000000021e-05 1.000000100000000021e-05 1.000000100000000021e-05
3.593652962355267899e-05 4.734409630384603320e-04 1.148682454468773423e-03 2.660342324795515571e-03 1.595486796618324817e-03 1.786382503309384608e-03 2.682148423902110546e-03 3.822615044447226842e-03 7.736825978704510165e-01 7.581742796760300163e-01 7.543518427490755185e-01 2.054575561981095231e-03 1.000000000000000021e-08 1.000000000000000021e-08 1.000000000000000021e-08 1.000000000000000021e-08 1.000000000000000021e-08 1.000000000000000021e-08 1.000000000000000021e-08 1.000000000000000021e-08 1.000000000000000021e-08 2.314149362858025953e-05 1.440483589852756189e-05 1.000000000000000021e-08 1.000000100000000021e-05 1.000000100000000021e-05 1.000000100000000021e-05 1.000000100000000021e-05 1.000000100000000021e-05 1.000000100000000021e-05 1.000000100000000021e-05 1.000000100000000021e-05 1.000000100000000021e-05 1.000000100000000021e-05 1.000000100000000021e-05 1.000000100000000021e-05 1.000000100000000021e-05
5.659774457998967322e-04 5.166651181525663177e-04 5.175683257659473551e-04 8.407723197108961507e-04 1.681361329665563868e-03 2.071917609680329602e-03 1.369595130489819181e-03 9.545491966339765284e-04 7.684237524424839538e-01 7.439950775643198178e-01 7.501788970726623873e-01 1.090032062137630091e-02 1.000000000000000021e-08 1.000000000000000021e-08 1.000000000000000021e-08 1.000000000000000021e-08 1.000000000000000021e-08 1.000000000000000021e-08 1.000000000000000021e-08 1.000000000000000021e-08 2.473555229289026733e-05 2.453762722493558346e-05 1.404074164128464273e-05 1.000000000000000021e-08 1.000000100000000021e-05 1.000000100000000021e-05 1.000000100000000021e-05 1.000000100000000021e-05 1.000000100000000021e-05 1.000000100000000021e-05 1.000000100000000021e-05 1.000000100000000021e-05 1.000000100000000021e-05 1.000000100000000021e-05 1.000000100000000021e-05 1.000000100000000021e-05 1.000000100000000021e-05
1.000000000000000021e-08 1.257398569084411300e-05 1.468326733118469301e-04 2.098139592147416717e-04 1.039945959575649861e-03 1.151487902241838480e-04 9.270024476553451783e-05 1.166922835937279825e-04 2.771919544555569159e-02 7.156609215936677870e-01 7.346104685736968287e-01 1.260710495317229035e-05 1.698390014374485401e-05 1.000000000000000021e-08 1.000000000000000021e-08 1.000000000000000021e-08 1.000000000000000021e-08 1.000000000000000021e-08 1.000000000000000021e-08 1.000000000000000021e-08 1.000000000000000021e-08 1.000000000000000021e-08 1.493225909210833170e-05 1.000000000000000021e-08 1.000000100000000021e-05 1.000000100000000021e-05 1.000000100000000021e-05 1.000000100000000021e-05 1.000000100000000021e-05 1.000000100000000021e-05 1.000000100000000021e-05 1.000000100000000021e-05 1.000000100000000021e-05 1.000000100000000021e-05 1.000000100000000021e-05 1.000000100000000021e-05 1.000000100000000021e-05
1.000000000000000021e-08 2.298680493748592109e-05 3.922724228134973090e-04 7.038916438856317702e-03 1.034347574873259370e-03 2.885013443887865937e-05 4.376463161946297280e-05 3.570116181557996741e-05 3.775724436482852191e-04 6.435056478368739175e-01 4.159624673169384551e-05 2.528016610026204920e-05 3.263774107258995760e-05 1.000000000000000021e-08 1.000000000000000021e-08 1.000000000000000021e-08 1.418472148709351034e-05 1.363100924881723274e-05 1.000000000000000021e-08 1.000000000000000021e-08 1.000000000000000021e-08 1.000000000000000021e-08 1.000000000000000021e-08 1.065570860767662928e-05 1.000000100000000021e-05 1.000000100000000021e-05 1.000000100000000021e-05 1.000000100000000021e-05 1.000000100000000021e-05 1.000000100000000021e-05 1.000000100000000021e-05 1.000000100000000021e-05 1.000000100000000021e-05 1.000000100000000021e-05 1.000000100000000021e-05 1.000000100000000021e-05 1.000000100000000021e-05
1.986153486039299380e-05 1.555892060984106129e-05 2.127631452894715165e-04 1.938094283216260788e-04 2.304611351044747283e-04 3.119734692406185865e-05 1.000000000000000021e-08 1.820882614665872887e-05 1.650727305792510887e-04 4.721180700051690882e-01 3.523910383010255276e-01 1.757781494697962799e-01 1.750370484433595164e-01 7.889562774909171798e-05 1.000000000000000021e-08 1.000000000000000021e-08 1.000000000000000021e-08 1.000000000000000021e-08 1.000000000000000021e-08 1.000000000000000021e-08 1.000000000000000021e-08 1.000000000000000021e-08 1.000000000000000021e-08 1.000000000000000021e-08 1.000000000000000021e-08 1.000000100000000021e-05 1.000000100000000021e-05 1.000000100000000021e-05 1.000000100000000021e-05 1.000000100000000021e-05 1.000000100000000021e-05 1.000000100000000021e-05 1.000000100000000021e-05 1.000000100000000021e-05 1.000000100000000021e-05 1.000000100000000021e-05 1.000000100000000021e-05
1.239471229149337762e-04 1.274415596603748217e-04 7.691848660168433202e-05 5.450791055997729752e-05 4.924075370411781739e-05 2.767076120138690391e-05 2.604268156628070414e-05 8.912375859572934473e-04 3.869097820959571110e-01 4.257785878643206012e-01 3.421656928096886707e-01 5.144923534030497736e-01 4.381955727335219430e-01 3.576089720196120592e-01 4.436100509197824318e-04 1.000000000000000021e-08 1.000000000000000021e-08 1.000000000000000021e-08 1.000000000000000021e-08 1.000000000000000021e-08 1.000000000000000021e-08 1.000000000000000021e-08 1.000000000000000021e-08 1.000000000000000021e-08 1.000000000000000021e-08 1.000000100000000021e-05 1.000000100000000021e-05 1.000000100000000021e-05 1.000000100000000021e-05 1.000000100000000021e-05 1.000000100000000021e-05 1.000000100000000021e-05 1.000000100000000021e-05 1.000000100000000021e-05 1.000000100000000021e-05 1.000000100000000021e-05 1.000000100000000021e-05
