output/water_depth_8280.asc
ncols 223
nrows 158
xllcorner 0.0
yllcorner 0.0
cellsize 30.0
[rows 68 to 84 of 158, columns 37 to 73 of 223]
1.000000000000000021e-08 1.000000000000000021e-08 1.042312179205505339e-05 1.441076696892115911e-05 1.000000000000000021e-08 1.000000000000000021e-08 1.243110792920345196e-05 1.510710778875500921e-05 1.000000000000000021e-08 1.000000000000000021e-08 1.000000000000000021e-08 1.000000000000000021e-08 1.000000000000000021e-08 1.000000000000000021e-08 2.156232001205357014e-05 1.000000000000000021e-08 1.000000000000000021e-08 1.964274369841605486e-05 1.870471890730040861e-05 1.000000000000000021e-08 1.000000000000000021e-08 1.000000000000000021e-08 2.971800789710845247e-05 1.419559907164352677e-03 2.885653449122899312e-04 1.000000000000000021e-08 1.000000000000000021e-08 1.000000000000000021e-08 1.000000000000000021e-08 1.000000000000000021e-08 1.000000000000000021e-08 1.000000000000000021e-08 1.000000000000000021e-08 1.000000000000000021e-08 1.000000000000000021e-08 1.000000000000000021e-08 1.000000000000000021e-08
1.000000000000000021e-08 1.000000000000000021e-08 1.000000000000000021e-08 1.000000000000000021e-08 1.000000000000000021e-08 1.000000000000000021e-08 1.000000000000000021e-08 1.000000000000000021e-08 1.451377787317064109e-05 2.485676406509368624e-05 3.269743415186287969e-05 1.000000000000000021e-08 1.000000000000000021e-08 2.014751146573197897e-05 2.384792764499564307e-05 1.000000000000000021e-08 1.000000000000000021e-08 1.453402770636328948e-05 1.000000000000000021e-08 1.000000000000000021e-08 1.224375944900953013e-05 1.041035544213071014e-05 2.507855194832824864e-05 3.889353586548899419e-05 1.589794222367809230e-04 1.064836010345091531e-03 1.000000000000000021e-08 1.000000000000000021e-08 1.000000000000000021e-08 1.000000000000000021e-08 1.000000000000000021e-08 1.000000000000000021e-08 6.824132050835268618e-05 4.664368056830463520e-04 7.316508907580719341e-04 7.858332772241585556e-04 6.115911726630277349e-04
1.000000000000000021e-08 1.000000000000000021e-08 1.000000000000000021e-08 1.000000000000000021e-08 1.000000000000000021e-08 1.000000000000000021e-08 1.000000000000000021e-08 1.299592929966743235e-05 2.964769651604796873e-05 3.200632956201849492e-05 2.907880675056709902e-05 4.571074584237236772e-05 2.741099998722305582e-05 2.328820940675957986e-05 1.986352388336927501e-05 2.076285412079103675e-05 4.148735530359295482e-05 1.000000000000000021e-08 1.000000000000000021e-08 1.000000000000000021e-08 1.000000000000000021e-08 4.116142824068628076e-05 2.245042183912866467e-05 3.163306405506095858e-05 1.000000000000000021e-08 1.000000000000000021e-08 1.000000000000000021e-08 1.000000000000000021e-08 1.000000000000000021e-08 2.884980023815878958e-05 2.843345550398481198e-05 3.420270370820157994e-04 5.687707736924088771e-04 5.860464379345936515e-04 5.593959241416169301e-04 6.171426435213269324e-04 8.666422659224018703e-04
1.000000100000000021e-05 2.566796865268121177e-05 1.000000000000000021e-08 1.000000000000000021e-08 1.000000000000000021e-08 1.000000000000000021e-08 1.000000000000000021e-08 1.000000000000000021e-08 1.217422555278926254e-05 1.085275784603213501e-05 1.521749503926307646e-05 2.558523393653247850e-05 6.103055978073538635e-05 4.718270262222796043e-05 4.346004025497207229e-05 5.514323200321627055e-05 1.490282329202606581e-04 2.963092385618277614e-04 1.612605870826018908e-04 1.103788909723577201e-04 6.979920578553165471e-05 1.199753721987299959e-04 1.720617089888248560e-03 1.406182318939023970e-04 8.063183807099080032e-05 1.000000000000000021e-08 1.000000000000000021e-08 1.191037244720740113e-05 1.456526490320723632e-05 8.465686369829553853e-05 1.801501702452391722e-04 4.455788394159340281e-04 4.824322233583743630e-04 4.321402827923521636e-04 4.305171992468320849e-04 5.404250033383367451e-04 5.963250880750033253e-04
2.732354667783483231e-05 6.315858666602474107e-05 4.025484647769769374e-05 2.239746339602207120e-05 1.000000000000000021e-08 1.000000000000000021e-08 1.000000000000000021e-08 1.151301881403286953e-05 9.687752336420180391e-05 8.234077776785467891e-05 1.000000000000000021e-08 1.000000000000000021e-08 1.134899224004416284e-04 2.119824674726039659e-04 2.334992777457702527e-04 2.384017000384552735e-04 1.957056398892782669e-04 1.611216020907861547e-04 1.995477937662968378e-04 1.898287325565611600e-04 1.572897895642556831e-04 8.046094339865509271e-05 2.150606820796965065e-04 2.294752183501256942e-04 2.191236216570458233e-04 1.000000000000000021e-08 6.120651570896449645e-04 5.517660267567360164e-04 7.537940546644546170e-04 7.442327827391687816e-04 1.118889787232596467e-03 5.859123557402139354e-04 4.734829411942668423e-04 3.880014029663608689e-04 2.936137648948829691e-04 2.296893596311621601e-04 2.710665190374179001e-04
3.562119218409782892e-05 2.436161772993492201e-05 5.175046915586144891e-05 1.000000000000000021e-08 1.000000000000000021e-08 1.000000000000000021e-08 1.106909181569243428e-05 3.226890985494011835e-05 1.249326051612221751e-04 2.241306301452421765e-04 1.565471734511009389e-04 1.890193726448750682e-04 1.655612712098948971e-04 1.679256007609996519e-04 9.947334790563825942e-05 8.476852505123030261e-05 6.161594232439773756e-05 4.697348301014708230e-05 4.238752894990344215e-05 1.663930500939980186e-04 2.167432387947729991e-04 1.921416852152505632e-04 1.623244855471622772e-04 4.915580743363492629e-04 5.964296444163506763e-04 7.970370474167893593e-04 5.517497401436893172e-04 3.175762689099259801e-04 2.330541147920072885e-04 2.008579911054367121e-04 1.344546911453151842e-04 1.099598472252038607e-04 8.016057939622567730e-05 6.626761330610892288e-05 6.948590956740837365e-05 5.622511608461843070e-05 4.970171934792279886e-05
1.094892706513231253e-04 1.402908599656589323e-04 1.504695981313694650e-04 1.730920272153650414e-04 1.992763623765191126e-04 2.865416886621892519e-04 3.176735635403106408e-04 2.984239256530149846e-04 2.252023743142508492e-04 1.000000000000000021e-08 1.000000000000000021e-08 1.000000000000000021e-08 1.000000000000000021e-08 1.000000000000000021e-08 1.000000000000000021e-08 1.741055767263301524e-05 2.217225307385786714e-05 1.996093486836585855e-05 1.273817591159014378e-05 1.345631359301710826e-05 1.030066716131293812e-05 1.416523470498288215e-04 2.786172564594854221e-04 3.860857405177238965e-04 3.989092668231615459e-05 1.000000000000000021e-08 1.000000000000000021e-08 1.000000000000000021e-08 1.539423566986190985e-05 1.983678467961427208e-05 2.316526061080689713e-05 1.859690042378737656e-05 1.581016435214392373e-05 1.554522431675900288e-05 1.914700539421203574e-05 1.631659328140272548e-05 1.000000000000000021e-08
1.025310408804012974e-03 6.603305716080296961e-05 5.463765053905454276e-05 4.907468867116707438e-05 4.307131777061184779e-05 3.304963746706215017e-05 2.905897273738419767e-05 1.000000000000000021e-08 1.000000000000000021e-08 1.000000000000000021e-08 1.000000000000000021e-08 1.000000000000000021e-08 1.000000000000000021e-08 1.000000000000000021e-08 1.020024447642452291e-05 1.114927862421208063e-05 2.302279170318263058e-05 2.702807599719994351e-05 2.681703694361983577e-05 2.664645133850545764e-05 2.752648399818721840e-05 3.043247073162014949e-05 8.194516493188729598e-05 1.836881692459284702e-05 1.000000000000000021e-08 1.000000000000000021e-08 1.000000000000000021e-08 1.194568636401831615e-05 1.577874301646370098e-05 1.481871977512850966e-05 1.218995040172113012e-05 2.052413198524599024e-05 1.744707732591692080e-05 1.720689799320803995e-05 1.244570772759573086e-05 1.000000000000000021e-08 1.000000000000000021e-08
1.743933888525231541e-05 3.262403115394405331e-05 1.000000000000000021e-08 1.000000000000000021e-08 1.302868420771880007e-05 1.000000000000000021e-08 1.000000000000000021e-08 1.000000000000000021e-08 1.000000000000000021e-08 1.000000000000000021e-08 1.000000000000000021e-08 1.000000000000000021e-08 1.000000000000000021e-08 1.000000000000000021e-08 1.000000000000000021e-08 1.000000000000000021e-08 1.601184065072647265e-05 5.004094428155960394e-05 5.334499767419481403e-05 4.055838694842997001e-05 4.705400414931219447e-05 1.046817358238975637e-04 1.713390761706977812e-05 1.260051597449547830e-05 1.000000000000000021e-08 1.000000000000000021e-08 1.000000000000000021e-08 1.000000000000000021e-08 1.000000000000000021e-08 1.000000000000000021e-08 1.000000000000000021e-08 1.000000000000000021e-08 1.710333640542402049e-05 2.035357481901336159e-05 2.163145659663227537e-05 1.657749658336680432e-05 1.540480468932058910e-05
1.385587431410225252e-05 2.463885441743636918e-05 3.331796357403040717e-05 2.317184170611758098e-05 2.683579440075017453e-05 3.809444173884777608e-05 3.479650659233428817e-05 2.805164345360584713e-05 2.427012689549967891e-05 1.785911080744834021e-05 1.700397322265204068e-05 1.620314833773830296e-05 1.990694893446106099e-05 1.856265391906580724e-05 2.005787544947657127e-05 1.790847684216378250e-05 2.763410244605178084e-05 4.545633080611955764e-05 5.034038165224941135e-05 6.163991707861168348e-05 5.823071422585135697e-05 1.341730618677609052e-04 1.084870735234870557e-04 1.000000000000000021e-08 1.000000000000000021e-08 1.000000000000000021e-08 1.000000000000000021e-08 1.000000000000000021e-08 1.000135787843370158e-05 1.056827141894749738e-05 1.451925452384147762e-05 1.571086174292461791e-05 2.105299055111300435e-05 2.598581876999443710e-05 2.945833044209002327e-05 2.848293786221980673e-05 4.242751298309371924e-05
1.337521100664068447e-05 2.294022082994569983e-05 3.115365074490591659e-05 1.000000000000000021e-08 1.340334781372385209e-05 2.293444235895345066e-05 5.131634644619880413e-05 4.347360797931705312e-05 4.311182248568711612e-05 1.000000000000000021e-08 5.302155299603362131e-05 8.317056037526835560e-05 7.964139784510395302e-05 9.782699338409843123e-05 1.099190663541065651e-04 1.048583541661774013e-04 8.206412301862601273e-05 6.866209102833779540e-05 9.374008215167406108e-05 7.959429242267575212e-05 7.559661539732398712e-05 9.657482950857881041e-05 1.648781714928680047e-04 1.000000000000000021e-08 1.000000000000000021e-08 1.000000000000000021e-08 1.039605597666100487e-05 1.792336087359575389e-05 1.656232453443299654e-05 1.715770362041575857e-05 2.136532766523916918e-05 2.274498917997665244e-05 2.246897645929015684e-05 1.000000000000000021e-08 2.120338732765837713e-05 2.831123930619184042e-05 2.350998323862786717e-05
1.647149092693510583e-05 2.611057672431256552e-05 2.925216871627181930e-05 2.760897263816249259e-05 1.988336588901654626e-05 1.684499707486179911e-05 1.400478131567366164e-05 4.663907937131185573e-05 9.935838935018829999e-05 5.911374764744987877e-05 5.225287683133566163e-05 4.331183354664207513e-05 5.895586753481874980e-05 5.876064616460159547e-05 1.000000000000000021e-08 1.000000000000000021e-08 1.000000000000000021e-08 1.194823322148565855e-05 2.050303168830994863e-05 1.000000000000000021e-08 1.000000000000000021e-08 6.208164146437124861e-05 1.578567254934370014e-04 1.000000000000000021e-08 1.000000000000000021e-08 1.070594802252433053e-05 2.182016139769386265e-05 1.895958621783560563e-05 1.000000000000000021e-08 1.348223462198701570e-05 2.017989960024365066e-05 2.289574851892030812e-05 2.510814798668803597e-05 1.000000000000000021e-08 1.000000000000000021e-08 1.000000000000000021e-08 1.000000000000000021e-08
2.455000305945979382e-05 2.939672798228508776e-05 2.387664575587993454e-05 1.000000000000000021e-08 1.000000000000000021e-08 1.000000000000000021e-08 1.000000000000000021e-08 1.100752338818754134e-05 1.821258187457724281e-05 1.000000000000000021e-08 1.000000000000000021e-08 1.000000000000000021e-08 1.000000000000000021e-08 1.000000000000000021e-08 1.000000000000000021e-08 1.000000000000000021e-08 1.000000000000000021e-08 1.318668698651489132e-05 1.311382130837296843e-05 1.459792469947075163e-05 1.000000000000000021e-08 5.095318863091288292e-05 1.512974967825728948e-04 1.008495180488588931e-04 5.943785012341797113e-05 3.511780075740109081e-05 4.169610915681045744e-05 2.064251843418824533e-05 1.000000000000000021e-08 1.229766670319716389e-05 2.149318676003136535e-05 2.683982102865841874e-05 1.000000000000000021e-08 1.000000000000000021e-08 1.000000000000000021e-08 1.000000000000000021e-08 1.000000000000000021e-08
1.036096006518583465e-05 2.163591100672542880e-05 1.000000000000000021e-08 1.000000000000000021e-08 1.000000000000000021e-08 1.000000000000000021e-08 1.000000000000000021e-08 1.000000000000000021e-08 1.000000000000000021e-08 1.000000000000000021e-08 1.000000000000000021e-08 1.000000000000000021e-08 1.000000000000000021e-08 1.000000000000000021e-08 1.000000000000000021e-08 1.000000000000000021e-08 1.000000000000000021e-08 1.000000000000000021e-08 1.000000000000000021e-08 1.000000000000000021e-08 1.000000000000000021e-08 1.000000000000000021e-08 1.000000000000000021e-08 7.764650057960562079e-05 6.158375107266079432e-05 4.673364996594976954e-05 4.601757788265487220e-05 1.000000000000000021e-08 1.000000000000000021e-08 1.000000000000000021e-08 1.000000000000000021e-08 1.000000000000000021e-08 1.000000000000000021e-08 1.000000000000000021e-08 1.000000000000000021e-08 1.000000000000000021e-08 1.000000000000000021e-08
1.000000000000000021e-08 1.965846821116698143e-05 1.116081638643130454e-03 6.542036305328076450e-05 5.463402992121075820e-05 1.000000000000000021e-08 1.000000000000000021e-08 1.000000000000000021e-08 1.000000000000000021e-08 1.000000000000000021e-08 1.000000000000000021e-08 1.355598023991459345e-05 2.000320200066071008e-05 2.796480871419746494e-05 3.691165924024049437e-05 3.731916979809852771e-05 3.000280631487358483e-05 2.421287596222025453e-05 2.191405771503359247e-05 1.434911722465308123e-05 2.143824680373137954e-05 5.209581227866577217e-05 9.184304437762674431e-05 1.392784070659328587e-04 1.813545792334391794e-04 1.401430145545731667e-04 1.526425608253966274e-04 9.012183230636845179e-05 5.891008819152383688e-05 4.763370852687215845e-05 1.000000000000000021e-08 1.000000000000000021e-08 1.000000000000000021e-08 1.000000000000000021e-08 1.000000000000000021e-08 1.000000000000000021e-08 1.000000000000000021e-08
1.000000000000000021e-08 1.238806561805800358e-05 2.331057229192651050e-05 2.568943395042118095e-05 1.000000000000000021e-08 1.000000000000000021e-08 1.000000000000000021e-08 1.000000000000000021e-08 1.000000000000000021e-08 1.000000000000000021e-08 1.000000000000000021e-08 1.000000000000000021e-08 1.000000000000000021e-08 1.000000000000000021e-08 1.000000000000000021e-08 3.406804244970760784e-05 5.649492562648200211e-05 5.286326256154932381e-05 4.610315724965173128e-05 4.555173301195083855e-05 5.407792428503951422e-05 4.678257953968628088e-05 7.836923935801648824e-05 9.558144389357297298e-05 7.928821960999470335e-05 1.575619962511542907e-04 2.189399181970683173e-04 2.747663981803902624e-04 3.191997322345714702e-04 2.347426160125297737e-04 1.817091812661682855e-04 1.000000000000000021e-08 1.000000000000000021e-08 1.000000000000000021e-08 1.000000000000000021e-08 1.000000000000000021e-08 1.000000000000000021e-08
1.000000000000000021e-08 1.000000000000000021e-08 1.405523746445575124e-05 2.102458568123822239e-05 2.341103776384623913e-05 1.000000000000000021e-08 1.000000000000000021e-08 1.000000000000000021e-08 1.000000000000000021e-08 1.000000000000000021e-08 1.000000000000000021e-08 1.000000000000000021e-08 1.000000000000000021e-08 1.000000000000000021e-08 1.000000000000000021e-08 1.000000000000000021e-08 1.000000000000000021e-08 1.000000000000000021e-08 3.650196486934726998e-05 5.461507406341302044e-05 7.731237816877967845e-05 1.060687678482945246e-04 8.793072885211232416e-05 6.998344078441948667e-05 1.000000000000000021e-08 1.000000000000000021e-08 1.000000000000000021e-08 1.000000000000000021e-08 3.512404693531382825e-05 2.511035610250838363e-04 2.869781090580809956e-04 2.426928629588791329e-04 1.000000000000000021e-08 1.000000000000000021e-08 1.000000000000000021e-08 1.000000000000000021e-08 1.000000000000000021e-08
