output/water_depth_5280.asc
ncols 223
nrows 158
xllcorner 0.0
yllcorner 0.0
cellsize 30.0
[rows 85 to 101 of 158, columns 74 to 110 of 223]
1.000000000000000021e-08 1.000000000000000021e-08 1.000000000000000021e-08 1.000000000000000021e-08 1.000000000000000021e-08 1.000000000000000021e-08 1.000000000000000021e-08 1.000000000000000021e-08 1.000000000000000021e-08 1.000000000000000021e-08 1.000000000000000021e-08 1.000000000000000021e-08 1.000000000000000021e-08 2.558410847384379316e-05 1.000000000000000021e-08 1.000000000000000021e-08 2.589359385215389813e-04 4.225527550665401379e-04 5.343950387820711777e-05 3.222358893981433568e-05 4.802666963083807451e-05 6.148798002345731381e-05 8.019648981295616152e-05 9.451751590111696856e-05 1.000000000000000021e-08 3.800804079153558105e-05 6.115166759511135141e-05 1.119452274785442394e-03 1.392573929023393782e-04 4.208760189091643685e-04 1.818569398428817306e-04 7.670982289792699187e-04 4.737651289570273634e-04 6.572611223426060110e-04 3.964737741804434906e-04 1.923948046478509604e-03 1.971946650090366441e-04
6.048852256778558447e-04 3.867985666183727648e-04 1.058841963731674144e-03 9.510277175800487264e-05 6.058753437008363146e-05 1.876451170138600103e-05 1.000000000000000021e-08 1.000000000000000021e-08 1.000000000000000021e-08 1.000000000000000021e-08 1.000000000000000021e-08 1.000000000000000021e-08 1.000000000000000021e-08 1.547600800553240326e-05 1.504504760296823282e-05 1.000000000000000021e-08 2.943619405027180598e-04 6.406196157733818697e-04 1.130325752484989416e-03 1.405732395995571435e-03 1.202618780104847823e-03 1.365895086734720534e-04 4.484002672177236866e-05 4.063409659296407322e-05 1.276074933238636590e-05 3.456352017545436748e-05 3.023662979062790909e-05 1.511065183192401482e-04 9.588665225676112035e-04 2.079583324707128835e-04 3.046650986983836379e-04 3.291860139742485997e-04 6.747399412296413651e-04 4.077462340633942724e-04 6.758921600509700759e-04 4.003147934402384004e-04 4.359678044825790726e-04
4.015678495798420504e-05 3.349076251911921754e-04 5.901620122131446449e-04 1.543461588766149644e-03 1.848068475985095054e-04 2.652334640718732959e-04 2.152424173410325383e-04 1.402962717846048990e-04 4.373668763174404196e-05 3.713182912775644305e-05 1.147831650790937851e-05 1.000000000000000021e-08 1.000000000000000021e-08 2.810596051717796051e-05 3.109878823800188739e-05 2.115198257986103663e-05 1.000000000000000021e-08 1.000000000000000021e-08 5.909124526746517472e-04 6.857433292481782518e-04 1.492229299823913825e-03 1.345101574575292532e-03 2.034322912363727457e-04 1.923642556077954718e-04 2.608828603202348524e-04 2.370049351294650428e-04 1.804503141988931083e-04 2.642274580592527083e-04 4.794813814613912550e-04 6.454084249829430270e-04 1.979029461738388181e-03 5.596540228622168180e-04 8.654601555995279161e-04 1.559277507221834384e-03 6.893393947460361732e-04 1.514448260773295588e-03 2.098864051767073465e-04
2.688442826746440710e-04 3.421236309682023323e-04 5.388240469818175553e-04 2.092625607558727587e-03 2.767400707711382274e-03 3.248556702402858199e-03 2.413973974889974117e-03 1.799199275281454773e-03 1.927067132050280405e-03 1.355547589047529419e-03 1.532240353780443343e-03 1.165466365874999553e-03 9.018463397154465131e-04 6.068842190211110607e-04 4.125597846518626408e-04 2.781930714369734269e-05 1.911529422394187200e-04 1.569352087954584561e-05 7.556077159667778801e-04 1.633779593591833806e-03 1.294256211101762078e-03 2.191655634980024109e-03 8.564893405719894385e-04 9.360828049947968145e-04 7.100285787557524420e-04 8.503820622097423530e-04 7.601740958165648229e-04 8.894601273695130605e-04 6.673727603926194818e-04 8.285137164668475614e-04 2.249425637279822872e-03 2.341124729640674685e-03 4.403024445250749530e-04 2.139783252626033944e-04 1.303908661160229319e-03 8.607063603506676357e-04 1.530277056035709519e-03
7.724960034262830320e-04 9.131361556881661826e-04 7.207316456463352863e-04 7.814274312513357600e-04 8.862501269079926802e-04 9.963313476303659391e-04 1.354775494350818213e-03 2.224142528314558467e-03 7.354292323509177033e-04 1.559903375024696698e-03 1.344736427652291205e-03 1.917144815014318587e-03 1.714729713814107988e-03 2.308023043773820698e-03 1.997301359934670548e-03 2.213870599108800925e-03 1.475651543773146002e-03 1.680651287958460482e-03 1.151951221227897129e-03 1.474994187669815974e-03 4.410092276885762587e-03 4.661511763204266405e-03 4.730634591208328875e-03 4.968413710210077897e-03 5.139553124540319727e-03 5.505058635561639949e-03 5.395563470750456767e-03 3.754734642514732847e-03 8.677205911433241714e-04 9.944978949852638535e-04 3.634138114665323542e-03 3.721573131974436309e-03 3.851211426731644162e-03 2.628295550656884784e-03 4.524620173064071785e-03 1.640021860329519401e-03 9.706267898676758637e-04
5.715996009107905283e-04 1.217452216778432605e-03 1.690822552333970906e-03 2.066769819468467894e-03 1.108070536060966945e-03 7.683431758666788578e-04 4.562734465533691930e-04 2.810863354141097340e-04 2.313624823069102693e-03 3.240451714756005562e-04 2.336283718035627572e-04 2.829448817866680229e-04 2.047776353340051946e-04 2.571298027489627184e-04 2.391153281736641911e-04 2.548264829729118917e-03 3.646949370986865384e-03 2.932663841517899484e-03 1.991507303808472303e-03 1.028502031367290641e-03 7.065792284770373508e-04 4.184155313198873361e-04 2.918373950174624567e-04 1.044012500047809074e-04 2.447817545435059666e-03 7.332547058839593811e-04 5.812734122731519132e-04 1.870731476364611429e-03 2.478665371628046600e-03 3.211750245620124695e-03 1.035180207770198960e-03 1.503380347958174768e-03 1.823271426263416931e-03 1.695888105865011198e-03 2.275273468822142965e-03 1.863979445146793975e-03 1.962824608124910837e-03
2.336569355456813977e-04 1.856559637892657454e-04 3.885304006253031094e-04 6.304510134457940373e-04 1.057300871694765148e-03 1.036988102413005349e-03 8.263920208268779946e-04 7.418426237541444080e-04 1.811795617932916800e-03 1.682295651889247762e-03 2.412111164261872861e-04 7.731061434054528982e-05 7.317040689414894120e-05 5.689944456620169412e-05 7.014751943426554277e-05 2.828069249391010885e-04 1.960738953724673627e-04 1.677399249336869284e-03 5.127106289522618968e-04 5.439930682713865848e-04 7.029558886372927733e-04 6.193135248000837317e-04 7.256362322489226654e-04 4.768856859847562212e-04 6.035194825568737523e-04 7.132379492869831425e-05 4.443244408797903408e-05 4.313140446544338076e-05 6.667878001155784040e-05 4.582027651492149309e-04 3.281971502811979291e-04 2.176049658846665046e-04 1.286729904404782746e-03 6.480661501308995591e-04 2.851623676203731209e-03 1.604680643496576593e-03 2.642564681041530486e-03
6.877716078998161230e-05 5.475053084428401948e-05 4.338695751663879357e-05 2.618345889283035791e-05 9.316178743564290914e-04 1.625428653150681269e-03 2.202993813048845142e-03 2.573966023814004168e-03 3.331172535786878705e-03 2.645571808217759419e-03 4.330427037859073923e-04 3.585977536286031491e-04 1.332897348002298895e-04 1.141733480737290119e-04 9.295247969761385261e-05 1.756591591208276997e-04 1.480081377054294804e-04 6.219241638348035157e-04 9.294705556334230097e-04 1.284657588462707629e-03 1.061323638990723482e-03 1.236147123895449396e-03 4.232446196026891177e-04 1.636525688570298004e-03 1.058407846760515579e-03 9.994140278212149597e-05 7.767755366171076581e-05 1.165154817597940907e-04 5.103290464829258110e-04 3.077738004247142028e-04 2.428635805345774775e-04 3.731009840158950957e-05 9.662916549121026120e-04 3.572652896666003112e-03 3.239168554393579823e-03 9.761069668921196684e-04 1.423897255327324311e-03
2.119013686843172094e-05 2.224877902146829269e-05 1.000000000000000021e-08 1.390121744482376003e-05 1.099386178814276802e-05 1.751696110969401434e-04 9.473530473184103200e-05 7.552868137149848840e-05 3.836099085946487164e-04 2.023579724293866379e-03 1.016108518369466217e-03 4.320295118963636831e-04 4.761884423518513310e-04 1.819747512345461986e-04 3.015003140811725927e-04 5.119254234889829107e-04 8.023423154651760595e-04 7.185471521583568135e-04 9.802648825924093184e-04 7.231739802094213580e-04 4.931173114900326082e-04 4.986849864069983979e-04 1.204823510017479470e-03 1.145148761446446607e-03 2.708446652001950030e-03 1.859182185384756613e-03 1.247417982956817084e-03 2.296174957462991488e-04 2.383401641777715008e-04 2.005791457301655026e-04 2.589791097444911114e-04 2.023562071299875309e-04 4.381552368333857159e-04 3.411381530208772183e-04 4.362784189012930934e-03 4.478966375225344743e-03 8.267724879018398384e-04
1.458889866354854119e-05 2.796362517118606281e-05 1.000000000000000021e-08 1.000000000000000021e-08 1.000000000000000021e-08 1.000000000000000021e-08 1.000000000000000021e-08 1.000000000000000021e-08 3.931021019971837752e-05 3.817555587211315959e-04 5.810118732580724999e-04 1.159417784339898195e-03 1.405192926472721877e-03 1.052627370315893174e-03 7.814130888710137460e-04 3.374847456487707381e-04 4.580266545186634653e-05 3.843345366409194562e-05 3.057614616520260844e-05 1.621696219701402523e-04 4.896864771252967645e-04 7.189168528908661130e-04 7.349408088719759169e-04 1.119828197068005807e-03 7.066707546492829051e-04 7.941328724269502547e-04 3.630012269231671089e-04 2.954014342978343892e-04 9.659735720808718942e-05 1.730429738011576997e-04 7.325217172418815306e-04 1.490958672144156703e-04 1.730578117609765600e-04 2.104812907925866447e-04 8.032915259104621286e-04 3.985466800097699908e-03 4.311877318616834723e-03
1.000000000000000021e-08 3.556982260389148214e-05 1.000000000000000021e-08 1.000000000000000021e-08 1.000000000000000021e-08 1.000000000000000021e-08 1.010734477415031170e-05 2.624612522829284617e-05 1.000000000000000021e-08 3.702827083672907991e-05 4.647332193900466000e-04 2.059583600412393716e-04 2.458548228330915877e-04 3.653723042716752658e-03 2.844198635654458795e-03 5.024844746534431594e-04 4.021289417634488781e-04 1.362516391760769147e-04 2.223193378664965639e-04 1.833983382423429154e-04 3.070428335561315543e-04 2.453716562644496632e-04 1.705628960239361706e-04 1.041950313423641977e-04 6.137911958144505161e-04 4.383922738227576674e-04 6.552675186519689877e-04 2.948498471611276208e-04 3.317540683626919945e-04 2.605015528590239201e-04 1.094438912414508842e-03 7.363298147303236557e-04 3.930033322545806239e-04 4.505727405693266694e-04 2.659001860393238781e-04 7.009681541385091950e-04 2.484015119676458421e-03
1.000000000000000021e-08 1.000000000000000021e-08 3.710337402476259156e-05 4.421427484267998739e-05 5.973771379962986429e-05 5.961709475365994411e-05 6.753414421462778261e-05 4.717627472555060763e-05 3.622574278545812705e-05 1.000000000000000021e-08 5.508246674806525201e-05 5.393466437183590896e-05 7.123248821091044487e-05 3.400639525089122796e-04 3.002866913942790999e-04 5.458682559980496075e-04 2.938992987946841711e-04 3.648230655571687566e-04 1.188523099405262943e-04 1.066979592069457227e-04 3.528669407015195213e-05 4.138923904551502413e-05 1.667439395612404542e-04 1.930494170788055078e-04 2.519119014162022143e-04 5.862188463097685797e-04 3.860913757196984906e-04 5.779888771808589648e-04 2.823705404614982499e-04 4.728524162945881622e-04 1.440213005774107350e-04 9.774963397959333955e-05 1.830585469985576902e-04 1.437862080459012483e-04 6.643433382071548465e-04 6.222070314768245658e-04 3.734682868798930061e-04
1.000000000000000021e-08 1.000000000000000021e-08 3.284900920019205074e-05 5.428951044557450234e-05 4.087844561519591766e-05 3.052167349478546225e-05 2.276346237174279688e-05 4.971087505557074540e-05 4.232424524739448519e-05 3.066361821465525030e-05 7.266257511502708386e-05 1.093226837684723249e-04 8.795688366087748569e-05 3.370043685989497170e-05 4.158678081792281244e-04 2.987127848665664014e-04 5.032978623917584715e-04 2.695157660708327567e-04 3.289896793869703101e-04 1.351401233528628468e-04 1.448889184209078463e-04 5.793024730237894944e-05 1.126453111100412017e-04 2.414812767419485719e-04 6.813614159878673190e-04 3.968716705175872835e-04 6.640296472034770171e-04 3.862782817532776545e-04 5.682485261826360212e-04 7.524337873880522715e-04 9.757525948129077819e-04 1.607884618667660575e-04 5.497615805559509798e-05 1.048455287463155063e-04 6.958764777310290015e-04 8.094676239436403731e-05 2.908222255765979705e-04
1.504292526933020359e-05 1.000000000000000021e-08 4.413918176752218187e-05 1.000000000000000021e-08 2.060856571161793780e-05 1.232601247680071228e-05 1.670920621002360037e-05 1.574808122505221960e-05 4.019575037761836250e-05 6.698354422220419982e-05 1.476395356614589288e-04 1.432260604231255557e-04 1.467693609457287537e-04 1.292586815800221458e-04 1.654331961793178534e-05 4.981525111933201742e-04 3.116264687572992131e-04 4.932622981665965101e-04 2.555140354382874840e-04 3.320656915169379903e-04 1.480542166907585465e-04 1.752352455128640928e-04 5.660598061237497660e-05 1.164116217474783251e-04 1.580904460952208749e-04 4.365887404615465851e-04 8.040583573421140884e-04 1.500202439984666281e-03 1.886212180308680705e-03 2.633823579000666402e-03 3.130113711268742594e-03 4.545273804762354694e-03 4.017722087002773522e-03 3.946381586253285174e-03 2.630403851312339107e-03 2.821171603072309894e-03 3.924374120509982640e-03
3.620283621791520770e-05 1.863651498308523780e-05 4.803059130348282066e-05 1.000000000000000021e-08 1.000000000000000021e-08 1.000000000000000021e-08 1.000000000000000021e-08 1.000000000000000021e-08 1.000000000000000021e-08 1.605555314829122088e-05 4.820720057571151776e-05 1.805350951764854862e-04 1.866566126104841200e-04 1.862600173678210440e-04 2.043503447242990873e-05 2.293209773693106671e-05 2.824305912498817545e-04 2.408731807997339448e-04 4.218456818168661061e-04 5.660354412609243900e-04 4.960301338432476347e-04 2.085445905092420235e-04 2.251062864375636460e-04 7.217821021567144796e-05 6.779490439105960897e-05 3.858351682054538597e-04 6.430628780588978520e-04 8.498050335842633266e-04 1.034113404895150093e-03 8.054422281258381703e-04 9.652020188635236642e-04 2.000834345565980724e-03 5.236250548582767773e-04 1.280201783830233917e-03 2.077422557324968503e-03 2.027767865421307297e-03 3.315328535002741960e-03
1.243709662998833203e-04 2.577440420083192788e-05 1.000000000000000021e-08 1.000000000000000021e-08 1.000000000000000021e-08 1.000000000000000021e-08 1.000000000000000021e-08 1.000000000000000021e-08 1.000000000000000021e-08 1.000000000000000021e-08 1.357468842387705673e-05 2.451262784489715394e-05 1.000000000000000021e-08 1.000000000000000021e-08 1.000000000000000021e-08 1.799174514202745117e-05 9.346973857139812751e-05 2.843336741004080922e-04 2.193228367096810986e-04 2.240902897559840490e-04 2.237056183372826759e-04 3.673261228966013831e-04 4.515598068865041498e-04 6.541961863885480512e-04 1.665811432072626707e-03 1.257189833577137357e-03 9.977562400227220005e-04 6.957641844349686825e-04 6.375595125705159783e-04 4.394454111632493942e-04 3.740929895380254899e-04 4.672310922122170689e-05 8.616675412666141456e-05 2.044193172262074427e-04 2.387333009861043460e-04 4.475316666869261326e-04 5.218605995676168759e-04
1.110166651833324427e-04 1.077119136651022202e-04 1.077028237914097822e-04 1.000000000000000021e-08 1.000000000000000021e-08 1.000000000000000021e-08 1.000000000000000021e-08 1.000000000000000021e-08 1.000000000000000021e-08 1.000000000000000021e-08 1.000000000000000021e-08 1.000000000000000021e-08 1.000000000000000021e-08 1.000000000000000021e-08 1.255744383602409769e-05 1.000000000000000021e-08 7.959253991257652684e-05 1.131780391818992273e-04 2.829273343237813701e-04 1.577224936414677145e-04 3.243349174182764538e-04 2.148630132679827200e-04 3.910461252541550664e-04 3.534188110338195676e-04 7.150244505223357768e-04 1.829942773467137761e-03 1.425433295819588048e-03 1.107843688876101193e-03 3.488200980561008207e-05 4.988316639841174256e-05 3.938942066633767261e-05 5.158892026404992903e-05 4.577105699430503356e-05 2.217866164135136504e-04 3.167880988010678351e-04 2.415382502431895502e-04 5.908365054330021659e-04
