output/water_depth_3600.asc
ncols 223
nrows 158
xllcorner 0.0
yllcorner 0.0
cellsize 30.0
[rows 136 to 152 of 158, columns 37 to 73 of 223]
1.020146718206047925e-05 1.000000000000000021e-08 1.000000000000000021e-08 1.000000000000000021e-08 1.000000000000000021e-08 1.000000000000000021e-08 1.000000000000000021e-08 1.000000000000000021e-08 1.780789612082527067e-05 2.538994481839966185e-05 1.000000000000000021e-08 5.260241760993362889e-05 1.000000000000000021e-08 1.000000000000000021e-08 1.000000000000000021e-08 1.000000000000000021e-08 1.000000000000000021e-08 1.000000000000000021e-08 1.000000000000000021e-08 1.000000000000000021e-08 1.000000000000000021e-08 1.124615364917565674e-05 3.763870100316863375e-05 1.000000000000000021e-08 1.000000000000000021e-08 1.000000000000000021e-08 1.451337837956724130e-05 1.386559225564993215e-03 1.111161859908217382e-03 4.289058689107012878e-03 9.509793825083037375e-03 6.822992327393124709e-03 1.250652450681309646e-02 1.326880268824860960e-05 1.699876162406214968e-05 1.921860818221491463e-05 1.000000000000000021e-08
1.000000000000000021e-08 1.000000000000000021e-08 1.000000000000000021e-08 1.000000000000000021e-08 1.000000000000000021e-08 1.000000000000000021e-08 1.000000000000000021e-08 1.000000000000000021e-08 1.015302815184294705e-05 1.819237515960416899e-05 1.000000000000000021e-08 2.614002984340653131e-05 4.462779905181966353e-05 1.000000000000000021e-08 1.000000000000000021e-08 1.000000000000000021e-08 1.000000000000000021e-08 1.000000000000000021e-08 1.000000000000000021e-08 1.000000000000000021e-08 1.000000000000000021e-08 1.000000000000000021e-08 1.080593429983359071e-05 1.587174774682718548e-05 4.792925123000586892e-04 8.014315482303718439e-05 9.846216815987031282e-05 2.238798391175568243e-03 1.392124598555352210e-03 9.901149337885661872e-03 9.407791889366242527e-03 8.088879003169006932e-03 4.255230293740017156e-03 1.000000000000000021e-08 1.000000000000000021e-08 1.034679839817480991e-05 1.000000000000000021e-08
1.000000000000000021e-08 1.000000000000000021e-08 1.000000000000000021e-08 1.000000000000000021e-08 1.000000000000000021e-08 1.000000000000000021e-08 1.000000000000000021e-08 1.000000000000000021e-08 1.000000000000000021e-08 1.097962405580225412e-05 1.000000000000000021e-08 1.118997081340765950e-05 4.157159348534383543e-05 1.000000000000000021e-08 1.000000000000000021e-08 1.000000000000000021e-08 1.000000000000000021e-08 1.000000000000000021e-08 1.000000000000000021e-08 1.000000000000000021e-08 1.000000000000000021e-08 1.000000000000000021e-08 1.000000000000000021e-08 5.879877929233551150e-04 1.156990510501764878e-03 4.421448433146201763e-03 7.546365177182498898e-03 1.212472911507498502e-02 1.501998137484627030e-02 1.474930628203707274e-02 1.062190496108106688e-02 4.750416299741301612e-05 1.120064189743525377e-04 1.000000000000000021e-08 1.000000000000000021e-08 1.000000000000000021e-08 1.000000000000000021e-08
1.000000000000000021e-08 1.000000000000000021e-08 1.000000000000000021e-08 1.000000000000000021e-08 1.000000000000000021e-08 1.000000000000000021e-08 1.000000000000000021e-08 1.000000000000000021e-08 1.122130433720377706e-05 1.000000000000000021e-08 1.000000000000000021e-08 1.161921045631751400e-05 3.771114966060075115e-05 7.416887682619377681e-05 1.000000000000000021e-08 1.000000000000000021e-08 1.000000000000000021e-08 1.000000000000000021e-08 1.000000000000000021e-08 1.000000000000000021e-08 1.000000000000000021e-08 1.000000000000000021e-08 1.000000000000000021e-08 3.242678074178801588e-04 2.494379505839154978e-03 2.094302464737339900e-03 4.149695607016473664e-03 3.106391019847304369e-03 7.615991226293175945e-03 7.199813847755053876e-03 2.056005158477122122e-03 5.448651131578434963e-05 9.119485545981771061e-05 1.168640425922008415e-04 7.097693332971610433e-05 1.000000000000000021e-08 1.000000000000000021e-08
1.000000000000000021e-08 1.000000000000000021e-08 1.000000000000000021e-08 1.091651893093991631e-05 1.000000000000000021e-08 1.000000000000000021e-08 1.000000000000000021e-08 1.000000000000000021e-08 1.000000000000000021e-08 1.000000000000000021e-08 1.000000000000000021e-08 1.000000000000000021e-08 3.630505077842389750e-05 6.118971694926713897e-05 7.993263776894601891e-05 1.000000000000000021e-08 1.000000000000000021e-08 1.000000000000000021e-08 1.000000000000000021e-08 1.000000000000000021e-08 1.000000000000000021e-08 1.000000000000000021e-08 1.000000000000000021e-08 1.012473530526497145e-03 1.547819578246860742e-03 3.835299762237015173e-03 2.954740194897440605e-03 4.963752850942170988e-03 4.837469267148611016e-03 3.470661332650363303e-03 1.469296296883058029e-05 1.000000000000000021e-08 1.000000000000000021e-08 1.208844990312389969e-04 6.857801863869715953e-05 5.196569974496551112e-05 4.047587250350705992e-05
1.000000000000000021e-08 1.000000000000000021e-08 1.000000000000000021e-08 1.000000000000000021e-08 1.984841444959147780e-05 1.000000000000000021e-08 1.000000000000000021e-08 1.000000000000000021e-08 1.319771194509604453e-05 1.000000000000000021e-08 1.000000000000000021e-08 1.000000000000000021e-08 3.355997509715361737e-05 5.198598499494578722e-05 5.270312845218720079e-05 4.143903010244066903e-05 1.000000000000000021e-08 1.000000000000000021e-08 1.000000000000000021e-08 1.000000000000000021e-08 1.033914720578892211e-05 1.830712654596354367e-05 3.162783341509204580e-05 1.210975242529287003e-03 3.887097421932486294e-03 3.065332337666071359e-03 5.061414880717871219e-03 3.064007940904917883e-03 3.594812761208915092e-03 9.780633816041293081e-04 1.000000000000000021e-08 1.672669281835052963e-05 1.000000000000000021e-08 5.400088478439579883e-05 3.609581886019738777e-05 3.478656182581802786e-05 3.819939156198952243e-05
1.000000000000000021e-08 1.236282727654245078e-05 1.000000000000000021e-08 1.000000000000000021e-08 1.297678931732392668e-05 2.138549647877667563e-05 7.453837030488419239e-05 1.194298575788062787e-04 1.000000000000000021e-08 1.423980350406088094e-05 2.108985874363794057e-05 2.455468963347502340e-05 3.157662354236143176e-05 3.243428380183559679e-05 2.930921393384803344e-05 1.000000000000000021e-08 1.000000000000000021e-08 1.000000000000000021e-08 1.117725237778376133e-05 2.455511338377484341e-05 3.373063570190390872e-05 3.525847952624085223e-05 2.682801795238328108e-05 3.762275105361841468e-03 3.644407820676861219e-03 4.868755476315947406e-03 3.702571959335623081e-03 3.778353610782016897e-03 2.130604512157010093e-05 2.113023056936285025e-05 1.000000000000000021e-08 2.934474858656259280e-05 8.193732235712422791e-05 6.281411846923608809e-05 1.527918551651468744e-05 1.000000000000000021e-08 3.665492124714858570e-05
1.000000000000000021e-08 1.000000000000000021e-08 1.470506134727329741e-05 1.000000000000000021e-08 1.000000000000000021e-08 1.121761712738915145e-05 2.432234896256641558e-05 8.246187897002352424e-05 1.000000000000000021e-08 1.000000000000000021e-08 1.000000000000000021e-08 1.018607323817412826e-05 1.011989588264797128e-05 1.000000000000000021e-08 1.000000000000000021e-08 1.000000000000000021e-08 1.000000000000000021e-08 1.009847428805444545e-05 5.169489367481542360e-04 2.250165090933604981e-03 2.319117503884436660e-03 1.591844363887420875e-03 9.696174656694676181e-03 1.002162641765979439e-02 6.782806404020317800e-03 2.503870404125421549e-03 1.987415540481106239e-03 1.599507071150581316e-03 1.000000000000000021e-08 1.714818026084852410e-05 1.984975362780445822e-05 1.000000000000000021e-08 4.599530050243431299e-05 8.107339264820408577e-05 2.074882758302136056e-05 1.000000100000000021e-05 1.000000100000000021e-05
1.000000000000000021e-08 1.000000000000000021e-08 1.000000000000000021e-08 1.000000000000000021e-08 1.000000000000000021e-08 1.000000000000000021e-08 1.092770687180582357e-05 1.000000000000000021e-08 1.246662783960304942e-05 1.821397396161542566e-05 2.608498601153119839e-05 3.098878851784878232e-05 1.000000000000000021e-08 1.000000000000000021e-08 1.000000000000000021e-08 1.000000000000000021e-08 1.000000000000000021e-08 4.037749748393111489e-05 1.738996418129893588e-03 5.100476305218552310e-03 7.375075114907066534e-03 1.149084627067357804e-02 5.556874109136147877e-03 8.471010307082103841e-03 4.461029583631964516e-04 4.890785473047943894e-05 1.643790082952014528e-05 3.065324246007264847e-05 1.000000000000000021e-08 1.000000000000000021e-08 1.471205971518525099e-05 1.000000000000000021e-08 3.915205715197915402e-05 3.317447839405546705e-05 2.777584542905613249e-05 1.000000100000000021e-05 1.000000100000000021e-05
9.080318178320145200e-05 1.362227644651691166e-04 1.000000000000000021e-08 1.000000000000000021e-08 1.000000000000000021e-08 1.000000000000000021e-08 1.938018556972047270e-05 1.000000000000000021e-08 1.000000000000000021e-08 1.000000000000000021e-08 1.000000000000000021e-08 1.000000000000000021e-08 1.000000000000000021e-08 1.000000000000000021e-08 4.414884724742607937e-03 2.912712227322253929e-03 1.758507877509194947e-03 4.384282868453560564e-03 6.096896110360469981e-03 3.552719762081502260e-03 4.046120985534898754e-03 1.677926553616128358e-03 1.687399046766569367e-03 1.260364322310360621e-03 6.756324798086455179e-04 1.547360601225867768e-05 3.719899681675304726e-05 1.000000000000000021e-08 1.000000000000000021e-08 1.000000000000000021e-08 1.547611745034438107e-05 1.000000000000000021e-08 2.810111205018293165e-05 1.000000000000000021e-08 1.000000000000000021e-08 1.000000100000000021e-05 1.000000100000000021e-05
3.106099837774434539e-05 4.263431103183833827e-05 1.000000000000000021e-08 1.753399572858627717e-05 1.000000000000000021e-08 7.951205147413817516e-04 7.378184139111972030e-04 6.751263439883951282e-04 5.686161092959654041e-05 7.686283129530324806e-05 2.464826749354328493e-05 2.137150694586802111e-05 1.894847087891307988e-05 3.083941101750888080e-05 4.314273758544868824e-03 9.925338249496802254e-03 7.216075334577806179e-03 7.652833677262758406e-03 5.132977849151383262e-03 3.928153842066935478e-03 1.370366177621364263e-03 1.126611518262182754e-03 3.485457885025198058e-04 2.935948430322069176e-04 2.466182821095626960e-04 5.714496030911073512e-05 4.456030810926847277e-05 6.336653746671474575e-05 1.000000000000000021e-08 1.000000000000000021e-08 1.000000000000000021e-08 8.269225847369521991e-05 1.334151896855290019e-05 4.502456153231607609e-05 1.000000100000000021e-05 1.000000100000000021e-05 1.000000100000000021e-05
6.819518249443662936e-05 1.000000000000000021e-08 1.705508073717447188e-03 3.129333698887093364e-03 2.839770829909047441e-03 3.949814884359638748e-03 4.878963367288130515e-03 6.820626438445738689e-03 6.594823972510120702e-03 8.365832339680976185e-03 7.622869462953178396e-03 9.352758261849534321e-03 8.455620910467198659e-03 1.031669419487580425e-02 9.492622736206712819e-03 2.966717013163147881e-03 1.962243819946885796e-03 6.281405301467092063e-04 5.313228674407621029e-04 1.662158730824603531e-04 2.687661346179357033e-04 1.000000000000000021e-08 1.000000000000000021e-08 1.000000000000000021e-08 1.000000000000000021e-08 5.860967067574049676e-05 3.138759196540712252e-05 5.302689887164786022e-05 1.000000000000000021e-08 1.000000000000000021e-08 1.000000000000000021e-08 3.902119973342937860e-05 1.000000100000000021e-05 1.000000100000000021e-05 1.000000100000000021e-05 1.000000100000000021e-05 1.000000100000000021e-05
2.756407069375893767e-05 1.004424136632580322e-03 1.301248677315800092e-03 3.687706857532023052e-03 1.317534544186192182e-03 2.214831237824410343e-03 3.604983790236833841e-03 2.835749348748772304e-03 7.057968863613992786e-04 2.579642442082836530e-04 2.484523363319208361e-04 8.555497423150540610e-05 7.172283513083731643e-05 2.856872164054546497e-05 6.015147527631759449e-04 1.000000000000000021e-08 1.000000000000000021e-08 1.000000000000000021e-08 1.000000000000000021e-08 1.000000000000000021e-08 1.000000000000000021e-08 1.000000000000000021e-08 1.055025971211455866e-05 1.000000000000000021e-08 1.142032927644307918e-05 3.135680449417703475e-05 1.000000000000000021e-08 6.112662950517843677e-05 1.000000100000000021e-05 1.000000100000000021e-05 1.000000100000000021e-05 1.000000100000000021e-05 1.000000100000000021e-05 1.000000100000000021e-05 1.000000100000000021e-05 1.000000100000000021e-05 1.000000100000000021e-05
5.392482647789641030e-03 4.705325096445420012e-03 4.757658100218946536e-03 2.952718645175869336e-03 2.922180636475140737e-03 1.036958876552226353e-03 2.437515330549310487e-03 1.543759244064803974e-03 1.903878867663908185e-04 1.217784559150273549e-04 3.746495542093687697e-05 3.161471827294381418e-05 1.000000000000000021e-08 2.209774569845961422e-05 3.581193741733141499e-05 1.000000000000000021e-08 1.000000000000000021e-08 1.925153127700615887e-05 1.000000000000000021e-08 1.000000000000000021e-08 1.000000000000000021e-08 1.000000000000000021e-08 1.000000000000000021e-08 1.000000000000000021e-08 1.000000000000000021e-08 1.462561499203311852e-05 6.645591094933640331e-05 1.000000100000000021e-05 1.000000100000000021e-05 1.000000100000000021e-05 1.000000100000000021e-05 1.000000100000000021e-05 1.000000100000000021e-05 1.000000100000000021e-05 1.000000100000000021e-05 1.000000100000000021e-05 1.000000100000000021e-05
1.438055445546150470e-04 4.474297774072846123e-05 3.809227420944874055e-05 2.250088292455044146e-04 1.520833993753606096e-05 1.000000000000000021e-08 1.000000000000000021e-08 1.000000000000000021e-08 1.000000000000000021e-08 1.000000000000000021e-08 1.000000000000000021e-08 1.000000000000000021e-08 1.664792129831650430e-05 1.962536279888977739e-04 2.713361146624946942e-05 1.000000000000000021e-08 1.000000000000000021e-08 1.054919709975922644e-05 1.000000000000000021e-08 1.000000000000000021e-08 1.000000000000000021e-08 1.000000000000000021e-08 1.000000000000000021e-08 1.000000000000000021e-08 1.000000000000000021e-08 1.194167845727708866e-05 1.000000100000000021e-05 1.000000100000000021e-05 1.000000100000000021e-05 1.000000100000000021e-05 1.000000100000000021e-05 1.000000100000000021e-05 1.000000100000000021e-05 1.000000100000000021e-05 1.000000100000000021e-05 1.000000100000000021e-05 1.000000100000000021e-05
1.000000000000000021e-08 1.000000000000000021e-08 1.000000000000000021e-08 5.655673930124061353e-05 7.272483506901213925e-05 1.000000000000000021e-08 1.000000000000000021e-08 1.000000000000000021e-08 1.000000000000000021e-08 1.000000000000000021e-08 1.000000000000000021e-08 1.000000000000000021e-08 1.356793253993106764e-05 1.415015027089797897e-04 3.228958997752425446e-05 1.000000000000000021e-08 1.000000000000000021e-08 1.000000000000000021e-08 1.000000000000000021e-08 1.000000000000000021e-08 1.000000000000000021e-08 1.000000000000000021e-08 1.264698232024842420e-05 1.000000100000000021e-05 1.000000100000000021e-05 1.000000100000000021e-05 1.000000100000000021e-05 1.000000100000000021e-05 1.000000100000000021e-05 1.000000100000000021e-05 1.000000100000000021e-05 1.000000100000000021e-05 1.000000100000000021e-05 1.000000100000000021e-05 1.000000100000000021e-05 1.000000100000000021e-05 1.000000100000000021e-05
4.696977368969074119e-05 5.126269298948695283e-05 6.658239964688290934e-05 5.985652465411882614e-05 5.932362431549378045e-05 1.000000000000000021e-08 1.000000000000000021e-08 1.000000000000000021e-08 1.000000000000000021e-08 1.000000000000000021e-08 1.000000000000000021e-08 1.000000000000000021e-08 1.000000000000000021e-08 1.407644588860225063e-04 2.265307141003938560e-05 1.000000000000000021e-08 1.000000000000000021e-08 1.000000000000000021e-08 1.000000000000000021e-08 1.000000000000000021e-08 2.233580094406122918e-05 1.000000000000000021e-08 1.344751418675811888e-04 1.000000100000000021e-05 1.000000100000000021e-05 1.000000100000000021e-05 1.000000100000000021e-05 1.000000100000000021e-05 1.000000100000000021e-05 1.000000100000000021e-05 1.000000100000000021e-05 1.000000100000000021e-05 1.000000100000000021e-05 1.000000100000000021e-05 1.000000100000000021e-05 1.000000100000000021e-05 1.000000100000000021e-05
