output/water_depth_1320.asc
ncols 223
nrows 158
xllcorner 0.0
yllcorner 0.0
cellsize 30.0
[rows 119 to 135 of 158, columns 148 to 184 of 223]
3.334013044739203482e-03 5.832829184546806968e-03 1.001338993742862012e-02 1.157852547232546270e-02 2.016379236200330563e-02 2.008222667603468820e-02 1.617786109361342775e-02 1.013058151681213784e-02 7.967030899301676475e-03 5.119979747820275519e-03 6.835208461012997477e-03 3.936578797806978940e-03 7.343465346010361397e-03 5.101909747057802730e-03 5.018208643743632749e-03 6.041269796891794025e-03 8.591024862447374857e-03 8.274797400416150292e-03 7.963180278128327919e-03 2.067313468379068930e-01 1.113170404122092692e-03 4.294201416885099019e-04 3.646280176446801188e-03 1.323046896444100623e-03 1.075436288819125660e-04 1.069537671458630195e-03 8.435134064746033786e-04 4.336362559822051527e-04 2.870835663367736902e-04 9.580113489400208257e-05 2.990071148480205306e-04 1.744734694473289865e-04 1.849778416630167488e-04 1.673214901299729365e-04 2.417550130985078659e-04 8.973342265589877818e-04 8.178804327269235171e-04
2.772023027964335903e-03 6.605435223181010777e-03 6.095112932787832838e-03 2.181174662486592974e-02 2.784159973783382341e-02 1.963310377344309327e-02 1.083297898179634913e-02 7.508690500154083236e-03 3.817403359407369780e-03 5.487905351944191192e-03 4.311935972907150055e-03 4.965558411032082627e-03 4.771704293842399941e-03 4.704213766543471550e-03 2.784860407699179651e-03 5.032178131449556967e-03 4.572039711353188124e-03 5.064248283745588150e-03 3.830204566586125920e-03 4.586584311357970109e-03 1.370516037801988382e-04 9.452685937745186791e-04 6.687229785259520649e-04 4.264312598104197166e-04 6.388614019103443144e-04 7.663481251114421773e-04 6.114855171378507075e-04 2.572097203063523213e-04 4.112348984764279823e-04 4.569708805282571978e-04 1.931318475182082332e-04 1.837677023842709616e-04 2.675423085728780861e-04 3.660602837114890098e-04 4.524165099699960007e-04 4.370764656876705554e-04 7.413124092001758527e-04
3.404281846111811144e-03 4.798218658054080772e-03 1.343887875923682057e-02 3.576808601399008442e-02 3.286306751362105816e-02 1.019268232060115825e-02 1.239589726254857176e-03 1.138299769577674541e-03 2.453809098553178143e-03 2.816574386384374656e-03 3.967469399201179435e-03 3.337949653133024438e-03 5.593394474890944941e-03 3.276540942311078654e-03 2.963849155942544639e-03 3.592351143141199552e-03 4.232311751129741624e-03 2.066175372498287813e-03 2.536574640366097595e-03 1.598966891637992448e-03 7.914431517452697427e-04 3.586548061790024869e-04 5.756739952209305846e-04 1.260139887082803011e-04 1.409838968455995366e-04 4.754476987070079853e-04 3.992502154704690234e-04 1.333797285479408189e-04 2.945840118590987967e-04 3.199304494619233086e-04 1.968503279284437185e-04 3.902747716429941010e-04 1.160051270334537142e-03 1.705454865703029139e-03 2.872142648783843760e-03 1.553523220858567776e-03 1.572176334457066641e-03
2.589045517233080039e-03 8.757305095005217185e-03 1.651332893398680182e-02 5.813143491001754315e-02 2.519997189555128921e-03 2.621773064835956901e-03 1.081642408333343113e-03 1.877998350852679672e-03 1.516954873114977065e-03 2.430293636765078636e-03 2.506231825864705005e-03 3.147394213543474976e-03 3.006997447210759712e-03 4.367628800605843908e-03 1.837177386770382816e-03 2.712593191742345648e-03 2.649410523477721286e-03 4.993291925207601466e-04 1.063032502250204530e-03 6.357700242489020600e-04 7.273939601748168320e-04 3.856259408041872220e-04 2.775682018120542737e-04 7.711557741548045639e-05 9.899821533376270560e-05 1.652732284857746134e-04 3.452667967351122358e-04 7.547748469893030693e-05 1.950007801546489955e-04 1.789623677860779991e-04 2.776132063531269820e-04 7.835466472194161725e-04 5.493595008327195042e-04 6.502268568937243304e-04 6.052409142574718655e-04 1.846804275210678966e-03 1.421865109282309135e-03
3.131577951856216215e-03 8.826751309823398575e-03 2.462422361594103840e-02 3.341845444225369222e-02 2.541043893886983304e-03 2.228493163081901943e-03 1.873348748322846338e-03 1.461581427055326857e-03 1.594785991072523133e-03 1.360809817347287875e-03 1.514483527962575630e-03 1.974631884651980706e-03 2.360333402009895474e-03 1.354011919640084370e-03 2.016720071724879566e-03 2.505645968036396189e-03 3.611034530676587905e-04 8.013968124781008662e-04 4.173270089552671893e-04 4.136072908037839117e-04 3.428620454246641774e-04 2.773772594250172594e-04 2.608613784540687918e-04 1.825981548780829223e-04 3.587092596753367049e-04 4.256525440415566338e-05 2.997523640838173201e-04 3.822927033063591739e-04 4.541726356114822579e-04 8.514728282213486358e-04 8.473967342520735734e-04 7.743075757472255146e-04 8.902680368510567602e-04 2.238005189536190829e-04 5.770863211366153303e-04 1.605238277682936691e-03 2.632898620358381254e-03
2.617439372914793713e-03 1.418840488154606873e-02 3.567487855224173166e-02 3.838602455371306187e-03 1.399031481141735844e-03 1.795074769647336116e-03 3.208802370680637842e-03 2.013092329291562947e-03 2.195824909246521257e-04 7.005158968333558131e-04 6.368587516427831911e-04 1.990447641800464559e-03 1.118951530516170681e-03 3.496657139411770993e-04 7.228565158483743437e-04 1.185867251396689444e-03 4.944409202583911539e-04 3.825728911038880214e-04 2.083617288372467192e-04 1.543876497364157362e-04 1.564727376517388200e-04 8.543647288904697174e-05 1.719821997208075405e-04 2.347336041870229123e-04 2.863846300825873838e-04 6.881589147781392180e-04 6.555074007032312810e-04 7.177064760409495280e-04 7.473216134354146705e-04 6.489458888347812227e-04 2.336096215293844021e-04 2.201747320591366814e-04 3.445858835293877896e-04 7.348984135507625332e-04 7.615627351210277687e-04 1.621037848269489025e-03 2.659924641220724230e-03
2.548340733743696511e-03 2.390036113331384104e-02 1.268678301454650992e-02 3.970143602026765008e-03 4.528279280338945705e-04 1.756768446964989674e-03 2.253980006503751576e-03 1.209279491755526443e-03 5.291248564438645694e-04 3.176836305924732860e-04 6.402802592519186682e-04 1.237033169535035329e-03 9.017588742599110018e-04 4.215485476518673197e-04 6.035460786760757975e-04 7.716350721149212470e-04 3.002143905247425717e-04 4.616163035852658466e-04 7.180121168717294397e-05 4.047091437047532878e-04 6.338748461335296793e-05 8.031249816686989698e-05 9.946888366238687898e-05 1.240341646460302338e-04 1.369387304187341995e-04 2.172317875505417294e-04 5.959325445666991067e-04 8.039402909408473186e-04 9.516120260840518113e-04 3.755176365584380845e-04 3.987934536353173950e-04 5.928688032131510226e-04 7.388710645567910049e-04 6.788686836583619159e-04 7.721012287182925414e-04 1.980956698886301125e-03 2.620906750872503601e-03
2.935520341767761717e-03 1.890590421723131048e-02 7.452692352973245594e-03 1.565154346106146371e-03 1.998748639134944466e-03 1.127758104342545427e-03 1.351542255143903682e-03 7.896421505703825642e-04 5.658493829921462399e-04 2.890800667906377893e-04 6.357387068101250267e-04 6.156717336303572366e-04 9.408971770277280893e-04 1.480044001540483528e-04 3.900696883442826102e-04 6.940995294039645647e-04 1.635439923534168227e-04 4.673321279735652206e-04 2.708521890637491142e-04 2.331211316010255749e-04 2.613616223262759546e-04 2.916130132502819765e-04 3.213522247420124442e-04 4.592819934685041271e-05 4.901237613038767068e-05 1.249988793774768408e-04 4.231330509521680108e-04 1.181920274873060443e-03 1.315977034252595627e-03 8.100078301327962287e-04 1.048705057146955390e-03 9.026609787916076676e-04 1.272130481218318020e-03 7.581448158563551141e-04 9.194541746911869678e-04 7.492738694633441568e-04 2.815294252196695254e-03
1.614860969502631468e-03 7.905795763409812979e-03 7.430620395826214447e-03 1.774515442035445520e-03 7.914477230297452606e-04 1.104518795373951243e-03 6.464293605501135421e-04 6.922759884661806602e-04 5.927044783214674992e-04 4.193131523332192692e-04 6.145168272802415538e-04 9.448036178973124720e-05 6.200733745464437298e-04 1.625422810931137409e-04 2.232087214245851586e-04 3.844727042237468771e-04 4.382854421950091342e-04 3.239987317647125562e-04 4.201028476977117731e-04 4.657556954070585860e-04 5.114174938491309816e-04 5.553303760285496988e-04 1.229843164672130853e-04 1.386935016365714016e-04 8.430797277472770420e-05 2.871526088076057736e-04 9.243722131658333114e-04 1.284358191910154852e-03 1.539797611925651077e-03 1.491692951372968878e-03 1.458934134389286213e-03 1.515372816124850065e-03 1.546551840420183274e-03 1.161892864379743436e-03 8.346641175755662974e-04 1.587946517608609422e-03 1.248661291346454642e-03
2.765192201747162463e-03 3.797638056538923598e-03 4.290981556904997080e-03 1.049831469792883399e-03 8.005975957934764091e-04 6.562666825489977575e-04 3.516884468854194145e-04 4.148556903386242081e-04 5.026762572771792392e-04 6.700192504780222175e-04 1.628965013318280411e-04 3.431041363396424839e-04 3.942634799278354313e-04 4.943349511268386662e-04 9.993428865096918418e-05 2.030196446649215993e-04 3.278734965281472212e-04 5.741039708938893349e-04 6.057878625055940647e-04 8.316388845749276247e-04 1.280267953812506271e-03 1.130230586748001394e-03 6.217545718492504311e-04 6.281763365318128716e-04 9.714287222062869447e-04 4.173406986084396918e-04 6.269024770331628992e-04 5.619548782408851067e-04 9.748178168262821783e-04 7.488277291770832752e-04 1.089975073396835239e-03 1.199485125609890028e-03 1.748006091643479346e-03 1.656379585844471817e-03 2.632264318364902628e-03 1.143079769137084071e-03 2.047814360127683548e-03
2.091999344119020807e-03 4.081086732572666853e-03 7.147059753907739500e-04 1.508919789970323156e-03 6.789046509266212287e-04 3.677832859010531021e-04 2.275028286160130759e-04 1.547898372143136482e-04 5.494265246729447333e-04 3.300113093522523736e-04 1.571964734802975758e-04 2.406933365660616901e-04 2.979220880159112891e-04 3.313648547794701945e-04 4.016238685069461437e-04 7.585871411818105115e-04 7.339753300146530752e-04 4.158132019615181588e-04 8.059140806802611058e-04 1.430091343449176955e-03 3.037659300465033775e-03 2.790381520026130862e-03 2.883014373205967582e-03 5.214425460045496452e-03 5.286317394841088223e-03 4.176343367510094301e-03 2.504097149336160025e-03 2.621155973394264076e-03 1.403288462920518689e-03 1.977712604474246225e-03 1.192563443552306646e-03 1.950254958895133442e-03 1.753120079788391544e-03 2.113143439279462771e-02 4.181432064196960452e-02 2.213631713303471776e-02 1.310931084439172743e-02
2.314394653536845734e-03 1.676468314909591211e-03 1.045097944435768563e-03 5.993181693150242918e-04 4.778525718618342722e-04 3.447188677350286764e-04 1.142016009532797062e-04 7.492265998275540262e-05 1.276278545320348441e-04 2.068993449426819473e-04 1.661033770655976499e-04 1.396434693588106111e-04 1.343147073647706145e-04 1.574316164247480012e-04 2.408815615094092545e-04 7.306203593182922099e-05 2.659035526501718873e-04 5.459696643248461000e-04 1.039993959502974810e-03 2.633904849123233378e-03 3.742726110075929747e-03 6.905686058533219360e-03 1.022138040137877783e-02 1.465331124643359448e-02 2.266000107164184429e-02 2.589743484250642963e-02 3.632589503821297833e-02 4.538907391912291867e-02 5.390463625606671527e-02 5.994264880842212206e-02 6.568705457001972059e-02 6.988969376947372358e-02 7.357775017567171061e-02 5.691054322269929050e-02 2.015424005931670468e-02 2.089558579184509421e-02 1.605914282936595633e-02
1.491178425599073466e-03 3.494746634159083716e-04 4.735237076872728774e-04 3.569715900667811705e-04 3.227030032103116045e-04 5.384964283232243978e-04 6.777675270787650915e-04 4.064800388789372446e-05 1.000000000000000021e-08 6.370480574600215803e-05 2.167747229526635633e-04 3.035664043605510788e-04 3.529129935068770667e-04 3.858590514619118870e-04 5.177851650256015724e-04 8.338975244987236433e-04 4.343136689378396644e-04 9.321862710455187072e-04 1.791768831944527381e-03 1.430979942670911140e-03 1.728751702799378098e-03 2.134107069296788031e-03 1.187130357963305047e-03 1.458135789862222012e-03 1.191297894776397739e-03 6.658716203834221491e-03 5.987255003187727347e-03 5.564139148094462105e-03 3.830820740015355389e-03 3.728340635033866330e-03 2.211900562117964739e-03 2.710577948332485495e-03 8.861524755193328625e-04 4.934752383718884724e-04 1.119294738173156993e-02 1.613891148993709321e-02 1.660992044354485386e-02
5.372912090945072957e-04 2.686136283802521949e-04 3.030105440599775040e-04 2.238045469754695567e-04 3.712356208988399709e-04 3.906397334464782730e-04 3.907845703156726490e-04 3.818180358957741147e-04 3.656031122741858143e-04 3.729986861500719092e-04 8.670679193111322219e-05 7.407147694487111909e-05 1.299166544151987557e-04 6.370056081638254559e-04 1.573487541414995180e-04 2.971537932055745524e-04 3.891137965970103735e-04 4.764326557907366507e-04 9.005712016399375699e-04 7.225144160793093000e-04 2.728134791059735951e-04 6.314094730601858439e-04 6.108038905859964826e-04 4.302048981684974786e-04 4.270634023119381450e-04 7.049232696304155287e-04 1.629268352839986572e-04 1.427148662172987386e-04 6.213810211692585720e-05 1.719475681573047173e-04 1.125861853552494228e-03 5.838042605456949868e-04 4.112307490752270360e-04 6.587405044091141932e-04 5.002425905506461927e-03 1.244415715263054098e-02 2.299532243322298733e-02
1.629294221696548099e-04 1.101794426571242429e-04 1.980410628446976906e-04 2.973857527841250741e-04 3.069736734775833703e-04 2.213434891289420866e-04 1.866777736691363802e-04 4.495983407190498713e-04 6.053822685001443308e-04 6.535970505819022839e-04 1.465000121059037734e-04 2.048148509858126816e-04 3.921843070055628017e-04 2.223958580694703640e-04 3.112664700204092420e-04 1.776693191718359158e-04 2.753318235141371693e-04 1.964950135027903927e-04 1.171463113296611000e-03 1.167738584026912314e-03 9.492909474796562422e-04 2.469355498988577789e-04 2.632588517155401019e-04 4.736571130209605326e-04 5.667258507973161902e-04 9.371678087985826130e-04 5.750211173528433674e-04 1.942263219787276494e-04 1.900227713862449235e-04 2.824050171088127430e-04 4.890617506530209151e-04 1.438003734441213556e-04 3.283346662911240579e-04 4.473602415230345901e-04 4.093056919775155643e-03 9.773108094832800435e-03 8.554308065061867403e-03
8.165398919673224276e-05 2.389875302242920108e-04 2.200421764564006167e-04 2.025059063131109721e-04 2.324674960375845516e-04 4.388517375365343716e-05 1.434793684937451879e-04 2.790802484468436285e-04 5.528242592068172969e-04 3.260791345411304673e-04 4.265329581763484604e-04 2.736656738427749574e-04 6.140412823001160751e-04 3.772644494430775746e-04 6.177641275822850445e-04 4.621303886234271081e-04 5.442448607706441496e-04 6.798943886132525864e-04 1.609962774671937647e-03 1.707393908728508866e-03 7.345725624537688490e-04 3.951639140138999643e-04 4.518108597630785201e-04 1.006579808974584437e-03 2.331260033903431316e-04 6.114842124084600991e-04 8.604354949396619519e-04 1.061774392099296312e-03 8.156222606452369524e-04 1.413141115381344589e-03 7.210240113003922764e-04 5.871072154853219840e-04 7.852036672999201244e-04 1.046515103627454956e-03 3.355352006672142687e-03 3.524686076967415913e-03 4.686484152795943742e-03
1.507359272930892750e-05 5.082314792494516538e-05 1.229883762367105780e-04 2.381431063155016361e-04 2.878274574411453950e-04 8.721644276495611964e-04 7.039158447655136704e-04 3.801902252170689294e-04 4.613040187515957081e-04 6.490104063776306513e-04 8.443568232491395313e-04 9.606800822254878093e-04 6.643999043656809546e-04 1.062705587134712103e-03 7.281955192493520150e-04 1.164681054130508762e-03 1.376356711374160553e-03 1.242269099559571797e-03 1.944476740449758252e-03 2.591915746434935754e-03 1.063329139671728187e-03 1.224175140523738351e-03 6.839861320754956481e-04 9.571741287204770746e-04 9.821609182216024195e-04 1.906365665946068398e-03 6.181901821207357170e-04 3.509044947837560401e-04 5.524024491370406161e-04 1.486624579383449178e-03 5.557905327568384447e-04 3.119950436988690916e-04 3.977625175833385653e-04 4.377491298216352935e-04 5.322724672867621028e-04 1.629891419481059546e-03 4.060547804688782042e-03
