output/water_depth_10080.asc
ncols 223
nrows 158
xllcorner 0.0
yllcorner 0.0
cellsize 30.0
[rows 0 to 16 of 158, columns 111 to 147 of 223]
1.000000100000000021e-05 1.000000100000000021e-05 1.000000100000000021e-05 1.000000100000000021e-05 1.000000100000000021e-05 1.000000100000000021e-05 1.000000100000000021e-05 1.000000100000000021e-05 1.000000100000000021e-05 1.000000100000000021e-05 1.000000100000000021e-05 1.000000100000000021e-05 1.000000100000000021e-05 1.000000100000000021e-05 1.000000100000000021e-05 1.000000100000000021e-05 1.000000100000000021e-05 1.000000100000000021e-05 1.000000100000000021e-05 1.000000100000000021e-05 1.000000100000000021e-05 1.000000100000000021e-05 1.000000100000000021e-05 1.000000100000000021e-05 1.000000100000000021e-05 1.000000100000000021e-05 1.000000100000000021e-05 1.000000100000000021e-05 1.000000100000000021e-05 1.000000100000000021e-05 1.000000100000000021e-05 1.000000100000000021e-05 1.000000100000000021e-05 1.000000100000000021e-05 1.000000100000000021e-05 1.000000100000000021e-05 1.000000100000000021e-05
1.000000100000000021e-05 1.000000100000000021e-05 1.000000100000000021e-05 1.000000100000000021e-05 1.000000100000000021e-05 1.000000100000000021e-05 1.000000100000000021e-05 1.000000100000000021e-05 1.000000100000000021e-05 1.000000100000000021e-05 1.000000100000000021e-05 1.000000100000000021e-05 1.000000100000000021e-05 1.000000100000000021e-05 1.000000100000000021e-05 1.000000100000000021e-05 1.000000100000000021e-05 1.000000100000000021e-05 1.000000100000000021e-05 1.000000100000000021e-05 1.000000100000000021e-05 1.000000100000000021e-05 1.000000100000000021e-05 1.000000100000000021e-05 1.000000100000000021e-05 1.000000100000000021e-05 1.000000100000000021e-05 1.000000100000000021e-05 1.000000100000000021e-05 1.000000100000000021e-05 1.000000100000000021e-05 1.000000100000000021e-05 1.000000100000000021e-05 1.000000100000000021e-05 1.000000100000000021e-05 1.000000100000000021e-05 1.000000100000000021e-05
1.000000100000000021e-05 1.000000100000000021e-05 1.000000100000000021e-05 1.000000100000000021e-05 1.000000100000000021e-05 1.000000100000000021e-05 1.000000100000000021e-05 1.000000100000000021e-05 1.000000100000000021e-05 1.000000100000000021e-05 1.000000100000000021e-05 1.000000100000000021e-05 1.000000100000000021e-05 1.000000100000000021e-05 1.000000100000000021e-05 1.000000100000000021e-05 1.000000100000000021e-05 1.000000100000000021e-05 1.000000000000000021e-08 1.000000000000000021e-08 1.000000000000000021e-08 1.000000000000000021e-08 3.817354559492244868e-03 1.000000100000000021e-05 1.000000100000000021e-05 1.000000100000000021e-05 1.000000100000000021e-05 1.000000100000000021e-05 1.000000100000000021e-05 4.300400438559536545e-05 2.529678089730202510e-05 2.847682820377053800e-05 1.843080030861263231e-05 1.000000100000000021e-05 1.000000100000000021e-05 1.000000100000000021e-05 1.000000100000000021e-05
7.636862718396198986e-05 9.275755953746404393e-05 1.087684711039682675e-04 8.259981885528484803e-05 6.043254076017727804e-05 4.730974958423188103e-05 3.864793219721214740e-05 2.668631614060592362e-05 2.369010072365973084e-05 6.340800730424527563e-05 8.931082788575118851e-05 7.207052944146493225e-05 8.379446336396483724e-05 1.077801286787600317e-04 1.252104182927628697e-04 1.428606665153511822e-04 1.004109607849929019e-04 7.582762498258802542e-05 5.483745378402439855e-05 3.861365843616443506e-05 6.204109704181494335e-05 4.595637651606422104e-03 3.351451428870310442e-03 3.533863393802054919e-04 1.803497384229448106e-04 1.937838885497737142e-04 3.569122308287622195e-05 1.000000000000000021e-08 1.000000000000000021e-08 6.859529153845935184e-05 3.548088411233013892e-05 1.623063760284651955e-05 1.361658619533770293e-05 1.069808387214131480e-05 1.000000000000000021e-08 1.000000100000000021e-05 1.000000100000000021e-05
1.000000000000000021e-08 1.000000000000000021e-08 1.000000000000000021e-08 5.494129839669292884e-05 6.036124872528659646e-05 9.685395101816164404e-05 8.056268359201381097e-05 6.295753132827033567e-05 8.613462867847010787e-05 1.484437329131853029e-04 1.762357662704523730e-04 9.132479943665625934e-05 7.257630187273093187e-05 9.496822582377037144e-05 1.138547620975353855e-04 8.238390218822595518e-05 1.329430764886119708e-04 1.770420067138381477e-04 2.291843506821239712e-04 2.819749856667197333e-04 3.145313108603376893e-04 2.419276680650836301e-04 3.646539190497046054e-04 3.619773264189180256e-04 3.390381958228547870e-04 4.004919939818199731e-04 7.067119076141972355e-05 1.000000000000000021e-08 1.000000000000000021e-08 9.614137079328047904e-05 2.655340173957923693e-05 1.764706368304409364e-05 1.000000000000000021e-08 1.000000000000000021e-08 1.000000000000000021e-08 1.135305549877806151e-05 1.000000000000000021e-08
1.000000000000000021e-08 1.000000000000000021e-08 1.000000000000000021e-08 4.520051654322091708e-05 5.506113944414381341e-05 5.918199766888068366e-05 1.209325244739846146e-04 1.146672847337904243e-04 1.327149480666065613e-04 1.000000000000000021e-08 1.000000000000000021e-08 6.110971102542717571e-05 6.999265678588811673e-05 5.189787677753067278e-05 3.654576176580180149e-05 6.411676998540393542e-05 4.591036803263682918e-05 3.382662610632098174e-05 2.650285687641862722e-05 1.000000000000000021e-08 4.866667975774858189e-05 2.156392891614869912e-04 1.043172623934357501e-03 1.698491327095740791e-03 9.816061085908074548e-04 8.710204014115138565e-04 8.803333505181133029e-04 9.394751640089607091e-05 2.656365289579901774e-04 1.473706407933487745e-03 2.599654933573300279e-05 1.031484996627331307e-05 1.176329069778891560e-05 1.349993933496451629e-05 1.382221256463715071e-05 1.321297887788478085e-05 1.295379588033599155e-05
7.736660171012476391e-05 7.776839398688584551e-05 6.797358743559933116e-05 8.893791408116443105e-05 1.000000000000000021e-08 1.000000000000000021e-08 1.621756752366620538e-05 1.628273698346678188e-04 1.251943982254906634e-04 1.044158879406758975e-04 6.939371825333463415e-05 1.298832352151514907e-04 5.083107878192160090e-05 5.118072950669819436e-05 4.973379807019021455e-05 7.028187161229336769e-05 1.755600467744114230e-03 1.765185012047510620e-04 1.000000000000000021e-08 1.000000000000000021e-08 7.900784418809599845e-05 1.323026664454745064e-03 9.814082975640617355e-04 6.628880025349407224e-04 1.698539080652476880e-03 2.028468979904878879e-03 2.473161709470662103e-03 2.441759390917562153e-03 1.186322682333869859e-02 1.369288379842483448e-04 5.642591737088688557e-05 2.402285674945475814e-05 2.674054561519551216e-05 2.093588061415450552e-05 1.708581563155045158e-05 1.286329669425040773e-05 1.000000000000000021e-08
1.000000000000000021e-08 1.000000000000000021e-08 4.681496966990921009e-05 1.000000000000000021e-08 1.000000000000000021e-08 1.000000000000000021e-08 1.000000000000000021e-08 1.000000000000000021e-08 1.000000000000000021e-08 1.000000000000000021e-08 6.024201923950375190e-05 2.608002531510423888e-04 2.351220341143555085e-04 6.662933829204277731e-04 1.034740819576992132e-03 1.179378696654797458e-03 1.271831421492064735e-03 7.099592624937959943e-03 8.910633803501086031e-04 6.059594722969612957e-04 8.798697083770789205e-04 1.637193820166373296e-03 1.670298396719259188e-04 1.145042218335991111e-04 9.000024406243954840e-05 6.676133723209972813e-05 5.249033712202488345e-05 4.222936451433690285e-04 2.365256316210889546e-03 3.241864196015037326e-04 1.839564836209276662e-05 1.895870746130623981e-05 1.000000000000000021e-08 1.000000000000000021e-08 1.000000000000000021e-08 1.000000000000000021e-08 1.000000000000000021e-08
1.000000000000000021e-08 5.694814579603858318e-05 7.433328665539174667e-05 1.721967334097265615e-04 1.254011907317037879e-04 9.284133477271249563e-05 1.000000000000000021e-08 1.000000000000000021e-08 1.000000000000000021e-08 1.000000000000000021e-08 6.450537224585667449e-04 8.315327837184765701e-04 7.527072506610777520e-04 5.977129916411549589e-04 4.123986313846967136e-04 2.643345754957887399e-04 1.672899218403376971e-04 1.160446247049240639e-04 7.930207153842661148e-04 9.413793240776503497e-04 7.064173653245621421e-04 9.748158802830017350e-04 1.027065537158641101e-04 5.629943154823152771e-05 1.000000000000000021e-08 1.000000000000000021e-08 1.000000000000000021e-08 3.421464487434111638e-05 1.706982030537278552e-03 1.441744901878407904e-03 1.397534466856371873e-05 1.000000000000000021e-08 1.000000000000000021e-08 1.000000000000000021e-08 1.000000000000000021e-08 1.000000000000000021e-08 1.000000000000000021e-08
7.211347812656793859e-05 5.554953696541427109e-05 7.455123588438878864e-05 6.199657020326094451e-05 1.228517378193276271e-04 9.129709448917450426e-05 5.242224660789596299e-05 4.117684445373902480e-05 3.218995274615040554e-05 7.213447702234435208e-05 3.520262993380481736e-03 4.091699984041166226e-04 2.822424102878063733e-04 1.631902645070432633e-04 1.449534961927477440e-04 6.016325467353236426e-05 3.353230430227263333e-05 1.000000000000000021e-08 1.000000000000000021e-08 1.000000000000000021e-08 1.075295856797171064e-05 1.000000000000000021e-08 1.000000000000000021e-08 4.216816313158004215e-05 3.736755451161882211e-05 2.847716359224154492e-05 2.125453802299989066e-05 3.075427942139372827e-05 1.739763670102847850e-03 1.496932141517292973e-03 1.000000000000000021e-08 1.000000000000000021e-08 1.000000000000000021e-08 1.000000000000000021e-08 1.000000000000000021e-08 1.000000000000000021e-08 1.000000000000000021e-08
1.000000000000000021e-08 1.000000000000000021e-08 1.000000000000000021e-08 1.000000000000000021e-08 9.763087545161621458e-05 2.371427784048399346e-04 2.911643871810754014e-04 2.124041558961176513e-04 1.717968053428826794e-04 3.875639023730654870e-04 7.316656032958266482e-04 1.000000000000000021e-08 1.000000000000000021e-08 1.000000000000000021e-08 1.000000000000000021e-08 8.756394186608431858e-04 1.000000000000000021e-08 1.000000000000000021e-08 1.000000000000000021e-08 1.000000000000000021e-08 1.000000000000000021e-08 1.000000000000000021e-08 1.000000000000000021e-08 3.109512989914445296e-05 4.506812728757738604e-05 4.072651857912112168e-05 3.014324798341136554e-05 1.000000000000000021e-08 1.818706581558962891e-03 1.614727210060961293e-03 1.000000000000000021e-08 1.000000000000000021e-08 1.000000000000000021e-08 1.000000000000000021e-08 1.000000000000000021e-08 1.000000000000000021e-08 1.000000000000000021e-08
6.366979659336711897e-05 7.226099496773046840e-05 8.453106419543045973e-05 9.615934284501087049e-05 1.233239302791145091e-04 2.998703870415193721e-04 3.355258909109651560e-04 1.775287906675279898e-04 2.453701767826664310e-04 2.632145156750244418e-04 3.577659444790679401e-04 6.787384858987358712e-05 1.000000000000000021e-08 1.000000000000000021e-08 1.000000000000000021e-08 1.000000000000000021e-08 1.000000000000000021e-08 1.000000000000000021e-08 1.000000000000000021e-08 1.000000000000000021e-08 1.000000000000000021e-08 1.000000000000000021e-08 1.000000000000000021e-08 2.582490692203534010e-05 4.195263568941503494e-05 4.521783823200663726e-05 4.030995427123200414e-05 3.765943828526571220e-05 1.805798199465046645e-03 1.607625158224087808e-03 1.000000000000000021e-08 1.000000000000000021e-08 1.000000000000000021e-08 1.000000000000000021e-08 1.000000000000000021e-08 1.000000000000000021e-08 1.000000000000000021e-08
9.815841160122478761e-05 1.029039811515674495e-04 1.143869172912581817e-04 9.644315697615757517e-05 2.095524413360224443e-04 1.551148099606186820e-04 1.770595510101107483e-04 1.633431047570214824e-04 2.000334436363223267e-04 2.357411860253724929e-04 1.822437685383584516e-04 1.187007895126695681e-04 7.396198596646242436e-05 4.298187888129327078e-05 3.293089443274464383e-05 3.561286721854459928e-05 1.000000000000000021e-08 1.000000000000000021e-08 1.000000000000000021e-08 1.000000000000000021e-08 1.000000000000000021e-08 1.000000000000000021e-08 1.000000000000000021e-08 2.745661889918885859e-05 4.060669185526927954e-05 4.881323883493087873e-05 5.722039696853220119e-05 1.219035116768580577e-04 2.353624934714839290e-03 2.158316433551480274e-03 1.000000000000000021e-08 1.000000000000000021e-08 1.000000000000000021e-08 1.000000000000000021e-08 1.000000000000000021e-08 1.000000000000000021e-08 1.000000000000000021e-08
7.907356454250522547e-05 1.101758445048806663e-04 8.936843989417310539e-05 2.244048644351245706e-04 1.559495925363666325e-04 1.875089995048884899e-04 1.916445260018219974e-04 2.668859712159766910e-04 3.225946236270858932e-04 2.206221476882458453e-04 1.511486679617737123e-04 1.555620434052801151e-04 1.234808037079054887e-04 1.000000000000000021e-08 3.577307394719003036e-05 2.299476035893249098e-05 1.333639349722275731e-05 1.000000000000000021e-08 1.000000000000000021e-08 1.000000000000000021e-08 1.000000000000000021e-08 1.000000000000000021e-08 1.000000000000000021e-08 3.725711893076220357e-05 1.134928675284246164e-03 7.554292541037703403e-05 7.425943075787807895e-05 1.062970304037221447e-04 2.866571698724954681e-02 2.940669036741900763e-02 2.930046533226990380e-02 5.146848975939323343e-05 1.000000000000000021e-08 1.000000000000000021e-08 1.000000000000000021e-08 1.000000000000000021e-08 1.000000000000000021e-08
7.286269583189738583e-05 6.405624472703983277e-05 1.326964340418351795e-04 1.264726610822713407e-04 1.000000000000000021e-08 1.000000000000000021e-08 1.633494209628860816e-05 4.918277796370334998e-05 3.888155308411141723e-05 3.674872001410150351e-05 1.019171173086691332e-04 1.534223750074591771e-04 1.000000000000000021e-08 1.000000000000000021e-08 2.638965285448149865e-05 1.000000000000000021e-08 1.490223139812486451e-05 1.000000000000000021e-08 1.000000000000000021e-08 1.000000000000000021e-08 1.000000000000000021e-08 1.000000000000000021e-08 2.896807347379672630e-05 3.992913902883689478e-05 1.000000000000000021e-08 5.420702206258415899e-05 1.000000000000000021e-08 1.287533887612686964e-05 2.755410396423245423e-02 2.920671513136601991e-02 2.918612293333812738e-02 3.907064389497396165e-04 4.557384850931952739e-05 1.000000000000000021e-08 1.000000000000000021e-08 1.000000000000000021e-08 1.000000000000000021e-08
2.910498710468960407e-05 2.620466806516200321e-05 2.534496121435259242e-05 2.335016592352778095e-05 1.228356353313546362e-05 1.000000000000000021e-08 1.000000000000000021e-08 1.000000000000000021e-08 1.000000000000000021e-08 1.000000000000000021e-08 9.732371995628121366e-05 1.938626504156989148e-04 2.458305035559110491e-04 2.124169176024767703e-04 4.497522688670131121e-04 5.256200333390601085e-04 4.476231403827037460e-04 3.089519089535364789e-04 2.024420298768379260e-04 1.325845222182635221e-04 8.736509192900935509e-05 7.640659236393722580e-05 4.249678965343847752e-05 4.001670805825298448e-05 2.969210706722151625e-05 4.238634699912023054e-05 1.000000000000000021e-08 1.000000000000000021e-08 2.111259733674669334e-02 2.546837555156006706e-04 3.298838778637206803e-04 4.385756050715666028e-04 6.148154617675840239e-04 6.072774872869170140e-04 5.849688985236159173e-04 6.375063614589645709e-04 5.276619716814175262e-04
1.338982813788218312e-05 1.189955962791865100e-05 1.220462594556842898e-05 1.000000000000000021e-08 1.000000000000000021e-08 1.000000000000000021e-08 1.000000000000000021e-08 1.000000000000000021e-08 1.000000000000000021e-08 1.030153770953880598e-05 1.000000000000000021e-08 2.261931354901066364e-05 1.000000000000000021e-08 1.578739745067053637e-04 1.320475268266670804e-04 9.885628868914385576e-05 8.067103672278711109e-05 1.821580329621936027e-04 2.465039472492007574e-04 2.350271465607407686e-04 2.613262450258428075e-04 4.765389936676471576e-05 3.825583454985210879e-05 3.978808149107060458e-05 3.717671005939180220e-05 4.373427771649225057e-05 2.803363989980985793e-05 3.199108499006471113e-03 3.758183376856143957e-03 1.522192258787621131e-05 3.144583702086287304e-05 3.588580617504596299e-05 5.226154054189771403e-05 1.000000000000000021e-08 1.000000000000000021e-08 1.000000000000000021e-08 1.000000000000000021e-08
