output/water_depth_10080.asc
ncols 223
nrows 158
xllcorner 0.0
yllcorner 0.0
cellsize 30.0
[rows 68 to 84 of 158, columns 74 to 110 of 223]
1.896808820115436625e-05 1.879711240472908582e-05 1.913909657627589850e-04 1.000000000000000021e-08 1.000000000000000021e-08 1.000000000000000021e-08 1.101716689648660215e-05 1.636705770264873454e-05 1.493541093028781229e-05 1.346588686102848041e-05 1.253634353027581497e-05 2.834639529547121773e-04 3.350826881440741685e-04 4.294653509076482305e-04 1.034381236798011987e-03 1.463583371482460316e-03 2.453088080217277777e-04 1.656613850966089509e-04 4.805932283525030151e-05 1.070520482134211206e-04 5.097435784907997525e-04 1.017319485469528762e-03 8.913871662553137648e-04 1.159641248604263795e-03 7.879212950373717245e-04 8.010211573730190897e-04 6.476244116168603524e-04 8.316467434788685437e-04 5.772846545232673560e-04 9.164991932352885371e-04 9.188957892859235966e-04 1.576272498091545312e-03 5.080576362479808598e-04 7.238272118805914347e-04 3.810145422071212234e-05 2.738146073708658593e-05 1.000000000000000021e-08
3.956933027497198463e-04 3.571408894431868939e-04 2.394738918163561174e-04 1.820142882982611415e-04 1.319160255386220412e-04 1.034018890543480937e-04 8.277905812921903682e-05 5.919230218551611042e-05 4.801871066384840017e-05 3.630686595633662042e-05 3.357787543202815942e-05 1.627323331079769792e-04 2.251234465774867475e-04 2.794350883198280783e-05 1.088147887792550387e-04 1.561027272370676348e-04 2.683140514913135116e-04 1.299442644506725161e-04 1.487774793361379768e-04 1.139958090122639953e-04 2.147505361665335774e-04 1.635680121871988988e-04 1.837707881663888003e-04 1.434328092412447662e-04 1.639470142933708294e-04 2.176116187581112501e-04 4.831513377379021757e-04 3.418105264577986965e-04 3.883350287594588592e-04 2.529867212551849373e-04 5.244173929497323271e-04 3.972734845486266620e-04 1.129119480896997180e-03 5.731029334981311467e-04 5.016172439258565017e-04 1.593663178573734296e-04 1.328854141901501535e-04
4.364547508073504472e-04 3.262704942857811200e-04 4.212851395853707982e-04 3.425595996845136738e-04 3.075974957959470520e-04 2.674933972919788243e-04 3.108271526159598654e-04 3.373548328989340629e-04 4.735595435136250812e-04 3.287985352706474592e-04 2.174226078542097762e-04 1.619238192726964653e-04 1.871341650697233127e-04 2.943839412362897113e-05 1.033528035962944023e-04 1.750626453549298947e-04 1.327607394267541971e-04 3.902136535102818994e-04 1.629799748915851019e-04 6.056752762216223614e-04 7.042988598733273924e-04 9.437137558955875465e-04 8.224265249716626201e-04 1.053711430281197752e-03 7.214557171485703156e-04 9.338201738721373102e-04 5.525503193106671681e-04 1.390636088415838668e-03 2.382817853912028833e-04 1.996317598783842011e-04 2.390129731938637743e-04 2.213241612997562772e-04 4.099346677241579029e-04 1.129957606909113470e-03 1.066656577822896763e-03 1.588750488342012979e-03 1.364566289873920656e-03
4.564014638436566769e-04 2.566654331781748858e-05 1.000000000000000021e-08 2.260407765243907931e-04 3.594786462886237900e-04 5.245204983702466545e-04 5.961791247064335058e-04 6.050382030801916772e-04 3.470603582795268155e-04 3.640210216450632543e-04 1.000000000000000021e-08 1.053102195086364531e-04 1.735731494644993708e-04 3.488849232110579918e-04 2.722889657267377607e-04 1.605498244425994326e-04 3.829356489671632033e-04 3.437626685542806817e-04 2.085577791479253148e-03 1.439278520574215677e-03 9.874824535181794209e-04 7.492457007133487270e-04 4.376476017251915303e-04 2.680574140355949106e-04 5.008953654824718771e-04 3.284529952803893734e-04 5.390652840915409038e-04 9.430178372507202382e-04 1.742337090704090883e-04 2.475247030516505311e-04 1.939182246846584204e-04 2.502403307670919824e-04 2.171665830988480424e-04 4.238023860702475813e-04 1.210356535323634268e-03 8.694344701993486245e-04 1.101285453070848441e-03
2.820070981676531773e-04 2.799092288576322330e-04 2.042459869263371023e-04 3.020676358250290678e-04 3.283571627621019603e-04 2.641261147451002471e-04 1.970702646774772368e-04 1.659194156309400060e-04 2.447208792241387272e-04 2.553234431299616068e-04 1.000000000000000021e-08 6.996014209940572953e-05 1.612933964862823795e-04 1.798291877262058662e-04 2.015590627575119414e-04 2.740695879450897980e-04 4.203848637681004943e-04 4.354796426271426981e-04 2.931735798278379580e-04 1.717317253982093817e-04 8.876047973807326579e-05 4.519182567451331345e-05 2.046478287489383386e-04 2.192740134708264660e-04 3.650500128402754565e-04 3.668933120446682883e-04 3.919484941826307796e-04 1.299709643917398101e-04 2.047573394457563795e-04 1.663651840181122686e-04 1.162729234426364050e-04 1.038803049845383986e-04 1.460228653664163480e-04 1.467861976525075475e-04 2.588621969618538389e-04 8.793515210488559754e-04 5.363100937998163502e-04
2.865934212125909823e-04 3.250924222867978934e-04 3.503963560051624401e-05 2.952385323738694839e-05 1.000000000000000021e-08 1.000000000000000021e-08 1.000000000000000021e-08 6.722787313217944399e-05 1.676604044241377376e-04 2.169044742825065473e-04 1.337669724588684561e-04 8.710425062492962132e-05 5.938859753906405403e-05 3.300858691307297153e-05 1.310906203394726004e-04 8.818235734754970739e-05 1.236858790288483060e-04 1.400931000331729498e-04 1.411611522218944581e-04 2.263882148725872810e-04 1.997885095466544688e-04 1.489528142416051771e-04 1.830142573043488409e-04 2.043676342787423793e-04 4.331880210248344616e-05 3.452693067645916516e-05 1.097929280363077085e-04 6.816903633393907877e-04 1.231915164749240602e-04 1.838337505792442652e-04 2.169981770300372613e-04 2.645354368507289722e-04 1.989654525508234790e-04 2.455738195341025968e-04 9.356710126379701046e-04 9.915176888341725638e-04 7.690504174998111621e-04
1.000000000000000021e-08 2.857115006489753637e-04 4.726306529228945495e-04 4.791344356550899489e-04 3.793539135722115581e-04 2.764387237519533866e-04 1.918167904601518774e-04 1.000000000000000021e-08 1.446574458871424153e-04 2.128881832064920764e-04 2.131081432359608458e-04 1.399338904205306737e-04 7.703303327267830615e-05 5.344160277053471725e-05 7.911316601290188427e-05 9.135435882521030122e-05 4.709836574842327615e-05 3.700791687350830943e-05 4.337750714155009677e-05 6.832716932284795008e-05 1.726173602975447467e-04 1.839821107286555076e-04 2.027050158686527644e-04 2.554644260565405310e-04 2.718701954484416963e-05 8.402846527174824196e-05 2.767554771498950436e-05 5.583118741324315064e-04 1.058668664859042626e-03 1.231940234517353181e-04 1.681970824506952267e-04 5.828648988982450453e-05 1.137750814439180032e-04 4.191112926675186304e-05 7.291896344700788931e-04 1.445969211897646638e-03 5.168863472620931427e-04
1.000000000000000021e-08 1.000000000000000021e-08 1.000000000000000021e-08 1.000000000000000021e-08 2.009599901038232133e-04 2.427898385845835374e-04 2.261264085393477471e-04 1.656343274046894127e-04 1.009222631922733346e-04 6.312264727128443225e-05 5.901003952633395333e-05 8.478931153713382236e-05 9.719844386199768020e-05 1.019717793492149816e-04 1.126090391191565551e-04 1.009279474135882598e-04 1.059578144420021906e-04 7.580928230497361990e-05 7.157931412574448644e-05 5.672897210353260866e-05 3.789538729783903837e-05 9.627803273537643698e-05 1.609188441986267684e-04 2.726415894308286975e-04 4.466097634697208129e-04 4.644827288133128711e-04 6.331860030968716009e-04 5.603046768594423764e-04 4.653058469563617653e-04 6.406728787787316489e-04 1.240423639451038065e-04 2.177209702063803731e-04 6.776207333277398212e-05 9.009337475679340718e-05 6.211542634142226812e-04 1.096506251149606667e-03 8.357086135322106066e-04
1.310407071991076605e-05 1.000000000000000021e-08 1.000000000000000021e-08 1.000000000000000021e-08 1.000000000000000021e-08 1.000000000000000021e-08 1.564933609866577826e-04 1.626292168739655543e-04 1.000000000000000021e-08 3.612149422793852437e-05 2.898986114389557155e-05 6.144430630358156881e-05 1.000000000000000021e-08 1.000000000000000021e-08 6.469834935744683065e-05 9.825088792285815347e-05 1.014519723973250566e-04 1.077207427375874357e-04 1.064510589015430408e-04 1.000000000000000021e-08 2.900001316081752872e-05 5.817101893913038404e-05 9.480696842644979066e-05 7.375881166907181908e-05 1.000000000000000021e-08 5.283958822398574889e-05 3.514581245145821794e-05 3.484131583163715138e-04 4.260429530395135023e-05 8.254802734972033098e-05 7.001612694496409106e-05 9.755179522099051274e-05 8.393320405995842752e-04 1.109493019734018263e-03 1.462836413649331929e-03 2.119955994714218736e-03 9.282927309058190343e-03
3.920276324938073889e-05 3.905625667777743500e-05 3.366763367663868310e-05 1.000000000000000021e-08 1.000000000000000021e-08 1.000000000000000021e-08 1.000000000000000021e-08 1.000000000000000021e-08 1.000000000000000021e-08 1.000000000000000021e-08 1.727410218127751223e-05 1.000000000000000021e-08 1.746688516944298414e-05 1.000000000000000021e-08 4.151295751539688469e-05 7.266492523941695035e-05 1.066693243121628773e-04 1.000000000000000021e-08 1.000000000000000021e-08 1.000000000000000021e-08 1.676118256625069909e-05 3.616191050150763958e-05 7.464215729027383122e-05 5.575030442309716330e-05 5.006264995154516940e-05 3.502534403095846325e-05 1.000000000000000021e-08 1.584451094439373435e-05 3.670545004766876394e-05 3.561206874333015793e-05 3.220454905963574812e-05 1.694411766364735069e-04 1.618116036557476619e-04 1.261575133067496769e-04 1.043725332555597548e-04 1.051760672552535148e-04 1.162037728560270586e-03
1.744090980645616150e-05 3.655564871410100337e-05 1.000000000000000021e-08 1.000000000000000021e-08 1.000000000000000021e-08 1.000000000000000021e-08 1.000000000000000021e-08 1.000000000000000021e-08 2.021869485983604031e-05 1.000000000000000021e-08 1.254005500377291412e-05 1.699186381138905665e-05 2.933970744619404146e-05 3.574092603707787767e-05 4.524289839097868007e-05 7.476920243489709424e-05 1.000000000000000021e-08 1.000000000000000021e-08 1.000000000000000021e-08 1.000000000000000021e-08 1.037811718094847855e-05 1.896606153208509906e-05 4.544602563346347615e-05 6.317219981248419652e-05 6.452466657742679458e-05 6.179031346172745719e-05 1.000000000000000021e-08 1.000000000000000021e-08 1.094542972801115511e-05 7.398690704415444570e-05 7.987329954698793480e-05 4.479958436024693703e-04 2.867743967889831288e-04 1.903335854677662496e-05 1.445997018472541245e-05 1.756624380603938738e-05 1.121599374470126165e-03
1.000000000000000021e-08 1.000000000000000021e-08 1.000000000000000021e-08 1.000000000000000021e-08 1.000000000000000021e-08 1.000000000000000021e-08 1.000000000000000021e-08 1.000000000000000021e-08 1.000000000000000021e-08 1.000000000000000021e-08 1.000000000000000021e-08 1.000000000000000021e-08 3.633222583821437806e-05 1.000000000000000021e-08 1.000000000000000021e-08 5.388528513931824737e-05 5.162100446775645917e-05 5.821940101741117189e-05 6.037760456306738143e-05 4.318310107231777503e-05 1.000000000000000021e-08 1.000000000000000021e-08 3.404451693877081622e-05 5.865551045036189042e-05 1.000000000000000021e-08 4.924842266306860022e-05 1.000000000000000021e-08 1.000000000000000021e-08 1.777837150894619710e-05 1.649008944245378892e-05 2.491763187520707053e-05 7.326759470184290770e-05 6.454684269840425045e-05 2.498641324207757862e-05 2.096881809382185254e-05 1.656175582182963248e-05 3.389503585694862221e-05
1.000000000000000021e-08 1.000000000000000021e-08 1.000000000000000021e-08 1.000000000000000021e-08 1.000000000000000021e-08 1.000000000000000021e-08 1.000000000000000021e-08 1.000000000000000021e-08 1.000000000000000021e-08 1.536813398351415621e-05 1.714159027281780077e-05 1.000000000000000021e-08 1.000000000000000021e-08 1.000000000000000021e-08 1.000000000000000021e-08 1.000000000000000021e-08 4.181047053979869502e-05 6.343297275801457267e-05 1.182616633337742597e-04 1.169335567853399337e-04 1.000000000000000021e-08 1.000000000000000021e-08 1.000000000000000021e-08 4.571758102267702917e-05 4.443372585001977807e-05 5.596265450233355975e-05 5.685731165232177570e-05 5.463647626822558536e-05 9.879921879960087440e-05 7.812785390184515328e-05 7.491408950093879999e-05 1.102279602500676799e-04 5.785617663172850652e-05 1.080288418161999217e-04 1.000000000000000021e-08 1.000000000000000021e-08 2.063945837886254627e-05
1.000000000000000021e-08 1.000000000000000021e-08 1.000000000000000021e-08 1.000000000000000021e-08 1.000000000000000021e-08 1.000000000000000021e-08 1.000000000000000021e-08 1.000000000000000021e-08 1.000000000000000021e-08 1.000000000000000021e-08 1.260711733536619167e-05 1.000000000000000021e-08 1.000000000000000021e-08 2.119865233630645218e-05 3.186437390554890266e-05 1.000000000000000021e-08 3.781145830844000774e-05 5.348423808303833551e-05 4.211610812262778892e-05 7.641797138980489421e-05 5.953123312913532323e-05 1.000000000000000021e-08 1.000000000000000021e-08 4.829276256711512340e-05 1.000000000000000021e-08 4.486532072358374336e-05 5.448488889763261985e-05 7.308181243070825260e-05 6.445255021779275372e-05 9.508490809482772726e-05 1.085300305958424618e-04 9.238611016131155690e-05 1.000000000000000021e-08 7.039171393962006130e-04 9.978895794302308601e-04 5.589165332993204080e-04 6.244638723220387279e-04
1.000000000000000021e-08 1.000000000000000021e-08 1.000000000000000021e-08 1.000000000000000021e-08 1.000000000000000021e-08 1.000000000000000021e-08 1.000000000000000021e-08 1.000000000000000021e-08 1.000000000000000021e-08 1.000000000000000021e-08 1.644806477839456493e-05 1.787274145784179398e-05 2.472794656370020281e-05 2.298702823965734240e-05 3.226468313416153133e-05 2.712362871262295947e-05 1.000000000000000021e-08 1.000000000000000021e-08 1.000000000000000021e-08 1.000000000000000021e-08 3.374865414935614572e-05 2.584996007770944067e-05 2.289101485241194512e-05 6.354989282458670726e-05 9.619505091589058640e-05 1.079431175336681209e-04 1.260438278452843204e-04 1.435900685952656972e-04 1.393430782037880064e-04 1.407024665568470663e-04 1.000000000000000021e-08 2.953692662141946677e-05 1.643445006488256435e-05 1.243059800407195952e-04 7.658744356201683211e-05 3.578260757165067940e-04 4.000600104267235460e-04
1.000000000000000021e-08 1.000000000000000021e-08 1.000000000000000021e-08 1.000000000000000021e-08 1.000000000000000021e-08 1.000000000000000021e-08 1.000000000000000021e-08 1.000000000000000021e-08 1.562838813760063255e-05 2.077803989001937462e-05 2.825815046425175493e-05 2.674139040228538998e-05 2.461305614853780116e-05 2.361454442824484126e-05 2.537221243632813860e-05 1.000000000000000021e-08 1.000000000000000021e-08 1.000000000000000021e-08 1.000000000000000021e-08 1.000000000000000021e-08 1.000000000000000021e-08 1.000000000000000021e-08 1.000000000000000021e-08 1.000000000000000021e-08 1.000000000000000021e-08 7.442411481506430715e-05 1.655529834098423182e-04 1.624833120854250442e-04 1.802440550455322371e-04 2.956634017765851917e-04 2.654256108463183658e-04 2.244661529716833774e-04 2.006560489609697572e-04 1.550070710470052219e-04 1.490006354751105110e-04 2.468182006951958620e-04 1.947061855924119380e-04
1.000000000000000021e-08 1.000000000000000021e-08 1.000000000000000021e-08 1.000000000000000021e-08 1.000000000000000021e-08 1.000000000000000021e-08 1.000000000000000021e-08 1.000000000000000021e-08 1.000000000000000021e-08 1.000000000000000021e-08 1.000000000000000021e-08 1.000000000000000021e-08 1.000000000000000021e-08 1.366638691194430090e-05 1.605732290903670741e-05 1.000000000000000021e-08 1.000000000000000021e-08 1.000000000000000021e-08 1.000000000000000021e-08 1.000000000000000021e-08 1.000000000000000021e-08 1.000000000000000021e-08 1.000000000000000021e-08 1.000000000000000021e-08 1.000000000000000021e-08 4.826037190693110263e-05 5.456365898609367928e-05 1.550166372254954412e-04 2.895759699942825191e-04 2.569906129025144575e-04 4.077680732932919302e-04 3.729083187874865086e-04 3.569451021421796887e-05 1.597861767891716448e-05 3.730665886122053724e-05 1.986088963090141169e-04 1.769873347334911741e-04
