output/water_depth_2520.asc
ncols 223
nrows 158
xllcorner 0.0
yllcorner 0.0
cellsize 30.0
[rows 102 to 118 of 158, columns 148 to 184 of 223]
1.000000000000000021e-08 1.000000000000000021e-08 7.079119818815836948e-05 1.836970502197808754e-05 2.562991556147049466e-05 1.000000000000000021e-08 5.499540629415593674e-05 2.095592289026422536e-05 1.000000000000000021e-08 1.000000000000000021e-08 1.000000000000000021e-08 3.542330097141175666e-05 8.089485920179302104e-05 1.109497358208734816e-04 1.253073453695507326e-04 1.369742968619983286e-04 1.245611950085338999e-04 1.477553482219540937e-05 1.586976573015521039e-05 5.307491376151376794e-05 6.410813087985749235e-05 3.669460008749012188e-04 5.101090857707378068e-05 2.348393291341754660e-05 3.255282583832779940e-05 1.161192865895838150e-05 1.000000000000000021e-08 2.071328249224679149e-05 3.130143158548709940e-05 4.256644151305224554e-05 5.495877602125655005e-05 2.317603487537315792e-05 5.025030843407479102e-05 5.471236578903245336e-05 1.525676802845991789e-04 7.585067585329032555e-05 1.405229435156283321e-04
1.454143077156098838e-05 3.871407263466061083e-05 4.134897381509409359e-04 2.396743920410731376e-05 1.000000000000000021e-08 1.000000000000000021e-08 1.000000000000000021e-08 1.000000000000000021e-08 1.000000000000000021e-08 1.000000000000000021e-08 1.000000000000000021e-08 1.000000000000000021e-08 1.000000000000000021e-08 1.101923370289574272e-04 1.585248147587524923e-04 1.892991745212022905e-04 1.573437875712018592e-05 1.000000000000000021e-08 1.000000000000000021e-08 1.000000000000000021e-08 1.000000000000000021e-08 6.367511956232826172e-05 5.686763332986727879e-05 5.900480829828127322e-05 8.586268647028965544e-05 6.959559611631282007e-05 2.607279956833363503e-05 2.550429756437617323e-05 2.963754642375577186e-05 4.860147739139009538e-05 5.326125944742041997e-05 1.268181087736024615e-04 4.479228206991961415e-05 9.287358449951793550e-05 1.030711423799306295e-04 2.781807058312703806e-04 2.598553595676019552e-04
3.949951855135214911e-05 3.484817500505778395e-05 3.074026477725595459e-05 1.000000000000000021e-08 1.000000000000000021e-08 1.000000000000000021e-08 1.000000000000000021e-08 1.000000000000000021e-08 1.000000000000000021e-08 1.000000000000000021e-08 1.000000000000000021e-08 1.000000000000000021e-08 1.000000000000000021e-08 1.181902577552541031e-04 1.883434978551555886e-04 1.531466371877468954e-05 1.916195421798832813e-05 1.000000000000000021e-08 1.312476934451837064e-04 1.872626362160830415e-04 3.521199744530838921e-04 7.862952958731124205e-05 2.279321936284837698e-04 3.062239835171788843e-04 4.214767346991844668e-04 4.075135610767970833e-04 5.560200123836405058e-04 1.185340576228492010e-03 3.614840159414006216e-04 3.028600095170743680e-04 3.910516898291149530e-04 1.305024478092349028e-04 1.541827833904680506e-04 5.301338121111900920e-05 5.090103954690739451e-05 2.724468178160951992e-05 4.228913260841490494e-05
4.627639240753120796e-05 3.239834299596978549e-05 2.159708067943552759e-05 1.000000000000000021e-08 1.000000000000000021e-08 1.000000000000000021e-08 1.000000000000000021e-08 1.000000000000000021e-08 1.000000000000000021e-08 1.000000000000000021e-08 1.000000000000000021e-08 1.000000000000000021e-08 1.000000000000000021e-08 9.911755689082103456e-05 2.313826656088746592e-04 4.065223150519456678e-04 8.386743087038570467e-05 5.112134901028024439e-05 5.644354017389376207e-05 1.000763480170219883e-04 1.033600778351530632e-04 1.597915246664621878e-04 1.565791621472782224e-04 2.684310886465836364e-04 3.452297570527818570e-04 7.815075231851458925e-04 9.699484650882599958e-04 3.857001058747823539e-03 8.707315191469934285e-04 1.135522235283908596e-03 9.221769677647479249e-04 1.308484736560657901e-03 1.515634151790950764e-03 1.743976215255825697e-03 1.302368354832075543e-03 1.516369608628158772e-03 1.126145303355230746e-03
2.682134818581331421e-05 2.389177330550345239e-05 1.000000000000000021e-08 1.000000000000000021e-08 1.000000000000000021e-08 1.000000000000000021e-08 1.000000000000000021e-08 1.000000000000000021e-08 1.000000000000000021e-08 6.255795420499713909e-05 1.000000000000000021e-08 1.000000000000000021e-08 1.000000000000000021e-08 1.000000000000000021e-08 1.000000000000000021e-08 1.000000000000000021e-08 1.000000000000000021e-08 5.247781725900636557e-05 8.970692722465726837e-05 9.097028019040357132e-05 1.494677723482054350e-04 1.306114081585238928e-04 1.759340523623386266e-04 1.613008203422086769e-04 3.110156077448136651e-04 5.587462996982649503e-04 1.020273332703892141e-03 1.247597622578523486e-03 3.063732812016726863e-03 2.887867571688346527e-03 4.157742860941475091e-03 4.295048915943812211e-03 5.650047531785593914e-03 5.807583309306583660e-03 7.803398169589296184e-03 7.721595927891517462e-03 9.536052700954002898e-03
9.006341407253194015e-05 1.010735421518103765e-05 1.000000000000000021e-08 1.000000000000000021e-08 1.000000000000000021e-08 1.000000000000000021e-08 1.000000000000000021e-08 1.000000000000000021e-08 1.228732408340556137e-05 1.000000000000000021e-08 1.000000000000000021e-08 1.000000000000000021e-08 1.000000000000000021e-08 1.000000000000000021e-08 1.000000000000000021e-08 1.000000000000000021e-08 1.000000000000000021e-08 1.599392398100879807e-05 1.631061930256959248e-04 4.519229069199298893e-05 4.417645880702001688e-05 8.636144684080380128e-05 1.042068654333522856e-04 1.874181289088910896e-04 3.228804464478887476e-04 1.139324899480551826e-03 1.781502342731958611e-04 7.302962727574649048e-05 4.880564573742008001e-04 9.476409272759649160e-05 2.960283510013794295e-04 2.445841136647843462e-04 2.429423160552836216e-04 2.471014689572223434e-04 2.894566598243697854e-04 5.136575229818579526e-04 2.280693527935875441e-03
1.100503086971525349e-04 3.358640585678530633e-05 1.000000000000000021e-08 1.000000000000000021e-08 1.000000000000000021e-08 1.000000000000000021e-08 1.000000000000000021e-08 1.524159892560903037e-05 1.265812951243892415e-04 1.000000000000000021e-08 1.000000000000000021e-08 1.000000000000000021e-08 1.000000000000000021e-08 1.000000000000000021e-08 1.383707483687827981e-05 1.566875328882839544e-05 5.486942887775532365e-05 1.604580609910704172e-04 1.714273268408154905e-04 1.663587985974892939e-04 1.821617719962066186e-05 2.429132414209333578e-05 5.550689408790042976e-04 8.499200061862430267e-04 6.568293766927346721e-04 5.223172761293776167e-04 9.531560129517491090e-05 3.723985827340108745e-05 3.240511937908672693e-05 5.255533717977008769e-05 8.783064907057577418e-05 1.150553184068304449e-04 9.653264805610673328e-05 1.271669700361243241e-04 1.131665968714353810e-04 5.454739954260195934e-04 5.815101923646828113e-04
1.867718168215076128e-04 5.514658233021129736e-05 3.198002870457148419e-05 1.000000000000000021e-08 1.000000000000000021e-08 1.000000000000000021e-08 3.496766631503957391e-05 2.343834040832843389e-04 1.000000000000000021e-08 1.000000000000000021e-08 1.000000000000000021e-08 1.000000000000000021e-08 1.000000000000000021e-08 1.000000000000000021e-08 1.749554772349854584e-05 1.000000000000000021e-08 4.061775242270351647e-05 1.000000000000000021e-08 1.000000000000000021e-08 1.000000000000000021e-08 1.000000000000000021e-08 1.000000000000000021e-08 1.107954718149764913e-04 1.000000000000000021e-08 1.226754867518812129e-05 1.000000000000000021e-08 1.000000000000000021e-08 3.944514928532868634e-05 6.695882603375839424e-05 9.741980613009168565e-05 1.419385465677841507e-04 1.446048167036763398e-04 2.170037228705257084e-04 2.085310053774332259e-04 3.276312554631845633e-04 3.351902464482543493e-04 3.901830219862546692e-04
2.062614905334128894e-04 1.077485180472616223e-04 7.773661430923933054e-05 2.866703540882630758e-05 1.000000000000000021e-08 6.029408668094401406e-05 3.414496215944228148e-04 1.413560330262195696e-05 1.484476711736170063e-05 1.000000000000000021e-08 1.000000000000000021e-08 1.000000000000000021e-08 1.000000000000000021e-08 1.000000000000000021e-08 2.484049332597405130e-05 1.000000000000000021e-08 3.551223254831419095e-05 1.000000000000000021e-08 1.977367180987615034e-05 1.000000000000000021e-08 1.000000000000000021e-08 3.376947297263149333e-05 5.079868918595754744e-05 6.171199812228999812e-05 1.000000000000000021e-08 1.000000000000000021e-08 7.154498940683294355e-05 3.079108825439454741e-04 3.054935166681511309e-04 1.904299268384150329e-04 1.282887337197039670e-05 1.623387491159949335e-05 1.275506029329735169e-05 2.329095989955618870e-05 2.700536298127313096e-05 4.744848943136179584e-05 9.858005081122711447e-05
3.134584884635465405e-04 1.451268423230496680e-04 1.463820803174097822e-04 6.292259343579875675e-05 1.266305356590870113e-05 6.892521324258301014e-05 6.460137467189543798e-05 1.000000000000000021e-08 1.000000000000000021e-08 1.000000000000000021e-08 1.000000000000000021e-08 1.000000000000000021e-08 1.000000000000000021e-08 1.000000000000000021e-08 4.370325933823914128e-05 3.129832641288944508e-05 3.620987490926809259e-05 1.519061041513702628e-05 6.824833181212340582e-05 1.179286156056234908e-05 1.940819076518683113e-05 5.570825799113221727e-05 1.000000000000000021e-08 1.000000000000000021e-08 1.000000000000000021e-08 1.000000000000000021e-08 1.000000000000000021e-08 1.000000000000000021e-08 1.353539882428576944e-05 1.975360929700907873e-05 2.059955926937803890e-05 1.300042130156494657e-05 5.681059857443022883e-05 1.000000000000000021e-08 1.000000000000000021e-08 1.000000000000000021e-08 1.402444246988804854e-05
2.617025694254442383e-04 2.666550301380839509e-04 3.423835611293284727e-04 1.108848752461226119e-04 3.430075599128296873e-05 1.169044429394690835e-04 1.005566698019407223e-04 1.000000000000000021e-08 1.000000000000000021e-08 1.000000000000000021e-08 1.000000000000000021e-08 1.000000000000000021e-08 1.000000000000000021e-08 1.000000000000000021e-08 6.127380432969575048e-05 4.637260763698691264e-05 4.484497535521604649e-05 1.000000000000000021e-08 7.571568005204950657e-05 2.514568833163584793e-05 3.261751997730738295e-05 7.684169528831098024e-05 1.000000000000000021e-08 1.000000000000000021e-08 1.000000000000000021e-08 1.000000000000000021e-08 1.000000000000000021e-08 1.000000000000000021e-08 1.000000000000000021e-08 1.000000000000000021e-08 1.008061316653548851e-04 3.528639276669989490e-05 6.553319057385058885e-05 1.000000000000000021e-08 1.000000000000000021e-08 2.542684308203397155e-05 1.000000000000000021e-08
3.310657754555671795e-04 2.893174434015234327e-04 5.798323640377339456e-04 9.489232579310469175e-05 1.707852458996568230e-04 1.048459128946557464e-04 3.710197289472425805e-05 2.176668937005601904e-05 2.093283021867988101e-05 1.000000000000000021e-08 1.000000000000000021e-08 2.620813610420856529e-05 1.000000000000000021e-08 1.901934038979867248e-05 1.000000000000000021e-08 5.707594045199490334e-05 1.000000000000000021e-08 1.000000000000000021e-08 8.282277982183083561e-05 2.666920602618281006e-05 1.000000000000000021e-08 7.954776336873439725e-05 1.000000000000000021e-08 1.000000000000000021e-08 1.000000000000000021e-08 1.000000000000000021e-08 1.000000000000000021e-08 1.000000000000000021e-08 6.726878245191643076e-05 1.000000000000000021e-08 1.000000000000000021e-08 3.087425419905389626e-04 1.590125068542846867e-04 4.394321573527133821e-05 1.233904524337447344e-04 2.705549359325316156e-04 4.885244244056161062e-05
1.460860728840208123e-01 5.402925352556740141e-02 3.065302563125806706e-02 2.656232339169144543e-02 2.760574016569568973e-04 1.144136882061248637e-04 8.102356440297773675e-05 3.976011839185901865e-05 4.934119305504861230e-05 1.000000000000000021e-08 1.000000000000000021e-08 1.000000000000000021e-08 1.000000000000000021e-08 1.000000000000000021e-08 1.177814261481472260e-05 1.281178437701326685e-04 1.927393014981405395e-05 1.000000000000000021e-08 8.472429094809291294e-05 1.000000000000000021e-08 1.020784707119969319e-05 8.323120642957326744e-05 1.000000000000000021e-08 1.000000000000000021e-08 1.000000000000000021e-08 1.000000000000000021e-08 1.000000000000000021e-08 1.000000000000000021e-08 1.000000000000000021e-08 1.000000000000000021e-08 1.000000000000000021e-08 4.847688076493199315e-04 7.336625288391691218e-04 4.850437569730146198e-02 7.816602341499834239e-02 8.869782784889716776e-02 9.197580426491877570e-02
1.594020304556885426e-01 3.413859502691246606e-01 5.621611916720089530e-01 5.312272572182334951e-01 5.204509309313692933e-01 8.348797383968285313e-05 1.895564070871044900e-04 2.075167937355957401e-05 7.325699270495181507e-05 1.000000000000000021e-08 2.648877365235276053e-05 1.000000000000000021e-08 1.000000000000000021e-08 1.000000000000000021e-08 1.044539111764102166e-05 1.230104609199476385e-04 1.000000000000000021e-08 1.063546831475289484e-04 1.553320715798822764e-05 1.000000000000000021e-08 1.704094105141615715e-05 1.070261685072824835e-04 1.000000000000000021e-08 1.000000000000000021e-08 1.000000000000000021e-08 1.000000000000000021e-08 1.000000000000000021e-08 1.000000000000000021e-08 1.000000000000000021e-08 3.848560506219967232e-05 1.744637265674313278e-05 2.392512768967121062e-01 1.898736315793523310e-01 1.197685059435912580e-01 3.430440991923434241e-02 2.168366027700808704e-02 9.977510229752047446e-03
2.643562983489505247e-01 1.358220720890885025e-01 6.746346215157023041e-02 5.024882060907229775e-01 4.923480436593999920e-01 4.443351489486146444e-01 2.580611191556623774e-01 1.456327791323566156e-01 5.340187604915945518e-02 5.139511329559615094e-02 3.681118371964576261e-04 1.000000000000000021e-08 2.742253951221242464e-05 2.936915782363843156e-05 2.970528469651237825e-05 1.494271217390048812e-04 1.441186842377854307e-05 1.133649065953704250e-05 1.620772284029919544e-05 1.000000000000000021e-08 4.808143395361925049e-05 1.000000000000000021e-08 1.171442892366389682e-05 1.000000000000000021e-08 1.000000000000000021e-08 1.000000000000000021e-08 1.000000000000000021e-08 5.461514222296152808e-05 1.090379011871336315e-04 2.336370640877400984e-01 2.213896993511845768e-01 1.413619525498878149e-01 1.000000000000000021e-08 1.000000000000000021e-08 2.748474478762632028e-05 5.156345001514618079e-05 5.937448201356023471e-05
1.996649774739018245e-03 3.285316472622054921e-04 3.818429155757737466e-04 1.662104309473138707e-03 3.052395611933590453e-03 1.983174846161680962e-03 1.735615362044709564e-01 3.096001702560263191e-01 3.515569400992399340e-01 3.898277056516106231e-01 4.784282871593518727e-01 4.305779728403281159e-01 6.975720686124674145e-04 5.387349942042470551e-04 8.292004546895928238e-04 3.461753725483701898e-04 2.096080930388239625e-05 1.962576950223790333e-04 2.478669409488546554e-04 2.395120234081111630e-04 4.874478137744326159e-04 1.497466416555164525e-04 1.723794754019928211e-05 1.638564362570821742e-05 1.000000000000000021e-08 1.000000000000000021e-08 1.000000000000000021e-08 3.132479403468620971e-01 3.059740756579163445e-01 2.617174342845478008e-01 2.504540992702473101e-01 1.806635376863897034e-04 7.098264387637735133e-05 5.677871637306987075e-05 2.238687936885308376e-05 3.227607618242877424e-05 1.000000000000000021e-08
2.793855927936871801e-04 2.639548932026273133e-04 3.853606312878976180e-04 2.633776657087834772e-04 7.487484353679444218e-04 8.882922007854374830e-04 1.048704542970857207e-03 7.642385657668105542e-04 5.721875895127966939e-04 5.700639403370704643e-04 1.254681830374003177e-03 3.488908186270865963e-01 3.376299730569922719e-01 3.654981969355593496e-01 3.174043150744622066e-01 3.802783272987144136e-01 3.426393534334730706e-01 2.927680519315724594e-01 2.860791763535212584e-01 4.096316210886182252e-01 3.873646909629210877e-01 3.615597413187233156e-01 3.310348726531139318e-01 2.924880131348991386e-01 2.376295138870063439e-01 2.321435546030784225e-01 3.670103286254922659e-01 3.369753173777753630e-01 3.296997459885163129e-01 3.583370246798221726e-04 1.000000000000000021e-08 1.000000000000000021e-08 3.663113924455895312e-05 5.353912341667129544e-05 1.210240098528144858e-04 1.203002088760926072e-04 2.009130586324229650e-04
