output/water_depth_6480.asc
ncols 223
nrows 158
xllcorner 0.0
yllcorner 0.0
cellsize 30.0
[rows 68 to 84 of 158, columns 74 to 110 of 223]
4.240418947353245414e-05 3.084473907414783406e-05 3.215059264797150824e-04 1.345106300331300620e-05 1.717525290129673411e-05 1.410535878729726725e-05 1.813378766068013642e-04 1.426875602939091804e-04 9.231987900497738860e-05 5.924849830581161130e-05 3.895113135844497531e-05 2.430406153939369579e-04 7.213952977565663656e-04 1.052097588398069952e-03 2.340337231749589197e-03 2.972838378232668492e-03 6.614888059143692088e-04 2.134130555084878323e-04 1.735008150648816245e-04 1.967045296651016200e-04 1.026504904515190527e-03 1.375766102901392323e-03 1.823725411607188436e-03 1.481114416087996044e-03 1.592020305540441452e-03 9.542704406977384028e-04 1.243308493493323506e-03 9.620909004152691183e-04 1.063388600424864088e-03 1.065907636033008215e-03 1.823772679134932732e-03 1.998356867217480296e-03 1.328952386704009090e-03 9.465768629130160783e-04 8.398062239785037287e-05 2.628171455400412626e-05 2.250455046655782049e-05
6.037353883726156350e-04 5.567661460428910934e-04 3.739060789104556651e-04 2.836887000578497279e-04 1.900253672972136102e-04 1.143556241595500658e-04 9.377719570773032913e-05 1.061326814124254877e-04 1.299627211768535464e-04 1.221817038451123349e-04 1.127011391566795374e-04 1.932543212488193110e-04 4.006774030677574469e-04 8.423991477261459550e-05 2.092160769748448168e-04 4.809591623434483505e-04 3.468991340561335579e-04 4.662440047374260448e-04 1.935512166736692180e-04 3.138524004071394004e-04 3.471252658840589048e-04 4.381658142544872037e-04 3.131766894663183184e-04 4.120681360064134061e-04 3.217348543975832344e-04 5.763724547172938920e-04 8.490572441126712248e-04 9.567642737772375644e-04 6.828922463718602436e-04 7.358981947614428882e-04 8.086238250323237765e-04 9.834634666442453391e-04 1.570777772722909728e-03 1.661805122700892121e-03 5.405424951131496732e-04 4.784508182574462309e-04 1.548253713029365943e-04
6.134155003888324418e-04 4.886887522115920942e-04 4.525881526941986726e-04 2.712307253392180675e-04 1.806602364703482617e-04 1.311073018876991281e-04 1.440466532058834492e-04 1.572247219012285174e-04 1.977980374478503008e-04 1.685630913575780158e-04 1.503842419811670262e-04 1.550130226307469821e-04 2.635522892919676735e-04 3.521779465790193906e-05 3.138273902282507299e-04 2.412351916482456302e-04 4.913242349309012444e-04 6.725689743469246643e-04 5.954493751259586813e-04 1.341586160463140902e-03 2.264118770758241812e-03 2.056116535600085744e-03 2.734830714169419509e-03 2.334515334360630009e-03 2.520477840583669211e-03 2.060598721021081672e-03 1.941237856144888878e-03 3.156201722738688747e-03 4.733919802271405945e-04 5.956642927424136242e-04 4.489829807634386754e-04 6.122039830631845333e-04 7.169364780409579960e-04 1.845557596590118943e-03 2.657264556393374409e-03 2.487977503988781421e-03 3.351208986827403698e-03
5.451635841462144569e-04 3.032136292191781567e-05 1.000000000000000021e-08 4.244390901273490990e-05 3.992567652158495617e-05 4.845046865194633698e-05 5.364599723570841135e-05 5.569732336719381309e-05 5.739512002833829037e-05 7.652370801593739492e-05 1.442055159420631267e-05 5.611796223132420639e-05 7.531978186842428131e-05 1.078565355739029025e-03 9.612996948605553654e-04 5.415609405894154489e-04 7.509515173149056751e-04 1.080176315514945300e-03 4.945433409692836894e-03 3.607208985212491219e-03 2.352290233800515343e-03 1.725241221450763947e-03 9.577126469264751665e-04 5.463163795984864657e-04 1.299659193757277467e-03 8.982739226353875749e-04 1.481412795665038506e-03 5.607783395868866632e-04 6.413827918564771104e-04 5.065271500878797302e-04 6.280972315695565944e-04 5.034800825390690557e-04 6.708843936679668865e-04 8.039439686984102204e-04 2.643142185478591054e-03 1.836269468749883059e-03 2.459233785119669270e-03
4.215093631636068045e-04 4.308855212788812177e-04 1.189438465226843775e-04 7.347313631408738401e-05 1.268668181589701802e-04 1.084308893963542298e-04 1.147425736247851977e-04 1.238024928420762636e-04 4.438105960586679260e-05 1.886160489329214064e-05 3.597112782723351052e-05 4.413542865345180800e-05 6.617253833020143665e-05 6.631552634117967042e-05 1.947421025161071755e-04 2.164109575448287706e-04 3.908345417524794170e-04 3.491107665112947269e-04 1.264812289804192070e-03 7.282635282468808520e-04 4.168069499058905253e-04 2.482399414513234543e-04 1.082558720735869409e-04 1.738067736144783681e-04 3.531885214491772883e-04 5.234035681570433068e-04 5.534760633604600107e-04 6.872590289623140610e-04 4.015750795562962193e-04 6.675602316373831962e-04 2.264144399581800263e-04 4.017994519912608726e-04 3.528696255537192971e-04 5.242500365303374337e-04 4.667701758244003187e-04 2.177890841064977680e-03 1.272507065380329601e-03
5.585924332817284290e-04 6.175183813645063321e-04 3.766181709834597226e-05 5.669543788290697507e-05 1.554942710419794546e-05 2.815546777002332879e-05 2.403723639938818717e-05 3.793254151255269621e-05 7.834563192741632884e-05 1.630978771257666181e-04 1.933926539931790504e-04 2.593275075371815589e-04 2.357815434061635027e-04 3.061034146622614027e-04 2.626117652571514265e-04 3.369951260469095989e-04 3.425951446145033240e-04 4.740001741748133815e-04 3.953908241768872944e-04 6.142403470255706609e-04 5.071573799207225366e-04 6.247269274074477479e-04 4.651882366668660691e-04 5.517946259424405487e-04 1.869227939897125297e-04 1.784418589015021616e-04 2.096003951866402197e-04 7.153112586803059584e-04 7.645155084999783520e-04 6.038721271022741074e-04 1.015425765224772141e-03 7.543327776687304377e-04 8.842881011839660464e-04 6.649852851478651626e-04 2.710782920517611910e-03 2.441971413096193783e-03 1.868966885738960809e-03
1.000000000000000021e-08 7.076523532799481762e-04 1.111305047448209356e-03 1.301331879415228328e-03 1.062976205560615169e-03 7.828882891537900261e-04 5.502654108118500099e-04 3.041176400714870799e-05 6.017890034055833182e-05 6.636872193161489719e-05 1.141927558717087914e-04 1.110009297003137244e-04 1.495644827196611251e-04 1.527275456693256593e-04 2.210089362466215396e-04 9.849410448894238036e-04 5.898419417411674900e-04 3.859028004612717350e-04 3.202023531114732836e-04 3.872019781176514299e-04 7.698312062548806969e-04 1.584536334325978735e-04 2.428750301814467868e-04 2.462205585639573049e-04 3.080163608964873231e-04 3.673602524063457764e-04 2.451199056174553984e-04 2.784664488781040661e-04 3.208884312004609603e-03 5.664865978237015095e-04 5.120456488298789650e-04 3.825874258798180527e-04 3.844968001771605472e-04 2.926971685332722104e-04 2.078034997495940318e-03 3.557722890967325666e-03 1.356060195276744722e-03
1.000000000000000021e-08 1.000000000000000021e-08 1.418659356059643336e-05 1.233780752871883456e-05 6.053805113322499598e-04 7.006163684348527647e-04 6.164540969767697172e-04 5.138665447267111962e-04 2.817164814680180127e-04 1.846462570309556357e-04 2.014199686676697754e-04 2.406312849401406222e-04 3.376808239764658671e-04 3.461728574729380369e-04 4.474791659835397682e-04 7.832916823244244790e-04 9.009570335920161861e-04 7.305082620462309529e-05 5.675748913034336441e-05 4.742173777245535700e-05 5.913859642409288189e-05 5.633770681092136189e-05 8.408893479058049869e-05 1.214989143044784762e-04 2.050542764756377399e-03 2.241686783271214928e-03 2.950705786397687502e-03 1.973932152073336419e-03 1.623102090819248788e-03 1.934703892438040425e-03 5.121710834739050472e-04 6.486324912287948436e-04 4.400813313689572745e-04 2.232166184849538020e-04 8.206985715591770709e-04 2.421719101490090766e-03 1.992877696035957272e-03
2.760005843122827359e-05 1.000000000000000021e-08 1.000000000000000021e-08 1.248307714842146292e-05 1.000000000000000021e-08 3.354260178880705110e-05 1.207446635218777223e-04 1.263949374872020955e-04 8.488038483444748530e-05 6.741766179010491653e-05 7.644020938736942902e-05 4.408206069721609796e-04 2.147586928811037014e-05 2.744647717097941373e-05 4.738588656095031452e-04 8.203700196456524627e-04 8.653845347172802946e-04 2.391147404106902389e-04 9.200957570627032772e-05 7.899504209524376591e-05 6.594032200928170203e-05 8.512494100550011791e-05 7.029653135221372638e-05 4.726751417186078066e-04 2.869697229711270668e-05 5.156755138207611515e-05 6.030287831326413910e-05 1.400055563342195901e-03 2.778159259394507056e-04 2.797568738818873545e-04 4.047916736588640920e-04 3.824647409852845810e-04 2.925372831259810853e-03 1.329756885524740855e-03 1.801212830836667646e-03 6.787484833673169439e-03 2.053765073013539416e-02
9.268718086875508803e-05 8.718687492228402436e-05 7.469406690291701724e-05 1.000000000000000021e-08 1.000000000000000021e-08 1.000000000000000021e-08 1.000000000000000021e-08 1.000000000000000021e-08 1.000000000000000021e-08 1.000000000000000021e-08 3.705345117205878464e-05 1.813080591991714365e-05 2.792740140240597283e-04 1.087893332988442715e-05 3.821458580680269727e-04 5.969502521504251686e-04 8.714848568042519571e-04 6.482865354383761521e-05 1.200492533870945117e-04 1.583324728332428705e-04 2.000776835950640207e-04 1.587140381556239363e-04 7.623385382050073536e-04 4.988557753217289989e-04 3.512691767301211795e-04 1.989793047731879764e-04 1.000000000000000021e-08 1.404124265076910863e-04 1.282108442021787239e-04 3.006918424876018291e-04 1.077910410279748799e-04 7.562872595742086085e-04 6.951029801733837150e-04 5.195970601847318786e-04 4.112050682478816206e-04 3.892622728817254365e-04 3.249763251124725312e-03
2.704447210851566947e-05 7.070013829006730171e-05 1.000000000000000021e-08 1.000000000000000021e-08 2.425449909961920294e-05 2.549492383918382671e-05 1.000000000000000021e-08 1.000000000000000021e-08 1.203831925703324583e-04 1.000000000000000021e-08 1.950752683148895445e-05 1.541112045256055264e-05 4.258577521234932321e-05 3.261205574230383389e-04 3.404332841869033509e-04 5.039538955695487682e-04 6.202368019809587226e-05 1.597858974594550206e-04 8.614807217033314810e-05 7.777203982664546741e-05 7.093904752601589824e-05 9.948090471026376630e-05 1.593944250414306666e-04 8.346824554981162238e-04 6.362750003726404518e-04 4.768602960264953206e-04 3.026249742576266489e-05 5.239263953461043894e-05 1.523542548588771920e-04 3.427675021771415653e-04 5.778057970744227695e-04 1.642663963353560921e-03 1.188218500762492670e-03 9.610816775467838921e-05 1.159649304703229048e-04 8.806877887946467937e-05 3.465994338455904815e-03
1.000000000000000021e-08 1.000000000000000021e-08 1.000000000000000021e-08 1.000000000000000021e-08 1.000000000000000021e-08 1.702769929980836223e-05 1.319443197869378859e-05 1.377631951637982036e-05 1.000000000000000021e-08 1.000000000000000021e-08 1.000000000000000021e-08 1.000000000000000021e-08 4.186042937933594243e-05 1.363772188392540866e-05 1.434400084432077509e-05 7.267171850097994064e-05 6.260254001644916010e-04 8.537186032629645669e-05 2.348218480370690010e-04 2.405325952946227937e-04 1.552580265747083321e-04 4.837113241063042176e-05 9.106796525594235570e-05 7.636858720699131941e-04 8.662822821096759088e-05 1.656560066412349262e-04 6.022105349854468348e-05 1.859441661546990020e-04 2.606890098796366974e-04 3.632742076823276801e-04 3.341370700746391009e-04 7.804513765145575273e-04 3.339106356194177015e-04 3.210833984158173210e-04 9.899273898315346851e-05 1.652175118035150694e-04 2.096356632222358190e-04
1.000000000000000021e-08 1.000000000000000021e-08 1.000000000000000021e-08 1.000000000000000021e-08 1.000000000000000021e-08 1.000000000000000021e-08 1.412401315661051983e-05 2.210848220847317632e-05 2.467393240883434527e-05 3.916651096738981623e-05 2.937932974655712765e-05 1.000000000000000021e-08 1.000000000000000021e-08 1.000000000000000021e-08 1.000000000000000021e-08 1.000000000000000021e-08 3.988740249049847210e-04 3.561553892089523742e-04 5.173171287864851593e-04 5.062628212548672246e-04 7.378305145138835128e-05 9.737859457340848103e-05 3.082317942214959537e-05 1.678013635084857108e-04 2.339143013988110708e-04 2.671626274768075342e-04 3.019987291569382155e-04 3.518780949772218553e-04 1.710495789613766977e-03 1.163798840628381751e-03 8.379377647350225644e-04 9.518727770512478738e-04 6.412596975417492228e-04 7.024214816306402660e-04 1.284310427607095553e-04 4.171291125457228467e-05 8.472027964436114984e-05
1.000000000000000021e-08 1.000000000000000021e-08 1.000000000000000021e-08 1.000000000000000021e-08 1.000000000000000021e-08 1.000000000000000021e-08 1.693815797781194653e-05 1.000000000000000021e-08 1.997136603218256306e-05 2.271164727837106918e-05 3.291078785011731389e-05 1.000000000000000021e-08 1.000000000000000021e-08 2.256404541576218097e-05 8.243684146131717767e-05 1.000000000000000021e-08 2.188249108343796846e-04 2.133485608105902453e-04 9.134657842701040696e-05 2.564557004066235924e-04 1.328434421693448146e-04 7.022967921343925709e-05 1.644890180710932635e-04 6.918581596471582882e-04 5.162861581455351973e-05 8.374666086438884165e-05 9.271600537106176117e-05 6.395639293849777248e-04 4.993480372605840940e-04 9.631726437289517490e-04 9.527671517300942894e-04 6.879677035122558782e-04 1.357549580760586481e-04 3.723817891970476572e-03 4.874783159482669846e-03 3.104138875745480249e-03 3.246887364187496083e-03
1.000000000000000021e-08 1.000000000000000021e-08 1.000000000000000021e-08 1.000000000000000021e-08 1.000000000000000021e-08 1.000000000000000021e-08 1.000000000000000021e-08 1.000000000000000021e-08 2.111970700488742709e-05 3.822322887195811161e-05 5.105408175077616819e-05 5.053731894574001816e-05 5.084528328190938290e-05 3.356158003534113441e-05 4.902558738960944467e-05 4.847477940709112379e-05 1.000000000000000021e-08 1.000000000000000021e-08 1.000000000000000021e-08 1.000000000000000021e-08 1.158677770442922804e-04 1.277774959228117476e-04 1.134858635180418227e-04 2.390607130843141494e-04 2.683426805459346830e-04 3.214227195071089763e-04 2.635737129467681560e-04 1.343160107256871280e-03 1.076737052242994139e-03 1.044258778668094795e-03 1.364830883786325247e-04 2.493119262390279664e-04 2.019124625578789904e-04 1.086614871660702237e-03 4.386009283048934943e-04 1.954338959999758416e-03 2.129163540468696162e-03
1.000000000000000021e-08 1.000000000000000021e-08 1.000000000000000021e-08 1.000000000000000021e-08 1.000000000000000021e-08 1.000000000000000021e-08 1.000000000000000021e-08 1.000000000000000021e-08 4.246576295522302763e-05 5.389748317184850113e-05 7.286931460700986005e-05 7.133972874332350099e-05 6.411101769282655694e-05 5.766246292073319758e-05 5.884270037383180954e-05 1.000000000000000021e-08 1.000000000000000021e-08 1.000000000000000021e-08 1.000000000000000021e-08 1.000000000000000021e-08 1.000000000000000021e-08 1.000000000000000021e-08 1.000000000000000021e-08 1.000000000000000021e-08 1.000000000000000021e-08 2.377347517030136889e-04 5.287028622526355375e-04 8.938710156728158765e-04 1.068740519084532183e-03 1.781873960635060221e-03 1.662354382666767199e-03 1.168070561503716789e-03 9.364286044029422997e-04 6.174535211348800533e-04 5.968709781094245050e-04 1.195855840504167359e-03 9.742294281681998557e-04
1.000000000000000021e-08 1.000000000000000021e-08 1.000000000000000021e-08 1.000000000000000021e-08 1.000000000000000021e-08 1.000000000000000021e-08 1.000000000000000021e-08 1.000000000000000021e-08 1.000000000000000021e-08 1.000000000000000021e-08 1.000000000000000021e-08 1.000000000000000021e-08 1.000000000000000021e-08 3.248135562357837872e-05 3.767259635390537292e-05 1.000000000000000021e-08 1.000000000000000021e-08 1.000000000000000021e-08 1.000000000000000021e-08 1.000000000000000021e-08 1.000000000000000021e-08 1.000000000000000021e-08 1.000000000000000021e-08 1.080961500814503495e-05 1.000000000000000021e-08 1.748788831800880922e-04 1.852412705763599530e-04 7.878624158204371782e-04 1.538240099932874439e-03 1.249279250549423714e-03 2.126906996741896941e-03 1.759912037451399815e-03 2.106058811391845864e-04 1.801970041015783395e-04 2.116752200213135686e-04 9.727582963714729355e-04 8.930784195229706738e-04
