output/water_depth_5520.asc
ncols 223
nrows 158
xllcorner 0.0
yllcorner 0.0
cellsize 30.0
[rows 34 to 50 of 158, columns 148 to 184 of 223]
1.000000000000000021e-08 1.000000000000000021e-08 1.000000000000000021e-08 1.000000000000000021e-08 1.000000000000000021e-08 1.000000000000000021e-08 1.000000000000000021e-08 1.000000000000000021e-08 1.000000000000000021e-08 4.377766871100506510e-05 1.778425796693333493e-05 1.000000000000000021e-08 1.000000000000000021e-08 1.000000000000000021e-08 1.000000000000000021e-08 1.000000000000000021e-08 1.000000000000000021e-08 1.000000000000000021e-08 1.000000000000000021e-08 1.000000000000000021e-08 2.069247912106378460e-05 2.395768758236490627e-05 1.000000000000000021e-08 1.000000000000000021e-08 1.000000000000000021e-08 1.000000000000000021e-08 1.000000000000000021e-08 1.335010389658915025e-04 5.467379235750743915e-02 1.158748967996611583e-02 2.599415158002338339e-05 1.212332887806211840e-05 1.000000000000000021e-08 6.396445906538315938e-05 6.869946214160505503e-05 1.000000100000000021e-05 1.000000100000000021e-05
1.000000000000000021e-08 1.000000000000000021e-08 1.000000000000000021e-08 1.000000000000000021e-08 1.000000000000000021e-08 1.000000000000000021e-08 1.000000000000000021e-08 1.000000000000000021e-08 1.000000000000000021e-08 1.000000000000000021e-08 1.000000000000000021e-08 1.086987482524913647e-05 1.000000000000000021e-08 1.000000000000000021e-08 1.000000000000000021e-08 1.000000000000000021e-08 1.324173774569296338e-05 1.000000000000000021e-08 1.000000000000000021e-08 1.000000000000000021e-08 1.000000000000000021e-08 1.000000000000000021e-08 1.000000000000000021e-08 1.000000000000000021e-08 1.000000000000000021e-08 1.000000000000000021e-08 1.681996261422208358e-05 5.224579082772508321e-02 1.875193677075538690e-02 1.891151707848723497e-05 1.483763171486069272e-05 1.297795791481485215e-05 9.190774496531178232e-05 1.147083844401190722e-05 1.000000100000000021e-05 1.000000100000000021e-05 1.000000100000000021e-05
1.000000000000000021e-08 1.000000000000000021e-08 1.000000000000000021e-08 1.000000000000000021e-08 1.000000000000000021e-08 1.000000000000000021e-08 1.000000000000000021e-08 1.000000000000000021e-08 1.000000000000000021e-08 1.000000000000000021e-08 1.000000000000000021e-08 1.000000000000000021e-08 1.669075280626604589e-05 1.244313118346579577e-05 1.106487889958972672e-05 1.000000000000000021e-08 1.000000000000000021e-08 1.000000000000000021e-08 1.000000000000000021e-08 1.000000000000000021e-08 1.000000000000000021e-08 1.000000000000000021e-08 1.000000000000000021e-08 1.000000000000000021e-08 1.000000000000000021e-08 1.000000000000000021e-08 1.319439029338880049e-05 1.164930256285092412e-02 4.430250680140713251e-05 1.000000000000000021e-08 1.152390984235360846e-04 1.456891048043666627e-04 2.000037578137103594e-04 2.383603562831636963e-03 1.000000100000000021e-05 1.000000100000000021e-05 1.000000100000000021e-05
1.000000000000000021e-08 1.000000000000000021e-08 1.000000000000000021e-08 1.000000000000000021e-08 1.000000000000000021e-08 1.000000000000000021e-08 1.000000000000000021e-08 1.000000000000000021e-08 1.000000000000000021e-08 1.000000000000000021e-08 1.000000000000000021e-08 1.000000000000000021e-08 1.000000000000000021e-08 1.000000000000000021e-08 1.935342137666312822e-05 1.337362485142711615e-05 1.000000000000000021e-08 1.000000000000000021e-08 1.000000000000000021e-08 1.000000000000000021e-08 1.264164982696110406e-05 2.380226818823200164e-05 3.958278892463153669e-05 4.111547751628163148e-05 3.380163024143051972e-05 2.481460870914452469e-05 2.257549856795123319e-03 1.259847361277555838e-02 3.678843071094438225e-05 1.011115090425459402e-05 1.000000000000000021e-08 1.000000000000000021e-08 1.000000000000000021e-08 1.000000100000000021e-05 1.000000100000000021e-05 1.000000100000000021e-05 1.000000100000000021e-05
1.000000000000000021e-08 1.244787754524369226e-05 1.000000000000000021e-08 1.000000000000000021e-08 1.000000000000000021e-08 1.000000000000000021e-08 1.000000000000000021e-08 1.000000000000000021e-08 1.000000000000000021e-08 1.000000000000000021e-08 1.000000000000000021e-08 1.000000000000000021e-08 1.000000000000000021e-08 1.000000000000000021e-08 2.460521271062125469e-05 1.926536281287647879e-05 1.000000000000000021e-08 2.165644612253684196e-05 1.000000000000000021e-08 1.000000000000000021e-08 1.000000000000000021e-08 1.000000000000000021e-08 1.000000000000000021e-08 2.111765413853007717e-05 1.000000000000000021e-08 3.920593915411768219e-05 7.414109575438230376e-03 5.311218267761848646e-03 3.609371989670935100e-05 1.551648864065124879e-05 1.142613223712820999e-05 1.000000000000000021e-08 1.000000000000000021e-08 1.000000000000000021e-08 1.360412197070264070e-05 2.420639267341227752e-03 1.000000100000000021e-05
1.533857457182092807e-02 6.712091454416363803e-03 5.100511870564841660e-05 1.000000000000000021e-08 1.000000000000000021e-08 1.000000000000000021e-08 1.000000000000000021e-08 1.000000000000000021e-08 1.000000000000000021e-08 1.000000000000000021e-08 1.061425691322872520e-05 1.000000000000000021e-08 1.000000000000000021e-08 1.000000000000000021e-08 1.000000000000000021e-08 1.000000000000000021e-08 2.211292928638066275e-05 2.672550696429705914e-05 1.000000000000000021e-08 1.000000000000000021e-08 1.000000000000000021e-08 1.000000000000000021e-08 1.000000000000000021e-08 1.000000000000000021e-08 1.000000000000000021e-08 4.124965079370603211e-05 8.846510567621045790e-03 3.966030223938536714e-03 4.653411727806982254e-05 4.469141985010191266e-05 4.124892700385435695e-05 1.492521353989228816e-05 1.000000000000000021e-08 3.531889479539569970e-05 4.895041187082246545e-05 3.205579707672127779e-04 1.977593665872351314e-05
3.361940156069966046e-02 3.791684555213499508e-02 1.390364879547400373e-02 3.487670945728017145e-05 1.000000000000000021e-08 1.000000000000000021e-08 1.000000000000000021e-08 1.000000000000000021e-08 1.000000000000000021e-08 1.000000000000000021e-08 1.866500252072949680e-05 1.000000000000000021e-08 1.000000000000000021e-08 1.000000000000000021e-08 1.000000000000000021e-08 1.000000000000000021e-08 1.000000000000000021e-08 2.720961152359534886e-05 1.973525574633918582e-05 1.000000000000000021e-08 1.000000000000000021e-08 1.000000000000000021e-08 1.000000000000000021e-08 1.000000000000000021e-08 1.000000000000000021e-08 1.538936572539997792e-05 1.229093071827961313e-02 1.298823549496378035e-03 5.423856010127981418e-05 3.380558018973483028e-05 1.265273596316893576e-05 1.328254666257955049e-05 1.000000000000000021e-08 5.738782816941379560e-05 5.417586801604735422e-05 2.148482174893559386e-04 9.299833631285822470e-05
4.451367094674359734e-05 3.434027450936594228e-02 7.679837847307899312e-02 2.061068831313225477e-02 1.000000000000000021e-08 1.000000000000000021e-08 1.000000000000000021e-08 1.000000000000000021e-08 1.962626627942434720e-05 2.192597113843324457e-05 2.495173023129506433e-05 1.304535364586235996e-05 1.000000000000000021e-08 1.000000000000000021e-08 1.000000000000000021e-08 1.000000000000000021e-08 1.000000000000000021e-08 3.983744115308092854e-05 2.362394926019666967e-05 1.000000000000000021e-08 1.000000000000000021e-08 1.000000000000000021e-08 1.000000000000000021e-08 1.000000000000000021e-08 1.085729585490494777e-05 8.266593858517043078e-03 8.043154942332896018e-03 1.061885733183207982e-03 4.476397596751458024e-05 2.507850166409141497e-05 1.000000000000000021e-08 1.528957272499453766e-05 1.000000000000000021e-08 5.284062772193674930e-05 1.253122558775751866e-04 2.866571594659248433e-04 1.604115120777360964e-04
1.000000000000000021e-08 6.121602229484038999e-05 2.114957341651818243e-02 7.831297626533965939e-02 2.406300368613837129e-02 1.104060758956782373e-04 1.000000000000000021e-08 1.000000000000000021e-08 3.447319993222909096e-05 3.407426658917335699e-05 2.960434694887074573e-05 1.489437991474590129e-05 1.000000000000000021e-08 1.000000000000000021e-08 1.000000000000000021e-08 1.000000000000000021e-08 1.000000000000000021e-08 1.000000000000000021e-08 1.000000000000000021e-08 1.057623237245170294e-05 1.386262882461984728e-05 1.000000000000000021e-08 1.000000000000000021e-08 1.000000000000000021e-08 1.000000000000000021e-08 3.115745422322504718e-03 1.198781927696370049e-02 7.565111222262319241e-04 5.621933354921150350e-05 2.269533486887720093e-05 1.000000000000000021e-08 1.000000000000000021e-08 1.000000000000000021e-08 2.256916311614984500e-04 2.132417861425800704e-04 3.046019114155939763e-04 1.989728707761618479e-04
2.727500723909206598e-05 1.974781366290344095e-05 3.345986768465727913e-04 2.307395232768103335e-02 4.362394704852884386e-02 1.038755223862450512e-02 2.893319926766653807e-05 1.000000000000000021e-08 4.626838298122489727e-05 4.232241951497178495e-05 3.361649935891823404e-05 1.625626028093898136e-05 1.000000000000000021e-08 1.000000000000000021e-08 1.000000000000000021e-08 1.000000000000000021e-08 1.472163568130329280e-05 1.000000000000000021e-08 1.000000000000000021e-08 1.199944707495367029e-05 1.000000000000000021e-08 1.000000000000000021e-08 1.000000000000000021e-08 1.000000000000000021e-08 3.978718723276881649e-05 9.103574964683731896e-03 4.507664582237135009e-03 4.691613659558931419e-04 1.000000000000000021e-08 1.389710346176253300e-05 1.000000000000000021e-08 1.000000000000000021e-08 1.000000000000000021e-08 1.000000000000000021e-08 4.539551468938638802e-05 2.475932115437554397e-04 4.891968375152925879e-04
4.395980353156367826e-05 4.522659286586088004e-05 7.064664855721272338e-05 1.332561792390305453e-04 3.034638755568191959e-02 2.750968334548944266e-02 2.958227647382023762e-02 9.017987321271358136e-05 1.000000000000000021e-08 7.658371124948691394e-05 3.714955722839057906e-05 1.769608464710507504e-05 1.000000000000000021e-08 2.005245389049502394e-05 1.000000000000000021e-08 1.000000000000000021e-08 2.189298328927906698e-05 1.000000000000000021e-08 1.000000000000000021e-08 1.173663399707865291e-05 1.000000000000000021e-08 1.000000000000000021e-08 1.000000000000000021e-08 1.000000000000000021e-08 4.556276587648179711e-05 1.031872253438388329e-02 7.430374568453573282e-03 3.029905927686084744e-05 1.597158873216991131e-05 1.954748524324570857e-05 1.355250226351863288e-05 1.000000000000000021e-08 1.000000000000000021e-08 1.025737972421191152e-05 1.000000000000000021e-08 1.646404348584925540e-04 3.272620945956420139e-04
2.312436216853583934e-04 1.781642023617428111e-04 1.450108129032505954e-04 1.526637350828619424e-04 7.594264283369726865e-03 2.868425696022526908e-02 1.719464421159996315e-01 3.625953212486398929e-04 1.000000000000000021e-08 7.926162306246144597e-05 1.000000000000000021e-08 3.168623767329775128e-05 1.070596015732264572e-05 1.000000000000000021e-08 1.000000000000000021e-08 1.271487158447515103e-05 4.733608592052539633e-05 1.000000000000000021e-08 1.082867017947485822e-05 1.000000000000000021e-08 1.000000000000000021e-08 1.170258240490144687e-05 1.000000000000000021e-08 1.000000000000000021e-08 4.527330237813774298e-03 1.152589604625694347e-02 7.288590295852092997e-03 2.719291621156053821e-05 4.510140320351871678e-05 2.687802126491326758e-05 1.054711991430423583e-05 1.000000000000000021e-08 1.000000000000000021e-08 1.078533155985694463e-05 1.000000000000000021e-08 1.220511311614039772e-04 2.530009191657017461e-04
2.281599958574901285e-05 5.329179134656129315e-05 3.734578410203026611e-04 3.786327027681502086e-04 5.185020212600914558e-03 1.461851401747386696e-02 1.482547613204636128e-01 1.141331152094876566e-01 5.508410253063056317e-02 4.209052660450712108e-02 4.318527024914701334e-02 1.150250349005667860e-01 3.631065511961913822e-02 3.046133130826749261e-02 7.260148291801309800e-03 7.098124314542651400e-03 1.877981546480567317e-03 2.225791930143751918e-05 1.596207127744932633e-05 1.000000000000000021e-08 1.000000000000000021e-08 2.026803904398956151e-05 5.997757276728366016e-05 2.652460818238526995e-03 8.329692590803102273e-03 4.302398561112511302e-03 1.000000000000000021e-08 1.000000000000000021e-08 1.000000000000000021e-08 1.000000000000000021e-08 1.818249839840715973e-05 1.670327298395717493e-05 1.315670749293917513e-05 1.000000000000000021e-08 1.377243753432139696e-05 1.021148609114416554e-04 2.039397385467409216e-04
1.764586347121467971e-04 1.291965305223930123e-04 1.123110573423571510e-03 1.350882304163208373e-03 2.384857380997417592e-02 6.028280304760780424e-03 2.469904335479561537e-04 2.010118469265066992e-04 2.063523226329603655e-04 1.505104926841416063e-04 1.615200738318149686e-04 1.349103671204785425e-04 3.800354648934087948e-02 4.287318976806088477e-02 1.241771383542355639e-01 6.326123131257901933e-02 1.303744291526239552e-01 6.605889179780363718e-02 6.713332784682089771e-02 1.486630348950042924e-01 1.390680128563862505e-03 5.177728793586901148e-05 5.872288193713258789e-03 6.551894672554270035e-03 4.115281554248705238e-03 3.343828364868479692e-03 1.000000000000000021e-08 1.000000000000000021e-08 1.000000000000000021e-08 1.000000000000000021e-08 2.298960128306264632e-05 1.897393377958369503e-05 1.464476032258219435e-05 1.000000000000000021e-08 3.556066010296269296e-05 1.100759840573782870e-04 4.046970144248644382e-04
1.632923922610275008e-04 2.281451774926414528e-04 1.278579930834339469e-04 5.519555446694289540e-05 4.663636907026968536e-05 1.816680478868101681e-04 2.600277047372117595e-05 1.899832910474993881e-05 1.567913805907921753e-05 1.373539345157578493e-05 3.718875605203866689e-05 5.530554614998857611e-05 1.284211415883531389e-04 1.730077590191613575e-04 1.653982639779604262e-04 1.633010948525162500e-04 1.200201252527058235e-04 1.000044209611013180e-04 1.000000000000000021e-08 6.023257385256965135e-02 2.144332672040035470e-01 1.965094876987367456e-01 1.687149657947024095e-01 8.627734202841487454e-02 5.074687387221634566e-03 2.057588336127717191e-03 1.000000000000000021e-08 1.000000000000000021e-08 1.000000000000000021e-08 1.000000000000000021e-08 1.000000000000000021e-08 1.000000000000000021e-08 1.000000000000000021e-08 1.000000000000000021e-08 4.580327872697016950e-05 3.106372407061785685e-04 4.056258644505783464e-04
3.844103924533736867e-04 1.871957687115857044e-04 7.796397881724710221e-05 1.000000000000000021e-08 1.000000000000000021e-08 1.277946443202506127e-04 2.055745809479962529e-05 1.000000000000000021e-08 1.000000000000000021e-08 1.000000000000000021e-08 3.886741618569963108e-05 4.758975469182366385e-05 5.628877933000941465e-05 3.139507488176474301e-05 3.443401843261798348e-05 1.000000000000000021e-08 3.037445785519643160e-05 1.000000000000000021e-08 1.000000000000000021e-08 1.584143870818458563e-04 9.451025249701987599e-05 5.684855196776023045e-05 9.030352320885530232e-05 1.977616669877808875e-01 1.011403403319817290e-01 2.220099654878361292e-03 1.000000000000000021e-08 1.000000000000000021e-08 1.000000000000000021e-08 1.000000000000000021e-08 1.000000000000000021e-08 1.000000000000000021e-08 1.000000000000000021e-08 1.000000000000000021e-08 1.000000000000000021e-08 1.744457657625357258e-04 4.660740846368191699e-04
2.522218823933163024e-04 1.000000000000000021e-08 1.000000000000000021e-08 1.204333634348081208e-05 8.337864710356563780e-05 9.500642605236118824e-05 1.713388204704555107e-05 1.000000000000000021e-08 1.000000000000000021e-08 1.000000000000000021e-08 4.559031387473613399e-05 3.795037788067660004e-05 3.398939508196109318e-05 1.518762477972167235e-05 2.768473439529415143e-05 1.000000000000000021e-08 3.152505640261339497e-05 1.069115081888072487e-05 1.000000000000000021e-08 1.000000000000000021e-08 1.000000000000000021e-08 1.000000000000000021e-08 1.000000000000000021e-08 2.496877528147214975e-03 2.192791814336556844e-01 1.190341831908084264e-01 1.045754199433436972e-04 1.000000000000000021e-08 1.000000000000000021e-08 1.000000000000000021e-08 1.000000000000000021e-08 1.000000000000000021e-08 1.000000000000000021e-08 1.000000000000000021e-08 2.042708279945375853e-05 3.115990744846808432e-05 2.902005659721971749e-04
