output/water_depth_9120.asc
ncols 223
nrows 158
xllcorner 0.0
yllcorner 0.0
cellsize 30.0
[rows 136 to 152 of 158, columns 0 to 36 of 223]
1.000000100000000021e-05 1.000000100000000021e-05 1.000000100000000021e-05 1.000000100000000021e-05 1.000000100000000021e-05 1.000000100000000021e-05 1.000000100000000021e-05 1.000000100000000021e-05 1.000000100000000021e-05 1.000000100000000021e-05 1.000000100000000021e-05 1.000000100000000021e-05 1.000000100000000021e-05 1.000000000000000021e-08 1.000000000000000021e-08 1.000000000000000021e-08 1.000000000000000021e-08 1.000000000000000021e-08 1.000000000000000021e-08 1.000000000000000021e-08 1.000000000000000021e-08 1.000000000000000021e-08 1.000000000000000021e-08 1.000000000000000021e-08 1.000000000000000021e-08 1.000000000000000021e-08 1.000000000000000021e-08 1.000000000000000021e-08 1.000000000000000021e-08 1.000000000000000021e-08 1.000000000000000021e-08 1.000000000000000021e-08 1.000000000000000021e-08 1.000000000000000021e-08 1.000000000000000021e-08 1.000000000000000021e-08 1.000000000000000021e-08
1.000000100000000021e-05 1.000000100000000021e-05 1.000000100000000021e-05 1.000000100000000021e-05 1.000000100000000021e-05 1.000000100000000021e-05 1.000000100000000021e-05 1.000000100000000021e-05 1.000000100000000021e-05 1.000000100000000021e-05 1.000000100000000021e-05 1.000000100000000021e-05 1.000000100000000021e-05 1.000000000000000021e-08 1.000000000000000021e-08 1.000000000000000021e-08 1.000000000000000021e-08 1.000000000000000021e-08 1.000000000000000021e-08 1.000000000000000021e-08 1.000000000000000021e-08 1.000000000000000021e-08 1.000000000000000021e-08 1.000000000000000021e-08 1.000000000000000021e-08 1.000000000000000021e-08 1.000000000000000021e-08 1.000000000000000021e-08 1.000000000000000021e-08 1.000000000000000021e-08 1.000000000000000021e-08 1.000000000000000021e-08 1.000000000000000021e-08 1.000000000000000021e-08 1.000000000000000021e-08 1.000000000000000021e-08 1.000000000000000021e-08
1.000000100000000021e-05 1.000000100000000021e-05 1.000000100000000021e-05 1.000000100000000021e-05 1.000000100000000021e-05 1.000000100000000021e-05 1.000000100000000021e-05 1.000000100000000021e-05 1.000000000000000021e-08 1.374996878975386677e-05 2.208657282065923779e-05 3.034856243620340645e-05 2.579635401111127660e-05 1.000000000000000021e-08 1.000000000000000021e-08 1.000000000000000021e-08 1.000000000000000021e-08 1.000000000000000021e-08 1.000000000000000021e-08 1.000000000000000021e-08 1.000000000000000021e-08 1.000000000000000021e-08 1.000000000000000021e-08 1.000000000000000021e-08 1.000000000000000021e-08 1.000000000000000021e-08 1.000000000000000021e-08 1.000000000000000021e-08 1.000000000000000021e-08 1.000000000000000021e-08 1.000000000000000021e-08 1.000000000000000021e-08 1.000000000000000021e-08 1.000000000000000021e-08 1.000000000000000021e-08 1.000000000000000021e-08 1.000000000000000021e-08
1.000000100000000021e-05 1.000000100000000021e-05 1.000000100000000021e-05 1.000000100000000021e-05 1.000000100000000021e-05 1.000000100000000021e-05 1.000000100000000021e-05 1.000000100000000021e-05 1.000000100000000021e-05 1.000000000000000021e-08 1.000000000000000021e-08 1.000000000000000021e-08 1.769060209888609754e-05 1.657782587267215765e-05 1.685842114948897410e-05 1.401782876341211468e-05 1.273767969213092891e-05 1.204224625837641505e-05 1.127417049833265685e-05 1.324471450140561569e-05 1.391030260288677780e-05 1.000000000000000021e-08 1.000000000000000021e-08 1.000000000000000021e-08 1.000000000000000021e-08 1.000000000000000021e-08 1.000000000000000021e-08 1.000000000000000021e-08 2.062456047434304098e-05 1.244092246221163386e-05 2.070238098708755350e-05 1.643313820831671573e-05 1.000000000000000021e-08 1.000000000000000021e-08 1.000000000000000021e-08 1.000000000000000021e-08 1.000000000000000021e-08
1.000000100000000021e-05 1.000000100000000021e-05 1.000000100000000021e-05 1.000000100000000021e-05 1.000000100000000021e-05 1.000000100000000021e-05 1.000000100000000021e-05 1.000000100000000021e-05 1.000000100000000021e-05 1.000000000000000021e-08 1.000000000000000021e-08 1.000000000000000021e-08 1.432549680142692243e-05 1.980840548109872744e-05 2.258389034274415550e-05 2.130217263558467115e-05 2.145683086049532268e-05 2.491304668537878890e-05 3.733279777819928358e-05 4.940458358621961529e-05 1.000000000000000021e-08 1.000000000000000021e-08 1.000000000000000021e-08 1.000000000000000021e-08 1.000000000000000021e-08 1.000000000000000021e-08 1.000000000000000021e-08 2.776882459165196798e-05 2.466655228801067093e-05 2.061883077410240278e-05 1.635844721504075140e-05 1.000000000000000021e-08 1.000000000000000021e-08 1.000000000000000021e-08 1.000000000000000021e-08 1.000000000000000021e-08 1.000000000000000021e-08
1.000000100000000021e-05 1.000000100000000021e-05 1.000000100000000021e-05 1.000000100000000021e-05 1.000000100000000021e-05 1.000000100000000021e-05 1.000000100000000021e-05 1.000000100000000021e-05 1.000000100000000021e-05 1.000000000000000021e-08 1.000000000000000021e-08 1.000000000000000021e-08 1.313037819597853512e-05 1.000000000000000021e-08 1.000000000000000021e-08 1.970219895760229415e-05 2.419618658867057369e-05 1.000000000000000021e-08 1.000000000000000021e-08 1.000000000000000021e-08 1.000000000000000021e-08 1.000000000000000021e-08 1.000000000000000021e-08 1.000000000000000021e-08 1.000000000000000021e-08 1.486358393790693591e-05 1.902900051262928322e-05 3.322735874684023698e-05 5.399060013383285677e-05 1.000000000000000021e-08 1.000000000000000021e-08 1.000000000000000021e-08 1.000000000000000021e-08 1.000000000000000021e-08 1.000000000000000021e-08 1.000000000000000021e-08 1.000000000000000021e-08
1.000000100000000021e-05 1.000000100000000021e-05 1.000000100000000021e-05 1.000000100000000021e-05 1.000000100000000021e-05 1.000000100000000021e-05 1.000000100000000021e-05 1.000000100000000021e-05 1.000000100000000021e-05 1.000000000000000021e-08 1.000000000000000021e-08 1.000000000000000021e-08 1.431453320386143354e-05 1.337341424211118613e-05 1.156840781225921413e-05 1.959283547306871648e-05 1.000000000000000021e-08 1.000000000000000021e-08 1.000000000000000021e-08 1.000000000000000021e-08 1.000000000000000021e-08 1.000000000000000021e-08 1.000000000000000021e-08 1.000000000000000021e-08 1.000000000000000021e-08 1.881868420156040345e-05 2.258338687041305188e-05 9.108064595496280676e-05 1.000000000000000021e-08 1.000000000000000021e-08 1.000000000000000021e-08 1.000000000000000021e-08 1.000000000000000021e-08 1.000000000000000021e-08 1.000000000000000021e-08 1.000000000000000021e-08 1.000000000000000021e-08
1.000000100000000021e-05 1.000000100000000021e-05 1.000000100000000021e-05 1.000000100000000021e-05 1.000000100000000021e-05 1.000000100000000021e-05 1.000000100000000021e-05 1.000000100000000021e-05 1.000000100000000021e-05 1.000000000000000021e-08 1.668263714245623355e-05 3.310743530151771168e-05 3.439134204007556693e-05 3.227021890405560917e-05 2.745265069275509688e-05 1.000000000000000021e-08 1.000000000000000021e-08 1.655761878583083380e-05 1.439492867870530324e-05 1.000000000000000021e-08 1.000000000000000021e-08 1.000000000000000021e-08 1.000000000000000021e-08 5.586480065961766571e-05 1.000000000000000021e-08 2.252909243820466761e-05 5.614957287379331198e-05 4.544352199261745705e-05 5.213037504520579918e-05 3.601196988173138290e-05 1.000000000000000021e-08 1.000000000000000021e-08 1.000000000000000021e-08 1.000000000000000021e-08 1.000000000000000021e-08 1.000000000000000021e-08 1.000000000000000021e-08
1.000000100000000021e-05 1.000000100000000021e-05 1.000000100000000021e-05 1.000000100000000021e-05 1.000000100000000021e-05 1.000000100000000021e-05 1.000000100000000021e-05 1.000000100000000021e-05 1.000000100000000021e-05 1.000000100000000021e-05 1.000000100000000021e-05 1.000000100000000021e-05 2.485053123359660981e-05 6.572491383425321950e-05 1.482911558540170771e-04 8.537142532993557118e-05 3.359257339460260182e-04 3.722908485038339387e-03 6.598347563680068400e-04 1.000000000000000021e-08 1.000000000000000021e-08 1.000000000000000021e-08 1.000000000000000021e-08 5.942963011784409277e-04 8.554424770433069697e-04 7.481411550547739436e-05 5.925340004974428417e-05 4.646155394621924559e-05 4.101782089658563530e-05 1.000000000000000021e-08 1.000000000000000021e-08 1.000000000000000021e-08 1.000000000000000021e-08 1.000000000000000021e-08 1.000000000000000021e-08 1.000000000000000021e-08 1.000000000000000021e-08
1.000000100000000021e-05 1.000000100000000021e-05 1.000000100000000021e-05 1.000000100000000021e-05 1.000000100000000021e-05 1.000000100000000021e-05 1.000000100000000021e-05 1.000000100000000021e-05 1.000000100000000021e-05 1.000000100000000021e-05 1.000000100000000021e-05 1.000000100000000021e-05 2.840556359812898180e-05 1.269521297305334449e-04 2.073768032285129191e-04 2.818600291087399292e-04 2.164481367098064241e-04 1.461829729116781050e-04 4.946273710514268243e-03 9.584370131555650964e-04 1.008295551324519656e-03 8.708341700871717952e-04 6.211638650421655132e-03 6.590465175671029368e-04 5.213836369141691294e-04 7.148457205987911178e-04 5.142020205537176845e-05 2.301449816095042152e-05 1.170746345141805715e-05 1.076676576407856134e-05 1.000000000000000021e-08 1.000000000000000021e-08 1.000000000000000021e-08 1.000000000000000021e-08 1.000000000000000021e-08 1.000000000000000021e-08 1.000000000000000021e-08
1.000000100000000021e-05 1.000000100000000021e-05 1.000000100000000021e-05 1.000000100000000021e-05 1.000000100000000021e-05 1.000000100000000021e-05 1.000000100000000021e-05 1.000000100000000021e-05 1.000000100000000021e-05 1.000000100000000021e-05 1.000000100000000021e-05 1.000000100000000021e-05 5.524540632443409775e-05 1.234883012659009462e-03 1.016308782923658251e-04 7.906125450032768008e-05 1.000000000000000021e-08 1.000000000000000021e-08 1.000000000000000021e-08 1.162939012009845375e-05 3.437648531733755730e-05 1.474496150443475222e-03 1.000000000000000021e-08 1.000000000000000021e-08 1.000000000000000021e-08 3.862808945968793984e-04 2.818722589547363036e-04 1.698873089805327504e-04 1.401688409735444684e-04 3.137888016333378064e-05 1.000000000000000021e-08 1.000000000000000021e-08 1.000000000000000021e-08 1.000000000000000021e-08 1.000000000000000021e-08 1.000000000000000021e-08 1.000000000000000021e-08
1.000000100000000021e-05 1.000000100000000021e-05 1.000000100000000021e-05 1.000000100000000021e-05 1.000000100000000021e-05 1.000000100000000021e-05 1.000000100000000021e-05 1.000000100000000021e-05 1.000000100000000021e-05 1.000000100000000021e-05 1.000000100000000021e-05 1.000000100000000021e-05 1.000000100000000021e-05 4.343515814908930370e-05 4.851502990169576942e-05 1.000000000000000021e-08 1.000000000000000021e-08 1.000000000000000021e-08 1.000000000000000021e-08 1.000000000000000021e-08 3.726846860150695239e-05 4.945061691925266458e-05 9.377137382777718554e-05 2.375337226403044521e-04 2.794746278211788755e-04 5.798689225160737161e-04 6.436359015287411315e-04 1.012819716231572404e-03 1.009140620317439292e-02 2.053619243801318818e-05 4.659446655198847762e-05 1.000000000000000021e-08 1.000000000000000021e-08 1.000000000000000021e-08 1.000000000000000021e-08 1.000000000000000021e-08 1.000000000000000021e-08
1.000000100000000021e-05 1.000000100000000021e-05 1.000000100000000021e-05 1.000000100000000021e-05 1.000000100000000021e-05 1.000000100000000021e-05 1.000000100000000021e-05 1.000000100000000021e-05 1.000000100000000021e-05 1.000000100000000021e-05 1.000000100000000021e-05 1.000000100000000021e-05 1.000000100000000021e-05 2.593687706648597694e-05 3.389083529427757557e-05 1.000000000000000021e-08 1.795231538306494673e-05 2.761549653087691292e-05 4.751819353296607581e-05 6.528283865481581652e-05 5.415516617143603954e-05 4.112088621996803553e-05 4.582892626841352158e-05 2.650204081964915620e-04 1.251807441831650060e-04 1.000000000000000021e-08 1.614093502153067525e-05 2.543580287335178570e-05 7.757683794301874734e-03 1.669302827868384635e-03 9.517962556826793262e-04 6.162185030777931564e-04 4.136306435801343574e-05 3.289707392960856567e-04 1.666883394415908976e-04 1.080821062829996534e-04 1.000000000000000021e-08
1.000000100000000021e-05 1.000000100000000021e-05 1.000000100000000021e-05 1.000000100000000021e-05 1.000000100000000021e-05 1.000000100000000021e-05 1.000000100000000021e-05 1.000000100000000021e-05 1.000000100000000021e-05 1.000000100000000021e-05 1.000000100000000021e-05 1.000000100000000021e-05 1.000000100000000021e-05 3.154061269325916436e-05 1.000000000000000021e-08 1.000000000000000021e-08 1.000000000000000021e-08 1.000000000000000021e-08 1.000000000000000021e-08 1.000000000000000021e-08 1.000000000000000021e-08 1.000000000000000021e-08 1.000000000000000021e-08 2.428678144424323770e-04 1.000000000000000021e-08 1.773438974282198305e-05 1.331541491920227320e-05 1.920541431305683051e-05 1.639438895419317990e-05 1.365027958298640400e-05 6.968941383697025089e-04 9.015802872765115773e-05 1.619183268245202368e-04 1.149795093134767807e-03 1.363772509504651217e-03 1.530992828049411274e-03 1.615646488522461729e-03
1.000000100000000021e-05 1.000000100000000021e-05 1.000000100000000021e-05 1.000000100000000021e-05 1.000000100000000021e-05 1.000000100000000021e-05 1.000000100000000021e-05 1.000000100000000021e-05 1.000000100000000021e-05 1.000000100000000021e-05 1.000000100000000021e-05 1.000000100000000021e-05 1.000000100000000021e-05 1.000000000000000021e-08 1.256785787870669173e-05 1.000000000000000021e-08 1.000000000000000021e-08 1.000000000000000021e-08 1.000000000000000021e-08 1.000000000000000021e-08 1.000000000000000021e-08 1.353551736480524133e-05 2.263773716795931812e-03 3.474306019864191269e-04 5.604262969482747979e-05 2.590640607959510965e-05 2.770907186369953620e-05 1.855433217692948589e-05 1.000000000000000021e-08 1.000000000000000021e-08 1.345681689178153666e-04 1.284412907250150515e-04 8.315061619156666152e-04 6.169983255845877231e-04 5.219146473713304289e-04 3.230445927347616966e-04 1.499967684720863111e-05
1.000000100000000021e-05 1.000000100000000021e-05 1.000000100000000021e-05 1.000000100000000021e-05 1.000000100000000021e-05 1.000000100000000021e-05 1.000000100000000021e-05 1.000000100000000021e-05 1.000000100000000021e-05 1.000000100000000021e-05 1.000000100000000021e-05 1.000000100000000021e-05 1.000000100000000021e-05 1.000000000000000021e-08 1.000000000000000021e-08 1.000000000000000021e-08 1.000000000000000021e-08 1.000000000000000021e-08 1.000000000000000021e-08 1.000000000000000021e-08 1.000000000000000021e-08 1.000000000000000021e-08 9.162751619675775115e-05 1.254123936566608284e-05 1.000000000000000021e-08 2.039010439642514541e-05 3.753451918677148637e-05 1.257828019740745340e-04 2.109771762274296992e-04 1.525765545403848277e-04 1.218057733266772209e-04 9.356946276657698261e-05 2.307156581175846962e-04 2.710404968173648157e-04 2.548954179660162131e-05 5.519365214302434747e-05 1.000000000000000021e-08
1.000000100000000021e-05 1.000000100000000021e-05 1.000000100000000021e-05 1.000000100000000021e-05 1.000000100000000021e-05 1.000000100000000021e-05 1.000000100000000021e-05 1.000000100000000021e-05 1.000000100000000021e-05 1.000000100000000021e-05 1.000000100000000021e-05 1.000000100000000021e-05 1.000000100000000021e-05 1.000000000000000021e-08 1.000000000000000021e-08 1.000000000000000021e-08 1.000000000000000021e-08 1.062468661103790973e-05 1.633683975147511084e-05 2.687089713390824734e-05 3.749185066938406571e-05 6.645146436047814768e-05 4.688612787891902696e-05 5.698943450087861501e-05 7.150165006547294655e-05 8.430908345739000125e-05 9.810274137861505102e-05 9.702232873370095299e-05 6.346577278168842942e-05 1.000000000000000021e-08 1.000000000000000021e-08 1.000000000000000021e-08 1.000000000000000021e-08 1.000000000000000021e-08 1.304617632400076128e-05 4.458437982762382640e-05 1.000000000000000021e-08
