output/water_depth_4560.asc
ncols 223
nrows 158
xllcorner 0.0
yllcorner 0.0
cellsize 30.0
[rows 51 to 67 of 158, columns 37 to 73 of 223]
1.000000100000000021e-05 1.000000100000000021e-05 1.000000100000000021e-05 1.000000100000000021e-05 1.000000100000000021e-05 1.000000100000000021e-05 1.000000100000000021e-05 1.000000100000000021e-05 1.000000100000000021e-05 1.000000100000000021e-05 1.000000100000000021e-05 1.000000100000000021e-05 1.000000100000000021e-05 1.000000100000000021e-05 1.000000100000000021e-05 1.000000100000000021e-05 1.000000100000000021e-05 1.000000100000000021e-05 1.000000100000000021e-05 1.000000100000000021e-05 1.000000100000000021e-05 1.000000100000000021e-05 1.000000100000000021e-05 1.000000100000000021e-05 1.000000100000000021e-05 1.000000100000000021e-05 1.000000100000000021e-05 1.000000100000000021e-05 1.000000100000000021e-05 1.000000100000000021e-05 1.000000100000000021e-05 1.000000100000000021e-05 4.746713429814094506e-05 9.348565191298258462e-05 9.228877952781898485e-05 6.889534879970421780e-05 6.401764389698978437e-05
1.000000100000000021e-05 1.000000100000000021e-05 1.000000100000000021e-05 1.000000100000000021e-05 1.000000100000000021e-05 1.000000100000000021e-05 1.000000100000000021e-05 1.000000100000000021e-05 1.000000100000000021e-05 1.000000100000000021e-05 1.000000100000000021e-05 1.000000100000000021e-05 1.000000100000000021e-05 1.000000100000000021e-05 1.000000100000000021e-05 1.000000100000000021e-05 1.000000100000000021e-05 1.000000100000000021e-05 1.000000100000000021e-05 1.000000100000000021e-05 1.000000100000000021e-05 1.000000100000000021e-05 1.000000100000000021e-05 1.000000100000000021e-05 1.000000100000000021e-05 1.000000100000000021e-05 1.000000100000000021e-05 1.000000100000000021e-05 1.000000100000000021e-05 1.000000100000000021e-05 1.000000100000000021e-05 1.000000100000000021e-05 2.280205985525352833e-05 3.404558079347777473e-05 1.547871176814191144e-04 2.298733574215415141e-04 2.059620378412200706e-05
1.000000100000000021e-05 1.000000100000000021e-05 1.000000100000000021e-05 1.000000100000000021e-05 1.000000100000000021e-05 1.000000100000000021e-05 1.000000100000000021e-05 1.000000100000000021e-05 1.000000100000000021e-05 1.000000100000000021e-05 1.000000100000000021e-05 1.000000100000000021e-05 1.000000100000000021e-05 1.000000100000000021e-05 1.000000100000000021e-05 1.000000100000000021e-05 1.000000100000000021e-05 1.000000100000000021e-05 1.000000100000000021e-05 1.000000100000000021e-05 1.000000100000000021e-05 1.000000100000000021e-05 1.000000100000000021e-05 1.000000100000000021e-05 1.000000100000000021e-05 1.000000100000000021e-05 1.000000100000000021e-05 1.000000100000000021e-05 1.000000100000000021e-05 1.000000100000000021e-05 1.000000100000000021e-05 1.000000100000000021e-05 1.333058590228555493e-05 1.594686590895788515e-05 2.414005982792221091e-05 6.994779432093075310e-05 9.633728637261523321e-05
1.000000100000000021e-05 1.000000100000000021e-05 1.000000100000000021e-05 1.000000100000000021e-05 1.000000100000000021e-05 1.000000100000000021e-05 1.000000100000000021e-05 1.000000100000000021e-05 1.000000100000000021e-05 1.000000100000000021e-05 1.000000100000000021e-05 1.000000100000000021e-05 1.000000100000000021e-05 1.000000100000000021e-05 1.000000100000000021e-05 1.000000100000000021e-05 1.000000100000000021e-05 1.000000100000000021e-05 1.000000100000000021e-05 1.000000100000000021e-05 1.000000100000000021e-05 1.000000100000000021e-05 1.000000100000000021e-05 1.000000100000000021e-05 1.000000100000000021e-05 1.000000100000000021e-05 1.000000100000000021e-05 1.000000100000000021e-05 1.000000100000000021e-05 1.000000100000000021e-05 1.000000100000000021e-05 1.116984428875067354e-05 1.036502224585980534e-05 1.491255208401798293e-05 1.445522223849288052e-05 1.340357453752783720e-05 3.917760952463320050e-05
1.000000100000000021e-05 1.000000100000000021e-05 1.000000100000000021e-05 1.000000100000000021e-05 1.000000100000000021e-05 1.000000100000000021e-05 1.000000100000000021e-05 1.000000100000000021e-05 1.000000100000000021e-05 1.000000100000000021e-05 1.000000100000000021e-05 1.000000100000000021e-05 1.000000100000000021e-05 1.000000100000000021e-05 1.000000100000000021e-05 1.000000100000000021e-05 1.000000100000000021e-05 1.000000100000000021e-05 1.000000100000000021e-05 1.000000100000000021e-05 1.000000100000000021e-05 1.000000100000000021e-05 1.000000100000000021e-05 1.000000100000000021e-05 1.000000100000000021e-05 1.000000100000000021e-05 1.000000100000000021e-05 1.000000100000000021e-05 1.000000100000000021e-05 1.000000100000000021e-05 2.132331967307300508e-05 2.829092738196249514e-05 3.599674181212657645e-05 4.256723129012808266e-05 4.675351283653819381e-05 4.376605772020216736e-05 3.822638673526484126e-05
1.000000100000000021e-05 1.000000100000000021e-05 1.000000100000000021e-05 1.000000100000000021e-05 1.000000100000000021e-05 1.000000100000000021e-05 1.000000100000000021e-05 1.000000100000000021e-05 1.000000100000000021e-05 1.000000100000000021e-05 1.000000100000000021e-05 1.000000100000000021e-05 1.000000100000000021e-05 1.000000100000000021e-05 1.000000100000000021e-05 1.000000100000000021e-05 1.000000100000000021e-05 1.000000100000000021e-05 1.000000100000000021e-05 1.000000100000000021e-05 1.000000100000000021e-05 1.000000100000000021e-05 1.000000100000000021e-05 1.000000100000000021e-05 1.000000100000000021e-05 1.000000100000000021e-05 1.000000100000000021e-05 1.000000100000000021e-05 1.000000100000000021e-05 2.029192913179745988e-05 2.690517163448930948e-05 7.112395648242724074e-05 7.739777550839910670e-05 7.478848887053745199e-05 1.000000000000000021e-08 1.000000000000000021e-08 1.000000000000000021e-08
1.000000100000000021e-05 1.000000100000000021e-05 1.000000100000000021e-05 1.000000100000000021e-05 1.000000100000000021e-05 1.000000100000000021e-05 1.000000100000000021e-05 1.000000100000000021e-05 1.000000100000000021e-05 1.000000100000000021e-05 1.000000100000000021e-05 1.000000100000000021e-05 1.000000100000000021e-05 1.000000100000000021e-05 1.000000100000000021e-05 1.000000100000000021e-05 1.000000100000000021e-05 1.000000100000000021e-05 1.000000100000000021e-05 1.000000100000000021e-05 1.000000100000000021e-05 1.000000100000000021e-05 1.000000100000000021e-05 1.000000100000000021e-05 1.000000100000000021e-05 1.000000100000000021e-05 1.000000100000000021e-05 1.000000100000000021e-05 1.000000000000000021e-08 1.355374330019529137e-05 1.000000000000000021e-08 3.535925217189747697e-05 9.712296552968267783e-05 1.038829044953314492e-04 1.000000000000000021e-08 1.000000000000000021e-08 1.000000000000000021e-08
1.000000100000000021e-05 1.000000100000000021e-05 1.000000100000000021e-05 1.000000100000000021e-05 1.000000100000000021e-05 1.000000100000000021e-05 1.000000100000000021e-05 1.000000100000000021e-05 1.000000100000000021e-05 1.000000100000000021e-05 1.000000100000000021e-05 1.000000100000000021e-05 1.000000100000000021e-05 1.000000100000000021e-05 1.000000100000000021e-05 1.000000100000000021e-05 1.000000100000000021e-05 1.000000100000000021e-05 1.000000100000000021e-05 1.000000100000000021e-05 1.000000100000000021e-05 1.000000100000000021e-05 1.000000100000000021e-05 1.000000100000000021e-05 1.000000100000000021e-05 1.000000100000000021e-05 2.741346663994861929e-05 1.000000000000000021e-08 1.517893791460702928e-05 2.102114956089808743e-05 4.231450564783742523e-05 7.001621470102540636e-05 6.256861330809418550e-05 1.000000000000000021e-08 1.000000000000000021e-08 4.174967644975932169e-05 1.000000000000000021e-08
1.000000100000000021e-05 1.000000100000000021e-05 1.000000100000000021e-05 1.000000100000000021e-05 1.000000100000000021e-05 1.000000100000000021e-05 1.000000100000000021e-05 1.000000100000000021e-05 1.000000100000000021e-05 1.000000100000000021e-05 1.000000100000000021e-05 1.000000100000000021e-05 1.000000100000000021e-05 1.000000100000000021e-05 1.000000100000000021e-05 1.000000100000000021e-05 1.000000100000000021e-05 1.000000100000000021e-05 1.000000100000000021e-05 1.000000100000000021e-05 1.000000100000000021e-05 1.000000100000000021e-05 1.000000100000000021e-05 7.732278430259083876e-05 1.572823044980092074e-05 1.000000000000000021e-08 3.034316716950680447e-05 3.275031142099240413e-05 3.680844193597300961e-05 4.406698419180789326e-05 3.554282106229735428e-05 3.404530098046864694e-05 6.565765704937847236e-05 7.248859719225289860e-05 1.362690612141225356e-04 2.301078004443340627e-04 1.791188681332476097e-04
1.000000100000000021e-05 1.000000100000000021e-05 1.000000100000000021e-05 1.000000100000000021e-05 1.000000100000000021e-05 1.000000100000000021e-05 1.000000100000000021e-05 1.000000100000000021e-05 1.000000100000000021e-05 1.000000100000000021e-05 1.000000100000000021e-05 2.865089043967200389e-05 5.424518049152793271e-05 9.510422369831638388e-05 1.665510174804880840e-04 6.803517300559233129e-04 9.689207429887236730e-04 4.387598137768090184e-02 4.248270891588864367e-02 1.000000100000000021e-05 1.000000100000000021e-05 1.000000100000000021e-05 1.000000000000000021e-08 9.653040623201594760e-05 4.417026330872582157e-05 1.745888051468590110e-05 4.073033207955929026e-05 5.710901396414181210e-05 6.196873666285444230e-05 5.753455962294324314e-05 1.000000000000000021e-08 1.000000000000000021e-08 4.095489517621370146e-05 8.661596835872799880e-05 8.176499396019369095e-05 1.026439914579275163e-04 2.754236955673415263e-04
1.000000100000000021e-05 1.000000100000000021e-05 1.000000100000000021e-05 1.000000100000000021e-05 1.000000100000000021e-05 1.000000100000000021e-05 1.000000100000000021e-05 1.000000100000000021e-05 1.000000100000000021e-05 1.000000100000000021e-05 1.000000000000000021e-08 1.000000000000000021e-08 1.165814085995248719e-05 2.981162183516209062e-05 3.842926623299262282e-05 6.359007371068470292e-04 2.745138031382480647e-04 1.657029565895533959e-03 3.960600458779332811e-02 3.618832073088913692e-02 2.782948055584581054e-02 2.625411589847211676e-03 1.674167404246061381e-03 3.390011771812501563e-03 2.833230629591952741e-03 2.543113518008162735e-05 1.000000000000000021e-08 1.000000000000000021e-08 1.000000000000000021e-08 1.000000000000000021e-08 1.000000000000000021e-08 1.048455213614213845e-05 3.600043030755055196e-05 1.000000000000000021e-08 1.000000000000000021e-08 1.000000000000000021e-08 1.330628913671060427e-05
1.975271335546495118e-04 1.464111890238885196e-04 1.248694423229611359e-04 9.115779500174765553e-05 8.245311196250050079e-05 6.500939128119987830e-05 4.989217050193779364e-05 4.768823115270373673e-05 4.166520999908829726e-05 3.607516256917491469e-05 3.563679054837772577e-05 3.751847814810543521e-05 4.229209069621329015e-05 3.407731169554821624e-05 2.633727457005204825e-04 9.898628248027833542e-04 2.356816388956132623e-04 2.856060189319273041e-04 9.306560905245119062e-05 3.731903019502752494e-02 1.000000000000000021e-08 1.727556445415164704e-03 1.439383134752215705e-03 3.643414514723086403e-03 4.736156050584364001e-03 6.381793504516840602e-04 3.695811825013655121e-05 2.424358332090514694e-04 1.633916225068346082e-04 1.278163347483970221e-04 2.035977823028303074e-03 3.086821523502741166e-03 2.648692163521933207e-03 1.721216364495385936e-03 1.222333509864157765e-03 8.367324877999561062e-04 5.882582581067874938e-04
1.663968912055985468e-04 3.536056367544809028e-04 4.293927807486440243e-04 6.078435800619589159e-04 6.519222523302007711e-04 7.720593076631852543e-04 8.797479078851123090e-04 9.889311424622552853e-04 1.184172563357058531e-03 8.597600103083746998e-04 9.523828956334574707e-04 1.047937996144937675e-03 1.382336964709456701e-03 1.677581384678528435e-03 1.913826173751537662e-03 1.573918267635255859e-03 1.261646414626237589e-03 2.775196818727307477e-04 1.461026456283490735e-05 1.000000000000000021e-08 2.122147704766441464e-05 1.995784717481445796e-03 1.777664312980377706e-03 7.026164691205771980e-03 1.024121904462663851e-02 9.969853970272642488e-03 1.033699791085521819e-02 1.072617691450563487e-02 1.160582221510328069e-02 1.129777625429425475e-02 1.101521150023658524e-02 1.074957319066687303e-02 7.363273763414951954e-03 5.006908516258899364e-03 1.330195347615109169e-03 1.022746238099370023e-03 3.075793591939633004e-03
9.410752346109766808e-05 1.000000000000000021e-08 9.334186220928000570e-05 1.061910145961173245e-04 9.661132568411814317e-05 9.784307456315346737e-05 1.000000000000000021e-08 1.000000000000000021e-08 1.188886396737528986e-05 6.996114839281949820e-04 7.979307996006497700e-04 9.011002113023670445e-04 7.166427552589715476e-04 5.269058493816139097e-04 3.947085345825309820e-04 2.957507534351380696e-04 7.368134746478166098e-04 6.487544688532774668e-04 4.078222362952578961e-05 3.849814822910135962e-05 4.659699425593287340e-05 5.973537767302530306e-05 1.340521238993103094e-04 1.776555077838194469e-04 1.735506290553547864e-05 3.817115014742453400e-05 4.878968869830782454e-05 8.287862274124831348e-04 2.698068352826169701e-05 3.914655865018403598e-05 4.313584817876728528e-05 4.655949815958485097e-05 4.493251427083300338e-03 4.743636779065171609e-03 7.569595774055625295e-03 8.186633195171204302e-03 4.671920373626853827e-03
1.149900588178485767e-04 1.165066185982695040e-04 1.198397236741694199e-04 1.000000000000000021e-08 1.000000000000000021e-08 1.000000000000000021e-08 1.000000000000000021e-08 1.000000000000000021e-08 1.000000000000000021e-08 1.000000000000000021e-08 1.000000000000000021e-08 1.000000000000000021e-08 1.000000000000000021e-08 1.000000000000000021e-08 3.301479238107642909e-05 6.595300573731360230e-05 4.480153495115026842e-03 4.443509207552164691e-03 1.000000000000000021e-08 1.000000000000000021e-08 1.000000000000000021e-08 1.809616200256858746e-05 1.583759273896215996e-04 2.550473888613894314e-04 3.729550116590527205e-05 2.919356622808639756e-05 1.187318205249414610e-04 3.483990225292425870e-05 3.356923489495598778e-05 3.490438809859377914e-05 3.177416459406529005e-05 3.694826389027545515e-05 3.577478961141908505e-03 6.207687582622785881e-03 4.011230885228489647e-03 2.377761728620252611e-03 1.617136927009627185e-03
9.010104578829944541e-05 8.480494486278142307e-05 8.224964541388087328e-05 1.000000000000000021e-08 1.000000000000000021e-08 1.000000000000000021e-08 1.000000000000000021e-08 1.000000000000000021e-08 1.000000000000000021e-08 1.000000000000000021e-08 2.118508320980855162e-05 5.083923730377218542e-05 1.000000000000000021e-08 7.981267596591339866e-05 1.000000000000000021e-08 1.000000000000000021e-08 1.760788016352237545e-04 4.638752481466245319e-05 5.636521421666646609e-05 4.742555884766162241e-05 3.720447139699057298e-05 1.463339218901562374e-04 1.798400920710480370e-04 3.130513984739572353e-04 3.316862881981925195e-05 5.653007374419774902e-05 5.004085810938648773e-05 5.126944113652280490e-05 1.000000000000000021e-08 1.287512126078363022e-05 1.000000000000000021e-08 5.414218183327272708e-05 7.285317408291795043e-05 1.019012475955318446e-04 1.052519463349724065e-04 9.461897420205860379e-05 1.000000000000000021e-08
7.678576751359044751e-05 6.861213885769229840e-05 6.302769689667853971e-05 1.000000000000000021e-08 1.000000000000000021e-08 3.413280163590387529e-05 5.281713597603730716e-05 1.000000000000000021e-08 1.641754957421023229e-05 1.000000000000000021e-08 1.000000000000000021e-08 4.114283779785323490e-05 8.255379071125147356e-05 9.513042653701377679e-05 1.000000000000000021e-08 1.000000000000000021e-08 1.000000000000000021e-08 4.899015567074095661e-05 3.925655969235256840e-05 1.000000000000000021e-08 1.256559460406090837e-05 2.860245583508074611e-05 1.131500075007510909e-04 3.542447223079646661e-04 5.980517994467342730e-05 4.926844121864444148e-05 1.000000000000000021e-08 5.472199237552028713e-05 1.000000000000000021e-08 1.000000000000000021e-08 3.556488736785209080e-05 4.580588537409830850e-05 4.503570275907173878e-05 4.921339433108197281e-05 4.935517722121815330e-05 5.050375216423391294e-05 8.001304608521720688e-05
