output/water_depth_2640.asc
ncols 223
nrows 158
xllcorner 0.0
yllcorner 0.0
cellsize 30.0
[rows 119 to 135 of 158, columns 0 to 36 of 223]
1.000000100000000021e-05 1.000000100000000021e-05 1.000000100000000021e-05 1.000000100000000021e-05 1.000000100000000021e-05 1.000000100000000021e-05 1.000000100000000021e-05 1.000000100000000021e-05 1.000000100000000021e-05 1.000000100000000021e-05 1.000000100000000021e-05 1.000000100000000021e-05 1.000000100000000021e-05 1.000000100000000021e-05 1.000000100000000021e-05 1.000000100000000021e-05 1.000000100000000021e-05 1.000000100000000021e-05 1.000000100000000021e-05 1.000000100000000021e-05 1.822295496012557342e-04 3.797459230898413986e-04 3.366778223250748033e-04 2.485173335868952685e-04 1.748009281629930444e-04 1.000000000000000021e-08 1.000000000000000021e-08 1.000000000000000021e-08 1.000000000000000021e-08 1.000000000000000021e-08 1.000000000000000021e-08 1.000000000000000021e-08 1.358632672298815372e-05 9.326411586900774128e-05 7.062610300846293605e-05 1.244677673128955810e-04 9.913896917729463716e-05
1.000000100000000021e-05 1.000000100000000021e-05 1.000000100000000021e-05 1.000000100000000021e-05 1.000000100000000021e-05 1.000000100000000021e-05 1.000000100000000021e-05 1.000000100000000021e-05 1.000000100000000021e-05 1.000000100000000021e-05 1.000000100000000021e-05 1.000000100000000021e-05 1.000000100000000021e-05 1.000000100000000021e-05 1.000000100000000021e-05 1.000000100000000021e-05 1.000000100000000021e-05 1.000000100000000021e-05 1.000000100000000021e-05 1.000000100000000021e-05 1.000000000000000021e-08 1.851526055934588693e-05 4.572277376296606313e-04 1.096894329337215463e-04 4.317728612508850341e-05 3.687708162283818752e-05 1.246978429089263889e-05 1.000000000000000021e-08 1.000000000000000021e-08 1.000000000000000021e-08 1.000000000000000021e-08 1.000000000000000021e-08 1.000000000000000021e-08 4.337602244651477435e-04 2.108524460577450819e-04 1.136141336878231952e-04 1.918810946769845154e-04
1.000000100000000021e-05 1.000000100000000021e-05 1.000000100000000021e-05 1.000000100000000021e-05 1.000000100000000021e-05 1.000000100000000021e-05 1.000000100000000021e-05 1.000000100000000021e-05 1.000000100000000021e-05 1.000000100000000021e-05 1.000000100000000021e-05 1.000000100000000021e-05 1.000000100000000021e-05 1.000000100000000021e-05 1.000000100000000021e-05 1.000000100000000021e-05 1.000000100000000021e-05 1.000000100000000021e-05 1.000000100000000021e-05 1.000000100000000021e-05 1.000000000000000021e-08 1.000000000000000021e-08 2.022158091291954222e-05 1.000000000000000021e-08 3.673033781338714947e-05 2.473534533099201201e-05 3.381105698887525352e-05 1.226703338608806116e-05 1.000000000000000021e-08 1.000000000000000021e-08 1.000000000000000021e-08 1.000000000000000021e-08 2.890292312618191568e-05 3.423305396646649765e-05 8.703458527735173720e-05 4.616436295610288655e-03 5.447657236097150357e-03
1.000000100000000021e-05 1.000000100000000021e-05 1.000000100000000021e-05 1.000000100000000021e-05 1.000000100000000021e-05 1.000000100000000021e-05 1.000000100000000021e-05 1.000000100000000021e-05 1.000000100000000021e-05 1.000000100000000021e-05 1.000000100000000021e-05 1.000000100000000021e-05 1.000000100000000021e-05 1.000000100000000021e-05 1.000000100000000021e-05 1.000000100000000021e-05 1.000000100000000021e-05 1.000000100000000021e-05 1.000000100000000021e-05 1.000000100000000021e-05 1.000000000000000021e-08 2.799075116701501127e-05 1.578315090763199313e-05 3.449521304114972479e-05 1.303414515613201874e-05 3.429160981035701703e-05 7.321779144252843062e-05 6.395515480282337175e-05 2.711549409021189736e-05 2.875352270737221885e-05 1.301033345479880987e-05 1.486842724526206804e-05 3.021230697071078776e-05 1.203928809711148469e-04 2.606055590773756220e-03 3.975053757006730831e-03 8.105718622491904848e-03
1.000000100000000021e-05 1.000000100000000021e-05 1.000000100000000021e-05 1.000000100000000021e-05 1.000000100000000021e-05 1.000000100000000021e-05 1.000000100000000021e-05 1.000000100000000021e-05 1.000000100000000021e-05 1.000000100000000021e-05 1.000000100000000021e-05 1.000000100000000021e-05 1.000000100000000021e-05 1.000000100000000021e-05 1.000000100000000021e-05 1.000000100000000021e-05 1.000000100000000021e-05 1.000000100000000021e-05 1.000000100000000021e-05 6.818144642624310043e-04 1.587358043329993378e-04 1.461562112316324607e-04 3.003889071263990732e-04 3.557681504401259188e-04 6.306880483323517011e-04 7.503730444699071743e-04 1.198666311854222058e-03 1.338246018441999630e-03 1.995933976255075560e-03 2.220068881561979186e-03 3.916036122690089334e-03 4.133059817139144235e-03 5.640216625924177052e-03 5.955627206015896846e-03 6.061952124981308081e-03 4.590931810162912803e-03 3.871589664098237273e-03
1.000000100000000021e-05 1.000000100000000021e-05 1.000000100000000021e-05 1.000000100000000021e-05 1.000000100000000021e-05 1.000000100000000021e-05 1.000000100000000021e-05 1.000000100000000021e-05 1.000000100000000021e-05 1.000000100000000021e-05 1.000000100000000021e-05 1.000000100000000021e-05 1.000000100000000021e-05 1.000000100000000021e-05 1.000000100000000021e-05 1.000000000000000021e-08 1.280008059883621526e-05 3.331433384693448826e-04 5.939164028798783268e-04 4.806174762219861851e-04 8.673042772562381800e-05 1.125021417597368037e-04 3.824632379298059984e-05 3.489950500371380633e-05 1.257409660093588922e-05 1.000000000000000021e-08 4.622440275293314632e-05 1.188336107930172437e-04 3.354676440465655281e-04 6.610258428986810634e-04 1.774607534909048573e-03 8.106756448328354160e-04 1.797870171253319709e-03 1.574617044879339772e-03 2.148552352509459310e-03 8.233412693610937631e-04 3.244421991597759569e-03
1.000000100000000021e-05 1.000000100000000021e-05 1.000000100000000021e-05 1.000000100000000021e-05 1.000000100000000021e-05 1.000000100000000021e-05 1.000000100000000021e-05 1.000000100000000021e-05 1.000000100000000021e-05 1.000000100000000021e-05 1.000000100000000021e-05 1.000000100000000021e-05 1.000000100000000021e-05 1.000000100000000021e-05 1.012093293510070511e-04 1.371851367975908691e-04 1.485028444466027303e-05 1.000000000000000021e-08 1.655382186801536765e-05 1.992738876870674895e-05 2.803999752649666684e-05 1.000000000000000021e-08 1.000000000000000021e-08 1.000000000000000021e-08 1.000000000000000021e-08 1.000000000000000021e-08 9.558300505852926159e-05 1.680632095974863465e-04 2.779876184972405448e-05 8.257916320785449492e-05 9.703635484625591887e-05 2.729327697877952292e-04 2.360670280651419681e-04 1.171688645945444642e-03 1.121953072974071850e-03 1.172831696747162183e-03 3.220470572595101558e-03
1.000000100000000021e-05 1.000000100000000021e-05 1.000000100000000021e-05 1.000000100000000021e-05 1.000000100000000021e-05 1.000000100000000021e-05 1.000000100000000021e-05 1.000000100000000021e-05 1.000000100000000021e-05 1.000000100000000021e-05 1.000000100000000021e-05 1.000000100000000021e-05 1.000000100000000021e-05 1.280166550965765695e-04 1.168143545105388446e-05 1.455732801762030492e-05 1.000000000000000021e-08 1.000000000000000021e-08 1.427787065914556653e-05 4.901550013389502304e-05 9.361018413172834463e-05 1.000000000000000021e-08 1.000000000000000021e-08 1.000000000000000021e-08 1.000000000000000021e-08 1.000000000000000021e-08 1.000000000000000021e-08 1.719061778132452650e-05 4.891290534743687984e-05 5.579428684910816828e-05 1.721355379443030532e-04 1.929390409886080600e-04 3.834549432139012755e-04 4.814881458354205849e-04 1.444697620730189683e-03 1.837047621587316847e-03 8.249242856376355626e-03
1.000000100000000021e-05 1.000000100000000021e-05 1.000000100000000021e-05 1.000000100000000021e-05 1.000000100000000021e-05 1.000000100000000021e-05 1.000000100000000021e-05 1.000000100000000021e-05 1.000000100000000021e-05 1.000000100000000021e-05 1.000000100000000021e-05 1.000000100000000021e-05 1.000000100000000021e-05 5.640005588659391161e-05 1.000000000000000021e-08 1.000000000000000021e-08 1.000000000000000021e-08 1.000000000000000021e-08 1.000000000000000021e-08 1.000000000000000021e-08 2.089456604877237578e-05 4.386974406682555118e-05 1.000000000000000021e-08 4.775553256165786535e-05 1.116466158489797715e-04 2.742814029375120494e-04 1.765290880152199258e-05 2.572152174013525656e-05 3.135642862957302684e-05 1.021042979886603417e-04 1.307650876675565358e-04 3.883130118001090064e-04 2.403092197075080657e-04 1.016281913358347026e-03 1.868729269953472300e-03 4.955621679123307401e-03 1.573571950528047936e-02
1.000000100000000021e-05 1.000000100000000021e-05 1.000000100000000021e-05 1.000000100000000021e-05 1.000000100000000021e-05 1.000000100000000021e-05 1.000000100000000021e-05 1.000000100000000021e-05 1.000000100000000021e-05 1.000000100000000021e-05 1.000000100000000021e-05 1.000000100000000021e-05 1.000000100000000021e-05 5.009447943286618129e-05 1.000000000000000021e-08 1.000000000000000021e-08 1.000000000000000021e-08 1.000000000000000021e-08 6.804832880915882474e-05 1.000000000000000021e-08 1.000000000000000021e-08 1.000000000000000021e-08 1.000000000000000021e-08 1.000000000000000021e-08 5.773015059066586414e-05 1.000000000000000021e-08 6.844393155625812578e-05 1.229281813617158600e-05 6.190778082156707352e-05 8.255693023899446370e-05 2.945982423531575897e-04 3.089227514946720409e-04 1.340011103041666672e-03 9.270515386058747693e-04 1.822279631845012075e-03 1.514501611418032434e-03 8.600194644927691354e-03
1.000000100000000021e-05 1.000000100000000021e-05 1.000000100000000021e-05 1.000000100000000021e-05 1.000000100000000021e-05 1.000000100000000021e-05 1.000000100000000021e-05 1.000000100000000021e-05 1.000000100000000021e-05 1.000000100000000021e-05 1.000000100000000021e-05 1.000000100000000021e-05 1.000000100000000021e-05 3.959123719012112836e-05 3.206898401641697946e-05 2.942648807691210686e-05 3.502304443536432356e-05 4.510714013656547876e-05 1.000000000000000021e-08 6.284875518563615810e-05 1.000000000000000021e-08 1.000000000000000021e-08 3.815481917209243739e-05 1.000000000000000021e-08 1.000000000000000021e-08 1.000000000000000021e-08 1.000000000000000021e-08 3.293958713681112514e-05 5.746225750479006021e-05 1.955714442922794685e-04 2.581645668502903024e-04 6.643001741415267662e-04 5.978846740329790861e-04 1.380364352099121804e-03 1.179745780197333661e-03 2.521152159775611606e-03 3.452362181042258928e-03
1.000000100000000021e-05 1.000000100000000021e-05 1.000000100000000021e-05 1.000000100000000021e-05 1.000000100000000021e-05 1.000000100000000021e-05 1.000000100000000021e-05 1.000000100000000021e-05 1.000000100000000021e-05 1.000000100000000021e-05 1.000000100000000021e-05 1.000000100000000021e-05 1.000000100000000021e-05 3.008734805935674557e-05 1.000000000000000021e-08 1.000000000000000021e-08 1.000000000000000021e-08 1.000000000000000021e-08 1.000000000000000021e-08 1.000000000000000021e-08 1.000000000000000021e-08 1.000000000000000021e-08 1.000000000000000021e-08 1.309976589424159243e-04 1.000000000000000021e-08 1.000000000000000021e-08 1.000000000000000021e-08 3.635736389793404783e-05 1.440768021827755897e-04 1.702773816545617236e-04 6.154158852532772743e-04 5.095337459815683489e-04 1.134517829269286304e-03 9.854496158957421793e-04 1.906504663158410402e-03 2.275509957502390955e-03 3.306895404842829633e-03
1.000000100000000021e-05 1.000000100000000021e-05 1.000000100000000021e-05 1.000000100000000021e-05 1.000000100000000021e-05 1.000000100000000021e-05 1.000000100000000021e-05 1.000000100000000021e-05 1.000000100000000021e-05 1.000000100000000021e-05 1.000000100000000021e-05 1.000000100000000021e-05 1.000000100000000021e-05 1.000000000000000021e-08 3.689712742018975853e-05 1.000000000000000021e-08 1.000000000000000021e-08 1.778845452098694861e-05 1.000000000000000021e-08 3.503144400004401700e-05 1.000000000000000021e-08 1.000000000000000021e-08 1.000000000000000021e-08 1.000000000000000021e-08 1.000000000000000021e-08 1.000000000000000021e-08 2.320459240873653424e-05 9.737734333351823147e-05 1.622606924872318178e-04 3.859077862540541632e-04 7.647331943376807929e-04 9.237113694828490672e-04 1.029751172523397668e-03 1.607796275386949233e-03 2.072210251407341670e-03 1.960759140931299035e-03 3.840128994985023136e-03
1.000000100000000021e-05 1.000000100000000021e-05 1.000000100000000021e-05 1.000000100000000021e-05 1.000000100000000021e-05 1.000000100000000021e-05 1.000000100000000021e-05 1.000000100000000021e-05 1.000000100000000021e-05 1.000000100000000021e-05 1.000000100000000021e-05 1.000000100000000021e-05 1.000000100000000021e-05 1.000000000000000021e-08 4.510318799474384132e-05 1.000000000000000021e-08 1.000000000000000021e-08 1.000000000000000021e-08 1.227704768194386406e-05 1.000000000000000021e-08 1.000000000000000021e-08 1.000000000000000021e-08 1.200299745039716981e-04 1.000000000000000021e-08 1.000000000000000021e-08 1.000000000000000021e-08 3.518560398232839937e-04 7.283679008340988859e-04 1.116900048576902581e-03 1.640644686461117246e-03 9.860031772741691385e-04 8.514426078705195425e-04 8.715640588567295137e-04 1.927778453875963289e-03 1.557582685944605650e-03 3.400468547207042072e-03 2.563492319182065875e-03
1.000000100000000021e-05 1.000000100000000021e-05 1.000000100000000021e-05 1.000000100000000021e-05 1.000000100000000021e-05 1.000000100000000021e-05 1.000000100000000021e-05 1.000000100000000021e-05 1.000000100000000021e-05 1.000000100000000021e-05 1.000000100000000021e-05 1.000000100000000021e-05 1.000000100000000021e-05 9.708627800591518916e-05 1.000000000000000021e-08 1.000000000000000021e-08 1.000000000000000021e-08 1.000000000000000021e-08 1.000000000000000021e-08 1.426914011350528271e-05 2.088657826417277523e-05 2.989863035550289322e-05 1.000000000000000021e-08 1.000000000000000021e-08 1.000000000000000021e-08 1.000000000000000021e-08 7.613952595370307257e-05 1.219700674839713185e-04 3.694033209539355480e-04 3.628013645935331509e-04 8.825189487521212413e-04 7.894768622092756573e-04 1.715104677929672750e-03 1.356507654845450720e-03 2.802828714153801030e-03 2.571497644510468278e-03 4.041403309892535080e-03
1.000000100000000021e-05 1.000000100000000021e-05 1.000000100000000021e-05 1.000000100000000021e-05 1.000000100000000021e-05 1.000000100000000021e-05 1.000000100000000021e-05 1.000000100000000021e-05 1.000000100000000021e-05 1.000000100000000021e-05 1.000000100000000021e-05 1.000000100000000021e-05 1.000000100000000021e-05 1.043512550419261676e-04 1.000000000000000021e-08 1.000000000000000021e-08 1.000000000000000021e-08 1.000000000000000021e-08 1.000000000000000021e-08 1.000000000000000021e-08 1.000000000000000021e-08 1.000000000000000021e-08 1.000000000000000021e-08 1.000000000000000021e-08 1.000000000000000021e-08 1.000000000000000021e-08 8.462342902917582583e-05 2.883999092619545760e-04 2.951693551990296595e-04 7.232497374331395366e-04 6.408937628493540165e-04 1.477906331737416368e-03 1.185457527287388669e-03 2.310945424204993194e-03 1.899436478768682258e-03 4.557755293291231719e-03 2.809982515523918190e-03
1.000000100000000021e-05 1.000000100000000021e-05 1.000000100000000021e-05 1.000000100000000021e-05 1.000000100000000021e-05 1.000000100000000021e-05 1.000000100000000021e-05 1.000000100000000021e-05 1.000000100000000021e-05 1.000000100000000021e-05 1.000000100000000021e-05 1.000000100000000021e-05 1.000000100000000021e-05 4.362387801220815782e-05 6.383062272321731519e-05 1.000000000000000021e-08 1.000000000000000021e-08 1.000000000000000021e-08 1.350489738493154505e-04 1.000000000000000021e-08 1.000000000000000021e-08 1.000000000000000021e-08 1.000000000000000021e-08 1.000000000000000021e-08 3.413315180515944631e-05 1.478225623044048431e-04 2.510492434047822659e-04 2.413117082777729058e-04 6.057957174339445106e-04 5.280756948341092235e-04 1.218384421048551366e-03 1.066271743242605628e-03 2.117020416644787087e-03 1.532335351248900962e-03 3.357844964120883843e-03 4.047724584845738618e-03 1.868580943930597804e-04
