output/water_depth_11040.asc
ncols 223
nrows 158
xllcorner 0.0
yllcorner 0.0
cellsize 30.0
[rows 68 to 84 of 158, columns 74 to 110 of 223]
1.479730629270738446e-05 2.093001448161523883e-05 1.539508331635765974e-04 1.000000000000000021e-08 1.000000000000000021e-08 1.000000000000000021e-08 1.000000000000000021e-08 1.000000000000000021e-08 1.000000000000000021e-08 1.000000000000000021e-08 1.000000000000000021e-08 2.172709785264768728e-04 2.525983926012707035e-04 3.199280004730656823e-04 8.410197635998562307e-04 1.215846750179698987e-03 3.077398789816515319e-04 9.745299929540093191e-05 7.898451707349812855e-05 8.216377950539480862e-05 5.550123117909807474e-04 8.082462259622548613e-04 1.119872840226143924e-03 9.553337337374449845e-04 1.009547335415206422e-03 5.747345436678278014e-04 8.074436434212248562e-04 6.521642460537687216e-04 7.050748995527292675e-04 7.456724392120299850e-04 1.151601821165638018e-03 1.216574748841415740e-03 8.152095420723138013e-04 5.316974464551312484e-04 6.355803838117537108e-05 1.896567958571763459e-05 1.000000000000000021e-08
3.180153483325829354e-04 2.927930978522957787e-04 1.962004059799516407e-04 1.493072837853496833e-04 1.090086733429826459e-04 8.716066843927654446e-05 7.128624940458088539e-05 5.243676163398197464e-05 4.284752210852873182e-05 3.160030013074786648e-05 2.728172073474794711e-05 1.246289163694666905e-04 1.767763352762561290e-04 3.338771456522962968e-05 9.450690694534719864e-05 2.217714471322304939e-04 1.599127982849968179e-04 2.139049715421410933e-04 8.837023769381783058e-05 1.412672385551430208e-04 1.797335466352995340e-04 2.122377827572705078e-04 1.415824026588230738e-04 1.811283319409060140e-04 1.239642661567125627e-04 2.842339411719163903e-04 4.322347143923439827e-04 4.685860896001874608e-04 3.144582730498739881e-04 3.293610207299138993e-04 4.526983576396624272e-04 5.249264064687911291e-04 8.306089016920283757e-04 9.044062737028424684e-04 2.940470028755212445e-04 2.596194626564080261e-04 7.809589244451775798e-05
3.557079143100974421e-04 2.470346831722565386e-04 3.304908337129924302e-04 2.709339733448240138e-04 2.481956037650895103e-04 2.195989289756513079e-04 2.629386729780848757e-04 2.944855794777849131e-04 4.380096440020711263e-04 3.102232830970534910e-04 2.145473212666730860e-04 1.561407462193489326e-04 1.627062386525584463e-04 1.924701536352938506e-05 1.281604051710566374e-04 1.049300899394081888e-04 2.201350916823301769e-04 2.949031034228358390e-04 2.647023984533665615e-04 4.989439687413346107e-04 8.395936956917906570e-04 7.497080389117713461e-04 9.943938586882527641e-04 8.376313016113849869e-04 8.884261872867492546e-04 7.208100940292145415e-04 6.709078735799388479e-04 1.081955829237006648e-03 1.934173536714069478e-04 2.456209583436932986e-04 1.871750930457346737e-04 2.737523880239017913e-04 3.719566942658628994e-04 9.019956403756048107e-04 1.270993187601320755e-03 1.168120285824188675e-03 1.534277458247497363e-03
3.740700872445023683e-04 3.260968197276599808e-05 1.000000000000000021e-08 1.766864066492293539e-04 2.871862843098926159e-04 4.301783727327899726e-04 5.001455262817317525e-04 5.208022855156559366e-04 2.983341794434885312e-04 3.317206651307039070e-04 3.740767351474229182e-05 2.098855605068087595e-04 1.930904115536028929e-04 3.215562173754599401e-04 2.373450394607329111e-04 1.959825856669792775e-04 2.895632534200988763e-04 4.228980608656947022e-04 1.731471268150281111e-03 1.224945187399203213e-03 8.218343886914453687e-04 6.278745539078745908e-04 3.547150484951352837e-04 2.202601434160093559e-04 4.532633990528194619e-04 3.036766262828873237e-04 4.803053490632085577e-04 7.882476046027321950e-04 2.385340544847236346e-04 1.898091897677854276e-04 2.380151886343294604e-04 1.941453259519919112e-04 2.760501950081087970e-04 3.786023381325082852e-04 1.105182724281011811e-03 7.730046406797526186e-04 9.598482188944953194e-04
2.434762989320712737e-04 2.304139434730771480e-04 1.711178965164779256e-04 2.531651729132439101e-04 2.762072857670296619e-04 2.238226639366604643e-04 1.684988919162394583e-04 1.455572260724496492e-04 2.206854993809815322e-04 2.487133947487966002e-04 4.565944661239586716e-05 2.122469555106490922e-04 2.094060230018177429e-04 1.890772585508435554e-04 1.956830735106758349e-04 2.663554679385756038e-04 4.121125277055115725e-04 4.189426721677542379e-04 2.810762400375069105e-04 1.601947112542703830e-04 9.440847051551089285e-05 4.674929031268270285e-05 1.870426961723772896e-04 1.894099855361644253e-04 3.303701548017331960e-04 3.333030636541781371e-04 3.564856542373626624e-04 1.576578331174267563e-04 1.193732724890807619e-04 2.046833422049511894e-04 7.100013162700037378e-05 1.316785947006417678e-04 1.205564204607309997e-04 1.978638903451621252e-04 1.923443383028683581e-04 7.910571456971640355e-04 4.488896385244474049e-04
2.400910287932889089e-04 2.739658906399016023e-04 2.601412869140073519e-05 3.557890681916896724e-05 1.000000000000000021e-08 1.000000000000000021e-08 1.000000000000000021e-08 6.301045614073386234e-05 1.585080819755160233e-04 2.289101063788742988e-04 2.482373444580460728e-04 1.857271981185186938e-04 1.179306226076851251e-04 6.445649919289271840e-05 1.344064396321457652e-04 9.143104171305210619e-05 1.212639905828315353e-04 1.324129168698333575e-04 1.294829377268717026e-04 2.083907435709132588e-04 1.860542082846098602e-04 1.423440682426789549e-04 1.680245382768929369e-04 1.803219762575152278e-04 3.708125089187519344e-05 5.312371832338707943e-05 9.892079005861093531e-05 5.794150198323017162e-04 1.769847633112520537e-04 1.438661164502174781e-04 2.682291706970066966e-04 2.003538981271425735e-04 2.403448190355636288e-04 1.853442430305695114e-04 8.577369470340281314e-04 8.453507183167222137e-04 6.715015855089741161e-04
1.000000000000000021e-08 2.357359147863076769e-04 4.025788158649293335e-04 3.966867577349611376e-04 3.173431064008146326e-04 2.340551533380203354e-04 1.653767843096961383e-04 1.000000000000000021e-08 1.577796156378045783e-04 2.612233494291490705e-04 3.343436352179444547e-04 2.438905694490574858e-04 1.554291758554809260e-04 1.199513664942181428e-04 1.084716311313206930e-04 1.023934037147554942e-04 4.936476228248860647e-05 2.943687490783312963e-05 3.203569792733474103e-05 4.910948565209771342e-05 1.504639905453136457e-04 1.580652628665849837e-04 1.824113392984792856e-04 2.288771363251946472e-04 4.231171011409868969e-05 7.099787067972810196e-05 4.988952638438172367e-05 4.613082472887280235e-04 8.670087540258953826e-04 1.513753530319097832e-04 1.326122609292311808e-04 9.759303171331978107e-05 9.469554849786361106e-05 7.209708247780960031e-05 6.168572931999417083e-04 1.255710998931767108e-03 4.282357178722762266e-04
1.000000000000000021e-08 1.000000000000000021e-08 1.000000000000000021e-08 1.000000000000000021e-08 1.677944030741567339e-04 2.039690261412879986e-04 1.937183652060385378e-04 1.448217836517167074e-04 8.758809456302066494e-05 5.499256858284181764e-05 4.961813305970992280e-05 1.241293560616138177e-04 1.408582200563299007e-04 1.169096860969973459e-04 1.136008608456673023e-04 9.929371323446566880e-05 9.114680904513267079e-05 6.268191520348839806e-05 5.494999837272229498e-05 4.219720382677846977e-05 2.813314126562007484e-05 9.132167422089120933e-05 1.429914814432447546e-04 2.474990901566070977e-04 4.018403435538351080e-04 4.291716719215551805e-04 5.773872257815493335e-04 5.172244836394092760e-04 4.177922737316181021e-04 5.363984101652345638e-04 1.417769921834407458e-04 1.718439950612023280e-04 1.144260115494936394e-04 5.604629547763136766e-05 5.411141765635763511e-04 9.255046163965691564e-04 7.112471816773058243e-04
1.018716510450135213e-05 1.000000000000000021e-08 1.000000000000000021e-08 1.000000000000000021e-08 1.000000000000000021e-08 1.000000000000000021e-08 1.339316401352119571e-04 1.443692219154269385e-04 1.000000000000000021e-08 3.058102531759981387e-05 2.506279852482879816e-05 6.720355090932466973e-05 1.000000000000000021e-08 1.000000000000000021e-08 6.169177381354954911e-05 8.451473009638971461e-05 8.627752396682230988e-05 8.165917187041186272e-05 7.856670395513052220e-05 1.000000000000000021e-08 2.394126357151053715e-05 5.407322938298954047e-05 9.110440808852224434e-05 7.462181039010354973e-05 1.000000000000000021e-08 4.323813039821845636e-05 2.878552588330748134e-05 3.114175310600425972e-04 5.768673199496029491e-05 6.546951786150524417e-05 9.088485874191409137e-05 8.624852425560735540e-05 7.334134854963859657e-04 9.726853275716978910e-04 1.255030003006569897e-03 1.833836871436262707e-03 8.215876936840189187e-03
3.312219466731116654e-05 3.289091585568215128e-05 2.782722461978304955e-05 1.000000000000000021e-08 1.000000000000000021e-08 1.000000000000000021e-08 1.000000000000000021e-08 1.000000000000000021e-08 1.000000000000000021e-08 1.000000000000000021e-08 1.538489768408285712e-05 1.000000000000000021e-08 1.056207995485312224e-05 1.000000000000000021e-08 3.852862072156576885e-05 6.124333438626628542e-05 8.068921990293715415e-05 1.000000000000000021e-08 1.000000000000000021e-08 1.000000000000000021e-08 1.647310649162285533e-05 3.734675285703560843e-05 7.050423506465217907e-05 4.864529669733244616e-05 3.832504364259094816e-05 2.494188579684762221e-05 1.000000000000000021e-08 2.311126060681809041e-05 2.420851533714114408e-05 6.269656079613007129e-05 2.144738315098592424e-05 1.605093890324867307e-04 1.438679401146053549e-04 1.084078800974652771e-04 8.703654033345413900e-05 8.145768466312643509e-05 9.884305784865728747e-04
1.496595852249789490e-05 3.151627765128883616e-05 1.000000000000000021e-08 1.000000000000000021e-08 1.000000000000000021e-08 1.000000000000000021e-08 1.000000000000000021e-08 1.000000000000000021e-08 1.270787377617033883e-05 1.000000000000000021e-08 1.082414547435793563e-05 1.555365004008265589e-05 2.032090176942508822e-05 2.427741313590681374e-05 3.195190122724800714e-05 5.525457903382365905e-05 1.000000000000000021e-08 1.000000000000000021e-08 1.000000000000000021e-08 1.000000000000000021e-08 1.009646216576648064e-05 2.292768595312521271e-05 4.376175804600330478e-05 5.129864631241372634e-05 4.692725601656150676e-05 4.390664193480760670e-05 1.000000000000000021e-08 1.000000000000000021e-08 2.014990711403223824e-05 6.191304040584535149e-05 1.066041274488858882e-04 3.858378657502557589e-04 2.533498960902530960e-04 1.464876412124390908e-05 1.836596751355357182e-05 1.386180213008359357e-05 9.535224897605355625e-04
1.000000000000000021e-08 1.000000000000000021e-08 1.000000000000000021e-08 1.000000000000000021e-08 1.000000000000000021e-08 1.000000000000000021e-08 1.000000000000000021e-08 1.000000000000000021e-08 1.000000000000000021e-08 1.000000000000000021e-08 1.000000000000000021e-08 1.000000000000000021e-08 2.786302955826679817e-05 1.000000000000000021e-08 1.000000000000000021e-08 3.942503564793283031e-05 3.683293674110366703e-05 3.878136510272739554e-05 4.404390597341741932e-05 3.707527556187249426e-05 1.000000000000000021e-08 1.000000000000000021e-08 2.859089828429847604e-05 4.501602212326350486e-05 1.000000000000000021e-08 3.524980547935624946e-05 1.000000000000000021e-08 1.000000000000000021e-08 1.553954536138470855e-05 2.351317637844542170e-05 2.355438294319858329e-05 9.321188731476387273e-05 4.561103051473674118e-05 4.393937393961847406e-05 1.331807909473326731e-05 2.195358424673355085e-05 2.684531016686492747e-05
1.000000000000000021e-08 1.000000000000000021e-08 1.000000000000000021e-08 1.000000000000000021e-08 1.000000000000000021e-08 1.000000000000000021e-08 1.000000000000000021e-08 1.000000000000000021e-08 1.000000000000000021e-08 1.173915852857340202e-05 1.347674154770265884e-05 1.000000000000000021e-08 1.000000000000000021e-08 1.000000000000000021e-08 1.000000000000000021e-08 1.000000000000000021e-08 2.792922613420690677e-05 4.073751104122215022e-05 8.152044519305702607e-05 8.603473782119293257e-05 1.000000000000000021e-08 1.000000000000000021e-08 1.000000000000000021e-08 3.430416409336108698e-05 3.124938964041033482e-05 3.836395465366639252e-05 3.854577608100170027e-05 3.612869753171449414e-05 6.938857451020315756e-05 5.421174745504322621e-05 5.279261240563774891e-05 7.942911427665251393e-05 7.282914613205437740e-05 8.666395975851244452e-05 1.000000000000000021e-08 1.000000000000000021e-08 1.883406699068065844e-05
1.000000000000000021e-08 1.000000000000000021e-08 1.000000000000000021e-08 1.000000000000000021e-08 1.000000000000000021e-08 1.000000000000000021e-08 1.000000000000000021e-08 1.000000000000000021e-08 1.000000000000000021e-08 1.000000000000000021e-08 1.035874782860292301e-05 1.000000000000000021e-08 1.000000000000000021e-08 1.903709711039952609e-05 2.799147981081824381e-05 1.000000000000000021e-08 2.563932313697735019e-05 3.572730772311878141e-05 2.794176307228932163e-05 5.414959311924833569e-05 4.592298994502412606e-05 1.000000000000000021e-08 1.000000000000000021e-08 3.323868218235063679e-05 1.000000000000000021e-08 3.156725485980936113e-05 3.896015943808853839e-05 5.191359671012714703e-05 4.282407335219625370e-05 6.373413437976671017e-05 7.227321446076996126e-05 5.812092805006998546e-05 1.000000000000000021e-08 5.731952793932703228e-04 7.011884302596899056e-04 4.160012645777985706e-04 4.499474947509716572e-04
1.000000000000000021e-08 1.000000000000000021e-08 1.000000000000000021e-08 1.000000000000000021e-08 1.000000000000000021e-08 1.000000000000000021e-08 1.000000000000000021e-08 1.000000000000000021e-08 1.000000000000000021e-08 1.000000000000000021e-08 1.179855823708482952e-05 1.406299159301013069e-05 2.031847811727776463e-05 1.896839385638059318e-05 2.790429112309479389e-05 2.371317653129983348e-05 1.000000000000000021e-08 1.000000000000000021e-08 1.000000000000000021e-08 1.000000000000000021e-08 3.053805432849883065e-05 2.963839411623644512e-05 2.792267631699235709e-05 5.023728421569846858e-05 6.874383846185287445e-05 7.167382481817086582e-05 8.373912037832475933e-05 9.377388362306333491e-05 9.085096929472332838e-05 9.306747256119959856e-05 1.000000000000000021e-08 3.551099742134839908e-05 2.394570200601760896e-05 5.394373937954119615e-05 3.563575916938093086e-05 2.585025674065671245e-04 2.951450320953275560e-04
1.000000000000000021e-08 1.000000000000000021e-08 1.000000000000000021e-08 1.000000000000000021e-08 1.000000000000000021e-08 1.000000000000000021e-08 1.000000000000000021e-08 1.000000000000000021e-08 1.242726158583561356e-05 1.557334511034863875e-05 2.262638425305028015e-05 2.140003417459303124e-05 2.010767402190197096e-05 1.937552773254128417e-05 2.112107561170813462e-05 1.000000000000000021e-08 1.000000000000000021e-08 1.000000000000000021e-08 1.000000000000000021e-08 1.000000000000000021e-08 1.000000000000000021e-08 1.000000000000000021e-08 1.000000000000000021e-08 1.000000000000000021e-08 1.000000000000000021e-08 4.602945535884078564e-05 1.026239775675307051e-04 1.045181695511744830e-04 1.148625325362236273e-04 1.899189146570319649e-04 1.730138597317966507e-04 1.437675051781848144e-04 1.272876260278881552e-04 1.019877643106942408e-04 1.003154688496270139e-04 1.863894537671378449e-04 1.438657408226974230e-04
1.000000000000000021e-08 1.000000000000000021e-08 1.000000000000000021e-08 1.000000000000000021e-08 1.000000000000000021e-08 1.000000000000000021e-08 1.000000000000000021e-08 1.000000000000000021e-08 1.000000000000000021e-08 1.000000000000000021e-08 1.000000000000000021e-08 1.000000000000000021e-08 1.000000000000000021e-08 1.144972615285810773e-05 1.344777581780579945e-05 1.000000000000000021e-08 1.000000000000000021e-08 1.000000000000000021e-08 1.000000000000000021e-08 1.000000000000000021e-08 1.000000000000000021e-08 1.000000000000000021e-08 1.000000000000000021e-08 1.000000000000000021e-08 1.000000000000000021e-08 2.946984017799696354e-05 3.494407314328190720e-05 9.415122737064700938e-05 1.842581538974964685e-04 1.688791245448114829e-04 2.644752544144300254e-04 2.545086701674924875e-04 1.796739026107764439e-05 1.677094697447855938e-05 2.094662925926062680e-05 1.428168560031921937e-04 1.408746234729628800e-04
