output/water_depth_3480.asc
ncols 223
nrows 158
xllcorner 0.0
yllcorner 0.0
cellsize 30.0
[rows 119 to 135 of 158, columns 0 to 36 of 223]
1.000000100000000021e-05 1.000000100000000021e-05 1.000000100000000021e-05 1.000000100000000021e-05 1.000000100000000021e-05 1.000000100000000021e-05 1.000000100000000021e-05 1.000000100000000021e-05 1.000000100000000021e-05 1.000000100000000021e-05 1.000000100000000021e-05 1.000000100000000021e-05 1.000000100000000021e-05 1.000000100000000021e-05 1.000000100000000021e-05 1.000000100000000021e-05 1.000000100000000021e-05 1.000000100000000021e-05 1.000000100000000021e-05 1.000000100000000021e-05 7.481768705652275730e-05 1.587634186392595679e-04 1.684894157036670925e-04 1.616738370672254389e-04 1.293216975520471341e-04 1.000000000000000021e-08 1.000000000000000021e-08 1.000000000000000021e-08 1.000000000000000021e-08 1.000000000000000021e-08 1.000000000000000021e-08 1.000000000000000021e-08 3.678688104272605604e-05 1.000000000000000021e-08 1.000000000000000021e-08 1.000000000000000021e-08 1.000000000000000021e-08
1.000000100000000021e-05 1.000000100000000021e-05 1.000000100000000021e-05 1.000000100000000021e-05 1.000000100000000021e-05 1.000000100000000021e-05 1.000000100000000021e-05 1.000000100000000021e-05 1.000000100000000021e-05 1.000000100000000021e-05 1.000000100000000021e-05 1.000000100000000021e-05 1.000000100000000021e-05 1.000000100000000021e-05 1.000000100000000021e-05 1.000000100000000021e-05 1.000000100000000021e-05 1.000000100000000021e-05 1.000000100000000021e-05 1.000000100000000021e-05 1.000000000000000021e-08 1.154668050933398874e-05 1.937405416560397621e-04 2.893187443861062664e-05 1.307770568044856537e-05 1.000000000000000021e-08 1.000000000000000021e-08 1.000000000000000021e-08 1.000000000000000021e-08 1.000000000000000021e-08 1.000000000000000021e-08 1.000000000000000021e-08 1.000000000000000021e-08 1.219779710032626869e-04 1.485853516565761234e-05 1.000000000000000021e-08 1.000000000000000021e-08
1.000000100000000021e-05 1.000000100000000021e-05 1.000000100000000021e-05 1.000000100000000021e-05 1.000000100000000021e-05 1.000000100000000021e-05 1.000000100000000021e-05 1.000000100000000021e-05 1.000000100000000021e-05 1.000000100000000021e-05 1.000000100000000021e-05 1.000000100000000021e-05 1.000000100000000021e-05 1.000000100000000021e-05 1.000000100000000021e-05 1.000000100000000021e-05 1.000000100000000021e-05 1.000000100000000021e-05 1.000000100000000021e-05 1.000000100000000021e-05 1.000000000000000021e-08 1.000000000000000021e-08 1.527900676758669847e-05 1.000000000000000021e-08 1.000000000000000021e-08 1.000000000000000021e-08 1.000000000000000021e-08 1.000000000000000021e-08 1.000000000000000021e-08 1.000000000000000021e-08 1.000000000000000021e-08 1.000000000000000021e-08 1.625690601131527926e-05 1.000000000000000021e-08 1.500583719504668920e-05 6.819641710384094198e-04 1.299446492545901742e-03
1.000000100000000021e-05 1.000000100000000021e-05 1.000000100000000021e-05 1.000000100000000021e-05 1.000000100000000021e-05 1.000000100000000021e-05 1.000000100000000021e-05 1.000000100000000021e-05 1.000000100000000021e-05 1.000000100000000021e-05 1.000000100000000021e-05 1.000000100000000021e-05 1.000000100000000021e-05 1.000000100000000021e-05 1.000000100000000021e-05 1.000000100000000021e-05 1.000000100000000021e-05 1.000000100000000021e-05 1.000000100000000021e-05 1.000000100000000021e-05 1.000000000000000021e-08 3.301136716726769249e-05 2.064220137141413845e-05 2.146729769107487819e-05 1.000000000000000021e-08 1.000000000000000021e-08 1.906317194015933212e-05 1.000000000000000021e-08 1.000000000000000021e-08 1.000000000000000021e-08 1.000000000000000021e-08 1.000000000000000021e-08 1.914278243036301707e-05 1.000000000000000021e-08 6.805977525783914672e-05 2.243467253024494714e-04 1.039399230724159275e-03
1.000000100000000021e-05 1.000000100000000021e-05 1.000000100000000021e-05 1.000000100000000021e-05 1.000000100000000021e-05 1.000000100000000021e-05 1.000000100000000021e-05 1.000000100000000021e-05 1.000000100000000021e-05 1.000000100000000021e-05 1.000000100000000021e-05 1.000000100000000021e-05 1.000000100000000021e-05 1.000000100000000021e-05 1.000000100000000021e-05 1.000000100000000021e-05 1.000000100000000021e-05 1.000000100000000021e-05 1.000000100000000021e-05 2.761027135472898515e-04 3.829715511687626923e-05 3.363410165739088279e-05 4.848888672645401682e-05 4.764220650201586772e-05 7.000169313861701482e-05 6.720335890688892294e-05 9.742200554620230831e-05 9.437439496691608085e-05 1.357074600422332781e-04 1.410079644834132063e-04 2.320103262847646652e-04 2.366193974090113580e-04 3.654822157397412657e-04 3.891573951214437029e-04 5.338393906697664303e-04 5.413683412349330759e-04 5.568954293034584103e-04
1.000000100000000021e-05 1.000000100000000021e-05 1.000000100000000021e-05 1.000000100000000021e-05 1.000000100000000021e-05 1.000000100000000021e-05 1.000000100000000021e-05 1.000000100000000021e-05 1.000000100000000021e-05 1.000000100000000021e-05 1.000000100000000021e-05 1.000000100000000021e-05 1.000000100000000021e-05 1.000000100000000021e-05 1.000000100000000021e-05 1.000000000000000021e-08 1.008286045308922144e-05 1.053014374425485067e-04 2.115077041556342931e-04 1.916177677994976649e-04 2.022052490535849041e-05 2.445856955453557576e-05 1.000000000000000021e-08 1.000000000000000021e-08 1.000000000000000021e-08 1.000000000000000021e-08 3.859846719211159515e-05 8.169406342564642927e-05 1.603037787933436569e-04 1.878646703881742968e-04 2.101248742578564670e-04 4.876732400132074334e-05 1.189149933036206234e-04 1.196842763686359313e-04 1.809565973786573037e-04 6.467634541368653348e-05 6.399923637825749535e-04
1.000000100000000021e-05 1.000000100000000021e-05 1.000000100000000021e-05 1.000000100000000021e-05 1.000000100000000021e-05 1.000000100000000021e-05 1.000000100000000021e-05 1.000000100000000021e-05 1.000000100000000021e-05 1.000000100000000021e-05 1.000000100000000021e-05 1.000000100000000021e-05 1.000000100000000021e-05 1.000000100000000021e-05 4.887601613441832965e-05 6.861879198277660060e-05 1.000000000000000021e-08 1.000000000000000021e-08 1.166504098753229312e-05 1.213291395055888368e-05 1.804760714870490325e-05 1.000000000000000021e-08 1.000000000000000021e-08 1.000000000000000021e-08 1.000000000000000021e-08 1.000000000000000021e-08 2.763438550918739494e-05 4.816071227192439722e-05 1.000000000000000021e-08 1.000000000000000021e-08 1.000000000000000021e-08 2.443656523675623912e-05 2.631515310330087191e-05 1.859030308745383711e-04 1.716874579379416745e-04 2.104214244251548216e-04 6.828313184089121468e-04
1.000000100000000021e-05 1.000000100000000021e-05 1.000000100000000021e-05 1.000000100000000021e-05 1.000000100000000021e-05 1.000000100000000021e-05 1.000000100000000021e-05 1.000000100000000021e-05 1.000000100000000021e-05 1.000000100000000021e-05 1.000000100000000021e-05 1.000000100000000021e-05 1.000000100000000021e-05 6.962881772264630095e-05 1.000000000000000021e-08 1.000000000000000021e-08 1.000000000000000021e-08 1.000000000000000021e-08 1.000000000000000021e-08 3.252704805039644789e-05 6.114553304718809324e-05 1.000000000000000021e-08 1.000000000000000021e-08 1.000000000000000021e-08 1.000000000000000021e-08 1.000000000000000021e-08 1.000000000000000021e-08 1.000000000000000021e-08 1.000000000000000021e-08 1.000000000000000021e-08 1.000000000000000021e-08 2.640550377073107560e-05 5.077958010264330629e-05 7.452064133668345161e-05 2.054134819256499874e-04 2.402730001355142346e-04 1.919749342586470368e-03
1.000000100000000021e-05 1.000000100000000021e-05 1.000000100000000021e-05 1.000000100000000021e-05 1.000000100000000021e-05 1.000000100000000021e-05 1.000000100000000021e-05 1.000000100000000021e-05 1.000000100000000021e-05 1.000000100000000021e-05 1.000000100000000021e-05 1.000000100000000021e-05 1.000000100000000021e-05 2.924516391909385638e-05 1.000000000000000021e-08 1.000000000000000021e-08 1.000000000000000021e-08 1.000000000000000021e-08 1.000000000000000021e-08 1.000000000000000021e-08 1.196101576930367851e-05 2.344458084200806092e-05 1.000000000000000021e-08 2.297855058496829249e-05 5.426771559025102298e-05 1.190843300672706482e-04 1.000000000000000021e-08 1.000000000000000021e-08 1.000000000000000021e-08 1.000000000000000021e-08 1.645722630295169453e-05 5.829346437103882013e-05 2.870764069691300881e-05 1.574303563453401057e-04 4.013511151017201337e-04 1.040769126765470282e-03 6.385591242682195877e-03
1.000000100000000021e-05 1.000000100000000021e-05 1.000000100000000021e-05 1.000000100000000021e-05 1.000000100000000021e-05 1.000000100000000021e-05 1.000000100000000021e-05 1.000000100000000021e-05 1.000000100000000021e-05 1.000000100000000021e-05 1.000000100000000021e-05 1.000000100000000021e-05 1.000000100000000021e-05 2.528440730601756804e-05 1.000000000000000021e-08 1.000000000000000021e-08 1.000000000000000021e-08 1.000000000000000021e-08 2.286850295957049524e-05 1.000000000000000021e-08 1.000000000000000021e-08 1.000000000000000021e-08 1.000000000000000021e-08 1.000000000000000021e-08 2.259734168962033768e-05 1.000000000000000021e-08 4.453879667466739077e-05 1.000000000000000021e-08 1.000000000000000021e-08 1.166454888754911269e-05 4.933252738596077044e-05 4.626163539549156198e-05 2.354602896040837142e-04 1.384767891697632092e-04 2.754139236834917954e-04 2.453321469956551383e-04 2.072637930616867859e-03
1.000000100000000021e-05 1.000000100000000021e-05 1.000000100000000021e-05 1.000000100000000021e-05 1.000000100000000021e-05 1.000000100000000021e-05 1.000000100000000021e-05 1.000000100000000021e-05 1.000000100000000021e-05 1.000000100000000021e-05 1.000000100000000021e-05 1.000000100000000021e-05 1.000000100000000021e-05 1.997260888341240016e-05 2.267811988401330890e-05 2.238513936006039412e-05 2.264742557421932988e-05 2.675182863354618064e-05 1.000000000000000021e-08 2.386673434073995461e-05 1.000000000000000021e-08 1.000000000000000021e-08 1.971807934191312234e-05 1.000000000000000021e-08 1.000000000000000021e-08 1.000000000000000021e-08 1.000000000000000021e-08 1.000000000000000021e-08 1.000000000000000021e-08 3.525959091473124544e-05 4.547839048164144737e-05 9.201746496048170707e-05 6.743714065155604698e-05 1.471777606535998849e-04 1.533371236203158602e-04 4.158571937145542170e-04 8.492453966103187969e-04
1.000000100000000021e-05 1.000000100000000021e-05 1.000000100000000021e-05 1.000000100000000021e-05 1.000000100000000021e-05 1.000000100000000021e-05 1.000000100000000021e-05 1.000000100000000021e-05 1.000000100000000021e-05 1.000000100000000021e-05 1.000000100000000021e-05 1.000000100000000021e-05 1.000000100000000021e-05 1.569923609686277001e-05 1.000000000000000021e-08 1.000000000000000021e-08 1.000000000000000021e-08 1.000000000000000021e-08 1.000000000000000021e-08 1.000000000000000021e-08 1.000000000000000021e-08 1.000000000000000021e-08 1.000000000000000021e-08 3.642402514358331685e-05 1.000000000000000021e-08 1.000000000000000021e-08 1.000000000000000021e-08 1.000000000000000021e-08 2.697581489409609182e-05 4.051465708385707079e-05 1.211077934614690184e-04 7.910292625949850683e-05 1.300961243960250386e-04 1.260197278190911560e-04 3.026059800845801780e-04 4.325915204469695571e-04 7.025586350024996297e-04
1.000000100000000021e-05 1.000000100000000021e-05 1.000000100000000021e-05 1.000000100000000021e-05 1.000000100000000021e-05 1.000000100000000021e-05 1.000000100000000021e-05 1.000000100000000021e-05 1.000000100000000021e-05 1.000000100000000021e-05 1.000000100000000021e-05 1.000000100000000021e-05 1.000000100000000021e-05 1.000000000000000021e-08 2.716412594174131187e-05 1.000000000000000021e-08 1.000000000000000021e-08 1.079012600371412059e-05 1.000000000000000021e-08 1.520837588731343293e-05 1.000000000000000021e-08 1.000000000000000021e-08 1.000000000000000021e-08 1.000000000000000021e-08 1.000000000000000021e-08 1.000000000000000021e-08 1.000000000000000021e-08 1.904741541522730856e-05 3.938212773587005506e-05 1.009881746798105360e-04 8.715623144235304940e-04 6.559868455601531494e-04 8.288874480264576700e-04 9.941674835728343471e-04 4.323846564380744292e-04 3.898886075803069937e-04 8.313464291192972306e-04
1.000000100000000021e-05 1.000000100000000021e-05 1.000000100000000021e-05 1.000000100000000021e-05 1.000000100000000021e-05 1.000000100000000021e-05 1.000000100000000021e-05 1.000000100000000021e-05 1.000000100000000021e-05 1.000000100000000021e-05 1.000000100000000021e-05 1.000000100000000021e-05 1.000000100000000021e-05 1.000000000000000021e-08 1.943287747609368432e-05 1.000000000000000021e-08 1.000000000000000021e-08 1.000000000000000021e-08 1.000000000000000021e-08 1.000000000000000021e-08 1.000000000000000021e-08 1.000000000000000021e-08 3.109953917096599336e-05 1.000000000000000021e-08 1.000000000000000021e-08 1.000000000000000021e-08 1.169869469241416722e-04 2.807465324373176088e-04 4.688464273969199150e-04 7.081859605368174670e-04 3.092867576928457277e-04 2.158460371645918045e-04 2.187315476484529844e-04 4.855597786934128012e-04 3.790682618972308275e-04 8.079572142454308475e-04 5.779872583681943191e-04
1.000000100000000021e-05 1.000000100000000021e-05 1.000000100000000021e-05 1.000000100000000021e-05 1.000000100000000021e-05 1.000000100000000021e-05 1.000000100000000021e-05 1.000000100000000021e-05 1.000000100000000021e-05 1.000000100000000021e-05 1.000000100000000021e-05 1.000000100000000021e-05 1.000000100000000021e-05 5.699290836325497493e-05 1.000000000000000021e-08 1.000000000000000021e-08 1.000000000000000021e-08 1.000000000000000021e-08 1.000000000000000021e-08 1.000000000000000021e-08 1.269660981904277332e-05 1.797332714937416203e-05 1.000000000000000021e-08 1.000000000000000021e-08 1.000000000000000021e-08 1.000000000000000021e-08 1.000000000000000021e-08 2.216830712978752626e-05 8.994306531956039149e-05 9.869058857385339752e-05 2.555897039993531390e-04 2.226365260474960780e-04 4.787381185001871303e-04 3.500609864511714181e-04 7.215218134548038748e-04 5.706931306916380054e-04 1.018801345408931443e-03
1.000000100000000021e-05 1.000000100000000021e-05 1.000000100000000021e-05 1.000000100000000021e-05 1.000000100000000021e-05 1.000000100000000021e-05 1.000000100000000021e-05 1.000000100000000021e-05 1.000000100000000021e-05 1.000000100000000021e-05 1.000000100000000021e-05 1.000000100000000021e-05 1.000000100000000021e-05 5.912854038867883949e-05 1.000000000000000021e-08 1.000000000000000021e-08 1.000000000000000021e-08 1.000000000000000021e-08 1.000000000000000021e-08 1.000000000000000021e-08 1.000000000000000021e-08 1.000000000000000021e-08 1.000000000000000021e-08 1.000000000000000021e-08 1.000000000000000021e-08 1.000000000000000021e-08 1.700580711856657914e-05 7.009600431451617976e-05 8.254969752529041490e-05 2.245530477018879614e-04 2.005511058930661914e-04 4.542496220868784775e-04 3.386303246656099095e-04 6.338296871516045303e-04 4.952527957473870993e-04 1.080166254386648707e-03 8.005817350924949831e-04
1.000000100000000021e-05 1.000000100000000021e-05 1.000000100000000021e-05 1.000000100000000021e-05 1.000000100000000021e-05 1.000000100000000021e-05 1.000000100000000021e-05 1.000000100000000021e-05 1.000000100000000021e-05 1.000000100000000021e-05 1.000000100000000021e-05 1.000000100000000021e-05 1.000000100000000021e-05 2.464526289325648934e-05 3.586363074298285289e-05 1.000000000000000021e-08 1.000000000000000021e-08 1.000000000000000021e-08 3.688692439639783949e-05 1.000000000000000021e-08 1.000000000000000021e-08 1.000000000000000021e-08 1.000000000000000021e-08 1.000000000000000021e-08 1.000000000000000021e-08 2.377533304656148189e-05 5.441056784683653065e-05 6.513570766500772135e-05 1.945583927570871102e-04 1.808735487365791938e-04 4.176693222474122552e-04 3.331588265797391277e-04 6.276864724162095795e-04 4.062189243121367235e-04 9.406720789144737329e-04 9.805860219324752380e-04 3.329931932958180062e-04
