output/water_depth_10920.asc
ncols 223
nrows 158
xllcorner 0.0
yllcorner 0.0
cellsize 30.0
[rows 102 to 118 of 158, columns 111 to 147 of 223]
1.000000000000000021e-08 1.000000000000000021e-08 1.000000000000000021e-08 1.000000000000000021e-08 1.000000000000000021e-08 1.000000000000000021e-08 1.000000000000000021e-08 1.000000000000000021e-08 1.000000000000000021e-08 2.107097235443551451e-05 4.065464063321901376e-05 1.102047811868962345e-03 4.664492445047790188e-04 5.793137171061657638e-05 1.653489530594469035e-04 1.364511736090303620e-04 2.922853944716422925e-04 1.069026526557680752e-03 1.469861598654446152e-03 7.664970169547821212e-03 3.898508474110462443e-04 1.000000000000000021e-08 1.000000000000000021e-08 1.000000000000000021e-08 1.000000000000000021e-08 1.000000000000000021e-08 1.000000000000000021e-08 1.000000000000000021e-08 1.000000000000000021e-08 1.000000000000000021e-08 1.000000000000000021e-08 1.000000000000000021e-08 1.000000000000000021e-08 1.000000000000000021e-08 1.000000000000000021e-08 1.000000000000000021e-08 1.000000000000000021e-08
1.575964511463645427e-04 1.422350611176049237e-04 1.471059850107191169e-04 1.000000000000000021e-08 1.000000000000000021e-08 1.000000000000000021e-08 1.000000000000000021e-08 1.000000000000000021e-08 1.000000000000000021e-08 1.000000000000000021e-08 3.408362783122771288e-05 7.507882780636185261e-04 4.939303565513839672e-04 9.085024495539707062e-05 7.746689003973148433e-05 1.787803855515959046e-04 1.329452627665492562e-03 1.331510737589653142e-03 2.702659892739497395e-03 8.995171745541872751e-03 2.747079505364363565e-04 1.000000000000000021e-08 1.000000000000000021e-08 1.000000000000000021e-08 1.000000000000000021e-08 1.000000000000000021e-08 1.000000000000000021e-08 1.000000000000000021e-08 1.000000000000000021e-08 1.000000000000000021e-08 1.000000000000000021e-08 1.000000000000000021e-08 1.000000000000000021e-08 1.000000000000000021e-08 1.000000000000000021e-08 1.000000000000000021e-08 1.000000000000000021e-08
1.911545387230065729e-04 2.831019201028131256e-04 3.891579252975168853e-04 4.855457511017559737e-04 5.826275768441768668e-04 6.762192383413296757e-04 4.985241206669831053e-04 4.146422031346426841e-04 3.601875811697092394e-04 2.911729366077130753e-05 1.923697389012443226e-05 6.205366399809159007e-04 1.346268346367249409e-03 2.187391823697466039e-03 2.396194764395525537e-03 3.647656658213305463e-03 3.176246350058383079e-03 3.927384343806938558e-03 3.943715139517521215e-03 1.105288020617967160e-02 1.795418143331468344e-04 1.000000000000000021e-08 1.000000000000000021e-08 1.000000000000000021e-08 1.000000000000000021e-08 1.000000000000000021e-08 1.000000000000000021e-08 1.000000000000000021e-08 1.000000000000000021e-08 1.000000000000000021e-08 1.000000000000000021e-08 1.000000000000000021e-08 1.000000000000000021e-08 1.000000000000000021e-08 1.000000000000000021e-08 1.000000000000000021e-08 1.000000000000000021e-08
8.765540384290976966e-05 1.000000000000000021e-08 1.115094073089708622e-05 1.873756063323080525e-05 8.304789338135701705e-05 1.263564621324783839e-04 5.475875576775484418e-04 7.398789631659255083e-04 9.156690454842221060e-04 1.040536580186379083e-03 1.156284255715515647e-03 1.430658050959369770e-03 1.157028430485355745e-02 1.689627875952995004e-03 1.844557048866223492e-03 1.372337529912961117e-03 1.471725721839681894e-03 9.692212447970138594e-04 1.200288946559870291e-03 6.615313691674180006e-03 6.832453746943146708e-03 1.000000000000000021e-08 1.000000000000000021e-08 1.000000000000000021e-08 1.000000000000000021e-08 1.000000000000000021e-08 1.000000000000000021e-08 1.000000000000000021e-08 1.000000000000000021e-08 1.000000000000000021e-08 1.000000000000000021e-08 1.000000000000000021e-08 1.000000000000000021e-08 1.000000000000000021e-08 1.000000000000000021e-08 1.000000000000000021e-08 1.000000000000000021e-08
3.233644779809571987e-05 1.935630093809917007e-05 1.367320474560828609e-05 1.154441409468096075e-05 1.072174694357216050e-05 1.000000000000000021e-08 1.018789379272945359e-05 1.000000000000000021e-08 1.000000000000000021e-08 1.000000000000000021e-08 1.298697927751928907e-04 1.264622457545852303e-04 7.462777015281428657e-05 1.000000000000000021e-08 1.000000000000000021e-08 1.000000000000000021e-08 1.311396541884754237e-04 4.426166989023271715e-05 1.018873012125884770e-04 4.272249437006150549e-03 8.586318497357614196e-03 1.689023731181696136e-03 1.000000000000000021e-08 1.000000000000000021e-08 1.000000000000000021e-08 1.000000000000000021e-08 1.000000000000000021e-08 1.214476859331312019e-05 1.000000000000000021e-08 1.000000000000000021e-08 1.000000000000000021e-08 1.000000000000000021e-08 1.000000000000000021e-08 1.000000000000000021e-08 1.000000000000000021e-08 1.000000000000000021e-08 1.000000000000000021e-08
2.145886240297270410e-05 2.523289564436902529e-05 2.455903909395243018e-05 2.644236077098025437e-05 2.977920899843111105e-05 3.154601170422997126e-05 2.996835690805429739e-05 3.137221719413963041e-05 9.331166596484495807e-05 5.594903905135666724e-05 1.167742972362073307e-04 1.025047658918465593e-04 9.669231513034783033e-05 7.173018342622260830e-05 5.572198374709213251e-05 1.000000000000000021e-08 1.000000000000000021e-08 1.000000000000000021e-08 6.681802519205187773e-05 2.995897568441820494e-03 2.476569015008528440e-02 7.653762190519873901e-03 2.276517760866568260e-05 1.000000000000000021e-08 1.000000000000000021e-08 1.000000000000000021e-08 1.000000000000000021e-08 1.974638866117438100e-05 1.000000000000000021e-08 1.000000000000000021e-08 1.000000000000000021e-08 1.000000000000000021e-08 1.000000000000000021e-08 1.000000000000000021e-08 1.000000000000000021e-08 1.000000000000000021e-08 1.857950266590997383e-05
1.000000000000000021e-08 1.000000000000000021e-08 1.940476504470107811e-05 2.829641281975693983e-05 4.016860042376732440e-05 6.755853207116405709e-05 8.009310210807399702e-05 1.166556423721677743e-04 1.664916532115481135e-04 2.102498742622210478e-04 1.029240366323743317e-04 1.006760678275095557e-04 1.192138846173590591e-04 1.044183440455462048e-04 9.369053095228027628e-05 6.664235909249798190e-05 4.853541939097267649e-05 1.000000000000000021e-08 5.331426449818275350e-05 2.432468585252327634e-03 8.264049691798653827e-03 2.654546257597589082e-02 7.270267573944638739e-03 3.529021945284067463e-05 1.000000000000000021e-08 1.000000000000000021e-08 1.390602097100383905e-05 1.770447922518988444e-05 1.000000000000000021e-08 1.000000000000000021e-08 1.000000000000000021e-08 1.000000000000000021e-08 1.000000000000000021e-08 1.000000000000000021e-08 1.000000000000000021e-08 1.000000000000000021e-08 2.805988990420249282e-05
1.000000000000000021e-08 1.000000000000000021e-08 1.000000000000000021e-08 2.416644977549612267e-05 1.251130944335906818e-03 1.000000000000000021e-08 1.000000000000000021e-08 1.000000000000000021e-08 1.096782621000214410e-05 1.757627252491663071e-05 7.119883384215215064e-05 1.009332548574983093e-04 1.201655408536313706e-04 1.215373579054683495e-04 1.298456368358223722e-04 1.938846775506950686e-03 1.186880066587599380e-05 1.737384917792078739e-04 7.577167656665844092e-05 3.228336842514511443e-04 1.383213101819594557e-05 4.809716022689287419e-03 6.521432020652731879e-03 5.909095261745703730e-03 2.628682019411564692e-05 1.000000000000000021e-08 1.000000000000000021e-08 1.430757188027188623e-05 1.213607269269829500e-05 1.000000000000000021e-08 1.000000000000000021e-08 1.000000000000000021e-08 1.000000000000000021e-08 1.345752312700625199e-05 1.000000000000000021e-08 2.526353536368742154e-05 2.655999995636677127e-05
1.000000000000000021e-08 1.000000000000000021e-08 1.000000000000000021e-08 1.880290248030238706e-05 7.599479778081641565e-05 1.000000000000000021e-08 1.000000000000000021e-08 1.000000000000000021e-08 1.000000000000000021e-08 1.000000000000000021e-08 7.542953238113697678e-05 1.970296842106151536e-04 2.584954980343341755e-04 2.365274293203299856e-04 2.428179676915067763e-04 3.360596559746467150e-04 8.956063391579810679e-04 6.795389558811949608e-03 1.400128183011259192e-03 2.991370861506602741e-04 4.832402856004623486e-04 4.782810289655499425e-03 6.099311734686811010e-03 6.034097277675112489e-03 5.849611391006333434e-03 7.692225338118705361e-04 7.538705007207351831e-04 2.017033359649941500e-05 1.406737019786841923e-05 1.000000000000000021e-08 1.000000000000000021e-08 1.000000000000000021e-08 1.420031908102885618e-05 1.393692549126979244e-05 2.153285417046062297e-05 2.380962131528718842e-05 3.503711037519018556e-05
1.000000000000000021e-08 1.000000000000000021e-08 1.000000000000000021e-08 1.000000000000000021e-08 7.627914194440229667e-05 5.555266224762328244e-05 4.512193109133420463e-05 1.000000000000000021e-08 1.000000000000000021e-08 1.242481393235836456e-05 2.335953134912151263e-05 1.197038719465508939e-04 2.022725296350983695e-04 3.659514544671087959e-04 5.760921800836144155e-04 5.719987623943555404e-04 5.429435691137188746e-04 3.284221256145309102e-04 8.273816833772384277e-03 1.910157623471362429e-03 1.593635188700620164e-03 2.739719993258575917e-03 9.927985522472117935e-03 2.896946708669616635e-02 6.932610827392056418e-03 4.564189677610267122e-03 4.874482265880604286e-03 3.263853503931140731e-05 1.138329426967320844e-05 1.000000000000000021e-08 1.000000000000000021e-08 1.000000000000000021e-08 2.895813298066395565e-05 2.092097375868735791e-05 1.000000000000000021e-08 2.349916768125267185e-05 4.404733262797385745e-05
1.175089068968350308e-05 1.738337169574604354e-05 5.043171423039804243e-05 1.000000000000000021e-08 5.246800928644784474e-05 7.440747641535689315e-05 9.852046729439332387e-05 1.432253469711975129e-04 2.035074919933305311e-04 1.636175662153055606e-04 2.251097494663377614e-04 1.861975619898575973e-04 1.719151191966054090e-04 1.488646926358464808e-04 1.132861229303304380e-04 8.220708889578456707e-05 1.000000000000000021e-08 8.487851896783055183e-05 3.810394156374238335e-05 4.475553935571919965e-05 1.000000000000000021e-08 1.858463376847745803e-03 4.513232847060208268e-03 1.198400383272999609e-02 1.201223778977492454e-02 1.419875960167823158e-02 8.956639441725305906e-02 8.771820898036815362e-02 6.677000318646634895e-05 1.422850492449151023e-05 1.998238475783184646e-05 1.000000000000000021e-08 4.686859465485704486e-03 4.091252281593293905e-03 2.404326267404482473e-05 1.000000000000000021e-08 3.994470774769336000e-05
1.000000000000000021e-08 2.154888345505147617e-05 8.158018551178833268e-05 1.000000000000000021e-08 1.000000000000000021e-08 1.000000000000000021e-08 1.000000000000000021e-08 1.000000000000000021e-08 1.000000000000000021e-08 2.105110464240191200e-04 1.490139368738521296e-04 1.000000000000000021e-08 1.000000000000000021e-08 4.453525487599967273e-05 3.593784465071115449e-05 3.565242896975245044e-05 3.402727586955534689e-05 2.796431085844001781e-05 1.994719809907447472e-05 3.099519218051554421e-05 1.870845981338636757e-03 2.551916386272131028e-03 5.888641190190167449e-03 5.774544653622181063e-03 8.123558065931161046e-03 9.597856371402780154e-03 8.679658409111443151e-02 8.246307575211729579e-02 6.389621294158279174e-02 2.214518014476915542e-02 2.234469737586915541e-02 2.065207848916144132e-02 1.825576022700542075e-02 1.855645897238828931e-02 2.470902381014575960e-02 2.486111410360424684e-02 1.673558937309260709e-04
1.000000000000000021e-08 4.003549084342524194e-04 5.105984872548717784e-04 5.933801296963914446e-04 1.000000000000000021e-08 1.000000000000000021e-08 1.000000000000000021e-08 1.000000000000000021e-08 1.000000000000000021e-08 1.217073665549035013e-04 1.074101922926830414e-04 7.691809421341011532e-05 6.051439917726721287e-05 4.658380128289746661e-05 4.028311453578081665e-05 3.325534006758870534e-05 2.094516652287837583e-05 1.000000000000000021e-08 1.000000000000000021e-08 3.005540890266714067e-05 8.013952649193394756e-03 1.313847017379189686e-02 8.219370701836020005e-03 4.932204061922581574e-03 3.106991833167459423e-03 1.995687816756374234e-03 1.324504541467205927e-03 9.374091172330595734e-04 4.854660689374404358e-04 3.597713512341871832e-04 2.383363294570638603e-04 4.784101805420079394e-03 6.564162737647496158e-03 8.813522208689632265e-03 5.992957382525794172e-03 2.710099710883182716e-02 1.731971303128535672e-02
3.160695842720166043e-03 2.804040357614424666e-04 3.564159525543119126e-04 8.839490071787479150e-04 8.460995245112004279e-03 5.640921206408689749e-03 7.882727315840259074e-04 5.473819718788610223e-04 3.554730515642519763e-04 1.885988686393313615e-04 9.168806414624905638e-05 4.886055733155006121e-05 2.924471983410458176e-05 1.810462517409332556e-05 2.082036267293631347e-05 2.422456871697965854e-05 1.587685553640386929e-03 1.029770718072178055e-03 7.173679225931850131e-04 1.277749496969386202e-02 3.033391478291801863e-02 8.882263494403266207e-03 4.545668213509604144e-05 1.000000000000000021e-08 1.000000000000000021e-08 1.000000000000000021e-08 1.000000000000000021e-08 1.000000000000000021e-08 1.000000000000000021e-08 1.000000000000000021e-08 5.650169590425041700e-05 1.168124393370586741e-03 2.046448028915865552e-03 1.543112211431095417e-03 1.120764268067296230e-03 9.029902526267491632e-04 1.629968079360501892e-02
1.000000000000000021e-08 1.000000000000000021e-08 1.000000000000000021e-08 1.000000000000000021e-08 1.000000000000000021e-08 1.141864295483697870e-03 1.572391310538229919e-03 1.766762827045040589e-03 1.045684209799954602e-03 6.787313234982069723e-04 4.351864192462438449e-04 2.783100361296545898e-04 1.957568546619651965e-04 1.595434752163281758e-04 8.135992642789469098e-03 9.910998691845104500e-03 7.907008913570753861e-03 1.029431704279665065e-02 1.256020961278756648e-02 1.268999786475208044e-02 3.240717297196555290e-03 1.000000000000000021e-08 1.000000000000000021e-08 1.000000000000000021e-08 1.000000000000000021e-08 1.000000000000000021e-08 1.000000000000000021e-08 1.000000000000000021e-08 1.000000000000000021e-08 4.317353363055000896e-04 6.672640595777771600e-04 5.944525339826116882e-04 5.924818544742105255e-04 5.443952228192001919e-04 2.928609803147492834e-04 3.270245760713416487e-04 4.566922202724101564e-03
1.000000000000000021e-08 1.044120677607704706e-05 1.232819960289994457e-05 2.810697304852840123e-05 1.000000000000000021e-08 1.000000000000000021e-08 1.000000000000000021e-08 1.607609990255224903e-04 6.765399289831140490e-04 7.900199706887460569e-04 6.220913322753347059e-04 5.867304787652008122e-04 2.076483830082823719e-03 4.282232486995026649e-02 2.767912381145200273e-02 5.542575426823931339e-03 3.831284442265456367e-03 3.729876893099417362e-03 6.678025934868823607e-04 9.248182006963948543e-05 1.000000000000000021e-08 1.000000000000000021e-08 1.000000000000000021e-08 1.000000000000000021e-08 1.000000000000000021e-08 1.000000000000000021e-08 1.000000000000000021e-08 8.088395378300602988e-05 5.638919094227932147e-04 5.249990928694412556e-04 5.122561356098835617e-04 3.421986391554878056e-03 3.276925220799303731e-04 2.268252307089303104e-04 1.990823412572980300e-05 1.604823087512388557e-05 1.921248100536798742e-05
2.845636909654455717e-05 2.957182266848827891e-05 3.892461909216962109e-05 9.939852914009477693e-05 1.403458641304120477e-05 1.000000000000000021e-08 1.000000000000000021e-08 8.923999885845652208e-05 4.855890689973021502e-04 7.328794193837606576e-04 6.744999360316318235e-04 6.563124269410307472e-03 8.778997714869767738e-03 1.078267014736414113e-02 4.638071025848192197e-03 3.138650782461749247e-04 1.000000000000000021e-08 1.014286047640456845e-05 1.000000000000000021e-08 1.000000000000000021e-08 1.000000000000000021e-08 1.000000000000000021e-08 1.000000000000000021e-08 1.000000000000000021e-08 1.000000000000000021e-08 1.000000000000000021e-08 8.429146460208271656e-04 8.786135916167098171e-04 5.847292117513696718e-04 6.324039306592033169e-05 4.842579631193596508e-05 4.896025815091167036e-05 1.425443630752248290e-05 1.000000000000000021e-08 1.000000000000000021e-08 1.000000000000000021e-08 1.000000000000000021e-08
