output/water_depth_4800.asc
ncols 223
nrows 158
xllcorner 0.0
yllcorner 0.0
cellsize 30.0
[rows 102 to 118 of 158, columns 111 to 147 of 223]
1.396955775058153579e-03 1.133096260853436177e-03 2.183961233782632464e-03 1.390621465836567325e-03 2.169831419465318486e-03 1.176349122680233738e-03 1.677628558827543069e-03 8.836336094749741663e-04 1.226121259765781957e-03 8.338413337530758366e-04 1.992720259510036632e-03 1.106378214981088362e-02 5.788510650902647936e-03 2.576665796068256138e-03 2.351058970196846960e-03 5.288047561375762429e-03 3.817398805115564554e-03 1.070481978648108248e-02 1.327673336439249945e-02 5.373903293427303995e-02 3.301849192332556061e-03 1.000000000000000021e-08 1.000000000000000021e-08 1.000000000000000021e-08 1.000000000000000021e-08 1.000000000000000021e-08 3.848354271690764624e-05 3.851472329730363338e-05 3.075413722268388313e-05 1.978871592886332999e-05 1.000000000000000021e-08 2.523262761601072497e-05 1.429875770188271673e-05 1.084932917851872827e-05 2.029162997222195707e-05 1.000000000000000021e-08 1.000000000000000021e-08
3.126815498854436295e-03 4.592468480656655694e-03 4.117189555640087158e-03 4.073010076603880529e-03 1.990226938647988216e-03 2.688878303729758806e-03 1.370668440789485007e-03 1.920654529860382938e-03 9.873675999589725388e-04 1.545785515814624778e-03 1.099790091787102237e-03 5.942430084431262610e-03 7.151240086252902070e-03 1.824906497137911403e-03 3.342161713922711490e-03 2.704486977332666922e-03 1.142259686969147869e-02 1.000560101550074764e-02 2.566183793356267492e-02 7.476529210846942497e-02 2.341970961036898575e-03 1.000000000000000021e-08 1.000000000000000021e-08 1.000000000000000021e-08 1.000000000000000021e-08 1.000000000000000021e-08 4.598745569131467109e-05 3.787113658117599932e-05 1.000000000000000021e-08 1.927591081455040287e-05 1.000000000000000021e-08 4.658902680744758255e-05 1.225581959737987340e-05 1.000000000000000021e-08 2.625599294036282070e-05 1.000000000000000021e-08 1.244838305691197544e-05
3.648213759261789702e-03 7.248231008992486388e-03 7.601646699597871919e-03 1.051050062012498683e-02 1.211114579987748220e-02 1.225372788412886979e-02 8.547099003019281716e-03 7.151586232412483063e-03 1.100711686747149649e-02 3.335334939334054678e-03 3.239231335547460445e-03 5.644976014553371862e-03 1.181544587971407149e-02 2.745888623503704024e-02 2.206584173480298852e-02 4.173472343394819123e-02 2.672142184219203354e-02 4.096690431296470813e-02 3.625554937020227658e-02 9.951899666218616547e-02 1.885668521538327565e-03 1.510735172295417708e-05 1.000000000000000021e-08 1.000000000000000021e-08 1.000000000000000021e-08 1.000000000000000021e-08 6.057454808100083118e-05 3.661720857796769442e-05 1.000000000000000021e-08 1.000000000000000021e-08 1.000000000000000021e-08 1.000000000000000021e-08 1.050486976124238938e-05 1.000000000000000021e-08 2.833653937576114114e-05 1.000000000000000021e-08 3.164991489220083174e-05
1.421434003241934130e-03 4.670045812206847298e-04 7.320756435360031324e-04 1.812622844170873240e-03 3.848899507158909730e-03 5.608051023281860996e-03 8.444528763327451351e-03 1.109567598960994710e-02 1.449463932525380493e-02 2.106392534770676686e-02 1.953140226869856666e-02 2.554309839825881848e-02 8.102708528861890525e-02 1.934131969658350880e-02 2.767779860822336402e-02 1.744737249105283300e-02 1.800193026955824310e-02 1.159690530707283875e-02 1.568416814997161332e-02 5.400577646844630791e-02 5.520409436180131330e-02 1.000000000000000021e-08 3.920410940916571369e-05 1.000000000000000021e-08 1.000000000000000021e-08 1.000000000000000021e-08 6.173825768975260394e-05 4.205349369004020228e-05 1.000000000000000021e-08 1.000000000000000021e-08 1.885067911021335704e-05 1.841245902410354376e-05 1.677261984631830347e-05 1.549094262411500656e-05 3.894384458118071827e-05 1.000000000000000021e-08 5.041580527252121561e-05
1.112387233488279113e-03 2.063564802668046928e-04 2.191274402978934184e-04 5.857434668002123139e-04 3.756643966424129248e-04 2.361027132331397005e-04 1.883763317567224899e-04 1.289583815202654474e-04 8.116402862850037884e-05 1.129422790539753250e-04 5.338811271100938304e-03 3.839811946380067460e-03 2.077066171511142770e-03 1.089007924862891476e-03 6.610652362735382377e-04 1.000000000000000021e-08 3.054278965795974559e-03 1.538343491753569898e-03 3.038208032939817248e-03 3.231222943270704168e-02 6.923708293264151103e-02 2.098596449919815782e-02 1.000000000000000021e-08 1.215717835289920221e-05 1.000000000000000021e-08 1.000000000000000021e-08 1.000000000000000021e-08 7.199987894920691458e-05 4.642237241729062696e-05 1.000000000000000021e-08 1.000000000000000021e-08 1.532119626974638751e-05 2.207252024713346049e-05 1.906268930855480341e-05 1.000000000000000021e-08 1.049402158912893376e-05 1.053973260740972691e-04
6.484132844337186846e-04 5.205440724181743849e-04 4.231288227322967241e-04 5.200109823570166993e-04 4.708605310536081805e-04 4.362997622334333450e-04 3.559768018931282695e-04 2.862115086860043175e-04 5.843875238148424269e-04 3.112935907407837397e-04 1.359114345696212567e-03 9.239566111525699321e-04 3.160501982299260834e-04 1.850276799913381826e-04 4.098906000472393209e-04 5.622126232606188321e-05 4.307618939391311521e-04 2.909150790714995537e-04 1.317107085909491630e-03 2.292287989420530719e-02 1.265258499478026655e-01 6.694001344971897693e-02 4.042841515552564433e-04 2.044791913197884268e-05 1.000000000000000021e-08 1.000000000000000021e-08 1.000000000000000021e-08 1.070534099368340236e-04 5.504625041485428614e-05 5.504325274294685262e-05 1.000000000000000021e-08 3.355093741836495354e-05 1.000000000000000021e-08 1.619688881694707344e-05 1.458836668506316591e-05 1.185916624503799382e-05 1.652191764258724785e-04
4.588479981692460764e-05 6.936673924224933698e-05 1.078076605069124222e-04 1.924582951338389507e-04 7.916137548092323003e-04 1.042398140677992628e-03 1.213245442952716555e-03 1.392992331912267000e-03 1.584700686487740219e-03 1.655598805074176474e-03 2.083442581369001571e-04 8.583929660157625305e-04 3.804647868775208868e-04 3.800209159335959604e-04 2.533556079043006583e-04 5.160087802373317578e-04 3.947376839971854278e-04 2.461140831825408474e-04 1.325252459137855193e-03 2.073947149899389025e-02 6.638009789681853512e-02 1.297958586479055765e-01 5.384707485875116911e-02 1.693438837142927371e-04 2.458933320067526010e-05 2.984798534478380079e-05 6.914158291453765095e-05 9.883779850335533141e-05 6.784620181012735287e-05 1.000000000000000021e-08 3.232441310904812678e-05 1.000000000000000021e-08 1.000000000000000021e-08 4.475774854814317357e-05 1.084883382204964151e-05 2.012169760656944752e-05 2.170116522199185894e-04
3.132710463679778875e-05 3.314216209751665889e-05 3.307399343081348253e-05 4.179114006545261073e-05 5.209984106135687014e-03 5.388629312150327157e-05 7.625997587515613173e-05 5.881412332000048851e-05 3.810332342569102250e-04 2.782357674384340856e-04 1.848842104161650560e-04 3.785626543277358590e-04 3.229242683533452827e-04 1.573716287203194347e-03 7.732221990549798061e-04 1.309361409285751676e-02 8.019385293952885439e-04 3.179761493671891693e-03 1.608071949996466672e-03 4.885218482760788142e-03 1.003093498316014577e-03 3.422211516921706137e-02 4.905814965630305585e-02 3.635076844838645849e-02 8.186153737695513015e-05 1.000000000000000021e-08 1.000000000000000021e-08 8.668722590844728194e-05 1.012168948071887818e-04 1.000000000000000021e-08 1.000000000000000021e-08 1.000000000000000021e-08 1.148142831438501109e-05 9.203922007222441843e-05 1.401359180276374386e-05 1.135508640805081766e-04 1.915474785215107200e-04
5.730920849929610548e-05 8.060286191052141449e-05 3.765213017890618622e-05 7.052983984473939572e-05 1.287919307857637928e-04 3.921953994576157565e-05 1.289211294331915930e-05 1.000000000000000021e-08 1.000000000000000021e-08 2.174527233015340549e-05 4.876983393529951455e-04 1.013602429809652228e-03 1.275647447256992055e-03 1.299718965709195390e-03 8.015021920908449102e-04 2.456521943832646292e-03 6.568010916820222166e-03 5.178014580232781494e-02 1.672517716333979734e-02 5.515080095522539860e-03 1.128518221650873926e-02 6.202881907158322439e-02 6.076103563193029772e-02 5.026890838393830580e-02 4.341623171262472963e-02 1.197343481194915009e-02 1.224575250921545837e-02 1.278931551103120086e-04 9.162215090296884311e-05 1.000000000000000021e-08 1.000000000000000021e-08 1.000000000000000021e-08 7.192992847260071883e-05 9.096354323885666568e-05 8.441961177279654440e-05 6.609032754788075827e-05 2.055534982798733104e-04
2.974038341971190543e-04 1.231963226654240876e-04 2.810664871764458408e-04 2.912879465591702020e-05 7.999869316905546023e-04 1.394397137087207219e-04 1.839233146388120281e-04 5.679902155430193204e-05 4.644001841526342348e-04 3.006726407607411620e-04 4.147219570368938010e-04 7.330049022079502662e-04 6.070622749063712227e-04 1.418520662922239176e-03 4.117577158653989988e-03 4.468028355479295062e-03 3.456357792044805356e-03 1.288076632812860771e-02 7.497676343904882690e-02 3.401599513366473926e-02 3.131751981656399897e-02 8.942680952365461566e-02 2.796802847699310091e-01 3.004554223951980685e-01 1.641496779678217610e-01 8.490064774990789542e-02 9.057828609704852985e-02 1.163112709228229531e-03 6.428641006229527765e-05 4.207753039780659130e-05 3.717540107171289854e-05 3.777421940408446065e-05 1.359630081679694819e-03 1.766066387877181113e-04 1.000000000000000021e-08 4.112922016517430519e-05 2.065939423432636753e-04
9.380332000930673413e-04 7.368309739399887207e-04 2.081636034688193280e-03 1.000000000000000021e-08 3.171473060369919090e-04 1.277242433570762565e-04 1.152810942388784565e-04 9.650262516700474453e-04 1.604670261916164419e-03 1.493683393792773770e-03 2.464095396090818044e-03 8.869789170129942571e-04 2.428800280421412276e-03 1.903252083166468746e-03 1.351413028494976220e-03 8.063305080411856856e-04 9.970458670801195971e-05 1.847702062940617326e-02 1.157282078068407917e-02 8.787284626201074741e-03 1.623413550791960201e-03 9.183370500000788417e-02 1.261581308441068194e-01 2.784711851878257649e-01 3.159506439766487373e-01 3.545752999290516794e-01 9.231018730142181994e-01 9.171199133499978728e-01 4.014268085002594896e-03 5.199583539859239587e-04 4.043840345081414983e-04 2.477063249271896090e-05 1.472307120469669162e-01 1.472581721012725664e-01 2.421112768957631080e-03 1.000000000000000021e-08 1.609704557070210269e-04
1.089962346327635282e-03 1.295738688056320741e-03 1.976922655740816995e-03 3.409315787006009002e-05 1.000000000000000021e-08 1.000000000000000021e-08 1.152505754423871435e-05 9.471549120866799647e-05 1.079171080442626002e-04 2.229015461416834418e-03 1.627109370059911381e-03 3.203997503016035278e-04 1.482268869773950147e-04 2.935892556272267132e-04 5.654757290458920589e-05 2.787664892146670477e-04 3.841345079758129487e-04 1.333973442396711034e-02 1.004471932826178637e-02 9.047202875811849107e-03 1.455085439316974594e-01 1.822512204816382486e-01 1.592416595469800522e-01 1.138274934612781703e-01 2.794811577855115248e-01 3.479981530277735380e-01 9.049956704781521033e-01 8.925383138158811125e-01 8.578840105540278538e-01 8.306456926372588478e-01 8.341619353261370273e-01 4.083957871647273530e-01 2.520727949331955098e-01 3.709908398948194019e-01 5.784312376755637031e-01 5.746938691801811716e-01 9.818694968132537018e-03
1.771049332092048973e-03 1.573608808858664720e-02 1.582234959940706162e-02 1.691944347020363226e-02 2.964246064497578093e-04 5.860875705043024379e-05 5.501925681506152251e-05 3.084202421977922493e-05 1.000000000000000021e-08 1.692020427840130103e-03 1.272697060922923324e-03 9.343004295103766966e-04 6.832872170848665544e-04 4.907177215423025752e-04 4.250783809035534478e-04 5.094425016768019130e-04 4.996708501877578871e-04 1.601031754731478685e-02 8.414746024189801929e-03 7.106068500403049833e-03 2.123445636622101063e-01 2.681795907114427058e-01 1.346012983794884488e-01 6.751794963100470059e-02 3.385092228965884409e-02 2.374956864967537121e-02 1.369864289306604865e-02 9.906205805211920970e-03 5.701934646493441762e-03 4.678360820445964970e-03 3.841608245248628959e-03 2.484869777397989143e-01 2.275303174342153956e-01 3.677981442826532832e-01 2.070000129746103756e-01 7.616528451775578246e-01 3.821832568527958607e-01
4.540088592223590069e-02 9.963268396176892458e-03 1.140663927765317789e-02 2.323148323979312702e-02 7.490145539787959605e-02 4.803870021521430139e-02 1.214446948952749468e-02 8.105920829630837085e-03 5.686555877280612993e-03 2.695203393364912006e-03 1.283458063471280006e-03 6.432522217451989988e-04 3.744740492254902946e-04 2.225974793954682519e-04 1.390467835626354835e-03 3.064157206221990518e-03 2.040059001922547299e-01 9.398166040256836218e-02 5.265168052331979653e-02 3.643783028506721311e-01 3.483650871647370750e-01 2.698815657565573622e-01 3.243514153025385733e-04 4.774715448350919149e-05 2.821935151124996656e-05 3.476782026495237087e-05 1.000000000000000021e-08 1.640658154279096522e-05 2.834446205539891477e-05 1.589953960728981167e-05 4.310974374156097241e-04 1.810267009730243959e-01 2.135897736562727689e-01 1.035109784496206775e-01 5.754653814682984120e-02 6.342939278978279583e-02 2.620493270897703009e-01
1.248045745017631986e-04 7.752009968956608064e-05 5.646673996273199575e-05 3.225190872997829149e-04 1.881082532792095313e-05 1.568242719739413107e-02 2.189096774742624665e-02 2.317562757303686174e-02 1.573063026985560206e-02 1.059154023310603272e-02 3.722782069222422066e-03 1.260956002563526574e-03 1.883660652443856862e-03 3.653526635494393042e-03 2.247144577961440182e-01 4.065317989466150084e-01 3.008335437294706871e-01 4.709376263638238025e-01 5.436808434907890453e-01 3.088285879480301421e-01 2.474781959886339644e-01 3.069807355239353151e-04 1.353895116527418804e-05 1.755594849615929012e-05 3.249950620990563942e-05 2.898858454976840999e-05 1.000000000000000021e-08 1.189952062368353707e-05 1.874619702043398407e-05 1.984373830154448435e-03 3.277605457140449034e-03 4.713600159769378364e-03 4.631244013722632044e-03 3.956103795912079175e-03 9.834384408939312802e-04 1.900183236329545597e-02 1.947237082484765958e-01
1.167943547283061570e-04 1.462849637587977810e-04 1.325389542533851833e-04 1.983085003519343228e-04 1.847559028329546731e-05 1.000000000000000021e-08 3.423313694945008724e-05 4.397616023711761746e-03 1.107981314923238772e-02 1.101453177000668096e-02 9.055270289700288744e-03 8.285590025251029361e-03 1.484008289776279355e-01 4.076403184361012122e-01 3.152865686278079060e-01 1.757667989851909029e-01 8.837618907359434672e-02 6.837180513378569857e-02 2.169535187069349114e-02 3.892522754889171394e-03 4.095293408416103629e-05 1.328850833414297479e-05 1.000000000000000021e-08 1.565801714227277466e-05 1.865729065249424758e-05 2.388656785487289010e-05 3.011169141701322953e-05 9.735364476566334396e-04 4.415860778252822180e-03 2.323174592661696961e-03 2.052908414688088112e-03 1.708561585349970685e-02 2.871901755210338331e-03 2.406065238807450143e-03 2.931805147139863663e-04 1.906304045956706968e-04 1.346086429195314949e-03
1.566771713756538037e-03 1.393164945936994437e-03 1.388559642295237977e-03 1.941053820057637991e-03 2.403259914222130708e-04 1.000000000000000021e-08 2.269119665944024491e-05 2.665219777758204549e-03 9.020715075939760019e-03 1.177466642743249699e-02 1.075029883460454534e-02 1.987759209234640778e-01 2.308096961072499675e-01 2.168200943108562484e-01 1.807543932945269438e-01 1.625784027958877831e-02 1.000000000000000021e-08 1.598325775322204762e-04 3.424898076327425234e-05 1.734031279366342749e-05 1.000000000000000021e-08 1.000000000000000021e-08 1.000000000000000021e-08 1.000000000000000021e-08 1.731078621575054234e-05 5.874761776570646755e-05 5.889048785047867884e-03 5.956936851591972636e-03 3.860739997959061059e-03 6.537608353792532688e-04 7.639759633469691072e-04 7.044313500732670786e-04 1.659335522381028471e-04 3.798444464389713528e-05 8.628098956070125148e-05 1.000000000000000021e-08 1.214076051500896404e-05
