output/water_depth_6240.asc
ncols 223
nrows 158
xllcorner 0.0
yllcorner 0.0
cellsize 30.0
[rows 34 to 50 of 158, columns 74 to 110 of 223]
1.802791170142706983e-03 9.149963642619114929e-04 1.008065226151776171e-03 9.160954212305803812e-04 1.178257302630022948e-04 9.825468809250843924e-05 1.390362037405518700e-04 4.422896507521482197e-05 7.495596507100329867e-05 1.000000000000000021e-08 1.000000000000000021e-08 2.341316846064380865e-05 1.000000000000000021e-08 1.000000000000000021e-08 1.000000000000000021e-08 1.000000000000000021e-08 1.000000000000000021e-08 1.000000000000000021e-08 1.255270917546321271e-05 2.524377678199922272e-05 1.000000000000000021e-08 1.000000000000000021e-08 1.000000000000000021e-08 1.000000000000000021e-08 1.000000000000000021e-08 1.000000000000000021e-08 1.000000000000000021e-08 1.000000000000000021e-08 1.000000000000000021e-08 1.000000000000000021e-08 1.000000000000000021e-08 1.000000000000000021e-08 1.000000000000000021e-08 1.000000000000000021e-08 1.000000000000000021e-08 1.000000000000000021e-08 1.000000000000000021e-08
1.772277788315578667e-03 1.404093561007640871e-03 1.413984170925650010e-03 1.244717915659885156e-03 3.093415248245604703e-04 5.437038750196655388e-04 1.005882096580249484e-03 1.302098464092779411e-03 4.357662824456149178e-03 2.820803688311346487e-03 3.528210604072901883e-04 2.230291671475466940e-04 1.701408973346133467e-04 7.209197887476008568e-04 4.501486266516484735e-04 3.118982383463548202e-04 1.000000000000000021e-08 1.000000000000000021e-08 1.498951860716410194e-04 1.000000000000000021e-08 1.000000000000000021e-08 1.000000000000000021e-08 1.000000000000000021e-08 1.000000000000000021e-08 1.000000000000000021e-08 1.000000000000000021e-08 1.000000000000000021e-08 1.000000000000000021e-08 1.000000000000000021e-08 1.000000000000000021e-08 1.000000000000000021e-08 1.000000000000000021e-08 1.000000000000000021e-08 1.000000000000000021e-08 1.000000000000000021e-08 1.000000000000000021e-08 3.302712973723971699e-05
1.021256723292729646e-03 1.881880536656252044e-03 2.603074762527911399e-03 3.085128890100183145e-03 3.334047885133964093e-03 3.425083008438612429e-03 2.427339175613099295e-03 2.450091843066350399e-03 1.759290816378874817e-03 3.731322551796990936e-03 4.585833205494581517e-03 4.957368439234532617e-03 5.010598322754859085e-03 5.184870165567343099e-03 5.253724776386007114e-03 5.261006353502693626e-03 3.588703063999355673e-03 2.479826231653191933e-03 1.740102779070523686e-03 1.225796846615390774e-03 7.962300197053016112e-04 5.268277518658778281e-04 3.276928748277170827e-04 2.155541816564627297e-04 1.000000000000000021e-08 1.000000000000000021e-08 1.000000000000000021e-08 1.000000000000000021e-08 1.000000000000000021e-08 1.000000000000000021e-08 1.000000000000000021e-08 1.000000000000000021e-08 1.000000000000000021e-08 1.000000000000000021e-08 1.068221871204781680e-05 2.171053819559647772e-05 1.000000000000000021e-08
7.966541260116536327e-04 9.320645629065323935e-04 7.184444513908350236e-04 9.329506133781258420e-04 6.918688328311908354e-04 4.366116171233157175e-04 1.000000000000000021e-08 1.000000000000000021e-08 1.000000000000000021e-08 1.000000000000000021e-08 1.000000000000000021e-08 1.000000000000000021e-08 1.000000000000000021e-08 1.116244758312542311e-05 1.520884906436681786e-05 1.978321743893343931e-05 2.908106327786057991e-03 3.816900845147950562e-03 4.214105213956818516e-03 4.367972554324056622e-03 4.435933797432612541e-03 4.304916183796644348e-03 2.986547750848353531e-03 1.888855916917834459e-03 1.229622861789093956e-03 7.749452567570875704e-04 5.420744362119959416e-05 1.649726964887957470e-05 2.787431425478604352e-05 1.000000000000000021e-08 1.000000000000000021e-08 1.000000000000000021e-08 1.000000000000000021e-08 1.000000000000000021e-08 1.435322870212620304e-05 2.196570648403440123e-05 2.275865433828835421e-05
1.000000000000000021e-08 1.261073552920362740e-05 1.277583926301329202e-04 7.988685977263839278e-05 1.000000000000000021e-08 1.000000000000000021e-08 1.000000000000000021e-08 1.000000000000000021e-08 1.000000000000000021e-08 1.000000000000000021e-08 1.000000000000000021e-08 1.000000000000000021e-08 1.000000000000000021e-08 1.000000000000000021e-08 1.000000000000000021e-08 1.000000000000000021e-08 1.431509444182467892e-05 3.328539169862616826e-05 3.018572032787108470e-05 3.944857230057417173e-05 3.172657020366249247e-05 5.622425760834219750e-04 2.599307252241864034e-03 3.617463667971960745e-03 4.021982309342185882e-03 3.307372970433965220e-03 1.863165657128018409e-03 1.449883173541462568e-03 1.050886552958446617e-03 6.952569253921483255e-04 4.359582673473843319e-05 1.095372905184537475e-05 6.390958703764874416e-05 1.143594705251551984e-03 8.973690916627958094e-04 4.805044188959195148e-03 9.888420236534199107e-04
1.122026615273622579e-05 1.423454208111186713e-05 1.572514895872220166e-04 1.000000000000000021e-08 1.000000000000000021e-08 1.000000000000000021e-08 1.000000000000000021e-08 1.000000000000000021e-08 1.000000000000000021e-08 1.000000000000000021e-08 1.000000000000000021e-08 1.000000000000000021e-08 1.000000000000000021e-08 1.000000000000000021e-08 1.000000000000000021e-08 1.000000000000000021e-08 1.193170159958347020e-05 1.933890898964511039e-05 4.079246811335006281e-05 5.869313347374011228e-05 1.193552749530274530e-04 1.051045104017769432e-04 1.059243755891417217e-04 1.153537438413375019e-04 6.719114342969509119e-04 3.086913996338291975e-03 3.998252714360203686e-03 4.446243896510074407e-03 4.836343276990953503e-03 5.105456622809308870e-03 5.288485559354689190e-03 5.390188594730355859e-03 6.327632270992134683e-03 6.643058870969692498e-03 7.198663960778361494e-03 5.035474305093732249e-03 6.757998213095832950e-03
1.000000000000000021e-08 1.000000000000000021e-08 1.000000000000000021e-08 1.000000000000000021e-08 1.000000000000000021e-08 1.000000000000000021e-08 1.000000000000000021e-08 1.000000000000000021e-08 1.000000000000000021e-08 1.000000000000000021e-08 1.000000000000000021e-08 1.000000000000000021e-08 1.000000000000000021e-08 1.000000000000000021e-08 1.000000000000000021e-08 1.073266528613675795e-05 1.000000000000000021e-08 1.000000000000000021e-08 1.646624442046184110e-05 5.866108492804696225e-05 6.121079367083129112e-05 1.000000000000000021e-08 2.449620597333675886e-05 4.236042146549829891e-05 6.430315188834398129e-05 7.956902954518165969e-05 8.146751095666603798e-04 1.197165163301401299e-03 1.654244934918589188e-03 2.081906444970736160e-03 2.478947386438048236e-03 2.848027627335646475e-03 1.868562212571076670e-03 1.236746198565725433e-03 8.266060330565242267e-04 7.110906767842818253e-05 2.189333166520276367e-05
1.000000000000000021e-08 1.000000000000000021e-08 1.000000000000000021e-08 1.000000000000000021e-08 1.000000000000000021e-08 1.000000000000000021e-08 1.000000000000000021e-08 7.202268811589328191e-05 1.000000000000000021e-08 1.000000000000000021e-08 1.000000000000000021e-08 1.000000000000000021e-08 1.000000000000000021e-08 1.000000000000000021e-08 2.050846721140016376e-05 1.000000000000000021e-08 1.000000000000000021e-08 1.000000000000000021e-08 1.000000000000000021e-08 1.264080145533836006e-05 2.196619974358837818e-05 4.131927352559499798e-05 3.581562522740098869e-05 3.289386459607229952e-05 1.000000000000000021e-08 1.000000000000000021e-08 1.000000000000000021e-08 1.703400792638115301e-05 1.000000000000000021e-08 1.000000000000000021e-08 1.000000000000000021e-08 2.469891218307999613e-05 1.000000000000000021e-08 1.000000000000000021e-08 1.000000000000000021e-08 1.000000000000000021e-08 1.000000000000000021e-08
1.000000000000000021e-08 1.000000000000000021e-08 1.250283029866361767e-05 1.000000000000000021e-08 1.000000000000000021e-08 1.000000000000000021e-08 1.000000000000000021e-08 1.000000000000000021e-08 1.000000000000000021e-08 1.000000000000000021e-08 1.000000000000000021e-08 1.607218104716742920e-05 2.258207502649657645e-05 1.000000000000000021e-08 1.779447624978009720e-05 1.000000000000000021e-08 1.000000000000000021e-08 1.000000000000000021e-08 1.000000000000000021e-08 1.000000000000000021e-08 1.000000000000000021e-08 3.928860147955476188e-05 1.000000000000000021e-08 1.000000000000000021e-08 1.000000000000000021e-08 1.000000000000000021e-08 1.000000000000000021e-08 1.000000000000000021e-08 1.000000000000000021e-08 1.000000000000000021e-08 1.000000000000000021e-08 2.011984323141634450e-05 1.000000000000000021e-08 1.000000000000000021e-08 2.763013641878079045e-05 1.000000000000000021e-08 1.000000000000000021e-08
1.000000000000000021e-08 1.000000000000000021e-08 1.000000000000000021e-08 1.000000000000000021e-08 1.000000000000000021e-08 1.000000000000000021e-08 1.000000000000000021e-08 1.000000000000000021e-08 1.000000000000000021e-08 1.000000000000000021e-08 1.005840306084381655e-05 1.761734973081749146e-05 1.551178263514972248e-05 1.000000000000000021e-08 1.801022725681027228e-05 2.784723076660288837e-05 3.249898259183520762e-05 1.000000000000000021e-08 1.000000000000000021e-08 1.000000000000000021e-08 1.000000000000000021e-08 3.940200843084486893e-05 1.000000000000000021e-08 1.000000000000000021e-08 1.000000000000000021e-08 1.000000000000000021e-08 1.000000000000000021e-08 1.000000000000000021e-08 1.000000000000000021e-08 2.134760314002270506e-05 1.923644980689552368e-05 1.900009844294314965e-05 2.250378873489177536e-05 2.830711506126610291e-05 3.159225432440363048e-05 2.596934907772087983e-05 1.000000000000000021e-08
1.000000000000000021e-08 1.000000000000000021e-08 1.000000000000000021e-08 1.000000000000000021e-08 1.000000000000000021e-08 1.000000000000000021e-08 1.000000000000000021e-08 1.000000000000000021e-08 1.000000000000000021e-08 1.000000000000000021e-08 1.000000000000000021e-08 1.000000000000000021e-08 1.000000000000000021e-08 1.704424561771302217e-05 1.820853963019426468e-05 2.096061493489512141e-05 2.134344003486441388e-05 2.036949794603579172e-05 1.000000000000000021e-08 1.655717856017647910e-05 3.120833616693298473e-05 4.125021788217408101e-05 3.877429839614970674e-05 1.000000000000000021e-08 1.000000000000000021e-08 1.000000000000000021e-08 1.000000000000000021e-08 1.000000000000000021e-08 1.000000000000000021e-08 2.545529805811554502e-05 1.000000000000000021e-08 1.000000000000000021e-08 1.279387234372427221e-05 1.565773645044777371e-05 1.967996451719955712e-05 1.000000000000000021e-08 1.000000000000000021e-08
4.799151839439627924e-05 4.479661157011675596e-05 1.000000000000000021e-08 1.000000000000000021e-08 1.000000000000000021e-08 1.000000000000000021e-08 1.000000000000000021e-08 1.000000000000000021e-08 4.901561695855862025e-05 1.000000000000000021e-08 1.824189642308566726e-05 1.000000000000000021e-08 1.046361492978444178e-05 1.512647217242248415e-05 1.438740186456954292e-05 1.477988225239252114e-05 1.542659797589527210e-05 1.371520678693993408e-05 1.874128176743293555e-05 1.882850783492735249e-05 3.383084312502223143e-05 3.609796867677708676e-05 2.289763605671295776e-04 1.000000000000000021e-08 1.000000000000000021e-08 1.000000000000000021e-08 1.000000000000000021e-08 1.795563403585346911e-05 2.439047807059393098e-05 2.700041407066349814e-05 1.000000000000000021e-08 1.000000000000000021e-08 1.000000000000000021e-08 1.000000000000000021e-08 1.000000000000000021e-08 1.000000000000000021e-08 1.000000000000000021e-08
3.256293985603233985e-05 2.881328365909578167e-05 1.837175757974492268e-05 1.000000000000000021e-08 1.000000000000000021e-08 1.000000000000000021e-08 1.000000000000000021e-08 1.000000000000000021e-08 3.357300250247497819e-05 5.066118733092082389e-05 1.000000000000000021e-08 1.000000000000000021e-08 1.000000000000000021e-08 1.000000000000000021e-08 1.234588918386072870e-05 1.467522810747534992e-05 1.564518437452870950e-05 1.661267969610297912e-05 1.237207758103820328e-05 1.015996135013207436e-05 5.893115841549359535e-05 1.850259733536792708e-04 2.504469628650523184e-04 1.000000000000000021e-08 1.000000000000000021e-08 1.000000000000000021e-08 2.192626471407199202e-05 1.806199346860539779e-05 1.538263912117249894e-05 1.692073435933433604e-05 1.990968971393781327e-05 1.733492507572267945e-05 1.836514382346414608e-05 1.925951253701178737e-05 2.569071069803688913e-05 2.704942592685958934e-05 2.490964348190253307e-05
2.152815093001079677e-05 4.665649597852442694e-05 6.894699682312350239e-05 5.965344324284719006e-05 6.927747594049355330e-05 1.000000000000000021e-08 1.000000000000000021e-08 1.000000000000000021e-08 1.499819748005439984e-05 2.768340996354838837e-05 4.239652640232742693e-05 6.275272567034413922e-05 9.195729068660037434e-05 1.643622207274286404e-04 1.913389852560211813e-04 2.306061551546479804e-04 2.008381647978322313e-04 1.549981152673384215e-04 1.205374417724285903e-04 1.085626014934613025e-04 1.038391713625928505e-04 1.945169849898509599e-04 1.497273971851679185e-04 1.177878887051900616e-04 7.661867450477481863e-05 5.496639854229540641e-05 4.159856359073939579e-05 3.668014532490721316e-05 3.592542991100805755e-05 3.562990131735348253e-05 6.402418834260787620e-05 9.568709908327338587e-05 1.426736163310506837e-04 1.612492985090996009e-04 2.127082585950120864e-04 4.899433400513116075e-04 3.860774936768210180e-04
1.988252801640575906e-05 2.493927672170794926e-05 3.702768910219147693e-05 5.869218602867713589e-05 4.552342354136290869e-05 1.000000000000000021e-08 1.000000000000000021e-08 1.000000000000000021e-08 1.016549125622646353e-05 1.572027938827588991e-05 3.746155099820787468e-05 5.678623754738179092e-05 9.889782854767889672e-05 9.098268786600778287e-05 7.629373713521077729e-05 1.016815292868008885e-04 2.001026231323021218e-04 2.861768151567527186e-04 3.892185131930254961e-04 4.117256105565142476e-04 4.349558632040879599e-04 3.435756346918050698e-04 3.550958456014047487e-04 2.851563606037692896e-04 2.091462484864475705e-04 1.626547831443521613e-04 1.606848941667737406e-04 1.690121556404123291e-04 1.906704770192602896e-04 2.813796969773997353e-04 3.624388438184652714e-04 4.235038762507198113e-04 5.025779934676614718e-04 5.520739811591310851e-04 7.056320716801857493e-04 4.982224206523142929e-04 7.626302167073333201e-04
1.371181536445934172e-05 1.000000000000000021e-08 1.000000000000000021e-08 1.000000000000000021e-08 1.395762659941768764e-05 1.700140852487252904e-05 1.000000000000000021e-08 1.000000000000000021e-08 1.000000000000000021e-08 1.000000000000000021e-08 1.000000000000000021e-08 1.000000000000000021e-08 2.420604931751996224e-05 2.244644574089625514e-05 1.781275652627529842e-05 1.310135899445558403e-05 5.346275662257303680e-05 7.680797938333907486e-05 5.276128570724587834e-05 5.445718060660850962e-05 7.494513302118236146e-05 1.000000000000000021e-08 4.501680161992928738e-05 1.871339119740030683e-04 2.421841234980510571e-04 2.278854863294175646e-04 1.477638213852470919e-04 8.579567066657349311e-05 1.292801341139084915e-04 1.521547920741391272e-04 1.064465431539141153e-04 1.000000000000000021e-08 1.000000000000000021e-08 1.000000000000000021e-08 1.000000000000000021e-08 1.000000000000000021e-08 1.000000000000000021e-08
1.792688671829813669e-05 1.000000000000000021e-08 1.000000000000000021e-08 1.000000000000000021e-08 1.000000000000000021e-08 1.000000000000000021e-08 1.027823541014093403e-05 1.292641697248019798e-05 1.842157207729116014e-05 3.705647812720017081e-05 3.854443600197394754e-05 3.827254927363576623e-05 2.894548607730062077e-05 1.000000000000000021e-08 1.126630501278843012e-05 3.622591559655098913e-05 3.495857161459775699e-05 5.267117141946879333e-05 1.171077416160915918e-04 1.032581824023174184e-04 1.222688115799859163e-04 1.031084709915679204e-04 8.208109788498221305e-05 6.578454988364239645e-05 8.442115355275293432e-05 6.845224145689839492e-05 1.000000000000000021e-08 1.574029971203879549e-05 2.698467958935620926e-05 3.538884800448138064e-05 4.223723982266980239e-05 3.442484321488118674e-05 5.017707914547127503e-05 1.000000000000000021e-08 2.165087121592349119e-05 1.000000000000000021e-08 1.000000000000000021e-08
