output/water_depth_10440.asc
ncols 223
nrows 158
xllcorner 0.0
yllcorner 0.0
cellsize 30.0
[rows 85 to 101 of 158, columns 185 to 221 of 223]
1.440019545202391409e-05 1.209938026958219797e-05 1.000000000000000021e-08 1.000000000000000021e-08 1.000000000000000021e-08 1.000000000000000021e-08 2.201478003528947085e-04 9.520953630772964471e-02 9.393421600622745005e-02 9.487343326917942188e-02 1.563165336888063927e-03 8.151447357266846131e-04 1.000000000000000021e-08 1.000000000000000021e-08 1.000000000000000021e-08 1.000000000000000021e-08 1.000000000000000021e-08 1.000000000000000021e-08 1.000000000000000021e-08 1.000000000000000021e-08 1.000000000000000021e-08 1.469100228141091913e-05 1.405452359577525708e-05 1.344195683477662346e-05 1.436795428337369970e-05 1.580875710619352606e-05 1.443271171387710636e-05 1.410782583107886221e-05 1.000000000000000021e-08 1.000000000000000021e-08 1.000000100000000021e-05 1.000000100000000021e-05 1.000000100000000021e-05 1.000000100000000021e-05 1.000000100000000021e-05 1.000000100000000021e-05 1.000000100000000021e-05
1.146609731532269912e-05 1.469545398036599583e-05 1.000000000000000021e-08 1.000000000000000021e-08 1.000000000000000021e-08 1.000000000000000021e-08 2.935895224111226184e-05 7.435866221779775798e-02 7.398603866593710110e-02 2.728880500671671482e-04 3.262717599940972166e-04 1.219053075812381138e-04 1.927541072744730008e-05 1.000000000000000021e-08 1.000000000000000021e-08 1.000000000000000021e-08 1.000000000000000021e-08 1.000000000000000021e-08 1.000000000000000021e-08 1.000000000000000021e-08 1.000000000000000021e-08 1.000000000000000021e-08 1.000000000000000021e-08 1.000000000000000021e-08 1.000000000000000021e-08 1.000000000000000021e-08 1.000000000000000021e-08 1.000000000000000021e-08 1.000000000000000021e-08 1.000000000000000021e-08 1.000000000000000021e-08 1.000000100000000021e-05 1.000000100000000021e-05 1.000000100000000021e-05 1.000000100000000021e-05 1.000000100000000021e-05 1.000000100000000021e-05
1.026928077106889332e-05 1.000000000000000021e-08 1.000000000000000021e-08 1.000000000000000021e-08 1.000000000000000021e-08 1.000000000000000021e-08 1.000000000000000021e-08 2.724498970391995428e-02 2.705801783646113665e-02 1.000000000000000021e-08 1.000000000000000021e-08 1.000000000000000021e-08 1.000000000000000021e-08 1.000000000000000021e-08 1.000000000000000021e-08 1.000000000000000021e-08 1.722546866695496794e-05 1.000000000000000021e-08 1.000000000000000021e-08 1.000000000000000021e-08 1.000000000000000021e-08 1.000000000000000021e-08 1.000000000000000021e-08 1.000000000000000021e-08 1.000000000000000021e-08 1.000000000000000021e-08 1.000000000000000021e-08 1.000000000000000021e-08 1.000000000000000021e-08 1.000000000000000021e-08 1.000000000000000021e-08 1.000000100000000021e-05 1.000000100000000021e-05 1.000000100000000021e-05 1.000000100000000021e-05 1.000000100000000021e-05 1.000000100000000021e-05
1.327444983050430567e-05 1.205237311558197855e-05 1.051416409186920354e-05 1.000000000000000021e-08 1.000000000000000021e-08 1.000000000000000021e-08 3.571174292001056213e-05 3.749012909679531186e-02 1.680499681011450586e-02 1.000000000000000021e-08 1.000000000000000021e-08 1.000000000000000021e-08 1.000000000000000021e-08 1.000000000000000021e-08 1.000000000000000021e-08 1.400040210242283346e-04 1.813241767926914057e-03 2.180006206448551368e-05 1.000000000000000021e-08 1.000000000000000021e-08 2.654199554879472410e-05 2.227807552177111405e-05 1.669674854260945530e-05 1.000000000000000021e-08 1.000000000000000021e-08 1.000000000000000021e-08 1.000000000000000021e-08 1.000000000000000021e-08 1.000000000000000021e-08 1.000000000000000021e-08 1.000000000000000021e-08 1.000000100000000021e-05 1.000000100000000021e-05 1.000000100000000021e-05 1.000000100000000021e-05 1.000000100000000021e-05 1.000000100000000021e-05
3.842923770476433374e-05 5.195387098967722107e-05 3.896681119574160046e-05 3.063402746713322802e-05 2.425223066355928190e-05 2.567585440374134438e-05 3.665328899017760957e-05 3.438776535244723181e-02 2.324920928781500085e-02 2.428520874540307913e-05 1.000000000000000021e-08 1.000000000000000021e-08 1.000000000000000021e-08 4.747571253565482973e-05 7.393119918525746103e-05 1.500274953991082157e-04 1.000000000000000021e-08 1.582505208859605217e-05 2.341943099482428266e-05 2.355038629569636846e-05 2.749300036255727004e-05 2.300059483798635575e-05 1.851434954309913564e-05 2.061665520075426126e-05 2.166965479870581557e-05 2.118579354866117399e-05 2.454687084924533124e-05 2.291905541093690178e-05 1.446218311414838635e-05 1.000000000000000021e-08 1.000000000000000021e-08 1.000000100000000021e-05 1.000000100000000021e-05 1.000000100000000021e-05 1.000000100000000021e-05 1.000000100000000021e-05 1.000000100000000021e-05
2.255657211899661307e-05 2.082968849670778963e-05 3.436095508851050664e-05 5.440072166108190008e-05 5.982507582925506313e-05 5.434950669259824965e-05 1.000000000000000021e-08 4.134739562658046319e-02 5.396136735557170716e-02 3.413844908102831591e-05 1.000000000000000021e-08 1.000000000000000021e-08 1.000000000000000021e-08 1.000000000000000021e-08 7.456012984853588581e-05 7.135258950989364956e-05 1.000000000000000021e-08 1.000000000000000021e-08 1.000000000000000021e-08 1.000000000000000021e-08 1.000000000000000021e-08 1.000000000000000021e-08 1.464049846700537220e-05 1.000000000000000021e-08 1.000000000000000021e-08 1.581807012214268105e-05 1.000000000000000021e-08 1.000000000000000021e-08 1.000000000000000021e-08 1.000000000000000021e-08 1.000000100000000021e-05 1.000000100000000021e-05 1.000000100000000021e-05 1.000000100000000021e-05 1.000000100000000021e-05 1.000000100000000021e-05 1.000000100000000021e-05
1.000000000000000021e-08 1.000000000000000021e-08 2.065043404989168159e-05 1.671184681438450342e-05 5.339202416652438576e-05 5.574357502880092710e-05 1.570237421043886594e-04 1.317316338778533324e-01 1.889194682062085226e-02 1.000000000000000021e-08 1.000000000000000021e-08 1.000000000000000021e-08 1.000000000000000021e-08 1.000000000000000021e-08 1.000000000000000021e-08 5.597449086190471482e-05 1.000000000000000021e-08 1.000000000000000021e-08 1.000000000000000021e-08 1.093762786852466404e-05 1.359332928612279487e-05 1.613479507342299756e-05 1.467752541610269041e-05 1.000000000000000021e-08 1.000000000000000021e-08 1.000000000000000021e-08 1.000000000000000021e-08 1.000000000000000021e-08 1.000000000000000021e-08 1.000000000000000021e-08 1.000000100000000021e-05 1.000000100000000021e-05 1.000000100000000021e-05 1.000000100000000021e-05 1.000000100000000021e-05 1.000000100000000021e-05 1.000000100000000021e-05
1.000000000000000021e-08 1.000000000000000021e-08 1.000000000000000021e-08 1.000000000000000021e-08 1.000000000000000021e-08 2.794713331580732604e-05 2.659218880577503605e-05 1.030562843025317893e-01 3.921651219460036905e-03 1.000000000000000021e-08 1.000000000000000021e-08 1.000000000000000021e-08 1.000000000000000021e-08 1.000000000000000021e-08 1.000000000000000021e-08 1.000000000000000021e-08 1.000000000000000021e-08 1.000000000000000021e-08 1.000000000000000021e-08 1.966380996161144737e-05 2.079966432655097256e-05 1.137879839039674144e-05 1.000000000000000021e-08 1.000000000000000021e-08 1.000000000000000021e-08 1.000000000000000021e-08 1.000000000000000021e-08 1.000000000000000021e-08 1.000000000000000021e-08 1.000000000000000021e-08 1.000000100000000021e-05 1.000000100000000021e-05 1.000000100000000021e-05 1.000000100000000021e-05 1.000000100000000021e-05 1.000000100000000021e-05 1.000000100000000021e-05
1.000000000000000021e-08 1.000000000000000021e-08 1.000000000000000021e-08 1.000000000000000021e-08 1.000000000000000021e-08 1.000000000000000021e-08 1.000000000000000021e-08 3.175553072059951465e-02 8.313461605891968309e-02 1.471867485271853267e-04 1.000000000000000021e-08 1.000000000000000021e-08 1.000000000000000021e-08 1.000000000000000021e-08 1.000000000000000021e-08 1.000000000000000021e-08 1.000000000000000021e-08 1.000000000000000021e-08 1.000000000000000021e-08 1.000000000000000021e-08 1.000000000000000021e-08 1.000000000000000021e-08 1.000000000000000021e-08 1.000000000000000021e-08 1.000000000000000021e-08 1.000000000000000021e-08 1.000000000000000021e-08 1.000000000000000021e-08 1.000000000000000021e-08 1.000000000000000021e-08 1.000000100000000021e-05 1.000000100000000021e-05 1.000000100000000021e-05 1.000000100000000021e-05 1.000000100000000021e-05 1.000000100000000021e-05 1.000000100000000021e-05
1.000000000000000021e-08 1.000000000000000021e-08 1.157776847918570015e-05 1.314738104920537232e-05 1.457209357463957550e-05 1.791262801212913081e-05 1.624311586002873126e-05 5.949035783582204417e-02 4.024968331672675731e-02 1.824174694308251701e-04 1.000000000000000021e-08 1.000000000000000021e-08 1.000000000000000021e-08 1.000000000000000021e-08 1.000000000000000021e-08 1.000000000000000021e-08 1.049155794161163006e-05 1.000000000000000021e-08 1.000000000000000021e-08 1.000000000000000021e-08 1.000000000000000021e-08 1.000000000000000021e-08 1.000000000000000021e-08 1.000000000000000021e-08 1.000000000000000021e-08 1.000000000000000021e-08 1.000000000000000021e-08 1.000000000000000021e-08 1.000000000000000021e-08 1.000000000000000021e-08 1.000000100000000021e-05 1.000000100000000021e-05 1.000000100000000021e-05 1.000000100000000021e-05 1.000000100000000021e-05 1.000000100000000021e-05 1.000000100000000021e-05
2.675692981210159709e-05 3.532355752547394209e-05 3.127994323733625617e-05 3.855725240498911833e-05 4.317137461935176523e-05 4.218412027656098329e-05 3.219143697189266788e-05 1.364690027575666056e-02 4.742512911062372188e-02 3.898837834565349928e-05 1.405735611593196623e-05 1.464317876815766152e-05 1.331123020202434860e-05 1.000000000000000021e-08 1.000000000000000021e-08 1.026291863848891979e-05 1.084740415745635705e-05 1.000000000000000021e-08 1.000000000000000021e-08 1.000000000000000021e-08 1.000000000000000021e-08 1.000000000000000021e-08 1.000000000000000021e-08 1.000000000000000021e-08 1.000000000000000021e-08 1.000000000000000021e-08 1.000000000000000021e-08 1.000000000000000021e-08 1.000000000000000021e-08 1.000000000000000021e-08 1.000000100000000021e-05 1.000000100000000021e-05 1.000000100000000021e-05 1.000000100000000021e-05 1.000000100000000021e-05 1.000000100000000021e-05 1.000000100000000021e-05
1.000000000000000021e-08 1.000000000000000021e-08 2.563800749955021333e-05 3.534716809080290615e-05 5.257103117068292591e-05 5.261581176684993063e-05 5.515385290751775665e-05 2.111223395404623546e-02 4.157278516168453480e-02 3.519850507286051937e-05 1.000000000000000021e-08 1.000000000000000021e-08 1.000000000000000021e-08 2.627117970924831291e-05 1.853897213717420410e-05 2.119043241959752709e-05 1.603253395698002237e-05 1.000000000000000021e-08 1.000000000000000021e-08 1.000000000000000021e-08 1.000000000000000021e-08 1.000000000000000021e-08 1.000000000000000021e-08 1.000000000000000021e-08 1.000000000000000021e-08 1.000000000000000021e-08 1.000000000000000021e-08 1.000000000000000021e-08 1.000000000000000021e-08 1.000000000000000021e-08 1.000000100000000021e-05 1.000000100000000021e-05 1.000000100000000021e-05 1.000000100000000021e-05 1.000000100000000021e-05 1.000000100000000021e-05 1.000000100000000021e-05
1.000000000000000021e-08 1.000000000000000021e-08 1.495838435022019721e-05 5.224365196328276627e-05 6.304968500725997979e-05 6.277870724118334315e-05 8.303910588605306923e-04 5.141785499369781742e-02 3.656121094369056690e-02 1.000000000000000021e-08 1.000000000000000021e-08 1.000000000000000021e-08 7.042749412008140770e-05 5.915334572034390787e-05 1.048909858682701654e-04 7.134002566115888507e-05 2.480043703717455333e-05 2.033668772742002213e-05 1.933419402887197409e-05 1.000000000000000021e-08 1.000000000000000021e-08 1.000000000000000021e-08 1.000000000000000021e-08 1.000000000000000021e-08 1.000000000000000021e-08 1.000000000000000021e-08 1.000000000000000021e-08 1.000000000000000021e-08 1.000000000000000021e-08 1.000000000000000021e-08 1.000000100000000021e-05 1.000000100000000021e-05 1.000000100000000021e-05 1.000000100000000021e-05 1.000000100000000021e-05 1.000000100000000021e-05 1.000000100000000021e-05
1.000000000000000021e-08 1.000000000000000021e-08 1.434603271567118185e-05 2.574943090268808380e-05 7.488055086810844075e-05 7.986106407321055009e-05 1.029787206160228834e-04 5.886526774979801424e-02 1.249948929347869178e-02 2.035567391789072791e-05 1.716765999715747488e-05 1.994901203283693414e-05 2.361096905454121376e-05 3.671334201105641717e-05 1.707130379899299445e-05 2.102823704715157054e-05 2.723946327852718550e-05 2.054882666092238693e-05 1.000000000000000021e-08 1.000000000000000021e-08 1.000000000000000021e-08 1.000000000000000021e-08 1.000000000000000021e-08 1.000000000000000021e-08 1.000000000000000021e-08 1.000000000000000021e-08 1.000000000000000021e-08 1.000000000000000021e-08 1.000000000000000021e-08 1.000000000000000021e-08 1.000000100000000021e-05 1.000000100000000021e-05 1.000000100000000021e-05 1.000000100000000021e-05 1.000000100000000021e-05 1.000000100000000021e-05 1.000000100000000021e-05
1.000000000000000021e-08 1.000000000000000021e-08 1.091965834975382569e-05 1.175113617343529516e-05 1.552937195850589980e-05 1.161345205300806101e-04 2.767474790933351428e-02 3.170107962270676122e-02 2.126061750667287281e-03 1.000000000000000021e-08 1.243534382289329292e-05 1.000000000000000021e-08 3.292209454179375358e-05 3.487243582161092450e-05 2.479992724678243936e-05 2.617570174960787515e-05 2.110776765047422656e-05 1.000000000000000021e-08 1.000000000000000021e-08 1.000000000000000021e-08 1.000000000000000021e-08 1.000000000000000021e-08 1.000000000000000021e-08 1.000000000000000021e-08 1.000000000000000021e-08 1.000000000000000021e-08 1.000000000000000021e-08 1.000000000000000021e-08 1.000000000000000021e-08 1.000000000000000021e-08 1.000000100000000021e-05 1.000000100000000021e-05 1.000000100000000021e-05 1.000000100000000021e-05 1.000000100000000021e-05 1.000000100000000021e-05 1.000000100000000021e-05
1.000000000000000021e-08 1.000000000000000021e-08 1.116308118903454640e-05 1.336363778374032606e-05 1.000000000000000021e-08 1.213989300425523225e-04 5.986243223955752674e-02 4.156395967538640407e-02 1.442692731863527223e-03 1.000000000000000021e-08 2.169013604074286012e-05 2.308623632327255475e-05 2.823629411179150284e-05 1.000000000000000021e-08 2.662808718549542920e-05 8.252789885974201351e-05 2.101552850706506480e-05 1.000000000000000021e-08 1.000000000000000021e-08 1.000000000000000021e-08 1.000000000000000021e-08 1.000000000000000021e-08 1.000000000000000021e-08 1.000000000000000021e-08 1.000000000000000021e-08 1.000000000000000021e-08 1.000000000000000021e-08 1.000000000000000021e-08 1.000000000000000021e-08 1.000000000000000021e-08 1.000000100000000021e-05 1.000000100000000021e-05 1.000000100000000021e-05 1.000000100000000021e-05 1.000000100000000021e-05 1.000000100000000021e-05 1.000000100000000021e-05
1.000000000000000021e-08 1.000000000000000021e-08 1.050825082682879121e-05 1.000000000000000021e-08 1.000000000000000021e-08 1.605794051415833696e-05 1.542078928641374413e-02 1.381214073631327199e-01 2.072559529063104384e-03 1.000000000000000021e-08 3.374710333990844913e-05 3.228963720025206454e-05 3.213767232334043385e-05 2.822485125344763388e-05 4.149280472759348985e-05 5.114228773444954717e-05 1.914373214509657977e-05 1.000000000000000021e-08 1.000000000000000021e-08 1.000000000000000021e-08 1.000000000000000021e-08 1.000000000000000021e-08 1.000000000000000021e-08 1.000000000000000021e-08 1.000000000000000021e-08 1.000000000000000021e-08 1.000000000000000021e-08 1.000000000000000021e-08 1.000000000000000021e-08 1.000000000000000021e-08 1.000000100000000021e-05 1.000000100000000021e-05 1.000000100000000021e-05 1.000000100000000021e-05 1.000000100000000021e-05 1.000000100000000021e-05 1.000000100000000021e-05
