output/water_depth_4560.asc
ncols 223
nrows 158
xllcorner 0.0
yllcorner 0.0
cellsize 30.0
[rows 51 to 67 of 158, columns 74 to 110 of 223]
1.000000000000000021e-08 1.000000000000000021e-08 1.000000000000000021e-08 2.124561998456414257e-05 2.946910587467803163e-05 3.765411200004294324e-05 4.459349244675142490e-05 5.357439841953937721e-05 6.435971548563819606e-05 5.295205067834496767e-05 8.136850967556782032e-05 5.917601258538458852e-05 5.928187918335739990e-05 4.397928919623731093e-05 4.514371975714053024e-05 5.223409929552980796e-05 3.820924645670008626e-05 3.090756502520877074e-05 3.016327407638342734e-05 1.236241442054560827e-04 1.145922945123475234e-04 1.000000000000000021e-08 1.000000000000000021e-08 5.665757177548525847e-05 7.241739994642413158e-05 1.000000000000000021e-08 1.710537519395168203e-05 3.868728201303645590e-05 3.933771563939758792e-05 3.976028815869848699e-05 6.132746698679900673e-05 1.000000000000000021e-08 8.493784518613283548e-05 2.886069425204034204e-04 5.177647945502435498e-05 1.000000000000000021e-08 1.654195020013124432e-05
1.757001010423039607e-05 2.293721397024201089e-05 1.929533883461583932e-05 2.577535030950490767e-05 2.195979751038804514e-05 2.932980649994454923e-05 2.122174099000066825e-04 1.795487211864521060e-04 1.773554252571416467e-04 1.859590451396031009e-04 1.000000000000000021e-08 1.000000000000000021e-08 3.346185972070645360e-05 3.497256117234711975e-05 4.747708022395791526e-05 9.555736225231677334e-05 6.483031176478129629e-05 1.000000000000000021e-08 1.000000000000000021e-08 8.420473369194379700e-05 1.030012395332187387e-04 1.038829165166830012e-04 1.110512202612371239e-04 8.803706477952591143e-05 7.540265356784248564e-05 4.274444763184318902e-05 2.781209202249941670e-05 2.406959796611043398e-05 4.223844738204235975e-05 8.220216363570773664e-05 8.243155129894709683e-05 9.073503536364167993e-05 8.960662610911889208e-05 7.837354866322949023e-05 1.000000000000000021e-08 1.000000000000000021e-08 1.000000000000000021e-08
1.396341147170035814e-04 1.332697001858279518e-04 1.321419946040304364e-04 1.000000000000000021e-08 1.000000000000000021e-08 1.000000000000000021e-08 1.634825320226881363e-05 2.047157885313452888e-04 1.853886644197781555e-04 1.799241954182458829e-04 1.509481895477026532e-04 1.000000000000000021e-08 1.000000000000000021e-08 1.576489743991326008e-05 1.303692976994357560e-05 1.000000000000000021e-08 7.538823695188945578e-05 1.000000000000000021e-08 1.000000000000000021e-08 6.909136687892504644e-05 1.094004920994906760e-04 1.139387202724334043e-04 1.000000000000000021e-08 1.000000000000000021e-08 1.000000000000000021e-08 1.000000000000000021e-08 1.000000000000000021e-08 1.000000000000000021e-08 3.665279314234295505e-05 4.326801645402735615e-05 4.767852532507689577e-05 7.552907850921571791e-05 7.521342599232571041e-05 9.265041162705484512e-05 1.000000000000000021e-08 3.512057820068215986e-05 3.185139703880489321e-05
4.822448835647728463e-05 9.132764203232662391e-05 1.000000000000000021e-08 1.000000000000000021e-08 1.000000000000000021e-08 1.000000000000000021e-08 3.143855722949317197e-05 1.000000000000000021e-08 1.000000000000000021e-08 1.000000000000000021e-08 1.495614888266662789e-04 1.000000000000000021e-08 1.076433891469817140e-04 1.000000000000000021e-08 1.006752746710671214e-05 9.834070388509445412e-05 1.395695308643768494e-04 1.221479576416370451e-04 1.000000000000000021e-08 4.684641635422095524e-05 9.903173566408200105e-05 1.000000000000000021e-08 1.000000000000000021e-08 1.000000000000000021e-08 1.000000000000000021e-08 1.000000000000000021e-08 1.000000000000000021e-08 1.000000000000000021e-08 4.984132722308262062e-05 4.982600081665951162e-05 5.824624269935519880e-05 1.000000000000000021e-08 1.000000000000000021e-08 6.926952564518199385e-05 1.831594916404108767e-04 2.139842168789987448e-04 9.925236326391628013e-05
4.767001027018094860e-05 1.000000000000000021e-08 1.000000000000000021e-08 1.000000000000000021e-08 1.000000000000000021e-08 1.000000000000000021e-08 3.650056358679932617e-05 9.448393541663462319e-05 1.000000000000000021e-08 1.000000000000000021e-08 1.534796549227411056e-04 1.000000000000000021e-08 1.000000000000000021e-08 1.000000000000000021e-08 4.669192182887450912e-05 1.000000000000000021e-08 1.000000000000000021e-08 1.000000000000000021e-08 1.000000000000000021e-08 1.000000000000000021e-08 7.548724409231416857e-05 3.617561385079853245e-05 1.000000000000000021e-08 1.000000000000000021e-08 1.000000000000000021e-08 1.000000000000000021e-08 2.495316196221073935e-05 9.507829787271329810e-05 5.257229446299640997e-05 5.825895853403976273e-05 6.568147085880802235e-05 5.115824392021945874e-05 4.663744964847961098e-05 6.688627824574692809e-05 5.826353015599114357e-05 1.713703492734946555e-04 2.304169271922008357e-04
1.000000000000000021e-08 1.000000000000000021e-08 1.000000000000000021e-08 1.000000000000000021e-08 1.000000000000000021e-08 1.000000000000000021e-08 2.949562941581932460e-05 1.000000000000000021e-08 1.000000000000000021e-08 1.000000000000000021e-08 1.511222469306051214e-04 1.000000000000000021e-08 1.000000000000000021e-08 1.000000000000000021e-08 3.645806140351177374e-05 1.000000000000000021e-08 1.000000000000000021e-08 1.000000000000000021e-08 1.037482849647021615e-05 1.820800619232877373e-05 6.208241527259958489e-05 6.857428987388375103e-05 6.308260189683897329e-05 1.000000000000000021e-08 1.000000000000000021e-08 1.560141918385507897e-05 8.669953711524966107e-05 1.325229956223901039e-04 1.069699768476328923e-04 1.130936512198452436e-04 1.000000000000000021e-08 1.000000000000000021e-08 1.000000000000000021e-08 4.506211218422879485e-05 1.000000000000000021e-08 1.000000000000000021e-08 2.353789830929810538e-04
1.000000000000000021e-08 1.206684157531539268e-05 1.000000000000000021e-08 1.008355525729897649e-05 1.000000000000000021e-08 1.000000000000000021e-08 2.407242127358638449e-05 1.000000000000000021e-08 1.000000000000000021e-08 1.000000000000000021e-08 1.129243173525822878e-04 4.613490871337927251e-05 1.000000000000000021e-08 1.000000000000000021e-08 1.000000000000000021e-08 6.184384368343276526e-05 1.000000000000000021e-08 1.000000000000000021e-08 1.058023457053480197e-05 1.599742718264645053e-05 3.406845698372885949e-05 9.176359091216481668e-05 1.000000000000000021e-08 2.974424708406721448e-05 4.173628633809790757e-05 1.000000000000000021e-08 1.000000000000000021e-08 1.023849501695148331e-04 1.545643385012550406e-04 1.423707525227770640e-04 1.000000000000000021e-08 1.000000000000000021e-08 1.000000000000000021e-08 3.393913191920007965e-05 3.518916686026242160e-05 7.406445624448648713e-05 2.185821370055049384e-04
1.000000000000000021e-08 1.232766716826057111e-05 1.251773949171011581e-05 1.000000000000000021e-08 1.000000000000000021e-08 1.000000000000000021e-08 1.000000000000000021e-08 1.054851707728501462e-05 1.000000000000000021e-08 1.000000000000000021e-08 1.012902469882186559e-04 1.000000000000000021e-08 1.000000000000000021e-08 1.000000000000000021e-08 1.000000000000000021e-08 5.292907140733176972e-05 1.000000000000000021e-08 1.000000000000000021e-08 1.830435771104275573e-05 2.455826351717639683e-05 3.428114071569519201e-05 1.319869294142321330e-04 1.000000000000000021e-08 9.526900306443036783e-05 1.409168112704920731e-04 1.000000000000000021e-08 1.000000000000000021e-08 1.335614042845026622e-04 1.849770676936964746e-04 1.671639541065796705e-04 1.659752628929190589e-04 1.000000000000000021e-08 5.640371507859225466e-05 1.000000000000000021e-08 4.660873424448132811e-05 8.787680527258996687e-05 1.000000000000000021e-08
1.639416205608286363e-05 1.415518730407548262e-05 1.888520214090651814e-05 1.678086070993088435e-05 2.207790516064189350e-05 1.000000000000000021e-08 1.492427554998198787e-05 1.544906613983652478e-05 1.552268216748898180e-05 1.055789702296370267e-04 1.000000000000000021e-08 1.000000000000000021e-08 1.000000000000000021e-08 1.000000000000000021e-08 1.000000000000000021e-08 1.000000000000000021e-08 1.668165711708763664e-05 2.496624932074336639e-05 1.000000000000000021e-08 1.000000000000000021e-08 3.897746034064713535e-05 9.389668639273163046e-05 1.000000000000000021e-08 1.000000000000000021e-08 1.208524243380711653e-04 1.000000000000000021e-08 1.000000000000000021e-08 9.934824455361658622e-05 1.862510727908546048e-04 1.814528603152011556e-04 9.335600866114946686e-05 1.000000000000000021e-08 1.000000000000000021e-08 3.196981492764117486e-05 7.118977412765772753e-05 1.000000000000000021e-08 7.374893415652097634e-05
2.550628678700891130e-05 3.048284157944482859e-05 2.717754035482174043e-05 6.734521530652263761e-05 7.540705280271751206e-05 1.137136422385176033e-04 1.095057896745333130e-04 1.569484708175311366e-04 1.300147785551603020e-04 1.853039343539566704e-04 1.648614902926445974e-04 2.250650441131882686e-04 7.119658862894396841e-05 1.228151280560042455e-04 1.029662312813129792e-04 6.702478230407228502e-05 5.684204591207457305e-05 7.696960017825086274e-05 1.000000000000000021e-08 1.000000000000000021e-08 2.861261129585560266e-05 1.000000000000000021e-08 1.000000000000000021e-08 1.000000000000000021e-08 8.125256743504945570e-05 1.000000000000000021e-08 1.000000000000000021e-08 4.463099952674334624e-05 1.438241352391004060e-04 1.755379776614590019e-04 8.792308272727773777e-05 1.000000000000000021e-08 1.000000000000000021e-08 1.000000000000000021e-08 1.033703449894627730e-04 5.169324848646200557e-05 5.037985778046755962e-05
2.988119780246950401e-04 3.783232429670741566e-04 4.596505082719210575e-04 3.995888215534144743e-04 2.631733609380895928e-04 2.399920092805761062e-04 2.180562577991521436e-04 2.012574262455318864e-04 3.464525272602814111e-04 4.602548058650214168e-04 5.324701057292348860e-04 6.296279416187188773e-04 2.480705570057713965e-04 2.241535880467811030e-04 2.875332221346755352e-04 1.117206438775113881e-04 1.324270437458096661e-04 4.356908780697501133e-05 3.690790704889562599e-05 2.551560296034135599e-04 1.837557520564611245e-04 1.322683866495889208e-04 1.000000000000000021e-08 1.000000000000000021e-08 1.000000000000000021e-08 1.000000000000000021e-08 2.839139389745165996e-05 1.000000000000000021e-08 1.000000000000000021e-08 1.000000000000000021e-08 2.164842472891437210e-04 1.193948694548773191e-04 1.000000000000000021e-08 1.000000000000000021e-08 8.296311088132184988e-05 1.000000000000000021e-08 1.000000000000000021e-08
3.479783027399302735e-04 2.743170881943173510e-04 2.177201634379483650e-04 1.000000000000000021e-08 4.599418306710786002e-05 1.000000000000000021e-08 1.000000000000000021e-08 3.633460772161224532e-05 4.882988480489506498e-05 5.577702587203894533e-05 8.335511977575163110e-05 1.000000000000000021e-08 1.000000000000000021e-08 1.000000000000000021e-08 1.000000000000000021e-08 9.564978074097315219e-05 7.162615361981617638e-05 9.825207188054064372e-05 1.108668360488822703e-04 1.708778788139569602e-04 6.684489743921821553e-04 5.790957546262693613e-05 1.822619486975849768e-05 1.000000000000000021e-08 1.133391288192164229e-04 1.000000000000000021e-08 5.243051088752230754e-05 3.374718103647633791e-05 1.000000000000000021e-08 1.000000000000000021e-08 9.426280778446934614e-05 1.000000000000000021e-08 1.000000000000000021e-08 1.000000000000000021e-08 9.183351487617725628e-05 1.000000000000000021e-08 1.000000000000000021e-08
2.040792609485320326e-03 1.381824042153515734e-03 4.372317726837563899e-04 6.623974168183608671e-04 4.918228129436196970e-04 1.435798665733350890e-03 1.085124199473029702e-03 7.394960513065308239e-04 6.044417128540016801e-04 4.815877354258259863e-04 2.139230208469880675e-04 8.522846189261367963e-05 1.000000000000000021e-08 1.000000000000000021e-08 1.000000000000000021e-08 3.006891092340420257e-05 8.719239042929735986e-05 5.837330280504098170e-05 1.089978208473917537e-04 1.012621299867484366e-04 2.458009304083378960e-04 2.398581805101154471e-04 3.240018752996077275e-04 2.560645390418571235e-04 1.906969958274036365e-05 2.557332770348237915e-05 1.000000000000000021e-08 3.965524734960931309e-05 3.092373723868840722e-05 1.467353091038027109e-05 1.000000000000000021e-08 1.000000000000000021e-08 1.000000000000000021e-08 1.000000000000000021e-08 1.000000000000000021e-08 1.000000000000000021e-08 2.733760716028495579e-05
5.007652596370175922e-03 5.164609577129884374e-03 7.054093418761417031e-03 4.608006330854470117e-03 4.929653856176482996e-03 4.461131769506730162e-03 3.962354258728604042e-03 3.139492899399251059e-03 3.735876222612356887e-03 7.382064359017856923e-03 5.016829303275154549e-03 3.201903821652719688e-03 2.179420798681622629e-03 3.837766775259645376e-04 1.346375011156595257e-04 3.442782616102031722e-04 4.037643617740871741e-04 6.152217731263691716e-03 4.152960824347910057e-03 2.766931374608068341e-03 1.860475481733459653e-03 1.286372770339693329e-03 9.315202780291848787e-04 1.355080121255747240e-03 1.875272181225976431e-04 1.721627858191106383e-04 1.000000000000000021e-08 1.000000000000000021e-08 4.611898198763417364e-05 1.985628953013806878e-05 1.000000000000000021e-08 1.511623568677399527e-05 1.000000000000000021e-08 1.000000000000000021e-08 2.059482951684645408e-05 1.000000000000000021e-08 3.143555157082684017e-05
8.707455434482444393e-04 7.878800831714513056e-04 6.031975370460492111e-04 5.159257631735868904e-03 7.002747020346325457e-03 9.096696257288280560e-03 9.059130526127954011e-03 9.228909006556571676e-03 8.448424665554676860e-03 5.830316507023544127e-03 5.446632024831004303e-03 4.552590539330616214e-03 5.006165327164188023e-03 4.871627187715271180e-03 5.599771626963468904e-03 7.721540453639752326e-03 6.149152687856442555e-03 5.994812367602070716e-03 6.932084973658942349e-03 4.179490039671857927e-03 3.202440411259729804e-03 2.801544351783223641e-03 5.081179720279042911e-03 1.320014943730357096e-03 1.074958140441288580e-03 8.209936009934714653e-04 2.536150224080925292e-04 4.043285249306106119e-04 2.973204897897687940e-05 1.000000000000000021e-08 1.000000000000000021e-08 2.059037084822875434e-05 1.411662187606651985e-05 1.000000000000000021e-08 1.000000000000000021e-08 1.000000000000000021e-08 4.785096742851744711e-05
6.672842543412595097e-04 6.052205236422233958e-04 6.010949929704588295e-04 5.001401925941564896e-04 4.094455079139816328e-04 3.854230190749265606e-04 3.754852616364999550e-04 3.811377760284861884e-04 2.264533788502610858e-03 6.213145105927258497e-04 2.916480754311748420e-03 4.319323185880433354e-03 7.027235033029316860e-03 6.246307952827242008e-03 8.007505727079458971e-03 3.976514684439790004e-03 4.332671340356924680e-03 3.439127649847657613e-03 3.746685302658278247e-03 4.347851323202200913e-03 5.280646888178222760e-03 4.453960972516365045e-03 5.226405773590911755e-03 4.021910674081483408e-03 2.933507056268836073e-03 2.302790281553889450e-03 1.778977173752541163e-03 6.750198903986721205e-04 1.020246605119370670e-03 1.278526171186829187e-04 1.000000000000000021e-08 1.000000000000000021e-08 1.000000000000000021e-08 1.000000000000000021e-08 1.000000000000000021e-08 1.000000000000000021e-08 6.038334511449222185e-05
2.818202916613404873e-04 2.529081727158987510e-04 8.433782795848110197e-04 1.004945787849043391e-04 7.383846117543141406e-05 1.144986573090224925e-04 1.576816374841542065e-04 1.226779396427154882e-03 9.626156743823227700e-04 3.234955488076512119e-04 4.153182530068075858e-04 7.125035669622595486e-04 1.233731233139069312e-03 1.352908859174847692e-03 4.673345694036995165e-03 4.593821045659056065e-03 1.557176139862847175e-03 1.854825860146859821e-03 2.392604247735895164e-03 4.701681154860058026e-03 4.299253989408068771e-03 3.949187318849635767e-03 3.618812106408403687e-03 4.647508080399987730e-03 7.422882266948138512e-03 1.075931630115668260e-02 7.459485222047983373e-03 9.926462519832732895e-03 1.036876315033653274e-02 9.610022518715182968e-03 3.767673419192346662e-03 4.095541580348120540e-03 1.316864930785685778e-03 2.901575771397085627e-04 2.343696880767812807e-05 1.000000000000000021e-08 1.000000000000000021e-08
