output/water_depth_1560.asc
ncols 223
nrows 158
xllcorner 0.0
yllcorner 0.0
cellsize 30.0
[rows 85 to 101 of 158, columns 74 to 110 of 223]
3.311750521266041206e-03 1.777772589762881489e-03 2.546340958958338320e-03 1.673511994961813165e-03 2.764469670187022065e-03 1.892155462726121491e-03 3.056849469263845168e-03 2.058909348365415767e-03 2.385199442976039703e-03 9.796085235748424203e-04 2.290785272556883790e-03 2.527275781904776870e-03 3.382769049786456522e-03 3.491687596117979027e-03 3.583613029506326451e-03 2.935435669998168184e-03 5.455046311855639256e-03 5.501355882164448569e-03 5.639964687854546674e-03 6.948074028007480279e-03 4.677856648783547053e-03 6.520584858136250703e-03 2.752489395548043428e-03 2.560354709167523245e-03 2.185491305495409695e-03 3.627414518160241522e-03 3.045866470886984291e-03 5.096710026275417561e-03 4.582401109932816158e-03 5.465618263297429211e-03 4.913303210106882354e-03 7.275911870087888381e-03 9.594698923415176384e-03 6.233076884340275209e-03 8.672231905862850740e-03 9.228410064691845022e-03 5.757756728577943794e-03
2.912137033457428553e-02 1.555137706275746753e-02 1.044180436114707476e-02 8.654526526321641711e-03 4.749554811091892016e-03 5.050743835538086535e-03 3.082637022265370154e-03 4.337612234106393364e-03 2.424513792644614110e-03 2.849609901752920942e-03 1.934738979848803090e-03 3.701244959254418321e-03 2.541134966406145227e-03 3.269262510849494860e-03 4.037850469406395644e-03 7.231261641714043127e-03 9.872449545560831041e-03 1.863781182851321008e-02 2.769401465961113945e-02 2.993783703345358899e-02 2.099576692595267469e-02 1.095384291050547840e-02 7.358203480502629665e-03 5.458726296290008703e-03 4.169700509033767537e-03 3.181686625689771671e-03 4.543096824318027839e-03 4.599781523932457150e-03 6.031615337298191701e-03 6.704518804159921401e-03 5.021336958629891989e-03 8.189033966178921667e-03 6.994920739308960363e-03 9.943002841190156857e-03 6.556673753036963356e-03 8.185354527318224396e-03 5.947492785750833726e-03
6.684744297748502345e-03 1.900215634823292435e-02 1.403162686171917882e-02 1.067109246533101512e-02 1.074662055552410428e-02 7.632050095945808188e-03 8.417835075972521924e-03 5.119925180242511885e-03 5.764704959854629641e-03 3.334335295038807524e-03 4.327244114886966316e-03 2.921783239179390982e-03 4.322192897797716253e-03 4.173008923255222893e-03 3.010189242565975906e-03 3.652186498040989066e-03 2.460453641395013956e-03 2.688428094149747545e-03 3.538204072776208759e-03 8.317968933944253768e-03 2.393717848565136974e-02 2.059364736205681126e-02 1.366661174097998956e-02 9.220475950054436709e-03 7.818081328849877179e-03 8.824588478718316253e-03 5.177871472874149249e-03 8.165586486364520558e-03 6.458021002116372603e-03 7.726062162986237908e-03 9.115306799358017381e-03 7.363343327756602733e-03 1.138943119677328537e-02 9.635613188109520486e-03 1.106290126383403273e-02 9.168645318556215701e-03 8.090329060755317714e-03
1.145768761240499589e-02 8.496595924799768898e-03 1.228832685551712288e-02 2.835378451292273200e-02 3.263812082498122186e-02 4.801801397365868668e-02 2.689745119376621418e-02 1.772894534742981351e-02 1.932929556208714747e-02 1.326798294275862052e-02 2.324471947447580636e-02 1.643110771319521504e-02 1.183432257267508399e-02 9.083426186350313999e-03 7.892403421836545821e-03 4.598279154700717769e-03 2.364611259793571174e-03 2.021030355307817071e-03 4.307621785624282836e-03 8.742996138013306787e-03 9.603514198105051955e-03 2.258346746939029343e-02 3.335626460853736985e-02 2.291433680334935621e-02 1.753114940005640748e-02 1.234460722086794249e-02 1.172376184837128042e-02 7.832902290450723462e-03 8.269471139534963905e-03 6.466405213249000646e-03 5.758233496684906499e-03 1.090971320089255577e-02 6.896132220896014284e-03 9.490114463370911968e-03 9.619932870974160291e-03 1.238671102213269315e-02 9.667920517762690347e-03
3.922186989209374558e-02 2.192064689238060540e-02 1.722713397542389654e-02 7.151646530076518488e-03 2.309823477151932633e-02 1.348236948418636907e-02 4.270973338362213378e-02 6.045873447530350497e-02 3.196012817818712215e-02 4.753416471901599633e-02 4.325174062422583454e-02 5.632166921003611826e-02 6.538409906665063054e-02 7.486900573063462461e-02 6.088832926638392679e-02 3.177399451611677417e-02 1.712792387441352399e-02 1.108749744920948035e-02 7.652770598858256099e-03 8.168886409138946883e-03 1.640159803463873966e-02 2.002856982349970547e-02 2.476376600535143066e-02 4.626345612348366221e-02 4.779114370857615729e-02 6.341724001057028048e-02 7.283888407550014044e-02 4.026132332316143675e-02 2.247573349437145471e-02 3.728257710598399666e-02 6.912307719730567679e-02 8.223131014404863603e-02 4.427390206423790359e-02 2.405360470975325196e-02 1.532513872858226947e-02 1.181761232881131836e-02 1.119530589876742595e-02
1.584022054850620781e-02 3.779368172504984913e-02 4.102709441295381010e-02 4.022298224683534817e-02 1.402262067311406055e-02 1.020734426615892317e-02 5.031199602232224247e-03 2.666861455951055962e-03 1.985071408620640160e-02 7.646238544715503252e-03 5.423157428984961767e-03 2.981849768476821198e-03 2.394523523712226327e-03 1.608539198532837498e-03 2.091485359453241349e-02 5.400194736238184134e-02 7.067861633191994952e-02 3.839190659294043628e-02 1.951283834488980184e-02 9.212534097376668882e-03 7.117460379973561228e-03 3.238170845114834301e-03 2.728339850525470130e-03 3.655776505549489328e-03 1.676008155327967861e-02 1.074302373502708519e-02 7.996058701583279651e-03 4.730687614277644115e-02 6.935285891581487172e-02 5.735870432685304804e-02 2.831693413289168224e-02 1.655145200320939924e-02 2.970972284841402744e-02 2.706331398893193491e-02 2.081599021183459103e-02 1.596508375475541933e-02 1.379245573439645718e-02
3.372012184081577858e-03 3.297873386129321002e-03 1.133016405280165215e-02 1.891928731202976652e-02 1.864842237443109507e-02 1.326872979599907042e-02 8.848487113583314995e-03 8.572946671223673556e-03 1.372356608420203898e-02 1.391784708421537307e-02 6.831098258859576861e-03 4.948121639574381073e-03 2.142955247504282467e-03 1.882634523449171378e-03 8.742451121695673111e-04 1.182445775881666925e-03 5.601936460842471457e-04 1.950019265902341870e-02 1.872108645575444943e-02 1.410842728240329497e-02 1.468835603007827458e-02 1.407639768969602342e-02 8.840254711924641282e-03 5.670404991582856172e-03 3.102393666133734709e-03 1.774107857981925551e-03 6.634190310304532165e-04 1.007196760919203647e-03 5.776101438269628120e-04 1.241859894700849103e-03 7.117814721047813556e-04 1.869980645220838708e-04 1.479284179269451521e-02 2.070439009861142418e-02 2.063066119520365338e-02 1.790660101058487441e-02 2.630178090779509981e-02
6.180642592622518413e-04 8.450911630695482788e-04 2.594392321912774701e-04 2.871040080846041067e-04 1.407616108870959025e-02 2.337194843544386155e-02 3.073746427780854260e-02 3.420754397094967481e-02 3.593617284075185936e-02 2.245547242385829631e-02 1.470095407613083299e-02 8.946138630878140707e-03 7.876938672708519093e-03 3.442349978007895953e-03 3.215075965509122270e-03 3.362561762259114358e-03 2.906971711175340787e-03 1.754276661332657833e-02 3.057183509387800119e-02 3.288928639491105893e-02 2.637768000144081679e-02 1.573100502935285624e-02 1.076740388121608973e-02 7.935308785342490984e-03 6.085374870867799046e-03 1.423475454086933420e-03 1.151830809540824738e-03 1.021442389787686946e-03 1.731670029957832913e-03 7.760622972112188496e-04 4.701382838020756890e-04 1.124640623306783106e-04 9.427751296773955944e-03 3.138932347673260154e-02 2.572794004257369579e-02 2.162986891060747832e-02 1.480459643991869148e-02
9.182133018847196682e-04 7.901157551615525191e-04 5.538705153658488815e-04 4.404371836907994536e-04 4.796570047832890860e-04 3.461121377038976592e-03 2.495437248065814941e-03 1.888083496951123300e-03 6.178807204486098763e-03 1.643882666243176235e-02 1.490752111615941712e-02 1.221987659562637565e-02 9.898985233807318027e-03 8.537956253206720539e-03 5.219828849967710939e-03 9.336694891045290920e-03 8.778585332448587963e-03 9.977008462544375081e-03 1.315431034108411473e-02 1.129288869505220942e-02 8.226395689336540168e-03 1.181910572211152498e-02 1.298314147885252373e-02 1.213907319334625590e-02 7.310028195228929042e-03 6.195999142744828755e-03 3.042284607914146673e-03 2.220672194543280714e-03 1.043535171600180845e-03 1.153499665925924750e-03 7.074630624777998155e-04 7.357167925099267983e-04 6.672513255008203498e-03 4.920457315123538851e-03 2.878837769080144424e-02 2.581179178315209932e-02 1.903619392509432739e-02
8.718290560580015201e-04 1.491827501927006942e-03 4.893090696169281623e-04 4.366072296027297757e-04 1.765751907083474117e-04 1.144924891489342272e-03 8.049370743313175036e-04 1.471286962528591587e-03 3.546538360497940214e-03 9.184553475655941532e-03 1.423939123377928814e-02 1.482512209960336509e-02 2.713492510775839667e-02 1.597586346708743804e-02 1.334011880351520900e-02 4.037515823811607674e-03 2.186376775080030831e-03 2.817331026909434166e-04 4.680128775892471128e-04 5.996732408715737747e-03 7.945401353079837442e-03 1.093815309548264864e-02 1.588720194018817047e-02 1.432464738379597008e-02 1.348306191659042613e-02 7.445511115461810395e-03 5.929468304825709184e-03 2.427783639297549992e-03 1.964577500320834579e-03 1.171088278554519111e-03 2.035174323389961348e-03 1.870138872117959152e-03 2.737895457757032972e-03 1.849592892364653471e-03 1.414213299822607598e-03 2.067378043262220119e-02 2.146504552888682527e-02
5.337508190403018795e-04 1.879173031052738113e-03 8.690173138223176649e-04 4.482367321094801044e-04 5.507763921640983955e-04 5.474784746662717883e-04 1.566116187892144761e-03 1.342131977492926325e-03 2.438454682058020361e-03 4.755367675027143484e-03 8.624673369343860418e-03 1.530911056840017666e-02 9.928845115759784082e-03 2.417742440643778912e-02 1.783853402742615127e-02 1.322080061726554380e-02 5.469528272667402088e-03 4.173254590692551669e-03 2.230731510064845081e-03 4.328715183776797940e-03 7.048203424201252530e-03 5.869074547100294921e-03 3.328384135108992774e-03 8.621135561329982752e-03 8.704863806012663047e-03 1.036755072045299729e-02 5.877005176279740187e-03 5.655769719892929717e-03 3.191782223856032448e-03 1.565341532923825336e-03 1.896209921092164392e-03 1.090786213530453791e-03 9.285713838874685771e-04 1.709022976556472551e-03 5.432620914897716815e-04 3.852092438223468033e-03 1.175408125752403637e-02
1.490518279518516544e-03 9.212684997524675339e-04 2.598627945894624400e-03 1.672894037671433104e-03 1.907065202221546038e-03 3.198261838819851672e-03 3.715705461964836313e-03 3.487414026779054980e-03 2.466968155291126685e-03 3.466143213165844440e-03 5.047215276001514907e-03 4.741017875494231947e-03 4.321700491565459712e-03 9.403893741050888379e-04 9.736740553770958581e-03 8.808107375138476622e-03 9.202454253422011343e-03 4.622263625542374563e-03 4.049717711785152940e-03 2.039455037322990966e-03 1.887522586518986792e-03 2.546570607292773965e-03 2.966030548627982162e-03 5.039119329651340837e-03 9.791876540286410802e-03 7.566790871409897687e-03 8.847442859895608344e-03 5.093865644271220947e-03 4.474353381696500286e-03 3.809386437531539320e-03 1.480268988688109976e-03 1.337885870650981461e-03 8.762572493096047223e-04 9.073800462582007776e-04 1.247827107598540501e-03 1.439694816850679805e-03 8.108789086642411922e-03
1.383362294810040489e-03 2.823807221823091372e-03 2.162032748863019268e-03 1.205457748190995760e-03 1.261789488528433558e-03 1.317327734481681502e-03 2.071868629949657689e-03 4.070602014969520836e-03 4.014010373453055086e-03 4.659076560919442681e-03 4.977781545222176134e-03 4.477974102097279432e-03 3.147512549606009454e-03 2.343137043828720512e-03 5.935722032473895148e-03 9.201154478473139164e-03 6.716863540129527910e-03 7.706337340518717993e-03 4.083578125328021433e-03 4.244146927711856844e-03 1.927992212934213781e-03 2.402200812700232800e-03 3.304543253901357468e-03 5.046343081031508769e-03 7.141924265763103380e-03 9.273886571624286382e-03 6.965644133274976127e-03 8.095916017210920065e-03 6.915911398471518215e-03 5.354810421086826644e-03 4.734527157310425630e-03 1.909610001495857211e-03 1.697065812786424524e-03 1.169208252815154801e-03 2.135889224275449097e-03 8.361075342256514510e-04 3.638694870842415149e-03
6.743952963665839073e-03 1.467345510053133083e-03 1.976730367237358905e-03 6.342939147886315302e-04 1.056397188660780292e-03 8.580934906357300541e-04 1.650007340555253695e-03 1.250412442471505623e-03 4.167104081402435607e-03 6.604554781514728259e-03 9.859855471184191325e-03 5.924104901630981163e-03 6.009559263098365398e-03 5.302758704772632913e-03 5.779290851054790304e-03 6.902475048328863411e-03 8.868308932032196307e-03 5.796186307293088591e-03 6.998743595096653357e-03 4.092112895863012426e-03 4.442406354127729183e-03 3.370870542712076437e-03 2.454172703379152356e-03 3.590591089791589710e-03 3.441906304752429674e-03 5.963903019930664323e-03 8.674691925317614197e-03 8.108335731021470288e-03 1.560004180578410116e-02 2.025080543210507414e-02 2.520029606928798904e-02 2.964056790176289313e-02 3.354858703364029665e-02 1.887588101141450883e-02 1.202869363557177579e-02 7.762156702573040634e-03 8.227392405686317911e-03
9.336863855315395699e-03 3.082804888652967805e-03 1.344316160986399906e-03 1.119993998301153666e-03 5.487826384912140474e-04 5.238855220447901848e-04 8.084222973334242047e-04 2.588609123650402596e-04 2.926109171879316207e-04 9.222082502849402244e-04 2.440918568190775500e-03 7.598204764800660198e-03 7.745635003688924013e-03 6.504989250108802676e-03 5.926738914929162785e-03 6.797315995925345619e-03 5.580844419352595787e-03 7.823402713648300311e-03 5.291257079137138414e-03 8.047184169548991794e-03 4.509937414376939332e-03 4.221778159624897317e-03 4.433343884971888485e-03 2.707909263094596120e-03 4.344527399282351043e-03 4.666180424655338478e-03 9.259743665540935698e-03 1.404296987081697125e-02 9.575222008968211143e-03 7.319673437546586267e-03 4.289271232033597947e-03 4.055884139642399258e-03 1.935151534369167377e-03 1.152442760551545056e-02 1.234854020179407090e-02 1.256506611485582944e-02 1.088831649838827367e-02
1.252586896396169595e-02 2.818935696336966230e-03 2.455549301181406217e-03 8.839394238604301882e-04 9.741107981604541074e-04 2.422992048304398736e-04 2.466580905708722765e-04 2.512234709641468760e-04 2.996116274659895687e-04 7.002426252794956155e-04 6.836334293037040280e-04 6.108131776929814037e-04 3.103636137482535667e-03 5.158223738120205557e-03 6.391486976308312883e-03 5.495637584573970225e-03 7.902977783356903915e-03 5.807452886323701338e-03 7.695705927863628545e-03 4.294525377702595320e-03 6.357327342892226188e-03 5.553425996856911108e-03 5.322000076295982894e-03 6.568813003316745919e-03 5.659350209547263713e-03 6.268748702615655963e-03 4.181428001204248561e-03 4.423083541730823791e-03 2.826052663031829431e-03 1.828226103718282730e-03 1.394142689270455072e-03 4.246698010065045291e-04 1.261176971999817143e-03 5.616441504423830625e-03 9.248162753092196986e-03 7.533929782818932913e-03 1.103268130460266505e-02
1.188985257326054257e-02 8.188714003922837464e-03 7.014543018086549439e-03 6.173637623917533138e-03 6.569627509085046229e-04 2.237458538172388276e-04 7.563591480757878103e-04 4.580824959597820417e-04 1.178906264917935941e-04 2.163810286734575163e-04 4.089920314660266737e-04 5.496940500366259783e-04 2.971119484708904454e-03 4.522539773940035222e-03 7.396283161878595622e-03 7.192940266965073409e-03 6.282653946958818673e-03 8.853851681787637887e-03 6.228406264552479449e-03 7.473924401976724322e-03 4.871375925356510872e-03 5.263350765066242970e-03 5.233915676043793437e-03 3.725996328051252478e-03 4.931556059790052383e-03 3.328946046959660281e-03 4.475468365489109271e-03 2.711361015541368345e-03 4.343861717744507676e-04 3.279081268685460153e-04 3.812792430639990967e-04 3.751137454961436563e-04 6.931069971295579328e-04 5.163430035874885630e-03 5.393278366086783765e-03 9.626721773786550002e-03 8.178307623705640197e-03
