output/water_depth_10440.asc
ncols 223
nrows 158
xllcorner 0.0
yllcorner 0.0
cellsize 30.0
[rows 68 to 84 of 158, columns 37 to 73 of 223]
1.000000000000000021e-08 1.000000000000000021e-08 1.000000000000000021e-08 1.000000000000000021e-08 1.000000000000000021e-08 1.000000000000000021e-08 1.000000000000000021e-08 1.000000000000000021e-08 1.000000000000000021e-08 1.000000000000000021e-08 1.000000000000000021e-08 1.000000000000000021e-08 1.000000000000000021e-08 1.000000000000000021e-08 1.419913082851070300e-05 1.000000000000000021e-08 1.000000000000000021e-08 1.000000000000000021e-08 1.091038783653016988e-05 1.000000000000000021e-08 1.000000000000000021e-08 1.000000000000000021e-08 1.521965986245664354e-05 1.076761589963512369e-03 2.082469816081942624e-04 1.000000000000000021e-08 1.000000000000000021e-08 1.000000000000000021e-08 1.000000000000000021e-08 1.000000000000000021e-08 1.000000000000000021e-08 1.000000000000000021e-08 1.000000000000000021e-08 1.000000000000000021e-08 1.000000000000000021e-08 1.000000000000000021e-08 1.000000000000000021e-08
1.000000000000000021e-08 1.000000000000000021e-08 1.000000000000000021e-08 1.000000000000000021e-08 1.000000000000000021e-08 1.000000000000000021e-08 1.000000000000000021e-08 1.000000000000000021e-08 1.000000000000000021e-08 1.452936567153020351e-05 2.020768617044998636e-05 1.000000000000000021e-08 1.000000000000000021e-08 1.296526109587748483e-05 1.573874520544882259e-05 1.000000000000000021e-08 1.000000000000000021e-08 1.000000000000000021e-08 1.000000000000000021e-08 1.000000000000000021e-08 1.000000000000000021e-08 1.000000000000000021e-08 1.356235046307302645e-05 2.284958605008418465e-05 1.186493964998196123e-04 8.539911341264448848e-04 1.000000000000000021e-08 1.000000000000000021e-08 1.000000000000000021e-08 1.000000000000000021e-08 1.000000000000000021e-08 1.000000000000000021e-08 3.337033937738744015e-05 2.522359080577661465e-04 3.974922533203405022e-04 4.274024958916630853e-04 3.421630626013656435e-04
1.000000000000000021e-08 1.000000000000000021e-08 1.000000000000000021e-08 1.000000000000000021e-08 1.000000000000000021e-08 1.000000000000000021e-08 1.000000000000000021e-08 1.000000000000000021e-08 1.623761817711781927e-05 1.790046158998112363e-05 1.677034943428079707e-05 2.939410410049636085e-05 1.746774108487533488e-05 1.493007432939214825e-05 1.266755737963343086e-05 1.348793598862135093e-05 3.044500039947106230e-05 1.000000000000000021e-08 1.000000000000000021e-08 1.000000000000000021e-08 1.000000000000000021e-08 2.510123368973375164e-05 1.327823849868544181e-05 1.936629043735587445e-05 1.000000000000000021e-08 1.000000000000000021e-08 1.000000000000000021e-08 1.000000000000000021e-08 1.000000000000000021e-08 1.651083575713225188e-05 1.618780039513593449e-05 2.086723312872932495e-04 3.303118548566575914e-04 3.428339224328812336e-04 3.316667160214096903e-04 3.587979665227374959e-04 4.916561367571700789e-04
1.000000100000000021e-05 1.831764965229998082e-05 1.000000000000000021e-08 1.000000000000000021e-08 1.000000000000000021e-08 1.000000000000000021e-08 1.000000000000000021e-08 1.000000000000000021e-08 1.000000000000000021e-08 1.000000000000000021e-08 1.000000000000000021e-08 1.408716883135846064e-05 3.874656678537574493e-05 3.029099976134973614e-05 2.801572977086401375e-05 3.692785588048719063e-05 1.330774301574808157e-04 2.875185591611410080e-04 1.551196457712832391e-04 1.069826882172472156e-04 6.500113909973950863e-05 1.074315833549866124e-04 1.351378525969125109e-03 9.994675702064471944e-05 5.545702171120087213e-05 1.000000000000000021e-08 1.000000000000000021e-08 1.000000000000000021e-08 1.000000000000000021e-08 4.609529506410250336e-05 1.011150303464833659e-04 2.631333641638800166e-04 2.901602464331538042e-04 2.654904311803042509e-04 2.666676185431321325e-04 3.331769367704472606e-04 3.603233129609731758e-04
1.928767817030432392e-05 4.502534972269307584e-05 2.752894347885761952e-05 1.620256819794893549e-05 1.000000000000000021e-08 1.000000000000000021e-08 1.000000000000000021e-08 1.000000000000000021e-08 7.391268079372249596e-05 5.779105941289610775e-05 1.000000000000000021e-08 1.000000000000000021e-08 7.021333521534419808e-05 1.426293899279205111e-04 1.707354151741065579e-04 1.867727218020680735e-04 1.675343329250992988e-04 1.419137282620322709e-04 2.058334907908341269e-04 1.841200526719376858e-04 1.468236144382259933e-04 7.270176609601349807e-05 1.664149767245755231e-04 1.598790534482472710e-04 1.389248666944720362e-04 1.000000000000000021e-08 3.896437198603008270e-04 3.766428629285357055e-04 5.160850774035612111e-04 4.849867287986533385e-04 7.498732569742646431e-04 3.740880689489732808e-04 3.039288207670903818e-04 2.489950470261436777e-04 1.896342793860439162e-04 1.467009357142023984e-04 1.699847234658827461e-04
2.516165263545749206e-05 1.702681047576372065e-05 3.623066467503076435e-05 1.000000000000000021e-08 1.000000000000000021e-08 1.000000000000000021e-08 1.000000000000000021e-08 1.886635076078223790e-05 8.690523808967587274e-05 1.498106042546691185e-04 9.521708086888712788e-05 1.082678059812556117e-04 9.702303331699953215e-05 9.617471205390838067e-05 6.335967967483633809e-05 5.866681137785947556e-05 4.756447113600576528e-05 3.873465180468349501e-05 2.952862422275089773e-05 1.640156122074989909e-04 2.036820280328402422e-04 1.682533611940575089e-04 1.308338133801592725e-04 3.662921684726367158e-04 4.216045838496786840e-04 5.375448261493384356e-04 3.427845622836905317e-04 2.110489034505260363e-04 1.483962697142687348e-04 1.211917884032765683e-04 8.113261041431191949e-05 6.402713421287802313e-05 4.731219459307454750e-05 3.907110065975422623e-05 4.224047705519741051e-05 3.401496436332342600e-05 3.095451984074654161e-05
8.389434066506245040e-05 1.036132669770801720e-04 1.138474559755768995e-04 1.253869172735425856e-04 1.415533643887620212e-04 2.085071595033397365e-04 2.280554481558211125e-04 2.143314296907394834e-04 1.553341398354834166e-04 1.000000000000000021e-08 1.000000000000000021e-08 1.000000000000000021e-08 1.000000000000000021e-08 1.000000000000000021e-08 1.000000000000000021e-08 1.000000000000000021e-08 1.042773418808360475e-05 1.028912892403714555e-05 1.000000000000000021e-08 1.000000000000000021e-08 1.000000000000000021e-08 1.202507641181543391e-04 2.075843706686351594e-04 2.664618840179458232e-04 2.341697651695917709e-05 1.000000000000000021e-08 1.000000000000000021e-08 1.000000000000000021e-08 1.000000000000000021e-08 1.057077718527549515e-05 1.300453626977340453e-05 1.307454359529226934e-05 1.055671601131675372e-05 1.007147741825440050e-05 1.159825806986163476e-05 1.053348082778004115e-05 1.000000000000000021e-08
8.252027279972986521e-04 4.902728274973889547e-05 3.879281184730149981e-05 3.428910449090638205e-05 2.997714503223687570e-05 2.341865156259456649e-05 1.985018562124461332e-05 1.000000000000000021e-08 1.000000000000000021e-08 1.000000000000000021e-08 1.000000000000000021e-08 1.000000000000000021e-08 1.000000000000000021e-08 1.000000000000000021e-08 1.000000000000000021e-08 1.000000000000000021e-08 1.225397313323136172e-05 1.640548866346399528e-05 1.537620481927905677e-05 1.560560972664872141e-05 1.604521909074917071e-05 2.019581835358307865e-05 5.238283329995882851e-05 1.146577056106912617e-05 1.000000000000000021e-08 1.000000000000000021e-08 1.000000000000000021e-08 1.000000000000000021e-08 1.000000000000000021e-08 1.000000000000000021e-08 1.000000000000000021e-08 1.224571833855014594e-05 1.152139151091452733e-05 1.174756991875940349e-05 1.000000000000000021e-08 1.000000000000000021e-08 1.000000000000000021e-08
1.170570326612335277e-05 2.279871551875889462e-05 1.000000000000000021e-08 1.000000000000000021e-08 1.000000000000000021e-08 1.000000000000000021e-08 1.000000000000000021e-08 1.000000000000000021e-08 1.000000000000000021e-08 1.000000000000000021e-08 1.000000000000000021e-08 1.000000000000000021e-08 1.000000000000000021e-08 1.000000000000000021e-08 1.000000000000000021e-08 1.000000000000000021e-08 1.000000000000000021e-08 2.931642653646485838e-05 3.068556018629102608e-05 2.513226766486510136e-05 2.916208966261831949e-05 6.562332823639745855e-05 1.134460797767721408e-05 1.000000000000000021e-08 1.000000000000000021e-08 1.000000000000000021e-08 1.000000000000000021e-08 1.000000000000000021e-08 1.000000000000000021e-08 1.000000000000000021e-08 1.000000000000000021e-08 1.000000000000000021e-08 1.000000000000000021e-08 1.282376159495738118e-05 1.312736322792747863e-05 1.082972404399973596e-05 1.033782194707498405e-05
1.000000000000000021e-08 1.579356901413957103e-05 2.239969559714739394e-05 1.610395005332670429e-05 1.943473870126195439e-05 2.763674685665558546e-05 2.441365945997856291e-05 1.966148931734594332e-05 1.661303955537297956e-05 1.331886626108874870e-05 1.217483890287562684e-05 1.089812487219766987e-05 1.252756675693996541e-05 1.228591011345753006e-05 1.290739851432369341e-05 1.150216075727398595e-05 1.814162829497359536e-05 2.944315417165369714e-05 3.313087681165951566e-05 3.727942510990460786e-05 3.452007696489394579e-05 8.153945776601494709e-05 7.157550061367195442e-05 1.000000000000000021e-08 1.000000000000000021e-08 1.000000000000000021e-08 1.000000000000000021e-08 1.000000000000000021e-08 1.000000000000000021e-08 1.000000000000000021e-08 1.000000000000000021e-08 1.000000000000000021e-08 1.135711146997973767e-05 1.674087205810520759e-05 1.938719756996770257e-05 1.906415327069018240e-05 2.733050492103564723e-05
1.000000000000000021e-08 1.480147862933882753e-05 2.102844666393524856e-05 1.000000000000000021e-08 1.079556548359050973e-05 2.056133766463877488e-05 4.223561192624014610e-05 3.425595528971033562e-05 3.239788728880160394e-05 1.000000000000000021e-08 3.918552881473396423e-05 6.084929164764790586e-05 6.248461189877595873e-05 7.811238954410975135e-05 9.631715523462216013e-05 1.038758164056333139e-04 9.573092821191169052e-05 9.462431536628452655e-05 1.111619533676215440e-04 8.178840880912076187e-05 6.516186276735534265e-05 7.274335821033992141e-05 1.125018510313074494e-04 1.000000000000000021e-08 1.000000000000000021e-08 1.000000000000000021e-08 1.000000000000000021e-08 1.000000000000000021e-08 1.000000000000000021e-08 1.000000000000000021e-08 1.025102628809683900e-05 1.243797410213060363e-05 1.470564791492929957e-05 1.000000000000000021e-08 1.445497614015513741e-05 1.914158958875038539e-05 1.591663836092537378e-05
1.117227843155712317e-05 1.739740065281575023e-05 1.979941455780588735e-05 1.875561271169517486e-05 1.449452196219370768e-05 1.332527574946319927e-05 1.076869537079820050e-05 3.570157263866081672e-05 7.112141137751458507e-05 4.270300466567165178e-05 3.542746655824537111e-05 2.930058204004227579e-05 3.887699667235116165e-05 3.652850279611850811e-05 1.000000000000000021e-08 1.000000000000000021e-08 1.000000000000000021e-08 1.000000000000000021e-08 1.000000000000000021e-08 1.000000000000000021e-08 1.000000000000000021e-08 4.607093831887360008e-05 1.082775238315814036e-04 1.000000000000000021e-08 1.000000000000000021e-08 1.000000000000000021e-08 1.033103254386415387e-05 1.000000000000000021e-08 1.000000000000000021e-08 1.000000000000000021e-08 1.128232221800394154e-05 1.429708771310411103e-05 1.647199409853833559e-05 1.000000000000000021e-08 1.000000000000000021e-08 1.000000000000000021e-08 1.000000000000000021e-08
1.453044389104137238e-05 1.770888898240609134e-05 1.534079474955054521e-05 1.000000000000000021e-08 1.000000000000000021e-08 1.000000000000000021e-08 1.000000000000000021e-08 1.000000000000000021e-08 1.000000000000000021e-08 1.000000000000000021e-08 1.000000000000000021e-08 1.000000000000000021e-08 1.000000000000000021e-08 1.000000000000000021e-08 1.000000000000000021e-08 1.000000000000000021e-08 1.000000000000000021e-08 1.000000000000000021e-08 1.000000000000000021e-08 1.000000000000000021e-08 1.000000000000000021e-08 4.109770096450748378e-05 1.093315013403080001e-04 7.649141184778211159e-05 5.032395460441250475e-05 3.089582652474918365e-05 2.949018688886169342e-05 1.249764400758302937e-05 1.000000000000000021e-08 1.000000000000000021e-08 1.189968768411748641e-05 1.693693700768903132e-05 1.000000000000000021e-08 1.000000000000000021e-08 1.000000000000000021e-08 1.000000000000000021e-08 1.000000000000000021e-08
1.000000000000000021e-08 1.071352175381729069e-05 1.000000000000000021e-08 1.000000000000000021e-08 1.000000000000000021e-08 1.000000000000000021e-08 1.000000000000000021e-08 1.000000000000000021e-08 1.000000000000000021e-08 1.000000000000000021e-08 1.000000000000000021e-08 1.000000000000000021e-08 1.000000000000000021e-08 1.000000000000000021e-08 1.000000000000000021e-08 1.000000000000000021e-08 1.000000000000000021e-08 1.000000000000000021e-08 1.000000000000000021e-08 1.000000000000000021e-08 1.000000000000000021e-08 1.000000000000000021e-08 1.000000000000000021e-08 6.576103434687119551e-05 6.139507153850201453e-05 5.070103975600007476e-05 3.985110104722386023e-05 1.000000000000000021e-08 1.000000000000000021e-08 1.000000000000000021e-08 1.000000000000000021e-08 1.000000000000000021e-08 1.000000000000000021e-08 1.000000000000000021e-08 1.000000000000000021e-08 1.000000000000000021e-08 1.000000000000000021e-08
1.000000000000000021e-08 1.000000000000000021e-08 8.803025277855164787e-04 4.765259743520120189e-05 3.971504305761077585e-05 1.000000000000000021e-08 1.000000000000000021e-08 1.000000000000000021e-08 1.000000000000000021e-08 1.000000000000000021e-08 1.000000000000000021e-08 1.000000000000000021e-08 1.198258442553510967e-05 1.950986432582145789e-05 2.593278634894588354e-05 2.437289820122003520e-05 1.998439175380579397e-05 1.636934917628668233e-05 1.507829434686322710e-05 1.000000000000000021e-08 1.321408755777985636e-05 3.425762032854813246e-05 5.838629775726410291e-05 1.046647252070827532e-04 1.541970680161338638e-04 1.302935839618699564e-04 1.328884551349121589e-04 8.117035570801735939e-05 4.772309382234676633e-05 3.131129125219193893e-05 1.000000000000000021e-08 1.000000000000000021e-08 1.000000000000000021e-08 1.000000000000000021e-08 1.000000000000000021e-08 1.000000000000000021e-08 1.000000000000000021e-08
1.000000000000000021e-08 1.000000000000000021e-08 1.016202949330855252e-05 1.407952245413756490e-05 1.000000000000000021e-08 1.000000000000000021e-08 1.000000000000000021e-08 1.000000000000000021e-08 1.000000000000000021e-08 1.000000000000000021e-08 1.000000000000000021e-08 1.000000000000000021e-08 1.000000000000000021e-08 1.000000000000000021e-08 1.000000000000000021e-08 2.363928835597898902e-05 3.879590053895631618e-05 3.593718429224475249e-05 3.169895334082562145e-05 3.149877553188118207e-05 3.717423055713505641e-05 3.276456261767601944e-05 5.093164547143939734e-05 6.131806141101463149e-05 5.163527687969456255e-05 1.283885649746884026e-04 1.776757383631011517e-04 2.122082620610071162e-04 2.373594130836851257e-04 1.661138353921776752e-04 1.248369169409391341e-04 1.000000000000000021e-08 1.000000000000000021e-08 1.000000000000000021e-08 1.000000000000000021e-08 1.000000000000000021e-08 1.000000000000000021e-08
1.000000000000000021e-08 1.000000000000000021e-08 1.000000000000000021e-08 1.000000000000000021e-08 1.196965904650689398e-05 1.000000000000000021e-08 1.000000000000000021e-08 1.000000000000000021e-08 1.000000000000000021e-08 1.000000000000000021e-08 1.000000000000000021e-08 1.000000000000000021e-08 1.000000000000000021e-08 1.000000000000000021e-08 1.000000000000000021e-08 1.000000000000000021e-08 1.000000000000000021e-08 1.000000000000000021e-08 2.470374028295349198e-05 3.896042559858484366e-05 5.209868539080300621e-05 6.796478457209365531e-05 5.645851986327712853e-05 4.574577138421065408e-05 1.000000000000000021e-08 1.000000000000000021e-08 1.000000000000000021e-08 1.000000000000000021e-08 1.890365916064339440e-05 1.558285620377546608e-04 1.809973452695027283e-04 1.530063560488870611e-04 1.000000000000000021e-08 1.000000000000000021e-08 1.000000000000000021e-08 1.000000000000000021e-08 1.000000000000000021e-08
