output/water_depth_6000.asc
ncols 223
nrows 158
xllcorner 0.0
yllcorner 0.0
cellsize 30.0
[rows 136 to 152 of 158, columns 0 to 36 of 223]
1.000000100000000021e-05 1.000000100000000021e-05 1.000000100000000021e-05 1.000000100000000021e-05 1.000000100000000021e-05 1.000000100000000021e-05 1.000000100000000021e-05 1.000000100000000021e-05 1.000000100000000021e-05 1.000000100000000021e-05 1.000000100000000021e-05 1.000000100000000021e-05 1.000000100000000021e-05 1.000000000000000021e-08 1.000000000000000021e-08 1.000000000000000021e-08 1.551102532538082483e-05 1.545007493486098572e-05 1.000000000000000021e-08 1.000000000000000021e-08 1.000000000000000021e-08 1.000000000000000021e-08 1.000000000000000021e-08 1.000000000000000021e-08 1.000000000000000021e-08 1.000000000000000021e-08 1.000000000000000021e-08 1.000000000000000021e-08 1.382727901816414023e-05 4.466994757778692236e-05 3.691918743034295773e-05 7.233211865990436936e-05 4.140801466726138394e-05 6.267638359340540631e-05 9.482223281083501708e-05 1.000000000000000021e-08 1.000000000000000021e-08
1.000000100000000021e-05 1.000000100000000021e-05 1.000000100000000021e-05 1.000000100000000021e-05 1.000000100000000021e-05 1.000000100000000021e-05 1.000000100000000021e-05 1.000000100000000021e-05 1.000000100000000021e-05 1.000000100000000021e-05 1.000000100000000021e-05 1.000000100000000021e-05 1.000000100000000021e-05 1.000000000000000021e-08 1.000000000000000021e-08 1.000000000000000021e-08 1.077116695903778571e-05 1.000000000000000021e-08 1.000000000000000021e-08 1.000000000000000021e-08 1.000000000000000021e-08 1.000000000000000021e-08 1.000000000000000021e-08 1.000000000000000021e-08 1.000000000000000021e-08 1.000000000000000021e-08 1.000000000000000021e-08 1.017001245405817984e-05 4.435163819759081928e-05 3.866628029995548626e-05 7.487379804376395197e-05 4.863311917626845647e-05 6.264924490632550107e-05 3.282104427100349217e-05 5.581407745095401401e-05 1.000000000000000021e-08 1.000000000000000021e-08
1.000000100000000021e-05 1.000000100000000021e-05 1.000000100000000021e-05 1.000000100000000021e-05 1.000000100000000021e-05 1.000000100000000021e-05 1.000000100000000021e-05 1.000000100000000021e-05 1.764040723259926955e-05 2.979136471587228631e-05 4.515249157307181646e-05 6.194971496247031657e-05 5.372049583105313679e-05 1.000000000000000021e-08 1.000000000000000021e-08 1.000000000000000021e-08 1.000000000000000021e-08 1.000000000000000021e-08 1.000000000000000021e-08 1.000000000000000021e-08 1.000000000000000021e-08 1.000000000000000021e-08 1.000000000000000021e-08 1.000000000000000021e-08 1.000000000000000021e-08 1.000000000000000021e-08 1.000000000000000021e-08 3.273841036332625701e-05 4.198907561086179024e-05 8.074550881108651210e-05 4.977348803422740293e-05 8.354461165889764257e-05 2.558511429068849210e-05 4.438273958392706273e-05 1.626200135074844629e-05 1.000000000000000021e-08 1.000000000000000021e-08
1.000000100000000021e-05 1.000000100000000021e-05 1.000000100000000021e-05 1.000000100000000021e-05 1.000000100000000021e-05 1.000000100000000021e-05 1.000000100000000021e-05 1.000000100000000021e-05 1.000000100000000021e-05 1.000000000000000021e-08 1.000000000000000021e-08 1.000000000000000021e-08 3.656245745712246860e-05 3.554700235742988817e-05 3.789528620455627267e-05 3.242214879877940517e-05 3.054220090598623073e-05 2.948255888078868712e-05 2.758633771563420508e-05 3.342437459326901190e-05 2.798204868409005815e-05 1.000000000000000021e-08 1.000000000000000021e-08 1.000000000000000021e-08 1.000000000000000021e-08 1.000000000000000021e-08 2.205554352933378247e-05 3.865545243022052747e-05 1.038450988907070713e-04 5.354718048949567798e-05 8.158483286298725949e-05 6.521800570263223918e-05 1.000000000000000021e-08 1.000000000000000021e-08 1.783925200502383963e-05 1.000000000000000021e-08 1.000000000000000021e-08
1.000000100000000021e-05 1.000000100000000021e-05 1.000000100000000021e-05 1.000000100000000021e-05 1.000000100000000021e-05 1.000000100000000021e-05 1.000000100000000021e-05 1.000000100000000021e-05 1.000000100000000021e-05 1.000000000000000021e-08 1.000000000000000021e-08 1.000000000000000021e-08 3.128064618960377073e-05 4.362112308894824209e-05 4.993221824356415322e-05 4.705740993984049641e-05 4.829306980861540407e-05 5.672429408234077610e-05 8.630577563092448599e-05 1.236863101423059017e-04 1.000000000000000021e-08 1.000000000000000021e-08 1.000000000000000021e-08 1.000000000000000021e-08 1.000000000000000021e-08 2.891330080227459109e-05 2.600506183323586415e-05 1.037282866341459638e-04 8.448873516246139235e-05 7.115066988702790994e-05 5.734803476168146919e-05 1.000000000000000021e-08 1.000000000000000021e-08 1.000000000000000021e-08 1.596325890489578236e-05 1.000000000000000021e-08 1.000000000000000021e-08
1.000000100000000021e-05 1.000000100000000021e-05 1.000000100000000021e-05 1.000000100000000021e-05 1.000000100000000021e-05 1.000000100000000021e-05 1.000000100000000021e-05 1.000000100000000021e-05 1.000000100000000021e-05 1.000000000000000021e-08 1.000000000000000021e-08 1.440098207901586890e-05 3.333191307154792510e-05 1.000000000000000021e-08 1.000000000000000021e-08 4.419763849109264943e-05 5.333181852682929137e-05 1.000000000000000021e-08 1.700074764747310291e-05 2.122579939825194387e-05 1.000000000000000021e-08 1.000000000000000021e-08 1.000000000000000021e-08 1.000000000000000021e-08 4.864884925988037561e-05 4.529461676197762775e-05 5.537178226687365569e-05 9.693585631270839698e-05 1.719729217698710432e-04 1.000000000000000021e-08 1.966269291408833636e-05 1.000000000000000021e-08 1.000000000000000021e-08 1.000000000000000021e-08 1.189969273879559294e-05 1.000000000000000021e-08 1.000000000000000021e-08
1.000000100000000021e-05 1.000000100000000021e-05 1.000000100000000021e-05 1.000000100000000021e-05 1.000000100000000021e-05 1.000000100000000021e-05 1.000000100000000021e-05 1.000000100000000021e-05 1.000000100000000021e-05 1.000000000000000021e-08 1.344318366483192561e-05 2.203647828773587381e-05 3.977974664154960554e-05 3.182325177659865099e-05 2.341854440741241881e-05 4.096641104036006088e-05 1.000000000000000021e-08 1.000000000000000021e-08 1.000000000000000021e-08 1.000000000000000021e-08 1.000000000000000021e-08 1.000000000000000021e-08 1.000000000000000021e-08 1.000000000000000021e-08 1.000000000000000021e-08 5.301990519187511149e-05 6.445495767243996938e-05 2.596819232343155451e-04 1.593024112420381313e-05 1.000000000000000021e-08 1.011610012856040044e-05 3.325430047532479432e-05 2.924557897203726643e-05 1.000000000000000021e-08 1.000000000000000021e-08 1.000000000000000021e-08 1.000000000000000021e-08
1.000000100000000021e-05 1.000000100000000021e-05 1.000000100000000021e-05 1.000000100000000021e-05 1.000000100000000021e-05 1.000000100000000021e-05 1.000000100000000021e-05 1.000000100000000021e-05 1.000000100000000021e-05 2.395954992927356545e-05 4.256536126577800433e-05 8.192609875895941283e-05 8.360590375170138817e-05 7.415176298548057038e-05 5.853981536017205574e-05 1.000000000000000021e-08 1.531492809124729979e-05 5.045673240626570078e-05 3.478258015967707431e-05 1.000000000000000021e-08 1.000000000000000021e-08 1.000000000000000021e-08 1.000000000000000021e-08 1.362420242119353954e-04 1.000000000000000021e-08 6.280278157120774973e-05 1.571351965772546427e-04 1.308038110769551654e-04 1.516903598342191496e-04 1.021921149327796835e-04 1.000000000000000021e-08 1.874627785362841079e-05 1.376340009212071758e-05 1.000000000000000021e-08 1.000000000000000021e-08 1.000000000000000021e-08 1.000000000000000021e-08
1.000000100000000021e-05 1.000000100000000021e-05 1.000000100000000021e-05 1.000000100000000021e-05 1.000000100000000021e-05 1.000000100000000021e-05 1.000000100000000021e-05 1.000000100000000021e-05 1.000000100000000021e-05 1.000000100000000021e-05 1.000000100000000021e-05 1.000000100000000021e-05 5.676795452668366708e-05 1.453930788971605963e-04 3.022931162364048607e-04 1.669980240252417461e-04 6.188028664855692784e-04 5.998388468361163552e-03 1.219027064438655064e-03 1.456935132104617571e-05 1.000000000000000021e-08 1.162072613328411879e-05 1.604542673974589917e-05 1.240401348950492984e-03 1.670310489590585892e-03 2.052671104421786483e-04 1.633526142986093939e-04 1.326439649532828568e-04 1.190898107012383568e-04 1.000000000000000021e-08 2.714657700829949547e-05 1.000000000000000021e-08 1.000000000000000021e-08 1.000000000000000021e-08 1.000000000000000021e-08 1.000000000000000021e-08 1.000000000000000021e-08
1.000000100000000021e-05 1.000000100000000021e-05 1.000000100000000021e-05 1.000000100000000021e-05 1.000000100000000021e-05 1.000000100000000021e-05 1.000000100000000021e-05 1.000000100000000021e-05 1.000000100000000021e-05 1.000000100000000021e-05 1.000000100000000021e-05 1.000000100000000021e-05 6.357668207894576250e-05 2.320228754342886412e-04 3.933292442317125868e-04 5.431555309732054261e-04 4.238804302106645243e-04 2.817915927957095326e-04 8.049171016545500143e-03 1.791783580855039765e-03 1.900767992205612631e-03 1.645865459672556357e-03 1.019476324846836472e-02 1.293990275379910786e-03 9.879654605857920990e-04 1.294657270444786847e-03 1.102172196188942293e-04 4.897328918445084743e-05 2.462548152969036761e-05 2.111239056497678373e-05 1.269158207739939536e-05 1.000000000000000021e-08 1.000000000000000021e-08 1.000000000000000021e-08 1.000000000000000021e-08 1.000000000000000021e-08 1.315885866203280187e-05
1.000000100000000021e-05 1.000000100000000021e-05 1.000000100000000021e-05 1.000000100000000021e-05 1.000000100000000021e-05 1.000000100000000021e-05 1.000000100000000021e-05 1.000000100000000021e-05 1.000000100000000021e-05 1.000000100000000021e-05 1.000000100000000021e-05 1.000000100000000021e-05 1.073204208259026445e-04 1.946175725384599901e-03 1.935293814013972098e-04 1.545896250106368938e-04 2.213267591669285957e-05 2.162708737237437198e-05 2.066611588649690641e-05 2.242870201259394646e-05 7.557537862022072723e-05 2.388112134771798283e-03 1.000000000000000021e-08 1.000000000000000021e-08 1.000000000000000021e-08 7.124002542651631468e-04 5.374969215173205049e-04 3.138768949285996386e-04 2.584166094021173379e-04 6.415915792305311373e-05 1.000000000000000021e-08 1.000000000000000021e-08 1.000000000000000021e-08 1.000000000000000021e-08 1.199356132736011927e-05 1.209710144849388028e-05 1.297962950548026343e-05
1.000000100000000021e-05 1.000000100000000021e-05 1.000000100000000021e-05 1.000000100000000021e-05 1.000000100000000021e-05 1.000000100000000021e-05 1.000000100000000021e-05 1.000000100000000021e-05 1.000000100000000021e-05 1.000000100000000021e-05 1.000000100000000021e-05 1.000000100000000021e-05 1.000000100000000021e-05 8.890891234621906372e-05 1.100516216550509707e-04 1.138071157383714859e-05 1.570321787807291567e-05 1.000000000000000021e-08 1.000000000000000021e-08 1.000000000000000021e-08 8.681763816223118122e-05 1.140480325087042684e-04 2.051140619667800975e-04 4.515415139681909973e-04 5.662637100703888900e-04 1.102730593539021434e-03 1.320521871819343345e-03 1.969091644144214167e-03 1.641876226639068723e-02 4.502403917540944545e-05 8.768382652971430690e-05 1.073836352000137408e-05 1.224880098979848910e-05 1.827628905503471187e-05 1.974076880090149490e-05 1.979971694955118456e-05 2.018512525241699326e-05
1.000000100000000021e-05 1.000000100000000021e-05 1.000000100000000021e-05 1.000000100000000021e-05 1.000000100000000021e-05 1.000000100000000021e-05 1.000000100000000021e-05 1.000000100000000021e-05 1.000000100000000021e-05 1.000000100000000021e-05 1.000000100000000021e-05 1.000000100000000021e-05 1.000000100000000021e-05 5.442442273023660455e-05 7.626982641452567690e-05 1.439924048028443919e-05 4.190414770254602585e-05 6.718766768357138750e-05 1.133964356872495667e-04 1.575065253706024022e-04 1.308407731788974128e-04 9.590888484165676351e-05 1.047973752494852999e-04 4.863908068464911595e-04 2.318953852002493305e-04 1.000000000000000021e-08 1.019670779368614405e-04 1.053961924982430996e-04 1.253592980054352678e-02 3.067706255994266055e-03 1.825621884641814158e-03 1.180250155288880371e-03 9.947011371330374179e-05 6.184820519891980539e-04 3.073153137026419959e-04 2.095033546619138676e-04 1.000000000000000021e-08
1.000000100000000021e-05 1.000000100000000021e-05 1.000000100000000021e-05 1.000000100000000021e-05 1.000000100000000021e-05 1.000000100000000021e-05 1.000000100000000021e-05 1.000000100000000021e-05 1.000000100000000021e-05 1.000000100000000021e-05 1.000000100000000021e-05 1.000000100000000021e-05 1.000000100000000021e-05 6.833810157942284689e-05 1.000000000000000021e-08 1.000000000000000021e-08 1.000000000000000021e-08 1.000000000000000021e-08 1.536321937007483821e-05 2.146743697872126693e-05 2.523720423205507457e-05 2.621226692192437502e-05 1.645750518750755130e-05 4.596979961766190729e-04 1.000000000000000021e-08 3.533615849980095952e-05 2.688190434163285859e-05 3.952427044956569285e-05 3.421655608146071705e-05 2.825617927277432784e-05 1.429688354416573486e-03 2.318255624871037803e-04 4.169612847643842544e-04 2.396070215230076961e-03 2.875510779975767092e-03 3.252912886179218713e-03 3.460753338862225179e-03
1.000000100000000021e-05 1.000000100000000021e-05 1.000000100000000021e-05 1.000000100000000021e-05 1.000000100000000021e-05 1.000000100000000021e-05 1.000000100000000021e-05 1.000000100000000021e-05 1.000000100000000021e-05 1.000000100000000021e-05 1.000000100000000021e-05 1.000000100000000021e-05 1.000000100000000021e-05 2.734719462751464343e-05 3.571362631133682687e-05 1.734599483019977326e-05 1.000000000000000021e-08 1.000000000000000021e-08 1.000000000000000021e-08 1.000000000000000021e-08 1.270500416711132712e-05 3.804550241858466056e-05 3.547279769192693017e-03 6.152941889429288562e-04 1.065120549721697599e-04 5.196337419440264025e-05 5.654429557907574103e-05 3.918050986447992859e-05 1.000000000000000021e-08 1.000000000000000021e-08 2.889106425053743947e-04 3.296059288562272981e-04 1.577792001386696050e-03 1.319023834609962852e-03 1.058634976932066847e-03 6.988523772302304747e-04 4.762605450066022505e-05
1.000000100000000021e-05 1.000000100000000021e-05 1.000000100000000021e-05 1.000000100000000021e-05 1.000000100000000021e-05 1.000000100000000021e-05 1.000000100000000021e-05 1.000000100000000021e-05 1.000000100000000021e-05 1.000000100000000021e-05 1.000000100000000021e-05 1.000000100000000021e-05 1.000000100000000021e-05 1.313397847480987827e-05 1.599041572001876738e-05 1.287549220833408283e-05 1.000000000000000021e-08 1.000000000000000021e-08 1.000000000000000021e-08 1.000000000000000021e-08 1.000000000000000021e-08 1.453098866784043959e-05 1.911493104472337522e-04 2.565852599383189203e-05 1.000000000000000021e-08 4.036497870800096312e-05 7.664059789589716448e-05 2.464111357999860391e-04 4.278642867732873763e-04 3.203504585905852186e-04 2.354695011899094305e-04 4.013719632368532115e-05 7.338398954019003219e-04 8.668463143248070690e-04 9.467393677758369284e-05 1.417134467192743817e-04 1.000000000000000021e-08
1.000000100000000021e-05 1.000000100000000021e-05 1.000000100000000021e-05 1.000000100000000021e-05 1.000000100000000021e-05 1.000000100000000021e-05 1.000000100000000021e-05 1.000000100000000021e-05 1.000000100000000021e-05 1.000000100000000021e-05 1.000000100000000021e-05 1.000000100000000021e-05 1.000000100000000021e-05 1.000000000000000021e-08 1.000000000000000021e-08 1.162812721531331054e-05 1.501788932526747263e-05 2.643488712181075212e-05 3.845090910688271629e-05 5.821192178100903454e-05 8.162295243287612299e-05 1.409972707598825242e-04 1.031158165245563336e-04 1.225143374979122395e-04 1.520111518682744313e-04 1.754315490826735427e-04 2.037706030514502568e-04 1.973912296535528692e-04 1.188994962290742174e-04 1.000000000000000021e-08 1.000000000000000021e-08 1.510855213875356486e-05 1.926354779838294724e-05 2.112016806657955839e-05 3.384417470331826217e-05 9.796568196698352340e-05 1.000000000000000021e-08
