output/water_depth_9960.asc
ncols 223
nrows 158
xllcorner 0.0
yllcorner 0.0
cellsize 30.0
[rows 51 to 67 of 158, columns 37 to 73 of 223]
1.000000100000000021e-05 1.000000100000000021e-05 1.000000100000000021e-05 1.000000100000000021e-05 1.000000100000000021e-05 1.000000100000000021e-05 1.000000100000000021e-05 1.000000100000000021e-05 1.000000100000000021e-05 1.000000100000000021e-05 1.000000100000000021e-05 1.000000100000000021e-05 1.000000100000000021e-05 1.000000100000000021e-05 1.000000100000000021e-05 1.000000100000000021e-05 1.000000100000000021e-05 1.000000100000000021e-05 1.000000100000000021e-05 1.000000100000000021e-05 1.000000100000000021e-05 1.000000100000000021e-05 1.000000100000000021e-05 1.000000100000000021e-05 1.000000100000000021e-05 1.000000100000000021e-05 1.000000100000000021e-05 1.000000100000000021e-05 1.000000100000000021e-05 1.000000100000000021e-05 1.000000100000000021e-05 1.000000100000000021e-05 1.062897664157167744e-05 2.263153433093408325e-05 2.757126397981491650e-05 1.580525032358638524e-05 1.555719613996740011e-05
1.000000100000000021e-05 1.000000100000000021e-05 1.000000100000000021e-05 1.000000100000000021e-05 1.000000100000000021e-05 1.000000100000000021e-05 1.000000100000000021e-05 1.000000100000000021e-05 1.000000100000000021e-05 1.000000100000000021e-05 1.000000100000000021e-05 1.000000100000000021e-05 1.000000100000000021e-05 1.000000100000000021e-05 1.000000100000000021e-05 1.000000100000000021e-05 1.000000100000000021e-05 1.000000100000000021e-05 1.000000100000000021e-05 1.000000100000000021e-05 1.000000100000000021e-05 1.000000100000000021e-05 1.000000100000000021e-05 1.000000100000000021e-05 1.000000100000000021e-05 1.000000100000000021e-05 1.000000100000000021e-05 1.000000100000000021e-05 1.000000100000000021e-05 1.000000100000000021e-05 1.000000100000000021e-05 1.000000100000000021e-05 1.000000000000000021e-08 1.000000000000000021e-08 3.337173799914690394e-05 5.325440682516014351e-05 1.000000000000000021e-08
1.000000100000000021e-05 1.000000100000000021e-05 1.000000100000000021e-05 1.000000100000000021e-05 1.000000100000000021e-05 1.000000100000000021e-05 1.000000100000000021e-05 1.000000100000000021e-05 1.000000100000000021e-05 1.000000100000000021e-05 1.000000100000000021e-05 1.000000100000000021e-05 1.000000100000000021e-05 1.000000100000000021e-05 1.000000100000000021e-05 1.000000100000000021e-05 1.000000100000000021e-05 1.000000100000000021e-05 1.000000100000000021e-05 1.000000100000000021e-05 1.000000100000000021e-05 1.000000100000000021e-05 1.000000100000000021e-05 1.000000100000000021e-05 1.000000100000000021e-05 1.000000100000000021e-05 1.000000100000000021e-05 1.000000100000000021e-05 1.000000100000000021e-05 1.000000100000000021e-05 1.000000100000000021e-05 1.000000100000000021e-05 1.000000000000000021e-08 1.000000000000000021e-08 1.000000000000000021e-08 1.313199726620578141e-05 2.010070209539228570e-05
1.000000100000000021e-05 1.000000100000000021e-05 1.000000100000000021e-05 1.000000100000000021e-05 1.000000100000000021e-05 1.000000100000000021e-05 1.000000100000000021e-05 1.000000100000000021e-05 1.000000100000000021e-05 1.000000100000000021e-05 1.000000100000000021e-05 1.000000100000000021e-05 1.000000100000000021e-05 1.000000100000000021e-05 1.000000100000000021e-05 1.000000100000000021e-05 1.000000100000000021e-05 1.000000100000000021e-05 1.000000100000000021e-05 1.000000100000000021e-05 1.000000100000000021e-05 1.000000100000000021e-05 1.000000100000000021e-05 1.000000100000000021e-05 1.000000100000000021e-05 1.000000100000000021e-05 1.000000100000000021e-05 1.000000100000000021e-05 1.000000100000000021e-05 1.000000100000000021e-05 1.000000100000000021e-05 1.000000000000000021e-08 1.000000000000000021e-08 1.000000000000000021e-08 1.000000000000000021e-08 1.000000000000000021e-08 1.000000000000000021e-08
1.000000100000000021e-05 1.000000100000000021e-05 1.000000100000000021e-05 1.000000100000000021e-05 1.000000100000000021e-05 1.000000100000000021e-05 1.000000100000000021e-05 1.000000100000000021e-05 1.000000100000000021e-05 1.000000100000000021e-05 1.000000100000000021e-05 1.000000100000000021e-05 1.000000100000000021e-05 1.000000100000000021e-05 1.000000100000000021e-05 1.000000100000000021e-05 1.000000100000000021e-05 1.000000100000000021e-05 1.000000100000000021e-05 1.000000100000000021e-05 1.000000100000000021e-05 1.000000100000000021e-05 1.000000100000000021e-05 1.000000100000000021e-05 1.000000100000000021e-05 1.000000100000000021e-05 1.000000100000000021e-05 1.000000100000000021e-05 1.000000100000000021e-05 1.000000100000000021e-05 1.000000000000000021e-08 1.000000000000000021e-08 1.000000000000000021e-08 1.000000000000000021e-08 1.000000000000000021e-08 1.000000000000000021e-08 1.000000000000000021e-08
1.000000100000000021e-05 1.000000100000000021e-05 1.000000100000000021e-05 1.000000100000000021e-05 1.000000100000000021e-05 1.000000100000000021e-05 1.000000100000000021e-05 1.000000100000000021e-05 1.000000100000000021e-05 1.000000100000000021e-05 1.000000100000000021e-05 1.000000100000000021e-05 1.000000100000000021e-05 1.000000100000000021e-05 1.000000100000000021e-05 1.000000100000000021e-05 1.000000100000000021e-05 1.000000100000000021e-05 1.000000100000000021e-05 1.000000100000000021e-05 1.000000100000000021e-05 1.000000100000000021e-05 1.000000100000000021e-05 1.000000100000000021e-05 1.000000100000000021e-05 1.000000100000000021e-05 1.000000100000000021e-05 1.000000100000000021e-05 1.000000100000000021e-05 1.000000000000000021e-08 1.000000000000000021e-08 1.312911518640955995e-05 1.588505315066213947e-05 1.575115053218261075e-05 1.000000000000000021e-08 1.000000000000000021e-08 1.000000000000000021e-08
1.000000100000000021e-05 1.000000100000000021e-05 1.000000100000000021e-05 1.000000100000000021e-05 1.000000100000000021e-05 1.000000100000000021e-05 1.000000100000000021e-05 1.000000100000000021e-05 1.000000100000000021e-05 1.000000100000000021e-05 1.000000100000000021e-05 1.000000100000000021e-05 1.000000100000000021e-05 1.000000100000000021e-05 1.000000100000000021e-05 1.000000100000000021e-05 1.000000100000000021e-05 1.000000100000000021e-05 1.000000100000000021e-05 1.000000100000000021e-05 1.000000100000000021e-05 1.000000100000000021e-05 1.000000100000000021e-05 1.000000100000000021e-05 1.000000100000000021e-05 1.000000100000000021e-05 1.000000100000000021e-05 1.000000100000000021e-05 1.000000000000000021e-08 1.000000000000000021e-08 1.000000000000000021e-08 1.000000000000000021e-08 2.079281300718227436e-05 2.235532288017268043e-05 1.000000000000000021e-08 1.000000000000000021e-08 1.000000000000000021e-08
1.000000100000000021e-05 1.000000100000000021e-05 1.000000100000000021e-05 1.000000100000000021e-05 1.000000100000000021e-05 1.000000100000000021e-05 1.000000100000000021e-05 1.000000100000000021e-05 1.000000100000000021e-05 1.000000100000000021e-05 1.000000100000000021e-05 1.000000100000000021e-05 1.000000100000000021e-05 1.000000100000000021e-05 1.000000100000000021e-05 1.000000100000000021e-05 1.000000100000000021e-05 1.000000100000000021e-05 1.000000100000000021e-05 1.000000100000000021e-05 1.000000100000000021e-05 1.000000100000000021e-05 1.000000100000000021e-05 1.000000100000000021e-05 1.000000100000000021e-05 1.000000100000000021e-05 1.000000000000000021e-08 1.000000000000000021e-08 1.000000000000000021e-08 1.000000000000000021e-08 1.000000000000000021e-08 1.380217934869036299e-05 1.350202435080660077e-05 1.000000000000000021e-08 1.000000000000000021e-08 1.000000000000000021e-08 1.000000000000000021e-08
1.000000100000000021e-05 1.000000100000000021e-05 1.000000100000000021e-05 1.000000100000000021e-05 1.000000100000000021e-05 1.000000100000000021e-05 1.000000100000000021e-05 1.000000100000000021e-05 1.000000100000000021e-05 1.000000100000000021e-05 1.000000100000000021e-05 1.000000100000000021e-05 1.000000100000000021e-05 1.000000100000000021e-05 1.000000100000000021e-05 1.000000100000000021e-05 1.000000100000000021e-05 1.000000100000000021e-05 1.000000100000000021e-05 1.000000100000000021e-05 1.000000100000000021e-05 1.000000100000000021e-05 1.000000100000000021e-05 2.223847859001688669e-05 1.000000000000000021e-08 1.000000000000000021e-08 1.000000000000000021e-08 1.000000000000000021e-08 1.000000000000000021e-08 1.000000000000000021e-08 1.000000000000000021e-08 1.000000000000000021e-08 1.406702067872547186e-05 1.556887131792743687e-05 3.221907925281742078e-05 4.698976922410618535e-05 3.563544468980644906e-05
1.000000100000000021e-05 1.000000100000000021e-05 1.000000100000000021e-05 1.000000100000000021e-05 1.000000100000000021e-05 1.000000100000000021e-05 1.000000100000000021e-05 1.000000100000000021e-05 1.000000100000000021e-05 1.000000100000000021e-05 1.000000100000000021e-05 1.000000000000000021e-08 1.000000000000000021e-08 1.972458915967528956e-05 3.442768388935847472e-05 1.449442294082725570e-04 3.294982781044510436e-04 1.765645623993688032e-02 1.716275800168413218e-02 1.000000100000000021e-05 1.000000100000000021e-05 1.000000100000000021e-05 1.000000000000000021e-08 2.432056644742857206e-05 1.000000000000000021e-08 1.000000000000000021e-08 1.000000000000000021e-08 1.072252018185288052e-05 1.255557748240493592e-05 1.199122979740801667e-05 1.000000000000000021e-08 1.000000000000000021e-08 1.000000000000000021e-08 1.866462238138811872e-05 2.067749055252056638e-05 2.972945654824774703e-05 6.363319462110821599e-05
1.000000100000000021e-05 1.000000100000000021e-05 1.000000100000000021e-05 1.000000100000000021e-05 1.000000100000000021e-05 1.000000100000000021e-05 1.000000100000000021e-05 1.000000100000000021e-05 1.000000100000000021e-05 1.000000100000000021e-05 1.000000000000000021e-08 1.000000000000000021e-08 1.000000000000000021e-08 1.000000000000000021e-08 1.000000000000000021e-08 1.420639538546028860e-04 2.000926544454667262e-04 3.006810174396543924e-04 1.604971395991747901e-02 1.465709139841953924e-02 1.120170309921487452e-02 3.678364252166076045e-04 4.143071618929516703e-04 9.453638106589956147e-04 7.925528601722422149e-04 1.000000000000000021e-08 1.000000000000000021e-08 1.000000000000000021e-08 1.000000000000000021e-08 1.000000000000000021e-08 1.000000000000000021e-08 1.000000000000000021e-08 1.000000000000000021e-08 1.000000000000000021e-08 1.000000000000000021e-08 1.000000000000000021e-08 1.000000000000000021e-08
5.199135296482887766e-05 3.874772600026352837e-05 3.545760902432190269e-05 2.403750461217708668e-05 2.106166943869685969e-05 1.784543596776838931e-05 1.265548916198798787e-05 1.178693243538168384e-05 1.048269706845239731e-05 1.000000000000000021e-08 1.000000000000000021e-08 1.000000000000000021e-08 1.077404951581644726e-05 1.000000000000000021e-08 4.499389244347680613e-05 2.264204692484176197e-04 2.466458730924636503e-04 2.176492047224862737e-05 1.000000000000000021e-08 1.498729675386830350e-02 1.000000000000000021e-08 4.186402532591222952e-04 1.432535386131097391e-04 1.149179641336355940e-03 1.327386659578055428e-03 1.333126113132732907e-04 1.000000000000000021e-08 1.000000000000000021e-08 1.000000000000000021e-08 1.286730221885131790e-05 3.106943522346597105e-04 5.109831430615230331e-04 5.149459203646481516e-04 3.170167438392230605e-04 2.444629177507638717e-04 1.842887928157014438e-04 1.474497135229296688e-04
3.856618921330064322e-05 9.382459163744670441e-05 1.112315668466682159e-04 1.514613733460822996e-04 1.636756147304484373e-04 1.698458720658115018e-04 1.777798715170531658e-04 2.212994577756792578e-04 2.707531375011263579e-04 1.795216706206115645e-04 2.022855553276196557e-04 2.172680246519317080e-04 2.698257451656282707e-04 3.187199776166068309e-04 4.329855165849529172e-04 3.535552330023399416e-04 3.031974179804213833e-04 2.239784038605866856e-04 1.000000000000000021e-08 1.000000000000000021e-08 1.066596730195927064e-05 3.087893189442613155e-04 2.787481635805584361e-04 1.730110715104268533e-03 3.013334822508169537e-03 2.527442875002992341e-03 2.590992221319649968e-03 2.657277807437075957e-03 3.297134748402064455e-03 2.777527718491110478e-03 2.772392885532699944e-03 2.768927426648571961e-03 2.003896276088688172e-03 1.358074738289584979e-03 1.748732584336658833e-04 2.175522939680905995e-04 1.977301751150125925e-03
2.271476914157298174e-05 1.000000000000000021e-08 3.055715021154074178e-05 3.058375875269647753e-05 2.147850545555396489e-05 1.793135157556568604e-05 1.000000000000000021e-08 1.000000000000000021e-08 1.000000000000000021e-08 1.343557747503264850e-04 1.482948373439169553e-04 1.772171315974491049e-04 1.438988820158622534e-04 1.068468645246944948e-04 7.899471208685505377e-05 5.892765804918610555e-05 2.015895268130748640e-04 1.730295705636318495e-04 1.000000000000000021e-08 1.000000000000000021e-08 1.000000000000000021e-08 1.055146525438720254e-05 2.212698031758320816e-05 4.060664734727717295e-05 5.265498807398841978e-05 4.691034664439395823e-05 6.661998270022569818e-05 1.385952620302371725e-04 1.000000000000000021e-08 1.000000000000000021e-08 1.000000000000000021e-08 1.000000000000000021e-08 1.149876789396759094e-03 1.273677961610858835e-03 2.213624273782307562e-03 2.591139480758296570e-03 1.938069081720710440e-03
2.674227798703013282e-05 2.813925654695119662e-05 2.867025184493403507e-05 1.000000000000000021e-08 1.000000000000000021e-08 1.000000000000000021e-08 1.000000000000000021e-08 1.000000000000000021e-08 1.000000000000000021e-08 1.000000000000000021e-08 1.000000000000000021e-08 1.000000000000000021e-08 1.000000000000000021e-08 1.000000000000000021e-08 1.000000000000000021e-08 1.000000000000000021e-08 1.737645959641646648e-03 1.734815474343616914e-03 1.000000000000000021e-08 1.000000000000000021e-08 1.000000000000000021e-08 1.000000000000000021e-08 2.741281704482869969e-05 5.281264781289239500e-05 6.363532285090811342e-05 1.000000000000000021e-08 7.018837787037171105e-05 1.000000000000000021e-08 1.000000000000000021e-08 1.000000000000000021e-08 1.000000000000000021e-08 1.000000000000000021e-08 8.794460240498900997e-04 1.700869069741575614e-03 1.246083528252802004e-03 8.022660102993949558e-04 6.160832451486721040e-04
2.149645421379934644e-05 1.983550737361802958e-05 1.831802589669524943e-05 1.000000000000000021e-08 1.000000000000000021e-08 1.000000000000000021e-08 1.000000000000000021e-08 1.000000000000000021e-08 1.000000000000000021e-08 1.000000000000000021e-08 1.000000000000000021e-08 1.000000000000000021e-08 1.000000000000000021e-08 1.399808598756302106e-05 1.000000000000000021e-08 1.000000000000000021e-08 2.869216081551749750e-05 1.128020555628992101e-05 2.782782019683272633e-05 3.319381209470079078e-05 2.905286314970602924e-05 4.465980181589470656e-05 3.891010491555904735e-05 7.415450259570280334e-05 6.577163597547348753e-05 1.000000000000000021e-08 4.121953473155012219e-05 1.038222538117331220e-05 1.000000000000000021e-08 1.000000000000000021e-08 1.000000000000000021e-08 1.019635732117608289e-05 1.556849215610654915e-05 2.209908010930602585e-05 2.301501287030300420e-05 2.077061564845715367e-05 1.000000000000000021e-08
1.796515229985405510e-05 1.451232984546037056e-05 1.271064593496073175e-05 1.000000000000000021e-08 1.000000000000000021e-08 1.000000000000000021e-08 1.000000000000000021e-08 1.000000000000000021e-08 1.000000000000000021e-08 1.000000000000000021e-08 1.000000000000000021e-08 1.000000000000000021e-08 1.000000000000000021e-08 1.246854599254023857e-05 1.000000000000000021e-08 1.000000000000000021e-08 1.000000000000000021e-08 1.000000000000000021e-08 1.705728815443133899e-05 1.000000000000000021e-08 1.000000000000000021e-08 1.000000000000000021e-08 2.623371058730613681e-05 9.273672088872752476e-05 1.000000000000000021e-08 1.000000000000000021e-08 1.000000000000000021e-08 1.298385056074516847e-05 1.000000000000000021e-08 1.000000000000000021e-08 1.000000000000000021e-08 1.000000000000000021e-08 1.000000000000000021e-08 1.000000000000000021e-08 1.000000000000000021e-08 1.000000000000000021e-08 1.538102901508315968e-05
