output/water_depth_600.asc
ncols 223
nrows 158
xllcorner 0.0
yllcorner 0.0
cellsize 30.0
[rows 51 to 67 of 158, columns 148 to 184 of 223]
6.587156469950217891e-03 6.117448141033975453e-03 7.963272063883352139e-03 9.363996247733241338e-03 2.011552748294840459e-02 1.086725368114460459e-02 8.245187956448971414e-03 5.838215364983946609e-03 7.165821376323522861e-03 8.155789951873460356e-03 1.859057190289058192e-02 1.039760723219059629e-02 6.639487202772478835e-03 5.166097370729814606e-03 9.174824649729575524e-03 2.014032564205402165e-02 9.540578669179797591e-03 1.043080013316204438e-02 2.536502495064826314e-03 6.643231274423244855e-03 8.915154404288415033e-03 9.714482808097755356e-03 9.889143939502473626e-03 9.902785284142312863e-03 9.908907580651002758e-03 3.731507593898637093e-02 3.066066110670547656e-02 9.912408664089100707e-03 9.912409176089142029e-03 9.912539185037105155e-03 9.912778066003312752e-03 9.903984591331694773e-03 9.822488185485356987e-03 9.414451578762538658e-03 8.165346405561223903e-03 5.584985780149299972e-03 1.269986335221737553e-02
6.215659492214699669e-03 2.212703165497017024e-03 6.337383557032383145e-03 8.919081753250367173e-03 2.728068189161015483e-02 8.646763009877333345e-03 6.185939219871079350e-03 8.762667003805147195e-03 5.459505563816401466e-03 6.125725906607414409e-03 2.116027069021905044e-02 7.710769707699205791e-03 2.673613000898175229e-03 6.246688314806072076e-03 1.243320492288469900e-02 8.046649034516606055e-03 1.891090118072819015e-02 7.383295726898296552e-03 3.835312409258705060e-03 7.544164961321741733e-03 9.208370594782111160e-03 9.769895958955688089e-03 9.893877361795177725e-03 9.839031763825487054e-03 9.857086244286192983e-03 9.881598336035978675e-03 2.684862407513611757e-02 2.004930740268394407e-02 1.658684732581132415e-02 9.914110453777111656e-03 9.913982108840656976e-03 9.911018226315293500e-03 9.881329065486653754e-03 9.719462828282789471e-03 9.242804580511375379e-03 8.838326657981754667e-03 1.091475686315200762e-02
6.987219589202548105e-03 2.371375842917237096e-03 6.644738604548849209e-03 9.473729101212968740e-03 2.713272498670769861e-02 9.893214974075392396e-03 9.760296607267748142e-03 9.084507809105643941e-03 7.062964508182362211e-03 3.125264982117579530e-03 1.225981436745963472e-02 1.026303930471099239e-02 4.338647984737759380e-03 6.847177851314871326e-03 2.056497186466195448e-02 2.757193197990313611e-03 6.002184809679641728e-03 7.963148095890148007e-03 8.639693739072326281e-03 8.784589262480524061e-03 9.427115734555202922e-03 9.798361446595238444e-03 9.881676006428760997e-03 9.533241660104553941e-03 9.555389624514219055e-03 9.654656939559146805e-03 9.693370025282576144e-03 1.658562671908762887e-02 3.644386154403139733e-02 2.143718857154993870e-02 9.914162046273787554e-03 9.913776258084480014e-03 9.907956520131419587e-03 9.868305379980967657e-03 9.747509508300510744e-03 9.684554697863433440e-03 1.017467906984487018e-02
8.786313619818587536e-03 2.934962670754913579e-03 7.658614543637243949e-03 1.162578194760820541e-02 2.467813122155669905e-02 9.905778001196753266e-03 9.842553886649995157e-03 9.496845734050593166e-03 8.281803301345947235e-03 5.437365416288659353e-03 9.265003406612586437e-03 3.020756469474435331e-03 1.093433000571253193e-02 6.422926972890069530e-03 1.775521054724938166e-02 4.823993205996239542e-03 5.903871931044279639e-03 6.164681566436713486e-03 6.209414675716772372e-03 6.215448391352341312e-03 8.395227905415168085e-03 9.510599588141788532e-03 9.715520341963865270e-03 8.475548187546821238e-03 8.471251962813340294e-03 8.683975390370989034e-03 8.785578858608944844e-03 9.275784795303054775e-03 9.593174104460130969e-03 2.497798540642500592e-02 2.728234261752143786e-02 9.914161713489676522e-03 9.913647653396338161e-03 9.908086865546948327e-03 9.886020204142854234e-03 9.874378337629908034e-03 9.962563115944731915e-03
3.557951270407163843e-03 5.276393130210209684e-03 1.011572508662860088e-02 1.774840603560759109e-02 1.628309179948407570e-02 9.905387887859915669e-03 9.829217422141966684e-03 9.418221789277168854e-03 8.190964276931056443e-03 6.186267656494398408e-03 4.330679418099007277e-03 5.383275208787709210e-03 8.330549080786597491e-03 9.499131078867803848e-03 9.835029132258142279e-03 1.406980449619431132e-02 3.548285142935361444e-03 2.585561940115629117e-03 2.072638077089409853e-03 2.031383747399619511e-03 7.909419288383588709e-03 9.461482396485310087e-03 9.204432347754420984e-03 5.713059090105473796e-03 6.017389610163747377e-03 6.121037966628847457e-03 6.167963375455196712e-03 7.609062622972059993e-03 8.456208951641685373e-03 8.272104397965130210e-03 3.563625987370937914e-02 9.914162609523855668e-03 9.914161713489676522e-03 9.913776616470868289e-03 9.911253764570148589e-03 9.908663889776592529e-03 9.920116368342432600e-03
7.147070226045437735e-03 3.350391317903560554e-03 1.474114831646131107e-02 1.529987896889086797e-02 9.885289611141646199e-03 9.842510572555996165e-03 9.574600765639417269e-03 8.615156304343628973e-03 6.486857180183079781e-03 3.575619765254451320e-03 4.969592263809411055e-03 8.018268027020469466e-03 9.319351327697887946e-03 9.761741171981641596e-03 9.870617563941353617e-03 9.831972130572040613e-03 1.010693251380384225e-02 7.078443473460407399e-03 6.347201235517758305e-03 1.802766985085872686e-02 1.288268200067571589e-02 1.068461442053697703e-02 7.884230312932715215e-03 5.324621320118895669e-03 2.842306082523948785e-03 2.382011459061928946e-03 2.274109970564448541e-03 4.691254592364976252e-03 5.779976062046734975e-03 4.595703309155406598e-03 1.508768284863899224e-02 1.518938938500900837e-02 9.914162609523855668e-03 9.914162071876063062e-03 9.914008340259470101e-03 9.913606129142438217e-03 9.913170903777000081e-03
8.657202715615795047e-03 6.689259982951800167e-03 1.410881754117769907e-02 9.698276790944447556e-03 9.670989538547957592e-03 9.489231089022297227e-03 8.822809965325660586e-03 7.208761293744401361e-03 4.588575833151428175e-03 2.963299577718428186e-03 6.480199370920247497e-03 8.144844546890026363e-03 8.907387966458856637e-03 9.423964612718493949e-03 9.637085447351211726e-03 9.457074362838768788e-03 1.401145399344071521e-02 2.225773000908114543e-02 2.544874694134116946e-02 1.437496845045055024e-02 1.079392180843890929e-02 9.887083594943333817e-03 4.169916472836449756e-03 6.227627150140990255e-03 6.419961640297998720e-03 6.073226833131728682e-03 5.949487831607397359e-03 3.401688712714726146e-03 2.309666003502338326e-03 3.292394433798053171e-03 9.135270630471072073e-03 2.343864043885653808e-02 9.924652800176347878e-03 1.000009265265683171e-02 1.039497513746348925e-02 1.190290911957484279e-02 1.640064637035319045e-02
8.806610817585835277e-03 8.806609512006190882e-03 8.805629416686800229e-03 8.789340331835348782e-03 8.658383567793435931e-03 8.202268330236194699e-03 7.012416983010126906e-03 4.943158886847895915e-03 2.196891374106990907e-03 4.145138834952042869e-03 5.473987557001017829e-03 6.060554994885725133e-03 6.882177104701923953e-03 8.007828141702278205e-03 8.566580857435411589e-03 8.097929794788370772e-03 7.687387573499593688e-03 8.211263484221062448e-03 8.642709616136501349e-03 8.778388542244584120e-03 8.806689122078326104e-03 8.758192668923159632e-03 7.419168119102961291e-03 8.280992058174462683e-03 8.689053120982434542e-03 8.752427720840871492e-03 8.756541783380753993e-03 7.417295297940228876e-03 6.569948178442730144e-03 6.955441790417836792e-03 8.959873585293763251e-03 4.248456116187372678e-02 2.803495415513091935e-02 2.794892890736585395e-02 2.743509682175820918e-02 2.517361073326676579e-02 1.793324908250859551e-02
6.158872309833741260e-03 6.219776882365779178e-03 6.213754319681841914e-03 6.143623105921081767e-03 5.894663101874841535e-03 5.196067566699975535e-03 4.018872746934121047e-03 2.986028202913082550e-03 2.181768652459395701e-03 1.860862215631547576e-03 2.125903587164033708e-03 2.202418153865493954e-03 3.245093055160401096e-03 5.268155366011813799e-03 5.743863734876353440e-03 4.797236049029296977e-03 4.268351954979330946e-03 5.496246368502102735e-03 5.953640724599548392e-03 6.049915313386738762e-03 6.079761190477112748e-03 5.982640642740391299e-03 1.573733118515935336e-02 1.196231866045630553e-02 1.036371437533810565e-02 9.837425396866392516e-03 9.716899351800320841e-03 9.229164757501649718e-03 8.913395294378944136e-03 9.056251589057441251e-03 2.553982855350434705e-02 2.333018562756137421e-02 9.901546557860940387e-03 9.834929779875467223e-03 9.487769845949088621e-03 8.211572085323070105e-03 5.562494944873407239e-03
1.991236210415935071e-03 1.867867462745864682e-03 1.850709655658222021e-03 1.713888691714679025e-03 1.481155513515869425e-03 1.912471914040985051e-03 8.719012941417781130e-04 1.817045274587815364e-03 2.709810622657345819e-03 4.778274056972359879e-03 5.709207827439304571e-03 5.899317882219987444e-03 4.830188836879694900e-03 2.820061794688213247e-03 2.345031374452108668e-03 3.291684896497059764e-03 3.820569016149300435e-03 2.589358052663410896e-03 2.138596796492202041e-03 2.099840280121421671e-03 2.071223840479475588e-03 2.106280328342766475e-03 2.159016445532412759e-03 7.849413042853059172e-03 9.422635212361939183e-03 9.798540164486922027e-03 9.875145496501801581e-03 9.777417327798987659e-03 9.714690458198246489e-03 9.756278210746614776e-03 3.489291580305611123e-02 9.872544590492481759e-03 9.784089327271006456e-03 9.471707901806012894e-03 8.585257745047357794e-03 6.356505994957416944e-03 3.302063765732760232e-03
6.158846411244513208e-03 6.219056042967651722e-03 6.205030850409031656e-03 6.083029650775217782e-03 5.624934277815129245e-03 4.365268469639782198e-03 2.569646619429714202e-03 2.730770219735844957e-03 5.387208805253551440e-03 7.529667071806697178e-03 8.487731394173836028e-03 8.706584910608881553e-03 8.127215670568632006e-03 7.017271458183614585e-03 6.460089921559787271e-03 6.928792935135363699e-03 7.339335207628695269e-03 6.815459296907222173e-03 6.384013164991785873e-03 6.187499616504172316e-03 6.157969599358429323e-03 6.268530112159653549e-03 6.273676578015086047e-03 8.391685409045323077e-03 9.508118109473374241e-03 9.842831973386209979e-03 9.905405575667401707e-03 9.895786136106409295e-03 9.889196402431054897e-03 2.156972151386392714e-02 1.113200289105218191e-02 9.583957025719002168e-03 9.180097587235225634e-03 8.231909891659170905e-03 6.718365210357235551e-03 3.762123979673425746e-03 2.081964338058079310e-03
8.806610587119878195e-03 8.806402373860265295e-03 8.800635018754774871e-03 8.738203142032519369e-03 8.368087734228112085e-03 7.201983394528296660e-03 4.881183773462482306e-03 2.228599118310313747e-03 6.211977307642457986e-03 8.578492501631928766e-03 9.465612025027013432e-03 9.668235524107813422e-03 9.462618637674979558e-03 9.064590305236862669e-03 8.868144461515414106e-03 9.049546244599271719e-03 9.201369710793671358e-03 9.006400539359247712e-03 8.859589858624106889e-03 8.813691499638964116e-03 8.806998939220222339e-03 8.808763021791975178e-03 8.808955870229994226e-03 9.428577460342722760e-03 9.798360448197427838e-03 9.899430041408351436e-03 9.913333442621961519e-03 9.912719089592004346e-03 9.912409739293736102e-03 2.988314406478232918e-02 1.821194890997824417e-02 8.435401754453352580e-03 7.459212764327757990e-03 5.583506936712668602e-03 4.066327844255680779e-03 1.959925544797353879e-03 1.745006941594612294e-03
9.700061535962534176e-03 9.700008893863498391e-03 9.697917907245511698e-03 9.666466670508752981e-03 9.428960646831484327e-03 8.416787119070734402e-03 5.920484035808414557e-03 2.218541969901547187e-03 6.055431355390501758e-03 1.862131456686380235e-02 2.439880418154055652e-02 1.438284007920950271e-02 1.090940584129705682e-02 9.934707271835152564e-03 9.730258760949739294e-03 9.757358910322665169e-03 9.787108020130773009e-03 9.738839661880348275e-03 9.707400897408235974e-03 9.700579560497800055e-03 9.700062483155790297e-03 9.700061587167085192e-03 9.700061587167085192e-03 9.829180343771014988e-03 9.898963199824294470e-03 9.913125587612313036e-03 9.914160766296418667e-03 9.914110812208973972e-03 9.914110453777111656e-03 2.569384926499290386e-02 3.368020449816254772e-03 5.836638025342411225e-03 4.832608856789677790e-03 2.048332996487864811e-03 1.798540212884226254e-03 1.547438258641967808e-03 3.008845310556637273e-03
9.888419058446317952e-03 9.888392801425227585e-03 9.887359451507591809e-03 9.870347812678604768e-03 9.722034292311521400e-03 8.982451532241185824e-03 6.829209221026331933e-03 3.283595388114728987e-03 4.855226468065004103e-03 4.588523757179326784e-03 5.352923884385642726e-03 1.412488614908398964e-02 1.143686591425060323e-02 1.028521308361044287e-02 9.958795878249960057e-03 9.905243933311368501e-03 9.900684332918473912e-03 9.892282693848329991e-03 9.888807948012555069e-03 9.888419979991822789e-03 9.888419084003117684e-03 9.888419084003117684e-03 9.888419084003117684e-03 9.906225274820400217e-03 9.913384164732207821e-03 9.914160817500971418e-03 9.914162609523855668e-03 9.914162558319304652e-03 9.914162558319304652e-03 2.555828699208499352e-02 4.478070199020451822e-03 2.227061950210129995e-03 3.080947504334774576e-03 5.271172181138717924e-03 3.949656465885682637e-03 1.828269876237151401e-03 4.887874790664313053e-03
9.912408664089100707e-03 9.912408484918644458e-03 9.912251915314784431e-03 9.907765212877650204e-03 9.854780534882166820e-03 9.527153365373608115e-03 8.403468864101827293e-03 6.346474570576476210e-03 4.761614529846081890e-03 1.118999357385574772e-03 1.538013256771666830e-03 4.000318516079502153e-03 1.669508661442117500e-02 2.346618062764131013e-02 1.974489714751773151e-02 1.270797219375120399e-02 1.053685569271104600e-02 1.001611812519834568e-02 9.924251367404879343e-03 9.913233352820981226e-03 9.912434665132908301e-03 9.912408689691376215e-03 9.912408664089100707e-03 9.913850801543531294e-03 9.914161534273744497e-03 9.914162609523855668e-03 9.914162609523855668e-03 9.914162609523855668e-03 9.914162609523855668e-03 2.884284292975601918e-02 1.226508247035743189e-02 7.438025903396493915e-03 1.066772430320591693e-02 1.797688280511706288e-02 1.124557546546424425e-02 2.177989053497259540e-03 5.847792405892828990e-03
9.914110453777111656e-03 9.914110453777111656e-03 9.914109865015716117e-03 9.913667130088952770e-03 9.903410794216626137e-03 9.806781421124044149e-03 9.330281580999808325e-03 7.950139124417120867e-03 5.351851249771158101e-03 1.592820789363393226e-03 3.749532101890360163e-03 6.428828074907444977e-03 3.368926956712613597e-03 5.365234923768668306e-03 1.194635857760286031e-02 1.594727957231265730e-02 2.073896282789385731e-02 2.442645271701943122e-02 1.955180560896655970e-02 1.257791578471690978e-02 1.049922991968153980e-02 1.000977036586257925e-02 2.256577804831388923e-02 2.674084334469947408e-02 1.475313129584131244e-02 1.102465078091293717e-02 1.010432559317771956e-02 9.936554608915258713e-03 3.617621345253291265e-02 1.414238227415219942e-02 6.388186598191213268e-03 8.466272944345773835e-03 7.287676303152267054e-03 1.927625315351557452e-03 1.389310323094293878e-03 2.737678733381631365e-03 6.691680711886449293e-03
9.914162558319304652e-03 9.914162558319304652e-03 9.914162558319304652e-03 9.914161252739660257e-03 9.913277165227128707e-03 9.895451528867426835e-03 9.747350001210665360e-03 9.084452596956482315e-03 7.292829561023183443e-03 4.526394187907342888e-03 2.635133340479059449e-03 6.722176311270076400e-03 6.874670919508874684e-03 3.378424009573366069e-03 2.454775607300484826e-03 4.387042195450061369e-03 2.754343699337012587e-03 4.966420280350288159e-03 9.483839135676573259e-03 1.550938421460716123e-02 2.245206322298466325e-02 2.336947087340698198e-02 1.280407898064689354e-02 1.023136553224824816e-02 2.294836574240756086e-02 2.687714392889896386e-02 2.782657154351321147e-02 2.801383236222457565e-02 3.539310039761413285e-02 3.059985776346223207e-02 8.705240288721625974e-03 9.221078470758160492e-03 7.835969716355551187e-03 4.817891093929149542e-03 2.821150849835253084e-03 3.578130949165877952e-03 7.216909513530056670e-03
