output/water_depth_360.asc
ncols 223
nrows 158
xllcorner 0.0
yllcorner 0.0
cellsize 30.0
[rows 119 to 135 of 158, columns 37 to 73 of 223]
7.029712364470364939e-03 7.029712364470364939e-03 7.029712364470364939e-03 7.029712364470364939e-03 7.029712364470364939e-03 7.029712364470364939e-03 7.029712364470364939e-03 7.029712364470364939e-03 7.029712364470364939e-03 7.029712364470364939e-03 7.029712364470364939e-03 7.029712364470364939e-03 7.029712364470364939e-03 7.029712364470364939e-03 7.029712364470364939e-03 7.029712364470364939e-03 7.029712364470364939e-03 7.029712364470364939e-03 7.029712364470364939e-03 1.194628110375186777e-02 1.139860386461431091e-02 1.191419577031036653e-02 7.641496270349202452e-03 7.609554937112883964e-03 6.546029791985242229e-03 6.965765697765058904e-03 1.153801344785814267e-02 6.584056243769631674e-03 5.724371511608190508e-03 5.174105151753689499e-03 6.240106134242418001e-03 7.465474936867289198e-03 6.577827125289226542e-03 6.933840364450483823e-03 7.029520364318054063e-03 7.029712364470364939e-03 7.029712364470364939e-03
7.029712364470364939e-03 7.029712364470364939e-03 7.029712364470364939e-03 7.029712364470364939e-03 7.029712364470364939e-03 7.029712364470364939e-03 7.029712364470364939e-03 9.239527814174544607e-03 1.165642715519050847e-02 9.752539575378804670e-03 7.351635646460532268e-03 9.255503330695805803e-03 1.165644315520319996e-02 1.196230777055087499e-02 1.197835043718067580e-02 1.197836643719336729e-02 1.197836643719336729e-02 1.199432681474343898e-02 1.257426996558559489e-02 1.139871586461220845e-02 3.352752959250105639e-03 6.450093831386662264e-03 6.981665469498588190e-03 1.078648395846892871e-02 3.820586009674920968e-03 6.513976458660076380e-03 8.771566367320666677e-03 5.475571945165766223e-03 1.169446085346488237e-02 6.513912458609306087e-03 3.788644676347653530e-03 9.738951190916745118e-03 4.288484204476740620e-03 6.030149886151669678e-03 6.933776364399713531e-03 7.029584364368824355e-03 7.029712364470364939e-03
7.351619646447839912e-03 7.045771031112858102e-03 7.029728364483057296e-03 7.029712364470364939e-03 9.182101226582013373e-03 9.488033811675448959e-03 1.167237048408049579e-02 9.752508320859387680e-03 7.351635646460532268e-03 9.271613893031063758e-03 1.167246982172935946e-02 9.720570137589888693e-03 7.351539646384377263e-03 7.045771031112858102e-03 7.029728364483057296e-03 7.029712364470364939e-03 7.029712364470364939e-03 7.265324120322371945e-03 1.108269648616977410e-02 6.513993603089952150e-03 4.057740502463170681e-03 6.564907150692201807e-03 6.757732780584668753e-03 6.965751908006390623e-03 7.029552364434388592e-03 7.029728364483057296e-03 7.029696364457671716e-03 7.029712364470364939e-03 1.133432119782436069e-02 6.997739031117711922e-03 6.529888836172071873e-03 4.024439223990962378e-03 1.005092988266904734e-02 3.788793254585366612e-03 6.513896458596613731e-03 6.997723031105018698e-03 7.029680364444979360e-03
9.475593396387180928e-03 7.335642651429121440e-03 7.045755031100164878e-03 7.029728364483057296e-03 9.214113669048468874e-03 9.520012990053847504e-03 7.303686984192505477e-03 7.045659031024009873e-03 7.029744364495749652e-03 7.351509147843795361e-03 7.287758153830405095e-03 6.513960458556434206e-03 6.965701697714288612e-03 7.029616364394209935e-03 7.029712364470364939e-03 7.029712364470364939e-03 7.029712364470364939e-03 9.029794549010389942e-03 5.281170313307034792e-03 6.794148608747386554e-03 8.922134995319495193e-03 7.695274576122974192e-03 5.323694901881446603e-03 6.257943502037855918e-03 6.933697469372313536e-03 7.045480741959076441e-03 7.013831986892805209e-03 7.029664364432286136e-03 7.029712364470364939e-03 7.029712364470364939e-03 7.029712364470364939e-03 8.806619947888883609e-03 5.708182128731888877e-03 6.622168149584362583e-03 6.981943231727094981e-03 7.029648364419593780e-03 7.029696364457671716e-03
9.210578123390026142e-03 1.165637748350116867e-02 1.196230777055087499e-02 1.197835043718067580e-02 7.673661603763216529e-03 7.609554937112883097e-03 6.514072458645282435e-03 6.965701697714288612e-03 7.045611031076882622e-03 9.640013721069371974e-03 8.466231888247247733e-03 3.546723390132578476e-03 6.481923125243960714e-03 6.997675031066940762e-03 7.029680364444979360e-03 7.029712364470364939e-03 7.029712364470364939e-03 8.803574090652776726e-03 5.475601555237077749e-03 6.825921825253212540e-03 7.013799986867420497e-03 1.193019043708398730e-02 6.497997791990096049e-03 3.562661772735632379e-03 6.192170122954743922e-03 7.185333796274686290e-03 6.841729021249088813e-03 6.997903609277168410e-03 7.029664364432286136e-03 7.029712364470364939e-03 7.029712364470364939e-03 7.029712364470364939e-03 9.029794549010389942e-03 5.281170313307034792e-03 6.794116608722001842e-03 7.013719986803957848e-03 7.013685697762307540e-03
7.029600364381516711e-03 7.029712364470364939e-03 7.029712364470364939e-03 7.029712364470364939e-03 7.609458937036729827e-03 1.075467062515225204e-02 3.336807437204593069e-03 6.482051125345502166e-03 7.255603898516605962e-03 1.133422828320898058e-02 4.893418614443256764e-03 4.893418614443256764e-03 6.723828411537292361e-03 7.013653697736921960e-03 7.029696364457671716e-03 7.029712364470364939e-03 7.029712364470364939e-03 7.029712364470364939e-03 7.045755031100164878e-03 7.045787031125550458e-03 7.029680364444979360e-03 1.160831514412701340e-02 7.045583420454826565e-03 5.129925866691762218e-03 4.672938028902811312e-03 8.440418553284638470e-03 5.468783938139519692e-03 6.825864643775171256e-03 7.013783986854727273e-03 7.029664364432286136e-03 7.029680364444979360e-03 7.029696364457671716e-03 8.803574090652776726e-03 5.475553555198999812e-03 6.793916491875174810e-03 6.981714653425919251e-03 6.755713460784940581e-03
6.981842653527458968e-03 7.029632364406901424e-03 7.029712364470364939e-03 7.029712364470364939e-03 1.130236386448440003e-02 6.513944458634691667e-03 3.820586009674920968e-03 7.061749697782837565e-03 8.671944077313325019e-03 8.822517626033506491e-03 5.167201234194985192e-03 5.167281234258447840e-03 6.755849744837072630e-03 7.013701697774999896e-03 7.029696364457671716e-03 7.029712364470364939e-03 7.029712364470364939e-03 7.029712364470364939e-03 7.335660317545158494e-03 7.351574984164367665e-03 6.981792364382167354e-03 8.690222710444011830e-03 9.094064279011500329e-03 7.093675031279313148e-03 3.530817007554910153e-03 6.223998888304671691e-03 6.965685697701595389e-03 7.029632364406901424e-03 7.013701697774999896e-03 6.997675031066940762e-03 6.997627031028863694e-03 7.013605697698844892e-03 7.029632364406901424e-03 6.997723031105018698e-03 6.513912458609306087e-03 6.450029791954771212e-03 5.097828478704680491e-03
6.826063831391261660e-03 6.997823609213705762e-03 7.029664364432286136e-03 7.029712364470364939e-03 7.061749697782837565e-03 6.997771031143096634e-03 7.029616364394209935e-03 1.080254033609515628e-02 4.040365210545028216e-03 6.326119196870316763e-03 6.949952714472495616e-03 7.029584364368824355e-03 7.029712364470364939e-03 7.029712364470364939e-03 7.029712364470364939e-03 7.029712364470364939e-03 7.029728364483057296e-03 7.029728364483057296e-03 9.503528802822959823e-03 9.376288665138232670e-03 5.998192552811709884e-03 3.788628676334960740e-03 6.529840836133993937e-03 1.154437572372979393e-02 4.688891419457681849e-03 5.097929809507090876e-03 6.755713460784939714e-03 7.013669697749615184e-03 6.755833744824380274e-03 6.481971125282038650e-03 6.449981791916694143e-03 6.691831362200795913e-03 6.965589697716390201e-03 6.513864458571229019e-03 3.788628676334961174e-03 3.336775437179207923e-03 4.656987416882053636e-03
4.987051416654018736e-03 6.762103453780477814e-03 7.013687986778573136e-03 7.029696364457671716e-03 7.593397981287020385e-03 6.530149414407682498e-03 6.965685697701596256e-03 7.029616364394209935e-03 9.082181185752703084e-03 5.469047484264823004e-03 6.585807924107834471e-03 6.981876863715919673e-03 7.029648364419593780e-03 7.029712364470364939e-03 7.029712364470364939e-03 7.029712364470364939e-03 7.045771031112858102e-03 7.045771031112858102e-03 9.293403752711018942e-03 8.506779614516644938e-03 3.804625632033899023e-03 6.513944458634691667e-03 7.217457948041450938e-03 1.058272541918621121e-02 3.804657632059284169e-03 6.513912458609306087e-03 6.981712364409653655e-03 6.997643031041556050e-03 5.167211357690556540e-03 3.562718056724301779e-03 3.320828770534612739e-03 4.656971416869361280e-03 6.192154122942050698e-03 3.772586009705159935e-03 5.998160552786325171e-03 6.418040458407527071e-03 6.691799362266360150e-03
3.836563531745818684e-03 6.514024498079275076e-03 6.981729469549358483e-03 7.029632364406901424e-03 1.100645622523723985e-02 3.664603831526514095e-03 6.450242370152304769e-03 6.997579030990785758e-03 9.148030480719635676e-03 6.876917693849306755e-03 5.320269281602408792e-03 6.789577563409588713e-03 7.013750802849140487e-03 7.029712364470364072e-03 7.029696364457671716e-03 7.029744364495749652e-03 7.351619646447839912e-03 7.335663655208814367e-03 8.765475416093387179e-03 4.949854974013229506e-03 6.761940508254960826e-03 7.013687986778573136e-03 8.803520114930461424e-03 5.443602197543278252e-03 6.793820491799018937e-03 6.981714653425919251e-03 6.755713460784940581e-03 6.481971125282038650e-03 5.135297777410224342e-03 6.224087172318726671e-03 6.433987125052120955e-03 5.097812478782937085e-03 3.562629772710247233e-03 5.982197886129038064e-03 6.901739030814391454e-03 6.997499031109221876e-03 7.013605697698844892e-03
7.298819893781807039e-03 7.064609354398165668e-03 6.757774968314957109e-03 6.997693241333658928e-03 8.809645293687587767e-03 6.017284941226674205e-03 6.342129902946802567e-03 6.949853320162113594e-03 8.803462090563929365e-03 5.475585555224385392e-03 6.825905825240520183e-03 7.013799986867420497e-03 7.029712364470364072e-03 7.045656742007744278e-03 7.013831986892805209e-03 7.061717697757452852e-03 9.736346408784662260e-03 9.175524392683593114e-03 6.223982888291979335e-03 3.530817007554910153e-03 6.481875125205883645e-03 6.981762653463997187e-03 6.997643031041556050e-03 6.513912458609306087e-03 6.450029791954771212e-03 6.449933791878616207e-03 5.097828478704680491e-03 3.562629772710247233e-03 6.224087172318726671e-03 6.933680364141658892e-03 6.997547031147299812e-03 6.755729460797632938e-03 6.481971125282038650e-03 8.707501570804396240e-03 7.249223281320051407e-03 7.045608741969667209e-03 7.029712364470364072e-03
9.229585483865040269e-03 7.338680527453962654e-03 4.840903412729424121e-03 6.725753595543106263e-03 7.013654802863934432e-03 1.078657995854508285e-02 3.820586009674920968e-03 6.513976458660076380e-03 6.997723031105018698e-03 7.029680364444979360e-03 7.029712364470364939e-03 7.029712364470364939e-03 7.045771031112858102e-03 7.265469087411371638e-03 6.841903063519461266e-03 7.577666181947174603e-03 1.135029986440339034e-02 6.739686794076883182e-03 5.081938446906704605e-03 4.688872115362703076e-03 6.691927362276950918e-03 6.809799158469000135e-03 6.482151703454187494e-03 3.788596676309576462e-03 3.336775437179207923e-03 3.304882103890017988e-03 4.656955416856668924e-03 6.192154122942050698e-03 6.933648364207223996e-03 7.029520364499952829e-03 7.029680364444979360e-03 7.013701697774999896e-03 6.997675031066940762e-03 5.475514074837112104e-03 6.841834202765207165e-03 7.013831986892805209e-03 1.139850786462910485e-02
9.114061599992281243e-03 8.702246723035860637e-03 3.820586009674920968e-03 6.513976458660076380e-03 6.997723031105018698e-03 7.029680364444979360e-03 7.029712364470364939e-03 7.029712364470364939e-03 7.029712364470364939e-03 7.029712364470364939e-03 7.029712364470364939e-03 7.029712364470364939e-03 7.351569977577933172e-03 9.103430101232899696e-03 5.497832310047804510e-03 1.111449514160620794e-02 6.965653697676210676e-03 6.707817744750977501e-03 6.240097839014091714e-03 3.804591342992248281e-03 6.513944458634691667e-03 5.443602197543277385e-03 3.632643848009942718e-03 5.982312175234151021e-03 6.418024458394833848e-03 6.449901791944180444e-03 6.691831362200795913e-03 6.965589697716390201e-03 9.239397077134923336e-03 9.419481185951528862e-03 7.335567493333552264e-03 7.045739031087472522e-03 7.029696364457671716e-03 6.825905825240520183e-03 6.997903609277168410e-03 1.139850786462910485e-02 8.189381509560810998e-03
7.029712364470364939e-03 7.029712364470364939e-03 7.029712364470364939e-03 7.029712364470364939e-03 7.029712364470364939e-03 7.029712364470364939e-03 7.029712364470364939e-03 7.029712364470364939e-03 7.029712364470364939e-03 7.029744364495749652e-03 7.029712364470364939e-03 7.029680364444979360e-03 9.692389804086763358e-03 9.095860730831942589e-03 7.249300631115953089e-03 6.917733697497064141e-03 6.240049838976013778e-03 5.135329777435609054e-03 5.167211357690556540e-03 6.755849744837072630e-03 7.013701697774999896e-03 8.803552114955846136e-03 1.100636287542864494e-02 7.529403314361738514e-03 7.029600364472466528e-03 6.997659031054249273e-03 1.135033186442877678e-02 1.194620110377935321e-02 9.768489724467449564e-03 9.040840376511182983e-03 1.160846864154871892e-02 9.752387065657614276e-03 7.351635646460532268e-03 9.239609579579378604e-03 1.167246982182030754e-02 8.221418843146133942e-03 1.138262748705154426e-02
7.029664364432286136e-03 7.029712364470364939e-03 7.029712364470364939e-03 7.029712364470364939e-03 7.029712364470364939e-03 7.029712364470364939e-03 7.029712364470364939e-03 7.029712364470364939e-03 7.029712364470364939e-03 7.061765697795530788e-03 7.029744364495749652e-03 6.997723031105018698e-03 1.114654626431355045e-02 6.049230076109805149e-03 8.713673492126637957e-03 5.998208552824402240e-03 3.788628676334960740e-03 6.513912458609306087e-03 6.997723031105018698e-03 7.029680364444979360e-03 7.029712364470364939e-03 7.029712364470364939e-03 7.029712364470364939e-03 1.136635853122778400e-02 1.194621710379204643e-02 1.197827043711721315e-02 7.625597603742684770e-03 7.061749697782837565e-03 7.029744364495749652e-03 3.820586009674920968e-03 6.545997791959857516e-03 9.207627735985586190e-03 1.168848048851567345e-02 9.720583511128755294e-03 7.673446928452798584e-03 1.167250182184569399e-02 7.029712364470364939e-03
6.997807609201012538e-03 7.029664364432286136e-03 7.029712364470364939e-03 7.029712364470364939e-03 7.029712364470364939e-03 7.029712364470364939e-03 7.029712364470364939e-03 7.029712364470364939e-03 7.029712364470364939e-03 7.609458937036729827e-03 7.029792364442877771e-03 6.513976458660076380e-03 6.965717697726980968e-03 1.130223586438286118e-02 6.513976458660076380e-03 3.820586009674920968e-03 6.513976458660076380e-03 6.997723031105018698e-03 7.029680364444979360e-03 7.029712364470364939e-03 7.029712364470364939e-03 7.029712364470364939e-03 7.029712364470364939e-03 7.029680364444979360e-03 6.997723031105018698e-03 6.997627031028863694e-03 6.755729460797632938e-03 6.997659031054249273e-03 7.029648364419594647e-03 1.078659595855777607e-02 7.577469603762333403e-03 7.061733697770145209e-03 7.609618937072705307e-03 6.546029791985242229e-03 9.672517291669121414e-03 9.239369509811828918e-03 7.029712364470364939e-03
6.762062247940670706e-03 7.013703986791265492e-03 7.029696364457671716e-03 7.029712364470364939e-03 7.029712364470364939e-03 7.029712364470364939e-03 7.029712364470364939e-03 7.029712364470364939e-03 7.029712364470364939e-03 1.130234786447170854e-02 6.529985980756359241e-03 3.820570049043348938e-03 6.498014897038851927e-03 6.997675031066940762e-03 7.029680364444979360e-03 7.029712364470364939e-03 7.029712364470364939e-03 7.029712364470364939e-03 7.029712364470364939e-03 7.029712364470364939e-03 7.029712364470364939e-03 7.029712364470364939e-03 7.029712364470364939e-03 6.997723031105018698e-03 6.513912458609306087e-03 6.450029791954771212e-03 5.097828478704680491e-03 6.723806416590273269e-03 6.997709320108591938e-03 7.029648364419594647e-03 7.029744364495749652e-03 7.029696364457671716e-03 1.143059319797965628e-02 3.820586009674920968e-03 1.078659595855777607e-02 7.029680364444979360e-03 7.029744364495749652e-03
