output/water_depth_11400.asc
ncols 223
nrows 158
xllcorner 0.0
yllcorner 0.0
cellsize 30.0
[rows 68 to 84 of 158, columns 185 to 221 of 223]
1.000000000000000021e-08 1.000000000000000021e-08 1.000000000000000021e-08 1.000000000000000021e-08 1.000000000000000021e-08 1.000000000000000021e-08 1.000000000000000021e-08 1.000000000000000021e-08 1.000000000000000021e-08 1.000000000000000021e-08 1.000000000000000021e-08 1.000000000000000021e-08 3.859723186158969821e-05 9.649731203734296674e-05 8.358849634157961234e-05 1.637748983659470636e-05 3.639847463677197613e-05 8.444547876049638487e-05 1.282159428760941628e-03 1.766175484832553481e-04 1.937383755772738650e-04 1.000000100000000021e-05 1.000000100000000021e-05 1.000000100000000021e-05 1.000000100000000021e-05 1.000000100000000021e-05 1.000000100000000021e-05 1.000000100000000021e-05 1.000000100000000021e-05 1.000000100000000021e-05 1.000000100000000021e-05 1.000000100000000021e-05 1.000000100000000021e-05 1.000000100000000021e-05 1.000000100000000021e-05 1.000000100000000021e-05 1.000000100000000021e-05
1.000000000000000021e-08 1.000000000000000021e-08 1.000000000000000021e-08 1.000000000000000021e-08 1.000000000000000021e-08 1.000000000000000021e-08 1.000000000000000021e-08 1.000000000000000021e-08 1.000000000000000021e-08 1.000000000000000021e-08 1.000000000000000021e-08 1.000000000000000021e-08 3.140909075257833464e-05 2.543379134579471824e-03 1.349403559258792972e-04 4.480970530034896480e-05 1.000000000000000021e-08 1.000000000000000021e-08 8.929871824766517159e-05 1.324332529605081962e-04 2.511286399361966292e-04 1.000000100000000021e-05 1.000000100000000021e-05 1.000000100000000021e-05 1.000000100000000021e-05 1.000000100000000021e-05 1.000000100000000021e-05 1.000000100000000021e-05 1.000000100000000021e-05 1.000000100000000021e-05 1.000000100000000021e-05 1.000000100000000021e-05 1.000000100000000021e-05 1.000000100000000021e-05 1.000000100000000021e-05 1.000000100000000021e-05 1.000000100000000021e-05
1.000000000000000021e-08 1.000000000000000021e-08 1.000000000000000021e-08 1.000000000000000021e-08 1.000000000000000021e-08 1.000000000000000021e-08 1.000000000000000021e-08 1.000000000000000021e-08 1.000000000000000021e-08 1.000000000000000021e-08 1.000000000000000021e-08 2.787242941565108863e-05 2.144857589704978018e-05 2.590179150508165897e-05 1.172411368895045546e-05 1.000000000000000021e-08 1.000000000000000021e-08 1.000000000000000021e-08 5.530209259273344806e-05 1.237902154946993747e-04 3.343919299039236834e-04 1.000000100000000021e-05 1.000000100000000021e-05 1.000000100000000021e-05 1.000000100000000021e-05 1.000000100000000021e-05 1.000000100000000021e-05 1.000000100000000021e-05 1.000000100000000021e-05 1.000000100000000021e-05 1.000000100000000021e-05 1.000000100000000021e-05 1.000000100000000021e-05 1.000000100000000021e-05 1.000000100000000021e-05 1.000000100000000021e-05 1.000000100000000021e-05
1.000000000000000021e-08 1.000000000000000021e-08 1.000000000000000021e-08 1.000000000000000021e-08 1.000000000000000021e-08 1.000000000000000021e-08 1.000000000000000021e-08 1.000000000000000021e-08 1.000000000000000021e-08 1.000000000000000021e-08 1.000000000000000021e-08 4.670827319884686700e-05 2.633545736350631153e-05 1.000000000000000021e-08 1.000000000000000021e-08 1.593028150047711501e-05 1.000000000000000021e-08 1.000000000000000021e-08 4.199940698203312564e-05 1.469155793315710633e-04 2.173694474084860990e-04 1.943380224904860717e-04 1.000000100000000021e-05 1.000000100000000021e-05 1.000000100000000021e-05 1.000000100000000021e-05 1.000000100000000021e-05 1.000000100000000021e-05 1.000000100000000021e-05 1.000000100000000021e-05 1.000000100000000021e-05 1.000000100000000021e-05 1.000000100000000021e-05 1.000000100000000021e-05 1.000000100000000021e-05 1.000000100000000021e-05 1.000000100000000021e-05
1.000000000000000021e-08 1.000000000000000021e-08 1.000000000000000021e-08 1.000000000000000021e-08 1.000000000000000021e-08 1.000000000000000021e-08 1.000000000000000021e-08 1.000000000000000021e-08 1.000000000000000021e-08 1.000000000000000021e-08 1.000000000000000021e-08 5.438802442551873145e-05 1.000000000000000021e-08 1.000000000000000021e-08 1.000000000000000021e-08 1.741849897918816326e-05 1.446066582502573827e-05 1.107669338324261946e-05 3.807321836604967498e-05 1.052260121977298038e-04 3.074440829562026501e-04 1.410950353294496422e-04 1.000000000000000021e-08 1.000000100000000021e-05 1.000000100000000021e-05 1.000000100000000021e-05 1.000000100000000021e-05 1.000000100000000021e-05 1.000000100000000021e-05 1.000000100000000021e-05 1.000000100000000021e-05 1.000000100000000021e-05 1.000000100000000021e-05 1.000000100000000021e-05 1.000000100000000021e-05 1.000000100000000021e-05 1.000000100000000021e-05
1.459953477426421909e-04 1.000000000000000021e-08 1.000000000000000021e-08 1.000000000000000021e-08 1.000000000000000021e-08 1.000000000000000021e-08 1.000000000000000021e-08 1.000000000000000021e-08 2.299603262263615107e-05 1.000000000000000021e-08 1.132752549395490811e-05 8.250633207938941728e-05 1.533691561872572954e-05 1.000000000000000021e-08 1.000000000000000021e-08 1.705576033369204564e-05 2.193146133177926313e-05 2.091326070560640637e-05 3.626673982187838239e-05 1.291748357612636558e-04 4.569520076161609013e-04 1.226957812172567409e-04 2.536076749460451933e-05 2.208699468444372691e-05 1.000000100000000021e-05 1.000000100000000021e-05 1.000000100000000021e-05 1.000000100000000021e-05 1.000000100000000021e-05 1.000000100000000021e-05 1.000000100000000021e-05 1.000000100000000021e-05 1.000000100000000021e-05 1.000000100000000021e-05 1.000000100000000021e-05 1.000000100000000021e-05 1.000000100000000021e-05
1.382369660740630050e-02 1.000000000000000021e-08 1.000000000000000021e-08 1.000000000000000021e-08 1.000000000000000021e-08 1.000000000000000021e-08 1.000000000000000021e-08 1.000000000000000021e-08 1.527012658747928990e-05 1.000000000000000021e-08 1.213554359397699592e-05 1.210053795030344235e-04 2.490830714505527229e-05 1.000000000000000021e-08 1.000000000000000021e-08 1.824824075858823885e-05 4.446209442786729494e-05 2.093633667946891527e-05 3.332183646404439316e-05 7.868231893539002336e-05 6.335559192853809467e-04 1.736488047973473237e-04 1.000000000000000021e-08 1.000000000000000021e-08 1.000000100000000021e-05 1.000000100000000021e-05 1.000000100000000021e-05 1.000000100000000021e-05 1.000000100000000021e-05 1.000000100000000021e-05 1.000000100000000021e-05 1.000000100000000021e-05 1.000000100000000021e-05 1.000000100000000021e-05 1.000000100000000021e-05 1.000000100000000021e-05 1.000000100000000021e-05
1.424185748304518731e-02 1.036787188660469317e-02 2.155349552271943340e-05 1.000000000000000021e-08 1.000000000000000021e-08 1.000000000000000021e-08 1.000000000000000021e-08 1.000000000000000021e-08 1.000000000000000021e-08 1.000000000000000021e-08 3.301459447165917436e-05 1.460608717144247319e-04 2.417756576364593629e-05 1.000000000000000021e-08 1.000000000000000021e-08 1.947705301295728155e-05 6.801514919794370484e-05 3.896993428830948389e-05 2.385364689814036804e-05 9.685991890540967056e-03 1.001986771334551635e-02 3.701647830486616536e-05 1.000000000000000021e-08 1.000000000000000021e-08 1.000000100000000021e-05 1.000000100000000021e-05 1.000000100000000021e-05 1.000000100000000021e-05 1.000000100000000021e-05 1.000000100000000021e-05 1.000000100000000021e-05 1.000000100000000021e-05 1.000000100000000021e-05 1.000000100000000021e-05 1.000000100000000021e-05 1.000000100000000021e-05 1.000000100000000021e-05
1.668945556122071461e-02 1.251012301386499048e-02 2.255336438390853686e-05 1.000000000000000021e-08 1.000000000000000021e-08 1.000000000000000021e-08 1.000000000000000021e-08 1.000000000000000021e-08 1.000000000000000021e-08 1.000000000000000021e-08 3.096919395685351570e-05 2.074260905326497659e-04 3.551436493102197114e-05 1.000000000000000021e-08 1.000000000000000021e-08 1.000000000000000021e-08 7.667407448601364821e-05 2.861493015198552202e-05 7.295451963854165424e-03 8.888400995176258534e-03 9.758872123124267758e-03 1.000000000000000021e-08 1.000000000000000021e-08 1.000000000000000021e-08 1.371073762732034429e-03 1.308546355316787573e-05 1.000000100000000021e-05 1.000000100000000021e-05 1.000000100000000021e-05 1.000000100000000021e-05 1.000000100000000021e-05 1.000000100000000021e-05 1.000000100000000021e-05 1.000000100000000021e-05 1.000000100000000021e-05 1.000000100000000021e-05 1.000000100000000021e-05
2.545975921317911866e-02 7.992765131166175777e-03 2.127845536185082832e-05 1.000000000000000021e-08 1.000000000000000021e-08 1.000000000000000021e-08 1.000000000000000021e-08 1.000000000000000021e-08 1.000000000000000021e-08 1.563439885313347349e-05 2.852404393376437524e-05 2.574921186117207130e-04 3.937444439598701584e-05 1.498338999199310991e-05 1.824835668344538194e-05 1.748607684668565445e-04 1.212772839210318624e-03 1.447260875469990899e-03 2.218393470162813123e-03 7.155989854043210037e-03 1.392530430232371164e-04 1.831483691594206018e-03 3.012489483611075262e-05 1.605043390927225562e-05 1.000000000000000021e-08 1.000000000000000021e-08 1.000000100000000021e-05 1.000000100000000021e-05 1.000000100000000021e-05 1.000000100000000021e-05 1.000000100000000021e-05 1.000000100000000021e-05 1.000000100000000021e-05 1.000000100000000021e-05 1.000000100000000021e-05 1.000000100000000021e-05 1.000000100000000021e-05
2.843267258805857317e-02 1.054419017162706515e-02 2.867924466837407985e-05 1.000000000000000021e-08 1.000000000000000021e-08 1.000000000000000021e-08 1.262693959631935115e-05 2.207124616997125773e-05 3.519985877190302896e-05 5.512106153504477645e-05 1.600303775717010777e-03 5.579492786364634782e-04 5.110528490164435332e-04 7.628704969907440427e-04 1.493578290932682422e-03 1.067351674673496127e-02 1.922779323087091697e-03 1.239177289285821153e-03 1.000000000000000021e-08 1.000000000000000021e-08 1.000000000000000021e-08 1.000000000000000021e-08 1.000000000000000021e-08 1.000000000000000021e-08 1.000000000000000021e-08 1.000000000000000021e-08 1.000000100000000021e-05 1.000000100000000021e-05 1.000000100000000021e-05 1.000000100000000021e-05 1.000000100000000021e-05 1.000000100000000021e-05 1.000000100000000021e-05 1.000000100000000021e-05 1.000000100000000021e-05 1.000000100000000021e-05 1.000000100000000021e-05
3.092083270699259520e-02 1.207519357285854050e-01 1.238454399386806502e-04 1.000000000000000021e-08 1.000000000000000021e-08 1.000000000000000021e-08 1.000000000000000021e-08 1.000000000000000021e-08 1.000000000000000021e-08 1.683082329987167715e-05 1.116158801841275766e-04 1.308375679291551297e-02 1.176423508778570281e-03 1.361987734714220286e-03 1.544949064301551819e-03 1.000000000000000021e-08 1.000000000000000021e-08 1.000000000000000021e-08 1.000000000000000021e-08 1.000000000000000021e-08 1.000000000000000021e-08 1.000000000000000021e-08 1.000000000000000021e-08 1.000000000000000021e-08 1.000000000000000021e-08 1.000000000000000021e-08 1.000000100000000021e-05 1.000000100000000021e-05 1.000000100000000021e-05 1.000000100000000021e-05 1.000000100000000021e-05 1.000000100000000021e-05 1.000000100000000021e-05 1.000000100000000021e-05 1.000000100000000021e-05 1.000000100000000021e-05 1.000000100000000021e-05
1.609298001579171147e-04 9.512462754217959615e-02 4.380881714355391865e-02 1.577751020659591726e-04 1.000000000000000021e-08 1.000000000000000021e-08 1.000000000000000021e-08 1.000000000000000021e-08 1.000000000000000021e-08 1.000000000000000021e-08 8.295460244492039892e-05 1.139432997388797365e-02 1.211646373007945615e-02 1.202567094650185131e-03 2.311183889074731120e-04 1.000000000000000021e-08 1.000000000000000021e-08 1.000000000000000021e-08 1.000000000000000021e-08 1.000000000000000021e-08 1.000000000000000021e-08 1.000000000000000021e-08 1.000000000000000021e-08 1.000000000000000021e-08 1.000000000000000021e-08 1.000000000000000021e-08 1.000000100000000021e-05 1.000000100000000021e-05 1.000000100000000021e-05 1.000000100000000021e-05 1.000000100000000021e-05 1.000000100000000021e-05 1.000000100000000021e-05 1.000000100000000021e-05 1.000000100000000021e-05 1.000000100000000021e-05 1.000000100000000021e-05
1.000000000000000021e-08 1.000000000000000021e-08 4.407446220091665312e-02 2.210993604696309331e-02 1.954931559432836544e-02 4.087546026616962168e-03 1.000000000000000021e-08 1.000000000000000021e-08 1.000000000000000021e-08 1.000000000000000021e-08 5.750421891366198191e-05 3.577200190710983461e-03 9.935673646267635661e-03 1.433805772938632659e-04 3.481992978860630976e-05 1.000000000000000021e-08 1.000000000000000021e-08 1.000000000000000021e-08 1.000000000000000021e-08 1.000000000000000021e-08 1.000000000000000021e-08 1.000000000000000021e-08 1.000000000000000021e-08 1.000000000000000021e-08 1.000000000000000021e-08 1.000000000000000021e-08 1.000000100000000021e-05 1.000000100000000021e-05 1.000000100000000021e-05 1.000000100000000021e-05 1.000000100000000021e-05 1.000000100000000021e-05 1.000000100000000021e-05 1.000000100000000021e-05 1.000000100000000021e-05 1.000000100000000021e-05 1.000000100000000021e-05
1.000000000000000021e-08 1.000000000000000021e-08 1.000000000000000021e-08 2.225996939572771893e-02 1.164024020564921463e-01 9.547453092643445882e-02 4.620630728973777052e-02 2.161653100110902728e-04 1.149785824048575047e-04 1.129837618766623515e-03 1.379073022214404335e-03 2.480708783872331499e-03 2.030678793953103953e-04 2.334320575640123647e-03 1.000000000000000021e-08 1.000000000000000021e-08 1.000000000000000021e-08 1.000000000000000021e-08 1.000000000000000021e-08 1.000000000000000021e-08 1.000000000000000021e-08 1.000000000000000021e-08 1.000000000000000021e-08 1.000000000000000021e-08 1.000000000000000021e-08 1.000000000000000021e-08 1.000000100000000021e-05 1.000000100000000021e-05 1.000000100000000021e-05 1.000000100000000021e-05 1.000000100000000021e-05 1.000000100000000021e-05 1.000000100000000021e-05 1.000000100000000021e-05 1.000000100000000021e-05 1.000000100000000021e-05 1.000000100000000021e-05
1.000000000000000021e-08 1.000000000000000021e-08 1.000000000000000021e-08 6.656396065882496966e-05 6.385791624427228873e-05 5.389490664494294884e-05 3.875286461169812763e-02 8.974719503986771513e-03 2.788371363227998886e-03 1.423406268782319425e-03 1.508453200754836460e-03 1.377158748790185093e-03 1.000000000000000021e-08 1.000000000000000021e-08 1.000000000000000021e-08 1.000000000000000021e-08 1.000000000000000021e-08 1.000000000000000021e-08 1.000000000000000021e-08 1.000000000000000021e-08 1.424447339567703672e-05 1.000000000000000021e-08 1.000000000000000021e-08 1.000000000000000021e-08 1.000000000000000021e-08 1.000000000000000021e-08 1.000000100000000021e-05 1.000000100000000021e-05 1.000000100000000021e-05 1.000000100000000021e-05 1.000000100000000021e-05 1.000000100000000021e-05 1.000000100000000021e-05 1.000000100000000021e-05 1.000000100000000021e-05 1.000000100000000021e-05 1.000000100000000021e-05
1.000000000000000021e-08 1.000000000000000021e-08 1.000000000000000021e-08 1.000000000000000021e-08 1.000000000000000021e-08 1.000000000000000021e-08 3.898027205809155571e-02 1.018748309226370913e-01 9.582025679959553510e-02 1.786807095977333785e-03 1.251937319495823519e-03 7.752444192689407661e-04 1.000000000000000021e-08 1.000000000000000021e-08 1.000000000000000021e-08 1.000000000000000021e-08 1.000000000000000021e-08 1.000000000000000021e-08 1.000000000000000021e-08 1.743888963822907658e-05 1.046972054708048676e-05 1.140791981137946530e-05 1.000000000000000021e-08 1.000000000000000021e-08 1.000000000000000021e-08 1.672937702336018938e-05 1.519785368496376925e-05 1.000000100000000021e-05 1.000000100000000021e-05 1.000000100000000021e-05 1.000000100000000021e-05 1.000000100000000021e-05 1.000000100000000021e-05 1.000000100000000021e-05 1.000000100000000021e-05 1.000000100000000021e-05 1.000000100000000021e-05
