output/water_depth_1920.asc
ncols 223
nrows 158
xllcorner 0.0
yllcorner 0.0
cellsize 30.0
[rows 102 to 118 of 158, columns 37 to 73 of 223]
2.518249609904269306e-04 2.215126822445191690e-04 4.561754024004655581e-04 5.609577544239441630e-04 3.879009151345875713e-04 6.359228886966189270e-04 3.909614651223218963e-04 5.902244464903762255e-04 3.379008797273097987e-04 5.237417943509376601e-04 4.244403606237870125e-04 1.185943299165672120e-03 1.378575559783604392e-03 3.374474785296001974e-03 3.169319487239924925e-03 5.326875089301031860e-03 3.659170343401261204e-03 4.291501596963620546e-03 4.025776157303808007e-03 4.597579941251778851e-03 3.235264449696843847e-03 5.200280262629332177e-03 3.931922354695744151e-03 6.456417769690126623e-03 5.349917466824210405e-03 6.293974350605917485e-03 6.215581968985327277e-03 5.567164020155067165e-03 7.830977850901118045e-03 8.416515319806545242e-03 4.190392648259639793e-03 4.526212188866167441e-03 7.256480393832802356e-04 7.361160784828916104e-04 2.511548995796906904e-03 3.177389805495304219e-03 5.871831566848874362e-03
1.908670831124099129e-04 4.059433607536505574e-04 3.376081944294700662e-04 5.372966520392547700e-04 7.813742488597444878e-04 5.288389477000944063e-04 8.704450213613929791e-04 5.381950070374833276e-04 8.121301880258494392e-04 4.866257189361052797e-04 8.505889463339314600e-04 7.429126940589642503e-04 1.931469132090307336e-03 1.949725855021058104e-03 4.257003453751965344e-03 3.555846135381417108e-03 5.611111664428341562e-03 4.431593441349248111e-03 5.526860505911993481e-03 3.719661860944385202e-03 5.194975443377209193e-03 3.744271956709952984e-03 5.800277154771943909e-03 4.535088892929530283e-03 7.248134487706450572e-03 6.314724775758217071e-03 5.808273325862440412e-03 7.510341182220080410e-03 6.495371422214006596e-03 1.493843817003258703e-02 2.930241969587706226e-03 1.488954077003640675e-03 4.810367789921453190e-04 7.443759707997872664e-04 6.649832287900067553e-04 2.267780931217802578e-03 1.988804790766738381e-03
4.266029888360357782e-04 3.240184986461955427e-04 6.413617722920644066e-04 7.964055567965941038e-04 6.030047107654773735e-04 1.062800348885387623e-03 7.154212976349040749e-04 1.141969023455905894e-03 7.118711810356523860e-04 1.099306210564821636e-03 6.999382362265728005e-04 1.317167089077289112e-03 1.154234716679483196e-03 2.731950114239272472e-03 2.579616045424074078e-03 4.997222478295220219e-03 3.890491802810004934e-03 5.737346223571297699e-03 4.154833728343958199e-03 5.821016051415536796e-03 3.973320751964283179e-03 5.756273234569668495e-03 4.231769366152769371e-03 6.466554964651352946e-03 5.026615306155862717e-03 6.726987592442597828e-03 7.031205070498156365e-03 5.586540559814581058e-03 1.851944859579448405e-02 1.057763928941351031e-02 2.381375910797756471e-03 5.214604086212473646e-04 5.474316755874098243e-04 3.122439126655311746e-04 8.566168885416058920e-04 6.750263335466894117e-04 2.163849617629165067e-03
5.593451915865747760e-04 4.121235732836593928e-04 4.134793386685469991e-04 7.097633445426537128e-04 1.105712636137784173e-03 7.986921259840631775e-04 1.363459231205696107e-03 9.101538764720402616e-04 1.470356924411468733e-03 9.082865167919181894e-04 1.458861473034513568e-03 9.976252829746604447e-04 1.915429118349911428e-03 1.668615143112816331e-03 3.563650063213711847e-03 3.178044362707303089e-03 5.512960736656225512e-03 3.961284892690657318e-03 6.099383384694873934e-03 4.322120785987399773e-03 6.108260308289308917e-03 4.273415206021563550e-03 6.257178113287996564e-03 4.625529007814446758e-03 7.041098615647168636e-03 6.541967570965589139e-03 6.136686621154302176e-03 1.296315271381990979e-02 2.266240643849615558e-02 8.667943885274486532e-03 9.477231233802735876e-04 4.624077495479968778e-04 3.934195602169652606e-04 5.908260579638438190e-04 3.753454721000955806e-04 9.311409792714150490e-04 1.091504369762654825e-03
6.182994183109411131e-04 4.041271403865801296e-04 8.004995321731290039e-04 1.031213703730994927e-03 8.475229678240658654e-04 1.497105091397498387e-03 1.056092116881254470e-03 1.786257691346760518e-03 1.183144115607205355e-03 1.894503605363348931e-03 1.187888805300018084e-03 1.939575111362983962e-03 1.358929856144632225e-03 2.618279334791880682e-03 2.204040684604037514e-03 4.410418750727983402e-03 3.542882466618098129e-03 5.737206917100588950e-03 4.327526485059567107e-03 6.357693731439666845e-03 4.488333946647339243e-03 6.386719653059830942e-03 4.554053065893823998e-03 6.524963920390609157e-03 6.208849497493606866e-03 5.860124844749907587e-03 7.606940308280658349e-03 2.957856547141898482e-02 1.696751537816781202e-02 3.940557505716522392e-03 8.803813671731198836e-04 4.195157058679800308e-04 4.593062959335312439e-04 5.187956776174362924e-04 4.308646617471611779e-04 5.033283137282942550e-04 1.454501997881337211e-03
7.890374359055373887e-04 1.128068011424858538e-03 7.307133524745278857e-04 1.290664100931251598e-03 1.200805658182582322e-03 1.687270959020265590e-03 1.575530267206343106e-03 1.673852662544582110e-03 2.269994904768582976e-03 1.447523957092597055e-03 2.290602926743589944e-03 1.491998796904276531e-03 2.467340935853441775e-03 1.728893216850190592e-03 3.291314331948935832e-03 2.772720313031003248e-03 5.233197439831054586e-03 4.129538761397456674e-03 6.435961676683728608e-03 4.667588433812677913e-03 6.775399518195900778e-03 4.874637387833939683e-03 6.842864322770925156e-03 4.979608666254723218e-03 6.615519291728939877e-03 6.658331328799731337e-03 8.382070466355293070e-03 4.566527034576126770e-02 9.915664812745588960e-03 3.985250774842565187e-03 7.218304891300709927e-04 6.154226101686504323e-04 4.295304089052379192e-04 5.593434445355260258e-04 2.009518199049730651e-04 6.543638113313710470e-04 7.721847879386443221e-04
1.802365735791314379e-03 1.108920793850374110e-03 1.687443643575213797e-03 1.116696475532725098e-03 1.952201144576270857e-03 1.401593241607723000e-03 2.240400642653611780e-03 2.249503827459247308e-03 1.644686423601543187e-03 2.597575395997758860e-03 1.731165477511559378e-03 2.837675219375281402e-03 1.880525229430241377e-03 3.109282078966204774e-03 3.275151553869935610e-03 8.342756126187898455e-03 8.350934698280050930e-03 9.485615115328794450e-03 6.016267775820399732e-03 9.348993583112627515e-03 7.835881308079252483e-03 8.526393716223348157e-03 6.971052119680858257e-03 9.046577748347734566e-03 6.469099514064539924e-03 8.852677522629845419e-03 8.000347118523801551e-03 6.122741677831460699e-02 7.855389359164747370e-03 2.900731088405500077e-03 9.358087860604326694e-04 4.291467342306476765e-04 6.097837939749679382e-04 6.845173355330126620e-04 3.280052226928702490e-04 5.524037972190952396e-04 1.230076123824922624e-03
1.368137699020919012e-03 2.261741796278432352e-03 1.444593169450645014e-03 2.302457359174382018e-03 1.535115528071407005e-03 2.598183499121741336e-03 1.789013864668220159e-03 3.557934967063975350e-03 3.139082648325544796e-03 2.344708092362928105e-03 3.424997765490593593e-03 3.269905820977584560e-03 3.980486966661022155e-03 2.460523668834677363e-03 3.249580353256139795e-03 1.034661119651311949e-03 2.056365607209999832e-03 7.505984197793582995e-03 1.342863145493209016e-02 1.781851982072960028e-02 1.459941594403341841e-02 1.266545182067142436e-02 1.042141379015653485e-02 9.914640363947971324e-03 1.815769129421297007e-02 3.418706789707669919e-02 2.270214268450220993e-02 4.285086404055039183e-02 5.528730154277725767e-02 2.319779326966823520e-03 7.287629168392090314e-04 1.095356460843124099e-03 6.928474909074619405e-04 9.067588220665652324e-04 5.676357693823010694e-04 7.491009248472556845e-04 2.454652828622070574e-03
2.668382487082795497e-03 1.790592993883506666e-03 2.785509542544714699e-03 1.787572685963999220e-03 2.817453081657992145e-03 1.941582704844190248e-03 3.190253373099069534e-03 1.936402499906739313e-03 2.583111636178775372e-03 3.599306372235835504e-03 2.275813987216737406e-03 2.916555961169417857e-03 2.294968297411933717e-03 3.682733769884983556e-03 2.326151145642645340e-03 2.798418754207811655e-03 1.265624998250511248e-03 9.930060672075041554e-04 1.748389475685158513e-03 5.611643779768981082e-04 6.311003352127987284e-03 9.481568345878089304e-03 1.823821344967799934e-02 2.544928744664482975e-02 2.549056729649031364e-02 1.579523820357455616e-02 3.691206256468987368e-02 8.600914026817366165e-02 7.305192390279767467e-02 5.785180229620805886e-02 1.947702618338577329e-02 3.222389228592514691e-03 1.740590861390279177e-03 1.247505973740158916e-03 9.444844324583638161e-04 2.074079226599263599e-03 3.406588795364410508e-03
3.235132829006817558e-03 2.736545642831802062e-03 1.972929006288466278e-03 3.196026073608927796e-03 2.161448508556964611e-03 3.551033293387834740e-03 3.647576560705859811e-03 2.711857215501079030e-03 2.946298064009415362e-03 2.442227232391136656e-03 3.854581829609563057e-03 2.492525427975917935e-03 3.832644197811312103e-03 2.644683171033414965e-03 4.035855224083037367e-03 2.334614173342891737e-03 2.890680824855839520e-03 1.362117679250016838e-03 2.075189644410488799e-03 1.283875873878892720e-03 2.821061114089962012e-03 5.924613920515488935e-03 2.164355943522932278e-03 1.707291479422319656e-03 2.612076756356878130e-04 4.925113446608872340e-04 3.327155731949674850e-04 6.077043225483813767e-04 7.792262754432664751e-02 6.961166393560558330e-02 4.576148023064300491e-02 2.483726275653406340e-02 1.326633383765565832e-02 7.856022592223725620e-03 6.824715720720983189e-03 3.307796289634828274e-03 3.325746097782679173e-03
3.742049962449159328e-03 2.391381305377336848e-03 3.609083394565526862e-03 2.491512959569262137e-03 3.940394028071708861e-03 5.717749905358459478e-03 3.329392408411506032e-03 2.141535913241450310e-03 2.771859410698291129e-03 3.773700547212164962e-03 2.947614663505178194e-03 4.338275427189601345e-03 2.766793045683843891e-03 4.379973902991897948e-03 3.062400255372833835e-03 4.228861863276853206e-03 2.483062693319449017e-03 3.167280809090246806e-03 2.128601955894269485e-03 1.524778861598010890e-03 3.584957442990988671e-03 3.724582907212375255e-03 4.431182123373060555e-03 2.211751239712712869e-03 2.158963433852426929e-03 7.853099318270845546e-04 7.095276980821800051e-04 8.985701811204746406e-04 3.466961259970184985e-04 3.573899952291750837e-02 4.176475825073204529e-02 3.398189507946295512e-02 2.412260739177647315e-02 1.652465679016600075e-02 1.443159665857553058e-02 1.217109264495439165e-02 3.480636358339206024e-03
2.926790297373334151e-03 4.308363255047250630e-03 2.932902066188376212e-03 4.466130987395501746e-03 3.119214865886336951e-03 1.137467858848023941e-02 2.149784184723472699e-03 1.916138485869964877e-03 2.320217481006686591e-03 3.326553653179658687e-03 3.382284660997741509e-03 4.105215537273439012e-03 3.649007996503522179e-03 3.713900120493069529e-03 5.105310800683078923e-03 3.146583843965590228e-03 4.569070899443824704e-03 2.678787179279044049e-03 2.908667691227556727e-03 3.137316356984698983e-03 2.435361283846366152e-03 4.642749284556560441e-03 3.225917296476739880e-03 4.230367252935671174e-03 2.305656367799017916e-03 2.534464523896403417e-03 1.168210190290316312e-03 1.173242144616915570e-03 4.207749723372172595e-04 1.850948296890340961e-02 3.077725766027792492e-02 3.307526600868506556e-02 2.915228156301375578e-02 2.320601475770084007e-02 2.141150123933267466e-02 1.746426772985621226e-02 1.600565033229316494e-02
4.451087760339603183e-03 3.468947656489015062e-03 5.231729108232901007e-03 3.420171695856972800e-03 5.367649360799701258e-03 6.544927825034053959e-03 6.242811843199609981e-03 3.175067930903420488e-03 3.983153287876428986e-03 2.608088473668359036e-03 4.324586950939141722e-03 3.084986979176177271e-03 4.697823571214506527e-03 3.879412860371027512e-03 4.854508403252474381e-03 5.123942499122954158e-03 2.962415645597196289e-03 4.239741970988461506e-03 3.687713718046718454e-03 2.596200954141716054e-03 3.948749286937736254e-03 3.031887089824083538e-03 4.851254770951447803e-03 3.250765677068133408e-03 4.362114205881178694e-03 2.573585261555899097e-03 3.065521588755031144e-03 1.415498512233108637e-03 1.588753383578292650e-03 1.065818778043194949e-02 2.049023300488784019e-02 2.706307322035495302e-02 2.860796327489288984e-02 2.628575582040301381e-02 2.701922526906260294e-02 2.373182009664228168e-02 3.389297349754262501e-02
2.787059783368834795e-03 5.021505646937877293e-03 4.043228153226694627e-03 6.319587358122740438e-03 4.017288119565056576e-03 7.751357638226334147e-03 5.351314648883864419e-03 6.494804753669496458e-03 3.946737116970767782e-03 5.028844687260233294e-03 3.558192915020780452e-03 5.041912500373054579e-03 3.288984630996165046e-03 5.100448265867686855e-03 6.430893475697742508e-03 5.388300820835898765e-03 5.090355470224582762e-03 2.807328251378437591e-03 3.797330059481964296e-03 3.830866071250332936e-03 2.862739288450145709e-03 4.451533316905071334e-03 3.387603007897453840e-03 5.191436612563257724e-03 3.425189154697776215e-03 4.284196770313069072e-03 3.164597302478064627e-03 3.381164969818928161e-03 2.830169589262122171e-03 9.339991157215393747e-02 5.558315685662718053e-02 4.108586503847030252e-02 3.561422048595357798e-02 2.083683278172915321e-01 2.942229663415979468e-01 3.390717619895629587e-01 3.722784362407057790e-01
3.471811239543111036e-03 2.792357083521716538e-03 5.596094417150273767e-03 3.964941400275029740e-03 6.059143258216930818e-03 5.215330801217808038e-03 7.905211600881499601e-03 5.562044888280571857e-03 7.076195294441728345e-03 4.649709304109419204e-03 5.998536868534280579e-03 3.915189878859106493e-03 5.342853862535058840e-03 3.814512385389746095e-03 6.738735443552974769e-03 5.555239296745726960e-03 7.310437241750722230e-03 4.240418240564230133e-03 2.838266603593936864e-03 3.973278382404855404e-03 3.556096214386174521e-03 3.697917752756851428e-03 5.038444419866653159e-03 3.683592771409507742e-03 5.429091812695289142e-03 4.908273792087127982e-03 4.534199678528614413e-03 4.502138036957196998e-03 1.580686226012398277e-01 1.461187191007667918e-01 2.305523321985748775e-01 2.785631951698939179e-01 3.092897341931089006e-01 1.538185411429283667e-01 7.645141514413103523e-02 3.786298788265608090e-02 2.240304682668601763e-02
2.079987488563654965e-03 4.003205730091247139e-03 3.169721771272132876e-03 5.588863450096941826e-03 4.292685870349381184e-03 7.162131914554340645e-03 5.532724081506602831e-03 7.955507881883113960e-03 5.530713985926411294e-03 7.305754425410787567e-03 4.827654600314332765e-03 6.754100673070324162e-03 4.093035189909627163e-03 5.930921758991447405e-03 4.708399252622752842e-03 6.941168180124696573e-03 5.541367169441698687e-03 5.235625020860031412e-03 5.431591067964084384e-03 3.436983995271518204e-03 4.903340046518990872e-03 4.609004746058306158e-03 3.716457897641925467e-03 5.594597702123196153e-03 4.064957710034082863e-03 4.800719771632940003e-03 8.621445942000087459e-03 3.259907669963642562e-01 1.600030696198691815e-01 7.841465215178379522e-02 3.840612620087464901e-02 1.898086032185844138e-02 9.447496007209624930e-03 6.704042305576252136e-03 3.148892770470864116e-03 3.025714115311195582e-03 8.561671108557708694e-04
2.963304240049385689e-03 2.510920682758984585e-03 4.667800755561901833e-03 3.687048795371397278e-03 6.101101682617168787e-03 4.917799606934000062e-03 7.324490833985503394e-03 5.572019609624345032e-03 7.828193862211015042e-03 5.438727972390321012e-03 7.612299441397003472e-03 5.125783686244457169e-03 6.964735256263988872e-03 4.650848846591361212e-03 6.894060700771753591e-03 5.093579094967351679e-03 7.648645946191335275e-03 6.671632638196419579e-03 4.688763666280027984e-03 5.917307104868175030e-03 3.996621799138204943e-03 6.292469373135840989e-03 1.892011766246503857e-01 2.791430647333292270e-01 3.190834207318383742e-01 3.335369046813859151e-01 4.192879567671469743e-01 3.829238294987459268e-01 2.566384737180440068e-03 9.104795618136866725e-04 4.563075435996732845e-04 4.710069913890658892e-04 5.303165710453978943e-04 3.423908586163484100e-04 7.492511585480240337e-04 8.809655084881065938e-04 1.832520427509986909e-04
