output/water_depth_6600.asc
ncols 223
nrows 158
xllcorner 0.0
yllcorner 0.0
cellsize 30.0
[rows 68 to 84 of 158, columns 111 to 147 of 223]
1.000000000000000021e-08 7.114886368193397220e-05 1.000000000000000021e-08 1.340798646503974588e-05 1.000000000000000021e-08 1.908059543378993081e-05 1.000000000000000021e-08 1.000000000000000021e-08 1.948189372310801701e-05 3.499019174029321683e-04 2.223412746900828318e-04 1.284559948385190480e-04 1.075072858092637130e-05 1.000000000000000021e-08 1.000000000000000021e-08 1.000000000000000021e-08 1.000000000000000021e-08 1.000000000000000021e-08 1.000000000000000021e-08 1.000000000000000021e-08 1.000000000000000021e-08 1.000000000000000021e-08 1.000000000000000021e-08 1.000000000000000021e-08 1.000000000000000021e-08 1.039548031320813451e-05 1.044255183905990564e-05 2.983863884599667344e-05 4.009634432871605515e-03 5.147621650802511068e-04 1.000000000000000021e-08 1.000000000000000021e-08 3.730160957401609513e-05 3.781129966863833425e-05 1.000000000000000021e-08 1.000000000000000021e-08 1.668766863180734579e-05
1.177988095079060332e-04 5.246594852801759806e-04 1.834567231809841126e-03 6.418844478255364937e-03 8.380019161449918375e-03 5.707145430969453974e-03 5.177138160983886343e-03 1.908189531881942429e-05 1.109453087557008760e-05 1.715504135376455698e-05 1.032505272560194326e-04 1.000000000000000021e-08 1.000000000000000021e-08 1.000000000000000021e-08 1.000000000000000021e-08 1.000000000000000021e-08 1.000000000000000021e-08 1.000000000000000021e-08 1.000000000000000021e-08 1.000000000000000021e-08 1.000000000000000021e-08 1.453979002409456734e-05 2.758615357642831448e-05 1.000000000000000021e-08 1.000000000000000021e-08 1.000000000000000021e-08 1.000000000000000021e-08 1.000000000000000021e-08 1.248140738386605799e-05 6.390386358507097343e-04 4.439910768643145805e-04 3.305374328725659678e-04 7.748986506006815033e-05 4.263936808203175571e-05 1.000000000000000021e-08 1.000000000000000021e-08 1.522571026847627578e-05
3.088331431023294462e-03 9.590836709655235770e-03 9.251245929522785086e-03 6.301837632037437381e-03 4.372815774671435021e-03 8.221564456918423885e-03 1.020353365927907131e-02 2.609708694198903736e-03 1.000000000000000021e-08 1.000000000000000021e-08 1.000000000000000021e-08 1.000000000000000021e-08 1.000000000000000021e-08 1.000000000000000021e-08 1.242081706212606137e-05 1.000000000000000021e-08 1.000000000000000021e-08 1.000000000000000021e-08 1.000000000000000021e-08 1.000000000000000021e-08 1.000000000000000021e-08 2.614608951195964600e-05 1.000000000000000021e-08 1.000000000000000021e-08 1.000000000000000021e-08 1.000000000000000021e-08 1.000000000000000021e-08 1.000000000000000021e-08 1.000000000000000021e-08 5.941519939884582304e-05 3.864747286399129321e-04 5.671784578016621898e-05 1.000000000000000021e-08 4.651471654737310822e-05 1.000000000000000021e-08 1.000000000000000021e-08 1.381944939351089482e-05
2.112141903089387231e-03 3.037708050146593116e-03 1.495240959683099050e-04 1.000000000000000021e-08 1.000000000000000021e-08 1.000000000000000021e-08 1.025787859751671818e-02 1.061166279130621934e-02 1.628126827369317945e-05 1.000000000000000021e-08 1.000000000000000021e-08 1.000000000000000021e-08 1.000000000000000021e-08 1.000000000000000021e-08 1.000000000000000021e-08 1.000000000000000021e-08 1.000000000000000021e-08 1.000000000000000021e-08 1.000000000000000021e-08 1.000000000000000021e-08 1.000000000000000021e-08 2.719086188951508933e-05 3.155468847780382332e-05 1.000000000000000021e-08 1.000000000000000021e-08 1.000000000000000021e-08 1.000000000000000021e-08 1.000000000000000021e-08 1.309881591043176590e-05 7.422516059207636828e-05 4.324922069486441807e-04 1.029172969010582568e-03 1.775563102605097129e-04 3.654935641331408280e-05 1.000000000000000021e-08 1.000000000000000021e-08 1.597260791543740293e-05
1.221289812636782704e-03 1.523078296845213750e-03 2.359047139071530897e-04 1.000000000000000021e-08 1.000000000000000021e-08 1.000000000000000021e-08 2.787737212841070056e-03 1.178958447722632322e-02 6.375908668587952752e-05 1.000000000000000021e-08 1.000000000000000021e-08 1.000000000000000021e-08 1.000000000000000021e-08 1.000000000000000021e-08 1.000000000000000021e-08 1.000000000000000021e-08 1.000000000000000021e-08 1.000000000000000021e-08 1.000000000000000021e-08 1.000000000000000021e-08 1.000000000000000021e-08 1.000000000000000021e-08 4.825340065708186624e-05 1.000000000000000021e-08 1.000000000000000021e-08 1.000000000000000021e-08 1.000000000000000021e-08 1.287492471229599570e-05 1.000000000000000021e-08 1.000000000000000021e-08 1.000000000000000021e-08 9.165048873494685945e-04 1.297256168134334683e-03 2.521991638206763395e-05 1.000000000000000021e-08 1.000000000000000021e-08 1.000000000000000021e-08
9.509097733087349714e-05 1.183411359159512342e-03 1.615582755169319828e-04 1.920269745997324408e-04 1.797339629813414865e-04 2.764348387633711935e-04 2.411536363610514459e-04 4.226540466539942947e-02 1.240811375635663717e-02 6.531200917703613919e-05 1.000000000000000021e-08 1.000000000000000021e-08 1.000000000000000021e-08 1.000000000000000021e-08 1.000000000000000021e-08 1.000000000000000021e-08 1.000000000000000021e-08 1.000000000000000021e-08 1.000000000000000021e-08 1.000000000000000021e-08 1.000000000000000021e-08 1.000000000000000021e-08 6.746890967535980441e-05 1.000000000000000021e-08 1.000000000000000021e-08 1.000000000000000021e-08 1.000000000000000021e-08 1.000000000000000021e-08 1.000000000000000021e-08 1.000000000000000021e-08 1.000000000000000021e-08 1.000000000000000021e-08 6.804320975874715441e-04 4.799315624227334497e-04 2.522384645824326979e-04 1.567235078505856377e-04 1.115336123302690272e-04
1.706191184552995413e-03 2.033632219804168743e-04 1.804761300207646945e-05 1.211579378312416328e-05 1.497442469983064055e-04 1.224191495490513056e-04 1.000000000000000021e-08 1.000000000000000021e-08 1.190204804647382146e-02 2.193727143798942288e-03 1.000000000000000021e-08 1.000000000000000021e-08 1.000000000000000021e-08 1.000000000000000021e-08 1.000000000000000021e-08 1.000000000000000021e-08 1.000000000000000021e-08 1.000000000000000021e-08 4.012777750065578717e-05 1.000000000000000021e-08 1.000000000000000021e-08 2.429104527454998329e-05 8.814016084831183566e-05 1.000000000000000021e-08 1.000000000000000021e-08 1.000000000000000021e-08 1.000000000000000021e-08 1.000000000000000021e-08 1.000000000000000021e-08 1.000000000000000021e-08 1.000000000000000021e-08 1.000000000000000021e-08 4.012116417758521385e-05 5.230873406624342303e-04 3.712617042729565307e-04 2.477089436601471149e-04 1.000000000000000021e-08
2.982002305720449480e-03 1.708968297040374610e-04 1.416230717609054412e-05 1.632408643765550349e-05 1.662189025956510859e-05 3.426608895946184715e-05 1.000000000000000021e-08 1.000000000000000021e-08 1.194249729013679810e-02 7.186756240689870512e-02 6.333903315676925327e-02 1.291148941621170947e-04 1.000000000000000021e-08 1.000000000000000021e-08 1.366465747017946500e-05 1.448952648280969496e-05 2.058538290340171788e-05 1.000000000000000021e-08 1.782173606564194102e-02 1.604160222316218520e-02 1.821478926488065420e-02 1.849686785408933068e-02 1.762309189504727980e-02 1.156228257832204141e-02 1.131281806356367221e-02 2.689440837422038574e-05 1.000000000000000021e-08 1.000000000000000021e-08 1.000000000000000021e-08 1.000000000000000021e-08 1.000000000000000021e-08 1.000000000000000021e-08 3.098078202376560591e-04 4.555444348742048442e-04 4.250525261910443318e-04 2.628789104423603093e-04 1.159280809905407361e-04
6.334772998464774200e-03 1.629142259823009660e-04 1.218124234949536830e-05 4.279104024406647240e-05 5.893598639257669234e-05 3.746417993356087505e-05 3.044100818816244404e-05 1.000000000000000021e-08 2.569218167196698420e-05 3.667107415763668464e-05 4.641976699845222487e-02 1.551558511484479874e-02 1.555233578322776609e-02 1.616053813097910116e-02 1.628943876607751029e-02 1.669961087858810866e-02 1.687151629014886287e-02 1.692709685435202921e-02 1.755314603681724234e-02 1.000000000000000021e-08 1.000000000000000021e-08 1.000000000000000021e-08 3.948500741978013505e-03 1.415970836976024848e-02 8.325507044679476831e-02 6.448254791437196820e-02 2.710014168342393150e-04 3.198201862936794548e-05 2.192788775484268935e-05 1.000000000000000021e-08 1.000000000000000021e-08 1.000000000000000021e-08 1.174077740367333346e-02 1.960811386255787575e-02 2.144254054696957679e-02 2.228841210928015834e-02 5.163793946032790849e-02
7.540870538527013646e-03 1.522763669403291590e-03 1.972635587494066180e-05 1.000000000000000021e-08 1.000000000000000021e-08 1.000000000000000021e-08 1.000000000000000021e-08 1.376194615224878885e-05 1.581737723397205105e-05 1.693797507089310462e-05 2.847700612099077065e-05 1.000000000000000021e-08 4.140982616762305888e-05 8.462317362561139872e-05 1.000000000000000021e-08 2.107847982243951242e-05 1.000000000000000021e-08 1.055486312570731773e-05 1.000000000000000021e-08 1.000000000000000021e-08 1.947077024653732282e-05 1.000000000000000021e-08 1.492708678009415586e-05 2.786547142517786788e-05 5.468472748099402432e-05 2.206023156446883238e-02 2.247234665033904719e-02 2.286714579699236985e-02 2.325083415114731489e-02 2.360756874461312355e-02 2.389439037247746006e-02 2.404344390440651957e-02 1.515911681279681796e-02 9.502733909331611065e-03 2.510843767573421939e-03 7.690718650460584083e-04 4.374911560505698183e-02
6.089726458859648361e-03 6.108299557730899852e-03 3.609885437483358202e-05 1.000000000000000021e-08 1.000000000000000021e-08 1.174625647625445523e-05 1.522955629318227769e-05 1.000000000000000021e-08 1.000000000000000021e-08 1.000000000000000021e-08 1.000000000000000021e-08 4.908096697764130793e-05 5.123977685782268800e-05 7.775850659538167519e-05 1.000000000000000021e-08 1.000000000000000021e-08 1.000000000000000021e-08 1.000000000000000021e-08 1.000000000000000021e-08 1.000000000000000021e-08 1.108152790712984276e-05 1.431325546346011057e-05 1.494506377723310141e-05 1.723000873074125071e-05 1.000000000000000021e-08 7.126222608012798998e-05 1.000000000000000021e-08 4.805281588013063376e-05 1.000000000000000021e-08 2.918760104924184460e-05 1.772538248592958016e-05 1.000000000000000021e-08 1.000000000000000021e-08 1.000000000000000021e-08 1.000000000000000021e-08 1.000000000000000021e-08 9.328856203353003227e-05
4.150753878454900049e-03 5.276441790024667851e-03 5.506851355349398451e-03 3.517635516043242556e-05 1.000000000000000021e-08 1.348257341761661956e-05 1.993271031962415277e-05 3.138670466536896416e-05 1.000000000000000021e-08 1.000000000000000021e-08 7.406415010968252471e-05 6.862019049432161453e-05 3.825389399921755166e-05 3.795007023357645606e-05 1.000000000000000021e-08 1.000000000000000021e-08 1.000000000000000021e-08 1.000000000000000021e-08 1.000000000000000021e-08 1.000000000000000021e-08 1.000000000000000021e-08 1.037382804554692037e-05 1.175851145377475826e-05 1.149636176279676297e-05 1.278521012773646974e-05 1.000000000000000021e-08 1.563578580593703903e-05 1.000000000000000021e-08 1.000000000000000021e-08 1.000000000000000021e-08 1.054394315543587714e-05 1.000000000000000021e-08 1.000000000000000021e-08 1.000000000000000021e-08 1.189822985725919807e-05 1.000000000000000021e-08 5.716764572517031822e-05
5.426906248145532338e-03 1.035316360369075393e-02 6.362635461999284481e-02 5.612852815849018323e-02 4.423301235715956792e-02 9.985152476728069090e-03 8.796599663106858050e-03 1.681858769485382581e-03 9.948485083173161901e-04 7.909493110463979406e-04 1.221441706468672167e-04 1.000000000000000021e-08 1.000000000000000021e-08 1.000000000000000021e-08 1.000000000000000021e-08 1.000000000000000021e-08 1.330727091041123723e-05 1.464153012649792041e-05 1.000000000000000021e-08 1.000000000000000021e-08 1.000000000000000021e-08 1.000000000000000021e-08 1.000000000000000021e-08 1.000000000000000021e-08 1.000000000000000021e-08 2.825153033113299314e-05 1.080958741970432401e-05 1.645333275061785472e-05 1.000000000000000021e-08 1.000000000000000021e-08 1.000000000000000021e-08 1.000000000000000021e-08 1.000000000000000021e-08 1.000000000000000021e-08 1.108902993162954569e-05 1.000000000000000021e-08 4.043243481758246110e-05
2.645993012772176675e-03 2.205426856861859592e-03 1.421768400276438417e-03 9.014790004921470739e-04 3.955026845166907212e-04 6.412704438970514426e-03 7.755240538642233297e-03 2.106780818378023706e-03 1.946196390837361687e-03 6.328049553655605824e-04 7.751775376191048284e-05 1.000000000000000021e-08 1.000000000000000021e-08 1.000000000000000021e-08 1.256505390394037212e-05 1.499825373983424110e-05 3.513563078163773289e-05 1.000000000000000021e-08 1.000000000000000021e-08 1.000000000000000021e-08 1.306346687609839989e-05 1.733907725438285424e-05 1.266475653597206840e-05 1.513659145137098991e-05 4.770803949219067064e-05 1.669460606614700594e-05 1.103988283750206127e-05 1.000000000000000021e-08 1.000000000000000021e-08 1.000000000000000021e-08 1.000000000000000021e-08 1.000000000000000021e-08 1.000000000000000021e-08 1.000000000000000021e-08 1.200660894723031070e-05 1.000000000000000021e-08 4.193291941961364898e-05
1.796713953751422803e-03 9.816393981134585115e-04 4.839141535979755949e-04 2.676819042728563296e-04 2.620986533626331987e-04 1.172093158958943584e-03 2.649413685547110601e-03 3.040560858817170468e-03 3.397505392682549120e-03 5.459145200889481365e-04 6.696128895270469768e-05 1.000000000000000021e-08 1.000000000000000021e-08 1.204712909259990971e-05 1.964621987803010137e-05 2.798680446185004950e-05 1.000000000000000021e-08 1.000000000000000021e-08 1.111966210966160061e-05 1.608187930534988721e-05 2.138906432584187874e-05 2.972071003949954064e-05 4.495238522105168485e-05 1.111884091603871646e-04 1.044487487392360984e-04 1.000000000000000021e-08 1.000000000000000021e-08 1.000000000000000021e-08 1.000000000000000021e-08 1.000000000000000021e-08 1.000000000000000021e-08 1.000000000000000021e-08 1.000000000000000021e-08 1.000000000000000021e-08 1.258144184710639180e-05 1.000000000000000021e-08 4.890320324511816645e-05
3.954302476022506603e-04 1.889412957659315545e-04 3.237862498874358370e-04 2.821936642207705892e-04 2.627625164976284014e-04 7.573348140108065920e-04 1.061332125489188385e-03 5.432664127568269559e-03 3.028984092336782508e-03 3.615703921776608661e-04 5.367568740731405762e-05 1.000000000000000021e-08 1.000000000000000021e-08 1.760052996144428406e-05 2.127957074761390515e-05 2.805337950435478141e-05 2.615621638216765482e-05 1.943141978273847802e-05 1.000000000000000021e-08 1.702405559551704262e-05 1.000000000000000021e-08 1.024976148993361519e-04 7.363207341199004465e-05 7.408475307872480471e-05 1.000000000000000021e-08 1.111235705355292412e-05 1.535136189923109521e-05 1.039856996692414466e-05 1.000000000000000021e-08 1.000000000000000021e-08 1.000000000000000021e-08 1.265995303668394884e-05 1.000000000000000021e-08 1.000000000000000021e-08 1.097785489289636734e-05 1.000000000000000021e-08 5.156686592457556111e-05
6.133593466940297201e-05 4.823459176812141581e-05 6.761751177006480255e-05 4.765399629785883081e-04 3.734759818575237363e-04 2.429901717368828826e-04 1.087504328372347097e-03 1.273112582907969664e-02 3.218962070580174643e-03 1.000000000000000021e-08 9.038503686342891786e-05 2.051152451573056944e-05 1.000000000000000021e-08 1.000000000000000021e-08 2.182492777435710590e-05 1.000000000000000021e-08 2.072982164861423261e-05 3.465061196949730958e-05 1.000000000000000021e-08 1.000000000000000021e-08 1.000000000000000021e-08 6.799976976475169334e-05 1.463101061116170790e-04 5.387124298175082875e-05 1.000000000000000021e-08 1.000000000000000021e-08 1.443451616228624335e-05 1.000000000000000021e-08 4.089296204439166085e-05 3.419194755713656034e-05 3.592936917557564946e-05 1.551363387251206789e-05 1.000000000000000021e-08 1.000000000000000021e-08 1.000000000000000021e-08 8.278468674249727266e-05 3.977762808488502060e-05
