output/water_depth_2280.asc
ncols 223
nrows 158
xllcorner 0.0
yllcorner 0.0
cellsize 30.0
[rows 51 to 67 of 158, columns 111 to 147 of 223]
1.975450750279766768e-04 1.526317533992602377e-04 4.646007417308512628e-05 6.273702612545534781e-05 8.442969856028202191e-05 1.156946501421248088e-04 1.208514521248926587e-04 1.343701890028256270e-04 1.208033961252016664e-04 1.672956267101413056e-04 2.022675991355178432e-04 3.579950783367196018e-04 5.757796664534529756e-04 4.972127021197657792e-04 6.965787425268435027e-04 6.217556160670224688e-04 6.588154432024537818e-04 6.469693158279861921e-05 2.597549393906798613e-05 2.788489510352653279e-05 1.421362127857161770e-05 1.949605412328763303e-05 1.775421282470541934e-05 5.676924912887489663e-05 3.197749278533462301e-04 2.849973174964451459e-04 2.498497571950273949e-04 1.281910486239691018e-04 1.638596163156197730e-04 6.771461617334671116e-04 7.891668658162867209e-04 1.219197107510856543e-03 1.002067050441876519e-03 8.100592951737763895e-04 4.136385114286966736e-04 1.853841466981322704e-03 2.357855218036603376e-03
9.415950552469568979e-05 4.698193053017903683e-05 1.725555952539731440e-05 3.537696284462329402e-05 5.218388927519686780e-05 7.771062521906541660e-05 6.370624844438797665e-05 5.356957720547454656e-05 4.410760261716087339e-05 1.019276640951100141e-04 1.054368428016359740e-04 1.252061578957270043e-04 1.414358254891947718e-04 1.578941097929055645e-04 1.000000000000000021e-08 1.375471868512799891e-04 1.444779990089218712e-04 1.409367039868003125e-04 1.222498312087526805e-04 1.428572222713135012e-04 1.562144275830982740e-04 1.814381265795427390e-04 3.696969073440265516e-04 2.502464564498761896e-04 1.667643616124391752e-04 1.221917158836029226e-04 9.123552388630466129e-05 1.448738497189318612e-04 3.687162292380430969e-04 2.553031632272053167e-04 3.848792938551041758e-04 1.823804011835657233e-04 2.198782564233731063e-04 1.350740091348524082e-04 4.277803641891463429e-04 2.046565479316538039e-03 1.221230937155657129e-03
2.213311993824720522e-04 6.827674226881522786e-05 4.906358612331087081e-05 1.335791659835814322e-05 1.692181483258354042e-05 3.115020375522506565e-05 1.768480865738960943e-04 1.938666309408161711e-04 1.892642040527081572e-04 1.159357696822933847e-04 1.133219530222685453e-04 1.447511063045611929e-04 9.439538921193898428e-05 7.790961136629717578e-05 9.997462126747660690e-05 8.320675444166322461e-05 6.689770613412675032e-05 5.435382635904586091e-05 6.579527822409131084e-05 6.284955064354614846e-05 6.106064245146193136e-05 7.294619590973341189e-05 1.412060974813579496e-04 4.909626148841924513e-04 8.094966776216161973e-04 2.147655849708385680e-04 1.821882305228485644e-03 1.441016401536021488e-03 3.824108588963443661e-04 4.060380229548574745e-04 1.817865609349089522e-04 1.673698872569569002e-04 6.701996492384327750e-05 9.606033583058363676e-04 1.645498879843144968e-03 2.706439294064027189e-03 9.630321671112345230e-04
2.119240321161683122e-04 9.423928981911238389e-05 6.109192217273115024e-05 1.935220210731801015e-05 4.503081674124004969e-05 7.567924383475851458e-05 8.511253721393041206e-05 1.548804155363329711e-04 1.845383235411821412e-05 1.088654557020221197e-05 1.000000000000000021e-08 1.000000000000000021e-08 2.727799477231407607e-05 7.561851235865847708e-05 1.000000000000000021e-08 1.000000000000000021e-08 9.060352961131977858e-05 9.981510134574583381e-05 1.188089744143963980e-04 1.594925858787113601e-04 1.798267906888041266e-04 1.717003943514416918e-04 1.355042005780853051e-04 2.022684820889019699e-04 2.456635679320669035e-04 1.444182222054712092e-03 1.408142660338841364e-03 1.861681034500714798e-03 1.288357451781371385e-03 2.090821956113047978e-04 1.476671072262063559e-04 1.306786832378669294e-04 2.644702958743827678e-04 5.631845110734712972e-04 1.452579708297745392e-03 4.652364431385554752e-04 2.074452172588997848e-04
4.693925857294005909e-04 1.344962609053812919e-04 7.955938814576519157e-05 2.006614973247979972e-05 7.101288247654252825e-05 8.649950824398862923e-05 1.208920369484432409e-04 1.308835196894976974e-05 1.907970001392698988e-05 1.503437580083945443e-05 1.817344731420103717e-05 3.142741056376970423e-05 1.000000000000000021e-08 1.000000000000000021e-08 1.570150425008097497e-05 3.076530165086241832e-04 1.182312101427472791e-04 1.060835382934515277e-04 1.622343099229423230e-04 3.388719355049900719e-04 5.569869285032647086e-04 7.847678654303276782e-04 1.006758234540084578e-03 1.366030039865148574e-03 1.563835380409639084e-03 1.094500061172655470e-03 8.508881808899813274e-04 6.546978639900345558e-04 8.712670231057623171e-04 7.242848886014887299e-05 6.004814008067349958e-05 7.811911229959368492e-05 4.518158305015367330e-04 1.394930759293010582e-03 5.904648298958132743e-04 6.935468279872130434e-05 2.363301577335089889e-04
1.561050636465114794e-03 2.019072061954191137e-04 9.272313071810929670e-05 1.000000000000000021e-08 6.161179314235777074e-05 1.078820042768392670e-04 1.572825335398801803e-04 1.904357536831911764e-05 1.265610031876560379e-05 2.168312782788653286e-05 1.328031344164816368e-05 3.474872483929544411e-05 1.000000000000000021e-08 1.000000000000000021e-08 2.568989452459134216e-04 7.276773359087656797e-04 1.504830618551169781e-04 3.303576335070938243e-04 1.820093886219819918e-04 1.925155027096325572e-04 2.042517977785934916e-05 3.790932315171083788e-04 5.833146311824778446e-04 5.172326353836769440e-04 7.400533124213694389e-04 8.923835317473014211e-04 2.140188193053558553e-04 1.044583666556356521e-03 1.198455825150733728e-03 3.999972404490426472e-04 4.552727078930841583e-04 6.191103210472999373e-04 4.960791544103820144e-04 8.359337219131144324e-04 7.679908959152397527e-04 4.343097899251365917e-05 2.726437172365409772e-04
2.014336841260379318e-03 4.950100096291586279e-04 1.157364160585380361e-04 1.000000000000000021e-08 7.583921596208327586e-05 1.293584149753747455e-04 1.751742599430256890e-05 1.215351079740708644e-05 2.203786324453631121e-05 1.457400438072949435e-05 2.478629951631853575e-05 6.157046512265650366e-05 1.000000000000000021e-08 1.000000000000000021e-08 1.291703103913424519e-05 1.533962664626251863e-03 5.405500604900202559e-03 4.069768736272305496e-05 1.000000000000000021e-08 1.702382817787298172e-04 1.921763624568147632e-04 1.344512696244220499e-04 9.350284488635681335e-05 1.075967709438496305e-04 7.900439935087495106e-05 1.364125087438860021e-04 1.723184763079969154e-05 2.384191205842604473e-05 3.202430770563328890e-05 1.214446078556244348e-04 2.185109645711737680e-04 8.078291675023276889e-04 6.821753120791821919e-04 1.152337055245935887e-03 3.199598257883390535e-04 2.762257498117750123e-04 2.422222808840457310e-04
9.613243812922557443e-04 2.947946133965770451e-04 3.292667710651204322e-04 6.469888378083452215e-05 1.545589344055322309e-04 1.474465714215458035e-05 1.084874568315511609e-05 2.052250540542319168e-05 1.424410866733982699e-05 2.568077441398461744e-05 1.689771584792052958e-05 1.199640432391081680e-04 4.280717459248146203e-05 1.000000000000000021e-08 2.945314756795748136e-05 1.467291738058463559e-02 9.976205534961337523e-04 9.883950037156681936e-05 1.080468565013198483e-04 1.777854305872521529e-04 2.819824462273761876e-04 2.750999418316714667e-04 2.585332441138182705e-04 1.856151616607873813e-05 1.000000000000000021e-08 1.000000000000000021e-08 1.000000000000000021e-08 1.000000000000000021e-08 2.041126384890931599e-05 1.855299395500497727e-04 2.029908987087217329e-04 1.815781485070859709e-04 1.863089010065917294e-04 3.795994342380093695e-04 1.839906553081483266e-04 2.011763597983851092e-04 1.850942953066017497e-04
1.777299911704828149e-03 1.668588875207561734e-03 1.283842578012043927e-03 4.295175240875632517e-04 1.027391590410624446e-04 2.282083643886169037e-05 1.000000000000000021e-08 1.000000000000000021e-08 1.000000000000000021e-08 1.221439150248882969e-05 2.758857108570200020e-05 5.037177858558570208e-05 1.143097737971753621e-04 7.372336883146672062e-04 4.704068926985026117e-04 2.386278772174932859e-03 1.994638414771100624e-04 1.267653082376303899e-04 1.305343653558718796e-04 2.025086952865757703e-04 4.554068789702831106e-04 7.541763570981820358e-04 6.129874735508606927e-04 9.062327438623094293e-05 3.508831858156367706e-05 3.218244902919355915e-05 1.498357190518233913e-05 3.748013022999214150e-05 1.000000000000000021e-08 3.582090622153907291e-04 1.281857595173398158e-04 1.000000000000000021e-08 5.612504625965132415e-05 4.919994688896631841e-05 6.604469823275361802e-05 7.480425856958567549e-05 1.051356012930558623e-04
3.220502767007567572e-04 5.686013722605519870e-04 8.012884320168139679e-04 3.808738808143562367e-04 4.120864273385675116e-04 1.198355849057872364e-04 1.000000000000000021e-08 1.000000000000000021e-08 1.000000000000000021e-08 1.632967279506493207e-05 1.759174952923005166e-05 6.174682893414105631e-05 1.757928010104254203e-03 9.644058533994768383e-04 5.631583642907488432e-04 3.237673719434666728e-04 1.952628066980873330e-05 2.069176787664249949e-04 1.459905807656532097e-04 1.726643422467393299e-04 1.792497668984749317e-04 2.092891727156276967e-04 8.637010334080605280e-04 3.379954678642011628e-04 5.188459159136028656e-04 5.362060014132071254e-04 6.804851221873690426e-04 2.402249901747674379e-04 4.184104019520640543e-04 1.168276866756045050e-04 3.160950530421097144e-05 2.233794401929873436e-04 1.250189275261991985e-04 1.241775993395229170e-04 1.072512298879770969e-04 9.136725337257844645e-05 5.511730130123403809e-05
4.422350221400895903e-04 3.466641639695782580e-04 8.330760899055017488e-04 4.119276709767709724e-04 1.106191326782482876e-03 3.375363452971601565e-04 8.226571684776334500e-05 1.000000000000000021e-08 1.000000000000000021e-08 1.184098453819038106e-05 2.973891875336038683e-05 3.251417163107536690e-05 1.644710178078244390e-03 9.123595450781652860e-04 2.676093307318906916e-04 2.404026224927772342e-04 3.917785873262226383e-05 2.392146859282279171e-04 1.133957102076036722e-04 1.982870221745098758e-04 1.996598079125949860e-04 1.794686238833492149e-05 3.646687139705686058e-05 2.695222640724768428e-04 2.567825260542634051e-04 2.633879320302537201e-04 6.127494288956034378e-05 2.581999816255796756e-04 5.378965241296073925e-04 2.680439489873638788e-04 6.822692833111343143e-05 4.938896096981198591e-04 3.922470046692476007e-04 1.818588639004817698e-04 1.637233314800299255e-04 1.193611991746350889e-04 6.020231211503127288e-05
3.051613115974819487e-04 5.867436876655878061e-04 4.798356004874621797e-04 1.304407779662082774e-03 2.372108124983384261e-03 6.195463696307626153e-03 4.383636414061365815e-04 4.740871247999330860e-05 2.315137031951782721e-05 3.765187370106141886e-05 2.645262273588221594e-05 1.261095068315643019e-04 2.536449858212691099e-03 8.524239976465412729e-04 2.539677106161492741e-04 2.282336387076570167e-04 2.676777066530543962e-05 4.387257900915294986e-05 1.333534769485104801e-04 1.862459347572483067e-04 2.255558863057604234e-04 2.961059660837164954e-05 1.028456929930923085e-05 2.352713027067463922e-05 2.302296455381660340e-05 3.335367260860118443e-05 6.608619316523924676e-05 1.087525079859542909e-04 8.209040374754571039e-04 3.731815863869135169e-04 1.827023967769710879e-04 1.309212722981905220e-04 7.787846083132089715e-04 2.402983204232016798e-04 1.588545495029090166e-04 1.291790857214804928e-05 1.000000000000000021e-08
6.943119652341347807e-04 4.386178278237728881e-04 8.164130335619365327e-04 4.013487695382539138e-04 3.302423705869010780e-04 1.506642136985434591e-03 1.393539933219612543e-03 4.886622439910907369e-04 4.593066202490479061e-04 1.715368386101181076e-04 3.639379719782115082e-04 2.129488189787153568e-03 3.260590640860875061e-03 8.325140680584773838e-04 3.506818794379327814e-04 1.634923886017401685e-04 1.000000000000000021e-08 5.661500620816255040e-05 1.303889139316569766e-05 1.818525780430308466e-04 2.513240566513320440e-04 2.439759715463120094e-05 2.741538504480634962e-05 1.703508138377822812e-05 3.219874028174596374e-05 2.202261190467990048e-05 5.761868836377900572e-05 2.553535037047908150e-04 2.847055410744997179e-04 1.033010429271034956e-03 2.796006901831346765e-04 1.912034989327830335e-04 1.051610664878443666e-03 2.709718732731094290e-04 4.347025752938615665e-04 2.017297866435968526e-05 1.000000000000000021e-08
5.331361366483831736e-04 8.690012527835173136e-04 1.170623843729207787e-03 5.622901675355284311e-04 3.076962066854864778e-04 1.413373954702206066e-03 9.326648927622379834e-04 1.268453678289330417e-03 5.818640269027003072e-04 6.745528000793373381e-04 2.467427972627186158e-04 4.540087218121769720e-03 8.400478345174738903e-03 8.982297416914649269e-04 1.622645779797286022e-04 5.423789371366587370e-05 1.000000000000000021e-08 1.865043731395335964e-05 5.157348028912168145e-05 2.604685194823790295e-05 1.677171953220584340e-05 2.954554935358913434e-05 1.897289927801641316e-05 3.206818888381573877e-05 2.154756556727198259e-05 3.895044692709126726e-05 3.288725645524974206e-05 6.894158981439397257e-04 5.794835364936475703e-04 1.119519062478380352e-03 5.696724332228138678e-04 3.044514392068382327e-04 6.041745923807105307e-04 8.665673930098466708e-05 1.628591143527237492e-04 5.388802062566196843e-04 2.124858440627748431e-05
1.078236597105317008e-03 6.605563881699053671e-04 1.411748519503003112e-03 6.681463152300313102e-04 1.380089510448579814e-03 6.170579397947939179e-04 1.351909119581446187e-03 8.703922453830079640e-04 1.281724308483627893e-03 1.326033946395183691e-03 1.121378671512757207e-03 4.711377283898359782e-03 8.360073227441203875e-03 6.806530752559888627e-04 2.302344802467373209e-04 1.011785439334840145e-04 1.000000000000000021e-08 1.646691331585942500e-05 6.169996127302918715e-05 3.913315096983980553e-05 2.623501786787494700e-05 1.013052013429293048e-05 2.585990998005591152e-05 1.936962389262841022e-05 3.651369855895762154e-05 2.539321425613598465e-05 5.241752776791329171e-05 9.054178349757068163e-05 1.993214367066151443e-03 1.758614833757732917e-03 2.498336880680122451e-03 8.984667904986732472e-04 1.463586069740910214e-04 9.250555872117105028e-05 2.201258011217708610e-04 5.935359473261914924e-05 1.146847519308779836e-04
7.771037741879233129e-04 1.258940582860691628e-03 9.076525945406643163e-04 2.082983707151437724e-03 1.844346181770917725e-03 8.146873088806674910e-04 1.042859955555182220e-03 9.504222075926063284e-04 7.592022800960125184e-04 2.469118127120489229e-03 6.704310086954193629e-03 4.102353202472331858e-03 4.407654597004050795e-03 3.615102738500098478e-05 2.927560042236799728e-04 9.105662028072439762e-05 1.000000000000000021e-08 1.000000000000000021e-08 4.141815974353821013e-05 7.514501968584813899e-05 3.265940395032784532e-05 2.176719554375907214e-05 1.000000000000000021e-08 2.037153187493209613e-05 2.034118775322642895e-05 4.115712260883031427e-05 3.183342424353073218e-05 9.080242152764711342e-05 3.661798680598220973e-03 1.657309404497296808e-03 2.083881727361863983e-03 2.845026045871660919e-04 1.319185549453621986e-04 1.338958614489629492e-04 7.755168412692706832e-05 2.300953350630489057e-04 1.811788449086646174e-04
1.148584413233292656e-03 8.169114000884450388e-04 1.515652164757171809e-03 2.304426095393320023e-03 2.570704046425265586e-03 2.004451583764301631e-03 4.993252304227515249e-04 1.021231603780231372e-03 8.535180544268774431e-04 7.224400875032275550e-03 7.309614112484106099e-03 3.221357546498473425e-03 1.408430090945047078e-03 1.000000000000000021e-08 1.000000000000000021e-08 6.242761003918343831e-05 2.161218067087296562e-05 1.985094315664043846e-05 2.076285419508419491e-05 1.477651217482685362e-04 3.504378546192084558e-04 6.208231703808294016e-05 1.000000000000000021e-08 1.000000000000000021e-08 5.517662637073308767e-05 1.093515753184601800e-04 2.880876326365389888e-04 3.531532259402934233e-04 6.199966700555471603e-03 1.416846992459381638e-03 3.492934846914238557e-04 9.370523447812601414e-04 9.626590181100007360e-04 2.889736399483159505e-04 8.973377713307924546e-05 1.098846986004493604e-04 5.691919224251997325e-04
