output/water_depth_7440.asc
ncols 223
nrows 158
xllcorner 0.0
yllcorner 0.0
cellsize 30.0
[rows 17 to 33 of 158, columns 74 to 110 of 223]
1.000000100000000021e-05 1.000000100000000021e-05 1.000000100000000021e-05 1.000000100000000021e-05 1.000000100000000021e-05 1.000000100000000021e-05 1.000000100000000021e-05 1.000000100000000021e-05 1.000000100000000021e-05 1.000000100000000021e-05 1.000000100000000021e-05 1.000000100000000021e-05 1.000000100000000021e-05 1.000000100000000021e-05 1.000000100000000021e-05 1.000000100000000021e-05 1.000000100000000021e-05 1.000000100000000021e-05 1.000000100000000021e-05 1.000000100000000021e-05 1.000000100000000021e-05 1.000000100000000021e-05 1.000000100000000021e-05 1.000000100000000021e-05 1.000000100000000021e-05 1.000000100000000021e-05 1.000000100000000021e-05 1.000000100000000021e-05 1.000000000000000021e-08 1.000000000000000021e-08 1.000000000000000021e-08 1.000000000000000021e-08 1.412118317519557489e-05 1.583396026100828831e-05 1.564189826741974789e-05 1.651682156800394154e-05 1.699344711110261901e-05
1.000000100000000021e-05 1.000000100000000021e-05 1.000000100000000021e-05 1.000000100000000021e-05 1.000000100000000021e-05 1.000000100000000021e-05 1.000000100000000021e-05 1.000000100000000021e-05 1.000000100000000021e-05 1.000000100000000021e-05 1.000000100000000021e-05 1.000000100000000021e-05 1.000000100000000021e-05 1.000000100000000021e-05 1.000000100000000021e-05 1.000000100000000021e-05 1.000000100000000021e-05 1.000000100000000021e-05 1.000000100000000021e-05 1.000000100000000021e-05 1.000000100000000021e-05 1.000000100000000021e-05 1.000000100000000021e-05 1.000000100000000021e-05 1.000000100000000021e-05 1.000000100000000021e-05 1.000000100000000021e-05 1.000000000000000021e-08 1.000000000000000021e-08 1.000000000000000021e-08 1.000000000000000021e-08 1.447618263319647902e-05 1.224389140932937666e-05 1.541730182239509154e-05 1.466185691556671402e-05 1.385468464643742146e-05 1.923241917606742719e-05
1.000000100000000021e-05 1.000000100000000021e-05 1.000000100000000021e-05 1.000000100000000021e-05 1.000000100000000021e-05 1.000000100000000021e-05 1.000000100000000021e-05 1.000000100000000021e-05 1.000000100000000021e-05 1.000000100000000021e-05 1.000000100000000021e-05 1.000000100000000021e-05 1.000000100000000021e-05 1.000000100000000021e-05 1.000000100000000021e-05 1.000000100000000021e-05 1.000000100000000021e-05 1.000000100000000021e-05 1.000000100000000021e-05 1.000000100000000021e-05 1.000000100000000021e-05 1.000000100000000021e-05 1.000000100000000021e-05 1.000000100000000021e-05 1.000000100000000021e-05 1.632102525798027263e-05 1.760322889327835193e-05 1.703125203182168554e-05 1.472654886158532905e-05 1.644616012758577672e-05 2.090485675607302334e-05 2.465385080681926978e-05 2.885397110319298301e-05 2.860108057184827511e-05 2.728627010304587237e-05 2.630636927008881304e-05 3.083718635305359015e-05
1.000000100000000021e-05 1.000000100000000021e-05 1.000000100000000021e-05 1.000000100000000021e-05 1.000000100000000021e-05 1.000000100000000021e-05 1.000000100000000021e-05 1.000000100000000021e-05 1.000000100000000021e-05 1.000000100000000021e-05 1.000000100000000021e-05 1.000000100000000021e-05 1.000000100000000021e-05 1.000000100000000021e-05 1.000000100000000021e-05 1.000000100000000021e-05 1.000000100000000021e-05 1.000000100000000021e-05 1.000000100000000021e-05 1.000000100000000021e-05 1.000000100000000021e-05 1.000000100000000021e-05 1.000000100000000021e-05 2.009634486774630760e-05 3.738211167707842830e-05 5.653521905156947227e-05 4.516972393654029280e-05 4.587388576955281100e-05 4.114584766800382997e-05 4.434569343897999400e-05 5.098606597109639992e-05 4.807245423306117483e-05 3.630136801461498791e-05 3.444680716334779267e-05 3.974498321604986133e-05 7.264855962261143455e-05 1.000000000000000021e-08
1.000000100000000021e-05 1.000000100000000021e-05 1.000000100000000021e-05 1.000000100000000021e-05 1.000000100000000021e-05 1.000000100000000021e-05 1.000000100000000021e-05 1.000000100000000021e-05 1.000000100000000021e-05 1.000000100000000021e-05 1.000000100000000021e-05 1.000000100000000021e-05 1.000000100000000021e-05 1.000000100000000021e-05 1.000000100000000021e-05 1.000000100000000021e-05 1.000000100000000021e-05 1.000000100000000021e-05 1.000000100000000021e-05 1.000000100000000021e-05 1.000000100000000021e-05 1.000000100000000021e-05 1.106849648622811291e-05 1.205681432349765715e-05 1.341712458598873602e-05 1.619242907599769711e-05 3.918391179528115130e-05 4.883017718828155577e-05 5.101588727808620716e-05 5.211288182050914230e-05 6.132367049014399206e-05 6.930870717011625582e-05 5.802918515769813667e-05 4.645017759225550114e-05 3.983841830057663157e-05 3.033868213451292032e-05 8.201572093327544604e-05
1.000000100000000021e-05 1.000000100000000021e-05 1.000000100000000021e-05 1.000000100000000021e-05 1.000000100000000021e-05 1.000000100000000021e-05 1.000000100000000021e-05 1.000000100000000021e-05 1.000000100000000021e-05 1.000000100000000021e-05 1.000000100000000021e-05 1.000000100000000021e-05 1.000000100000000021e-05 1.000000100000000021e-05 1.000000100000000021e-05 1.000000100000000021e-05 1.000000100000000021e-05 1.000000100000000021e-05 1.000000100000000021e-05 1.000000100000000021e-05 1.000000000000000021e-08 1.000000000000000021e-08 1.000000000000000021e-08 1.000000000000000021e-08 1.000000000000000021e-08 1.000000000000000021e-08 2.104134874487763226e-05 4.433288845272010038e-05 5.276252211602144545e-05 6.011973605535064004e-05 1.000000000000000021e-08 3.327009092204612862e-05 5.695950141756756993e-05 5.532388625867151136e-05 6.858118722317644190e-05 7.841035272158380952e-05 6.388285302942195638e-05
1.000000100000000021e-05 1.000000100000000021e-05 1.000000100000000021e-05 1.000000100000000021e-05 1.000000100000000021e-05 1.000000100000000021e-05 1.000000100000000021e-05 1.000000100000000021e-05 1.000000100000000021e-05 1.000000100000000021e-05 1.000000100000000021e-05 1.000000100000000021e-05 1.000000100000000021e-05 1.000000100000000021e-05 1.000000100000000021e-05 1.000000100000000021e-05 1.000000100000000021e-05 1.063041163691639157e-05 2.708345036693361805e-05 2.314314851623520389e-05 2.283564736289745345e-05 2.590706138099532616e-05 2.762853594244866148e-05 1.867784663011831789e-05 1.000000000000000021e-08 1.000000000000000021e-08 1.785411451303277287e-05 4.236681537305686090e-05 7.539190596609822664e-05 1.081528604477907673e-04 1.224358016870751801e-04 1.140420018605735341e-04 9.154143789387918044e-05 8.699840480001033466e-05 7.247915661047527492e-05 6.404161182707636684e-05 5.805096929809992930e-05
1.000000100000000021e-05 1.000000100000000021e-05 1.000000100000000021e-05 1.000000100000000021e-05 1.000000100000000021e-05 1.000000100000000021e-05 1.000000100000000021e-05 1.000000100000000021e-05 1.000000100000000021e-05 1.000000100000000021e-05 1.000000100000000021e-05 1.000000100000000021e-05 1.000000100000000021e-05 1.000000100000000021e-05 1.000000100000000021e-05 1.000000100000000021e-05 1.000000100000000021e-05 1.000000000000000021e-08 1.000000000000000021e-08 4.763421069952171168e-05 7.472577253479180729e-05 9.285436355007111267e-05 1.000000000000000021e-08 1.000000000000000021e-08 1.000000000000000021e-08 1.021236038851536929e-05 1.727910887432168626e-05 1.000000000000000021e-08 1.000000000000000021e-08 1.000000000000000021e-08 1.000000000000000021e-08 1.000000000000000021e-08 1.000000000000000021e-08 1.000000000000000021e-08 1.000000000000000021e-08 1.000000000000000021e-08 1.026894775899596577e-05
1.000000100000000021e-05 1.000000100000000021e-05 1.000000100000000021e-05 1.000000100000000021e-05 1.000000100000000021e-05 1.671009808012593445e-05 1.631366576150827818e-05 1.000000100000000021e-05 1.000000100000000021e-05 1.000000100000000021e-05 1.000000100000000021e-05 1.000000100000000021e-05 1.000000100000000021e-05 1.000000100000000021e-05 1.000000100000000021e-05 1.477669519472363682e-05 1.575173154325865005e-05 2.177924418813206555e-05 3.643692292791069924e-05 4.078946532154951305e-05 3.845821340108212779e-05 4.749975656003338541e-05 1.000000000000000021e-08 1.000000000000000021e-08 1.204713678352582741e-05 1.175266528046143262e-05 1.000000000000000021e-08 1.000000000000000021e-08 1.000000000000000021e-08 1.000000000000000021e-08 1.000000000000000021e-08 1.000000000000000021e-08 1.000000000000000021e-08 1.000000000000000021e-08 1.000000000000000021e-08 1.000000000000000021e-08 1.000000000000000021e-08
1.000000100000000021e-05 1.000000100000000021e-05 1.000000100000000021e-05 1.000000100000000021e-05 1.000000100000000021e-05 3.325777342963894781e-05 4.993074043373455965e-05 2.556826264790907068e-05 2.163866101461124042e-05 2.565902991051458243e-05 1.204304429331914612e-05 1.000000100000000021e-05 1.000000100000000021e-05 1.000000000000000021e-08 1.000000000000000021e-08 1.000000000000000021e-08 1.374030859740654207e-05 1.527648278797577317e-05 1.872023023255723197e-05 1.602625360308185528e-05 1.000000000000000021e-08 1.000000000000000021e-08 1.000000000000000021e-08 2.143699378454325667e-05 3.744856264957489183e-05 5.475336200769452115e-05 7.236449951345422737e-05 5.357471210735756362e-05 3.016090563024924858e-05 2.675027273167896615e-05 1.000000000000000021e-08 1.000000000000000021e-08 1.000000000000000021e-08 1.214468437045785414e-05 1.295736122270204035e-05 3.222461122694950830e-05 3.280094574042369601e-05
1.000000100000000021e-05 1.000000100000000021e-05 1.000000100000000021e-05 1.000000100000000021e-05 1.000000100000000021e-05 2.609027022995647795e-04 1.642127789955817726e-03 7.070578982763510651e-05 4.079767307758101161e-05 1.274330150631142160e-05 1.000000000000000021e-08 1.000000000000000021e-08 1.000000000000000021e-08 1.000000000000000021e-08 1.208058455103359627e-05 1.577807322723215664e-05 2.153749348794320827e-05 2.221122238111409431e-05 1.000000000000000021e-08 1.000000000000000021e-08 1.000000000000000021e-08 1.000000000000000021e-08 1.000000000000000021e-08 1.000000000000000021e-08 1.098121263438433345e-05 1.521828164008156075e-05 2.189687257700522735e-05 5.028825233020986491e-05 5.024897173645512721e-05 3.899905943022364494e-05 1.000000000000000021e-08 1.000000000000000021e-08 1.000000000000000021e-08 2.985448690835736547e-05 7.887233462910650137e-05 2.039965479993711040e-04 1.000000000000000021e-08
1.000000100000000021e-05 1.000000100000000021e-05 1.000000100000000021e-05 1.000000100000000021e-05 1.000000100000000021e-05 3.651049109366259499e-03 2.487350186674501095e-04 1.544961632799998581e-05 1.000000000000000021e-08 1.000000000000000021e-08 1.000000000000000021e-08 1.000000000000000021e-08 1.005527339273513665e-05 1.487877280269587735e-05 1.840408105131620384e-05 2.461772541588199442e-05 3.181225759935239148e-05 3.089716496788481068e-05 1.000000000000000021e-08 1.000000000000000021e-08 1.000000000000000021e-08 1.000000000000000021e-08 1.000000000000000021e-08 1.000000000000000021e-08 1.000000000000000021e-08 1.000000000000000021e-08 1.054907200983053607e-05 1.388787110249790380e-05 5.224643023463519111e-05 1.068515815381614276e-04 6.966192339219324354e-05 1.000000000000000021e-08 1.000000000000000021e-08 1.901952419407255352e-05 3.039302733892523703e-05 5.120286259548035044e-05 6.927306654901739438e-05
1.000000100000000021e-05 1.000000100000000021e-05 1.000000100000000021e-05 1.000000100000000021e-05 1.000000100000000021e-05 5.511353554131864178e-04 7.513974384184297906e-05 1.568066445027015021e-05 1.000000000000000021e-08 1.000000000000000021e-08 1.000000000000000021e-08 1.000000000000000021e-08 1.000000000000000021e-08 1.599901145862472947e-05 2.054997945643174771e-05 1.000000000000000021e-08 1.000000000000000021e-08 1.000000000000000021e-08 1.000000000000000021e-08 1.000000000000000021e-08 1.000000000000000021e-08 1.000000000000000021e-08 1.000000000000000021e-08 1.000000000000000021e-08 1.000000000000000021e-08 1.000000000000000021e-08 1.000000000000000021e-08 1.000000000000000021e-08 1.035836872957496784e-05 1.846035862400502390e-05 1.000000000000000021e-08 1.000000000000000021e-08 1.000000000000000021e-08 1.000000000000000021e-08 1.282720051303666323e-05 1.164702277007027732e-05 2.821333096797193043e-05
1.000000100000000021e-05 1.000000100000000021e-05 1.000000100000000021e-05 1.000000000000000021e-08 4.562304664579458784e-05 4.967114857862198933e-04 1.147309082627236076e-05 1.000000000000000021e-08 1.000000000000000021e-08 1.000000000000000021e-08 1.000000000000000021e-08 1.000000000000000021e-08 1.252605340095055876e-05 1.998656045133952045e-05 1.000000000000000021e-08 1.000000000000000021e-08 1.000000000000000021e-08 1.000000000000000021e-08 1.000000000000000021e-08 1.000000000000000021e-08 1.000000000000000021e-08 1.000000000000000021e-08 1.000000000000000021e-08 1.000000000000000021e-08 1.000000000000000021e-08 1.000000000000000021e-08 1.000000000000000021e-08 1.000000000000000021e-08 1.000000000000000021e-08 1.000000000000000021e-08 1.000000000000000021e-08 1.000000000000000021e-08 1.000000000000000021e-08 1.000000000000000021e-08 1.000000000000000021e-08 1.319455670163812096e-05 1.372673715675178145e-05
1.000000100000000021e-05 1.000000100000000021e-05 1.000000000000000021e-08 1.000000000000000021e-08 8.549860907646307994e-05 5.251747334594098491e-04 1.463919015193008867e-05 1.046906143336061880e-05 1.000000000000000021e-08 1.000000000000000021e-08 1.000000000000000021e-08 1.000000000000000021e-08 1.706679392319629808e-05 2.178366581008270745e-05 1.000000000000000021e-08 1.000000000000000021e-08 1.000000000000000021e-08 1.000000000000000021e-08 1.000000000000000021e-08 1.000000000000000021e-08 1.000000000000000021e-08 1.000000000000000021e-08 1.000000000000000021e-08 1.000000000000000021e-08 1.000000000000000021e-08 1.000000000000000021e-08 1.000000000000000021e-08 1.000000000000000021e-08 1.000000000000000021e-08 1.000000000000000021e-08 1.000000000000000021e-08 1.000000000000000021e-08 1.000000000000000021e-08 1.000000000000000021e-08 1.000000000000000021e-08 1.000000000000000021e-08 1.564368867095296248e-05
1.000000000000000021e-08 1.000000000000000021e-08 1.000000000000000021e-08 1.000000000000000021e-08 5.632026980106386070e-04 7.617463512378111826e-04 1.922943977518840134e-05 1.144528629666222621e-05 1.000000000000000021e-08 1.000000000000000021e-08 1.000000000000000021e-08 1.173845739990102249e-05 1.000000000000000021e-08 1.000000000000000021e-08 1.000000000000000021e-08 1.000000000000000021e-08 1.000000000000000021e-08 1.000000000000000021e-08 1.000000000000000021e-08 1.000000000000000021e-08 1.438850495706879565e-05 1.000000000000000021e-08 1.000000000000000021e-08 1.000000000000000021e-08 1.000000000000000021e-08 1.000000000000000021e-08 1.000000000000000021e-08 1.000000000000000021e-08 1.000000000000000021e-08 1.000000000000000021e-08 1.000000000000000021e-08 1.000000000000000021e-08 1.000000000000000021e-08 1.000000000000000021e-08 1.000000000000000021e-08 1.000000000000000021e-08 2.388164257251670114e-05
1.124831105226708605e-03 1.538545986495208975e-03 1.105443784920919067e-03 8.387500720958002273e-04 4.844856658582199550e-04 6.908709554368294833e-04 6.223676318515998767e-04 6.346682851400615890e-05 4.250540602417437900e-05 2.403033664145137069e-05 1.000000000000000021e-08 1.402423146904355447e-05 1.000000000000000021e-08 1.000000000000000021e-08 1.000000000000000021e-08 1.000000000000000021e-08 1.000000000000000021e-08 1.000000000000000021e-08 1.000000000000000021e-08 1.000000000000000021e-08 1.784081164089235537e-05 1.561695299955037576e-05 1.237936708379696624e-05 1.000000000000000021e-08 1.000000000000000021e-08 1.000000000000000021e-08 1.000000000000000021e-08 1.000000000000000021e-08 1.000000000000000021e-08 1.000000000000000021e-08 1.000000000000000021e-08 1.000000000000000021e-08 1.000000000000000021e-08 1.000000000000000021e-08 1.000000000000000021e-08 1.000000000000000021e-08 1.000000000000000021e-08
