output/water_depth_480.asc
ncols 223
nrows 158
xllcorner 0.0
yllcorner 0.0
cellsize 30.0
[rows 102 to 118 of 158, columns 74 to 110 of 223]
7.978230832481737408e-03 7.877608686789850170e-03 7.962264167412890989e-03 8.954395887662634779e-03 7.092639172510340623e-03 7.683245394668725657e-03 7.895857623493308247e-03 7.915051223421565307e-03 7.915076823514633278e-03 7.799159509154074757e-03 7.844688897507390291e-03 7.861572753785973575e-03 7.911927263735074600e-03 7.921500290280769629e-03 7.921519490259621224e-03 7.921519490259621224e-03 7.921519490259621224e-03 1.092750889208244161e-02 1.153843649000143613e-02 8.582933554220897529e-03 7.992316116082897812e-03 7.924737623484058927e-03 7.921522690316729412e-03 7.921519490259621224e-03 7.921519490259621224e-03 7.921519490259621224e-03 7.871210755815507415e-03 7.374570790757084375e-03 6.844682504465405583e-03 7.137911390823016566e-03 6.825468274832624874e-03 7.544833146671104003e-03 7.876587223558694992e-03 7.921429890206733646e-03 7.921519490259621224e-03 7.921519490259621224e-03 7.921519490259621224e-03
7.924717965665574806e-03 7.918337014775412783e-03 7.924698765686723212e-03 8.047098062520186001e-03 7.812016042493874490e-03 7.902287490191763075e-03 7.921474690278651476e-03 7.921513090327304482e-03 7.921513090327304482e-03 7.915102423425801614e-03 7.918291977962021305e-03 7.918314614739453000e-03 7.921506690304037923e-03 7.921519490259621224e-03 7.921519490259621224e-03 7.921519490259621224e-03 1.023744511091437097e-02 1.058410048491992099e-02 1.062656704614515536e-02 1.081349709100405503e-02 8.479587352207697271e-03 7.978228390306563514e-03 7.924717965665574806e-03 7.921522690316729412e-03 7.921519490259621224e-03 7.921519490259621224e-03 7.918327414785986118e-03 7.857125338018400990e-03 7.789546709040829145e-03 7.837881423206152082e-03 7.789508309037651915e-03 7.895832023627613952e-03 7.921449090185585240e-03 7.921519490259621224e-03 7.921519490259621224e-03 7.921519490259621224e-03 7.921519490259621224e-03
7.921522690316729412e-03 7.921516290293462853e-03 7.921522690316729412e-03 7.927939756968649387e-03 7.915121623495603026e-03 7.921493890348452888e-03 7.921519490259621224e-03 7.921519490259621224e-03 7.921519490259621224e-03 7.921513090327304482e-03 7.921516290293462853e-03 7.921516290293462853e-03 7.921519490259621224e-03 7.921519490259621224e-03 7.921519490259621224e-03 7.921519490259621224e-03 6.092207164893280978e-03 3.439994575996631072e-03 2.946713119303846426e-03 5.135394961151561709e-03 7.418935735763322430e-03 7.871203883491641184e-03 7.918330614752144489e-03 7.921516290293462853e-03 7.921519490259621224e-03 7.921519490259622959e-03 7.921516290338938629e-03 7.918307756922027957e-03 7.915089623606642172e-03 7.918282156874434027e-03 7.915089623606642172e-03 7.921487490188762470e-03 7.921519490259621224e-03 7.921519490259621224e-03 7.921519490259621224e-03 1.114605214564832678e-02 1.486448181885377182e-02
7.921519490259621224e-03 7.921519490259621224e-03 7.921519490259621224e-03 7.921525890282887783e-03 7.921513090327304482e-03 7.921519490259621224e-03 7.921519490259621224e-03 7.921519490259621224e-03 7.921519490259621224e-03 7.921519490259621224e-03 7.921519490259621224e-03 7.921519490259621224e-03 7.921519490259621224e-03 7.921519490259621224e-03 7.921519490259621224e-03 7.921519490259621224e-03 7.488410204855124215e-03 6.872824082615503448e-03 6.722415153576246152e-03 7.227051921285843582e-03 7.804862983443550638e-03 7.911927263735074600e-03 7.921506690304037923e-03 7.921519490259621224e-03 7.921519490259621224e-03 7.921519490259622959e-03 7.921519490305097000e-03 7.921516290247988812e-03 7.921513090236354665e-03 7.921516290247988812e-03 7.921513090236354665e-03 7.921519490259621224e-03 7.921519490259621224e-03 1.411170982318678095e-02 1.221202801468638729e-02 1.170630949991515596e-02 8.046710160301395742e-03
7.921519490259621224e-03 7.921519490259621224e-03 7.921519490259621224e-03 7.921519490259621224e-03 7.921519490259621224e-03 7.921519490259621224e-03 7.921519490259621224e-03 7.921519490259621224e-03 7.921519490259621224e-03 7.921519490259621224e-03 7.921519490259621224e-03 7.921519490259621224e-03 7.921519490259621224e-03 7.921519490259621224e-03 7.921519490259621224e-03 7.921519490259621224e-03 7.871210755815507415e-03 7.789605682496281505e-03 7.779914708948731938e-03 7.851940798986713557e-03 7.911908063756223006e-03 7.921500290280769629e-03 7.921519490259621224e-03 7.921519490259621224e-03 7.921519490259622959e-03 7.921519490350571041e-03 7.921519490259621224e-03 7.921519490259621224e-03 7.921519490259621224e-03 7.921519490259621224e-03 7.921519490259621224e-03 7.921519490259621224e-03 1.054582420931920311e-02 7.487545778071458789e-03 1.091084210740099307e-02 7.557333885592621217e-03 5.287943061101333005e-03
7.921513090327304482e-03 7.921519490259621224e-03 7.921519490259621224e-03 7.921519490259621224e-03 7.921519490259621224e-03 7.921519490259621224e-03 7.921519490259621224e-03 7.921519490259621224e-03 7.921519490259621224e-03 7.921519490259621224e-03 7.921519490259621224e-03 7.921519490259621224e-03 7.921519490259621224e-03 7.921519490259621224e-03 7.921519490259621224e-03 7.921519490259621224e-03 7.918327414695038036e-03 7.915089623470218314e-03 7.915076823514633278e-03 7.918301814783867965e-03 7.921506690304037923e-03 7.921519490259621224e-03 7.921519490259621224e-03 7.921519490259622959e-03 7.921519490350571041e-03 7.921519490259621224e-03 7.921519490259621224e-03 7.921519490259621224e-03 7.921519490259621224e-03 7.921519490259621224e-03 7.921519490259621224e-03 7.921519490259621224e-03 7.673536133169552541e-03 3.781669226004548065e-03 5.993405608928394079e-03 3.594092148791484028e-03 4.489443213143205422e-03
7.915102423425801614e-03 1.309707964036957960e-02 3.825984002555439089e-03 6.970252675723410951e-03 7.799178709132926351e-03 7.915102423425801614e-03 7.921513090327304482e-03 7.921519490259621224e-03 7.921519490259621224e-03 7.921519490259621224e-03 7.921519490259621224e-03 7.921519490259621224e-03 7.921519490259621224e-03 7.921519490259621224e-03 7.921519490259621224e-03 7.921519490259621224e-03 7.921516290293462853e-03 7.921513090327304482e-03 7.921513090327304482e-03 7.921516290293462853e-03 7.921519490259621224e-03 7.921519490259621224e-03 7.921519490259621224e-03 7.921519490259622959e-03 7.921519490305097000e-03 7.921519490259621224e-03 7.921519490259621224e-03 7.921519490259621224e-03 7.921519490259621224e-03 7.921519490259621224e-03 7.921519490259621224e-03 1.264291764481023476e-02 2.329426016956988657e-03 5.631195186101344702e-03 3.553090962936645419e-03 5.990163315022679555e-03 7.025161798441936951e-03
7.559795614174314067e-03 6.637640716383213374e-03 6.364839994790716556e-03 5.485601977320684122e-03 7.419424158701682856e-03 7.863851389078869644e-03 7.918317577873191376e-03 7.921516290293462853e-03 7.921519490259621224e-03 7.921519490259621224e-03 7.921519490259621224e-03 7.921519490259621224e-03 7.921519490259621224e-03 7.921519490259621224e-03 1.023744511091437097e-02 6.092207164893280978e-03 7.488410204855124215e-03 7.871210755815507415e-03 7.918327414695038036e-03 7.921516290293462853e-03 7.921519490259621224e-03 7.921519490259621224e-03 7.921519490259622959e-03 7.921519490350571041e-03 7.921519490259621224e-03 7.921519490259621224e-03 7.921519490259621224e-03 1.023744511086050087e-02 1.071794024748361739e-02 8.462902980768073971e-03 7.978208467916070995e-03 8.957365683176853749e-03 6.717622208265916148e-03 7.472507657798511602e-03 6.928640503560624421e-03 7.554426746714549071e-03 7.818649423092816422e-03
3.777939218429916639e-03 1.259377926516632752e-02 7.141022976424816343e-03 5.187723492827147134e-03 7.195509527954560385e-03 5.661802284134674623e-03 7.434112413552308382e-03 7.863883439126464689e-03 7.918317577873191376e-03 7.921516290293462853e-03 7.921519490259621224e-03 7.921519490259621224e-03 7.921519490259621224e-03 7.921519490259621224e-03 8.408132785548029856e-03 7.541914214739032368e-03 7.824097296993083248e-03 7.911946463713924460e-03 7.921506690304037923e-03 7.921519490259621224e-03 7.921519490259621224e-03 7.921519490259622959e-03 7.921519490350571041e-03 7.921519490259621224e-03 7.921519490259621224e-03 7.921519490259621224e-03 7.921519490259621224e-03 6.092207165083574072e-03 5.719986233246086328e-03 7.496709230731236906e-03 7.874429139150986370e-03 8.043911783028911619e-03 7.767818977021912277e-03 7.886321184782597166e-03 7.799101909081097850e-03 7.895851223606465547e-03 7.918243756871256797e-03
9.708622993132893716e-03 8.934229189430575521e-03 7.715559541061034823e-03 6.823049039389540542e-03 5.253406825726661920e-03 4.939246990547927971e-03 7.273196256296311432e-03 7.847540457709934261e-03 7.918294956920968880e-03 7.921516290293462853e-03 7.921519490259621224e-03 7.921519490259621224e-03 7.921519490259621224e-03 7.921519490259621224e-03 7.975023500143530245e-03 7.877601306876992268e-03 7.911952863737192754e-03 7.921500290280769629e-03 7.921519490259621224e-03 7.921519490259621224e-03 7.921519490259621224e-03 7.921519490259622959e-03 7.921519490305097000e-03 7.921519490259621224e-03 7.921519490259621224e-03 7.921519490259621224e-03 7.921519490259621224e-03 7.488410204809649307e-03 7.389711518721620541e-03 1.109936742620171515e-02 8.527862221894489531e-03 7.995534281776295327e-03 7.915153477319714428e-03 7.921477890199335806e-03 7.915102423607701249e-03 7.921487490188762470e-03 7.921516290247988812e-03
1.067514959922767279e-02 8.047049825740637888e-03 7.899027977777828627e-03 7.664290741372192621e-03 6.766857210636469458e-03 4.845132094140798713e-03 5.289640281326541023e-03 7.374488616000839970e-03 7.857125337881977131e-03 7.918307756876552181e-03 1.023744191094821260e-02 6.092207164893280978e-03 7.488410204855124215e-03 7.871210755815507415e-03 7.921522690316729412e-03 7.918333814718304595e-03 7.921506690304037923e-03 7.921519490259621224e-03 7.921519490259621224e-03 7.921519490259621224e-03 7.921519490259622959e-03 7.921519490350571041e-03 7.921519490259621224e-03 7.921519490259621224e-03 7.921519490259621224e-03 1.088699983162248579e-02 1.476788723029555037e-02 1.446158301532220192e-02 1.475489215299118431e-02 1.209798522624839535e-02 1.396355595474657596e-02 9.085215208910691481e-03 8.053508271536580568e-03 7.927946156946441905e-03 7.921519490214147183e-03 7.921519490259621224e-03 7.921519490259621224e-03
6.608785122747613122e-03 1.021677458716594052e-02 7.488368469507501908e-03 6.058450083501793967e-03 9.917157381986393266e-03 6.308482060826159886e-03 3.343353680697570655e-03 6.844682504465405583e-03 7.789546709040829145e-03 7.915089623470218314e-03 1.103791755170654976e-02 7.645087274092440648e-03 5.631511427439261572e-03 7.432367517589834327e-03 7.863915593038351901e-03 1.023424126397583581e-02 6.092202699513069551e-03 7.488410204855124215e-03 7.871210755815507415e-03 7.918327414695038036e-03 7.921516290293462853e-03 7.921519490305097000e-03 7.921519490259621224e-03 7.921519490259621224e-03 7.921519490259621224e-03 1.013160569893903351e-02 7.343596295863486466e-03 3.761630042385755678e-03 4.495559469249572893e-03 6.257408916503360077e-03 3.639278754321518573e-03 7.092619056988647835e-03 7.812022442426192100e-03 1.361540082356865744e-02 9.065901760772855644e-03 8.053495471535521491e-03 7.927946156946441905e-03
8.031880834235907707e-03 8.152759436261612647e-03 5.675835223497831955e-03 1.014048515038556454e-02 1.089138409001911244e-02 5.413218331870269136e-03 6.253521843910169777e-03 5.476139007143494657e-03 7.419403615581056377e-03 1.052512269065851783e-02 8.631103875867579198e-03 5.701818084505281235e-03 6.952776162410978684e-03 7.748727073607976010e-03 7.908711840986749550e-03 1.406628159761081839e-02 4.995169371713798455e-03 5.317649286898337366e-03 7.374570790757085242e-03 7.857125337972925214e-03 7.918307757012977774e-03 7.921516290247988812e-03 7.921519490259621224e-03 7.921519490259621224e-03 7.921519490259621224e-03 3.825984002646388472e-03 2.990647302608219656e-03 5.899844013487988946e-03 5.095103232261794131e-03 3.330035651692621161e-03 5.948162613862829386e-03 7.557696080034170295e-03 1.021179963345733577e-02 5.830772880586489702e-03 1.046389428057288747e-02 8.460832198302039447e-03 7.985905451546083250e-03
9.356252373886186566e-03 8.083816226003060629e-03 7.437630140607022315e-03 1.072154799985336644e-02 6.701367887482811807e-03 1.257408911878398275e-02 5.131956023017918318e-03 4.928059086565603035e-03 7.273143710876562619e-03 1.103243473842239336e-02 8.147635440490175879e-03 5.240841821896469709e-03 7.267993009140506430e-03 7.844722787962988414e-03 7.918285578029704563e-03 1.489407780572461586e-02 5.071660169280641992e-03 6.706552023306791566e-03 5.569427845394840995e-03 7.426733596771251805e-03 7.863867413511495957e-03 7.918317577964139459e-03 7.921516290247988812e-03 7.921519490259621224e-03 7.921519490259621224e-03 6.970252675814359901e-03 6.731981780053198847e-03 7.535255546731300241e-03 7.345106291899961351e-03 6.844636047612462880e-03 7.544858746673222157e-03 7.883010690279359037e-03 6.092136375704556607e-03 5.018942207665100588e-03 9.484305329879734806e-03 1.399863046612578356e-02 1.531514469838354472e-02
1.433258292417546528e-02 1.553688946023127487e-02 1.561479354576901339e-02 1.628594553057579469e-02 8.973398963184688742e-03 9.049280511403291066e-03 7.489890501933283914e-03 7.272818284440897389e-03 7.779961828959736092e-03 1.148286823872105358e-02 1.014124315579084841e-02 3.345231269299498659e-03 6.845476481971368710e-03 7.789544172187258184e-03 1.066165114589850797e-02 1.000510852668766611e-02 9.533912040272646618e-03 5.192429968139653657e-03 4.933615777242466270e-03 7.273169982313145224e-03 7.847540457846358120e-03 7.918294956920968880e-03 7.921516290247988812e-03 7.921519490259621224e-03 7.921519490259621224e-03 7.799178709087451443e-03 7.779933909109483167e-03 7.895812823557814275e-03 7.857071709481413049e-03 7.789546709040829145e-03 7.895832023627613952e-03 7.921455490163376023e-03 7.488410204809649307e-03 7.291703808318441768e-03 3.758447118793506979e-03 4.497867918815979041e-03 6.257423038045694871e-03
7.921519490259621224e-03 7.921519490259621224e-03 7.921519490259621224e-03 7.921522690316731147e-03 1.427810718614152055e-02 1.566604943649933107e-02 1.562084684760035695e-02 9.204398773904054476e-03 8.053492271432939262e-03 1.159757723955563702e-02 1.058434760645252277e-02 2.936260786504741975e-03 6.722369643143489594e-03 7.779914709130630705e-03 8.454794377161912663e-03 1.090814445607797556e-02 8.470255702213515953e-03 5.192969033984104997e-03 6.787003182530195605e-03 7.722376635224160145e-03 7.908659977915399875e-03 7.921503490246929735e-03 7.921519490259621224e-03 7.921519490259621224e-03 7.921519490259621224e-03 7.915102423607701249e-03 7.915076823560107319e-03 1.023548499506404634e-02 8.404920454717891565e-03 7.968593633536025234e-03 7.924682765764979805e-03 7.921522690225779595e-03 7.871210755906455497e-03 7.847575597720302804e-03 6.963816409138112555e-03 5.221539830609369347e-03 3.336444996779997993e-03
7.921519490259621224e-03 7.921519490259621224e-03 7.921519490259621224e-03 7.924714765699416436e-03 7.918337014775412783e-03 7.921500290280771364e-03 7.921513090327304482e-03 1.432196241725675230e-02 1.554040892737672784e-02 1.641424086219073208e-02 1.637430998461665219e-02 1.455052384157594879e-02 1.540204147949649632e-02 1.565953843300545850e-02 1.243677307974254409e-02 1.507323323684856171e-02 5.698407578530816954e-03 6.727617417079796887e-03 5.510016682887827408e-03 7.417103278062010460e-03 7.863848213532644363e-03 7.918317577964139459e-03 7.921516290247988812e-03 7.921519490259621224e-03 1.023744511086050087e-02 6.092200765060307513e-03 7.488403804786381880e-03 6.043825948736087153e-03 7.538719536837257089e-03 7.877591706842093297e-03 7.918337014729937007e-03 7.921516290247988812e-03 7.918327414740512077e-03 7.918294956920968880e-03 7.799169109098025646e-03 7.364375370384247839e-03 6.844661647660055942e-03
