output/water_depth_1080.asc
ncols 223
nrows 158
xllcorner 0.0
yllcorner 0.0
cellsize 30.0
[rows 85 to 101 of 158, columns 185 to 221 of 223]
2.044034765620313804e-03 1.238135252559562690e-03 1.319241788076650239e-03 1.009512157580663965e-03 9.118141275194544633e-04 5.082601153442407394e-04 1.023051156907737319e-03 7.793164057753983187e-02 8.067782505732598586e-02 9.270747433321363529e-02 1.860258393843417304e-02 9.019696398145973446e-03 5.727761722969656414e-04 2.591461221373473570e-04 1.571189992999157689e-03 1.540041915762648895e-03 1.306896168319396714e-03 1.101804671895656364e-03 1.375590644382654760e-03 9.807655732865538413e-04 1.357512981861559460e-03 1.314186372177823239e-03 1.633334651650080209e-03 1.869723524702308947e-03 2.449595325285881288e-03 2.362948244019245914e-03 2.730118631721542826e-03 2.626222738072588395e-03 1.058022897137559162e-03 6.969094149408078471e-04 1.000000100000000021e-05 1.000000100000000021e-05 1.000000100000000021e-05 1.000000100000000021e-05 1.000000100000000021e-05 1.000000100000000021e-05 1.000000100000000021e-05
1.870083806947216761e-03 2.321857807796506423e-03 1.719153992181410989e-03 3.032684165989538855e-03 3.023051912227701053e-03 2.959143901532485833e-03 2.275655942779032919e-03 5.985524442028625908e-02 6.015418696189565179e-02 1.011264683945830613e-02 1.224647399924443276e-02 7.182431376991999655e-03 4.072030250094121548e-03 2.514846337075556972e-03 1.184127767275339280e-03 1.782476218127667256e-03 2.400660837960886217e-03 1.989352236264128708e-03 1.828015784841742052e-03 1.692261415855299224e-03 3.864507933455491278e-04 3.703954368847200041e-04 5.364857717356931021e-04 7.524797875572481658e-04 7.801829337282208598e-04 7.281565565789900217e-04 6.632620921824134699e-04 5.745329671022431171e-04 4.766182920090306129e-04 3.894844273535031168e-04 2.445440200037276462e-04 1.000000100000000021e-05 1.000000100000000021e-05 1.000000100000000021e-05 1.000000100000000021e-05 1.000000100000000021e-05 1.000000100000000021e-05
3.910989074999413929e-03 2.410904868071963875e-03 3.172276609476897685e-03 2.128476199087167130e-03 2.050967316373336277e-03 2.278349835844926084e-03 2.813723010476370384e-03 2.348529601703151434e-02 2.388330863958669156e-02 6.066817953531032301e-04 1.013239781038114589e-03 1.976487979927909512e-03 2.159164155171409884e-03 1.682995965506955483e-03 1.791976019147380216e-04 1.537693833454324894e-04 5.121352475659621088e-03 3.036195540678032941e-03 1.574575192509325471e-03 4.887445350387600905e-04 1.091457782993961872e-03 1.032289206713516349e-03 9.492468935634061546e-04 8.704290382787336277e-04 7.363447905495414071e-04 4.656587258759210899e-04 1.028724567154492870e-04 2.283792302749461281e-04 2.314698302759378619e-04 2.556271706583214832e-04 3.037815730052115682e-04 1.000000100000000021e-05 1.000000100000000021e-05 1.000000100000000021e-05 1.000000100000000021e-05 1.000000100000000021e-05 1.000000100000000021e-05
9.334841253901583757e-03 7.708594372330866695e-03 5.028738466966577864e-03 4.405070028664001373e-03 2.741239362929586039e-03 2.670924221432304218e-03 2.557249127317389424e-03 2.956772400106493295e-02 1.174429820501789179e-02 1.107557516204892316e-03 1.288026354645056435e-03 1.024013318057406417e-03 9.424717354259731132e-04 3.432369938911121812e-03 5.006853980935369736e-03 1.039005052667773404e-02 4.444521280681945630e-02 7.153928037183967213e-03 4.042629726270445534e-03 2.252460488458203538e-03 2.823710991478154027e-03 2.199779339333915364e-03 2.300906399728108384e-03 9.148751251651041907e-04 1.029932626314628528e-03 9.251641037925124747e-04 7.377665086389181446e-04 6.124110988278307815e-04 5.338139985146718317e-04 4.529635516198505119e-04 3.366332588828435213e-04 1.000000100000000021e-05 1.000000100000000021e-05 1.000000100000000021e-05 1.000000100000000021e-05 1.000000100000000021e-05 1.000000100000000021e-05
2.652190807368079092e-02 2.663613415884393334e-02 1.543266579810307661e-02 9.147891635739186997e-03 6.716005311608264083e-03 5.430985385778099722e-03 6.532193584325903142e-03 2.650536258859199565e-02 1.463108966708244994e-02 2.303024673329180910e-03 2.242490962815232684e-03 2.345860160172750022e-03 3.616410609175792733e-03 5.155437780628782662e-03 6.090879790495061334e-03 8.908554956948503897e-03 4.475859230798574155e-04 2.442561187683845239e-03 2.454731441308708254e-03 3.302126794102221759e-03 2.602489081934917983e-03 2.760987061486732709e-03 2.228150056407216060e-03 2.485211085012802544e-03 3.492285386601799539e-03 3.534261111404832321e-03 4.502340066963392805e-03 4.259480018211470043e-03 2.201269484584900907e-03 1.456614551871397928e-03 9.122063105168352675e-04 1.000000100000000021e-05 1.000000100000000021e-05 1.000000100000000021e-05 1.000000100000000021e-05 1.000000100000000021e-05 1.000000100000000021e-05
7.808000048179892204e-03 7.746154333838676208e-03 1.221094503168356979e-02 1.896696829807922521e-02 1.263375472533325231e-02 9.596846366499755046e-03 6.799648689490022518e-03 3.900630392440942312e-02 4.451420984652247614e-02 6.474306051713935202e-03 3.928751625985465144e-03 3.952360454473727996e-03 4.231380617729228744e-03 4.474026328444496298e-03 6.674997626867239763e-03 4.051219177190717828e-03 2.133750943543160500e-03 1.894762804535386150e-03 3.152905963276614407e-03 2.552085927937449913e-03 3.243506858814153206e-03 2.396555430486710814e-03 3.436685502876541277e-03 2.682394098458279127e-03 3.884753118460132666e-03 3.011456807016100242e-03 2.715363641415932672e-03 1.810276676137365646e-04 1.467901212666231764e-04 1.000000000000000021e-08 1.000000100000000021e-05 1.000000100000000021e-05 1.000000100000000021e-05 1.000000100000000021e-05 1.000000100000000021e-05 1.000000100000000021e-05 1.000000100000000021e-05
9.135319736464045381e-03 6.935033103127471142e-03 8.690965620278257725e-03 6.590914349693996650e-03 1.945048776591180861e-02 1.333723104860320800e-02 2.340660176666473080e-02 1.232628163120013109e-01 1.597040583546553358e-02 2.535318372521068626e-03 3.288517635896155960e-03 4.498331309695088528e-03 5.770328927838385032e-03 6.663911214868748455e-03 5.220679591075584082e-03 6.099679780764091612e-03 4.024647306437651416e-03 4.991194925226965368e-03 4.926619421184560456e-03 6.603124543713007055e-03 7.753702639580970987e-03 1.100276843594077264e-02 1.513408711765810988e-02 1.122925255839344640e-02 3.704780274734953936e-03 3.309487509944480585e-03 1.099403260174639310e-03 7.702710385268679192e-05 7.340263159729627286e-05 2.167011573791298538e-04 1.000000100000000021e-05 1.000000100000000021e-05 1.000000100000000021e-05 1.000000100000000021e-05 1.000000100000000021e-05 1.000000100000000021e-05 1.000000100000000021e-05
7.593159928804680235e-03 7.510416591956359592e-03 7.638809694784440794e-03 5.885965554889008820e-03 2.788193326839267031e-03 8.334510828901332824e-03 3.414657561822471987e-03 9.872605663742005377e-02 5.926382190663388727e-03 4.829645224064044694e-03 7.548282546178165971e-03 5.937730823813599373e-03 5.855438171275819184e-03 6.978717254476581901e-03 9.948997335626617866e-03 5.095728881991739949e-03 6.618415492205841077e-03 7.939097010762428269e-03 1.110460867200155181e-02 1.584908846350806602e-02 2.589765294092643069e-02 2.119548965513711955e-02 7.355791566044243140e-03 4.008353085458164072e-03 4.355634211316108430e-03 2.619542080920211381e-03 1.521954931963381309e-03 3.594123472893655941e-04 2.685681678891624867e-04 3.258834682123714992e-04 1.000000100000000021e-05 1.000000100000000021e-05 1.000000100000000021e-05 1.000000100000000021e-05 1.000000100000000021e-05 1.000000100000000021e-05 1.000000100000000021e-05
6.358189642174270559e-03 5.464543635205943058e-03 7.137415221803818620e-03 6.468340449736003153e-03 5.234308890966443868e-03 5.587821386565475570e-03 6.815822205780463008e-03 4.009744238372223157e-02 8.596870199414205493e-02 7.762688790846541259e-03 6.880215888439902665e-03 1.050951488276279794e-02 1.513824592614647878e-02 1.037821951303721617e-02 4.072409176013148425e-03 8.976237946881489640e-03 7.982761422951071412e-03 1.015933012577274579e-02 1.164482078118775181e-02 1.074786141941581549e-02 4.390814540854463474e-03 1.160419459078458398e-03 2.129266931434975040e-03 2.346699957142076368e-03 5.409543753461221530e-03 3.711282079438123389e-03 1.627080424709917558e-03 6.475031001502210264e-04 6.921306305581663388e-04 3.978016487214988098e-04 1.000000100000000021e-05 1.000000100000000021e-05 1.000000100000000021e-05 1.000000100000000021e-05 1.000000100000000021e-05 1.000000100000000021e-05 1.000000100000000021e-05
7.219017190176397515e-03 7.647327691584841249e-03 1.232487360676660405e-02 9.959275998247212394e-03 7.581406181913213395e-03 8.945346734249449289e-03 6.425699499586219610e-03 6.292232369934530611e-02 5.689520634507590907e-02 1.162738627737161003e-02 7.052922753778312001e-03 7.531194210028964442e-03 3.012871729840397618e-03 3.801681691938795220e-03 4.662827138255929739e-03 5.825695473326685664e-03 1.668381651143137356e-02 1.010645454460566695e-02 9.764542507840388852e-03 7.378744394823024549e-03 3.357459220636964566e-03 2.466621044757804238e-03 2.836167580619020859e-03 4.061821518132756499e-03 2.681839052082958703e-03 1.629372557855333567e-03 1.205144651056795722e-03 8.329473306958089587e-04 3.977646988068734191e-04 4.608916995072530678e-04 1.000000100000000021e-05 1.000000100000000021e-05 1.000000100000000021e-05 1.000000100000000021e-05 1.000000100000000021e-05 1.000000100000000021e-05 1.000000100000000021e-05
4.882391589904670065e-02 3.956471548657597426e-02 2.010952469431910930e-02 1.510033640577736723e-02 1.204242103811058694e-02 1.003516447899103527e-02 9.855239143163229548e-03 1.773123209589129445e-02 6.773824308718108533e-02 6.359857507393080686e-03 8.691653793485482754e-03 9.837398418984415541e-03 1.090839298417221014e-02 5.117375614404335096e-03 5.344074909707776863e-03 1.038703787734243135e-02 1.302184460715677394e-02 1.146825981494967346e-02 8.335579388979238655e-03 5.460276215521649157e-03 4.196348704271659139e-03 2.774697781929990389e-03 3.632023061410932178e-03 3.083649622939794305e-03 3.223592300259332105e-03 1.118654880157644860e-03 1.069100336710895188e-03 4.280920081163061097e-04 6.723316964009399231e-04 4.821929327705277491e-04 1.000000100000000021e-05 1.000000100000000021e-05 1.000000100000000021e-05 1.000000100000000021e-05 1.000000100000000021e-05 1.000000100000000021e-05 1.000000100000000021e-05
1.934585911454232568e-03 8.313154021803836197e-03 1.446563501731770035e-02 1.410014233657956063e-02 1.244878595077707553e-02 1.040871950121271920e-02 9.028549027162154766e-03 3.527828323289103341e-02 5.357136673954145112e-02 8.523275729730885389e-03 1.095204196172620999e-02 1.265188899649408866e-02 6.104598866531593150e-03 1.071576434340980669e-02 9.771110509310234130e-03 1.241831076608916617e-02 1.231509306706135044e-02 9.779141699984218034e-03 7.892091605353583617e-03 7.203452887454648776e-03 5.625134465307694669e-03 5.682402203348317811e-03 5.407918084328514063e-03 5.002138811643609684e-03 2.517768366399469448e-03 2.267162447565509477e-03 1.031580244275088695e-03 7.678287390260885026e-04 8.210026388030301509e-04 5.080323329475868767e-04 1.000000100000000021e-05 1.000000100000000021e-05 1.000000100000000021e-05 1.000000100000000021e-05 1.000000100000000021e-05 1.000000100000000021e-05 1.000000100000000021e-05
1.267154632443303394e-03 4.216727792389683357e-03 9.309979570897231743e-03 2.029034053936239895e-02 1.576107269347882742e-02 1.244635514042562868e-02 1.769422494803351079e-02 8.634352707038306374e-02 4.401122610599930707e-02 1.076773994887841347e-02 9.702716046310023643e-03 8.208591022734501239e-03 1.358895176130204933e-02 1.196254797419205214e-02 2.134985290780896591e-02 1.770585207878164896e-02 1.055016255626782702e-02 1.103702835460510130e-02 1.225060687865473820e-02 6.295789811963517675e-03 6.104815892198104874e-03 6.260428110163517371e-03 5.733417813301601614e-03 3.862521992485394920e-03 4.202873568271586237e-03 2.147100394388729017e-03 2.284475163366912667e-03 1.007612785116457051e-03 2.665208514839941152e-04 5.120604822953802281e-04 1.000000100000000021e-05 1.000000100000000021e-05 1.000000100000000021e-05 1.000000100000000021e-05 1.000000100000000021e-05 1.000000100000000021e-05 1.000000100000000021e-05
3.078507872469855335e-03 3.409038714936531937e-03 7.523059117538724756e-03 9.107262701818963704e-03 1.977520480744968806e-02 1.567776079917488144e-02 9.540090896754468627e-03 1.036809715476352534e-01 2.275026785829969631e-02 1.473902996140578209e-02 8.590705945807112012e-03 6.105734865593911466e-03 4.375517874832464925e-03 7.419533275148798568e-03 5.228237609596592117e-03 5.926940906719430774e-03 1.007285846616981680e-02 9.217629793908586194e-03 4.184080769940986579e-03 5.645476804828138129e-03 5.389854395146539967e-03 5.989003976215673090e-03 6.065270255259114403e-03 6.074447595362623964e-03 6.746213970143378862e-03 7.802043848210284821e-03 3.403042970341237268e-03 9.277307600533723272e-04 4.066893073935045396e-04 5.163311879843115754e-04 1.000000100000000021e-05 1.000000100000000021e-05 1.000000100000000021e-05 1.000000100000000021e-05 1.000000100000000021e-05 1.000000100000000021e-05 1.000000100000000021e-05
8.480469010337493910e-03 6.351899389081674258e-03 5.587584799167741138e-03 4.905487203346241797e-03 4.835091231667365541e-03 1.032075964031652429e-02 6.201054603960395178e-02 5.085064595212871602e-02 4.808884753284883504e-03 6.225793500719578079e-03 7.998599766835624847e-03 5.430900242402644622e-03 6.085067121503293965e-03 6.983750650529158693e-03 6.231942181872672168e-03 8.654703975624003162e-03 7.467175590231900188e-03 6.938484670546371004e-03 7.294502311318743805e-03 7.673503631206987641e-03 8.480584847289168726e-03 8.330149288763622623e-03 8.136683692449450667e-03 7.589820659344269881e-03 6.291931410052708541e-03 2.880792681381784404e-03 2.197758908262562559e-03 1.420333998738439359e-03 6.548789090749458685e-04 5.381763257552530863e-04 1.000000100000000021e-05 1.000000100000000021e-05 1.000000100000000021e-05 1.000000100000000021e-05 1.000000100000000021e-05 1.000000100000000021e-05 1.000000100000000021e-05
9.289084763946365772e-03 7.579544096359015944e-03 7.747039054033000999e-03 5.790198234671277942e-03 5.504017618919570046e-03 1.199356312784731135e-02 7.549316195536773244e-02 6.470663831645902253e-02 6.572850547839875768e-03 5.675855624545408928e-03 7.013505354559156947e-03 6.417455617431947444e-03 6.436688124596881729e-03 4.983407884956622333e-03 6.536068951606285003e-03 1.514823017764307250e-02 9.768002395271124447e-03 8.711513277135906827e-03 8.412773888070495740e-03 8.291273269951281860e-03 8.748433184712292240e-03 9.437988471250621444e-03 1.016304334672543316e-02 8.629685510564852335e-03 4.648184127797993191e-03 1.975495463128263893e-03 7.934873157818373660e-04 5.606608430115203340e-04 3.907475140405366901e-04 5.539845485506060757e-04 1.000000100000000021e-05 1.000000100000000021e-05 1.000000100000000021e-05 1.000000100000000021e-05 1.000000100000000021e-05 1.000000100000000021e-05 1.000000100000000021e-05
2.472260559758275751e-03 5.777037929995414503e-03 7.425832106199682994e-03 6.960588049480420821e-03 4.631897815209811385e-03 4.643125273595526126e-03 2.374754092843449696e-02 1.640484939597695591e-01 1.752925275846633352e-02 7.445809690810939116e-03 6.157734446308151671e-03 6.551410011155126001e-03 6.175302784291087504e-03 7.745015454255019076e-03 7.855152055718258794e-03 1.299735856115093353e-02 9.315603201501791372e-03 8.572422309670738386e-03 7.797624157876402451e-03 8.376497613958545571e-03 9.284591925645702473e-03 1.076386302687671812e-02 1.190836362380788722e-02 1.178960802600461343e-02 4.329537157225511745e-03 2.847745116482167712e-03 1.387095343837870150e-03 1.051071564002894945e-03 3.559484568806370298e-04 5.429507870004261424e-04 1.000000100000000021e-05 1.000000100000000021e-05 1.000000100000000021e-05 1.000000100000000021e-05 1.000000100000000021e-05 1.000000100000000021e-05 1.000000100000000021e-05
