output/water_depth_2160.asc
ncols 223
nrows 158
xllcorner 0.0
yllcorner 0.0
cellsize 30.0
[rows 136 to 152 of 158, columns 37 to 73 of 223]
1.233526532475559502e-04 1.233982369545714969e-05 1.573757324706909834e-05 1.000000000000000021e-08 1.000000000000000021e-08 1.000000000000000021e-08 1.472645708195392682e-05 1.101778061728068953e-04 3.069686390782555042e-04 3.082005537421769054e-04 2.715244369440290655e-04 5.020903925437862798e-04 1.063877678554289762e-04 1.915438155950040215e-05 1.767057034887968889e-05 3.583351243279351173e-05 2.454470802354450815e-05 4.144787356900605054e-05 2.701632973321887858e-05 4.170931993656402069e-05 2.125783321341738659e-05 6.296576525776961916e-05 4.023725882488877136e-04 4.065095548917019167e-05 6.778098721125182442e-05 6.880992324833970215e-05 1.078215718813169838e-04 3.700757806894960401e-03 8.537380488495789621e-03 1.619114189697333506e-02 2.820914560446320662e-02 2.510953981676133581e-02 4.573865522742608797e-02 4.014657303578645655e-04 7.871622391499759688e-05 1.172908292348106023e-04 4.349556465483864968e-05
4.276733542311552419e-05 3.016398859999294390e-05 1.000000000000000021e-08 1.000000000000000021e-08 1.000000000000000021e-08 1.000000000000000021e-08 1.217648988668607907e-05 5.496231513338575608e-05 1.802899453105136316e-04 2.569354435116685993e-04 1.109295407353999731e-04 4.981701973933063402e-05 1.543396881019034467e-04 1.657958519957605168e-05 3.103053861705202079e-05 2.173274577318788908e-05 3.521883560556189044e-05 2.051853052259987266e-05 3.419256881621627692e-05 1.840104775035652070e-05 1.724906540503647951e-05 1.000000000000000021e-08 2.358478013048925432e-05 3.850650550794024922e-05 1.010331781392845123e-03 6.174251866259281496e-04 8.272109665647685338e-04 8.476611354913198004e-03 1.106940293352399671e-02 2.657931107563264034e-02 3.844997618319530991e-02 2.064118293556533104e-02 1.942319247044273917e-02 4.883790695142271052e-04 4.370850256049003144e-05 8.582308061275500488e-05 2.969093390274705864e-05
1.000000000000000021e-08 2.780474689008456988e-05 1.000000000000000021e-08 1.000000000000000021e-08 1.000000000000000021e-08 1.000000000000000021e-08 3.117753013792032123e-05 4.416249818160487080e-05 1.127325185317217286e-04 1.324493588691821248e-04 3.122582034707842118e-05 2.335153133099338404e-05 1.387391211501425720e-04 2.651534142673718652e-05 1.973253209149370587e-05 3.353379264585736269e-05 1.717056843916933454e-05 1.930472318965661418e-05 1.398933360265573624e-05 1.512294478875650199e-05 1.000000000000000021e-08 1.000000000000000021e-08 1.882872228582257581e-05 3.898740024090095735e-03 7.721109905637702289e-03 1.884982047089044793e-02 3.572095984116754191e-02 4.338169104994136355e-02 4.934698700660390680e-02 4.088168891437553992e-02 4.863073124672982750e-02 2.632402373074759503e-04 2.519563160118662632e-04 3.658181055811105995e-04 3.920546373504307032e-05 3.297395124650224661e-05 2.798592317728960195e-05
1.000000000000000021e-08 1.000000000000000021e-08 1.000000000000000021e-08 1.000000000000000021e-08 1.000000000000000021e-08 1.000000000000000021e-08 3.306728142629450015e-05 9.292683470470296443e-05 9.927110067260366821e-05 1.000000000000000021e-08 1.000000000000000021e-08 1.728058990335430424e-05 1.149051350464770242e-04 2.242276205452700287e-04 3.241761819937812050e-05 1.795876998436720347e-05 1.635536800222142024e-05 1.000000000000000021e-08 2.027199285998250875e-05 1.000000000000000021e-08 1.000000000000000021e-08 1.000000000000000021e-08 1.000000000000000021e-08 4.352196236114826491e-03 9.268631584247889049e-03 1.384586884030453505e-02 1.470355278473427924e-02 1.594431637980372671e-02 1.842807902186768820e-02 3.047348098633595112e-02 8.153878286425716299e-03 1.288415637852119650e-04 1.273554517556379736e-04 4.103309015473975913e-04 3.632432333296884883e-04 2.328059328813080956e-05 1.000000000000000021e-08
1.000000000000000021e-08 1.000000000000000021e-08 1.000000000000000021e-08 3.302447003201609030e-05 1.000000000000000021e-08 1.000000000000000021e-08 9.215306616496598603e-05 9.122297107697477424e-05 1.000000000000000021e-08 1.000000000000000021e-08 2.173046454663113999e-05 1.205077209855862087e-05 1.062244411700380875e-04 1.755870293699521333e-04 2.307539807788951288e-04 2.162734713734082976e-05 1.000000000000000021e-08 1.563628983563852243e-05 1.000000000000000021e-08 1.000000000000000021e-08 1.000000000000000021e-08 1.000000000000000021e-08 1.000000000000000021e-08 5.326260861202128903e-03 1.099255431084523831e-02 1.417934126005416032e-02 1.547373318402018617e-02 1.665513522214817285e-02 1.708930472606744536e-02 1.863927335937004548e-02 6.839421341455352208e-05 1.127598657999307684e-04 1.177764311621139722e-05 2.761538711242163377e-04 4.155464592865894822e-04 1.571469887761546926e-04 1.205052972058513457e-04
1.000000000000000021e-08 1.000000000000000021e-08 1.000000000000000021e-08 1.000000000000000021e-08 5.006327906431856743e-05 1.000000000000000021e-08 6.062307525584384596e-05 1.003656748133086447e-04 3.597355706702192883e-05 1.000000000000000021e-08 1.000000000000000021e-08 1.000000000000000021e-08 9.173015263476603674e-05 1.482481723520994647e-04 1.482690153947899075e-04 1.262908886286983614e-04 1.000000000000000021e-08 1.000000000000000021e-08 1.000000000000000021e-08 2.707948452482312530e-05 4.145319010230491460e-05 5.843501365011993960e-05 1.012206944590955860e-04 1.042421569673356203e-02 1.617559788167777235e-02 1.671329447747987515e-02 1.610773410705727826e-02 1.792359214535385603e-02 9.986659310751426488e-03 5.977762734314436693e-03 7.221510805249563368e-05 1.378578527838442646e-04 7.862344959086994074e-05 1.316489411405523423e-04 6.391457152876506775e-05 1.062130487993882306e-04 1.127180691580285612e-04
1.000000000000000021e-08 4.100747684682748179e-05 1.000000000000000021e-08 1.524280314565674854e-05 3.683167094821602659e-05 5.590378835552866819e-05 2.774128963494030598e-04 4.279258186039620751e-04 2.549696208378462927e-05 4.570978715737857771e-05 6.475531162125923229e-05 7.696654102598352975e-05 8.870532601963510163e-05 9.337499034892212302e-05 8.918996254931903440e-05 1.000000000000000021e-08 1.000000000000000021e-08 1.063881476389523757e-05 2.515411330360578266e-05 1.014559947116705052e-04 1.269093770492001310e-04 1.301179044316514940e-04 1.060987971462246798e-04 2.043739366782627159e-02 2.120421444036175648e-02 1.651535653394014050e-02 1.481048093584442539e-02 1.551762494216514174e-02 6.147097321252984413e-05 1.101745383385650974e-04 1.911938768785764476e-05 1.374882800730779114e-04 2.929463539276473726e-04 8.501465040151511227e-05 4.914565604165019471e-05 1.798041157581295850e-05 1.090907260674203939e-04
1.000000000000000021e-08 2.249319629722096005e-05 5.507425993375963095e-05 1.000000000000000021e-08 1.000000000000000021e-08 2.779184515471286857e-05 9.036719817425888774e-05 2.753241825384433131e-04 1.393550363982888526e-05 2.116247291896832769e-05 2.330553243516802160e-05 3.071619574151639496e-05 2.802379420573794457e-05 2.707875471962655747e-05 1.000000000000000021e-08 1.000000000000000021e-08 1.000000000000000021e-08 2.852635757992289038e-05 9.260355387873000707e-03 2.506137553517464450e-02 1.638960385433663874e-02 1.086181743966289047e-02 4.306920773914140604e-02 3.992725282546025906e-02 2.127762376058196792e-02 1.097835637987444254e-02 7.169425247846166437e-03 6.054064872688563401e-03 5.758818047889565435e-05 6.794902503340305379e-05 4.481479324223260264e-05 6.410609839022532821e-05 1.842077285482720921e-04 8.241848947496291735e-05 2.986207628885080933e-05 1.000000100000000021e-05 1.000000100000000021e-05
1.000000000000000021e-08 1.165570226727189834e-05 2.211233313082524698e-05 1.000000000000000021e-08 1.000000000000000021e-08 1.911226564184475288e-05 4.501121929679955758e-05 1.000000000000000021e-08 4.413919254452002662e-05 6.720839885437533343e-05 8.474418582369195132e-05 9.792426807617740604e-05 1.000000000000000021e-08 1.000000000000000021e-08 1.527950580683434109e-05 1.000000000000000021e-08 1.553732930354265629e-05 8.208856054356468055e-05 1.461579068700486102e-02 1.848267233896759218e-02 4.039738597830384165e-02 5.635398921141333145e-02 3.029539111364139281e-02 3.562063256540554113e-02 1.928297419200442411e-03 8.955533254248852770e-04 5.916769320302292176e-04 9.252593487429723249e-04 8.291479531799848335e-05 1.000000000000000021e-08 3.097020708335486861e-05 6.743685973865454555e-05 1.621700352640786317e-04 3.326566488354266651e-05 2.726008949936594642e-05 1.000000100000000021e-05 1.000000100000000021e-05
2.602030817417900696e-04 3.819721409720739204e-04 4.040521301277955155e-05 1.298521755913077220e-05 1.000000000000000021e-08 1.000000000000000021e-08 9.254758619751538094e-05 1.000000000000000021e-08 1.000000000000000021e-08 1.000000000000000021e-08 1.000000000000000021e-08 1.000000000000000021e-08 1.545528208760082672e-05 1.000000000000000021e-08 1.455766732999713362e-02 9.485512359912608160e-03 1.597335700509285375e-02 3.706373328235721548e-02 2.676235071113704234e-02 1.750569217399214339e-02 1.184506788251316924e-02 7.491033237875239711e-03 6.111771588780446490e-03 3.621091997181369489e-03 3.592377402945580011e-03 4.902617374364552985e-04 4.340695724626392844e-04 4.687035033135748742e-05 1.559540089671436692e-05 1.000000000000000021e-08 3.151608576080806997e-05 5.083644494473255347e-05 1.178544751145866573e-04 1.477756687816307766e-05 1.537551330681811968e-05 1.000000100000000021e-05 1.000000100000000021e-05
8.795208638199267844e-05 1.174436618333102360e-04 4.868251930822490030e-05 8.580563417622409021e-05 7.209760106190151515e-05 6.453021243095892999e-03 4.411077589655859089e-03 4.450441099334715225e-03 1.715113533481404766e-03 2.010997556482332915e-03 7.019827723322945561e-04 5.798655492529856958e-04 4.204614793300102114e-04 5.140700871175056356e-04 1.676602863761277040e-02 3.842127259722014077e-02 3.994164546304411478e-02 2.537254820487956988e-02 1.566575217842793022e-02 1.137720330759582101e-02 5.458016110223455793e-03 3.986481830659471814e-03 1.361105195227444494e-03 1.273290548371188791e-03 1.219892475125432252e-03 3.811484290792911309e-04 2.656677168975656467e-04 2.657514146289612620e-04 1.259528386382478387e-05 1.000000000000000021e-08 2.117759202821515547e-05 2.838136791697512019e-04 4.412022928115640936e-05 1.482084107118076502e-04 1.000000100000000021e-05 1.000000100000000021e-05 1.000000100000000021e-05
2.102027643949382876e-04 4.397060813409759143e-05 7.751949260115199511e-03 1.688059555433371606e-02 2.540784866754582788e-02 2.941336845393471497e-02 3.498736879620154006e-02 4.021224490075284153e-02 4.451069230831114498e-02 4.778105316725699686e-02 5.088908305760150852e-02 5.372449557651124558e-02 5.619923428153467126e-02 5.865444380556989606e-02 3.168984545896182808e-02 1.603553465812618956e-02 1.122703481388611854e-02 4.907846809396633481e-03 3.699082370307280737e-03 1.285295029022372497e-03 1.647039405708739489e-03 1.838840476067444911e-04 1.796622068049332876e-04 2.322455889323168509e-04 1.272449336223863679e-04 2.490665981130450301e-04 1.443927338969111204e-04 2.567690007338327613e-04 1.000000000000000021e-08 1.000000000000000021e-08 1.428591737559958743e-05 1.346899245416112488e-04 1.000000100000000021e-05 1.000000100000000021e-05 1.000000100000000021e-05 1.000000100000000021e-05 1.000000100000000021e-05
2.485374773859596567e-04 6.048002468800656520e-03 1.050567603227824456e-02 1.110244852965937105e-02 9.636365128920866205e-03 7.079144395548173097e-03 6.074691385101201047e-03 2.804511513946459592e-03 2.660838007906438964e-03 1.020507775703776094e-03 9.985824240279445128e-04 3.629263103215815429e-04 3.824999326212035833e-04 2.233207638580055445e-04 1.932150677773699678e-03 1.242447900193653274e-04 1.345758102325116051e-05 8.723753516382394633e-05 4.782552942403779607e-05 5.705508111391787102e-05 8.667784523532401668e-05 2.179954669297622729e-05 5.114756274732636197e-05 5.903235136608911036e-05 4.858214580086768654e-05 1.553776427418104042e-04 1.056143133180362248e-04 3.442040463094722886e-04 1.000000100000000021e-05 1.000000100000000021e-05 1.000000100000000021e-05 1.000000100000000021e-05 1.000000100000000021e-05 1.000000100000000021e-05 1.000000100000000021e-05 1.000000100000000021e-05 1.000000100000000021e-05
3.219099024283850891e-02 3.028953539025825564e-02 1.852168165892555465e-02 1.042895988845236876e-02 7.023638061447945273e-03 4.586510386721410343e-03 1.781393571855995972e-03 1.487199242521622389e-03 5.024085873966957147e-04 4.504063591338089379e-04 1.565271595677522414e-04 1.480197508882293554e-04 8.322521035418567969e-05 2.998703480945277985e-04 3.007360222622399728e-04 9.687124374381240717e-05 2.454337032955521461e-05 1.058053322947595602e-04 3.584588140508418610e-05 1.125637889880405262e-05 1.000000000000000021e-08 2.235195273640885953e-05 4.082095449288779623e-05 2.813207283792664305e-05 3.873533787256101883e-05 8.029467672961913393e-05 4.042664730675814408e-04 1.000000100000000021e-05 1.000000100000000021e-05 1.000000100000000021e-05 1.000000100000000021e-05 1.000000100000000021e-05 1.000000100000000021e-05 1.000000100000000021e-05 1.000000100000000021e-05 1.000000100000000021e-05 1.000000100000000021e-05
1.080455889206519962e-03 3.603061623276991501e-04 3.277891032451564447e-04 6.910736133497401941e-04 1.153026985350852861e-04 4.633684183103223611e-05 5.507852947478919796e-05 3.114404660100958953e-05 4.573570280242584293e-05 2.138262673716148001e-05 3.347151741648910829e-05 1.276079175106760605e-05 9.579788866429066456e-05 5.918566799351902699e-04 2.110773116338898617e-04 7.012300369887088688e-05 2.041680085632412357e-05 7.729498587592757556e-05 1.000000000000000021e-08 1.000000000000000021e-08 1.084286787416048746e-05 1.000000000000000021e-08 4.470861266302315776e-05 4.050371506612279103e-05 1.406482724090399859e-05 3.341343929296523803e-05 1.000000100000000021e-05 1.000000100000000021e-05 1.000000100000000021e-05 1.000000100000000021e-05 1.000000100000000021e-05 1.000000100000000021e-05 1.000000100000000021e-05 1.000000100000000021e-05 1.000000100000000021e-05 1.000000100000000021e-05 1.000000100000000021e-05
2.952973125328494625e-05 1.000000000000000021e-08 2.914460771053376187e-05 1.662925295227648420e-04 2.256669384018465620e-04 2.994965013393005319e-05 1.688876910957318005e-05 3.987067927418541224e-05 2.046195541298919426e-05 1.825807197526909499e-05 2.006513685277450641e-05 2.188977862613351210e-05 4.139728464532415372e-05 3.940597805588695905e-04 2.591567212008189782e-04 2.042026499252343590e-05 5.147308863352631996e-05 2.283425135760262128e-05 1.000000000000000021e-08 1.000000000000000021e-08 1.000000000000000021e-08 1.000000000000000021e-08 1.305191919953041242e-04 1.000000100000000021e-05 1.000000100000000021e-05 1.000000100000000021e-05 1.000000100000000021e-05 1.000000100000000021e-05 1.000000100000000021e-05 1.000000100000000021e-05 1.000000100000000021e-05 1.000000100000000021e-05 1.000000100000000021e-05 1.000000100000000021e-05 1.000000100000000021e-05 1.000000100000000021e-05 1.000000100000000021e-05
1.379168082904617422e-04 1.485583704615699727e-04 1.858715512699885843e-04 1.715711527664683946e-04 1.819717533948799935e-04 1.674629823395549458e-05 2.068799780907731712e-05 3.903658710322474351e-05 2.133407699865262470e-05 1.000000000000000021e-08 1.000000000000000021e-08 1.000000000000000021e-08 3.609991348246257246e-05 4.142438809808144610e-04 1.902824792617866477e-04 2.270813073051916660e-05 1.000000000000000021e-08 1.559722330427305904e-05 1.000000000000000021e-08 1.000000000000000021e-08 4.852441335233280190e-05 1.000000000000000021e-08 4.723759191897493022e-04 1.000000100000000021e-05 1.000000100000000021e-05 1.000000100000000021e-05 1.000000100000000021e-05 1.000000100000000021e-05 1.000000100000000021e-05 1.000000100000000021e-05 1.000000100000000021e-05 1.000000100000000021e-05 1.000000100000000021e-05 1.000000100000000021e-05 1.000000100000000021e-05 1.000000100000000021e-05 1.000000100000000021e-05
