output/water_depth_7080.asc
ncols 223
nrows 158
xllcorner 0.0
yllcorner 0.0
cellsize 30.0
[rows 68 to 84 of 158, columns 111 to 147 of 223]
1.000000000000000021e-08 3.518377652968423494e-05 1.000000000000000021e-08 1.223363855524942098e-05 1.000000000000000021e-08 1.911142933121538892e-05 1.000000000000000021e-08 1.000000000000000021e-08 8.331686259948503192e-05 3.307701611300477057e-04 2.136105406895645283e-04 1.256516762909839146e-04 1.000000000000000021e-08 1.000000000000000021e-08 1.000000000000000021e-08 1.000000000000000021e-08 1.000000000000000021e-08 1.000000000000000021e-08 1.000000000000000021e-08 1.000000000000000021e-08 1.000000000000000021e-08 1.000000000000000021e-08 1.000000000000000021e-08 1.000000000000000021e-08 1.000000000000000021e-08 1.000000000000000021e-08 1.000000000000000021e-08 2.580659237432621022e-05 3.622244251145282246e-03 4.430404730041658510e-04 1.000000000000000021e-08 1.000000000000000021e-08 3.135101873289328683e-05 3.275747955525126114e-05 1.000000000000000021e-08 1.000000000000000021e-08 1.539945635651061113e-05
6.844352316891347309e-05 4.827580156095548423e-04 1.490078726841964803e-03 5.406133884296902663e-03 7.054904550423705609e-03 4.836169043979915601e-03 4.310915591850281690e-03 1.321821467655785104e-05 1.000000000000000021e-08 1.144389916963496266e-05 9.728202138487478188e-05 1.000000000000000021e-08 1.000000000000000021e-08 1.000000000000000021e-08 1.000000000000000021e-08 1.000000000000000021e-08 1.000000000000000021e-08 1.000000000000000021e-08 1.000000000000000021e-08 1.000000000000000021e-08 1.000000000000000021e-08 1.193914299786132639e-05 2.357360486638129907e-05 1.000000000000000021e-08 1.000000000000000021e-08 1.000000000000000021e-08 1.000000000000000021e-08 1.000000000000000021e-08 1.050592638532188265e-05 5.571939249029063141e-04 3.826792428576049300e-04 2.795615275844196761e-04 6.332271614212390198e-05 3.880388607061795468e-05 1.000000000000000021e-08 1.000000000000000021e-08 1.426062822674479268e-05
3.330326816197506055e-03 8.220880112810564563e-03 8.129160517487445115e-03 5.501082456226849722e-03 3.805651813416177035e-03 7.024006092692100696e-03 8.683272081109215390e-03 2.107510292610251072e-03 1.000000000000000021e-08 1.000000000000000021e-08 1.000000000000000021e-08 1.000000000000000021e-08 1.000000000000000021e-08 1.000000000000000021e-08 1.000000000000000021e-08 1.000000000000000021e-08 1.000000000000000021e-08 1.000000000000000021e-08 1.000000000000000021e-08 1.000000000000000021e-08 1.000000000000000021e-08 2.209080832251491367e-05 1.000000000000000021e-08 1.000000000000000021e-08 1.000000000000000021e-08 1.000000000000000021e-08 1.000000000000000021e-08 1.000000000000000021e-08 1.000000000000000021e-08 5.014457967355465367e-05 3.374226357631556449e-04 3.888841648334593671e-05 1.000000000000000021e-08 4.442299662530708467e-05 1.000000000000000021e-08 1.000000000000000021e-08 1.253252360736881048e-05
1.827996550300111820e-03 2.551001817632301931e-03 1.169208890387283493e-04 1.000000000000000021e-08 1.000000000000000021e-08 1.000000000000000021e-08 8.901503014137591985e-03 9.019269420251996294e-03 1.572625993641218236e-05 1.000000000000000021e-08 1.000000000000000021e-08 1.000000000000000021e-08 1.000000000000000021e-08 1.000000000000000021e-08 1.000000000000000021e-08 1.000000000000000021e-08 1.000000000000000021e-08 1.000000000000000021e-08 1.000000000000000021e-08 1.000000000000000021e-08 1.000000000000000021e-08 2.344788179292576764e-05 2.681508719120455331e-05 1.000000000000000021e-08 1.000000000000000021e-08 1.000000000000000021e-08 1.000000000000000021e-08 1.000000000000000021e-08 1.120986654062829028e-05 6.137805192520478484e-05 3.691561540353765635e-04 9.027009439713553881e-04 1.441707776707492998e-04 3.637544668986703749e-05 1.000000000000000021e-08 1.000000000000000021e-08 1.415216381131117102e-05
1.032122662549096216e-03 1.286298400771203288e-03 1.893672764317160776e-04 1.000000000000000021e-08 1.000000000000000021e-08 1.000000000000000021e-08 2.321471428635062638e-03 1.000730466789361700e-02 3.818211109207375359e-05 1.000000000000000021e-08 1.000000000000000021e-08 1.000000000000000021e-08 1.000000000000000021e-08 1.000000000000000021e-08 1.000000000000000021e-08 1.000000000000000021e-08 1.000000000000000021e-08 1.000000000000000021e-08 1.000000000000000021e-08 1.000000000000000021e-08 1.000000000000000021e-08 1.000000000000000021e-08 4.113372825853596216e-05 1.000000000000000021e-08 1.000000000000000021e-08 1.000000000000000021e-08 1.000000000000000021e-08 1.135424738462288135e-05 1.000000000000000021e-08 1.000000000000000021e-08 1.000000000000000021e-08 7.879635436994564734e-04 1.118680447603293123e-03 2.561701120325708445e-05 1.000000000000000021e-08 1.000000000000000021e-08 1.000000000000000021e-08
1.030402866046505918e-04 1.003329915802262870e-03 1.352920739459391800e-04 1.521924250734450258e-04 1.432390949791052305e-04 2.252577799146748632e-04 2.006418587787968464e-04 3.804519931453547582e-02 1.079198922266371222e-02 5.096177293255970092e-05 1.000000000000000021e-08 1.000000000000000021e-08 1.000000000000000021e-08 1.000000000000000021e-08 1.000000000000000021e-08 1.000000000000000021e-08 1.000000000000000021e-08 1.000000000000000021e-08 1.000000000000000021e-08 1.000000000000000021e-08 1.000000000000000021e-08 1.000000000000000021e-08 5.759505214002273417e-05 1.000000000000000021e-08 1.000000000000000021e-08 1.000000000000000021e-08 1.000000000000000021e-08 1.000000000000000021e-08 1.000000000000000021e-08 1.000000000000000021e-08 1.000000000000000021e-08 1.000000000000000021e-08 5.808126311279788664e-04 4.080381917744542257e-04 2.083321359900518850e-04 1.303796220303573910e-04 9.450099661195884555e-05
1.426463024670299000e-03 1.676315757714070685e-04 1.506979083137313622e-05 1.048771009678244898e-05 1.206552150376483622e-04 1.019204461231782078e-04 1.000000000000000021e-08 1.000000000000000021e-08 1.049737039262395137e-02 1.904367237339418210e-03 1.000000000000000021e-08 1.000000000000000021e-08 1.000000000000000021e-08 1.000000000000000021e-08 1.000000000000000021e-08 1.000000000000000021e-08 1.000000000000000021e-08 1.000000000000000021e-08 3.214166113044647309e-05 1.000000000000000021e-08 1.000000000000000021e-08 2.098226544384561157e-05 7.559465125048372503e-05 1.000000000000000021e-08 1.000000000000000021e-08 1.000000000000000021e-08 1.000000000000000021e-08 1.000000000000000021e-08 1.000000000000000021e-08 1.000000000000000021e-08 1.000000000000000021e-08 1.000000000000000021e-08 3.794369446693038588e-05 4.370644938860137121e-04 3.448645654682055820e-04 2.681244888276790826e-04 1.000000000000000021e-08
2.569091663258555626e-03 1.420651131922355623e-04 1.235748294351694624e-05 1.448705450179521632e-05 1.464464074936830501e-05 3.028719671151265560e-05 1.000000000000000021e-08 1.000000000000000021e-08 1.069186976682388011e-02 6.579406810504284664e-02 5.779709811833152328e-02 1.050101760245757604e-04 1.000000000000000021e-08 1.000000000000000021e-08 1.092791255111124032e-05 1.230636450892125678e-05 1.771700398181511155e-05 1.000000000000000021e-08 1.528247674437701285e-02 1.511790304717018640e-02 1.568111232156865764e-02 1.566423935112006699e-02 1.506083073487185335e-02 9.917714469613553990e-03 9.436724884732287932e-03 2.364545275553119115e-05 1.000000000000000021e-08 1.000000000000000021e-08 1.000000000000000021e-08 1.000000000000000021e-08 1.000000000000000021e-08 1.000000000000000021e-08 2.571381810216597018e-04 3.873501715364914013e-04 4.401298737041421704e-04 3.321969892730536550e-04 1.452678251992860767e-04
5.013885576152241411e-03 1.405340272146255929e-04 1.106968018398892100e-05 3.860781125163282440e-05 5.299423561556250277e-05 3.312669889789178392e-05 2.662022771508384901e-05 1.000000000000000021e-08 2.174817764400643427e-05 3.027444497525215957e-05 4.205782856017410004e-02 1.360347458321711778e-02 1.332310290140197549e-02 1.394544218097365854e-02 1.370027650550968354e-02 1.390730190799861418e-02 1.412654668081236506e-02 1.436054186349906142e-02 1.515579988157142281e-02 1.000000000000000021e-08 1.000000000000000021e-08 1.000000000000000021e-08 3.102485549852587818e-03 1.204117891895293418e-02 7.262432128772611239e-02 5.595441089877038060e-02 2.251443001365077538e-04 2.715072363338362165e-05 1.872398159944415661e-05 1.000000000000000021e-08 1.000000000000000021e-08 1.000000000000000021e-08 1.304378023382036199e-02 1.729006974984318573e-02 1.952873409830794063e-02 2.060639223401420153e-02 4.960171704983965674e-02
6.139373193202664857e-03 1.192247364360904090e-03 1.696018020977926898e-05 1.000000000000000021e-08 1.000000000000000021e-08 1.000000000000000021e-08 1.000000000000000021e-08 1.077838619027767783e-05 1.274719996576731305e-05 1.390659904563266564e-05 2.259866171871491061e-05 1.000000000000000021e-08 3.735820564983375453e-05 7.630347464246257211e-05 1.000000000000000021e-08 1.769097456677986150e-05 1.000000000000000021e-08 1.000000000000000021e-08 1.000000000000000021e-08 1.000000000000000021e-08 1.494623663332756410e-05 1.000000000000000021e-08 1.294310801110707699e-05 2.376110038443973878e-05 4.241936460938805270e-05 1.826503278660557977e-02 1.839661672129644376e-02 1.869556847476012279e-02 1.904153012752415886e-02 1.939949403215600679e-02 1.976646241696287595e-02 2.013826525904739012e-02 1.283416213875188464e-02 8.202284957073580768e-03 1.633417499110959015e-03 1.043022515480046455e-03 4.167659396079732848e-02
5.078131628298950678e-03 5.010637452328146370e-03 2.850260520664031890e-05 1.000000000000000021e-08 1.000000000000000021e-08 1.000000000000000021e-08 1.275056763277908296e-05 1.000000000000000021e-08 1.000000000000000021e-08 1.000000000000000021e-08 1.000000000000000021e-08 4.315796714242938853e-05 4.599269010143505190e-05 6.935517939392384502e-05 1.000000000000000021e-08 1.000000000000000021e-08 1.000000000000000021e-08 1.000000000000000021e-08 1.000000000000000021e-08 1.000000000000000021e-08 1.000000000000000021e-08 1.113576075833648333e-05 1.247157402087627882e-05 1.468409175405953211e-05 1.000000000000000021e-08 5.420111618644125103e-05 1.000000000000000021e-08 4.031200210460992602e-05 1.000000000000000021e-08 2.545008443534467384e-05 1.437408222228605429e-05 1.000000000000000021e-08 1.000000000000000021e-08 1.000000000000000021e-08 1.000000000000000021e-08 1.000000000000000021e-08 8.147635089065032065e-05
3.464266849727246599e-03 4.371460890156695506e-03 4.535949762160039998e-03 2.744174717655419610e-05 1.000000000000000021e-08 1.124155789068317908e-05 1.730442123123001382e-05 2.686197423378223543e-05 1.000000000000000021e-08 1.000000000000000021e-08 6.146309907730390122e-05 5.927649167490281088e-05 3.367002770998786315e-05 3.255043721128258425e-05 1.000000000000000021e-08 1.000000000000000021e-08 1.000000000000000021e-08 1.000000000000000021e-08 1.000000000000000021e-08 1.000000000000000021e-08 1.000000000000000021e-08 1.000000000000000021e-08 1.000000000000000021e-08 1.000000000000000021e-08 1.083381720910427018e-05 1.000000000000000021e-08 1.285904295016141927e-05 1.000000000000000021e-08 1.000000000000000021e-08 1.000000000000000021e-08 1.000000000000000021e-08 1.000000000000000021e-08 1.000000000000000021e-08 1.000000000000000021e-08 1.031910913630147270e-05 1.000000000000000021e-08 5.166034964256857018e-05
4.502733730397806555e-03 8.689953085577855826e-03 5.576705690336490606e-02 4.922512764172249505e-02 3.879340450275450131e-02 8.370357901014856619e-03 7.289601651900463886e-03 1.342062703803040139e-03 7.907564487755336510e-04 6.215235240235924413e-04 9.685456928450383309e-05 1.000000000000000021e-08 1.000000000000000021e-08 1.000000000000000021e-08 1.000000000000000021e-08 1.000000000000000021e-08 1.169636474470660881e-05 1.288042868883918968e-05 1.000000000000000021e-08 1.000000000000000021e-08 1.000000000000000021e-08 1.000000000000000021e-08 1.000000000000000021e-08 1.000000000000000021e-08 1.000000000000000021e-08 2.384570269331001295e-05 1.000000000000000021e-08 1.351290124682365770e-05 1.000000000000000021e-08 1.000000000000000021e-08 1.000000000000000021e-08 1.000000000000000021e-08 1.000000000000000021e-08 1.000000000000000021e-08 1.000000000000000021e-08 1.000000000000000021e-08 3.686208345824428998e-05
2.188188921942820463e-03 1.823479523910399684e-03 1.158254656164006864e-03 7.549899683085024632e-04 3.422669470696444748e-04 5.381557490647484801e-03 6.465307880532329340e-03 3.370328402501286333e-03 2.024842643950185497e-03 4.997956413269212918e-04 6.327448902716666611e-05 1.000000000000000021e-08 1.000000000000000021e-08 1.000000000000000021e-08 1.017035700221028583e-05 1.306920882853498813e-05 3.088969249316863815e-05 1.000000000000000021e-08 1.000000000000000021e-08 1.000000000000000021e-08 1.027940373974481842e-05 1.493878114935032280e-05 1.113510035533881321e-05 1.320686186145463070e-05 4.207715615058806919e-05 1.409223523375168896e-05 1.000000000000000021e-08 1.000000000000000021e-08 1.000000000000000021e-08 1.000000000000000021e-08 1.000000000000000021e-08 1.000000000000000021e-08 1.000000000000000021e-08 1.000000000000000021e-08 1.079877061133971110e-05 1.000000000000000021e-08 3.850217524785712461e-05
1.483578527134570522e-03 7.939226415468290813e-04 3.976170620154652574e-04 2.269856104084837646e-04 2.435019417517847895e-04 1.102844035637386231e-03 1.485869432731880616e-03 2.535869238255176062e-03 4.074447726573292988e-03 4.445745451835106843e-04 5.613226022355851893e-05 1.000000000000000021e-08 1.000000000000000021e-08 1.000000000000000021e-08 1.676755641876941452e-05 2.454113607477976134e-05 1.000000000000000021e-08 1.000000000000000021e-08 1.000000000000000021e-08 1.257443060486675939e-05 1.824255280928336457e-05 2.617710771311964677e-05 3.929667034435723719e-05 9.935943160586447383e-05 9.218761345599622338e-05 1.000000000000000021e-08 1.000000000000000021e-08 1.000000000000000021e-08 1.000000000000000021e-08 1.000000000000000021e-08 1.000000000000000021e-08 1.000000000000000021e-08 1.000000000000000021e-08 1.000000000000000021e-08 1.064473621474386030e-05 1.000000000000000021e-08 4.423294694521559951e-05
3.118079105178033438e-04 1.539241845096601263e-04 2.737190598284725386e-04 2.665056996131732179e-04 2.752917047645342115e-04 3.477806545331130466e-04 1.304693109522363399e-03 3.161075544774912850e-03 4.115675674732844312e-03 2.909935233717847913e-04 4.591641736390295162e-05 1.000000000000000021e-08 1.000000000000000021e-08 1.468269980287557115e-05 1.842349453721712913e-05 2.469135595426889286e-05 2.325733555313508374e-05 1.710084972641644289e-05 1.000000000000000021e-08 1.459583910762086897e-05 1.000000000000000021e-08 9.126734773114577681e-05 6.482294260814348678e-05 6.510472644677313002e-05 1.000000000000000021e-08 1.000000000000000021e-08 1.243999418093435523e-05 1.000000000000000021e-08 1.000000000000000021e-08 1.000000000000000021e-08 1.000000000000000021e-08 1.096382330994776096e-05 1.000000000000000021e-08 1.000000000000000021e-08 1.000000000000000021e-08 1.000000000000000021e-08 4.589236958239832951e-05
5.298021187421055652e-05 2.045680010763041023e-05 2.872633047245670354e-04 3.094929749508401910e-04 3.312147684083286965e-04 3.025117831121592032e-04 4.905552664790173954e-04 1.129447796363718115e-02 2.483299695545216051e-03 1.000000000000000021e-08 7.619642782186976848e-05 1.642747610207839605e-05 1.000000000000000021e-08 1.000000000000000021e-08 1.924846746746352127e-05 1.000000000000000021e-08 1.934675346567756967e-05 3.079833323677751974e-05 1.000000000000000021e-08 1.000000000000000021e-08 1.000000000000000021e-08 5.913267677609445108e-05 1.292385190921811029e-04 4.689245946894463263e-05 1.000000000000000021e-08 1.000000000000000021e-08 1.267849663884683952e-05 1.000000000000000021e-08 3.573762586897388213e-05 2.996351455243857141e-05 3.133593406695457206e-05 1.314101701031990034e-05 1.000000000000000021e-08 1.000000000000000021e-08 1.000000000000000021e-08 7.113438721477234486e-05 3.496199743774078614e-05
