output/water_depth_8880.asc
ncols 223
nrows 158
xllcorner 0.0
yllcorner 0.0
cellsize 30.0
[rows 85 to 101 of 158, columns 185 to 221 of 223]
1.940722001671336697e-05 1.611445451281722649e-05 1.000000000000000021e-08 1.000000000000000021e-08 1.000000000000000021e-08 1.000000000000000021e-08 4.745593925184764836e-04 1.184017933403750944e-01 1.165834019980323405e-01 1.181343965023788356e-01 2.107160934725009916e-03 1.098540564241318662e-03 1.000000000000000021e-08 1.000000000000000021e-08 1.334245298884052846e-05 1.000000000000000021e-08 1.000000000000000021e-08 1.000000000000000021e-08 1.000000000000000021e-08 1.000000000000000021e-08 1.000000000000000021e-08 2.060647367460105711e-05 1.952213479116323038e-05 1.927404852855667714e-05 2.073685793585686786e-05 2.365394007586376737e-05 2.219214347037216936e-05 2.376362711266375523e-05 1.240406597084641416e-05 1.000000000000000021e-08 1.000000100000000021e-05 1.000000100000000021e-05 1.000000100000000021e-05 1.000000100000000021e-05 1.000000100000000021e-05 1.000000100000000021e-05 1.000000100000000021e-05
1.521099266612463497e-05 1.941182049950791329e-05 1.000000000000000021e-08 1.000000000000000021e-08 1.000000000000000021e-08 1.000000000000000021e-08 5.817327727648362719e-05 9.212749658394639440e-02 9.165211982727620998e-02 4.575120142605107747e-04 4.953324189082436175e-04 1.827467429636435577e-04 2.793820798552380525e-05 1.619174672058641741e-05 1.000000000000000021e-08 1.000000000000000021e-08 1.000000000000000021e-08 1.000000000000000021e-08 1.501292032514964765e-05 1.052362434828402470e-05 1.000000000000000021e-08 1.000000000000000021e-08 1.000000000000000021e-08 1.000000000000000021e-08 1.000000000000000021e-08 1.000000000000000021e-08 1.000000000000000021e-08 1.000000000000000021e-08 1.000000000000000021e-08 1.000000000000000021e-08 1.000000000000000021e-08 1.000000100000000021e-05 1.000000100000000021e-05 1.000000100000000021e-05 1.000000100000000021e-05 1.000000100000000021e-05 1.000000100000000021e-05
1.364776440266632043e-05 1.000000000000000021e-08 1.000000000000000021e-08 1.000000000000000021e-08 1.000000000000000021e-08 1.000000000000000021e-08 1.000000000000000021e-08 3.070806661967749596e-02 3.512250684953017316e-02 1.000000000000000021e-08 1.000000000000000021e-08 1.000000000000000021e-08 1.000000000000000021e-08 1.000000000000000021e-08 1.000000000000000021e-08 1.000000000000000021e-08 2.609896268505923933e-05 1.309328307558492811e-05 1.000000000000000021e-08 1.000000000000000021e-08 1.430519608526933863e-05 1.332542750245810629e-05 1.119639916893634454e-05 1.000000000000000021e-08 1.000000000000000021e-08 1.000000000000000021e-08 1.000000000000000021e-08 1.000000000000000021e-08 1.000000000000000021e-08 1.000000000000000021e-08 1.000000000000000021e-08 1.000000100000000021e-05 1.000000100000000021e-05 1.000000100000000021e-05 1.000000100000000021e-05 1.000000100000000021e-05 1.000000100000000021e-05
1.801741178070842238e-05 1.567521820626212244e-05 1.359874891789491426e-05 1.194031904540360209e-05 1.114132708060864604e-05 1.000000000000000021e-08 2.992597363357719264e-05 4.166872135249291564e-02 2.110001280285144984e-02 1.208545001320982403e-05 1.000000000000000021e-08 1.000000000000000021e-08 1.000000000000000021e-08 1.000000000000000021e-08 1.000000000000000021e-08 1.755800369896224342e-04 2.184953020706040076e-03 2.895139348287364522e-05 1.000000000000000021e-08 1.000000000000000021e-08 3.833825684425243437e-05 3.397483438383235499e-05 2.868593030278093737e-05 1.548964153355978258e-05 1.307349802054192520e-05 1.188114269778318936e-05 1.000000000000000021e-08 1.000000000000000021e-08 1.000000000000000021e-08 1.000000000000000021e-08 1.000000000000000021e-08 1.000000100000000021e-05 1.000000100000000021e-05 1.000000100000000021e-05 1.000000100000000021e-05 1.000000100000000021e-05 1.000000100000000021e-05
4.963011291838087416e-05 6.728365106882611634e-05 5.057511634236279592e-05 4.053044354399777433e-05 3.271611432181978200e-05 3.326438731159884105e-05 3.722258965274024005e-05 4.447619106440418163e-02 3.173505541276856051e-02 5.636712606761435306e-05 1.000000000000000021e-08 1.000000000000000021e-08 1.000000000000000021e-08 6.078314953189109158e-05 9.406604006088164474e-05 1.899898223579563625e-04 1.000000000000000021e-08 1.987405545827742871e-05 3.085731280658262423e-05 3.173741891590893126e-05 3.735936337010481103e-05 3.162504027507415192e-05 2.569622596329158176e-05 3.060877682143117154e-05 3.213823404818389243e-05 3.114398167326650981e-05 3.582279517564239684e-05 3.391409736311618679e-05 2.304084257060328033e-05 1.469614382765580218e-05 1.000000000000000021e-08 1.000000100000000021e-05 1.000000100000000021e-05 1.000000100000000021e-05 1.000000100000000021e-05 1.000000100000000021e-05 1.000000100000000021e-05
3.250696295914616888e-05 3.071073767094840268e-05 4.855429293389308101e-05 7.535131046876070333e-05 7.955637785055892847e-05 7.163335963988470975e-05 1.000000000000000021e-08 5.809314003824753159e-02 6.933559739926188625e-02 8.164001953787939573e-05 1.000000000000000021e-08 1.000000000000000021e-08 1.000000000000000021e-08 1.000000000000000021e-08 9.541742852523240020e-05 9.062527801399598718e-05 1.000000000000000021e-08 1.000000000000000021e-08 1.000000000000000021e-08 1.000000000000000021e-08 1.000000000000000021e-08 1.000000000000000021e-08 1.987005387275229918e-05 1.000000000000000021e-08 1.000000000000000021e-08 2.277966295831085461e-05 1.000000000000000021e-08 1.000000000000000021e-08 1.000000000000000021e-08 1.000000000000000021e-08 1.000000100000000021e-05 1.000000100000000021e-05 1.000000100000000021e-05 1.000000100000000021e-05 1.000000100000000021e-05 1.000000100000000021e-05 1.000000100000000021e-05
1.000000000000000021e-08 1.000000000000000021e-08 2.579072658732172368e-05 2.192453389785593054e-05 6.932242526872324279e-05 7.429021178742544211e-05 3.280029094772192108e-04 1.672836494672091667e-01 2.568494883713447544e-02 1.000000000000000021e-08 1.000000000000000021e-08 1.000000000000000021e-08 1.000000000000000021e-08 1.000000000000000021e-08 1.000000000000000021e-08 7.640110140794356837e-05 1.000000000000000021e-08 1.000000000000000021e-08 1.000000000000000021e-08 1.202090733638752171e-05 1.575903685298132205e-05 1.978693149501329485e-05 1.896342469397303766e-05 1.000000000000000021e-08 1.000000000000000021e-08 1.000000000000000021e-08 1.000000000000000021e-08 1.000000000000000021e-08 1.000000000000000021e-08 1.000000000000000021e-08 1.000000100000000021e-05 1.000000100000000021e-05 1.000000100000000021e-05 1.000000100000000021e-05 1.000000100000000021e-05 1.000000100000000021e-05 1.000000100000000021e-05
1.000000000000000021e-08 1.000000000000000021e-08 1.000000000000000021e-08 1.000000000000000021e-08 1.000000000000000021e-08 3.664208987540686638e-05 4.221880965664683672e-05 1.318641858164997238e-01 6.311799542155891243e-03 1.000000000000000021e-08 1.091066258835770267e-05 1.000000000000000021e-08 1.000000000000000021e-08 1.000000000000000021e-08 1.000000000000000021e-08 1.000000000000000021e-08 1.000000000000000021e-08 1.000000000000000021e-08 1.000000000000000021e-08 2.245237803219677454e-05 2.338290109927336808e-05 1.328784110606956755e-05 1.000000000000000021e-08 1.000000000000000021e-08 1.000000000000000021e-08 1.000000000000000021e-08 1.000000000000000021e-08 1.000000000000000021e-08 1.000000000000000021e-08 1.000000000000000021e-08 1.000000100000000021e-05 1.000000100000000021e-05 1.000000100000000021e-05 1.000000100000000021e-05 1.000000100000000021e-05 1.000000100000000021e-05 1.000000100000000021e-05
1.000000000000000021e-08 1.000000000000000021e-08 1.000000000000000021e-08 1.000000000000000021e-08 1.000000000000000021e-08 1.000000000000000021e-08 1.000000000000000021e-08 4.403600936773442026e-02 1.077346092433347918e-01 3.401687279073145154e-04 1.000000000000000021e-08 1.000000000000000021e-08 1.000000000000000021e-08 1.000000000000000021e-08 1.000000000000000021e-08 1.000000000000000021e-08 1.000000000000000021e-08 1.000000000000000021e-08 1.000000000000000021e-08 1.000000000000000021e-08 1.000000000000000021e-08 1.000000000000000021e-08 1.000000000000000021e-08 1.000000000000000021e-08 1.000000000000000021e-08 1.000000000000000021e-08 1.000000000000000021e-08 1.000000000000000021e-08 1.000000000000000021e-08 1.000000000000000021e-08 1.000000100000000021e-05 1.000000100000000021e-05 1.000000100000000021e-05 1.000000100000000021e-05 1.000000100000000021e-05 1.000000100000000021e-05 1.000000100000000021e-05
1.000000000000000021e-08 1.000000000000000021e-08 1.940898798637883321e-05 2.038618015400619557e-05 2.196186189727529663e-05 2.998197007982498111e-05 2.660306824254251960e-05 7.692817530140583226e-02 5.487440367171111250e-02 3.637578278609042664e-04 1.000000000000000021e-08 1.000000000000000021e-08 1.000000000000000021e-08 1.000000000000000021e-08 1.000000000000000021e-08 1.000000000000000021e-08 1.355009799135587337e-05 1.000000000000000021e-08 1.000000000000000021e-08 1.000000000000000021e-08 1.000000000000000021e-08 1.000000000000000021e-08 1.000000000000000021e-08 1.000000000000000021e-08 1.000000000000000021e-08 1.000000000000000021e-08 1.000000000000000021e-08 1.000000000000000021e-08 1.000000000000000021e-08 1.000000000000000021e-08 1.000000100000000021e-05 1.000000100000000021e-05 1.000000100000000021e-05 1.000000100000000021e-05 1.000000100000000021e-05 1.000000100000000021e-05 1.000000100000000021e-05
4.187170278256345334e-05 5.479861063728699118e-05 4.994107163570057418e-05 5.917088765429421595e-05 6.940006487372818130e-05 6.541090601563890878e-05 4.814196831799617870e-05 1.804494756564634095e-02 5.022452295718066173e-02 9.284085105571205396e-05 2.100252256287866325e-05 2.219098960538056777e-05 1.983282305804246566e-05 1.000000000000000021e-08 1.000000000000000021e-08 1.450840433764989348e-05 1.625466120871466995e-05 1.005442088871710338e-05 1.000000000000000021e-08 1.000000000000000021e-08 1.000000000000000021e-08 1.000000000000000021e-08 1.000000000000000021e-08 1.000000000000000021e-08 1.000000000000000021e-08 1.000000000000000021e-08 1.000000000000000021e-08 1.000000000000000021e-08 1.000000000000000021e-08 1.000000000000000021e-08 1.000000100000000021e-05 1.000000100000000021e-05 1.000000100000000021e-05 1.000000100000000021e-05 1.000000100000000021e-05 1.000000100000000021e-05 1.000000100000000021e-05
1.000000000000000021e-08 1.347838634739136407e-05 4.203631159788916247e-05 5.553602656123321864e-05 8.185882809475623369e-05 7.959509434827088102e-05 1.078324757790225099e-04 3.010936935470809664e-02 5.647791392363078755e-02 8.083403139828274249e-05 1.000000000000000021e-08 1.000000000000000021e-08 1.000000000000000021e-08 3.691947751403529488e-05 2.596039996218830320e-05 3.204658052212841295e-05 2.427737639758577293e-05 1.700486096098827174e-05 1.029625716169286610e-05 1.000000000000000021e-08 1.000000000000000021e-08 1.000000000000000021e-08 1.000000000000000021e-08 1.000000000000000021e-08 1.000000000000000021e-08 1.000000000000000021e-08 1.000000000000000021e-08 1.000000000000000021e-08 1.000000000000000021e-08 1.000000000000000021e-08 1.000000100000000021e-05 1.000000100000000021e-05 1.000000100000000021e-05 1.000000100000000021e-05 1.000000100000000021e-05 1.000000100000000021e-05 1.000000100000000021e-05
1.000000000000000021e-08 1.000000000000000021e-08 2.367246000113918953e-05 7.721950832479604072e-05 9.602807948466004725e-05 9.327197222579090374e-05 1.780935743387458995e-03 6.584625814174858982e-02 4.823058791225351416e-02 1.000000000000000021e-08 1.000000000000000021e-08 1.000000000000000021e-08 9.508650727750024253e-05 8.142040976117231605e-05 1.406713902424096849e-04 9.736081200623203217e-05 3.541174723518329247e-05 3.068929975758498223e-05 3.122409639238150133e-05 1.000000000000000021e-08 1.000000000000000021e-08 1.000000000000000021e-08 1.000000000000000021e-08 1.000000000000000021e-08 1.000000000000000021e-08 1.000000000000000021e-08 1.000000000000000021e-08 1.000000000000000021e-08 1.000000000000000021e-08 1.000000000000000021e-08 1.000000100000000021e-05 1.000000100000000021e-05 1.000000100000000021e-05 1.000000100000000021e-05 1.000000100000000021e-05 1.000000100000000021e-05 1.000000100000000021e-05
1.000000000000000021e-08 1.000000000000000021e-08 2.213627070944412868e-05 3.763273232021242066e-05 1.035975608231167784e-04 1.136883462440090226e-04 2.271941761106962101e-04 7.287152360973309095e-02 1.848109044583976651e-02 3.022186250727433270e-05 2.085512012293028227e-05 2.606204131898682541e-05 3.102612777671229721e-05 4.707729355356466571e-05 2.345028486121015883e-05 2.879684529017031112e-05 3.748808989681158381e-05 3.083616477490455746e-05 1.000000000000000021e-08 1.000000000000000021e-08 1.000000000000000021e-08 1.000000000000000021e-08 1.000000000000000021e-08 1.000000000000000021e-08 1.000000000000000021e-08 1.370881714613765903e-05 1.000000000000000021e-08 1.000000000000000021e-08 1.000000000000000021e-08 1.000000000000000021e-08 1.000000100000000021e-05 1.000000100000000021e-05 1.000000100000000021e-05 1.000000100000000021e-05 1.000000100000000021e-05 1.000000100000000021e-05 1.000000100000000021e-05
1.000000000000000021e-08 1.000000000000000021e-08 1.564774275357253550e-05 1.610545200415770754e-05 2.032158412913503642e-05 2.409794424723838444e-04 3.210859733516647357e-02 3.950398259255164662e-02 3.822352992342897306e-03 1.158388017810379632e-05 1.396541462387483463e-05 1.000000000000000021e-08 4.441666235272278179e-05 4.658594171265204037e-05 3.317094165163801477e-05 3.751904853226873022e-05 2.893879334878756004e-05 1.000000000000000021e-08 1.000000000000000021e-08 1.000000000000000021e-08 1.000000000000000021e-08 1.000000000000000021e-08 1.000000000000000021e-08 1.000000000000000021e-08 1.000000000000000021e-08 1.000000000000000021e-08 1.000000000000000021e-08 1.000000000000000021e-08 1.000000000000000021e-08 1.000000000000000021e-08 1.000000100000000021e-05 1.000000100000000021e-05 1.000000100000000021e-05 1.000000100000000021e-05 1.000000100000000021e-05 1.000000100000000021e-05 1.000000100000000021e-05
1.000000000000000021e-08 1.000000000000000021e-08 1.491589849210968973e-05 1.722131084641142967e-05 1.000000000000000021e-08 2.565474434983057699e-04 7.298925104932259267e-02 4.892132531846463128e-02 2.507785707871774440e-03 1.000000000000000021e-08 2.622603166109837409e-05 3.051081730290225742e-05 3.629970045471643834e-05 1.000000000000000021e-08 4.006384077750765313e-05 1.132319720181644584e-04 3.013479674248199067e-05 1.000000000000000021e-08 1.000000000000000021e-08 1.000000000000000021e-08 1.000000000000000021e-08 1.000000000000000021e-08 1.000000000000000021e-08 1.000000000000000021e-08 1.000000000000000021e-08 1.000000000000000021e-08 1.000000000000000021e-08 1.000000000000000021e-08 1.000000000000000021e-08 1.000000000000000021e-08 1.000000100000000021e-05 1.000000100000000021e-05 1.000000100000000021e-05 1.000000100000000021e-05 1.000000100000000021e-05 1.000000100000000021e-05 1.000000100000000021e-05
1.000000000000000021e-08 1.000000000000000021e-08 1.367717246391250844e-05 1.000000000000000021e-08 1.000000000000000021e-08 3.766865544513767157e-05 1.974392597722005385e-02 1.744754193182630475e-01 3.437171914013208585e-03 1.000000000000000021e-08 4.282645373157076111e-05 3.900227725108288118e-05 4.332552505536100841e-05 3.760877289224860432e-05 5.466912537040985562e-05 7.380379429776301795e-05 2.754157660889373213e-05 1.000000000000000021e-08 1.000000000000000021e-08 1.000000000000000021e-08 1.000000000000000021e-08 1.000000000000000021e-08 1.053585751967183938e-05 1.000000000000000021e-08 1.000000000000000021e-08 1.000000000000000021e-08 1.000000000000000021e-08 1.000000000000000021e-08 1.000000000000000021e-08 1.000000000000000021e-08 1.000000100000000021e-05 1.000000100000000021e-05 1.000000100000000021e-05 1.000000100000000021e-05 1.000000100000000021e-05 1.000000100000000021e-05 1.000000100000000021e-05
