output/water_depth_6240.asc
ncols 223
nrows 158
xllcorner 0.0
yllcorner 0.0
cellsize 30.0
[rows 119 to 135 of 158, columns 111 to 147 of 223]
2.272215566502109804e-02 3.099985578878656015e-02 3.355922482118780387e-02 3.466093292556919614e-02 3.558677429040971868e-02 3.632716636118194647e-02 3.529312041181956183e-02 3.797290630269851280e-02 3.203015537367995269e-02 3.142918991701222631e-02 4.584352889661152952e-02 7.092588124526695570e-02 1.664727520132737795e-02 8.188720875573289246e-03 6.784561523995302594e-03 1.887790503403213947e-03 4.815007803152783836e-05 2.715126230401247598e-05 1.083238236052255093e-05 1.000000000000000021e-08 1.000000000000000021e-08 1.000000000000000021e-08 1.000000000000000021e-08 1.000000000000000021e-08 1.970997297174177011e-05 3.283867137563062279e-03 2.826322806807652407e-03 3.357146722459958672e-05 1.455222572515741284e-05 1.839588074506202510e-05 1.000000000000000021e-08 1.000000000000000021e-08 1.611792710860079873e-05 2.306968618381245021e-05 3.750154500259336731e-05 4.146640966199090673e-05 1.000000000000000021e-08
7.609928134934246247e-03 4.936655176821088883e-03 3.533987671014139371e-03 1.958890163595453180e-03 1.368075877362155430e-03 9.461174166316330646e-04 2.691849796959025140e-02 6.777293909603673838e-03 5.292352102406314499e-03 3.907693769828358456e-03 4.549638387579993219e-03 1.026725559580054636e-03 1.000000000000000021e-08 1.000000000000000021e-08 1.000000000000000021e-08 1.000000000000000021e-08 1.000000000000000021e-08 1.000000000000000021e-08 1.000000000000000021e-08 1.000000000000000021e-08 1.000000000000000021e-08 1.000000000000000021e-08 1.221235890835828199e-05 1.411614518064524927e-03 2.374823686247804107e-03 2.552538365360357015e-03 2.861044571541544471e-05 1.517289663978765193e-05 1.607838429649355411e-05 1.000000000000000021e-08 1.039895934497503296e-05 1.000000000000000021e-08 1.418677772581654044e-05 1.771562740257287669e-05 2.434008913220001759e-05 2.881004610753156394e-05 1.000000000000000021e-08
4.546799098984154446e-04 2.882669023074138116e-04 1.769930834075851100e-04 1.259350275282413573e-04 9.780908054100694027e-05 8.741869626683987404e-05 1.116163669938607125e-04 6.925245277049878710e-03 3.360884421134144231e-03 2.017033134598583254e-03 1.686379496373304008e-03 2.048604826168804537e-05 1.265042590954283536e-05 1.000000000000000021e-08 1.000000000000000021e-08 1.000000000000000021e-08 1.000000000000000021e-08 1.000000000000000021e-08 1.000000000000000021e-08 1.000000000000000021e-08 2.793024410842460424e-05 1.899139000605775242e-04 1.301199937176904286e-03 1.392927567702209211e-03 1.430447620566019633e-03 2.508500294297982239e-04 1.000000000000000021e-08 1.000000000000000021e-08 1.155573544942109852e-05 1.000000000000000021e-08 1.324655492785780214e-05 1.226169635213487322e-05 1.276621833603301594e-05 1.227444388933734699e-05 1.156704171774808255e-05 1.000000000000000021e-08 1.000000000000000021e-08
1.000000000000000021e-08 2.599722403044563710e-04 2.686085083509661266e-04 2.133580511797465295e-04 2.325041162611063688e-04 2.852947795211185087e-04 2.960494860867571645e-02 2.420005965926227617e-02 1.908065234767452462e-02 3.450130332314391238e-05 1.483575273763778816e-05 1.653865814878606008e-05 1.123085695037994787e-05 1.000000000000000021e-08 1.000000000000000021e-08 1.000000000000000021e-08 1.000000000000000021e-08 2.705595680510957952e-05 1.672403425826578683e-03 1.000000000000000021e-08 1.000000000000000021e-08 1.067206723101792216e-03 1.242218508227631432e-03 1.313035445353012438e-03 2.350509633681658540e-05 1.303907305112750132e-05 1.000000000000000021e-08 1.000000000000000021e-08 1.000000000000000021e-08 1.000000000000000021e-08 1.000000000000000021e-08 1.000000000000000021e-08 1.000000000000000021e-08 1.000000000000000021e-08 1.000000000000000021e-08 1.000000000000000021e-08 1.000000000000000021e-08
4.320290838085466436e-05 4.561002665699607941e-04 7.229598937011232117e-04 6.452185217152734418e-04 5.340665269085062257e-04 6.216164888907131647e-03 3.303071773737632083e-02 2.998290176493695683e-02 7.579313390668730396e-05 2.289706246177651216e-05 1.000000000000000021e-08 1.000000000000000021e-08 1.000000000000000021e-08 1.000000000000000021e-08 1.000000000000000021e-08 2.972814509993457067e-05 1.000000000000000021e-08 1.000000000000000021e-08 2.009031369521948078e-04 1.600043922777042110e-04 1.310909839685707109e-03 1.093018342897540945e-03 1.158251960069071667e-03 2.170182512601765118e-04 1.000000000000000021e-08 1.000000000000000021e-08 1.000000000000000021e-08 1.000000000000000021e-08 1.000000000000000021e-08 1.000000000000000021e-08 1.000000000000000021e-08 1.000000000000000021e-08 1.000000000000000021e-08 1.000000000000000021e-08 4.015617401027609773e-05 1.000000000000000021e-08 1.315831806015172282e-05
1.000000000000000021e-08 3.700720850004735280e-05 2.546842039545770529e-04 7.963121857447658970e-04 1.846850701917121355e-03 5.066949823699928857e-03 1.428988610112846922e-03 1.000000000000000021e-08 3.597771569442679602e-05 2.429505189400956713e-05 1.840131806592346507e-05 1.000000000000000021e-08 1.112023053114552594e-05 1.366345563518573585e-04 2.838900622459890918e-04 3.728395645643927661e-04 1.583795630470275634e-04 1.935661809267587058e-04 3.243333834990688182e-04 1.081995153801565326e-03 6.090109379319449782e-03 1.370114102155498654e-03 7.650156345461107173e-05 5.431160920396708698e-05 1.000000000000000021e-08 1.000000000000000021e-08 1.000000000000000021e-08 1.000000000000000021e-08 1.000000000000000021e-08 1.000000000000000021e-08 1.000000000000000021e-08 1.000000000000000021e-08 1.000000000000000021e-08 1.000000000000000021e-08 4.081489969508729666e-05 3.203375127973872010e-05 1.000000000000000021e-08
3.203740226057971637e-05 2.415962942447906310e-05 1.571277737835142206e-04 7.624274834022737053e-05 9.103767673904699211e-04 5.193239022573184309e-03 1.013281295962556753e-03 1.546507739635471465e-05 1.736881946173609177e-05 1.856152811314483659e-05 1.652637691618866005e-05 1.000000000000000021e-08 5.948705085225736340e-05 1.123190081717215526e-04 9.497539554550753942e-05 9.497933018341846178e-05 9.508220844055026997e-05 3.629781948612354034e-04 2.546755362138832153e-05 7.307161185699529164e-05 2.716602282804090728e-04 1.587696913163095201e-04 5.416709153300620265e-05 4.295454442213603066e-05 4.778535828295560816e-05 1.000000000000000021e-08 1.000000000000000021e-08 1.000000000000000021e-08 1.000000000000000021e-08 1.000000000000000021e-08 1.000000000000000021e-08 2.214671619225898238e-05 1.000000000000000021e-08 2.264049982074677907e-05 3.015949537083464400e-05 1.000000000000000021e-08 1.000000000000000021e-08
1.368573652054050555e-04 3.048084963874286108e-04 2.247573262887646599e-04 1.000000000000000021e-08 1.052977525286364398e-03 3.909206198575023751e-03 1.237390533706263099e-03 1.000000000000000021e-08 1.000000000000000021e-08 1.000000000000000021e-08 1.887304720445936640e-05 4.022104650006191184e-05 3.626377923118205673e-05 1.225278738668449487e-04 4.056576209723730865e-05 1.013814941982530099e-04 4.986939168980395127e-04 4.764067907422701842e-04 2.946011132554892702e-05 2.974315967240835154e-05 1.862751212026166156e-04 8.068971245107196019e-05 3.531767290819676176e-05 1.000000000000000021e-08 5.325883462702609903e-05 4.892883347634875962e-05 1.000000000000000021e-08 5.682468432330587706e-05 1.000000000000000021e-08 1.930388722715437969e-05 2.397120918964824735e-05 1.929317485245351333e-05 2.487850882095555494e-05 2.246412685510981814e-05 1.175389758764938126e-05 1.000000000000000021e-08 1.000000000000000021e-08
1.000000000000000021e-08 1.000000000000000021e-08 5.405443765256975094e-05 1.000000000000000021e-08 5.806691165311958459e-04 3.388182451638961472e-03 1.841756449642322239e-03 1.000000000000000021e-08 1.000000000000000021e-08 8.145097805351780124e-05 2.323363516254943053e-05 5.842378526526533541e-05 1.000000000000000021e-08 3.263263208433098389e-05 4.577437743296765076e-05 1.356765397894124344e-04 4.270558101983845342e-04 2.561060872647575714e-04 1.352650522346949494e-04 1.025128906581619252e-04 1.298011799377540951e-04 3.546146761770464735e-05 1.089099077994733700e-05 1.000000000000000021e-08 1.000000000000000021e-08 8.745901544245936773e-05 1.000000000000000021e-08 9.078031115569717719e-05 8.475629160530771713e-05 3.146064970631291986e-05 1.848120585482937616e-05 1.000000000000000021e-08 1.871169848865504568e-05 1.000000000000000021e-08 1.000000000000000021e-08 1.000000000000000021e-08 1.000000000000000021e-08
1.516537413053728467e-04 1.221198394300096479e-04 1.000000000000000021e-08 1.242387958632227319e-05 9.597187389436586790e-05 3.221263336949433016e-03 1.236500851055272014e-02 1.812113113468370382e-02 6.594488263294027769e-05 1.678284644574662342e-05 1.523847377302272963e-05 1.197398786394153616e-05 4.217347648035983117e-05 3.751652915416956282e-05 3.883135931346601283e-05 9.929299798672666243e-05 4.707514266720999878e-04 4.762549552441435353e-05 3.505531758561662747e-05 1.000000000000000021e-08 2.176856854181232192e-05 3.500599104463818771e-05 1.000000000000000021e-08 1.000000000000000021e-08 1.521552503488057822e-05 1.056489303270067453e-04 1.284996504746891311e-04 8.791565025100541266e-05 4.076925276814448440e-05 2.419610097178892364e-05 1.501653256511051789e-05 1.000000000000000021e-08 1.156058902238653088e-05 4.002394739497030796e-05 1.690870342177446342e-05 1.000000000000000021e-08 1.000000000000000021e-08
5.453921848675937254e-05 1.320235245700351889e-04 1.000000000000000021e-08 1.000000000000000021e-08 1.182370463463177339e-04 3.552946853687657860e-04 1.601383063470429927e-03 2.778143794061459226e-03 2.518739185286936763e-05 1.000000000000000021e-08 1.000000000000000021e-08 1.090120073777529216e-05 3.794341978394533561e-05 1.759997604030247669e-05 2.333987185280307522e-05 3.480037537304578983e-05 5.747897904110668135e-04 2.241161586290783722e-05 1.000000000000000021e-08 1.000000000000000021e-08 1.000000000000000021e-08 2.126264975623532778e-05 3.808413668500937679e-05 2.939962583118651318e-05 1.053149004312915587e-05 1.000000000000000021e-08 1.531089570129511978e-04 6.223514508969628248e-05 3.911980295416517625e-05 1.160948669556464666e-05 1.000000000000000021e-08 1.000000000000000021e-08 1.000000000000000021e-08 1.000000000000000021e-08 1.080579851039044476e-05 1.000000000000000021e-08 1.000000000000000021e-08
2.745786117336601121e-05 3.339111091455432116e-05 5.210313819082639577e-05 6.246997095877953861e-05 1.387664806470405797e-04 3.790154990980453519e-04 1.087082984957011634e-03 2.128793023110512987e-03 1.968708353335053805e-05 1.000000000000000021e-08 1.000000000000000021e-08 1.000000000000000021e-08 1.482611861344253563e-05 1.562589017563414668e-05 1.577241042087174436e-05 1.694419665828815030e-05 2.939094398055744134e-04 1.000000000000000021e-08 1.000000000000000021e-08 1.000000000000000021e-08 1.000000000000000021e-08 2.073074584671585980e-05 1.000000000000000021e-08 3.123586711543154936e-05 1.000000000000000021e-08 2.345984892372608507e-05 1.058335513235715683e-04 4.132680056820983884e-05 3.576591138017310584e-05 1.000000000000000021e-08 1.000000000000000021e-08 1.000000000000000021e-08 1.000000000000000021e-08 1.000000000000000021e-08 1.000000000000000021e-08 4.873515589172801370e-05 1.000000000000000021e-08
1.478589896319401873e-05 2.767786651481618488e-05 3.933466282228658567e-05 5.766081268411783002e-05 1.752044582897526218e-04 6.824223286578084535e-04 1.172528859877925095e-03 2.040324879939688866e-03 3.458777579485178277e-03 1.000000000000000021e-08 1.000000000000000021e-08 4.502623940596632297e-05 1.105280559391968607e-05 1.000000000000000021e-08 1.000000000000000021e-08 1.000000000000000021e-08 4.602286402007108024e-05 1.000000000000000021e-08 1.000000000000000021e-08 1.000000000000000021e-08 1.000000000000000021e-08 2.215458553859554747e-05 1.536731837273225783e-05 1.734461564492068873e-05 1.000000000000000021e-08 2.057239070564613560e-05 6.607362866539545989e-05 3.753888608200084192e-05 2.898453696935373601e-05 1.000000000000000021e-08 1.000000000000000021e-08 1.000000000000000021e-08 1.000000000000000021e-08 1.000000000000000021e-08 1.000000000000000021e-08 5.310834963289455643e-05 1.000000000000000021e-08
1.484216226557220949e-05 1.000000000000000021e-08 1.558636781785425476e-05 2.656653393859637616e-05 2.282791368312048013e-04 1.077812361652396439e-03 1.394307467116738530e-03 1.614574326067600351e-03 1.950117292223389059e-04 1.768896459088927843e-04 1.900716442491243280e-05 1.000000000000000021e-08 1.000000000000000021e-08 1.000000000000000021e-08 1.000000000000000021e-08 3.629423889977640767e-05 1.371417728922222758e-04 8.290078673632675669e-05 1.000000000000000021e-08 1.000000000000000021e-08 2.036435115480131249e-05 1.421435971357266255e-05 1.284947523079459706e-05 1.000000000000000021e-08 1.000000000000000021e-08 1.770842887343116747e-05 3.450729002669745537e-05 3.419832938319822729e-05 1.390078245435081738e-05 1.000000000000000021e-08 1.000000000000000021e-08 1.000000000000000021e-08 1.000000000000000021e-08 2.004458039650823496e-05 3.612847125256025987e-05 3.698854053783528204e-05 3.356586204759013211e-05
1.086003943891162886e-05 1.000000000000000021e-08 1.000000000000000021e-08 1.000000000000000021e-08 2.399711211516003615e-03 1.730916171985955520e-03 1.799240204443614075e-03 3.448723860357437638e-04 9.488990257498951188e-05 3.548717712446907763e-05 3.243142773114382699e-05 4.508943469087668595e-05 4.338158596077867457e-05 3.156111906593651108e-05 5.896532173688015478e-05 6.320992825730195424e-05 3.434746658742675882e-04 9.948138968883174569e-05 3.308391880302814168e-05 3.051583829807528591e-05 1.123352434257919149e-05 1.000000000000000021e-08 1.000000000000000021e-08 1.000000000000000021e-08 1.000000000000000021e-08 1.104082072895546252e-05 1.750260533196736827e-05 1.684421856705405990e-05 1.000000000000000021e-08 1.000000000000000021e-08 1.000000000000000021e-08 1.000000000000000021e-08 1.000000000000000021e-08 2.008160055732091743e-05 3.783970063975202115e-05 1.815178196312255922e-05 1.000000000000000021e-08
1.000000000000000021e-08 1.000000000000000021e-08 1.000000000000000021e-08 1.000000000000000021e-08 1.356112212486191771e-05 7.671267011246927711e-03 9.278293800026002000e-03 3.477150731416418458e-04 1.000000000000000021e-08 1.472208486984176112e-05 1.000000000000000021e-08 1.000000000000000021e-08 1.000000000000000021e-08 2.830522416384512389e-05 3.427562414716567258e-05 3.045695863203737259e-05 1.368094294455418419e-04 9.203456716890791518e-05 1.278650006912763375e-04 1.000000000000000021e-08 1.000000000000000021e-08 1.000000000000000021e-08 1.000000000000000021e-08 1.000000000000000021e-08 1.000000000000000021e-08 1.000000000000000021e-08 1.000000000000000021e-08 1.000000000000000021e-08 1.000000000000000021e-08 1.000000000000000021e-08 1.000000000000000021e-08 1.000000000000000021e-08 1.000000000000000021e-08 2.738976346015882621e-05 1.573861039110412710e-05 1.000000000000000021e-08 1.000000000000000021e-08
1.000000000000000021e-08 1.000000000000000021e-08 1.000000000000000021e-08 1.000000000000000021e-08 1.000000000000000021e-08 6.780712555577966382e-05 1.747526836530966790e-03 3.644480686051259927e-04 8.946996243349933115e-05 1.000000000000000021e-08 1.000000000000000021e-08 1.000000000000000021e-08 4.060282138512184000e-05 4.712717029335294395e-05 1.000000000000000021e-08 1.000000000000000021e-08 1.000000000000000021e-08 1.000000000000000021e-08 1.000000000000000021e-08 1.000000000000000021e-08 6.148856967308881719e-05 7.135825304633624849e-05 1.619294710039469932e-05 1.937183694513807341e-05 1.865540677215307721e-05 1.000000000000000021e-08 1.000000000000000021e-08 1.000000000000000021e-08 1.000000000000000021e-08 1.000000000000000021e-08 1.000000000000000021e-08 1.000000000000000021e-08 1.000000000000000021e-08 1.559878501214538463e-05 1.102027956129491828e-05 1.000000000000000021e-08 1.000000000000000021e-08
