output/water_depth_7560.asc
ncols 223
nrows 158
xllcorner 0.0
yllcorner 0.0
cellsize 30.0
[rows 17 to 33 of 158, columns 148 to 184 of 223]
1.000000000000000021e-08 1.000000000000000021e-08 1.000000000000000021e-08 1.113977543609100595e-05 9.255884691149938960e-05 5.171178340702130180e-05 1.000000000000000021e-08 1.225072548132118121e-05 1.356071061269232533e-05 5.493784010178670227e-03 1.000000000000000021e-08 1.000000000000000021e-08 1.156779216057979909e-05 4.113402629907044112e-05 1.000000000000000021e-08 1.000000000000000021e-08 1.000000000000000021e-08 1.000000000000000021e-08 1.000000000000000021e-08 3.364078451723883940e-04 5.341421704942646851e-04 5.083349926909314250e-05 7.603258206521112711e-05 4.598328881267064257e-04 3.522312020712962694e-04 2.343432544343852656e-04 7.001849669653932443e-04 1.065709925308556743e-03 8.478281367060749689e-04 6.333620708948224003e-04 9.031961045465991241e-05 1.336844417307957602e-05 1.495798401197376040e-05 2.921164418197903545e-05 1.000000000000000021e-08 1.000000000000000021e-08 2.078326261966658567e-03
1.000000000000000021e-08 1.000000000000000021e-08 1.000000000000000021e-08 1.000000000000000021e-08 1.000000000000000021e-08 4.944603886804506101e-05 1.000000000000000021e-08 1.000000000000000021e-08 1.000000000000000021e-08 1.000000000000000021e-08 1.000000000000000021e-08 1.000000000000000021e-08 1.000000000000000021e-08 1.781094245856590152e-05 1.000000000000000021e-08 1.145060003183911648e-05 1.372721650914112004e-05 6.550743732192451782e-04 7.324856910205074755e-04 4.106374769478185797e-04 6.874277681996916875e-04 1.050914941444195620e-03 8.928170610559081621e-03 2.167200397553322930e-03 1.867865518672870949e-03 2.426020551816297603e-03 1.438830173650263323e-03 1.481448749606228878e-03 2.111209065913428103e-03 3.060388341089701012e-03 2.110741428462624067e-02 2.256284909753861290e-05 3.514154412798680294e-05 4.548125538874185918e-05 5.098887391011494178e-05 1.001088703601191620e-05 1.171443430327449853e-02
1.000000000000000021e-08 1.000000000000000021e-08 1.000000000000000021e-08 1.000000000000000021e-08 1.163448094087695444e-05 3.150150560013564708e-05 1.000000000000000021e-08 1.000000000000000021e-08 1.000000000000000021e-08 1.000000000000000021e-08 1.000000000000000021e-08 1.000000000000000021e-08 1.000000000000000021e-08 1.251255436988905280e-05 1.755282247253236877e-05 2.898399689180772688e-05 8.855256745339442877e-05 3.637835323742452838e-03 1.797796684685121124e-05 1.000000000000000021e-08 1.000000000000000021e-08 1.030539869570937704e-05 2.910572729477047977e-05 2.547013634601699128e-05 3.413288226050504784e-05 3.107413846629536962e-05 8.690413096604271588e-04 6.725658736611605289e-04 5.529567588507847370e-05 4.379915381527336809e-04 1.586148739822738213e-02 4.064856531104527049e-03 3.523557180480269696e-03 2.506027158314242439e-03 1.840466278232286189e-03 3.102060420807479374e-03 1.673761826385945957e-03
1.000000000000000021e-08 1.000000000000000021e-08 1.000000000000000021e-08 1.000000000000000021e-08 1.000000000000000021e-08 1.689032785474984811e-05 3.193460145196921858e-05 1.000000000000000021e-08 1.000000000000000021e-08 1.000000000000000021e-08 1.000000000000000021e-08 1.000000000000000021e-08 1.000000000000000021e-08 1.591737336460426208e-05 1.000000000000000021e-08 1.000000000000000021e-08 1.000000000000000021e-08 2.353436403694714792e-05 1.646161507195544830e-05 1.000000000000000021e-08 1.000000000000000021e-08 1.000000000000000021e-08 2.500259325745033239e-05 1.000000000000000021e-08 2.247953798729437479e-05 2.313379954874273859e-05 5.255146310771544385e-04 4.626550423652769223e-03 4.036199488512410400e-04 2.149121793097828336e-04 1.137572011138093239e-04 1.000000000000000021e-08 1.000000000000000021e-08 1.464102547792350438e-03 2.623753225294506945e-03 3.038366808064229055e-03 9.630584325132247056e-04
1.000000000000000021e-08 1.000000000000000021e-08 1.000000000000000021e-08 1.000000000000000021e-08 1.000000000000000021e-08 1.552382444992739900e-05 2.297125826879381345e-05 1.000000000000000021e-08 2.219076063498173356e-05 4.974529059314375130e-05 3.666241071816856377e-05 3.282882234667542683e-05 6.781941452509597978e-05 1.706194671162021917e-04 9.925231166408030384e-05 1.000000000000000021e-08 1.000000000000000021e-08 1.070444046099023760e-05 1.152897866961556646e-05 2.726800136409621440e-05 4.343892356611506460e-05 4.781617520781870993e-05 4.358127518313168830e-05 3.952264462676896860e-05 3.599866720426468658e-05 6.199584376293128772e-05 6.252801074026781989e-04 1.164615918135757013e-03 1.083481826886072705e-03 1.185954214107438724e-03 1.263196568521878079e-03 8.465311394372908999e-04 5.994530996045250351e-05 8.471075652641616967e-04 1.119863823508162118e-02 4.779824329720052702e-03 5.450526157416351681e-04
1.000000000000000021e-08 1.000000000000000021e-08 1.000000000000000021e-08 1.000000000000000021e-08 1.000000000000000021e-08 1.215593399514900974e-05 2.157701232200465006e-05 3.102966168436776975e-05 6.095106667009648587e-05 7.218423204013821478e-05 1.006216437704750364e-04 1.408998600954377905e-04 2.944894149331489215e-04 1.605133524189554680e-04 1.000000000000000021e-08 1.000000000000000021e-08 1.000000000000000021e-08 1.000000000000000021e-08 1.000000000000000021e-08 1.000000000000000021e-08 1.000000000000000021e-08 1.000000000000000021e-08 1.000000000000000021e-08 1.000000000000000021e-08 1.000000000000000021e-08 1.000000000000000021e-08 3.349462629196853057e-05 4.180008589175819654e-05 2.255801726395254697e-04 1.031386661230744930e-04 5.492522848023225190e-05 5.425185008860831243e-04 5.640194282099530868e-04 8.237014844470426280e-04 1.766724887124329841e-03 2.123897042148556111e-02 4.157843209698630898e-04
1.000000000000000021e-08 1.000000000000000021e-08 1.000000000000000021e-08 1.000000000000000021e-08 1.000000000000000021e-08 1.211834937123737265e-05 1.966153598466220507e-05 2.326096232368201521e-05 2.545139695334477483e-05 4.384872110895295008e-05 4.312106531624174355e-05 1.538979647176233392e-04 9.782732591695113896e-05 1.000000000000000021e-08 1.877935111240520006e-05 8.771951079193135339e-05 1.000000000000000021e-08 1.000000000000000021e-08 1.000000000000000021e-08 1.000000000000000021e-08 1.000000000000000021e-08 1.845737813349369386e-05 3.718678392106776844e-05 3.787984065950738676e-05 3.980972577798039659e-05 6.740937498586956295e-05 3.715471600407946209e-05 2.506734878072177798e-05 1.799894611350868017e-05 6.770185423489607059e-05 1.000000000000000021e-08 2.871510810001886755e-05 5.358131012021307696e-04 7.613750105606596676e-04 5.986568631535900235e-03 5.099342034312280211e-03 2.502049494638645843e-05
1.000000000000000021e-08 1.000000000000000021e-08 1.000000000000000021e-08 1.000000000000000021e-08 1.410673077390209655e-05 1.862146967773551295e-05 1.599407466508433632e-05 1.284555386265447358e-05 1.326802219708566024e-05 1.712572605220130103e-05 9.535702460465364364e-05 6.857122546919640490e-05 1.000000000000000021e-08 1.245251878729185649e-05 1.442443459133556579e-05 1.125713336063619127e-05 1.349541411283734283e-05 1.417064955790949781e-05 1.753715717227916052e-05 1.000000000000000021e-08 1.489107186810927620e-05 1.000000000000000021e-08 7.288379736412401431e-05 7.319571768541315309e-05 7.157481140577849372e-05 5.482739800607955944e-05 5.284166281975943028e-05 4.936640564180316186e-05 4.072941242843001981e-05 1.000000000000000021e-08 1.000000000000000021e-08 1.000000000000000021e-08 3.804763967047896040e-04 5.027787494711068172e-02 6.103738961489144424e-03 4.556288732433010292e-05 4.807289494662923812e-05
1.000000000000000021e-08 1.000000000000000021e-08 1.000000000000000021e-08 1.000000000000000021e-08 1.000000000000000021e-08 1.000000000000000021e-08 1.000000000000000021e-08 1.000000000000000021e-08 1.000000000000000021e-08 1.000000000000000021e-08 1.000000000000000021e-08 1.122670454018677455e-05 3.110562899478889928e-05 1.000000000000000021e-08 1.000000000000000021e-08 1.107408373909660069e-05 1.968768279589570340e-05 2.586378645852437208e-05 1.000000000000000021e-08 1.000000000000000021e-08 1.000000000000000021e-08 2.089091723250325954e-05 1.482903144574245853e-05 4.538570053575296886e-05 7.246723912147946258e-05 1.000000000000000021e-08 1.000000000000000021e-08 3.733750380886157122e-05 1.000000000000000021e-08 1.000000000000000021e-08 1.000000000000000021e-08 1.018746831263045275e-04 3.554178238818565816e-02 4.434032060046461804e-02 1.000000000000000021e-08 1.000000000000000021e-08 1.000000000000000021e-08
1.000000000000000021e-08 1.000000000000000021e-08 1.000000000000000021e-08 1.000000000000000021e-08 1.000000000000000021e-08 1.000000000000000021e-08 1.000000000000000021e-08 1.049170833820022697e-05 1.512306238664955974e-05 3.856817395179392859e-05 1.000000000000000021e-08 1.000000000000000021e-08 1.000000000000000021e-08 1.000000000000000021e-08 1.000000000000000021e-08 1.430254781421441949e-05 5.675266894159822835e-05 5.123170092793839640e-05 2.720466691963355156e-05 1.821662619292559646e-05 1.413638257884089280e-05 1.248791774238180909e-05 1.928417272948925091e-05 3.894493365755843700e-05 6.799586651460837303e-05 1.000000000000000021e-08 1.000000000000000021e-08 1.000000000000000021e-08 1.000000000000000021e-08 1.000000000000000021e-08 1.034778994647828224e-05 4.962893463130831767e-03 2.153006701255946384e-02 1.000000000000000021e-08 1.000000000000000021e-08 1.930299845218519061e-05 2.428173113398568052e-05
1.000000000000000021e-08 1.000000000000000021e-08 1.000000000000000021e-08 1.000000000000000021e-08 1.000000000000000021e-08 1.000000000000000021e-08 1.569236529112574911e-05 2.852608384444013334e-05 4.876176701719975038e-05 4.627853101473282247e-05 1.000000000000000021e-08 1.000000000000000021e-08 1.000000000000000021e-08 1.000000000000000021e-08 1.244948215384657972e-05 3.099487521518294884e-05 3.867771070323726434e-05 1.063694710229335044e-04 8.377107479210329144e-05 6.807680237003018917e-05 5.142091009597155862e-05 3.700422870152455601e-05 3.594917653938722554e-05 4.515034944642294933e-05 1.000000000000000021e-08 1.000000000000000021e-08 1.000000000000000021e-08 1.000000000000000021e-08 1.000000000000000021e-08 1.000000000000000021e-08 1.867159518920946649e-05 4.494862047674089839e-02 5.533244367786150156e-03 4.681261657774221007e-05 4.353272272042372506e-05 4.148210921676991910e-05 3.066243834035031025e-05
1.000000000000000021e-08 1.000000000000000021e-08 1.000000000000000021e-08 1.000000000000000021e-08 1.000000000000000021e-08 1.000000000000000021e-08 1.000000000000000021e-08 1.000000000000000021e-08 1.000000000000000021e-08 1.000000000000000021e-08 1.000000000000000021e-08 1.044292299473780527e-05 1.319131462190145800e-05 1.000000000000000021e-08 1.200482903626973564e-05 1.206142513608271357e-05 1.096992603016517352e-05 1.065778723537436846e-05 7.362866197488589801e-05 1.263014519637275612e-04 1.060602460604507261e-04 8.637977364022009067e-05 1.000000000000000021e-08 1.000000000000000021e-08 1.000000000000000021e-08 1.000000000000000021e-08 1.000000000000000021e-08 1.000000000000000021e-08 1.000000000000000021e-08 4.198590935143430041e-05 9.297976142930854115e-03 3.418663443078649028e-02 4.372701428970587618e-05 3.946037701800385089e-05 5.194757984675996517e-05 6.425208570543498475e-05 4.887160761648355617e-05
1.000000000000000021e-08 1.000000000000000021e-08 1.000000000000000021e-08 1.000000000000000021e-08 1.000000000000000021e-08 1.000000000000000021e-08 1.000000000000000021e-08 1.000000000000000021e-08 1.000000000000000021e-08 1.000000000000000021e-08 1.813590851247234351e-05 1.000000000000000021e-08 1.761890174482001213e-05 1.000000000000000021e-08 1.142187738328567846e-05 1.245075903589783801e-05 1.271638434602548689e-05 1.199179161830300400e-05 1.820530146642509537e-05 2.078768269314457904e-05 7.655874345564178413e-05 1.000000000000000021e-08 1.000000000000000021e-08 1.000000000000000021e-08 1.000000000000000021e-08 1.000000000000000021e-08 1.000000000000000021e-08 1.000000000000000021e-08 1.439253592334338782e-05 6.713689757280494504e-03 6.642641743917898980e-03 2.469095331653963036e-05 1.000000000000000021e-08 1.000000000000000021e-08 1.000000000000000021e-08 1.000000100000000021e-05 1.000000100000000021e-05
1.000000000000000021e-08 1.000000000000000021e-08 1.000000000000000021e-08 1.000000000000000021e-08 1.000000000000000021e-08 1.000000000000000021e-08 1.000000000000000021e-08 1.000000000000000021e-08 1.000000000000000021e-08 1.842143133113157701e-05 3.024359564144837368e-05 4.746483520061685574e-05 4.548905392863499957e-05 8.385971999822333905e-05 1.066190635576802948e-04 1.815626026001862698e-04 1.000000000000000021e-08 1.000000000000000021e-08 1.000000000000000021e-08 1.780059418767281486e-05 1.000000000000000021e-08 1.826946171949855925e-05 2.734262846324913714e-05 3.095905630808125765e-05 1.000000000000000021e-08 1.000000000000000021e-08 1.000000000000000021e-08 1.000000000000000021e-08 1.520978453824169669e-05 7.733369439224299646e-03 4.107863939036463831e-03 3.323321845253578323e-05 1.137321178122231065e-05 1.000000000000000021e-08 1.000000000000000021e-08 1.000000100000000021e-05 1.000000100000000021e-05
1.000000000000000021e-08 1.000000000000000021e-08 1.000000000000000021e-08 1.000000000000000021e-08 1.000000000000000021e-08 1.000000000000000021e-08 1.000000000000000021e-08 1.000000000000000021e-08 1.000000000000000021e-08 1.000000000000000021e-08 1.000000000000000021e-08 1.000000000000000021e-08 4.621358784521513181e-05 5.061360408627127162e-05 4.669802886934072109e-05 4.338911443771863369e-05 5.616767920655331100e-05 5.291182892329890656e-05 9.477780122048846500e-05 1.000000000000000021e-08 1.000000000000000021e-08 2.695111999001378468e-05 4.411633654156776879e-05 6.919522208827680950e-05 1.000000000000000021e-08 1.000000000000000021e-08 1.000000000000000021e-08 1.000000000000000021e-08 1.893311677981236222e-05 8.990928144099586891e-03 2.882213944903184999e-03 1.000000000000000021e-08 1.000000000000000021e-08 1.000000000000000021e-08 1.000000000000000021e-08 1.000000100000000021e-05 1.000000100000000021e-05
1.000000000000000021e-08 1.000000000000000021e-08 1.000000000000000021e-08 1.000000000000000021e-08 1.000000000000000021e-08 1.000000000000000021e-08 1.000000000000000021e-08 1.000000000000000021e-08 1.000000000000000021e-08 1.000000000000000021e-08 1.000000000000000021e-08 1.470803288187094108e-05 3.182488571032508198e-05 2.915167727696887532e-05 1.000000000000000021e-08 1.165193102232701006e-05 1.808772476840712269e-05 2.126450995525693821e-05 2.262800960427325593e-05 2.899152757585765213e-05 2.008411375300160590e-05 1.285167030466829373e-05 1.122684379155964140e-05 1.000000000000000021e-08 1.498051583693289862e-05 1.787909748237585607e-05 1.000000000000000021e-08 1.000000000000000021e-08 2.125843923272968802e-05 9.607195193529021598e-03 1.699516851513509967e-03 3.025991024204134055e-05 1.790546234710150739e-05 1.141910646342063477e-05 1.000000000000000021e-08 1.000000100000000021e-05 1.000000100000000021e-05
1.000000000000000021e-08 1.000000000000000021e-08 1.000000000000000021e-08 1.000000000000000021e-08 1.000000000000000021e-08 1.000000000000000021e-08 1.000000000000000021e-08 1.000000000000000021e-08 1.000000000000000021e-08 1.000000000000000021e-08 1.000000000000000021e-08 1.000000000000000021e-08 1.000000000000000021e-08 1.000000000000000021e-08 1.000000000000000021e-08 1.023058130657828431e-05 1.159316469720936068e-05 1.219339179820971362e-05 1.325075458309880675e-05 1.488076230862306723e-05 2.587187116301275727e-05 1.000000000000000021e-08 1.000000000000000021e-08 1.000000000000000021e-08 1.000000000000000021e-08 1.000000000000000021e-08 1.000000000000000021e-08 1.420019207050622441e-05 6.195284541556841593e-03 2.523032604209094962e-02 1.358197377183310416e-03 1.000000000000000021e-08 1.000000000000000021e-08 1.000000000000000021e-08 1.000000000000000021e-08 1.000000100000000021e-05 1.000000100000000021e-05
