output/water_depth_7680.asc
ncols 223
nrows 158
xllcorner 0.0
yllcorner 0.0
cellsize 30.0
[rows 85 to 101 of 158, columns 185 to 221 of 223]
2.532258238886041997e-05 2.060885305131753169e-05 1.000000000000000021e-08 1.000000000000000021e-08 1.000000000000000021e-08 1.000000000000000021e-08 7.451828612411653474e-04 1.566228042609871807e-01 1.544530162588910183e-01 1.572143012608457069e-01 2.807696116734177596e-03 1.484959256617710693e-03 1.000000000000000021e-08 1.000000000000000021e-08 2.051609214807008336e-05 1.250021413771337381e-05 1.000000000000000021e-08 1.000000000000000021e-08 1.000000000000000021e-08 1.000000000000000021e-08 1.000000000000000021e-08 2.690831221821894743e-05 2.613118313241170545e-05 2.571900857464749795e-05 2.841079575296707086e-05 3.341723009835240182e-05 3.201251525920324227e-05 3.431913796504321325e-05 2.043926193165767724e-05 1.000000000000000021e-08 1.000000100000000021e-05 1.000000100000000021e-05 1.000000100000000021e-05 1.000000100000000021e-05 1.000000100000000021e-05 1.000000100000000021e-05 1.000000100000000021e-05
1.938857340549054743e-05 2.490602711927939538e-05 1.000000000000000021e-08 1.000000000000000021e-08 1.000000000000000021e-08 1.000000000000000021e-08 8.097803339832400599e-05 1.235454268739798744e-01 1.225273144438595307e-01 6.866992338334879792e-04 7.154387009306674471e-04 2.685788781467282962e-04 3.744046845415957867e-05 2.380890160056100760e-05 1.299157957111640685e-05 1.151682519502907655e-05 1.000000000000000021e-08 1.000000000000000021e-08 2.030034029047611096e-05 1.494509141329734704e-05 1.000000000000000021e-08 1.000000000000000021e-08 1.038987549217310037e-05 1.433583484678180592e-05 1.395177125566736413e-05 1.039090767880780433e-05 1.000000000000000021e-08 1.000000000000000021e-08 1.000000000000000021e-08 1.000000000000000021e-08 1.000000000000000021e-08 1.000000100000000021e-05 1.000000100000000021e-05 1.000000100000000021e-05 1.000000100000000021e-05 1.000000100000000021e-05 1.000000100000000021e-05
1.771181412795044940e-05 1.000000000000000021e-08 1.000000000000000021e-08 1.000000000000000021e-08 1.000000000000000021e-08 1.000000000000000021e-08 1.000000000000000021e-08 4.770150757138432590e-02 4.704152671662066576e-02 1.886935839791230180e-05 1.000000000000000021e-08 1.000000000000000021e-08 1.000000000000000021e-08 1.000000000000000021e-08 1.000000000000000021e-08 1.000000000000000021e-08 3.593379183526389215e-05 1.751157274172109385e-05 1.230295640459607363e-05 1.000000000000000021e-08 1.972876627764082560e-05 1.858640650953254596e-05 1.786460201981737307e-05 1.368939146999054069e-05 1.000000000000000021e-08 1.000000000000000021e-08 1.000000000000000021e-08 1.000000000000000021e-08 1.000000000000000021e-08 1.000000000000000021e-08 1.000000000000000021e-08 1.000000100000000021e-05 1.000000100000000021e-05 1.000000100000000021e-05 1.000000100000000021e-05 1.000000100000000021e-05 1.000000100000000021e-05
2.249215423385816199e-05 1.970908384642581528e-05 1.701822557293669814e-05 1.523766519135409987e-05 1.499495864642539405e-05 1.000000000000000021e-08 2.414521455903501513e-05 6.696316702340920912e-02 3.336913628636069967e-02 2.041031830320803983e-05 1.202319257929155701e-05 1.000000000000000021e-08 1.000000000000000021e-08 1.000000000000000021e-08 1.000000000000000021e-08 2.176284870008803345e-04 2.593360204896659384e-03 3.691991727426377127e-05 1.000000000000000021e-08 1.000000000000000021e-08 5.021644798854350719e-05 4.457123973106682293e-05 3.908830628899464426e-05 2.195419356675874879e-05 1.810702523872163977e-05 1.790356691904021369e-05 1.447385340134229817e-05 1.000000000000000021e-08 1.000000000000000021e-08 1.000000000000000021e-08 1.000000000000000021e-08 1.000000100000000021e-05 1.000000100000000021e-05 1.000000100000000021e-05 1.000000100000000021e-05 1.000000100000000021e-05 1.000000100000000021e-05
6.312441592100218914e-05 8.509032880498931231e-05 6.363901731297350191e-05 4.969508199691077127e-05 3.997095798034637493e-05 4.025294522340474185e-05 4.377652453485178768e-05 6.269771998606184227e-02 4.531437950703046114e-02 1.713650521622220345e-04 1.000000000000000021e-08 1.000000000000000021e-08 1.000000000000000021e-08 7.715576786802807562e-05 1.182182782002486304e-04 2.367924624509011057e-04 1.000000000000000021e-08 2.188398472091615388e-05 3.659944990731416249e-05 4.031517316659087168e-05 4.785792013043562273e-05 4.035326493066943471e-05 3.346817338563721307e-05 4.057566255711282199e-05 4.287809415813303722e-05 4.220557418013149375e-05 5.003364772801995627e-05 4.817100746276925695e-05 3.268106167866672554e-05 2.099345738428710884e-05 1.219744724767862360e-05 1.000000100000000021e-05 1.000000100000000021e-05 1.000000100000000021e-05 1.000000100000000021e-05 1.000000100000000021e-05 1.000000100000000021e-05
4.537841444472555255e-05 4.350443056287220958e-05 6.479000258730941678e-05 9.792457153716426811e-05 9.965573767036811539e-05 9.129727882507166381e-05 1.000000000000000021e-08 8.646424624589539587e-02 1.017349411073912857e-01 2.511603429363598659e-04 1.094457057338731352e-05 1.000000000000000021e-08 1.000000000000000021e-08 1.000000000000000021e-08 1.211181985393243595e-04 1.137532804727688909e-04 1.000000000000000021e-08 1.000000000000000021e-08 1.000000000000000021e-08 1.000000000000000021e-08 1.000000000000000021e-08 1.000000000000000021e-08 2.623820956446987475e-05 1.000000000000000021e-08 1.000000000000000021e-08 3.096221326658154513e-05 1.000000000000000021e-08 1.000000000000000021e-08 1.000000000000000021e-08 1.000000000000000021e-08 1.000000100000000021e-05 1.000000100000000021e-05 1.000000100000000021e-05 1.000000100000000021e-05 1.000000100000000021e-05 1.000000100000000021e-05 1.000000100000000021e-05
1.000000000000000021e-08 1.000000000000000021e-08 3.336975306719355670e-05 2.832576458362380406e-05 8.858541867171884155e-05 9.793155159195060348e-05 9.974641755191072674e-04 2.307830963731394014e-01 4.003322794757196296e-02 1.734485621210194944e-05 1.000000000000000021e-08 1.000000000000000021e-08 1.000000000000000021e-08 1.000000000000000021e-08 1.000000000000000021e-08 9.464059540819184122e-05 1.000000000000000021e-08 1.000000000000000021e-08 1.000000000000000021e-08 1.254196230333155548e-05 1.670099908305412373e-05 2.234069542626110507e-05 2.309105942652604714e-05 1.000000000000000021e-08 1.000000000000000021e-08 1.000000000000000021e-08 1.000000000000000021e-08 1.000000000000000021e-08 1.000000000000000021e-08 1.000000000000000021e-08 1.000000100000000021e-05 1.000000100000000021e-05 1.000000100000000021e-05 1.000000100000000021e-05 1.000000100000000021e-05 1.000000100000000021e-05 1.000000100000000021e-05
1.000000000000000021e-08 1.000000000000000021e-08 1.000000000000000021e-08 1.000000000000000021e-08 1.000000000000000021e-08 4.848864475162297541e-05 9.192658397794716311e-05 1.848355980473041504e-01 1.184711753077469232e-02 1.000000000000000021e-08 1.473993053694866919e-05 1.000000000000000021e-08 1.000000000000000021e-08 1.000000000000000021e-08 1.000000000000000021e-08 1.000000000000000021e-08 1.000000000000000021e-08 1.000000000000000021e-08 1.000000000000000021e-08 2.439529684657200793e-05 2.537551815312893077e-05 1.493221510974507518e-05 1.000000000000000021e-08 1.000000000000000021e-08 1.000000000000000021e-08 1.000000000000000021e-08 1.000000000000000021e-08 1.000000000000000021e-08 1.000000000000000021e-08 1.000000000000000021e-08 1.000000100000000021e-05 1.000000100000000021e-05 1.000000100000000021e-05 1.000000100000000021e-05 1.000000100000000021e-05 1.000000100000000021e-05 1.000000100000000021e-05
1.000000000000000021e-08 1.000000000000000021e-08 1.000000000000000021e-08 1.000000000000000021e-08 1.000000000000000021e-08 1.000000000000000021e-08 1.000000000000000021e-08 6.971579989406546940e-02 1.562192602675823438e-01 8.147165974668494834e-04 1.000000000000000021e-08 1.035171097270010907e-05 1.000000000000000021e-08 1.000000000000000021e-08 1.000000000000000021e-08 1.000000000000000021e-08 1.000000000000000021e-08 1.000000000000000021e-08 1.000000000000000021e-08 1.000000000000000021e-08 1.000000000000000021e-08 1.000000000000000021e-08 1.000000000000000021e-08 1.000000000000000021e-08 1.000000000000000021e-08 1.000000000000000021e-08 1.000000000000000021e-08 1.000000000000000021e-08 1.000000000000000021e-08 1.000000000000000021e-08 1.000000100000000021e-05 1.000000100000000021e-05 1.000000100000000021e-05 1.000000100000000021e-05 1.000000100000000021e-05 1.000000100000000021e-05 1.000000100000000021e-05
1.000000000000000021e-08 1.513794585108156243e-05 2.842087050529572135e-05 2.969889025821097767e-05 3.210427915352606962e-05 4.489269908434453417e-05 4.681484360825516789e-05 1.117587687528509011e-01 8.752181271927739203e-02 8.527388708069182392e-04 1.000000000000000021e-08 1.000000000000000021e-08 1.000000000000000021e-08 1.000000000000000021e-08 1.000000000000000021e-08 1.000000000000000021e-08 1.708059696828415796e-05 1.000000000000000021e-08 1.000000000000000021e-08 1.000000000000000021e-08 1.000000000000000021e-08 1.000000000000000021e-08 1.000000000000000021e-08 1.000000000000000021e-08 1.000000000000000021e-08 1.000000000000000021e-08 1.000000000000000021e-08 1.000000000000000021e-08 1.000000000000000021e-08 1.000000000000000021e-08 1.000000100000000021e-05 1.000000100000000021e-05 1.000000100000000021e-05 1.000000100000000021e-05 1.000000100000000021e-05 1.000000100000000021e-05 1.000000100000000021e-05
6.495837460808765677e-05 8.453347151021278977e-05 7.813580827671192850e-05 8.671039466332197644e-05 1.032154689718814910e-04 9.704149261235549707e-05 7.864425670373544519e-05 3.333551876930015284e-02 9.215185926490529478e-02 2.625560793637338988e-04 3.059597465694414970e-05 3.250559170672623365e-05 2.917826432787784768e-05 1.000000000000000021e-08 1.000000000000000021e-08 1.957582675667361472e-05 2.187048520795576264e-05 1.344924709372029264e-05 1.000000000000000021e-08 1.000000000000000021e-08 1.000000000000000021e-08 1.000000000000000021e-08 1.000000000000000021e-08 1.000000000000000021e-08 1.000000000000000021e-08 1.000000000000000021e-08 1.000000000000000021e-08 1.000000000000000021e-08 1.000000000000000021e-08 1.000000000000000021e-08 1.000000100000000021e-05 1.000000100000000021e-05 1.000000100000000021e-05 1.000000100000000021e-05 1.000000100000000021e-05 1.000000100000000021e-05 1.000000100000000021e-05
1.429220871218717097e-05 2.087118566230160391e-05 6.509182313841150788e-05 8.265606305681166030e-05 1.203782540936713339e-04 1.138734338250467536e-04 3.194940890027224835e-04 4.783249235970760127e-02 9.156999988177706717e-02 2.297065481184282622e-04 1.000000000000000021e-08 1.000000000000000021e-08 1.000000000000000021e-08 5.053455101497042804e-05 3.478965634512899159e-05 4.303824034766804790e-05 3.327564775272967139e-05 2.365013843722007391e-05 1.592842842295998798e-05 1.111680302596061782e-05 1.000000000000000021e-08 1.000000000000000021e-08 1.000000000000000021e-08 1.000000000000000021e-08 1.000000000000000021e-08 1.000000000000000021e-08 1.000000000000000021e-08 1.000000000000000021e-08 1.000722662883826035e-05 1.000000000000000021e-08 1.000000100000000021e-05 1.000000100000000021e-05 1.000000100000000021e-05 1.000000100000000021e-05 1.000000100000000021e-05 1.000000100000000021e-05 1.000000100000000021e-05
1.000000000000000021e-08 1.000000000000000021e-08 3.630039108979077550e-05 1.113358599591688611e-04 1.402382117368811967e-04 1.324926957578786155e-04 4.231969367465599971e-03 1.080432958850957859e-01 7.568257480219678368e-02 1.285984953521171579e-05 1.000000000000000021e-08 1.000000000000000021e-08 1.215901802152061136e-04 1.075741433356305660e-04 1.854357049438863485e-04 1.281016472753208110e-04 4.842074789976369995e-05 4.123470709026786675e-05 4.190155574337744857e-05 1.573804211777477354e-05 1.000000000000000021e-08 1.000000000000000021e-08 1.000000000000000021e-08 1.000000000000000021e-08 1.000000000000000021e-08 1.000000000000000021e-08 1.000000000000000021e-08 1.000000000000000021e-08 1.000000000000000021e-08 1.000000000000000021e-08 1.000000100000000021e-05 1.000000100000000021e-05 1.000000100000000021e-05 1.000000100000000021e-05 1.000000100000000021e-05 1.000000100000000021e-05 1.000000100000000021e-05
1.000000000000000021e-08 1.000000000000000021e-08 3.321436131216655744e-05 5.294747932964052704e-05 1.428645054664956244e-04 1.616886356184884263e-04 6.631293315475170203e-04 1.214369834921239649e-01 3.314040450544169375e-02 5.126226326689233394e-05 2.159199554471129173e-05 3.103401921391598208e-05 3.972509473137113408e-05 6.242079287054663121e-05 3.156033205459001060e-05 3.904888504132594172e-05 4.984393778411361215e-05 4.141353060859173050e-05 1.000000000000000021e-08 1.000000000000000021e-08 1.000000000000000021e-08 1.000000000000000021e-08 1.000000000000000021e-08 1.000000000000000021e-08 1.000000000000000021e-08 2.024142421898581109e-05 1.000000000000000021e-08 1.000000000000000021e-08 1.000000000000000021e-08 1.000000000000000021e-08 1.000000100000000021e-05 1.000000100000000021e-05 1.000000100000000021e-05 1.000000100000000021e-05 1.000000100000000021e-05 1.000000100000000021e-05 1.000000100000000021e-05
1.000000000000000021e-08 1.000000000000000021e-08 2.277832100603728073e-05 2.021072006195883127e-05 2.560797740612677867e-05 6.523079906275594487e-04 6.150952327824475013e-02 7.150219529065435231e-02 8.590311690553319168e-03 1.491068053481297050e-05 1.485679042456738988e-05 1.000000000000000021e-08 5.442045855611726932e-05 6.127799212639213871e-05 4.545326806449382701e-05 5.125663213816850295e-05 3.929361673242393098e-05 1.000000000000000021e-08 1.000000000000000021e-08 1.000000000000000021e-08 1.000000000000000021e-08 1.000000000000000021e-08 1.000000000000000021e-08 1.000000000000000021e-08 1.000000000000000021e-08 1.000000000000000021e-08 1.000000000000000021e-08 1.000000000000000021e-08 1.000000000000000021e-08 1.000000000000000021e-08 1.000000100000000021e-05 1.000000100000000021e-05 1.000000100000000021e-05 1.000000100000000021e-05 1.000000100000000021e-05 1.000000100000000021e-05 1.000000100000000021e-05
1.000000000000000021e-08 1.000000000000000021e-08 1.823969380174191775e-05 2.037395985484602957e-05 1.000000000000000021e-08 7.926579512097540808e-04 1.162916069891563736e-01 8.934246224611405718e-02 5.627305278298409472e-03 1.000000000000000021e-08 3.103579255526437466e-05 3.519577003713944433e-05 4.362669803587093198e-05 1.000000000000000021e-08 5.502277041144498939e-05 1.507481389186262233e-04 4.210481089229740995e-05 1.071637550685777278e-05 1.000000000000000021e-08 1.000000000000000021e-08 1.000000000000000021e-08 1.244252402995262207e-05 1.042240619266877736e-05 1.000000000000000021e-08 1.000000000000000021e-08 1.000000000000000021e-08 1.000000000000000021e-08 1.000000000000000021e-08 1.000000000000000021e-08 1.087348356684204482e-05 1.000000100000000021e-05 1.000000100000000021e-05 1.000000100000000021e-05 1.000000100000000021e-05 1.000000100000000021e-05 1.000000100000000021e-05 1.000000100000000021e-05
1.000000000000000021e-08 1.000000000000000021e-08 1.702449577041809114e-05 1.000000000000000021e-08 1.000000000000000021e-08 1.130321869671604610e-04 3.802821576256884550e-02 2.657642766129244549e-01 7.689577867263769004e-03 1.000000000000000021e-08 5.290133454556532311e-05 4.811959111271256137e-05 5.297099158011865601e-05 4.965552139802733114e-05 7.156111312462198957e-05 9.898705722597626964e-05 3.792154161468259905e-05 1.000000000000000021e-08 1.000000000000000021e-08 1.000000000000000021e-08 1.000000000000000021e-08 1.000000000000000021e-08 1.712741224764111815e-05 1.080956189385726634e-05 1.000000000000000021e-08 1.000000000000000021e-08 1.000000000000000021e-08 1.000000000000000021e-08 1.000000000000000021e-08 1.037909107211115792e-05 1.000000100000000021e-05 1.000000100000000021e-05 1.000000100000000021e-05 1.000000100000000021e-05 1.000000100000000021e-05 1.000000100000000021e-05 1.000000100000000021e-05
