output/water_depth_6120.asc
ncols 223
nrows 158
xllcorner 0.0
yllcorner 0.0
cellsize 30.0
[rows 102 to 118 of 158, columns 185 to 221 of 223]
2.140168226832568846e-05 2.066123768757404744e-05 2.879137840351365165e-05 3.403599482342746139e-05 1.000000000000000021e-08 1.000000000000000021e-08 1.022696555867631529e-01 5.732000067169094049e-01 1.650156813003050491e-02 5.794597346954518790e-04 4.137045155737872036e-04 1.803900114496931892e-04 1.390538032429589478e-04 1.423662429522622565e-04 1.541641871649681314e-04 1.507329972413238271e-04 5.491178875276842475e-05 2.747155644539080744e-05 2.226495467949718790e-05 2.098712156377079973e-05 1.394786664485248914e-05 1.000000000000000021e-08 1.000000000000000021e-08 1.000000000000000021e-08 1.000000000000000021e-08 1.000000000000000021e-08 1.000000000000000021e-08 1.000000000000000021e-08 1.000000000000000021e-08 2.016321414514774403e-05 1.000000100000000021e-05 1.000000100000000021e-05 1.000000100000000021e-05 1.000000100000000021e-05 1.000000100000000021e-05 1.000000100000000021e-05 1.000000100000000021e-05
3.170806455392164488e-05 2.511627713759026926e-05 5.183732375185269060e-05 5.749929544607638288e-05 5.296020755734178468e-05 4.172699010611661055e-03 3.069927496959023311e-02 5.174495908926454169e-01 5.959457502708006768e-03 2.115330251913302186e-04 2.979341090807462503e-04 3.967538155399768195e-04 3.555366661578642689e-04 2.830616785885322955e-04 2.163415298146328339e-04 8.386031143737817880e-05 2.364969180709534545e-04 5.217540735824946225e-05 4.793195949869498689e-05 3.310107934082685724e-05 1.933510826016470859e-05 1.000000000000000021e-08 1.000000000000000021e-08 1.000000000000000021e-08 1.000000000000000021e-08 1.000000000000000021e-08 1.000000000000000021e-08 1.000000000000000021e-08 1.000000000000000021e-08 1.500721776017499628e-05 1.000000100000000021e-05 1.000000100000000021e-05 1.000000100000000021e-05 1.000000100000000021e-05 1.000000100000000021e-05 1.000000100000000021e-05 1.000000100000000021e-05
1.000000000000000021e-08 1.000000000000000021e-08 1.000000000000000021e-08 1.000000000000000021e-08 2.988270136682751607e-04 2.236766160512989807e-02 5.585674384658787517e-01 5.188695909713935128e-01 1.145245316953289383e-03 1.108969278348734937e-05 1.000000000000000021e-08 1.356623335610597748e-05 1.364679568920573104e-05 1.000000000000000021e-08 1.000000000000000021e-08 1.584024770929822053e-04 4.360843398253210889e-04 1.155010268776768869e-04 9.895380735955885921e-05 6.602455794690264515e-05 4.245998896632470081e-05 2.170865481151395743e-05 1.000000000000000021e-08 1.000000000000000021e-08 1.000000000000000021e-08 1.000000000000000021e-08 1.521324522146799578e-05 1.360587275012154931e-05 1.355612959277697685e-05 1.434732571154089706e-05 1.000000100000000021e-05 1.000000100000000021e-05 1.000000100000000021e-05 1.000000100000000021e-05 1.000000100000000021e-05 1.000000100000000021e-05 1.000000100000000021e-05
1.000000000000000021e-08 1.000000000000000021e-08 1.000000000000000021e-08 1.000000000000000021e-08 2.437143203314504677e-03 3.762999258111077161e-01 4.299783202414781957e-01 2.975244998335470760e-04 1.940183715605463193e-05 2.765812999448645325e-05 2.366679166341581871e-05 1.845124624167333611e-05 1.000000000000000021e-08 1.000000000000000021e-08 3.712271628693554146e-05 6.389596504068609977e-05 8.539505507433296089e-03 8.081719130103463334e-05 1.000000000000000021e-08 1.000000000000000021e-08 1.000000000000000021e-08 1.000000000000000021e-08 1.113329081504723990e-05 1.000000000000000021e-08 1.000000000000000021e-08 1.000000000000000021e-08 2.637183422562746298e-05 2.162827699370174558e-05 1.765247486753587409e-05 1.309024323648223383e-05 1.000000100000000021e-05 1.000000100000000021e-05 1.000000100000000021e-05 1.000000100000000021e-05 1.000000100000000021e-05 1.000000100000000021e-05 1.000000100000000021e-05
9.571125276911960581e-05 7.510351739655985674e-05 1.000000000000000021e-08 1.658156389265130870e-05 9.061632462801935900e-04 3.416580822801259520e-01 3.678798532717584280e-01 2.662769822953676285e-04 1.374339336146018710e-04 1.077492025820611535e-04 6.817058636446989754e-05 4.535810752259325453e-05 3.630625218782720167e-05 5.222883500895580760e-05 1.000000000000000021e-08 3.134434593815852083e-05 7.321266620136298968e-03 1.613844977989436255e-04 1.000000000000000021e-08 1.000000000000000021e-08 1.000000000000000021e-08 1.000000000000000021e-08 1.028905808398615385e-05 1.000000000000000021e-08 1.000000000000000021e-08 1.000000000000000021e-08 1.000000000000000021e-08 6.866283322717215570e-05 4.399109720675446571e-05 2.634536180344934487e-05 1.000000100000000021e-05 1.000000100000000021e-05 1.000000100000000021e-05 1.000000100000000021e-05 1.000000100000000021e-05 1.000000100000000021e-05 1.000000100000000021e-05
9.653219533003322514e-05 1.563524492072055955e-04 1.459127895403498692e-04 1.435965425867421499e-04 7.449987426281694334e-04 2.748780031017606373e-01 2.915443514532541358e-01 4.132699967018306237e-05 1.000000000000000021e-08 2.661027412409076439e-05 1.000000000000000021e-08 1.032567221625358821e-04 1.003902700760970584e-04 2.671606886180018304e-05 1.000000000000000021e-08 1.000000000000000021e-08 1.288135606940214164e-03 2.059090156218393221e-04 2.149485707387403560e-04 2.713122896795940129e-04 2.312014470028438357e-04 1.936484080844714205e-04 1.547317243404250353e-04 1.183243849560152941e-04 8.412435280759719301e-05 5.141440045895017275e-05 2.500055167273966051e-05 1.000000000000000021e-08 1.570163809339601051e-05 1.000000100000000021e-05 1.000000100000000021e-05 1.000000100000000021e-05 1.000000100000000021e-05 1.000000100000000021e-05 1.000000100000000021e-05 1.000000100000000021e-05 1.000000100000000021e-05
5.670465341935213862e-05 6.409912350141570229e-05 1.087790013009696637e-04 1.000000000000000021e-08 2.837218918614659892e-03 4.648634401529017635e-01 1.324306333929005930e-01 1.000000000000000021e-08 4.203271402941498081e-05 3.984631400308236301e-05 3.992153366798619873e-05 2.499368344461515404e-05 1.000000000000000021e-08 1.000000000000000021e-08 1.000000000000000021e-08 1.180493254581218521e-05 1.411158505087825327e-03 2.599839525209480563e-04 1.616745233598127331e-04 4.338442652647881239e-05 3.791295102032684629e-05 3.023084425049500065e-05 2.895551039345389352e-05 2.419658589261678461e-05 2.498659341267137865e-05 2.700664656562074741e-05 1.813948731944871399e-05 1.000000000000000021e-08 1.000000000000000021e-08 1.000000100000000021e-05 1.000000100000000021e-05 1.000000100000000021e-05 1.000000100000000021e-05 1.000000100000000021e-05 1.000000100000000021e-05 1.000000100000000021e-05 1.000000100000000021e-05
1.931311888177487674e-05 6.989120194723001482e-05 1.360266792469369643e-04 2.126408152207363996e-04 3.553744072674583920e-01 3.691261749608845122e-01 3.342565251388959213e-01 8.904781333634137312e-04 1.000000000000000021e-08 3.899535393797491829e-05 2.050415546110243532e-05 1.000000000000000021e-08 3.818117946191899810e-05 1.122195395903732858e-05 1.448951253428997567e-05 2.982529205241260848e-05 1.368095582884940736e-02 3.654534345129429999e-04 9.390131956445338477e-05 1.000000000000000021e-08 1.000000000000000021e-08 1.000000000000000021e-08 1.000000000000000021e-08 1.000000000000000021e-08 1.000000000000000021e-08 1.180327906115497769e-05 1.029513350614147918e-05 1.000000000000000021e-08 1.000000000000000021e-08 1.000000100000000021e-05 1.000000100000000021e-05 1.000000100000000021e-05 1.000000100000000021e-05 1.000000100000000021e-05 1.000000100000000021e-05 1.000000100000000021e-05 1.000000100000000021e-05
1.000000000000000021e-08 1.000000000000000021e-08 1.773111592499096090e-05 2.546218722650654345e-05 2.700987053278853324e-05 2.872674073991561827e-01 2.675044533685987935e-01 1.294974505137053448e-03 1.000000000000000021e-08 1.435622193046729919e-05 1.241583209656999913e-05 1.000000000000000021e-08 1.000000000000000021e-08 1.504241554792598397e-05 4.931845313472022125e-05 7.881479530814207088e-03 9.886214624066103421e-03 4.306470796133671670e-05 5.915146518527422231e-05 1.000000000000000021e-08 1.000000000000000021e-08 1.000000000000000021e-08 1.000000000000000021e-08 1.000000000000000021e-08 1.000000000000000021e-08 2.461567771871017563e-05 2.037429597288435926e-05 1.989815378484978197e-05 2.408833412449144508e-05 1.000000100000000021e-05 1.000000100000000021e-05 1.000000100000000021e-05 1.000000100000000021e-05 1.000000100000000021e-05 1.000000100000000021e-05 1.000000100000000021e-05 1.000000100000000021e-05
1.000000000000000021e-08 1.000000000000000021e-08 1.000000000000000021e-08 1.000000000000000021e-08 1.000000000000000021e-08 1.369069211734018632e-01 4.198647522450417724e-01 2.128356653416821169e-03 1.000000000000000021e-08 2.098718879475828020e-05 1.486484597933299024e-05 1.000000000000000021e-08 1.000000000000000021e-08 1.474049012709454584e-05 1.459572460816018005e-05 1.376592567944493568e-03 1.956545209587168006e-03 1.000000000000000021e-08 1.000000000000000021e-08 2.153014920473962334e-05 1.897338337131351848e-05 1.338822685346617378e-05 1.000000000000000021e-08 3.909068568315707021e-05 3.661025549440807050e-05 3.321760783345743947e-05 2.456212481619281867e-05 1.774302124132919392e-05 1.000000000000000021e-08 1.000000100000000021e-05 1.000000100000000021e-05 1.000000100000000021e-05 1.000000100000000021e-05 1.000000100000000021e-05 1.000000100000000021e-05 1.000000100000000021e-05 1.000000100000000021e-05
1.000000000000000021e-08 1.000000000000000021e-08 1.147842453091409585e-05 1.730425666123439592e-05 1.686599910528238173e-05 6.916064273061005296e-02 4.897568216162626054e-01 1.860034194766385521e-03 2.217349809212320331e-05 2.235366652425636476e-05 1.576610315875845314e-05 1.000000000000000021e-08 1.000000000000000021e-08 1.544524216615878460e-05 1.000000000000000021e-08 2.148038398380141493e-03 2.533862057908380138e-04 1.000000000000000021e-08 1.125886939449477833e-04 1.000000000000000021e-08 1.210575138681482181e-05 1.873957747466120359e-05 1.000000000000000021e-08 1.000000000000000021e-08 4.416481206282099869e-05 3.296368050666989065e-05 2.656593716003464127e-05 1.611237591539632934e-05 1.000000000000000021e-08 1.000000100000000021e-05 1.000000100000000021e-05 1.000000100000000021e-05 1.000000100000000021e-05 1.000000100000000021e-05 1.000000100000000021e-05 1.000000100000000021e-05 1.000000100000000021e-05
4.783076712946754730e-04 3.537056736740917741e-04 2.469343429061036628e-04 1.000000000000000021e-08 3.255085215133112560e-05 8.249912133151132698e-01 8.326158652721931119e-01 7.767141420611363145e-01 1.000000000000000021e-08 1.000000000000000021e-08 2.074940366892936210e-05 1.250026362857977052e-05 1.000000000000000021e-08 2.653900711065663190e-05 2.085056802291800418e-02 3.284930496563278051e-03 1.979035418953864521e-04 1.000000000000000021e-08 2.356152962923355692e-05 1.394214272176817011e-05 1.000000000000000021e-08 3.934901506523304292e-05 5.828961529139803577e-05 7.220080924643178081e-05 7.479691637906099209e-05 4.584933808827508923e-05 3.339904859702167377e-05 1.895695256750384858e-05 1.000000000000000021e-08 1.000000100000000021e-05 1.000000100000000021e-05 1.000000100000000021e-05 1.000000100000000021e-05 1.000000100000000021e-05 1.000000100000000021e-05 1.000000100000000021e-05 1.000000100000000021e-05
7.542876089601788792e-01 7.696158214705265399e-01 7.791971026700936775e-01 7.815390929746458548e-01 7.824372487725794745e-01 8.404736581425454878e-01 8.324753686370526262e-01 7.529566011892866451e-01 6.834960032233661220e-01 6.972573901824781603e-05 2.904451392625867479e-05 2.563275823169008222e-05 1.647424130357470526e-05 1.588438254297964644e-05 1.623779727677895565e-02 6.019405120138804311e-04 2.470902592465425217e-04 1.000000000000000021e-08 1.000000000000000021e-08 1.000000000000000021e-08 1.000000000000000021e-08 8.458544407004339597e-05 9.450552254838008581e-05 7.794493888823665867e-05 9.046369578863268748e-05 1.058418287454937311e-04 7.284545568840555948e-05 4.221834568093269169e-05 2.056936461295955440e-05 1.000000100000000021e-05 1.000000100000000021e-05 1.000000100000000021e-05 1.000000100000000021e-05 1.000000100000000021e-05 1.000000100000000021e-05 1.000000100000000021e-05 1.000000100000000021e-05
4.116775830179592033e-02 2.572092844555767116e-02 1.056775022537568415e-02 1.351217304938422993e-02 8.020466006002778536e-03 5.365969732942104525e-03 7.849992908443572184e-03 6.528635732858972807e-01 1.271092037427893784e+00 1.164420199144975632e+00 1.684342677927720966e-01 2.878469922686976122e-03 1.824408317021418576e-04 2.869649622266974218e-04 2.419427867258034087e-03 3.644554574643934261e-04 4.819163573405197624e-05 8.222831609190071379e-05 1.088578768462489753e-04 1.094583522256912215e-04 1.342048215138256259e-04 1.673378568373691912e-04 7.571881901874325633e-05 1.000000000000000021e-08 6.104331728868691968e-05 2.613673064992194168e-05 2.007567074903757735e-05 1.141361782623411943e-05 1.000000000000000021e-08 1.000000100000000021e-05 1.000000100000000021e-05 1.000000100000000021e-05 1.000000100000000021e-05 1.000000100000000021e-05 1.000000100000000021e-05 1.000000100000000021e-05 1.000000100000000021e-05
1.000000000000000021e-08 1.000000000000000021e-08 1.077068642196869212e-05 1.676688063490069014e-05 4.799743627665773257e-05 1.000000000000000021e-08 1.000000000000000021e-08 7.956811749793329036e-04 4.947456811802932418e-03 5.826849048639803907e-01 7.415132425857798859e-01 1.894802544326675345e-02 1.705203098837633578e-04 3.748248390910794976e-04 2.038364920219235422e-03 2.488425749767524489e-04 1.591968252874113930e-04 2.193093859372220375e-04 2.746509488207232513e-04 2.550606554469486567e-04 1.945984987412402922e-04 9.978340423096698070e-05 8.607179291308607024e-05 1.000000000000000021e-08 6.011874302325126635e-05 3.167580422355265914e-05 1.000000000000000021e-08 1.000000000000000021e-08 1.000000000000000021e-08 1.000000100000000021e-05 1.000000100000000021e-05 1.000000100000000021e-05 1.000000100000000021e-05 1.000000100000000021e-05 1.000000100000000021e-05 1.000000100000000021e-05 1.000000100000000021e-05
1.000000000000000021e-08 1.000000000000000021e-08 1.000000000000000021e-08 1.452919353935860592e-05 2.544408984351184734e-05 1.017076156541838524e-03 1.000000000000000021e-08 1.000000000000000021e-08 1.000000000000000021e-08 2.912949315922664373e-01 8.016541490349972099e-01 7.591382868739758871e-01 8.423223264367060660e-04 2.881478259151472993e-04 1.733599307963720011e-03 4.462713720887213627e-04 2.277433117670226847e-05 1.099512523763447929e-05 7.046700116050092313e-05 7.201889388431018633e-05 6.796206126541079213e-05 7.697270348746268118e-05 8.799543700098314339e-05 1.032988379112907256e-04 7.936656901740189404e-05 2.650906607199958302e-05 1.000000000000000021e-08 1.000000000000000021e-08 1.000000100000000021e-05 1.000000100000000021e-05 1.000000100000000021e-05 1.000000100000000021e-05 1.000000100000000021e-05 1.000000100000000021e-05 1.000000100000000021e-05 1.000000100000000021e-05 1.000000100000000021e-05
3.378277487012889982e-05 3.697037392317721166e-05 1.000000000000000021e-08 1.000000000000000021e-08 1.144922216662381409e-05 1.116797457124941951e-04 1.809217434625273117e-04 8.725350227106790340e-05 1.318029416295653190e-03 7.221235386097940578e-01 7.596836579579783200e-01 7.271372146120061997e-01 7.320051413863890577e-01 1.152239960985851873e-03 2.355053349877316211e-04 8.362305977527019181e-05 7.733668486979354648e-05 6.691081684108627476e-05 5.220517420520073311e-05 2.214405917080442571e-05 2.871998850920360726e-05 2.981078549683762919e-05 3.220753661548509821e-05 1.000000000000000021e-08 1.000000000000000021e-08 1.772016897933885256e-05 1.740853443118074362e-05 1.520522460392666856e-05 1.000000100000000021e-05 1.000000100000000021e-05 1.000000100000000021e-05 1.000000100000000021e-05 1.000000100000000021e-05 1.000000100000000021e-05 1.000000100000000021e-05 1.000000100000000021e-05 1.000000100000000021e-05
