output/water_depth_1920.asc
ncols 223
nrows 158
xllcorner 0.0
yllcorner 0.0
cellsize 30.0
[rows 85 to 101 of 158, columns 74 to 110 of 223]
2.443725292525369703e-03 9.378891731348536947e-04 9.769216742410828398e-04 4.537631942892152354e-04 6.400990845806141987e-04 4.030300326842858557e-04 6.802176142464447196e-04 4.871212202418663843e-04 6.057315630406962925e-04 2.547796936419436959e-04 5.857498906875183067e-04 8.614367341723355937e-04 1.299367481815539129e-03 1.514923801071512560e-03 2.093774334636741129e-03 2.381706502411853367e-03 3.974215112118032432e-03 4.022065034367383954e-03 3.893006624074866508e-03 4.728528996364916859e-03 2.855430318658669711e-03 4.611859017081885656e-03 1.558028569682366532e-03 1.490681391355035178e-03 1.308380424887847608e-03 1.944024938780164425e-03 1.530335378292597623e-03 3.540370306850334353e-03 3.251344866410012940e-03 3.234663201545939261e-03 3.258900878806290230e-03 5.615968493583519371e-03 8.271494180561559523e-03 5.486513909048951719e-03 8.052810445054294289e-03 8.472707023505852975e-03 4.465508415429789504e-03
3.042248135149096602e-02 1.586714788526520301e-02 1.111893695644934794e-02 7.530155438291448455e-03 3.588831482840640526e-03 3.092436579139840741e-03 1.318956210650199792e-03 1.602611722873627589e-03 7.956340010111512652e-04 9.684160551328397466e-04 5.805247180774143843e-04 1.322408436303543385e-03 9.412135832925434863e-04 1.807426290214654389e-03 1.765014617594823018e-03 3.470969014395358567e-03 6.014470367522359827e-03 9.786015941723026287e-03 1.237860655222788181e-02 1.444253555103960918e-02 1.440789842477416781e-02 6.669369748411013363e-03 5.043058735992417621e-03 3.304971470023164784e-03 2.615493995147781438e-03 1.701826039149505719e-03 2.581565730372564586e-03 2.967125295177687992e-03 4.153795173675648572e-03 4.517193473182863628e-03 3.094731064073626484e-03 6.013997405548008462e-03 5.114342687924359858e-03 8.495502776419514013e-03 5.541378374241512361e-03 7.210397083948291361e-03 4.600497347901975724e-03
7.160663216992708795e-03 1.975726759216809431e-02 1.545250433125312794e-02 1.170247918827536752e-02 1.017446535823033488e-02 6.485511993422433952e-03 6.481546013917696344e-03 3.280228949969817270e-03 3.240984741578766416e-03 1.488981140154877836e-03 1.828106337515871503e-03 1.117086692226588974e-03 1.822129977184398092e-03 2.556255541943505162e-03 1.001741811252543444e-03 1.320631096399938658e-03 1.022321888010983403e-03 1.436880450142824679e-03 2.298747722327298092e-03 4.854482447725403001e-03 1.320980178354741290e-02 1.510511874847598676e-02 8.640728404235614030e-03 7.040047718915205810e-03 6.558140603358649130e-03 6.737435784304954267e-03 3.643302989495456230e-03 5.879994362835925734e-03 4.528095169161533949e-03 5.791788845474540176e-03 6.831191607873885255e-03 5.086376542905760370e-03 8.799846740151459276e-03 7.941209736230759805e-03 9.918998855352714056e-03 8.119782372972839113e-03 6.717994371647103419e-03
1.279553398294672358e-02 9.559012118768597799e-03 1.262420894591928348e-02 2.882655494464474860e-02 3.157482675239999675e-02 4.325604929300776169e-02 2.451331234658333386e-02 1.550489269241827651e-02 1.484774924271659545e-02 1.080862866171745061e-02 1.628557660199778795e-02 1.195951184955273451e-02 9.581961344944218972e-03 7.497540999905049838e-03 5.290111365960420940e-03 2.003571893638688220e-03 3.225939718670959699e-03 1.105734627828339374e-03 3.672171073611350638e-03 8.327313842371697819e-03 7.944219748357555372e-03 1.389477620526236024e-02 2.133393257150051348e-02 1.742549765391843836e-02 1.293870249878368781e-02 9.987062071707570113e-03 1.135625870512369483e-02 5.938885293606616100e-03 5.875327115791466326e-03 5.162425889499988423e-03 3.909165396184319761e-03 8.288505759810214576e-03 4.710559227892357342e-03 6.974771626567802252e-03 8.039495818690603826e-03 1.124515930860478692e-02 8.325567372127966326e-03
4.433719292512515453e-02 2.493997934520274934e-02 1.873461704574523254e-02 7.858081408277855368e-03 2.306428266423463103e-02 1.348180182521551383e-02 3.618589877747243472e-02 4.912438153478305980e-02 2.578041385048538553e-02 3.534863067888004140e-02 3.335445131360943033e-02 4.199111769460995430e-02 4.915096578882911099e-02 5.582744288996176890e-02 4.935095506844808938e-02 2.789527099402971250e-02 1.550380986790651262e-02 1.078900066601734195e-02 7.516700713376115416e-03 8.222138199183756657e-03 1.629785590374085991e-02 1.930228317446703451e-02 2.172219233067177596e-02 3.592073124529039652e-02 3.875931666741165571e-02 5.082361961701986619e-02 6.055337464661755820e-02 3.409719490001846681e-02 1.850675632273528909e-02 3.288598702246892103e-02 6.640716946396819920e-02 8.197319256775667529e-02 4.396398676952992940e-02 2.352386626796115765e-02 1.598282949121260232e-02 1.168305675245322889e-02 1.129587856100991265e-02
1.844926450214550220e-02 4.300911459712857682e-02 4.533249717940810580e-02 4.334662112897862823e-02 1.507133331238184187e-02 1.109115581968761303e-02 5.435378915586744700e-03 2.881974803249586457e-03 1.741187533142268470e-02 6.455693961381465951e-03 4.979810352864885194e-03 2.861827330599996978e-03 2.395169028046167329e-03 1.705957495121501657e-03 1.453841675921109869e-02 4.194438254627040619e-02 5.872215659985271369e-02 3.293159138687124649e-02 1.786646378266491114e-02 9.106071762129352987e-03 7.325719477379408207e-03 3.397693602485474078e-03 2.975214813508346087e-03 4.380582936348220366e-03 1.572724346848742780e-02 8.658571926424574530e-03 7.375616803812124270e-03 4.219062478117541204e-02 6.423681244040489735e-02 5.557952324644518938e-02 2.826245807054348844e-02 1.728376526728479454e-02 3.058455103767621433e-02 2.762124695608102892e-02 1.995541975426282783e-02 1.596918509701998959e-02 1.397576821582874329e-02
3.457486491017393911e-03 3.234312383656119064e-03 1.190860094768633401e-02 1.914296550050055210e-02 1.926185463381317048e-02 1.380712926788982102e-02 9.288802294710921115e-03 9.120605665086189626e-03 1.354251165946212046e-02 1.316579441037332189e-02 6.090743788013218071e-03 4.727389162319245962e-03 2.035958381554902295e-03 1.928731867942131513e-03 9.663223663493158283e-04 1.406813409975378980e-03 7.691781346502625386e-04 1.749062568697493103e-02 1.749655113544459559e-02 1.370420963736396734e-02 1.530091283867357661e-02 1.538784555812950511e-02 1.006092403251181676e-02 6.619816646586922614e-03 3.744541445151570655e-03 2.317107702464288668e-03 9.604617782259882277e-04 1.500865537238743174e-03 9.533255291099620998e-04 1.894134260247744587e-03 1.044064968262650326e-03 2.634707748098856538e-04 1.653335596475266622e-02 2.167549204071616414e-02 2.120815421365798356e-02 1.833099794815421305e-02 2.675782123042754271e-02
4.001747851782815448e-04 6.587333813483041683e-04 1.614200542380744635e-04 1.393637318612681356e-04 1.294179928933868878e-02 2.231144636918820992e-02 2.939123933605054806e-02 3.299503117111856482e-02 3.537524370697909398e-02 2.125642558707804830e-02 1.403643489621032511e-02 9.302611669559968793e-03 7.622862958124702187e-03 3.471370700721503055e-03 3.556141910301274973e-03 4.332025066395307419e-03 3.969926324942040646e-03 1.695557005439024198e-02 3.051896385759718389e-02 3.388434692969195805e-02 2.813131752535152560e-02 1.735877661644050912e-02 1.233322896077897364e-02 9.401043345902620335e-03 7.308606698583504022e-03 1.799557721242623157e-03 1.487190218520147936e-03 1.450981150282214900e-03 2.478717852557938382e-03 1.154112240393406893e-03 6.824368962896206706e-04 1.532389183421805788e-04 9.157539134348597482e-03 3.424247295318053746e-02 2.775840527140966546e-02 2.311176644919534992e-02 1.593323249561569982e-02
6.485430965327515333e-04 5.545082042818762430e-04 3.677410569777491670e-04 2.837709715859915399e-04 3.185078767175133574e-04 3.108237939035196195e-03 2.283371779368323536e-03 1.859414148027311534e-03 5.957723286199170104e-03 1.640967802784016466e-02 1.570760954430508796e-02 1.328519607139245357e-02 1.058619019964109065e-02 9.341986673409949371e-03 5.987190657636419153e-03 1.173066857423694757e-02 1.223769410357796253e-02 1.285499222593862630e-02 1.674755969443190648e-02 1.376136811546747191e-02 9.497457590642154057e-03 1.348989287564817362e-02 1.517090113335445994e-02 1.462428673871146202e-02 9.009871286285471917e-03 7.830614166253005784e-03 4.055061861382169147e-03 2.952081637302744494e-03 1.439673261994371331e-03 1.661017417461482359e-03 1.050440001118587135e-03 1.076572048185492738e-03 7.405122181743902139e-03 5.669523507104571106e-03 3.200253310285020025e-02 2.870558414094880051e-02 2.111454848281863264e-02
4.781180323763133599e-04 1.019461043726435819e-03 2.709305838094495781e-04 2.304359489067875897e-04 8.831695481872405831e-05 8.508772010470434799e-04 6.127378205662114673e-04 1.298535488069112002e-03 3.394783978182356905e-03 9.021145961800773952e-03 1.460208435978705560e-02 1.556411668223333516e-02 3.058743371125325489e-02 1.851273056763610980e-02 1.576767709754359550e-02 4.990700489319816260e-03 2.791533967235831915e-03 3.812145377611110856e-04 6.610476205388376558e-04 7.683614104267431563e-03 1.028323382115721267e-02 1.441843902127866797e-02 2.088142968585404366e-02 1.821563565284472705e-02 1.538282673033351464e-02 9.121174353921200628e-03 7.549823038162750515e-03 3.355111552600213015e-03 2.796044879439843131e-03 1.747301681723597427e-03 2.935914086944056527e-03 2.447349570228351222e-03 3.371873381014179466e-03 2.325213614098520318e-03 1.998962118969751980e-03 2.284008006248000253e-02 2.410101500500400756e-02
2.137270917047552621e-04 1.158931413065455085e-03 4.269915757947227112e-04 2.163083138073568256e-04 2.667540886730896646e-04 3.524452290936142549e-04 1.195835699112762166e-03 1.100290483857936435e-03 2.234627316165954409e-03 4.561831460936199498e-03 8.152976209382354483e-03 1.610994860118594024e-02 1.097336624054179484e-02 2.965211451216241689e-02 2.181400137129293343e-02 1.623787284643804507e-02 7.642679438893372479e-03 5.820951703405346546e-03 3.180057620274564806e-03 6.023509136296300442e-03 1.021219615473521400e-02 8.365045658319879285e-03 4.965499997869844001e-03 1.055894258002077271e-02 1.215796424914428533e-02 1.237840211743337568e-02 7.767918295561221723e-03 7.499233957385893767e-03 4.478120810441967373e-03 2.307489193808943094e-03 2.787783951680809086e-03 1.586304246534274084e-03 1.290122010381537744e-03 2.140231153550422628e-03 6.625307227839410300e-04 4.448556854943806066e-03 1.326464373728533479e-02
5.968820823592300810e-04 3.775881490713724241e-04 1.615967985482733666e-03 9.269812503118400561e-04 1.082884975979061127e-03 1.989436531552203104e-03 2.192749097116551259e-03 2.267476644232866746e-03 1.786683503552305386e-03 2.840618893153169528e-03 4.849522618093239992e-03 5.058916070022166991e-03 5.001883127652756791e-03 1.165832467117024858e-03 1.252620356316823218e-02 1.082350839842197154e-02 1.296275040557340330e-02 7.205005705789020547e-03 5.996956630575958971e-03 3.275884347241489643e-03 3.039121688835229838e-03 3.927866761742005754e-03 4.386549658620719598e-03 6.800303291999819019e-03 1.331769659463191875e-02 1.101505437796587196e-02 1.167946635661417862e-02 7.282136056652881856e-03 6.339801531443047498e-03 5.336657129928903433e-03 2.213712325795281870e-03 2.000559050999169142e-03 1.239793732807317533e-03 1.199464907596868666e-03 1.455172110446849385e-03 1.642172887762006605e-03 9.205357419161426871e-03
5.380115866576980297e-04 1.317622531845244341e-03 1.274566838798179332e-03 6.080663024832903569e-04 7.097897888659460402e-04 7.285593388109132870e-04 1.095006065095674441e-03 2.009555739442512538e-03 2.480310174448810325e-03 2.933246211866431547e-03 4.609127460724407599e-03 4.353203761937888584e-03 3.797930140314659773e-03 2.998731651411754538e-03 7.904282323711767783e-03 1.166986008966112986e-02 9.481732548765525737e-03 1.093922159985872937e-02 6.205832578595988497e-03 6.389454380836693051e-03 3.044163631273560239e-03 3.556326664048632766e-03 4.716670872052986310e-03 6.748126799360171062e-03 8.445468955027929381e-03 1.151657165884372759e-02 1.033062211867099081e-02 1.087341255620750957e-02 1.015606643166540139e-02 7.314457667551451520e-03 6.493274620243038621e-03 2.733805171279030631e-03 2.374489766553135664e-03 1.506938772571544483e-03 2.482083204801618752e-03 9.043112003245006763e-04 4.100212459774709405e-03
3.132865100008121878e-03 7.903679551682712360e-04 1.244148715916536165e-03 2.863174902975874317e-04 5.160718307644315307e-04 4.329851931051862356e-04 7.348987141641865522e-04 5.842250810703575239e-04 1.852015850448136217e-03 3.389942451605102661e-03 6.160860641738903111e-03 4.017795821174657139e-03 4.826427369672783158e-03 4.058606179344744110e-03 6.178220857994605811e-03 8.286863790196186477e-03 1.145505519530006650e-02 8.239766400479606873e-03 9.709002696198182000e-03 5.842623399723906666e-03 6.183474466854974386e-03 4.642418907400347287e-03 3.262491995381188239e-03 4.636218300328841767e-03 4.229619584175413338e-03 7.625124398064416983e-03 9.845204503691553505e-03 1.133376311616905718e-02 2.323389255642021797e-02 2.778184353535479573e-02 3.141430783399037918e-02 3.324262035419799088e-02 3.302589683019280242e-02 1.798232967413569000e-02 1.132764371533531884e-02 7.318274079924348870e-03 8.295903113595098910e-03
4.544340331246858079e-03 1.522765915979954789e-03 9.884289470632053824e-04 6.453889053642636970e-04 2.017593697453649176e-04 1.389854829702547164e-04 3.764361720502466205e-04 8.420692872333123075e-05 1.072535344508811456e-04 5.489473204307580324e-04 1.601126293575068577e-03 5.290926482226167467e-03 4.445194855611274073e-03 4.999147569259418042e-03 4.591225939863467428e-03 6.490839479322578140e-03 6.457919958997945624e-03 9.865908501432926053e-03 7.192836897737746316e-03 1.053014626835684260e-02 5.923767083078204827e-03 5.413828099218337409e-03 5.374052989252873884e-03 3.226014679429033138e-03 5.037409911817514359e-03 5.669186964439656279e-03 1.041972021905761270e-02 1.639725634286649802e-02 1.199207028496065280e-02 9.035729431128318098e-03 5.178163839843766963e-03 4.737129814261928362e-03 2.206482296566447676e-03 1.035497112462019018e-02 1.078157946719399303e-02 1.127968740140748369e-02 1.022867107533631352e-02
8.541664847477597675e-03 1.494097488423624248e-03 1.081691961626437409e-03 5.149349135547126588e-04 3.831399779063048754e-04 3.880648148566848165e-05 5.254840378983460271e-05 4.611050221957198417e-05 6.343181075000475268e-05 3.143978189455607850e-04 3.628380393765862858e-04 5.315126455075567385e-04 1.599670509276312613e-03 2.733691794871899537e-03 4.176645264181063841e-03 3.966284759219788209e-03 7.277548955211002313e-03 6.137398352163415255e-03 8.942927579063919899e-03 5.240979260379171126e-03 7.630504380287594576e-03 6.466099791672509124e-03 5.936300110256792668e-03 7.188737602469762178e-03 6.117356586655483749e-03 6.919617073045261114e-03 4.574625837675694133e-03 4.894998548770230010e-03 3.049177379980875027e-03 1.930817522505363665e-03 1.380902507061126635e-03 3.781332218722664425e-04 1.235932574494170251e-03 4.260340830131810128e-03 7.322636425865934086e-03 6.090445570586192764e-03 8.960181597108101900e-03
6.625305965624336303e-03 5.457846912223510843e-03 3.110095647413396985e-03 2.393986828772946395e-03 2.813798971441592049e-04 4.061097777869831187e-05 1.645703006511648847e-04 7.867818384601529662e-05 1.000000000000000021e-08 3.428954372493119148e-05 1.204639075701215557e-04 1.369056251851348809e-04 1.186360168260439021e-03 2.237294050711940204e-03 4.137652617438219819e-03 4.945998248901488023e-03 4.610466885922094929e-03 7.832750163903449275e-03 6.057343712457899723e-03 7.619413282463306444e-03 5.028395516380705296e-03 5.496120399478710700e-03 5.319466901721140589e-03 3.685560972578290958e-03 4.834351689498346191e-03 3.310903606471846290e-03 4.545002670005381280e-03 2.621612956738630321e-03 3.717187457153080200e-04 2.434473722382356664e-04 2.692125138136168268e-04 2.477790001315182777e-04 4.912446505178352926e-04 3.736201048209724599e-03 3.620724845531838633e-03 6.948579599681846582e-03 5.473419483517212580e-03
