output/water_depth_7800.asc
ncols 223
nrows 158
xllcorner 0.0
yllcorner 0.0
cellsize 30.0
[rows 102 to 118 of 158, columns 111 to 147 of 223]
3.376903267220768029e-05 2.955317221797471017e-05 5.904885043037481093e-05 3.796408355390993656e-05 6.116760312784586266e-05 3.330475111384376173e-05 5.283800199753927113e-05 3.534930614333667742e-05 5.711139174326226203e-05 5.701213075386739825e-05 1.787186093548104988e-04 2.822436988834674081e-03 9.268870022692693444e-04 1.736919320702898337e-04 1.923969699650789923e-04 4.226550127884708282e-04 3.289180170889360443e-04 2.376493441436319277e-03 3.440635879651353975e-03 1.615351766962247818e-02 9.615916595179585047e-04 1.000000000000000021e-08 1.000000000000000021e-08 1.000000000000000021e-08 1.000000000000000021e-08 1.000000000000000021e-08 1.418780654407104568e-05 1.184177072759296380e-05 1.000000000000000021e-08 1.000000000000000021e-08 1.000000000000000021e-08 1.000000000000000021e-08 1.000000000000000021e-08 1.000000000000000021e-08 1.000000000000000021e-08 1.000000000000000021e-08 1.000000000000000021e-08
4.249062523554835292e-04 5.118522248907967720e-04 5.858736000838406840e-04 7.355522287796393784e-05 4.086047118350817034e-05 6.253763381256865995e-05 3.561872089780980066e-05 6.018968688191965845e-05 3.617466202802862565e-05 7.861239724540300703e-05 7.853272726014339639e-05 2.023006603117465628e-03 1.433326198720455413e-03 1.193433730787315763e-04 2.567412424157188467e-04 2.082069967478558886e-04 3.484049184379724509e-03 3.314644921101294901e-03 6.338480151678749057e-03 1.902442206005754838e-02 6.606062854516002881e-04 1.000000000000000021e-08 1.000000000000000021e-08 1.000000000000000021e-08 1.000000000000000021e-08 1.000000000000000021e-08 1.899311166502426216e-05 1.440764595781776084e-05 1.000000000000000021e-08 1.000000000000000021e-08 1.000000000000000021e-08 1.585932019192835574e-05 1.000000000000000021e-08 1.000000000000000021e-08 1.000000000000000021e-08 1.000000000000000021e-08 1.000000000000000021e-08
2.661444944862677471e-04 6.284751677961019668e-04 9.977755808279961669e-04 1.406772319717284909e-03 1.734410067673362388e-03 2.017333390361131067e-03 1.475659827466980828e-03 1.248279756147663939e-03 1.156098878970131206e-03 1.027452862472961635e-04 1.379590694410142164e-04 1.714125441110541477e-03 3.208190969868614326e-03 6.518243898679924701e-03 6.940564987931985980e-03 9.775095392726109583e-03 8.828671400361724417e-03 1.110742147762002613e-02 1.087102386426786957e-02 2.449245666544909786e-02 5.012776522160537936e-04 1.000000000000000021e-08 1.000000000000000021e-08 1.000000000000000021e-08 1.000000000000000021e-08 1.000000000000000021e-08 2.473831972946255353e-05 1.458701566699095330e-05 1.000000000000000021e-08 1.000000000000000021e-08 1.000000000000000021e-08 1.000000000000000021e-08 1.000000000000000021e-08 1.000000000000000021e-08 1.083460431333162131e-05 1.000000000000000021e-08 1.000000000000000021e-08
1.287627590538273727e-04 1.000000000000000021e-08 2.530962447820545543e-05 9.538847129543814353e-05 3.337410544030920321e-04 5.605610080797443408e-04 1.798868597912174974e-03 2.433217271049443846e-03 2.990551841379535634e-03 3.544944621124109137e-03 3.933670012183258097e-03 4.816633667137962781e-03 2.571790887289760255e-02 4.921106016979140928e-03 5.355514407549639457e-03 3.849303320499566656e-03 4.301462231225263583e-03 2.840396898253226814e-03 3.720246256389261354e-03 1.616652401085312551e-02 1.648486974093158960e-02 1.000000000000000021e-08 1.276563006038301940e-05 1.000000000000000021e-08 1.000000000000000021e-08 1.000000000000000021e-08 2.462269853397002915e-05 1.675743988697789267e-05 1.000000000000000021e-08 1.000000000000000021e-08 1.000000000000000021e-08 1.000000000000000021e-08 1.000000000000000021e-08 1.000000000000000021e-08 1.425124771174567189e-05 1.000000000000000021e-08 1.007741459490386596e-05
6.921792599875534733e-05 5.440560414290600895e-05 5.077378704113258678e-05 4.803049000718765695e-05 4.212147119280048121e-05 3.059158649869890323e-05 2.987660842401033764e-05 2.527304914446924235e-05 1.889795148273280814e-05 2.211664624970486915e-05 6.310960490083204494e-04 5.969602531070196134e-04 3.550874962742872057e-04 1.000000000000000021e-08 1.000000000000000021e-08 1.000000000000000021e-08 5.505670663074175263e-04 1.435024007159465588e-04 4.540386113830617229e-04 1.032010073912918366e-02 2.007325571100250158e-02 5.415122664939753944e-03 1.000000000000000021e-08 1.000000000000000021e-08 1.000000000000000021e-08 1.000000000000000021e-08 1.000000000000000021e-08 2.713154455535864574e-05 1.348160703228576426e-05 1.000000000000000021e-08 1.000000000000000021e-08 1.000000000000000021e-08 1.156941648378377939e-05 1.000000000000000021e-08 1.000000000000000021e-08 1.000000000000000021e-08 2.581337080485250607e-05
5.599705441694949537e-05 8.504144939696232550e-05 9.702737450787484396e-05 1.010989761577749059e-04 1.014938676202727715e-04 1.005517485304589364e-04 8.683497983306073266e-05 8.040923288319689363e-05 2.162873843541295894e-04 1.285157048938737653e-04 3.078505416284714859e-04 2.711032300748146919e-04 3.041940264684830399e-04 2.212069342132590480e-04 1.630847842174468123e-04 1.000000000000000021e-08 2.129837748536961430e-05 1.000000000000000021e-08 3.068561214141796991e-04 6.958870476031797994e-03 4.667030393610111655e-02 1.683738955076882066e-02 8.736184964978995664e-05 1.000000000000000021e-08 1.000000000000000021e-08 1.000000000000000021e-08 1.000000000000000021e-08 3.766146823082210679e-05 1.554315150886488201e-05 1.664218673677645715e-05 1.000000000000000021e-08 1.000000000000000021e-08 1.000000000000000021e-08 1.000000000000000021e-08 1.000000000000000021e-08 1.000000000000000021e-08 4.375929323989258572e-05
1.000000000000000021e-08 1.000000000000000021e-08 7.318065258816438884e-05 9.512941960992928536e-05 1.240416505933351194e-04 1.703937982819034096e-04 2.162723330310658513e-04 2.844036019850662003e-04 4.255296721896778458e-04 5.144237051275638321e-04 2.628499383598780848e-04 2.518653796220325820e-04 3.300460399188229850e-04 2.792219838992829719e-04 2.255746806154762291e-04 9.615490244419752370e-05 2.007684080190179858e-05 1.000000000000000021e-08 2.372099530851622226e-04 5.995095698849760811e-03 1.819768657701343120e-02 5.011269708501848302e-02 1.694235232565668298e-02 1.179430663777134578e-04 1.245323645090098421e-05 1.510776905342529512e-05 2.660183888230626954e-05 3.479333003441269196e-05 1.983714012825323582e-05 1.000000000000000021e-08 1.000000000000000021e-08 1.000000000000000021e-08 1.000000000000000021e-08 1.526214525804447475e-05 1.000000000000000021e-08 1.000000000000000021e-08 6.090854506466034487e-05
1.000000000000000021e-08 1.000000000000000021e-08 1.000000000000000021e-08 6.831561790457047248e-05 2.091289887829724317e-03 1.000000000000000021e-08 1.121008284888519355e-05 1.000000000000000021e-08 5.472836731547501470e-05 7.062424590438971242e-05 2.098803242821865422e-04 2.670477273903892066e-04 3.158023305170772586e-04 3.273576474615288523e-04 2.966484413618226826e-04 3.159713250381468354e-03 3.343533398467738528e-05 4.263103807001345598e-04 3.001822134380463373e-04 1.103221950890521420e-03 6.852531511655058196e-05 1.149844193465282029e-02 1.471390617402770253e-02 1.445089901656611102e-02 7.529718128908715702e-05 1.000000000000000021e-08 1.000000000000000021e-08 2.947187279231894372e-05 2.938076141728169954e-05 1.000000000000000021e-08 1.000000000000000021e-08 1.000000000000000021e-08 1.000000000000000021e-08 3.218644223214266973e-05 1.000000000000000021e-08 5.287037642177170997e-05 5.777439033162314953e-05
1.000000000000000021e-08 1.000000000000000021e-08 1.000000000000000021e-08 3.329945687388178585e-05 1.489528965565424057e-04 1.000000000000000021e-08 1.000000000000000021e-08 1.000000000000000021e-08 1.000000000000000021e-08 1.000000000000000021e-08 2.218797157780870238e-04 5.115514143071379222e-04 6.922248148598719253e-04 6.150812863476994193e-04 5.491123024383333124e-04 7.440834065510060604e-04 1.981683298357108693e-03 1.218286000467235300e-02 2.825833726322466832e-03 9.943095327429355649e-04 1.390441513462938690e-03 1.118147643112504461e-02 1.335782354901144178e-02 1.403488992901625113e-02 1.295475474146605757e-02 2.419730258733964520e-03 2.558752704933525690e-03 4.287111882983634829e-05 3.162256442870191374e-05 1.000000000000000021e-08 1.000000000000000021e-08 1.000000000000000021e-08 2.690013235167231577e-05 2.987245310343949458e-05 3.951479261659338656e-05 5.012902535753831505e-05 7.608019807947379292e-05
1.000000000000000021e-08 1.000000000000000021e-08 1.000000000000000021e-08 1.000000000000000021e-08 1.552284335449404386e-04 9.760608840156384720e-05 5.661157890096557978e-05 1.000000000000000021e-08 3.476596538433274620e-05 5.199543945153353876e-05 8.313285930479241844e-05 3.321265627180387489e-04 5.875657533173211369e-04 1.046824636542370048e-03 1.448296873400558432e-03 1.487227504085033517e-03 1.304525027189565875e-03 8.399477529992836538e-04 1.459007193202229054e-02 4.006122662337851213e-03 3.456530300525130581e-03 7.306665386100951072e-03 2.099439645292771467e-02 5.390372898535925050e-02 1.655573941333533111e-02 1.092545691001585960e-02 1.197792880274754432e-02 1.276914919605493459e-04 2.469355365791370388e-05 1.767356090035154717e-05 1.544899483297654144e-05 1.425049116799688325e-05 8.984051669870698033e-05 4.680049103196099488e-05 1.000000000000000021e-08 4.688452713023718590e-05 9.753480794605846372e-05
1.606922579490569836e-04 1.303156307115675694e-04 2.181644946639611261e-04 1.000000000000000021e-08 9.911771742229613755e-05 1.246794352955552334e-04 1.512169294446572487e-04 2.382376619589120584e-04 3.928087042819707118e-04 3.512482249758857081e-04 5.580061493306489716e-04 5.333965309596852902e-04 4.960782758328630094e-04 4.517632467442751223e-04 3.372718725785029325e-04 2.211843633882295569e-04 1.000000000000000021e-08 3.065006007127947974e-04 1.350156918779840437e-04 1.511343928142345160e-04 2.922752859548279075e-05 4.762936802944505756e-03 9.363369242617542235e-03 2.558478877688603881e-02 2.269224685558572999e-02 2.776154310412631485e-02 1.607575120718015005e-01 1.577607827097936288e-01 3.438686131619120810e-04 5.310488424690478133e-05 6.915117906050569671e-05 1.000000000000000021e-08 1.104456956519338749e-02 1.060451451353959518e-02 1.294959864770656762e-04 1.000000000000000021e-08 9.142972172448716192e-05
1.946241514934733433e-05 2.447729576337589466e-04 3.758022403644537142e-04 1.000000000000000021e-08 1.000000000000000021e-08 1.000000000000000021e-08 1.000000000000000021e-08 1.348820771382884568e-05 2.099350354408173019e-05 5.430924042124597381e-04 3.686035202180612904e-04 2.507631321412289328e-05 1.131237375830433490e-05 2.333645589217492054e-05 6.713126346304253860e-05 7.672401037299473269e-05 8.227813611866472093e-05 7.705118476307534108e-05 5.527172134213208319e-05 1.176041574779994526e-04 5.139218395003600226e-03 6.880238094675437954e-03 1.213564233087924271e-02 1.171960267555457146e-02 1.722783591308977777e-02 2.062654606704233951e-02 1.521558540292272665e-01 1.447156823165316464e-01 1.123146057302721879e-01 4.795594077672504785e-02 4.359731029195681312e-02 4.249275364542819816e-02 3.667994398996911320e-02 3.697625062188075046e-02 5.471347278973524852e-02 5.389959343010199827e-02 8.947161415477803770e-04
4.457714485623015044e-05 2.063299908077038253e-03 2.329785070993610312e-03 2.534153114328500586e-03 2.062149365536034836e-05 1.000000000000000021e-08 1.000000000000000021e-08 1.000000000000000021e-08 1.000000000000000021e-08 3.364458056754129900e-04 2.562099894186471911e-04 1.807634766784232863e-04 1.367100142424398392e-04 1.052022980863183378e-04 9.342007062521883170e-05 8.045933371300969638e-05 5.363896758464823116e-05 1.000000000000000021e-08 1.457017652287401521e-05 1.158010212753431795e-04 1.629102180856957169e-02 2.542563030581765707e-02 1.621734918301482795e-02 1.022027608037749148e-02 6.524670586341979085e-03 4.177426396813806349e-03 2.683729959684365979e-03 1.944563432148648961e-03 1.032987373799195124e-03 7.840829137573048120e-04 5.599702230623100716e-04 1.101821851027187660e-02 1.530838688825401743e-02 2.160892124398398548e-02 1.452437991767710837e-02 5.963173159007372631e-02 3.781767967159779809e-02
9.830087619289726644e-03 1.211972991493419447e-03 1.446990030794137634e-03 3.524997869072538526e-03 2.003269025352366270e-02 1.299764341047461406e-02 2.294975265446932977e-03 1.589859098664516768e-03 1.127056694195239898e-03 5.546094158512020677e-04 2.479767960567577428e-04 1.256882753103984683e-04 7.937638091011287977e-05 4.944045534774221969e-05 8.596260918739290094e-05 1.061073936492143731e-04 3.771429811515508192e-03 2.479560600683632186e-03 1.648821808417471387e-03 2.545350189673514091e-02 5.368959555062426808e-02 1.917799039387044560e-02 1.552502892662684423e-04 2.276676822211469800e-05 1.019716803866679181e-05 1.307084622367671827e-05 1.000000000000000021e-08 1.000000000000000021e-08 1.000000000000000021e-08 1.000000000000000021e-08 1.608596291953909242e-04 3.570895357416797259e-03 6.154671741046746115e-03 4.475811876291874679e-03 3.229086116715869110e-03 2.846380272510995024e-03 3.369652188316441671e-02
2.128475922853240068e-05 1.604587799741152639e-05 1.354351301606931673e-05 2.769963221083096520e-05 1.000000000000000021e-08 3.092664965004452825e-03 4.300948223617239927e-03 4.770286004496145961e-03 2.804754130084598489e-03 1.928738194280962565e-03 1.269430651141229688e-03 8.523362151826017509e-04 5.604198675708764021e-04 3.927984578908863696e-04 1.622582796178616976e-02 2.197481458281898281e-02 1.493309831451667194e-02 2.066682352284051824e-02 2.753487041429408463e-02 2.485854586185391041e-02 8.815558945955594486e-03 3.493503291922789398e-05 1.000000000000000021e-08 1.000000000000000021e-08 1.033046387399762879e-05 1.069597259418463462e-05 1.000000000000000021e-08 1.000000000000000021e-08 1.000000000000000021e-08 9.728756027292650424e-04 1.503565744198965800e-03 1.269732253821676329e-03 1.235911977468665164e-03 1.207786230057919302e-03 6.304718853792754983e-04 6.503671667372769825e-04 1.312652035847064295e-02
2.257240567448971815e-05 3.132340645713473906e-05 3.279084973977407170e-05 6.471440459793693153e-05 1.000000000000000021e-08 1.000000000000000021e-08 1.117418998764577695e-05 5.661554260055758027e-04 1.946477728295987163e-03 2.022103335139510249e-03 1.730192980554101428e-03 1.600580973584568752e-03 5.868526609884442205e-03 7.533299308098073688e-02 4.955069929014892238e-02 1.209876387359660847e-02 8.065596032193813117e-03 7.579107798137931472e-03 1.833634227219664310e-03 3.425399891021421446e-04 1.000000000000000021e-08 1.000000000000000021e-08 1.000000000000000021e-08 1.000000000000000021e-08 1.000000000000000021e-08 1.000000000000000021e-08 1.000000000000000021e-08 1.938937244945901838e-04 1.264192654643509894e-03 1.190171900596243048e-03 1.113061924302379034e-03 5.816690624112897008e-03 6.798932268773087055e-04 5.065394025299332914e-04 5.524562928409546485e-05 4.075702578397788137e-05 7.216745538222508116e-05
8.860380771221490698e-05 8.358400134500947639e-05 1.239998088520754226e-04 2.407888351089711783e-04 3.573013739369234178e-05 1.000000000000000021e-08 1.182536735068186050e-05 2.850818680470169333e-04 1.486720437406076172e-03 2.044940347738047424e-03 1.928195554498083686e-03 1.486973179687930101e-02 1.931529247515769918e-02 2.057777225144136884e-02 1.070652686664300482e-02 1.011032355054277895e-03 1.000000000000000021e-08 2.817386106385678192e-05 1.000000000000000021e-08 1.000000000000000021e-08 1.000000000000000021e-08 1.000000000000000021e-08 1.000000000000000021e-08 1.000000000000000021e-08 1.000000000000000021e-08 1.582932859236587224e-05 1.769797375574308235e-03 1.815008150302704210e-03 1.228604734913200068e-03 8.784979359777853503e-05 1.108679168777137206e-04 1.055166422398560750e-04 3.694321677476877119e-05 1.526655203323867656e-05 2.439293472313690733e-05 1.000000000000000021e-08 1.000000000000000021e-08
