output/water_depth_8640.asc
ncols 223
nrows 158
xllcorner 0.0
yllcorner 0.0
cellsize 30.0
[rows 17 to 33 of 158, columns 111 to 147 of 223]
1.000000000000000021e-08 1.000000000000000021e-08 1.000000000000000021e-08 1.000000000000000021e-08 1.125886995450281396e-05 2.550453590070484632e-05 1.941813916556732418e-05 2.232228909404914926e-05 2.661120862060398001e-05 2.560926105331908984e-05 1.000000000000000021e-08 1.000000000000000021e-08 1.000000000000000021e-08 2.199797466108038301e-05 1.358323842936777174e-05 1.000000000000000021e-08 6.124861217066774818e-05 1.414818399834904205e-04 2.100792255057881209e-04 2.918342041016498451e-04 4.059689684106929314e-04 4.050735648933110992e-04 5.939126354814935600e-05 5.579675117957823554e-05 6.150873355311178923e-05 6.912063172522826945e-05 1.463808457810521300e-03 6.960709923937376080e-03 5.653005028452099193e-03 4.634106388044259111e-05 1.191539573897017701e-05 1.000000000000000021e-08 1.000000000000000021e-08 1.000000000000000021e-08 1.000000000000000021e-08 1.000000000000000021e-08 1.000000000000000021e-08
1.405828092025901756e-05 1.000000000000000021e-08 1.000000000000000021e-08 1.000000000000000021e-08 1.089560406242500052e-05 1.103762425784538907e-05 2.072852685116278272e-05 2.548920754001818037e-05 1.000000000000000021e-08 2.206786161535098024e-05 1.706075845070155507e-05 1.000000000000000021e-08 1.000000000000000021e-08 2.365332500173396562e-05 2.314485338040606503e-05 2.356699775450760986e-05 5.788045837267153304e-05 3.014414805973160698e-04 4.040294577715932323e-04 1.127791893603796811e-03 1.473223842583112723e-03 1.042543235666686628e-02 2.044354915735974859e-03 2.096885755145942026e-03 2.137811201633135847e-03 2.200995218788025318e-03 3.099192990767552641e-02 7.906853755996584923e-03 2.615114212185940727e-05 1.000000000000000021e-08 1.000000000000000021e-08 1.000000000000000021e-08 1.000000000000000021e-08 1.000000000000000021e-08 1.000000000000000021e-08 1.000000000000000021e-08 1.000000000000000021e-08
2.006431787827685204e-05 1.000000000000000021e-08 1.000000000000000021e-08 1.000000000000000021e-08 1.001125084861275356e-05 1.335635079288256423e-05 1.000000000000000021e-08 1.000000000000000021e-08 1.000000000000000021e-08 2.611568114210996615e-05 2.166966390004595338e-05 1.738807205514147268e-05 2.002455433965656505e-05 3.297120870515154951e-05 3.593820555830766028e-05 7.380736220320053371e-04 9.956732288901439052e-04 1.290528331889895111e-03 1.627549059106123261e-03 8.496715596897963301e-04 5.186055150062633017e-05 6.670672155976855395e-05 5.561550377430174961e-05 3.894115869712180117e-05 4.087771674226438432e-05 2.196320719756708259e-04 9.494019768325463390e-03 6.727186570146304371e-05 1.000000000000000021e-08 1.000000000000000021e-08 1.000000000000000021e-08 1.000000000000000021e-08 1.000000000000000021e-08 1.000000000000000021e-08 1.000000000000000021e-08 1.000000000000000021e-08 1.000000000000000021e-08
1.739579672025092538e-05 1.390598709871063939e-05 1.198880769431503321e-05 1.130761620969005041e-05 1.259187513231280640e-05 1.562771677090808703e-05 2.484080142676926969e-04 3.104476107830731976e-04 3.504695223745172943e-04 7.026379483163057871e-04 7.977292092842322565e-04 9.125055403277537638e-04 1.074755951040977896e-03 1.122402218466416390e-03 1.162931843689291684e-03 9.714316031217468030e-04 5.950097707488631376e-05 4.644571154534351984e-05 1.000000000000000021e-08 1.000000000000000021e-08 1.000000000000000021e-08 1.000000000000000021e-08 1.000000000000000021e-08 1.000000000000000021e-08 2.475108965117674519e-05 2.236853770986702667e-04 4.054116376586271858e-02 1.951063627995521177e-05 1.000000000000000021e-08 1.000000000000000021e-08 1.000000000000000021e-08 1.000000000000000021e-08 1.000000000000000021e-08 1.000000000000000021e-08 1.000000000000000021e-08 1.000000000000000021e-08 1.000000000000000021e-08
7.856378860000770971e-05 9.896790124328863267e-05 8.413848663905179560e-05 7.153891792455353837e-05 9.663697948516173492e-05 3.066168012246251189e-04 3.114469133473218181e-04 4.594440836371295987e-04 6.495830567997335544e-04 5.298796258087058817e-04 4.359114587168880770e-04 2.475716828847908477e-04 1.543265867489633395e-04 9.271376767870972274e-05 6.556110541717171422e-05 8.081576977703721569e-05 1.000000000000000021e-08 1.000000000000000021e-08 3.104771290501856333e-05 5.660525976874583847e-05 4.595349728101366129e-05 3.917411717661011141e-05 3.307936376445291262e-05 3.091031403057233230e-05 1.765522276228075177e-05 3.844833030559548546e-05 3.172843073042784512e-02 1.000000000000000021e-08 1.000000000000000021e-08 1.000000000000000021e-08 1.000000000000000021e-08 1.000000000000000021e-08 1.000000000000000021e-08 1.000000000000000021e-08 1.000000000000000021e-08 1.000000000000000021e-08 1.000000000000000021e-08
6.531315897925366054e-05 5.152043061577130686e-05 6.993559429476366954e-05 1.884037651195727794e-04 3.129972573811344973e-04 2.584290009331264757e-04 1.066782918305647702e-05 1.817070659467848984e-05 1.221095416788830964e-05 2.031537137285008591e-05 1.674601164121542211e-05 1.493567346924517474e-05 1.733619477522521286e-05 1.000000000000000021e-08 1.000000000000000021e-08 1.000000000000000021e-08 1.000000000000000021e-08 1.000000000000000021e-08 1.000000000000000021e-08 2.167870416502203242e-05 1.000000000000000021e-08 3.105597014220977105e-05 7.108311214138096276e-05 1.000000000000000021e-08 1.000000000000000021e-08 3.117344945737890888e-05 9.576271647073164930e-03 1.000000000000000021e-08 1.000000000000000021e-08 1.000000000000000021e-08 1.000000000000000021e-08 1.000000000000000021e-08 1.000000000000000021e-08 1.000000000000000021e-08 1.000000000000000021e-08 1.000000000000000021e-08 1.000000000000000021e-08
6.142475311231456294e-05 1.111511586390000281e-04 1.398896497994910992e-04 1.370942014332346610e-04 1.773691829821446024e-04 1.922180583177431534e-04 1.497251791897514909e-04 1.680857018799282834e-05 2.223401856678760752e-05 1.000000000000000021e-08 1.000000000000000021e-08 1.000000000000000021e-08 1.025522028789462782e-05 1.000000000000000021e-08 1.000000000000000021e-08 1.000000000000000021e-08 1.000000000000000021e-08 1.000000000000000021e-08 1.000000000000000021e-08 1.000000000000000021e-08 1.000000000000000021e-08 1.000000000000000021e-08 9.061868037110042031e-05 1.017753360386115899e-04 7.942236890743282660e-05 7.490854121667551546e-05 9.710253638045451829e-03 1.000000000000000021e-08 1.000000000000000021e-08 1.000000000000000021e-08 1.000000000000000021e-08 1.000000000000000021e-08 1.000000000000000021e-08 1.000000000000000021e-08 1.000000000000000021e-08 1.000000000000000021e-08 1.000000000000000021e-08
1.000000000000000021e-08 1.929309557242925641e-05 3.940219206270212729e-05 4.432369803457989480e-05 7.507834252229740580e-05 1.824381366196831404e-04 9.821839591624428824e-05 3.174715672951687368e-04 2.544032753907485932e-05 1.000000000000000021e-08 1.000000000000000021e-08 1.000000000000000021e-08 1.089206866806672981e-05 1.000000000000000021e-08 1.000000000000000021e-08 1.000000000000000021e-08 1.438530222328716477e-05 1.322530378453352191e-05 1.000000000000000021e-08 1.425181057082657253e-05 5.091750648722385926e-05 6.578671651086590803e-05 4.439179658173657658e-05 1.000000000000000021e-08 9.053648061785217265e-05 1.023398112984626797e-04 9.848801722330123576e-03 1.000000000000000021e-08 1.000000000000000021e-08 1.000000000000000021e-08 1.000000000000000021e-08 1.000000000000000021e-08 1.000000000000000021e-08 1.000000000000000021e-08 1.000000000000000021e-08 1.000000000000000021e-08 1.000000000000000021e-08
1.000000000000000021e-08 2.669943663489993463e-05 1.000000000000000021e-08 4.554572531116656058e-05 5.583961635118878114e-05 6.002979461467895122e-05 1.585858801239231099e-03 4.273520644962626978e-04 1.000000000000000021e-08 1.000000000000000021e-08 1.000000000000000021e-08 1.000000000000000021e-08 1.000000000000000021e-08 1.119782326748593982e-05 2.582793494399773863e-05 1.828734361827488575e-05 2.040369692935404470e-05 2.764977445673947717e-05 4.469527919947760894e-05 6.009107872402758618e-05 5.786722329979305791e-05 4.688051332680622435e-05 1.000000000000000021e-08 1.000000000000000021e-08 2.948940427426189256e-05 1.411149426322119693e-04 3.460952300137459803e-02 1.000000000000000021e-08 1.000000000000000021e-08 1.000000000000000021e-08 1.000000000000000021e-08 1.000000000000000021e-08 1.000000000000000021e-08 1.000000000000000021e-08 1.000000000000000021e-08 1.000000000000000021e-08 1.000000000000000021e-08
3.002733818735389649e-05 3.534249873875016317e-05 4.769193913733991758e-05 5.406826586942573666e-05 5.823607490272557211e-05 4.538931062076487677e-05 3.899153196717287408e-05 2.113659430392834590e-03 2.301636324691999833e-05 1.000000000000000021e-08 1.000000000000000021e-08 1.000000000000000021e-08 1.000000000000000021e-08 1.058298792507108668e-05 1.647319582341125131e-05 1.000000000000000021e-08 1.000000000000000021e-08 1.040536370557358561e-05 1.347686731684965293e-05 2.819440576627762495e-05 2.292791129156658699e-05 1.000000000000000021e-08 1.221419231962485247e-05 2.365413643942143105e-05 2.000466836186183059e-05 2.064982953534997553e-05 9.499359724080292874e-03 6.740622234339103611e-03 6.150460589514464976e-03 2.852229094639508120e-05 1.000000000000000021e-08 1.000000000000000021e-08 1.000000000000000021e-08 1.000000000000000021e-08 1.000000000000000021e-08 1.000000000000000021e-08 1.000000000000000021e-08
2.499149622390559923e-05 2.936313243853504642e-05 3.001517183963146244e-05 2.997045346993370147e-05 3.472166890320465789e-05 1.000000000000000021e-08 1.000000000000000021e-08 1.000000000000000021e-08 1.000000000000000021e-08 1.000000000000000021e-08 1.000000000000000021e-08 1.027848272633175925e-05 1.382915931553511517e-05 1.552334025220124486e-05 2.004782045110554571e-05 1.402569148451978881e-05 1.368678714932347749e-05 1.000000000000000021e-08 1.000000000000000021e-08 1.000000000000000021e-08 1.000000000000000021e-08 1.000000000000000021e-08 1.000000000000000021e-08 1.000000000000000021e-08 1.000000000000000021e-08 1.000000000000000021e-08 1.619260208888730719e-03 1.677147600572464949e-03 5.160110075645395200e-03 5.351953604837304812e-03 1.506641250000983860e-05 1.000000000000000021e-08 1.000000000000000021e-08 1.000000000000000021e-08 1.000000000000000021e-08 1.000000000000000021e-08 1.000000000000000021e-08
3.315713317760602931e-05 2.069762419917969471e-05 1.430069720302173260e-05 1.012491584550050163e-05 1.000000000000000021e-08 1.000000000000000021e-08 1.000000000000000021e-08 1.091032685347120979e-05 1.080454005233930666e-05 1.574839316467832012e-05 3.617856497127061816e-05 5.322132430122406964e-05 4.592837962159426925e-05 6.110583411881579839e-05 6.044735401169948417e-05 1.050295569740553102e-04 7.103513515319751219e-05 1.033989123867373576e-04 6.990152858526511078e-05 6.279217991593885476e-05 5.897662910807981141e-05 4.410140995458352822e-05 3.897923456928295707e-05 2.796895221926260118e-05 1.000000000000000021e-08 1.000000000000000021e-08 1.975003242439432756e-04 5.785533985386537813e-04 4.226829294013551008e-03 7.295021785065444568e-03 1.459243871842158188e-03 1.000000000000000021e-08 1.000000000000000021e-08 1.000000000000000021e-08 1.000000000000000021e-08 1.000000000000000021e-08 1.000000000000000021e-08
2.887164785395119566e-05 3.446060078888395250e-05 2.801500852080411364e-05 2.668433508233389662e-05 2.625204014226718437e-05 2.410048216825079080e-05 1.908335826173543319e-05 1.930632709762574015e-05 2.044630725225428592e-05 2.375777436855533849e-05 1.221538475740399961e-05 1.169684028339656398e-05 2.947419021102817821e-05 3.582328917167188382e-05 7.343146270167486250e-05 9.525421691351230503e-05 1.128636260118479301e-04 1.271633884610304753e-04 1.329267125789684683e-04 1.062102094181063925e-04 9.232281484010358219e-05 9.993048448207709697e-05 8.198122810314836242e-05 7.631301422376947331e-05 5.937624664523953973e-05 5.280477321742726483e-05 1.532032930561804545e-04 5.771148747246767968e-04 8.550944730388676616e-04 5.913649271812562030e-03 5.747014408156642107e-03 3.363826537040632577e-05 1.000000000000000021e-08 1.000000000000000021e-08 1.000000000000000021e-08 1.000000000000000021e-08 1.000000000000000021e-08
2.452005384938581235e-05 3.340192852084244247e-05 1.000000000000000021e-08 2.296625754080429882e-05 3.067118478314242595e-05 1.000000000000000021e-08 2.177509865811528807e-05 1.000000000000000021e-08 1.929313577420492813e-05 1.926202587173634598e-05 1.716016285036363142e-05 1.884698241415989873e-05 3.064220280603816021e-05 1.000000000000000021e-08 1.000000000000000021e-08 1.000000000000000021e-08 1.083306034051691987e-05 1.000000000000000021e-08 7.406883535554432301e-05 9.612178525884817711e-05 9.664657214030576357e-05 9.311381894502388369e-05 9.937553488362387325e-05 8.626918293422694041e-05 9.488797449581535615e-05 8.487132476933057705e-05 1.000000000000000021e-08 1.748353235663103306e-04 7.262882858951970116e-04 1.339872531206914808e-03 8.251904965499922209e-03 4.473478568874727324e-05 1.000000000000000021e-08 1.000000000000000021e-08 1.000000000000000021e-08 1.000000000000000021e-08 1.000000000000000021e-08
1.000000000000000021e-08 2.643671304393151904e-05 2.757673076883335631e-05 1.000000000000000021e-08 2.392816420372148036e-05 1.964971662703899184e-05 2.694393638067752123e-05 1.777288052458801174e-05 1.000000000000000021e-08 1.000000000000000021e-08 1.000000000000000021e-08 2.787158663883890748e-05 3.672060060827455480e-05 1.000000000000000021e-08 1.000000000000000021e-08 1.000000000000000021e-08 1.000000000000000021e-08 1.000000000000000021e-08 3.618611734629571434e-05 1.000000000000000021e-08 6.525595220838837588e-05 8.742716567942078660e-05 9.746465500228162116e-05 1.041345969986201385e-04 9.997857180688006788e-05 1.365188061094197174e-04 8.908216315319632814e-05 1.489505792812938743e-04 2.649434649220492244e-04 1.118108351919407713e-03 2.174654786948712181e-03 2.853008685249824525e-03 1.372745462753535290e-05 1.000000000000000021e-08 1.000000000000000021e-08 1.000000000000000021e-08 1.000000000000000021e-08
1.000000000000000021e-08 1.000000000000000021e-08 3.813041647856342417e-05 5.787050380705226964e-05 1.000000000000000021e-08 1.000000000000000021e-08 2.287070689221815784e-05 3.071784968865104719e-05 2.707221659304947617e-05 2.602964116866163865e-05 1.000000000000000021e-08 2.948313259428159876e-05 1.000000000000000021e-08 1.000000000000000021e-08 1.000000000000000021e-08 1.000000000000000021e-08 1.000000000000000021e-08 1.000000000000000021e-08 1.000000000000000021e-08 1.000000000000000021e-08 1.000000000000000021e-08 1.000000000000000021e-08 6.581473530637605319e-05 1.000000000000000021e-08 1.000000000000000021e-08 1.000000000000000021e-08 1.000000000000000021e-08 4.505453763427271950e-05 2.594362962176696838e-04 4.170777502566461615e-04 1.809370433566631197e-03 8.138708402822561472e-03 4.126523670554101066e-05 1.000000000000000021e-08 1.000000000000000021e-08 1.000000000000000021e-08 1.000000000000000021e-08
1.000000000000000021e-08 1.000000000000000021e-08 1.000000000000000021e-08 1.205947264897992755e-05 2.091181437111813143e-05 2.356558235662316902e-05 3.836444138751498516e-05 5.603666526793175690e-05 5.480480077903834049e-05 5.886648761252053982e-05 1.000000000000000021e-08 1.000000000000000021e-08 1.000000000000000021e-08 1.000000000000000021e-08 1.000000000000000021e-08 1.000000000000000021e-08 1.000000000000000021e-08 1.000000000000000021e-08 1.000000000000000021e-08 1.000000000000000021e-08 1.000000000000000021e-08 1.000000000000000021e-08 1.000000000000000021e-08 1.000000000000000021e-08 1.000000000000000021e-08 1.000000000000000021e-08 1.000000000000000021e-08 3.772619419981227535e-05 2.230477043201780881e-04 3.582317400467829481e-04 1.437543690261347757e-03 5.939512922474263733e-03 5.275334559428971476e-03 1.421493676129848329e-05 1.000000000000000021e-08 1.000000000000000021e-08 1.000000000000000021e-08
