output/water_depth_7920.asc
ncols 223
nrows 158
xllcorner 0.0
yllcorner 0.0
cellsize 30.0
[rows 102 to 118 of 158, columns 185 to 221 of 223]
1.377741256999644677e-05 1.501910328071354389e-05 1.888863690325665566e-05 1.998965269368383049e-05 1.000000000000000021e-08 1.000000000000000021e-08 2.913900026852550909e-02 2.010124492342176550e-01 2.576824000844140858e-03 3.691247378304970831e-04 2.582375214051882049e-04 1.097948358471660028e-04 8.627860439582196760e-05 8.790576061819846366e-05 9.540473456249105768e-05 1.008789089113065079e-04 3.211122088453484294e-05 1.489027336298498847e-05 1.130749572587094660e-05 1.000000000000000021e-08 1.000000000000000021e-08 1.000000000000000021e-08 1.000000000000000021e-08 1.000000000000000021e-08 1.000000000000000021e-08 1.000000000000000021e-08 1.000000000000000021e-08 1.000000000000000021e-08 1.000000000000000021e-08 1.282277694512224378e-05 1.000000100000000021e-05 1.000000100000000021e-05 1.000000100000000021e-05 1.000000100000000021e-05 1.000000100000000021e-05 1.000000100000000021e-05 1.000000100000000021e-05
2.285207662388944445e-05 1.999269402507893061e-05 3.628048630673995215e-05 3.635161451725887471e-05 3.072290606567372375e-05 1.000000000000000021e-08 7.807471404210819185e-03 1.170327949996096822e-01 9.398907830743440583e-04 1.275397302320823215e-04 1.765742819915592609e-04 2.412989876446799129e-04 2.138134794775459722e-04 1.699665236493207556e-04 1.265875443211290495e-04 5.037271821599994973e-05 1.446396961593980407e-04 3.091368726640889703e-05 2.929349912455857396e-05 1.811258246522432254e-05 1.000000000000000021e-08 1.000000000000000021e-08 1.000000000000000021e-08 1.000000000000000021e-08 1.000000000000000021e-08 1.000000000000000021e-08 1.000000000000000021e-08 1.000000000000000021e-08 1.000000000000000021e-08 1.000000000000000021e-08 1.000000100000000021e-05 1.000000100000000021e-05 1.000000100000000021e-05 1.000000100000000021e-05 1.000000100000000021e-05 1.000000100000000021e-05 1.000000100000000021e-05
1.000000000000000021e-08 1.000000000000000021e-08 1.000000000000000021e-08 1.000000000000000021e-08 1.447481434094479357e-04 4.217195727893387029e-03 2.766630892582140899e-01 1.179358628089187677e-01 1.996041678424386595e-04 1.000000000000000021e-08 1.000000000000000021e-08 1.000000000000000021e-08 1.000000000000000021e-08 1.000000000000000021e-08 1.000000000000000021e-08 9.737773720313996353e-05 2.688436021564047092e-04 7.245943361067367164e-05 6.137189871969267929e-05 4.028915090351059390e-05 2.505920280744583351e-05 1.178128007426869802e-05 1.000000000000000021e-08 1.000000000000000021e-08 1.000000000000000021e-08 1.000000000000000021e-08 1.000000000000000021e-08 1.000000000000000021e-08 1.000000000000000021e-08 1.000000000000000021e-08 1.000000100000000021e-05 1.000000100000000021e-05 1.000000100000000021e-05 1.000000100000000021e-05 1.000000100000000021e-05 1.000000100000000021e-05 1.000000100000000021e-05
1.000000000000000021e-08 1.000000000000000021e-08 1.000000000000000021e-08 1.000000000000000021e-08 6.746309690499368216e-04 1.799445834525142118e-01 2.102030719340369225e-01 1.104924545115218150e-04 1.226031939117415918e-05 1.730734519219262875e-05 1.404244990516296542e-05 1.133681888753348934e-05 1.000000000000000021e-08 1.000000000000000021e-08 2.589043236819362412e-05 4.093817800261394398e-05 6.115319837738200127e-03 4.875349938079230519e-05 1.000000000000000021e-08 1.000000000000000021e-08 1.000000000000000021e-08 1.000000000000000021e-08 1.000000000000000021e-08 1.000000000000000021e-08 1.000000000000000021e-08 1.000000000000000021e-08 1.513933406552889696e-05 1.196970547276195302e-05 1.000000000000000021e-08 1.000000000000000021e-08 1.000000100000000021e-05 1.000000100000000021e-05 1.000000100000000021e-05 1.000000100000000021e-05 1.000000100000000021e-05 1.000000100000000021e-05 1.000000100000000021e-05
8.914320796932746565e-05 7.000190736599993179e-05 1.000000000000000021e-08 1.000000000000000021e-08 3.112937843911168134e-04 1.570892009178084248e-01 1.744557902649505055e-01 1.371542804240700954e-04 8.434634229345839727e-05 6.769426087525326334e-05 4.357127619460771198e-05 2.979287520578390567e-05 2.423920434585924370e-05 3.360181519268441188e-05 1.000000000000000021e-08 1.914335122583103838e-05 5.225385926499250509e-03 9.182941764994917531e-05 1.000000000000000021e-08 1.000000000000000021e-08 1.000000000000000021e-08 1.000000000000000021e-08 1.000000000000000021e-08 1.000000000000000021e-08 1.000000000000000021e-08 1.000000000000000021e-08 1.000000000000000021e-08 4.068115811598302666e-05 2.728295317645696401e-05 1.580723093731163520e-05 1.000000100000000021e-05 1.000000100000000021e-05 1.000000100000000021e-05 1.000000100000000021e-05 1.000000100000000021e-05 1.000000100000000021e-05 1.000000100000000021e-05
4.998941353400567563e-05 9.129828897660332665e-05 8.559987950023295513e-05 8.144927165336414963e-05 4.103329103171797238e-04 9.554916928267558063e-02 1.258214152680101616e-01 2.022199749656145655e-05 1.000000000000000021e-08 1.717540300718210734e-05 1.000000000000000021e-08 6.993843843085769296e-05 6.549886585147789316e-05 1.774671752451266108e-05 1.000000000000000021e-08 1.000000000000000021e-08 7.907763786517161891e-04 1.226101334246219301e-04 1.233697998191968660e-04 1.504174839686097287e-04 1.278581477980836485e-04 1.067525682390358326e-04 8.466121994518240935e-05 6.610544752155986736e-05 4.566718576080272426e-05 2.702835993765057986e-05 1.303978116752615404e-05 1.000000000000000021e-08 1.000000000000000021e-08 1.000000100000000021e-05 1.000000100000000021e-05 1.000000100000000021e-05 1.000000100000000021e-05 1.000000100000000021e-05 1.000000100000000021e-05 1.000000100000000021e-05 1.000000100000000021e-05
3.137638885164184375e-05 3.552865737470603730e-05 6.531841311736042994e-05 1.000000000000000021e-08 8.335727360178774850e-04 2.355040119103819496e-01 4.302479590920482017e-02 1.000000000000000021e-08 2.677854502774212569e-05 2.512739825721392505e-05 2.478377061870651497e-05 1.589796019147265814e-05 1.000000000000000021e-08 1.000000000000000021e-08 1.000000000000000021e-08 1.000000000000000021e-08 8.563930074494184672e-04 1.556318747802182213e-04 8.968142009684223874e-05 2.546751647502609565e-05 2.369389855027828959e-05 1.976579861636173282e-05 1.860957839766365452e-05 1.503851417396838201e-05 1.402526846638955634e-05 1.292044322394028342e-05 1.000000000000000021e-08 1.000000000000000021e-08 1.000000000000000021e-08 1.000000100000000021e-05 1.000000100000000021e-05 1.000000100000000021e-05 1.000000100000000021e-05 1.000000100000000021e-05 1.000000100000000021e-05 1.000000100000000021e-05 1.000000100000000021e-05
1.496040278163096392e-05 3.797332241783140327e-05 7.428818303491044751e-05 1.039032225420112110e-04 1.641225676140045109e-01 1.726852227288732389e-01 1.440019751287808514e-01 4.266918873272373329e-04 1.000000000000000021e-08 2.349842136610145251e-05 1.226436560427446833e-05 1.000000000000000021e-08 2.654589545361344725e-05 1.000000000000000021e-08 1.000000000000000021e-08 1.448820209314910269e-05 9.789211171707551742e-03 2.179656663227843606e-04 5.058028655608810326e-05 1.000000000000000021e-08 1.000000000000000021e-08 1.000000000000000021e-08 1.000000000000000021e-08 1.000000000000000021e-08 1.000000000000000021e-08 1.000000000000000021e-08 1.000000000000000021e-08 1.000000000000000021e-08 1.000000000000000021e-08 1.000000100000000021e-05 1.000000100000000021e-05 1.000000100000000021e-05 1.000000100000000021e-05 1.000000100000000021e-05 1.000000100000000021e-05 1.000000100000000021e-05 1.000000100000000021e-05
1.000000000000000021e-08 1.000000000000000021e-08 1.000000000000000021e-08 1.156091070137753475e-05 1.288751938057798506e-05 9.174051007379195599e-02 6.981350813573655723e-02 4.834163418541095490e-04 1.000000000000000021e-08 1.000000000000000021e-08 1.000000000000000021e-08 1.000000000000000021e-08 1.000000000000000021e-08 1.000000000000000021e-08 2.928958478049574569e-05 5.640772539892608545e-03 7.079236173656984661e-03 2.602274032625709468e-05 3.401092577901140227e-05 1.000000000000000021e-08 1.000000000000000021e-08 1.000000000000000021e-08 1.000000000000000021e-08 1.000000000000000021e-08 1.000000000000000021e-08 1.536910216798409968e-05 1.269732186769535241e-05 1.214300142603680646e-05 1.467199763586414839e-05 1.000000100000000021e-05 1.000000100000000021e-05 1.000000100000000021e-05 1.000000100000000021e-05 1.000000100000000021e-05 1.000000100000000021e-05 1.000000100000000021e-05 1.000000100000000021e-05
1.000000000000000021e-08 1.000000000000000021e-08 1.000000000000000021e-08 1.000000000000000021e-08 1.000000000000000021e-08 5.514597158749399292e-02 1.101917434749993818e-01 7.440967584964841260e-04 1.000000000000000021e-08 1.010686643978862884e-05 1.000000000000000021e-08 1.000000000000000021e-08 1.000000000000000021e-08 1.000000000000000021e-08 1.000000000000000021e-08 8.491442173641801762e-04 1.272746915193441811e-03 1.000000000000000021e-08 1.000000000000000021e-08 2.187177394328405461e-05 1.940461232580516858e-05 1.272116034397511120e-05 1.000000000000000021e-08 2.436740926918829489e-05 2.228004795644102722e-05 2.009615040392582369e-05 1.524334466765502895e-05 1.114625951987694901e-05 1.000000000000000021e-08 1.000000100000000021e-05 1.000000100000000021e-05 1.000000100000000021e-05 1.000000100000000021e-05 1.000000100000000021e-05 1.000000100000000021e-05 1.000000100000000021e-05 1.000000100000000021e-05
1.000000000000000021e-08 1.000000000000000021e-08 1.000000000000000021e-08 1.000000000000000021e-08 1.000000000000000021e-08 2.963379527539999891e-02 1.302503960066027366e-01 6.939689364560767395e-04 1.382206369294908198e-05 1.218679046349806106e-05 1.000000000000000021e-08 1.000000000000000021e-08 1.000000000000000021e-08 1.000000000000000021e-08 1.000000000000000021e-08 1.331716482980709829e-03 9.525115359167288156e-05 1.000000000000000021e-08 6.001499665758783128e-05 1.000000000000000021e-08 1.088725077026293752e-05 1.414036549936504204e-05 1.000000000000000021e-08 1.000000000000000021e-08 2.663918377408426501e-05 1.989567477822722647e-05 1.657142305647997551e-05 1.003312829587684550e-05 1.000000000000000021e-08 1.000000100000000021e-05 1.000000100000000021e-05 1.000000100000000021e-05 1.000000100000000021e-05 1.000000100000000021e-05 1.000000100000000021e-05 1.000000100000000021e-05 1.000000100000000021e-05
2.277401805673679813e-04 1.969572934292920319e-04 1.727383506466346379e-04 1.000000000000000021e-08 1.974477714538513978e-05 3.685157042370481584e-01 3.701679481843728192e-01 3.287005766255120531e-01 1.000000000000000021e-08 1.000000000000000021e-08 1.000000000000000021e-08 1.000000000000000021e-08 1.000000000000000021e-08 1.515830552356690307e-05 1.504116224596733012e-02 2.104675327058800911e-03 1.181359335762250404e-04 1.000000000000000021e-08 1.233350399705539569e-05 1.000000000000000021e-08 1.000000000000000021e-08 2.505465077209451845e-05 3.708993283009545921e-05 4.350000164206152770e-05 4.367848450188742615e-05 2.732938392687104035e-05 2.047750204752507439e-05 1.133250560962305694e-05 1.000000000000000021e-08 1.000000100000000021e-05 1.000000100000000021e-05 1.000000100000000021e-05 1.000000100000000021e-05 1.000000100000000021e-05 1.000000100000000021e-05 1.000000100000000021e-05 1.000000100000000021e-05
1.493083425756313865e-01 1.575246072296281608e-01 1.646534882869299665e-01 1.712355415527316849e-01 1.776931301348562697e-01 3.768953368064331122e-01 3.668716234362592865e-01 2.969587066500115058e-01 2.029907151409617028e-01 1.000000000000000021e-08 1.533068265785233591e-05 1.297591458900268172e-05 1.000000000000000021e-08 1.000000000000000021e-08 1.167845510624255893e-02 3.564707887899023261e-04 1.310161461095979928e-04 1.000000000000000021e-08 1.000000000000000021e-08 1.000000000000000021e-08 1.000000000000000021e-08 5.522910128043536211e-05 5.934609360191433651e-05 4.804243180780820414e-05 5.365245065242676671e-05 5.989038766595609659e-05 4.103337326140278906e-05 2.401019501438850692e-05 1.183883233319461972e-05 1.000000100000000021e-05 1.000000100000000021e-05 1.000000100000000021e-05 1.000000100000000021e-05 1.000000100000000021e-05 1.000000100000000021e-05 1.000000100000000021e-05 1.000000100000000021e-05
1.619821794119878991e-02 1.106398342716036730e-02 7.146240793428788700e-03 4.677284480472564815e-03 3.093863390732672861e-03 2.320766997295314622e-03 2.335347279886948457e-03 1.916014180625819352e-01 5.128906494225474733e-01 4.002150813359312553e-01 1.642185627570898199e-02 4.619564237422882943e-04 5.049088285008314554e-05 1.671909364100957352e-04 1.541485304178840743e-03 2.111897511191275891e-04 3.113778006268404702e-05 5.333997622752792547e-05 7.061253023239620543e-05 7.158236447386342332e-05 8.727872564173616587e-05 1.029635472548685881e-04 4.422987191259718915e-05 1.000000000000000021e-08 3.464226218184684856e-05 1.401728433488117913e-05 1.000000000000000021e-08 1.000000000000000021e-08 1.000000000000000021e-08 1.000000100000000021e-05 1.000000100000000021e-05 1.000000100000000021e-05 1.000000100000000021e-05 1.000000100000000021e-05 1.000000100000000021e-05 1.000000100000000021e-05 1.000000100000000021e-05
1.000000000000000021e-08 1.000000000000000021e-08 1.000000000000000021e-08 1.000000000000000021e-08 2.499507677680926567e-05 1.000000000000000021e-08 1.000000000000000021e-08 7.956811749793329036e-04 3.612850510782080176e-03 2.076484022634171311e-01 2.197296177982531462e-01 7.198072293786837543e-03 2.512069135916163327e-04 1.254915570634814251e-04 1.360545295069410859e-03 1.704528962596976705e-04 1.459866331500035848e-04 1.782383775899546070e-04 2.114929025535329423e-04 1.839431653110244964e-04 1.317685577600823858e-04 6.670256729118872812e-05 5.330259079536582079e-05 1.000000000000000021e-08 3.350017949676588807e-05 1.638055204273677532e-05 1.000000000000000021e-08 1.000000000000000021e-08 1.000000000000000021e-08 1.000000100000000021e-05 1.000000100000000021e-05 1.000000100000000021e-05 1.000000100000000021e-05 1.000000100000000021e-05 1.000000100000000021e-05 1.000000100000000021e-05 1.000000100000000021e-05
1.000000000000000021e-08 1.000000000000000021e-08 1.000000000000000021e-08 1.000000000000000021e-08 1.423800761070200753e-05 7.910244020935574324e-04 1.000000000000000021e-08 1.000000000000000021e-08 1.000000000000000021e-08 1.055219918618788139e-01 4.225667295148973213e-01 3.943492074291695682e-01 4.171666912921581302e-04 1.989968090153679118e-04 1.107747065116502757e-03 3.241397366335229324e-04 1.982117853058151715e-04 1.272077402907316598e-04 4.647826773435311134e-05 4.622923323504496629e-05 4.164563202582357551e-05 4.582754617343693526e-05 5.163666115084103648e-05 5.910908032131221602e-05 4.476163446946837169e-05 1.546758677541801831e-05 1.000000000000000021e-08 1.000000000000000021e-08 1.000000100000000021e-05 1.000000100000000021e-05 1.000000100000000021e-05 1.000000100000000021e-05 1.000000100000000021e-05 1.000000100000000021e-05 1.000000100000000021e-05 1.000000100000000021e-05 1.000000100000000021e-05
2.117978335260990589e-05 2.350168453640387678e-05 1.000000000000000021e-08 1.000000000000000021e-08 1.000000000000000021e-08 7.992542065413995721e-05 1.255829881925686045e-04 5.895799367449285208e-05 8.139267718296623296e-04 3.652116802677750629e-01 3.904239791706350382e-01 3.689795923883000817e-01 3.724478418776061006e-01 7.739576118415722288e-04 1.375355718627535660e-04 5.161208798522937228e-05 4.892833218042189173e-05 4.502826372099625663e-05 3.512042977598728229e-05 1.508461018022186719e-05 1.845932325655652616e-05 1.748639769561501431e-05 1.881856406423395876e-05 1.000000000000000021e-08 1.000000000000000021e-08 1.077337552198352265e-05 1.059550202546357146e-05 1.000000000000000021e-08 1.000000100000000021e-05 1.000000100000000021e-05 1.000000100000000021e-05 1.000000100000000021e-05 1.000000100000000021e-05 1.000000100000000021e-05 1.000000100000000021e-05 1.000000100000000021e-05 1.000000100000000021e-05
