output/water_depth_8160.asc
ncols 223
nrows 158
xllcorner 0.0
yllcorner 0.0
cellsize 30.0
[rows 85 to 101 of 158, columns 111 to 147 of 223]
4.240439381236212448e-04 8.257142247551141128e-04 8.814516025889995330e-04 7.402602294510791936e-04 5.851994325080592122e-04 1.340447737354264163e-04 1.970667717038357620e-04 2.267218803336339822e-03 6.342986373667755702e-03 1.513280762340703028e-03 2.366995701772019666e-04 1.588896552687318832e-04 1.072130768812423442e-04 1.023676787031850067e-04 5.940122012425670889e-05 3.894146983763525390e-05 3.641820023571977201e-05 4.791472413889895924e-05 1.000000000000000021e-08 1.000000000000000021e-08 1.000000000000000021e-08 1.000000000000000021e-08 1.063041540197053189e-04 4.873615360585215446e-05 1.000000000000000021e-08 1.000000000000000021e-08 1.000000000000000021e-08 4.551428632028256522e-05 4.725203025282392855e-05 2.590004363133434061e-05 1.000000000000000021e-08 1.000000000000000021e-08 1.000000000000000021e-08 1.000000000000000021e-08 1.000000000000000021e-08 3.967257706509997147e-05 1.650694509926572154e-05
6.120502761279156137e-04 4.088618413530477791e-04 3.941165683783115443e-05 9.420829475306452918e-05 7.129777686949748073e-04 7.705970025073373636e-05 2.233822552583677166e-04 1.639321485608129670e-03 7.388973989374670800e-03 1.080215564235432720e-03 1.199150948471011674e-04 1.301400168919673687e-04 1.266723985634245154e-04 1.000000000000000021e-08 1.000000000000000021e-08 3.721922923070300655e-05 4.948840250156312363e-05 7.583323771267131482e-05 1.000000000000000021e-08 1.000000000000000021e-08 1.000000000000000021e-08 1.000000000000000021e-08 1.466836333604485787e-04 6.010730503015083569e-05 1.909691634207888783e-05 1.965527202597001466e-05 1.000000000000000021e-08 5.214288014039442055e-05 2.713866594353053793e-05 1.467031625724547943e-05 1.000000000000000021e-08 1.000000000000000021e-08 1.000000000000000021e-08 1.000000000000000021e-08 1.000000000000000021e-08 2.163001242667958340e-05 1.268586353274002581e-05
7.925802595153613262e-05 3.331401290248643183e-05 1.000000000000000021e-08 7.519397970359287915e-05 5.248177116992755898e-04 7.843345197026833698e-04 2.611318870621453137e-04 2.658383547583121828e-02 1.089360945346052635e-02 8.340210253640784619e-04 1.000000000000000021e-08 8.486580087392648372e-05 1.000000000000000021e-08 1.000000000000000021e-08 1.000000000000000021e-08 3.348146290029790662e-05 7.255887034974731588e-05 7.119341949686883609e-05 4.667560101473458556e-05 1.433342144347277803e-05 1.000000000000000021e-08 9.870540666140546174e-05 1.430606241799578851e-04 1.026806023627274190e-04 4.568622176910992820e-05 2.763644459097953132e-05 1.728312890740735900e-05 1.000000000000000021e-08 1.000000000000000021e-08 1.000000000000000021e-08 1.000000000000000021e-08 1.000000000000000021e-08 1.000000000000000021e-08 1.000000000000000021e-08 1.000000000000000021e-08 1.000000000000000021e-08 1.000000000000000021e-08
1.009639544216353271e-04 1.000000000000000021e-08 1.000000000000000021e-08 1.000000000000000021e-08 3.609340368872142411e-04 4.352886005799644061e-05 4.092071366402937662e-05 1.239646331219312661e-05 1.175454892002294853e-02 6.352356496496569310e-04 1.000000000000000021e-08 6.280976289419431093e-05 4.747953711127921050e-05 4.280707556693859653e-05 4.063531568823722907e-05 5.083988559835088395e-05 7.648242003725861391e-05 1.238491457203977570e-04 4.203131977220719227e-05 1.021285977784214304e-04 1.051592771087637925e-04 1.597393873680426682e-04 1.564712409254163765e-04 4.198557617379916103e-05 2.624933560635877284e-05 2.279120481830018076e-05 2.190669144165638575e-05 2.644210636180437229e-05 1.426025010758099010e-05 1.000000000000000021e-08 1.000000000000000021e-08 1.000000000000000021e-08 1.000000000000000021e-08 1.000000000000000021e-08 1.000000000000000021e-08 1.000000000000000021e-08 1.000000000000000021e-08
1.874342710546491523e-04 1.277204499142969569e-05 1.000000000000000021e-08 1.000000000000000021e-08 1.195888239702621521e-05 7.648508042862939749e-05 1.308278624071268545e-05 4.197257835784313449e-05 7.476924835076176855e-03 6.961322759517418399e-03 4.858261686971540719e-05 4.328308978868389235e-05 1.000000000000000021e-08 1.000000000000000021e-08 1.000000000000000021e-08 1.000000000000000021e-08 1.000000000000000021e-08 1.093537111598031600e-04 1.000000000000000021e-08 1.129184963138710830e-04 7.531712516560154058e-05 1.000000000000000021e-08 1.848192036632646047e-05 1.000000000000000021e-08 1.000000000000000021e-08 1.000000000000000021e-08 1.000000000000000021e-08 1.000000000000000021e-08 1.000000000000000021e-08 1.000000000000000021e-08 1.000000000000000021e-08 1.000000000000000021e-08 1.000000000000000021e-08 1.000000000000000021e-08 1.000000000000000021e-08 1.000000000000000021e-08 1.000000000000000021e-08
2.297549332959237622e-04 1.280345331884986731e-03 1.000000000000000021e-08 1.000000000000000021e-08 1.000000000000000021e-08 6.007424432741311350e-05 2.386458316572773089e-05 3.352352592162756125e-05 4.763622896677136530e-03 3.712522396749026645e-03 3.946885615607303652e-03 5.241235859439083390e-04 1.000000000000000021e-08 1.000000000000000021e-08 1.000000000000000021e-08 1.000000000000000021e-08 1.000000000000000021e-08 9.034007765443840025e-05 9.659108228251804952e-05 1.018172446601070519e-04 5.909000709209449496e-05 1.000000000000000021e-08 1.000000000000000021e-08 1.000000000000000021e-08 1.000000000000000021e-08 1.000000000000000021e-08 1.000000000000000021e-08 1.000000000000000021e-08 1.000000000000000021e-08 1.000000000000000021e-08 1.000000000000000021e-08 1.000000000000000021e-08 1.000000000000000021e-08 1.000000000000000021e-08 1.000000000000000021e-08 1.000000000000000021e-08 1.000000000000000021e-08
2.407061757293286076e-03 2.167603947872708426e-03 1.442158171396879787e-03 9.421285151979203257e-04 6.214002689347236999e-04 6.871918161759723752e-04 5.264742258252404260e-04 4.585614388681804471e-05 3.082048007873058968e-03 5.978010581211472795e-03 5.203230664895215803e-03 4.432971073704093136e-03 1.584143678405999713e-04 1.000000000000000021e-08 1.000000000000000021e-08 1.000000000000000021e-08 1.000000000000000021e-08 9.439148211070365194e-05 1.702549827734671528e-04 7.291476784527737827e-05 1.000000000000000021e-08 1.000000000000000021e-08 1.000000000000000021e-08 1.000000000000000021e-08 1.000000000000000021e-08 1.000000000000000021e-08 1.000000000000000021e-08 1.000000000000000021e-08 1.000000000000000021e-08 1.000000000000000021e-08 1.000000000000000021e-08 1.000000000000000021e-08 1.000000000000000021e-08 1.000000000000000021e-08 1.000000000000000021e-08 1.000000000000000021e-08 1.000000000000000021e-08
2.654974168390810568e-04 1.663566249086596404e-03 3.712127518733120872e-04 1.845238054062634057e-04 1.866903638926502957e-04 9.079660922709134445e-05 2.016764246889896214e-04 7.480518582992473056e-05 2.128806607780385930e-03 6.127285798320196084e-03 9.867699677049352955e-03 7.406546224674261797e-03 1.594258717298809849e-03 1.018016533154709460e-03 7.169974709517158099e-04 9.429448114210571118e-04 1.145284349461745885e-03 1.413304696998449184e-03 4.404233627786765734e-03 5.567887494800435205e-05 1.000000000000000021e-08 1.000000000000000021e-08 1.000000000000000021e-08 1.000000000000000021e-08 1.000000000000000021e-08 1.000000000000000021e-08 1.000000000000000021e-08 1.000000000000000021e-08 1.000000000000000021e-08 1.000000000000000021e-08 1.000000000000000021e-08 1.000000000000000021e-08 1.000000000000000021e-08 1.000000000000000021e-08 1.000000000000000021e-08 1.000000000000000021e-08 1.000000000000000021e-08
1.040326191288585287e-03 1.396339334502906190e-03 2.398693986467930698e-04 3.142020444267876319e-04 1.515706880361287904e-04 1.239487715741010134e-03 8.568804285532924305e-04 1.217396573694329168e-03 1.947419515605438266e-03 1.671027088152416632e-03 6.944675283487248413e-04 4.321247419162322322e-03 1.871403432572008810e-03 1.871794336309102287e-03 2.775127783764779268e-03 2.297635154508082238e-03 2.486720393137440126e-03 1.961650466476752737e-03 5.692642365989834287e-03 4.875881556992173183e-03 1.393838569808636838e-05 1.000000000000000021e-08 1.000000000000000021e-08 1.000000000000000021e-08 1.000000000000000021e-08 1.000000000000000021e-08 1.000000000000000021e-08 1.000000000000000021e-08 1.000000000000000021e-08 1.000000000000000021e-08 1.000000000000000021e-08 1.000000000000000021e-08 1.000000000000000021e-08 1.000000000000000021e-08 1.000000000000000021e-08 1.000000000000000021e-08 1.000000000000000021e-08
7.620249443064194437e-04 1.077859042676122424e-03 5.813738111676984869e-04 3.060650522641253021e-03 1.726117740307069048e-02 4.213466724714063846e-03 3.066308614285496829e-03 2.008318317795604758e-03 2.215048902730098416e-03 1.722566634741548629e-03 1.289677350001904119e-03 9.959913572518488706e-04 3.963726519953220118e-03 3.655561786343226524e-03 1.601269414965933360e-03 9.664788669106490595e-04 6.926113000019940447e-04 5.943982382459529106e-04 5.145602192289526304e-03 8.884402060414381408e-03 1.835146465188610421e-05 1.000000000000000021e-08 1.000000000000000021e-08 1.000000000000000021e-08 1.000000000000000021e-08 1.000000000000000021e-08 1.000000000000000021e-08 1.000000000000000021e-08 1.000000000000000021e-08 1.000000000000000021e-08 1.000000000000000021e-08 1.000000000000000021e-08 1.000000000000000021e-08 1.000000000000000021e-08 1.000000000000000021e-08 1.000000000000000021e-08 1.000000000000000021e-08
1.312819091288452771e-04 2.229051856964441101e-04 2.353412016982449340e-04 7.767076074276299666e-04 7.370264677660056177e-04 6.085704132840384032e-04 1.923537647429506177e-03 3.021254350614904858e-03 2.915604133635653784e-03 3.645878696869984427e-03 4.076192985075193474e-03 3.793844549053093998e-03 3.761796688209685397e-03 3.432797652821725949e-03 2.618905408653067046e-03 1.822797317479275207e-03 1.191126219939690626e-03 1.388482768295480965e-03 7.507862342222312683e-04 9.177575333450156692e-03 1.835785668639821965e-05 1.000000000000000021e-08 1.000000000000000021e-08 1.000000000000000021e-08 1.000000000000000021e-08 1.000000000000000021e-08 1.000000000000000021e-08 1.034450670521548168e-05 1.000000000000000021e-08 1.000000000000000021e-08 1.000000000000000021e-08 1.000000000000000021e-08 1.000000000000000021e-08 1.000000000000000021e-08 1.000000000000000021e-08 1.000000000000000021e-08 1.000000000000000021e-08
6.102161207092438429e-05 5.913101363812319660e-05 5.547565956147753680e-05 6.351641165465219915e-05 3.473348074909887121e-04 5.206223249852777197e-04 1.106949188742548801e-03 9.676126848687494585e-04 3.251248678975737164e-03 1.853011358626056697e-03 1.493518055530864298e-03 2.795436076156492238e-03 3.611632232729701433e-03 3.574429283938659538e-03 1.065019354487756588e-03 5.152224400232108693e-04 9.044219197230805515e-04 6.329847115363757817e-04 1.888518480392128258e-03 9.261835323272727544e-03 2.081098889262690627e-05 1.000000000000000021e-08 1.000000000000000021e-08 1.000000000000000021e-08 1.000000000000000021e-08 1.000000000000000021e-08 1.000000000000000021e-08 1.000000000000000021e-08 1.000000000000000021e-08 1.000000000000000021e-08 1.000000000000000021e-08 1.000000000000000021e-08 1.000000000000000021e-08 1.000000000000000021e-08 1.000000000000000021e-08 1.000000000000000021e-08 1.000000000000000021e-08
1.328345925916129557e-04 1.937033119862346088e-05 1.709699692441815668e-05 1.491721290420822473e-05 3.310244682846503355e-04 5.197451137774204873e-04 8.205343596364974906e-04 7.854350534543260527e-04 1.077018231370376885e-04 2.140698668310141075e-03 1.042061386351228838e-04 4.056616502570117876e-04 5.265600033531162060e-04 1.014943969384566463e-03 6.319134998015354509e-04 9.165792008660886758e-04 7.384555967790899615e-04 9.284616467020428282e-04 2.386910450267017147e-03 1.032175195932852341e-02 2.288651519472591149e-05 1.000000000000000021e-08 1.000000000000000021e-08 1.000000000000000021e-08 1.000000000000000021e-08 1.000000000000000021e-08 1.000000000000000021e-08 1.000000000000000021e-08 1.000000000000000021e-08 1.000000000000000021e-08 1.000000000000000021e-08 1.000000000000000021e-08 1.000000000000000021e-08 1.000000000000000021e-08 1.000000000000000021e-08 1.000000000000000021e-08 1.000000000000000021e-08
6.148786102040529940e-05 6.292888047903795034e-05 2.405687257653105456e-05 3.973767060170035252e-05 1.000000000000000021e-08 2.179983548177540716e-04 5.882036079160298995e-05 1.032224394491674532e-04 6.372287404998909434e-05 1.592214519625797685e-03 4.652191025972053141e-04 1.357042963868732694e-04 4.727867182328711771e-04 4.511837811320963090e-04 1.547937441119896784e-03 3.367402517265782533e-03 2.397339728206192462e-03 1.759328742151476666e-03 3.323022475611843440e-03 1.181983846102709762e-02 4.248817469188285718e-05 1.000000000000000021e-08 1.000000000000000021e-08 1.000000000000000021e-08 1.000000000000000021e-08 1.000000000000000021e-08 1.000000000000000021e-08 1.000000000000000021e-08 1.000000000000000021e-08 1.000000000000000021e-08 1.000000000000000021e-08 1.000000000000000021e-08 1.000000000000000021e-08 1.000000000000000021e-08 1.000000000000000021e-08 1.000000000000000021e-08 1.000000000000000021e-08
7.225120753708040230e-04 5.570931609143365166e-05 6.023875560525982712e-05 3.007819375493115546e-05 2.512201434872739393e-05 1.504014668988916994e-05 4.598544972758447885e-05 4.489250614585025146e-05 1.739961048008767906e-04 1.352374511376190245e-03 1.658052381417657361e-03 6.405633435967485190e-04 1.377396600399916874e-04 4.944010023464447600e-04 2.423696937392470210e-04 2.703281655119429278e-03 7.860335837909512369e-04 4.151665926327253531e-04 3.592726251409289842e-04 1.180627017530788171e-02 2.371956339003535464e-03 1.000000000000000021e-08 1.000000000000000021e-08 1.000000000000000021e-08 1.000000000000000021e-08 1.000000000000000021e-08 1.000000000000000021e-08 1.000000000000000021e-08 1.000000000000000021e-08 1.000000000000000021e-08 1.000000000000000021e-08 1.000000000000000021e-08 1.000000000000000021e-08 1.000000000000000021e-08 1.000000000000000021e-08 1.000000000000000021e-08 1.000000000000000021e-08
5.334504170771743755e-05 7.626151887974726802e-05 4.095530010031620991e-05 5.925407356513093482e-05 2.538185620135106961e-05 3.198130229009352128e-05 2.332204295371439513e-05 5.685507186264257643e-05 1.988695249489782376e-05 1.585255643716782068e-04 1.356337413462835578e-03 8.021756391424881985e-04 2.363796744757285721e-04 1.533665438972779053e-04 5.911682571284452604e-04 3.584395672505644474e-04 6.239521734665247734e-04 6.258000004714618777e-04 3.005125789195532584e-04 7.764566005648606238e-03 1.759656606109600945e-03 1.000000000000000021e-08 1.000000000000000021e-08 1.000000000000000021e-08 1.000000000000000021e-08 1.000000000000000021e-08 1.000000000000000021e-08 1.000000000000000021e-08 1.000000000000000021e-08 1.000000000000000021e-08 1.000000000000000021e-08 1.000000000000000021e-08 1.032275193523113528e-05 1.000000000000000021e-08 1.000000000000000021e-08 1.000000000000000021e-08 1.000000000000000021e-08
6.306298447047540970e-05 4.172633611665344433e-05 6.885964580267423527e-05 3.845258086827769609e-05 5.325120960243826592e-05 2.558465261450947197e-05 4.072754656018132819e-05 2.927474657922460766e-05 4.075343411169306599e-05 6.041949409989924542e-05 2.074341560300355103e-04 3.438208655064888073e-03 2.333267813297495790e-04 1.370364422233922306e-04 2.224036813029420191e-04 4.161717189098460522e-04 3.195437651539732621e-04 4.587065447908569805e-04 9.894794230598474936e-04 7.523148353966534370e-03 1.160230192031496983e-03 1.000000000000000021e-08 1.000000000000000021e-08 1.000000000000000021e-08 1.072574235751815280e-05 1.000000000000000021e-08 1.000000000000000021e-08 1.000000000000000021e-08 1.000000000000000021e-08 1.000000000000000021e-08 1.000000000000000021e-08 1.000000000000000021e-08 1.000000000000000021e-08 1.000000000000000021e-08 1.000000000000000021e-08 1.000000000000000021e-08 1.000000000000000021e-08
