output/water_depth_8400.asc
ncols 223
nrows 158
xllcorner 0.0
yllcorner 0.0
cellsize 30.0
[rows 102 to 118 of 158, columns 185 to 221 of 223]
1.244362476020951169e-05 1.375026153514556113e-05 1.723638808755652556e-05 1.799732632617162458e-05 1.000000000000000021e-08 1.000000000000000021e-08 2.264150703410609811e-02 1.657282125777877202e-01 1.693762690623280918e-03 3.300653135862758073e-04 2.318190144443673306e-04 9.900602133586324557e-05 7.747152069595467344e-05 7.842842377410420233e-05 8.538142679132816419e-05 9.016237004436500454e-05 2.841709720468792524e-05 1.243625772489223508e-05 1.000000000000000021e-08 1.000000000000000021e-08 1.000000000000000021e-08 1.000000000000000021e-08 1.000000000000000021e-08 1.000000000000000021e-08 1.000000000000000021e-08 1.000000000000000021e-08 1.000000000000000021e-08 1.000000000000000021e-08 1.000000000000000021e-08 1.076686732182482007e-05 1.000000100000000021e-05 1.000000100000000021e-05 1.000000100000000021e-05 1.000000100000000021e-05 1.000000100000000021e-05 1.000000100000000021e-05 1.000000100000000021e-05
2.089419411743013809e-05 1.849443990783372133e-05 3.353782250235587734e-05 3.323782264862973221e-05 2.793586748816847005e-05 1.000000000000000021e-08 5.513641222471224283e-03 8.643149020785236003e-02 6.091162727439887849e-04 1.131843781245893307e-04 1.577190754132466234e-04 2.161570462132967501e-04 1.918012750113646354e-04 1.529274900685837987e-04 1.139868980010093574e-04 4.554649786395006565e-05 1.298637999404292180e-04 2.731275367275681136e-05 2.521114370251666240e-05 1.443202947059045271e-05 1.000000000000000021e-08 1.000000000000000021e-08 1.000000000000000021e-08 1.000000000000000021e-08 1.000000000000000021e-08 1.000000000000000021e-08 1.000000000000000021e-08 1.000000000000000021e-08 1.000000000000000021e-08 1.000000000000000021e-08 1.000000100000000021e-05 1.000000100000000021e-05 1.000000100000000021e-05 1.000000100000000021e-05 1.000000100000000021e-05 1.000000100000000021e-05 1.000000100000000021e-05
1.000000000000000021e-08 1.000000000000000021e-08 1.000000000000000021e-08 1.000000000000000021e-08 1.057852742315761046e-04 2.575050921737399249e-03 2.302381846352336003e-01 9.242436586297705925e-02 1.229245282523526721e-04 1.000000000000000021e-08 1.000000000000000021e-08 1.000000000000000021e-08 1.000000000000000021e-08 1.000000000000000021e-08 1.000000000000000021e-08 8.772373072433465181e-05 2.418498525383645109e-04 6.467645966956783309e-05 5.502753880016878120e-05 3.571121978623871247e-05 2.181843574663980045e-05 1.036470226761774358e-05 1.000000000000000021e-08 1.000000000000000021e-08 1.000000000000000021e-08 1.000000000000000021e-08 1.000000000000000021e-08 1.000000000000000021e-08 1.000000000000000021e-08 1.000000000000000021e-08 1.000000100000000021e-05 1.000000100000000021e-05 1.000000100000000021e-05 1.000000100000000021e-05 1.000000100000000021e-05 1.000000100000000021e-05 1.000000100000000021e-05
1.000000000000000021e-08 1.000000000000000021e-08 1.000000000000000021e-08 1.000000000000000021e-08 4.362951673326605955e-04 1.493539256524803183e-01 1.746229949829072314e-01 9.081791055081048637e-05 1.100373947811491235e-05 1.554375410711313969e-05 1.257104815994241256e-05 1.017316856460489858e-05 1.000000000000000021e-08 1.000000000000000021e-08 2.384135638878539341e-05 3.723052739989495674e-05 5.691172858904918960e-03 4.356475694010801037e-05 1.000000000000000021e-08 1.000000000000000021e-08 1.000000000000000021e-08 1.000000000000000021e-08 1.000000000000000021e-08 1.000000000000000021e-08 1.000000000000000021e-08 1.000000000000000021e-08 1.239765789427090131e-05 1.000000000000000021e-08 1.000000000000000021e-08 1.000000000000000021e-08 1.000000100000000021e-05 1.000000100000000021e-05 1.000000100000000021e-05 1.000000100000000021e-05 1.000000100000000021e-05 1.000000100000000021e-05 1.000000100000000021e-05
8.720988914055892059e-05 6.876279808567904912e-05 1.000000000000000021e-08 1.000000000000000021e-08 1.978474500039924212e-04 1.294163700552811436e-01 1.436953596008648804e-01 1.160861025226119273e-04 7.600633535770759061e-05 6.130432833107929218e-05 3.942352445640400356e-05 2.710278794044043238e-05 2.207439803377818770e-05 3.045630754411885518e-05 1.000000000000000021e-08 1.726228905309995230e-05 4.860695640103977581e-03 8.191974096841431066e-05 1.000000000000000021e-08 1.000000000000000021e-08 1.000000000000000021e-08 1.000000000000000021e-08 1.000000000000000021e-08 1.000000000000000021e-08 1.000000000000000021e-08 1.000000000000000021e-08 1.000000000000000021e-08 3.543431370041186539e-05 2.365589967683505172e-05 1.377727036044770885e-05 1.000000100000000021e-05 1.000000100000000021e-05 1.000000100000000021e-05 1.000000100000000021e-05 1.000000100000000021e-05 1.000000100000000021e-05 1.000000100000000021e-05
4.355838591230238411e-05 8.319225209166462658e-05 7.779355334840784445e-05 7.303380988403684524e-05 2.683163528011712497e-04 7.432670761086260236e-02 1.017676599253553305e-01 1.698834566705696996e-05 1.000000000000000021e-08 1.562733523469777387e-05 1.000000000000000021e-08 6.401070429203990894e-05 5.954837837383358714e-05 1.619977685255123611e-05 1.000000000000000021e-08 1.000000000000000021e-08 7.127757312984546456e-04 1.085900914653232190e-04 1.095889479262494664e-04 1.318220772094742734e-04 1.118924392408102603e-04 9.309738198509961797e-05 7.433076514235084685e-05 5.843739778023241457e-05 3.962671983378118784e-05 2.319935112830762535e-05 1.117654969580822106e-05 1.000000000000000021e-08 1.000000000000000021e-08 1.000000100000000021e-05 1.000000100000000021e-05 1.000000100000000021e-05 1.000000100000000021e-05 1.000000100000000021e-05 1.000000100000000021e-05 1.000000100000000021e-05 1.000000100000000021e-05
2.780748597707313494e-05 3.151855700350357471e-05 5.843478137789413356e-05 1.000000000000000021e-08 4.928359446479990994e-04 1.939671505071076940e-01 3.227490158601790254e-02 1.000000000000000021e-08 2.413485372637041683e-05 2.259078639847396722e-05 2.228951043090418452e-05 1.437077402138144965e-05 1.000000000000000021e-08 1.000000000000000021e-08 1.000000000000000021e-08 1.000000000000000021e-08 7.703449675771995237e-04 1.374207347898163630e-04 7.908441051768365251e-05 2.277897772489988359e-05 2.132009597948520603e-05 1.789728207240718814e-05 1.672439972869588096e-05 1.326054462387319452e-05 1.199598018682644064e-05 1.057895028154420873e-05 1.000000000000000021e-08 1.000000000000000021e-08 1.000000000000000021e-08 1.000000100000000021e-05 1.000000100000000021e-05 1.000000100000000021e-05 1.000000100000000021e-05 1.000000100000000021e-05 1.000000100000000021e-05 1.000000100000000021e-05 1.000000100000000021e-05
1.414443943811896383e-05 3.397307622595543335e-05 6.496210425227482820e-05 9.332117978683138779e-05 1.334873672019199486e-01 1.405175190306864330e-01 1.165523563097604631e-01 2.757257431678461035e-04 1.000000000000000021e-08 2.101103312653079084e-05 1.094533385833489634e-05 1.000000000000000021e-08 2.441947689416290728e-05 1.000000000000000021e-08 1.000000000000000021e-08 1.219434282553999208e-05 9.095657400230961268e-03 1.927077421310346549e-04 4.435083067991411692e-05 1.000000000000000021e-08 1.000000000000000021e-08 1.000000000000000021e-08 1.000000000000000021e-08 1.000000000000000021e-08 1.000000000000000021e-08 1.000000000000000021e-08 1.000000000000000021e-08 1.000000000000000021e-08 1.000000000000000021e-08 1.000000100000000021e-05 1.000000100000000021e-05 1.000000100000000021e-05 1.000000100000000021e-05 1.000000100000000021e-05 1.000000100000000021e-05 1.000000100000000021e-05 1.000000100000000021e-05
1.000000000000000021e-08 1.000000000000000021e-08 1.000000000000000021e-08 1.000000000000000021e-08 1.052666402241016775e-05 6.981049099663420854e-02 5.072073763354009723e-02 3.233885975316987908e-04 1.000000000000000021e-08 1.000000000000000021e-08 1.000000000000000021e-08 1.000000000000000021e-08 1.000000000000000021e-08 1.000000000000000021e-08 2.572748790485409118e-05 5.255348516066533221e-03 6.579395691479726811e-03 2.282019816490921381e-05 2.994489871649173588e-05 1.000000000000000021e-08 1.000000000000000021e-08 1.000000000000000021e-08 1.000000000000000021e-08 1.000000000000000021e-08 1.000000000000000021e-08 1.383519793530493010e-05 1.138685914334363862e-05 1.086709724617585173e-05 1.316987957939772732e-05 1.000000100000000021e-05 1.000000100000000021e-05 1.000000100000000021e-05 1.000000100000000021e-05 1.000000100000000021e-05 1.000000100000000021e-05 1.000000100000000021e-05 1.000000100000000021e-05
1.000000000000000021e-08 1.000000000000000021e-08 1.000000000000000021e-08 1.000000000000000021e-08 1.000000000000000021e-08 4.121655157025556904e-02 7.485690251547713614e-02 4.460724417546326512e-04 1.000000000000000021e-08 1.000000000000000021e-08 1.000000000000000021e-08 1.000000000000000021e-08 1.000000000000000021e-08 1.000000000000000021e-08 1.000000000000000021e-08 7.685361851105342165e-04 1.157474388796303228e-03 1.000000000000000021e-08 1.000000000000000021e-08 2.189208558854625306e-05 1.912629466008068058e-05 1.222526163893588294e-05 1.000000000000000021e-08 2.183513424130553788e-05 1.985284946115823979e-05 1.804359379039299115e-05 1.371728261497581560e-05 1.001617839719856084e-05 1.000000000000000021e-08 1.000000100000000021e-05 1.000000100000000021e-05 1.000000100000000021e-05 1.000000100000000021e-05 1.000000100000000021e-05 1.000000100000000021e-05 1.000000100000000021e-05 1.000000100000000021e-05
1.000000000000000021e-08 1.000000000000000021e-08 1.000000000000000021e-08 1.000000000000000021e-08 1.000000000000000021e-08 2.439740520305357097e-02 9.049352097675877893e-02 4.185124734712153123e-04 1.187244430951059796e-05 1.000000000000000021e-08 1.000000000000000021e-08 1.000000000000000021e-08 1.000000000000000021e-08 1.000000000000000021e-08 1.000000000000000021e-08 1.201388379888442166e-03 8.598323670207743308e-05 1.000000000000000021e-08 5.259951816287428426e-05 1.000000000000000021e-08 1.026963415320970885e-05 1.303350106353181553e-05 1.000000000000000021e-08 1.000000000000000021e-08 2.368389705974219988e-05 1.774207426445993525e-05 1.403035142614862648e-05 1.000000000000000021e-08 1.000000000000000021e-08 1.000000100000000021e-05 1.000000100000000021e-05 1.000000100000000021e-05 1.000000100000000021e-05 1.000000100000000021e-05 1.000000100000000021e-05 1.000000100000000021e-05 1.000000100000000021e-05
1.479279811452638383e-04 1.303525252833279309e-04 1.266022426640064479e-04 1.000000000000000021e-08 1.481604541186609265e-05 2.829809850140564409e-01 2.831324998157759842e-01 2.480984925337844371e-01 1.000000000000000021e-08 1.000000000000000021e-08 1.000000000000000021e-08 1.000000000000000021e-08 1.000000000000000021e-08 1.281672103098373971e-05 1.397963023141510219e-02 1.913766898653863468e-03 1.076436499610477506e-04 1.000000000000000021e-08 1.038768157622663612e-05 1.000000000000000021e-08 1.000000000000000021e-08 2.248232555717347673e-05 3.337234202219736628e-05 3.868835513502305286e-05 3.862576049652212407e-05 2.448044692321399898e-05 1.792315711963170168e-05 1.000000000000000021e-08 1.000000000000000021e-08 1.000000100000000021e-05 1.000000100000000021e-05 1.000000100000000021e-05 1.000000100000000021e-05 1.000000100000000021e-05 1.000000100000000021e-05 1.000000100000000021e-05 1.000000100000000021e-05
9.719962450289024170e-02 1.019464215062883677e-01 1.057579293880900329e-01 1.090260782276203932e-01 1.120648826019950556e-01 2.885469943957434391e-01 2.792506790215373291e-01 2.174585814772581061e-01 1.214045470800737409e-01 1.000000000000000021e-08 1.234707731830763729e-05 1.067229546907272525e-05 1.000000000000000021e-08 1.000000000000000021e-08 1.086343374113344501e-02 3.145963696150700989e-04 1.165888542227987000e-04 1.000000000000000021e-08 1.000000000000000021e-08 1.000000000000000021e-08 1.000000000000000021e-08 4.999630625208863736e-05 5.320837484795766249e-05 4.280778283530149123e-05 4.735498106581301442e-05 5.239851972600234251e-05 3.609025358979396799e-05 2.109220788788709821e-05 1.052134101967193620e-05 1.000000100000000021e-05 1.000000100000000021e-05 1.000000100000000021e-05 1.000000100000000021e-05 1.000000100000000021e-05 1.000000100000000021e-05 1.000000100000000021e-05 1.000000100000000021e-05
1.274680485344265556e-02 8.678092330528741627e-03 5.556859302989171009e-03 3.599445453611059467e-03 2.347663401135966291e-03 1.742030045764610515e-03 1.420856927087629827e-03 1.214208409442893710e-01 3.929644942482919956e-01 3.020264387144347418e-01 7.716766770705690143e-03 4.026277069346497275e-04 4.574897358962565669e-05 1.511417079587772767e-04 1.398715110237314964e-03 1.901739014716566779e-04 2.825180382499935803e-05 4.827010844621544458e-05 6.366974166550994801e-05 6.444615994068549156e-05 7.877827904838191901e-05 9.183164194789308606e-05 3.925612982532233181e-05 1.000000000000000021e-08 3.018263653135812991e-05 1.144659927241772078e-05 1.000000000000000021e-08 1.000000000000000021e-08 1.000000000000000021e-08 1.000000100000000021e-05 1.000000100000000021e-05 1.000000100000000021e-05 1.000000100000000021e-05 1.000000100000000021e-05 1.000000100000000021e-05 1.000000100000000021e-05 1.000000100000000021e-05
1.000000000000000021e-08 1.000000000000000021e-08 1.000000000000000021e-08 1.000000000000000021e-08 2.210681133619960445e-05 1.000000000000000021e-08 1.000000000000000021e-08 7.955780143255820804e-04 2.049660331755797770e-03 1.332069669836613568e-01 1.364211463549542536e-01 3.545279091614206811e-03 2.289379615981116506e-04 1.143529571451542236e-04 1.246198589557515881e-03 1.553823403145727976e-04 1.350115569601554168e-04 1.626247597035774379e-04 1.935300934097884749e-04 1.673797140829745252e-04 1.193116257887248183e-04 5.947102631350114233e-05 4.711341143292315940e-05 1.000000000000000021e-08 2.917625511941425502e-05 1.409485517500637145e-05 1.000000000000000021e-08 1.000000000000000021e-08 1.000000000000000021e-08 1.000000100000000021e-05 1.000000100000000021e-05 1.000000100000000021e-05 1.000000100000000021e-05 1.000000100000000021e-05 1.000000100000000021e-05 1.000000100000000021e-05 1.000000100000000021e-05
1.000000000000000021e-08 1.000000000000000021e-08 1.000000000000000021e-08 1.000000000000000021e-08 1.251057703883045572e-05 7.468646765907351222e-04 1.000000000000000021e-08 1.000000000000000021e-08 1.000000000000000021e-08 6.678478898398977626e-02 3.108679682626244167e-01 2.876968174011224066e-01 3.856657154911460818e-04 1.841561041664828565e-04 1.018145844990925352e-03 3.216393308925048311e-04 1.964873626689190840e-04 1.204722140859863734e-04 4.190497359450617333e-05 4.155216524748788490e-05 3.737473131293866485e-05 4.065527185169070439e-05 4.564610880802987707e-05 5.200301043785196824e-05 3.925647104722712833e-05 1.321378531707375583e-05 1.000000000000000021e-08 1.000000000000000021e-08 1.000000100000000021e-05 1.000000100000000021e-05 1.000000100000000021e-05 1.000000100000000021e-05 1.000000100000000021e-05 1.000000100000000021e-05 1.000000100000000021e-05 1.000000100000000021e-05 1.000000100000000021e-05
1.898233031581487735e-05 2.114492595476291718e-05 1.000000000000000021e-08 1.000000000000000021e-08 1.000000000000000021e-08 7.441901546034095441e-05 1.159375543460201895e-04 5.407793141109492946e-05 4.299807632948590133e-04 2.628638395249738302e-01 2.815943662271772063e-01 2.653270006395960778e-01 2.666151919225034916e-01 7.065597083174520506e-04 1.215482736713331631e-04 4.654133787647910133e-05 4.436945380922991501e-05 4.133175086587509298e-05 3.193771718610993417e-05 1.367565835558664571e-05 1.656305315331546945e-05 1.555614258538417499e-05 1.676880941998775036e-05 1.000000000000000021e-08 1.000000000000000021e-08 1.000000000000000021e-08 1.000000000000000021e-08 1.000000000000000021e-08 1.000000100000000021e-05 1.000000100000000021e-05 1.000000100000000021e-05 1.000000100000000021e-05 1.000000100000000021e-05 1.000000100000000021e-05 1.000000100000000021e-05 1.000000100000000021e-05 1.000000100000000021e-05
