output/water_depth_2640.asc
ncols 223
nrows 158
xllcorner 0.0
yllcorner 0.0
cellsize 30.0
[rows 136 to 152 of 158, columns 111 to 147 of 223]
7.272081241995529256e-05 1.239671241603441975e-04 1.130283148343245206e-04 4.168082583159698898e-05 2.424623572421384833e-05 1.056801381399990157e-03 1.298764929216890580e-02 1.810776730497511925e-03 8.170932834321157408e-05 8.623458316056778050e-04 1.036988444421539255e-03 1.320398334299548084e-03 2.142130537433202444e-03 1.847304775937655354e-04 6.811561887369376811e-05 1.000000000000000021e-08 1.000000000000000021e-08 9.971531431996006408e-05 4.608399367271932866e-05 1.376797357265761596e-04 1.594233877555310884e-04 9.600877292491036882e-04 8.683452490233029225e-04 3.351859786468392366e-04 4.394408882695295259e-05 1.000000000000000021e-08 1.000000000000000021e-08 1.000000000000000021e-08 1.000000000000000021e-08 1.000000000000000021e-08 1.000000000000000021e-08 1.000000000000000021e-08 8.155301842935474567e-05 5.019120290253341262e-05 5.536648338580316451e-05 6.900716514811531502e-05 1.000000000000000021e-08
1.526517827745485823e-05 3.152633364948452868e-05 2.601954298464377864e-05 6.650145854197335904e-05 1.771344624261722935e-04 7.248669093910026576e-03 1.163519732687293487e-02 2.650578621319411941e-03 1.193145173533659937e-03 1.067760329295435384e-03 8.792956896016933385e-04 9.702350929509450739e-04 1.894495152807193928e-03 1.211847228986475967e-04 1.000000000000000021e-08 1.688631685298566613e-05 1.561267621906510026e-05 1.560122356089874149e-05 1.000000000000000021e-08 1.616982127934200942e-05 2.311654073862094022e-04 4.708946338383117330e-05 5.465657243630521884e-05 1.000000000000000021e-08 4.715647807443938455e-05 1.000000000000000021e-08 1.000000000000000021e-08 1.000000000000000021e-08 1.000000000000000021e-08 1.000000000000000021e-08 1.000000000000000021e-08 3.793652259807180223e-05 7.278827542249322459e-05 3.255521781875131280e-05 4.246699603995981017e-05 4.077986080306153190e-05 5.188409341579274035e-05
2.311435100174150255e-05 1.834130784028722009e-05 3.935170199432247722e-05 1.034437711798659974e-04 2.693301760989766803e-03 7.010622803741381817e-03 4.732878496612117139e-03 5.899347502580835553e-03 2.462825207030756120e-04 6.579757720050439997e-05 6.781053382705900330e-05 8.984117424285396002e-05 1.023852299494519471e-03 8.597325711404266071e-05 1.576296830143989703e-05 1.198621836506593826e-05 1.000000000000000021e-08 1.000000000000000021e-08 1.000000000000000021e-08 2.042008834456411626e-04 1.081680586060138120e-04 1.401995777712096772e-04 2.607586672485097808e-05 1.000000000000000021e-08 1.000000000000000021e-08 1.000000000000000021e-08 1.000000000000000021e-08 1.000000000000000021e-08 1.000000000000000021e-08 1.000000000000000021e-08 1.000000000000000021e-08 3.201282460951627437e-05 1.863762033237822619e-05 2.292885098287716046e-05 2.947185641894511590e-05 4.894234843011060338e-05 7.634166317967228999e-05
1.392742435358264828e-04 2.920460110886182120e-04 3.177953875574230595e-04 4.938504409254247489e-04 2.160658352605501851e-03 1.129551388647929283e-03 2.088288233245986537e-03 8.976282038758370135e-03 6.751771544659982641e-04 6.144682436823481573e-05 1.000000000000000021e-08 4.293213915933089182e-04 2.673626578711874990e-03 9.102338775664150551e-05 1.000000000000000021e-08 1.000000000000000021e-08 8.192733194437482286e-05 1.000000000000000021e-08 1.000000000000000021e-08 1.000000000000000021e-08 1.021626362766555923e-04 4.957357777293144174e-05 7.419419189461761560e-05 1.662403011237659716e-05 1.000000000000000021e-08 1.000000000000000021e-08 1.000000000000000021e-08 1.000000000000000021e-08 1.000000000000000021e-08 1.000000000000000021e-08 1.000000000000000021e-08 1.239118834100113757e-05 1.893040645539246537e-05 4.792701288105333766e-05 6.752778080120061055e-05 9.107587635690433990e-05 1.131860717423115647e-04
9.738104956288993336e-05 5.677230936976458594e-05 8.305084317430022275e-05 7.836636597903139719e-05 1.346772400946861961e-04 5.816354348342200062e-04 7.212096879987946532e-04 9.670460142661341588e-03 3.911506948998808714e-03 5.559241254102120669e-05 1.000000000000000021e-08 4.368490359559423298e-05 2.467652073479854446e-03 7.187689932270476727e-05 1.000000000000000021e-08 8.195379753485091084e-05 6.675733548512231938e-05 4.540078318991015450e-05 1.000000000000000021e-08 1.000000000000000021e-08 7.703669679259788998e-05 7.849676829767973717e-05 9.563314135152043804e-05 5.160560550440284109e-05 1.598265468587143696e-05 1.506953608509732678e-04 1.524117452042708818e-05 1.070581252003662798e-05 1.664235587472532338e-04 5.360148190061194827e-05 3.624739630303491073e-05 2.553947609880934032e-05 9.381610363544531581e-05 1.880117132947699830e-04 3.008138656208486357e-04 4.606704265556324285e-05 6.965886342159693120e-05
5.032071763594133285e-05 7.191724380119092865e-05 3.644486885972218499e-05 4.789184713017584144e-05 6.456955903599682716e-05 6.840029532135920038e-05 6.573348743858496192e-04 7.227677324059520597e-03 1.625514432540759065e-03 1.056316749054803171e-04 5.249865578145132262e-05 4.497447447409124626e-04 1.152788420473662735e-02 1.119352843763009656e-03 2.996828567165940507e-04 1.296377675434717521e-04 4.035622574078913036e-05 4.211854760300648404e-05 3.816288941526206646e-05 5.314871348633001493e-05 4.663093823461289842e-05 3.937528545246924143e-04 3.537340205866759983e-04 6.415117075960264140e-05 2.745829705979182820e-05 1.088932097684602915e-05 1.000000000000000021e-08 1.148654695219139755e-04 1.797318529278251332e-04 1.744440330770936074e-04 3.028973380291387007e-05 1.589329222509595359e-05 1.033290439508043941e-04 1.880056308283787508e-04 1.903997371649705360e-04 2.876530609028532005e-05 2.874822412353888727e-05
6.266678863674003165e-05 3.548673489046873572e-05 3.623265279727866384e-05 4.465121438788900948e-05 3.563735312360790774e-05 1.334336841144465643e-04 2.323746194558068618e-05 2.978649862648033615e-03 1.653209791514939847e-03 1.072262238358010427e-04 9.002137207743815268e-05 2.787047349235140877e-04 6.795889459079017692e-04 5.820250470258211831e-04 9.605762182881289325e-05 5.181943219781117403e-04 3.218803312403764648e-04 2.386664442252507223e-04 6.311666517872919254e-05 2.455297761111802939e-05 1.000000100000000021e-05 3.376098622849241270e-04 2.507434729828583861e-04 3.129232626055714018e-04 3.708078893825439187e-04 4.658368598543577085e-04 3.601408699232260696e-04 2.596256852271154819e-04 1.213478131211647218e-04 1.101836002114661527e-04 1.053741193391840810e-04 3.450347081717662542e-05 4.764266812527388545e-05 1.607442528546198558e-04 3.722695542404338173e-04 5.656844998987995744e-05 6.892830867996830625e-05
2.131989147845417780e-05 1.569094511851650667e-05 1.000000000000000021e-08 2.619481419779721306e-05 5.841087075114206645e-05 5.468563955840698924e-05 4.976544553160509377e-05 5.188096591963712104e-03 1.694152379448493617e-02 1.000000000000000021e-08 7.307457732678719186e-05 4.487695014127026982e-05 1.097135444244810810e-04 1.662118488871454643e-05 1.000000000000000021e-08 2.096255556689959911e-04 2.627004496179298986e-04 1.243103951609920706e-04 1.068935620418654897e-04 1.000000100000000021e-05 1.000000100000000021e-05 1.000000100000000021e-05 1.000000100000000021e-05 1.000000100000000021e-05 1.000000100000000021e-05 1.000000100000000021e-05 1.000000100000000021e-05 1.000000100000000021e-05 1.000000100000000021e-05 1.000000100000000021e-05 1.000000100000000021e-05 1.000000100000000021e-05 6.488400704043881316e-05 7.357886196047018251e-05 9.870875191933952710e-05 1.000000000000000021e-08 1.000000000000000021e-08
1.000000000000000021e-08 1.732726873072810186e-05 2.748723235786708431e-05 5.961095317071155595e-05 3.837586160484571414e-04 3.069410344749957757e-05 2.925387629559990073e-04 1.700974686008226849e-03 2.589320309591238226e-02 1.729726214299148474e-04 5.949305486863095468e-05 4.092892499982108171e-05 2.549915311424785764e-05 7.130371567700570024e-05 1.000000100000000021e-05 1.000000100000000021e-05 1.000000100000000021e-05 1.000000100000000021e-05 1.000000100000000021e-05 1.000000100000000021e-05 1.000000100000000021e-05 1.000000100000000021e-05 1.000000100000000021e-05 1.000000100000000021e-05 1.000000100000000021e-05 1.000000100000000021e-05 1.000000100000000021e-05 1.000000100000000021e-05 1.000000100000000021e-05 1.000000100000000021e-05 1.000000100000000021e-05 1.000000100000000021e-05 1.000000100000000021e-05 2.464379881281433471e-05 4.958464322947034341e-05 1.000000000000000021e-08 1.000000000000000021e-08
2.692365464921135881e-05 1.333514488159541428e-05 8.007224248285144032e-05 4.988302028981724586e-04 1.106127210339149380e-04 2.635238953281735701e-04 2.728706943923260640e-04 2.733781063169673934e-04 1.428637711847314780e-03 3.825421809531614288e-05 1.000000100000000021e-05 1.000000100000000021e-05 1.000000100000000021e-05 1.000000100000000021e-05 1.000000100000000021e-05 1.000000100000000021e-05 1.000000100000000021e-05 1.000000100000000021e-05 1.000000100000000021e-05 1.000000100000000021e-05 1.000000100000000021e-05 1.000000100000000021e-05 1.000000100000000021e-05 1.000000100000000021e-05 1.000000100000000021e-05 1.000000100000000021e-05 1.000000100000000021e-05 1.000000100000000021e-05 1.000000100000000021e-05 1.000000100000000021e-05 1.000000100000000021e-05 1.000000100000000021e-05 1.000000100000000021e-05 1.000000100000000021e-05 4.303425114267154784e-05 1.000000000000000021e-08 1.000000000000000021e-08
9.927843830617909195e-05 1.824717386076821722e-04 3.461435878216596027e-04 7.016673759913454825e-04 7.831159769975625223e-04 9.546561599776845443e-04 7.307557361543872646e-04 5.518612370802481815e-04 6.613911948733018457e-04 1.000000100000000021e-05 1.000000100000000021e-05 1.000000100000000021e-05 1.000000100000000021e-05 1.000000100000000021e-05 1.000000100000000021e-05 1.000000100000000021e-05 1.000000100000000021e-05 1.000000100000000021e-05 1.000000100000000021e-05 1.000000100000000021e-05 1.000000100000000021e-05 1.000000100000000021e-05 1.000000100000000021e-05 1.000000100000000021e-05 1.000000100000000021e-05 1.000000100000000021e-05 1.000000100000000021e-05 1.000000100000000021e-05 1.000000100000000021e-05 1.000000100000000021e-05 1.000000100000000021e-05 1.000000100000000021e-05 1.000000100000000021e-05 1.000000100000000021e-05 3.461276604732938422e-05 4.723321907800902969e-05 6.734341773496866843e-05
3.302918519813460678e-04 2.982851825604156994e-04 1.120232452113841242e-03 8.465277984280516685e-04 6.620413397149781934e-04 7.966596030494849318e-04 1.699425444788434884e-04 6.457302679541036339e-04 7.494926003835560620e-04 1.000000100000000021e-05 1.000000100000000021e-05 1.000000100000000021e-05 1.000000100000000021e-05 1.000000100000000021e-05 1.000000100000000021e-05 1.000000100000000021e-05 1.000000100000000021e-05 1.000000100000000021e-05 1.000000100000000021e-05 1.000000100000000021e-05 1.000000100000000021e-05 1.000000100000000021e-05 1.000000100000000021e-05 1.000000100000000021e-05 1.000000100000000021e-05 1.000000100000000021e-05 1.000000100000000021e-05 1.000000100000000021e-05 1.000000100000000021e-05 1.000000100000000021e-05 1.000000100000000021e-05 1.000000100000000021e-05 1.000000100000000021e-05 1.000000100000000021e-05 3.681290046050258861e-05 3.090185170758635597e-05 3.100992831589343562e-05
1.000000100000000021e-05 1.000000100000000021e-05 1.000000100000000021e-05 1.000000100000000021e-05 1.000000100000000021e-05 1.000000100000000021e-05 1.000000100000000021e-05 1.000000100000000021e-05 1.000000100000000021e-05 1.000000100000000021e-05 1.000000100000000021e-05 1.000000100000000021e-05 1.000000100000000021e-05 1.000000100000000021e-05 1.000000100000000021e-05 1.000000100000000021e-05 1.000000100000000021e-05 1.000000100000000021e-05 1.000000100000000021e-05 1.000000100000000021e-05 1.000000100000000021e-05 1.000000100000000021e-05 1.000000100000000021e-05 1.000000100000000021e-05 1.000000100000000021e-05 1.000000100000000021e-05 1.000000100000000021e-05 1.000000100000000021e-05 1.000000100000000021e-05 1.000000100000000021e-05 1.000000100000000021e-05 1.000000100000000021e-05 1.000000100000000021e-05 1.000000100000000021e-05 1.000000100000000021e-05 3.584898468993240285e-05 5.123134231438167919e-05
1.000000100000000021e-05 1.000000100000000021e-05 1.000000100000000021e-05 1.000000100000000021e-05 1.000000100000000021e-05 1.000000100000000021e-05 1.000000100000000021e-05 1.000000100000000021e-05 1.000000100000000021e-05 1.000000100000000021e-05 1.000000100000000021e-05 1.000000100000000021e-05 1.000000100000000021e-05 1.000000100000000021e-05 1.000000100000000021e-05 1.000000100000000021e-05 1.000000100000000021e-05 1.000000100000000021e-05 1.000000100000000021e-05 1.000000100000000021e-05 1.000000100000000021e-05 1.000000100000000021e-05 1.000000100000000021e-05 1.000000100000000021e-05 1.000000100000000021e-05 1.000000100000000021e-05 1.000000100000000021e-05 1.000000100000000021e-05 1.000000100000000021e-05 1.000000100000000021e-05 1.000000100000000021e-05 1.000000100000000021e-05 1.000000100000000021e-05 1.000000100000000021e-05 1.000000100000000021e-05 9.578773001199088958e-05 1.268091026321482753e-04
1.000000100000000021e-05 1.000000100000000021e-05 1.000000100000000021e-05 1.000000100000000021e-05 1.000000100000000021e-05 1.000000100000000021e-05 1.000000100000000021e-05 1.000000100000000021e-05 1.000000100000000021e-05 1.000000100000000021e-05 1.000000100000000021e-05 1.000000100000000021e-05 1.000000100000000021e-05 1.000000100000000021e-05 1.000000100000000021e-05 1.000000100000000021e-05 1.000000100000000021e-05 1.000000100000000021e-05 1.000000100000000021e-05 1.000000100000000021e-05 1.000000100000000021e-05 1.000000100000000021e-05 1.000000100000000021e-05 1.000000100000000021e-05 1.000000100000000021e-05 1.000000100000000021e-05 1.000000100000000021e-05 1.000000100000000021e-05 1.000000100000000021e-05 1.000000100000000021e-05 1.000000100000000021e-05 1.000000100000000021e-05 1.000000100000000021e-05 1.000000100000000021e-05 1.000000100000000021e-05 1.000000100000000021e-05 1.647577575834631338e-04
1.000000100000000021e-05 1.000000100000000021e-05 1.000000100000000021e-05 1.000000100000000021e-05 1.000000100000000021e-05 1.000000100000000021e-05 1.000000100000000021e-05 1.000000100000000021e-05 1.000000100000000021e-05 1.000000100000000021e-05 1.000000100000000021e-05 1.000000100000000021e-05 1.000000100000000021e-05 1.000000100000000021e-05 1.000000100000000021e-05 1.000000100000000021e-05 1.000000100000000021e-05 1.000000100000000021e-05 1.000000100000000021e-05 1.000000100000000021e-05 1.000000100000000021e-05 1.000000100000000021e-05 1.000000100000000021e-05 1.000000100000000021e-05 1.000000100000000021e-05 1.000000100000000021e-05 1.000000100000000021e-05 1.000000100000000021e-05 1.000000100000000021e-05 1.000000100000000021e-05 1.000000100000000021e-05 1.000000100000000021e-05 1.000000100000000021e-05 1.000000100000000021e-05 1.000000100000000021e-05 1.000000100000000021e-05 1.000000100000000021e-05
1.000000100000000021e-05 1.000000100000000021e-05 1.000000100000000021e-05 1.000000100000000021e-05 1.000000100000000021e-05 1.000000100000000021e-05 1.000000100000000021e-05 1.000000100000000021e-05 1.000000100000000021e-05 1.000000100000000021e-05 1.000000100000000021e-05 1.000000100000000021e-05 1.000000100000000021e-05 1.000000100000000021e-05 1.000000100000000021e-05 1.000000100000000021e-05 1.000000100000000021e-05 1.000000100000000021e-05 1.000000100000000021e-05 1.000000100000000021e-05 1.000000100000000021e-05 1.000000100000000021e-05 1.000000100000000021e-05 1.000000100000000021e-05 1.000000100000000021e-05 1.000000100000000021e-05 1.000000100000000021e-05 1.000000100000000021e-05 1.000000100000000021e-05 1.000000100000000021e-05 1.000000100000000021e-05 1.000000100000000021e-05 1.000000100000000021e-05 1.000000100000000021e-05 1.000000100000000021e-05 1.000000100000000021e-05 1.000000100000000021e-05
