output/water_depth_2520.asc
ncols 223
nrows 158
xllcorner 0.0
yllcorner 0.0
cellsize 30.0
[rows 68 to 84 of 158, columns 148 to 184 of 223]
6.691911055645970727e-04 4.609454357397324353e-05 1.000000000000000021e-08 1.000000000000000021e-08 1.000000000000000021e-08 1.000000000000000021e-08 1.000000000000000021e-08 1.000000000000000021e-08 1.187836502323239756e-04 6.590359072862551665e-05 1.000000000000000021e-08 1.000000000000000021e-08 1.062582358956479705e-04 1.016870112448886845e-05 5.868690136104774452e-05 1.000000000000000021e-08 1.000000000000000021e-08 1.000000000000000021e-08 1.963144409679055328e-05 2.919550577745309199e-04 3.015701836657140133e-04 4.956012054348161587e-05 4.724605395042261511e-05 6.896075365895412322e-05 6.746584585476851647e-05 4.263672319969631229e-04 4.131468079423543003e-05 1.437920598016910292e-05 7.866999353164779926e-04 2.689487855009692896e-01 1.000000000000000021e-08 1.000000000000000021e-08 1.000000000000000021e-08 1.000000000000000021e-08 5.560536463837850626e-05 5.061408071392194905e-05 1.080531415261208773e-04
2.070199906349959275e-04 5.976659639850845102e-04 1.000000000000000021e-08 1.000000000000000021e-08 1.000000000000000021e-08 1.000000000000000021e-08 1.000000000000000021e-08 1.000000000000000021e-08 1.210782962117219617e-04 1.417397582224269213e-04 1.000000000000000021e-08 1.000000000000000021e-08 1.258053991471581076e-04 2.329433203582912006e-05 8.609871694733129755e-05 1.000000000000000021e-08 1.000000000000000021e-08 1.000000000000000021e-08 1.000000000000000021e-08 1.000000000000000021e-08 1.000000000000000021e-08 1.130982953093559283e-04 1.143887633262904477e-05 1.697352229981738753e-05 1.000000000000000021e-08 1.000000000000000021e-08 1.000000000000000021e-08 1.000000000000000021e-08 1.000000000000000021e-08 2.240744599202475207e-01 1.395964152437584038e-01 3.043911643337956423e-05 1.000000000000000021e-08 1.000000000000000021e-08 1.000000000000000021e-08 4.262219879674966421e-05 1.215565204841560185e-05
3.521952875791336006e-04 2.051962186082958452e-04 1.000000000000000021e-08 1.000000000000000021e-08 1.000000000000000021e-08 1.485757295839624816e-05 1.286520802386877720e-05 1.000000000000000021e-08 2.216012099508151575e-05 1.521361277245374978e-04 1.280151272639361447e-05 1.127618157311560273e-05 1.213098924456353230e-04 3.367295390574338165e-05 1.140740866698289259e-04 3.558635019944120400e-05 1.000000000000000021e-08 1.948187013647191749e-05 2.466295714052798695e-05 1.000000000000000021e-08 1.000000000000000021e-08 1.100216968630748769e-04 1.411890094431827330e-04 1.497052218470411485e-05 2.027462307093396804e-05 1.000000000000000021e-08 1.000000000000000021e-08 1.000000000000000021e-08 3.418211232610031083e-05 4.808070858964723821e-05 2.137544655756366541e-01 1.310379823944130551e-01 1.078332659979340325e-05 1.000000000000000021e-08 1.000000000000000021e-08 6.155554205831200321e-05 1.147121504650056779e-05
5.121892020086609093e-04 2.998153205884284051e-04 2.157646832258777319e-05 1.821976677911031875e-05 1.670910559613996140e-05 2.119415762267367589e-05 1.872617181434481863e-05 1.000000000000000021e-08 2.051746868506372767e-05 2.347174282164916264e-04 2.833178769388640524e-05 1.529463606304607787e-05 1.943425008100102601e-04 5.025495854917273145e-05 1.274724366309531022e-04 5.184608308780021491e-05 1.000000000000000021e-08 1.000000000000000021e-08 1.000000000000000021e-08 1.000000000000000021e-08 2.089218449146930138e-05 1.000000000000000021e-08 1.000000000000000021e-08 1.000000000000000021e-08 1.000000000000000021e-08 3.661412164206588496e-05 4.615567946438550007e-05 9.660394979873325753e-05 1.000000000000000021e-08 1.000000000000000021e-08 1.043851352298633345e-03 3.157225270656345839e-01 2.809607222750399869e-01 6.596086439094097373e-04 1.000000000000000021e-08 1.000000000000000021e-08 1.678464547823751757e-05
1.232088838005987409e-03 2.999063654437401135e-04 3.103969677403053452e-05 3.234173986219713659e-05 2.115617314157035796e-05 3.267002435555505912e-05 2.515509833317232263e-05 1.501721453171455389e-05 2.881109671647246958e-05 2.099742517083866972e-04 2.012952712515531908e-04 5.873137163413943437e-05 2.164090864847694135e-04 4.797708775261886997e-05 2.154561191011885658e-04 4.582754486226890998e-05 1.000000000000000021e-08 1.000000000000000021e-08 2.282358993366566383e-05 1.000000000000000021e-08 3.901896578963450960e-05 1.000000000000000021e-08 1.000000000000000021e-08 1.000000000000000021e-08 1.000000000000000021e-08 1.000000000000000021e-08 2.353760354280803820e-05 5.632425688169877866e-05 1.000000000000000021e-08 1.000000000000000021e-08 1.000000000000000021e-08 1.044044417694722825e-03 2.390803623289824154e-01 1.894228340932083421e-01 1.729524569390151201e-01 4.762367051821723795e-05 1.632212969840755913e-05
1.052797029648637125e-03 9.255566122269870020e-04 4.455298987892897076e-05 4.927758379295207972e-05 4.149699886383043779e-05 3.214216439677839484e-05 3.724343514693556325e-05 1.000000000000000021e-08 2.638554217440023316e-05 2.226134144475337240e-04 4.176937897013624355e-05 2.852405736904540693e-05 2.008704327985188587e-04 8.941500844076162276e-05 2.302885431707498755e-04 4.733176368181244055e-05 1.000000000000000021e-08 1.000000000000000021e-08 6.683293902178884694e-05 1.000000000000000021e-08 5.807551365968125883e-05 1.000000000000000021e-08 1.676001023998302411e-05 1.000000000000000021e-08 1.000000000000000021e-08 1.749990619378599137e-05 1.000000000000000021e-08 1.000000000000000021e-08 4.800909027501263135e-05 1.000000000000000021e-08 1.162655617546448719e-05 3.840808934240947650e-05 1.000000000000000021e-08 1.567706534797806139e-01 1.295852508880420695e-01 2.034966563795736760e-01 1.332603375872513096e-01
1.847534737224407675e-03 1.457929671833264537e-03 6.061147057312714272e-05 1.000000000000000021e-08 3.306460916787155955e-04 9.894338262478991584e-05 4.084263745716532718e-05 1.000000000000000021e-08 2.229790293238677638e-04 1.012765852159010590e-04 3.295104077959391418e-04 3.374540938112156841e-04 2.368755283851771355e-04 4.377323981122866565e-04 5.899270200681817813e-04 1.145757538135575476e-04 1.162915550647577897e-05 2.548773757583779645e-05 1.331571642167514295e-04 2.250529689966566561e-05 7.570563000114380390e-05 4.934457686496034149e-05 3.364711556715918665e-05 1.289698245304119049e-05 1.000000000000000021e-08 1.000000000000000021e-08 2.937236547268797199e-04 3.516782298833534857e-05 1.000000000000000021e-08 1.000000000000000021e-08 1.000000000000000021e-08 3.614406106960229485e-05 1.000000000000000021e-08 3.165308665944984926e-05 1.600872723591176543e-04 7.935925613782854110e-05 6.727088340030341895e-02
1.675419480546242595e-03 1.328854208382353880e-03 5.047169072811144921e-04 2.117374173535032690e-03 3.593500280360591853e-02 2.112432491734802728e-02 1.560516935107405384e-02 1.190368938099770242e-02 8.183317502695545628e-03 5.953999256660848574e-03 8.649196540410589162e-02 1.329116807400568534e-01 1.596039871423134693e-01 1.221323527104262729e-01 2.962768144135907722e-01 2.719715306809568633e-01 2.177961671975116587e-01 2.806042191179153877e-01 2.296349526616255077e-01 1.548668142269264136e-01 2.275079481391646952e-01 1.276948134984270122e-01 7.165741540229293716e-02 1.358428926283039594e-04 1.804398276108866266e-04 2.262658850204173197e-05 8.545326332853574181e-02 1.108773491503212694e-01 5.468527394778114475e-02 3.450922604757045847e-02 3.026413002963260560e-02 1.102634615326808997e-04 1.599211273125329279e-05 3.624970541297099465e-05 3.069639410887295633e-05 5.369795420152696043e-05 3.395038267676434018e-02
7.221564320663700909e-02 8.838415030478118106e-02 1.999750242351156782e-01 1.646690387214154450e-01 8.710513856387108733e-02 1.062863594521059607e-01 1.215560834319977523e-01 1.369301406739734661e-01 2.285857857653507685e-01 1.858907069885514241e-01 7.903738109805327761e-02 4.326302137645074430e-02 2.657723435202468190e-02 7.323595101692603748e-02 4.053566692569606639e-02 3.671930201465075511e-02 1.000000000000000021e-08 2.912159464919347913e-04 5.442423128003578926e-04 8.126145728089316511e-02 4.387221104944553224e-02 2.849811492357398612e-01 2.495276189554759549e-01 2.519520688824528065e-01 2.527661012784918615e-01 2.517392379415756554e-01 1.632637943293180627e-01 1.327917889256929884e-01 1.820372363592661913e-01 2.009770729486645147e-01 2.161308143211730370e-01 2.058844876195167484e-01 1.001326517489604245e-01 4.866341978674441210e-02 2.362469355361575957e-02 1.578306336035441640e-02 2.361616253954520322e-02
7.742868405254796360e-02 2.160355321212070745e-02 1.976256711873995361e-02 6.363116788058536220e-03 2.733318225167500519e-04 7.390911091966840185e-04 6.728271009478440246e-05 2.477842308982264603e-05 6.619367802600642817e-05 1.336577365887555910e-04 1.256078995022005434e-05 2.657361588389420856e-05 1.000000000000000021e-08 2.985899183741619659e-04 9.032502699662421511e-05 4.028513515375343481e-05 1.000000000000000021e-08 2.639117809455747833e-04 4.631679334056719877e-04 2.958288960632947861e-04 2.120860778685201191e-04 4.310453060136725358e-04 1.302012438289072694e-04 1.000000000000000021e-08 4.435921561417025585e-05 2.598307739353053936e-04 4.351746562396510850e-05 1.000000000000000021e-08 3.367596657547577792e-05 4.234926256766573385e-05 6.386358412987131221e-05 1.084419144655512706e-04 9.456081393664637902e-02 1.349814939780882850e-01 1.494229044341905399e-01 7.746253560493750190e-02 5.031524011858772710e-02
1.533043956384382706e-03 1.054519038113997762e-04 1.000000000000000021e-08 5.197954542124920603e-05 4.115172880127174865e-04 1.598043871037392171e-04 8.544639638976249331e-05 6.968119170478914075e-05 1.000000000000000021e-08 7.052804370986332449e-05 1.128946523249039938e-04 1.136045347819689781e-05 1.000000000000000021e-08 2.017664548954741053e-04 4.257186879958339880e-05 2.156081849803345301e-05 1.000000000000000021e-08 3.031389107791836223e-04 4.405136111234282995e-04 1.000000000000000021e-08 6.645996067922334142e-05 2.140870583055423182e-04 1.093495030706718979e-05 1.018425386637729239e-05 5.967392351147076307e-05 3.896853731742577239e-05 2.265184500547883471e-05 1.000000000000000021e-08 1.000000000000000021e-08 1.000000000000000021e-08 1.000000000000000021e-08 1.000000000000000021e-08 3.442438251336638597e-04 1.136566347892522475e-04 1.807403666745669921e-04 7.379098458125582516e-02 6.023219618853068585e-02
2.921489446203496014e-04 1.250321806819518406e-04 1.146561732591666586e-05 4.771153711974122599e-05 4.383705496682784421e-04 8.417749438526722563e-05 6.013223476046054866e-05 4.467110070831631298e-05 1.000000000000000021e-08 3.173148048335789240e-05 3.548410298195231932e-05 2.293486571233625739e-05 1.000000000000000021e-08 3.828791010780520745e-05 1.541161444683997807e-05 1.203710195872537618e-05 1.000000000000000021e-08 3.685020885153685814e-04 1.335724602998657632e-05 1.000000000000000021e-08 4.327811430844519090e-05 1.101000547813563103e-04 1.000000000000000021e-08 1.000000000000000021e-08 7.176253560226124068e-05 2.650395784587338766e-05 1.576560862037061907e-05 1.000000000000000021e-08 1.000000000000000021e-08 1.000000000000000021e-08 1.000000000000000021e-08 4.979162453382998411e-05 4.080640970169408964e-04 5.040157306208320687e-05 7.599443480544783595e-05 2.436859434455823002e-05 5.726489624036366216e-02
2.001156337394488353e-04 9.883252480055651891e-05 1.000000000000000021e-08 3.130821648709886963e-05 4.862943422020005310e-04 3.601529004315520368e-05 2.484867759208442782e-05 2.987796935883259535e-05 2.332920748204361035e-05 2.238001251037921653e-05 2.371255910924847498e-05 2.013609152272324984e-05 1.445477655726344382e-05 2.805401947664618297e-05 1.203363747260273968e-04 1.000000000000000021e-08 1.000000000000000021e-08 2.655357693343022218e-04 1.259813989287616868e-04 1.000000000000000021e-08 4.803297904097296396e-05 9.400401154429843874e-05 1.000000000000000021e-08 1.000000000000000021e-08 1.000000000000000021e-08 1.738514162248529097e-04 1.000000000000000021e-08 1.000000000000000021e-08 1.000000000000000021e-08 1.792346552477284163e-05 3.859138264028873412e-05 3.252391236175407991e-04 2.960673581797325198e-04 2.378931854092681937e-05 1.000000000000000021e-08 3.926086365446339576e-05 9.087055663606418917e-05
1.587342139230097878e-04 5.120413004481488622e-04 2.900116146154755440e-05 3.231455301904265795e-05 3.460994547261101676e-04 2.892159158696612405e-05 1.000000000000000021e-08 1.796087221031163279e-05 1.779200731958426813e-05 1.088149869769316492e-05 1.640070610464369047e-05 1.546351293813640065e-05 1.000000000000000021e-08 2.480357983420680172e-05 5.702458875218537927e-05 3.883181034826233675e-05 1.000000000000000021e-08 1.062522663643830769e-04 1.438182504542332644e-04 3.766077607402367090e-05 5.744984737387626563e-05 6.236936233497097199e-05 8.221635602848727730e-05 8.291568982171686674e-05 1.448526203983548628e-05 1.489396204497211430e-05 1.000000000000000021e-08 1.495441815163571751e-05 1.748868001068492361e-05 1.968664320611426908e-04 2.020982094793663639e-04 1.813203155814102662e-04 1.000000000000000021e-08 1.313729597683546608e-05 1.732908641697416548e-05 1.548815862719168541e-05 3.300106201002791557e-05
9.746336972172864050e-05 3.220844891564261271e-04 1.828913021634053887e-05 2.364729210559364918e-05 2.291036624827821791e-04 2.344434725158555494e-04 1.000000000000000021e-08 1.174227709368030724e-05 1.000000000000000021e-08 1.000000000000000021e-08 1.000000000000000021e-08 1.367737128957318978e-05 1.230791786557899556e-05 1.000000000000000021e-08 7.120702386320769937e-05 1.000000000000000021e-08 1.000000000000000021e-08 4.171995049427193117e-05 5.904606060697128165e-05 4.809343575993848369e-05 4.587454656959356170e-05 1.226327560178912626e-04 2.175549465231184669e-04 3.298637606119028437e-04 2.847505662079960259e-04 1.000000000000000021e-08 1.246895411079499732e-05 1.720086261870492248e-05 1.634370874872144748e-05 1.900648281490043847e-04 2.161393209090303792e-05 2.719035177041378482e-05 2.566181681766486073e-05 3.633171422730824529e-05 3.454052005534520776e-05 3.337992969200465537e-05 2.298918987638569493e-05
4.455308967287922124e-04 1.554054744627372537e-04 1.000000000000000021e-08 4.342663142027096868e-05 3.317279620195396901e-04 2.882967021462786320e-05 1.000000000000000021e-08 1.000000000000000021e-08 1.000000000000000021e-08 8.155244709668074438e-05 6.135163773867003529e-05 1.024469496518852983e-05 1.000000000000000021e-08 4.822582157348646815e-05 5.227134569923460726e-05 4.699815979809392593e-05 3.881411211816890013e-05 3.775217815180754262e-05 3.992294595802122609e-05 6.721111122573712076e-05 8.617955786515487130e-05 1.000000000000000021e-08 1.000000000000000021e-08 1.000000000000000021e-08 1.091412403861218162e-05 1.463713118176879541e-05 2.438832188378844347e-05 1.000000000000000021e-08 1.539045833510519686e-05 1.754477449535741789e-05 1.000000000000000021e-08 1.602474795728127283e-05 1.832550001430291632e-05 2.146225405767077725e-05 2.437062293831004800e-05 1.860541876259702934e-04 2.228657398777203306e-04
2.161118569411840879e-04 1.059272096370023010e-04 1.000000000000000021e-08 2.777620606140027981e-05 1.759275655573806156e-04 1.000000000000000021e-08 1.000000000000000021e-08 1.000000000000000021e-08 3.642735998785835206e-05 4.466885276821210379e-05 4.212168509420633953e-05 1.000000000000000021e-08 1.000000000000000021e-08 6.213440087106911235e-05 3.884239237567447129e-05 6.831922825464627083e-05 1.000000000000000021e-08 5.670880624849133640e-05 1.000000000000000021e-08 1.000000000000000021e-08 1.000000000000000021e-08 1.000000000000000021e-08 1.000000000000000021e-08 1.907305618131183237e-05 3.011760781151500612e-05 1.000000000000000021e-08 1.000000000000000021e-08 1.529354987529201067e-04 1.653942964179008811e-04 1.742786338064092528e-04 3.636820260141754519e-04 5.283660389137644119e-04 4.758560519559446251e-04 3.577598238027124354e-04 2.896172890256201032e-04 2.676994811880694107e-04 1.911149760622633895e-04
