output/water_depth_5160.asc
ncols 223
nrows 158
xllcorner 0.0
yllcorner 0.0
cellsize 30.0
[rows 85 to 101 of 158, columns 111 to 147 of 223]
3.138425108149430734e-04 2.272529656908981767e-03 2.513444183459584858e-03 2.012825803756213266e-03 1.512955719265434611e-03 8.359239609856451442e-04 1.398989770381811951e-03 1.174164544487215148e-02 1.530264899279741402e-02 5.148915577188503158e-03 1.118251120872426878e-03 7.783680820306362836e-04 9.583903057107788395e-05 4.062553291084180411e-04 2.609268062528347066e-04 1.728811671842723130e-04 1.285120606466781960e-04 1.181027619779262058e-04 1.000000000000000021e-08 1.000000000000000021e-08 1.000000000000000021e-08 1.000000000000000021e-08 2.658232511804451965e-04 1.140654309506120012e-04 1.000000000000000021e-08 1.000000000000000021e-08 1.000000000000000021e-08 1.120287113097758971e-04 1.166906510026575794e-04 6.609005407950832665e-05 2.560898104641427789e-05 1.567434754702814331e-05 1.267060079521604750e-05 1.000000000000000021e-08 1.085790698849571099e-05 1.052143855163690443e-04 3.674437294812068165e-05
1.553451527603486905e-03 1.010263298729133837e-03 1.796724754495688994e-04 4.713122468191906721e-04 1.889457658910657575e-03 4.566490818263556394e-04 1.531014285546300393e-03 7.661610416808893077e-03 2.255620789016667821e-02 3.733756896171606075e-03 5.765559929714099289e-04 6.966242885626767545e-05 2.951171882040267178e-05 5.203414702453334605e-05 2.888760920696661444e-05 6.026937137148268741e-05 1.348517504245754124e-04 1.449791098463086938e-04 1.098613797494471156e-05 1.000000000000000021e-08 1.000000000000000021e-08 1.000000000000000021e-08 4.057599172227830796e-04 2.350643647105617163e-04 1.383822135634183104e-05 1.638629154445249173e-05 1.261164486018449921e-05 1.509550443836438216e-04 7.468373942392356906e-05 4.345124191593489703e-05 1.874169184456696925e-05 1.124565088395740005e-05 1.000000000000000021e-08 1.000000000000000021e-08 1.223819194402891388e-05 6.533663508301081068e-05 2.850867859396739724e-05
5.255873139021433136e-04 1.723598096848568350e-04 1.000000000000000021e-08 4.358148119555657965e-04 1.378792168934716688e-03 2.192770459222673912e-03 7.237872681387378174e-04 5.844687213831430139e-02 2.883410331221606185e-02 2.802874145290804465e-03 1.000000000000000021e-08 2.180459256659031582e-05 4.820879235778926792e-05 3.414592000350776251e-05 5.190436148985931000e-05 9.138621097562201845e-05 2.270196902903685290e-04 8.956248229382660097e-05 3.118983266971392317e-05 3.137417010070987945e-05 2.394749665330010322e-05 2.835252335296470296e-04 3.982012220906289732e-04 3.112886021396354128e-04 1.147771331613195385e-04 7.033653260559250833e-05 4.869964212013275028e-05 2.045475266753130539e-05 1.831578959061755962e-05 1.201910268758114332e-05 1.000000000000000021e-08 1.000000000000000021e-08 1.000000000000000021e-08 1.000000000000000021e-08 1.104612838916956622e-05 3.387500391244433303e-05 1.000000000000000021e-08
8.236089179733164806e-04 1.087867144274743585e-04 1.000000000000000021e-08 2.287843054740033757e-05 1.050685107985976485e-03 2.550380156964969654e-04 7.424700818819168942e-04 2.185535551280643862e-04 3.965568329320379864e-02 2.100740033493252255e-03 7.608531092830439870e-05 2.705970170264629469e-04 6.985405343428671167e-05 1.446314966979509353e-04 1.594261035671921771e-04 3.115905193541551577e-04 2.641230859416893715e-04 3.823377794517342850e-04 2.594338348014794434e-05 1.219285310569368853e-04 6.701815680830114038e-05 4.242969815487250616e-04 4.588862172181544714e-04 1.060634978128169195e-04 6.270166146455077101e-05 5.491688992092452293e-05 5.264917006540713399e-05 6.399971053653249228e-05 3.841314839616591988e-05 1.955240100810109978e-05 1.003939268412150190e-05 1.000000000000000021e-08 1.000000000000000021e-08 1.000000000000000021e-08 1.322625137498124522e-05 1.008156314388116413e-05 1.000000000000000021e-08
1.664976094773538279e-03 5.259092203389080034e-04 1.649414942566049619e-05 2.919444940331965765e-05 8.681469321575599680e-05 4.553141193040505913e-04 2.424026170500808049e-04 7.233157641095917714e-04 2.165279445017399135e-02 1.413204355468357723e-02 3.092041063293263009e-04 2.056612526254840575e-04 1.000000000000000021e-08 1.000000000000000021e-08 2.551775370860599794e-05 4.777986500737352072e-05 2.014160228872191084e-04 8.854407205803904203e-04 1.322560377518617518e-04 5.138765316964377975e-05 5.351406122418446404e-05 2.816211662071852349e-05 5.435536979453099905e-05 2.477253610697231155e-05 2.336561897673356417e-05 1.759690567801137616e-05 2.051791164790646088e-05 2.027267860244463807e-05 2.583399306313024767e-05 2.435564740491894670e-05 1.296679104439703675e-05 1.000000000000000021e-08 1.000000000000000021e-08 1.000000000000000021e-08 1.000000000000000021e-08 1.000000000000000021e-08 1.000000000000000021e-08
2.176114860954151548e-03 4.693711060400686773e-03 1.357840306171999778e-04 4.984199403400122228e-05 1.025928791955665117e-04 4.338472234977740617e-04 4.398787100680568623e-04 5.662615499255941893e-04 1.315875782343553860e-02 1.587353770507369394e-02 8.103458443578176809e-03 7.915097967459875728e-04 1.095878679347700273e-04 1.000000000000000021e-08 1.000000000000000021e-08 1.000000000000000021e-08 6.328489219805141341e-05 2.800777619568644065e-04 1.366816434960456622e-04 1.057256085410277174e-04 3.101536153427822997e-05 2.293362327747088992e-05 1.000000000000000021e-08 1.009293470211949036e-05 1.162202537830225800e-05 1.512528286786276283e-05 1.000000000000000021e-08 1.000000000000000021e-08 1.000000000000000021e-08 1.000000000000000021e-08 1.524560457083689020e-05 1.000000000000000021e-08 1.000000000000000021e-08 1.000000000000000021e-08 1.000000000000000021e-08 1.000000000000000021e-08 1.000000000000000021e-08
4.857499992357666024e-03 6.132839209646727234e-03 2.104279473418455611e-03 1.766275327304852802e-03 5.930642860951483575e-04 2.707770542044697290e-03 2.452510999822586461e-03 6.849249128760572479e-04 1.088730346325488853e-02 1.334842250246721061e-02 1.107090194326032159e-02 7.343189645136800718e-03 6.009915569770219509e-04 6.826066651764020675e-05 1.000000000000000021e-08 1.000000000000000021e-08 5.426779609023411302e-05 2.664090177748958165e-04 5.424701669421209092e-04 1.015473243880801946e-04 2.134369156803568232e-05 1.000000000000000021e-08 1.000000000000000021e-08 1.518443640148183475e-05 1.390469561745435580e-05 1.468389526850511403e-05 1.000000000000000021e-08 1.000000000000000021e-08 1.000000000000000021e-08 1.000000000000000021e-08 1.000000000000000021e-08 1.000000000000000021e-08 1.000000000000000021e-08 1.000000000000000021e-08 1.000000000000000021e-08 1.000000000000000021e-08 1.233069684348339581e-05
1.410617397802441022e-03 2.359736960673907910e-03 3.227304442046574108e-03 1.595892735567342076e-03 1.884313252769390361e-03 9.532366952889720054e-04 1.941783260426723032e-03 8.463332896306199459e-04 7.285509370694314563e-03 2.226727093818856376e-02 3.379969533422589462e-02 2.331423808433037356e-02 8.665856862574088104e-03 6.066394950967349264e-03 3.717282670094982679e-03 5.487234846542774803e-03 8.497650047486952560e-03 1.001960049389517306e-02 1.661008981624042397e-02 4.503082100592234460e-04 1.000000000000000021e-08 1.000000000000000021e-08 1.000000000000000021e-08 1.623083141565933365e-05 1.115074980162301512e-05 1.000000000000000021e-08 1.000000000000000021e-08 1.000000000000000021e-08 1.000000000000000021e-08 1.000000000000000021e-08 1.000000000000000021e-08 1.000000000000000021e-08 1.000000000000000021e-08 1.000000000000000021e-08 1.000000000000000021e-08 1.000000000000000021e-08 1.000000000000000021e-08
9.605696103067581319e-04 1.680032947033967446e-03 1.582679609516660481e-03 2.734185750056894286e-03 1.481838203452318873e-03 3.341089009507802743e-03 2.462429844012084968e-03 4.490516790378101461e-03 6.629945600039049633e-03 7.742855967638415451e-03 3.500662035947543424e-03 1.175721685840498860e-02 1.273309438627757799e-02 9.661447572048374038e-03 1.364282679663965381e-02 1.223299771122464408e-02 1.103746124452897187e-02 9.224126468472019016e-03 1.801778675105356747e-02 1.710994408630232833e-02 1.543139076435074293e-05 1.000000000000000021e-08 1.000000000000000021e-08 1.000000000000000021e-08 1.000000000000000021e-08 1.000000000000000021e-08 1.000000000000000021e-08 1.981190693050107032e-05 2.025385944055576839e-05 1.000000000000000021e-08 1.000000000000000021e-08 1.000000000000000021e-08 1.000000000000000021e-08 1.000000000000000021e-08 1.000000000000000021e-08 1.000000000000000021e-08 1.000000000000000021e-08
1.346120486016390240e-03 1.180070884783506304e-03 4.183981893994348847e-03 6.216496988714173208e-03 4.702745316946297521e-02 1.591160584491249294e-02 8.340312629257620736e-03 5.630231672601774054e-03 1.119988149449671969e-02 3.573266707440805878e-03 4.589488328115162719e-03 4.882275696950166138e-03 9.318125778237571627e-03 1.525008217871643389e-02 3.234056694476438072e-03 1.536826541276024036e-03 9.967937878620327166e-04 1.580916493210487127e-03 1.938009329042610779e-02 2.961066625709196654e-02 8.355610609434263223e-05 1.000000000000000021e-08 1.000000000000000021e-08 1.000000000000000021e-08 1.000000000000000021e-08 1.883655967888735240e-05 2.104092132075585731e-05 2.520071235653595449e-05 1.000000000000000021e-08 1.556823186027377231e-05 1.000000000000000021e-08 1.000000000000000021e-08 1.000000000000000021e-08 1.000000000000000021e-08 1.000000000000000021e-08 1.000000000000000021e-08 1.000000000000000021e-08
6.189681670766242509e-04 6.696817155916474484e-04 7.122158740265456750e-04 1.569360730926682140e-03 1.387254212771829760e-03 2.667532200875302739e-03 3.198753546109666095e-03 6.430187071004114449e-03 9.526919885623074888e-03 1.526740413181683700e-02 1.456068115183139014e-02 1.444649457089361433e-02 8.487411269374377232e-03 1.058127246726519102e-02 5.589492989178520069e-03 6.332079834668940740e-03 3.820663641556558930e-03 5.043131587265889740e-03 4.385567769963099292e-03 3.123136969768165391e-02 8.658645055150973005e-05 1.000000000000000021e-08 1.000000000000000021e-08 1.000000000000000021e-08 1.000000000000000021e-08 1.000000000000000021e-08 1.000000000000000021e-08 2.845188405549149398e-05 1.278651305090263558e-05 1.000000000000000021e-08 1.000000000000000021e-08 1.000000000000000021e-08 1.000000000000000021e-08 1.000000000000000021e-08 1.000000000000000021e-08 1.000000000000000021e-08 1.000000000000000021e-08
3.551005043014511964e-04 3.563200991019867389e-04 3.379008053739244251e-04 4.036085944730557584e-04 1.096410257457919486e-03 2.116961476270295441e-03 1.450909461776921615e-03 1.313322696163731276e-03 1.188911559652291658e-02 7.795348043174365679e-03 6.693941863999629781e-03 1.000933087155676110e-02 1.186301886840719112e-02 7.551538435329554523e-03 9.943865876526805647e-03 4.302455623314258015e-03 5.921777083764913872e-03 3.536350343453167986e-03 7.016410738427489129e-03 2.570154899243608931e-02 8.594025410943040429e-05 1.000000000000000021e-08 1.000000000000000021e-08 1.000000000000000021e-08 1.000000000000000021e-08 1.000000000000000021e-08 1.000000000000000021e-08 1.000000000000000021e-08 1.000000000000000021e-08 1.000000000000000021e-08 1.000000000000000021e-08 1.000000000000000021e-08 1.000000000000000021e-08 1.000000000000000021e-08 1.000000000000000021e-08 1.000000000000000021e-08 1.000000000000000021e-08
8.542105929218859551e-04 1.443767938782889414e-04 1.404971576379030905e-04 1.449720612112727521e-04 1.196392137481568996e-03 2.011000419732958226e-03 1.779083096764796576e-03 1.650313492257205090e-03 7.926213417359499486e-04 8.590210123069359424e-03 1.359538189891970833e-03 3.847485262968132827e-03 3.434383755582800374e-03 8.491957974969788561e-03 5.855496351738415269e-03 8.192790268610710205e-03 5.568623166647249795e-03 6.174787883018856977e-03 8.521187269358089164e-03 2.984064074103895403e-02 8.527256925929621535e-05 1.000000000000000021e-08 1.000000000000000021e-08 1.000000000000000021e-08 1.000000000000000021e-08 1.000000000000000021e-08 1.000000000000000021e-08 1.000000000000000021e-08 1.000000000000000021e-08 1.000000000000000021e-08 1.000000000000000021e-08 1.000000000000000021e-08 1.000000000000000021e-08 1.000000000000000021e-08 1.000000000000000021e-08 1.000000000000000021e-08 1.000000000000000021e-08
1.006347479843845314e-03 8.282976189316756336e-04 3.012557692369532709e-04 4.924848037404205283e-04 8.464314500394736244e-05 2.728766266338242784e-04 2.831348923261261738e-04 4.266462796519627002e-04 3.868614826880114764e-04 6.069061144317790951e-03 3.687902129728485613e-03 1.604942898412689556e-03 3.886088259728316327e-03 3.890242914757981087e-03 1.019660466077579146e-02 1.253438061717471533e-02 7.186819755793300013e-03 5.770574845316826622e-03 1.332923320930197789e-02 3.561764293184976893e-02 2.015110351838257446e-04 1.083748348018062914e-05 1.000000000000000021e-08 1.000000000000000021e-08 1.000000000000000021e-08 1.000000000000000021e-08 1.000000000000000021e-08 1.000000000000000021e-08 1.000000000000000021e-08 1.000000000000000021e-08 1.000000000000000021e-08 1.000000000000000021e-08 1.000000000000000021e-08 1.000000000000000021e-08 1.313805549829807913e-05 1.000000000000000021e-08 1.000000000000000021e-08
4.143754254473992586e-03 1.571496059895183348e-03 1.576165681021077019e-03 6.421968672763766258e-04 6.052194659235455611e-04 2.726300640983994909e-04 4.323755412418980675e-04 2.703564799258454548e-04 1.006647156301737882e-03 1.553665955548670652e-03 6.147268860751293161e-03 6.191862476541905996e-03 5.583693156130341544e-04 3.946851810201125292e-03 3.293897168758551895e-03 9.055152596623122774e-03 4.225537030824943856e-03 3.253926033746433466e-03 3.434372270514233182e-03 3.599655799167397752e-02 1.015147890784957700e-02 2.607898725608553088e-05 1.000000000000000021e-08 1.000000000000000021e-08 1.628061816368862969e-05 1.000000000000000021e-08 1.000000000000000021e-08 1.000000000000000021e-08 1.000000000000000021e-08 1.000000000000000021e-08 1.000000000000000021e-08 1.295275686656129222e-05 2.408425883650699848e-05 1.000000000000000021e-08 1.000000000000000021e-08 1.000000000000000021e-08 1.000000000000000021e-08
6.651493527196270222e-04 1.835494179600470144e-03 1.054531889191921961e-03 1.437332142063115978e-03 6.336009110823244981e-04 7.672407968582444079e-04 3.732131894626408404e-04 5.480744117242459081e-04 2.229971289735137600e-04 1.247447625852002653e-03 4.959953451316285143e-03 6.819929710579545473e-03 1.673236590346396588e-03 1.293500292535544344e-03 5.151319967156401530e-03 3.698192311185568952e-03 4.743682567746206752e-03 4.787295790430671875e-03 2.663964341376768869e-03 3.170703952430530687e-02 6.833708634963870515e-03 1.000000000000000021e-08 2.307675278947904840e-05 2.413311399328129335e-05 2.166065198017514933e-05 1.000000000000000021e-08 1.127901414789424116e-05 1.012307011699242205e-05 1.000000000000000021e-08 1.000000000000000021e-08 1.000000000000000021e-08 1.854030288236264894e-05 3.285657407553471400e-05 1.000000000000000021e-08 1.000000000000000021e-08 1.000000000000000021e-08 1.000000000000000021e-08
8.951151505698621723e-04 8.550105849139116995e-04 1.623542874249239145e-03 9.499875929095632533e-04 1.335153032186711577e-03 6.525616263789734989e-04 8.675458880443815768e-04 4.398935361530010766e-04 5.578013400400224199e-04 5.618998404592176650e-04 1.644696168665896966e-03 1.421854879786560617e-02 1.953418023697716267e-03 1.331024298387750802e-03 2.210118557796483113e-03 4.759810472754590419e-03 3.252354986143435843e-03 4.203337784272885916e-03 6.910631885094377543e-03 3.546143224169012037e-02 1.460019971772275179e-03 1.000000000000000021e-08 1.000000000000000021e-08 1.000000000000000021e-08 3.629032789220885421e-05 2.268389725208474011e-05 2.127737406067509046e-05 2.089488585765200053e-05 1.832605473889026011e-05 1.081154793589650696e-05 1.000000000000000021e-08 1.596591946846637189e-05 1.000000000000000021e-08 1.000000000000000021e-08 1.000000000000000021e-08 1.000000000000000021e-08 1.000000000000000021e-08
