output/water_depth_9480.asc
ncols 223
nrows 158
xllcorner 0.0
yllcorner 0.0
cellsize 30.0
[rows 119 to 135 of 158, columns 185 to 221 of 223]
3.491465009254884883e-05 2.948731868047165054e-05 2.778928685846044841e-05 1.000000000000000021e-08 1.000000000000000021e-08 1.000000000000000021e-08 1.000000000000000021e-08 3.646283978522024964e-05 6.502394255186818607e-04 1.571284425221156356e-01 1.756289114670121498e-01 1.595553068781747352e-01 1.695817544885104833e-01 3.286322165281466297e-04 4.794045790712141223e-05 1.044007929276662247e-05 1.664444756412050865e-05 2.863516279452662432e-05 3.571901673461648800e-05 1.213471951362445640e-05 1.000000000000000021e-08 1.000000000000000021e-08 2.001938816871456079e-05 1.673398476280446763e-05 1.122277209058080935e-05 1.000000000000000021e-08 1.000000000000000021e-08 1.000000100000000021e-05 1.000000100000000021e-05 1.000000100000000021e-05 1.000000100000000021e-05 1.000000100000000021e-05 1.000000100000000021e-05 1.000000100000000021e-05 1.000000100000000021e-05 1.000000100000000021e-05 1.000000100000000021e-05
1.000000000000000021e-08 1.000000000000000021e-08 1.000000000000000021e-08 1.000000000000000021e-08 1.000000000000000021e-08 1.000000000000000021e-08 1.000000000000000021e-08 1.000000000000000021e-08 7.131778916443403174e-05 8.508460555659679014e-02 1.000000000000000021e-08 8.725319552499399833e-02 2.610723909045197422e-04 2.404977374494627403e-04 3.825327056104617726e-05 1.330762858912619491e-05 1.000000000000000021e-08 1.000000000000000021e-08 1.000000000000000021e-08 3.401322041816148687e-05 1.699860051889497559e-05 1.650804750915102050e-05 1.489923246647326720e-05 1.408346574122635775e-05 1.446283220820953370e-05 1.303824365826460010e-05 1.000000000000000021e-08 1.000000100000000021e-05 1.000000100000000021e-05 1.000000100000000021e-05 1.000000100000000021e-05 1.000000100000000021e-05 1.000000100000000021e-05 1.000000100000000021e-05 1.000000100000000021e-05 1.000000100000000021e-05 1.000000100000000021e-05
1.000000000000000021e-08 1.000000000000000021e-08 1.000000000000000021e-08 1.000000000000000021e-08 1.806924755221951987e-05 1.000000000000000021e-08 1.000000000000000021e-08 1.000000000000000021e-08 1.000000000000000021e-08 1.041434381742845638e-01 1.110612712737281682e-01 5.181637704028496660e-02 1.935065160795251121e-02 2.818713009645424034e-04 1.035249051570959981e-04 8.633745525566377109e-05 8.121276602725271900e-05 3.384690439689113853e-05 4.061709111044684505e-05 1.759166154578497106e-05 1.203826731343817683e-05 1.000000000000000021e-08 1.000000000000000021e-08 1.000000000000000021e-08 1.000000000000000021e-08 1.000000000000000021e-08 1.000000100000000021e-05 1.000000100000000021e-05 1.000000100000000021e-05 1.000000100000000021e-05 1.000000100000000021e-05 1.000000100000000021e-05 1.000000100000000021e-05 1.000000100000000021e-05 1.000000100000000021e-05 1.000000100000000021e-05 1.000000100000000021e-05
1.000000000000000021e-08 1.000000000000000021e-08 1.000000000000000021e-08 1.000000000000000021e-08 2.011304235476607234e-05 1.000000000000000021e-08 1.000000000000000021e-08 3.178173898344110321e-03 1.809112904457409743e-01 2.691884648193351159e-01 7.290781782829389157e-02 1.224316074584168579e-01 4.807749496230953080e-03 2.526057840767416553e-05 2.364919612874684591e-05 3.575574986104594312e-05 4.005020772920175757e-05 3.627540171506672966e-05 1.000000000000000021e-08 1.000000000000000021e-08 1.000000000000000021e-08 1.000000000000000021e-08 1.000000000000000021e-08 1.000000000000000021e-08 1.000000000000000021e-08 1.000000000000000021e-08 1.000000100000000021e-05 1.000000100000000021e-05 1.000000100000000021e-05 1.000000100000000021e-05 1.000000100000000021e-05 1.000000100000000021e-05 1.000000100000000021e-05 1.000000100000000021e-05 1.000000100000000021e-05 1.000000100000000021e-05 1.000000100000000021e-05
1.000000000000000021e-08 1.000000000000000021e-08 1.000000000000000021e-08 1.000000000000000021e-08 1.000000000000000021e-08 6.352714237556822408e-02 1.244912997240160829e-01 2.316927905175869828e-01 1.827947444727021364e-01 1.002722187921109825e-03 2.603181042805591738e-04 3.279574371819302830e-04 4.226733338146560897e-05 1.613645474452074204e-05 1.000000000000000021e-08 1.000000000000000021e-08 1.000000000000000021e-08 1.000000000000000021e-08 1.000000000000000021e-08 1.000000000000000021e-08 1.000000000000000021e-08 1.000000000000000021e-08 1.000000000000000021e-08 1.000000000000000021e-08 1.000000000000000021e-08 1.000000000000000021e-08 1.000000100000000021e-05 1.000000100000000021e-05 1.000000100000000021e-05 1.000000100000000021e-05 1.000000100000000021e-05 1.000000100000000021e-05 1.000000100000000021e-05 1.000000100000000021e-05 1.000000100000000021e-05 1.000000100000000021e-05 1.000000100000000021e-05
1.000000000000000021e-08 1.000000000000000021e-08 1.000000000000000021e-08 4.360228750704187896e-04 9.652474003000637015e-02 9.530544022175511942e-02 1.259371750633156428e-01 8.172229726219156680e-04 1.069409020758042318e-03 1.000000000000000021e-08 1.000000000000000021e-08 1.000000000000000021e-08 1.000000000000000021e-08 2.148865732884061157e-05 2.166383619990669003e-05 1.182876598505341718e-05 1.052863196241839021e-05 1.015491773598184208e-05 1.000000000000000021e-08 1.000000000000000021e-08 1.000000000000000021e-08 1.000000000000000021e-08 1.000000000000000021e-08 1.000000000000000021e-08 1.000000000000000021e-08 1.000000000000000021e-08 1.000000100000000021e-05 1.000000100000000021e-05 1.000000100000000021e-05 1.000000100000000021e-05 1.000000100000000021e-05 1.000000100000000021e-05 1.000000100000000021e-05 1.000000100000000021e-05 1.000000100000000021e-05 1.000000100000000021e-05 1.000000100000000021e-05
1.000000000000000021e-08 1.000000000000000021e-08 1.000000000000000021e-08 3.621623976574257797e-04 3.402872328861829554e-01 3.361040503717651062e-01 2.891062711498627283e-04 1.000000000000000021e-08 1.000000000000000021e-08 1.000000000000000021e-08 1.000000000000000021e-08 1.223860332184650238e-05 3.337831422500856220e-03 4.039518297445734464e-03 1.640575366041485783e-05 1.748613666858940427e-05 1.507734535551292666e-05 1.719619657907441542e-05 1.000000000000000021e-08 1.000000000000000021e-08 1.000000000000000021e-08 1.000000000000000021e-08 1.000000000000000021e-08 1.000000000000000021e-08 1.000000000000000021e-08 1.000000000000000021e-08 1.000000100000000021e-05 1.000000100000000021e-05 1.000000100000000021e-05 1.000000100000000021e-05 1.000000100000000021e-05 1.000000100000000021e-05 1.000000100000000021e-05 1.000000100000000021e-05 1.000000100000000021e-05 1.000000100000000021e-05 1.000000100000000021e-05
1.179247376443964936e-05 1.000000000000000021e-08 1.000000000000000021e-08 3.777067303438460069e-04 3.347238183195864747e-01 3.276582121128603919e-01 2.368304230363778133e-04 1.000000000000000021e-08 1.000000000000000021e-08 1.000000000000000021e-08 1.000000000000000021e-08 1.224146175169118765e-05 5.845446140420943988e-04 1.073819610713406786e-05 1.550083178570556351e-05 1.000000000000000021e-08 1.279822841280687582e-05 1.000000000000000021e-08 1.000000000000000021e-08 1.000000000000000021e-08 1.000000000000000021e-08 1.000000000000000021e-08 1.000000000000000021e-08 1.212372533404950850e-05 1.000000000000000021e-08 1.000000000000000021e-08 1.000000100000000021e-05 1.000000100000000021e-05 1.000000100000000021e-05 1.000000100000000021e-05 1.000000100000000021e-05 1.000000100000000021e-05 1.000000100000000021e-05 1.000000100000000021e-05 1.000000100000000021e-05 1.000000100000000021e-05 1.000000100000000021e-05
1.000000000000000021e-08 1.000000000000000021e-08 1.000000000000000021e-08 5.211696577466956749e-05 3.293185253747556440e-01 3.133835279020495412e-01 1.152305814575782430e-03 1.159998674646861578e-05 1.000000000000000021e-08 1.000000000000000021e-08 1.000000000000000021e-08 1.000000000000000021e-08 3.105832103757655998e-04 3.352557327278350729e-04 2.186605480267770588e-05 1.346242389159121164e-05 1.069215891925609156e-05 1.000000000000000021e-08 1.000000000000000021e-08 1.000000000000000021e-08 1.000000000000000021e-08 1.000000000000000021e-08 1.000000000000000021e-08 1.000000000000000021e-08 1.000000000000000021e-08 1.000000000000000021e-08 1.000000100000000021e-05 1.000000100000000021e-05 1.000000100000000021e-05 1.000000100000000021e-05 1.000000100000000021e-05 1.000000100000000021e-05 1.000000100000000021e-05 1.000000100000000021e-05 1.000000100000000021e-05 1.000000100000000021e-05 1.000000100000000021e-05
1.400715522954921915e-05 1.000000000000000021e-08 1.101567185123202086e-05 1.000000000000000021e-08 8.607264384853400771e-04 2.643854355042159487e-01 7.576493259900999276e-04 2.074754713734363045e-05 1.000000000000000021e-08 1.000000000000000021e-08 1.000000000000000021e-08 1.000000000000000021e-08 1.931398487112320392e-04 5.529467059325805268e-04 6.281227201935934295e-05 4.697178210091223973e-05 5.874296171998415444e-05 7.489358513908567932e-05 8.404316976191682611e-05 7.264591445001830508e-05 5.575481717123255876e-05 4.500117703754636419e-05 3.529405502091296056e-05 3.102811690154750566e-05 1.467182864273519432e-05 1.000000000000000021e-08 1.000000100000000021e-05 1.000000100000000021e-05 1.000000100000000021e-05 1.000000100000000021e-05 1.000000100000000021e-05 1.000000100000000021e-05 1.000000100000000021e-05 1.000000100000000021e-05 1.000000100000000021e-05 1.000000100000000021e-05 1.000000100000000021e-05
1.455960405760723888e-05 1.680047459396947576e-05 1.000000000000000021e-08 1.000000000000000021e-08 1.000000000000000021e-08 1.751430871234626041e-01 8.896975269987489332e-02 1.000000000000000021e-08 1.000000000000000021e-08 1.000000000000000021e-08 1.000000000000000021e-08 1.000000000000000021e-08 4.829581820247740714e-04 4.107529311899218430e-04 2.675758147282121806e-04 1.484216263760840650e-04 9.810211941122055283e-05 5.419602968043209701e-05 1.017682595108372024e-05 1.000000000000000021e-08 1.000000000000000021e-08 1.000000000000000021e-08 2.563370763662420405e-05 2.011467783563137163e-05 1.957323929970969714e-05 1.056229307353299828e-05 1.000000100000000021e-05 1.000000100000000021e-05 1.000000100000000021e-05 1.000000100000000021e-05 1.000000100000000021e-05 1.000000100000000021e-05 1.000000100000000021e-05 1.000000100000000021e-05 1.000000100000000021e-05 1.000000100000000021e-05 1.000000100000000021e-05
4.412333173527143202e-05 1.000000000000000021e-08 1.000000000000000021e-08 1.000000000000000021e-08 1.000000000000000021e-08 6.672537200730128959e-02 1.579182165539763927e-01 8.366366342695718454e-04 8.487096352091404769e-05 1.187419254170393523e-04 1.736943896113144641e-04 2.662882313836055764e-04 3.781053456199441761e-04 2.605330096418811189e-04 1.779150021849324040e-05 1.226781792291362085e-05 1.000000000000000021e-08 1.000000000000000021e-08 1.000000000000000021e-08 1.000000000000000021e-08 1.000000000000000021e-08 1.951915390425572761e-05 1.000000000000000021e-08 1.000000000000000021e-08 1.000000000000000021e-08 1.000000000000000021e-08 1.000000100000000021e-05 1.000000100000000021e-05 1.000000100000000021e-05 1.000000100000000021e-05 1.000000100000000021e-05 1.000000100000000021e-05 1.000000100000000021e-05 1.000000100000000021e-05 1.000000100000000021e-05 1.000000100000000021e-05 1.000000100000000021e-05
4.118641740123897424e-05 4.114133482935219662e-05 3.387352929891472819e-05 2.752258362099061775e-05 1.921875415868215000e-05 3.568034026637818823e-02 3.356931850306594245e-01 3.405598178871617754e-01 4.421253033546451955e-04 4.059106522582747300e-04 4.211885850447940976e-04 2.690710223437451070e-03 3.412506081421380210e-04 1.387025772088510160e-04 1.000000000000000021e-08 1.000000000000000021e-08 1.400042290090009140e-05 1.000000000000000021e-08 1.000000000000000021e-08 1.000000000000000021e-08 1.000000000000000021e-08 1.888580383222161687e-05 1.876626431600850924e-05 1.064249036425950331e-05 1.000000000000000021e-08 1.000000000000000021e-08 1.000000100000000021e-05 1.000000100000000021e-05 1.000000100000000021e-05 1.000000100000000021e-05 1.000000100000000021e-05 1.000000100000000021e-05 1.000000100000000021e-05 1.000000100000000021e-05 1.000000100000000021e-05 1.000000100000000021e-05 1.000000100000000021e-05
4.245964047434117988e-05 6.889382729855089227e-05 8.269742869073878899e-05 6.817162549018772918e-05 4.812776615838170065e-05 2.598198334239217380e-02 3.021596661296915287e-01 2.614997784252009235e-04 1.000000000000000021e-08 1.000000000000000021e-08 1.000000000000000021e-08 2.964579823641409588e-04 7.368197642168330605e-03 1.173678950409739292e-04 1.000000000000000021e-08 1.000000000000000021e-08 1.000000000000000021e-08 1.000000000000000021e-08 1.000000000000000021e-08 1.000000000000000021e-08 1.000000000000000021e-08 1.000000000000000021e-08 1.000000000000000021e-08 1.000000000000000021e-08 1.000000000000000021e-08 1.000000100000000021e-05 1.000000100000000021e-05 1.000000100000000021e-05 1.000000100000000021e-05 1.000000100000000021e-05 1.000000100000000021e-05 1.000000100000000021e-05 1.000000100000000021e-05 1.000000100000000021e-05 1.000000100000000021e-05 1.000000100000000021e-05 1.000000100000000021e-05
1.283059539853100417e-05 1.000000000000000021e-08 1.000000000000000021e-08 1.000000000000000021e-08 1.000000000000000021e-08 3.442174386000846353e-01 2.240675883436135662e-01 1.000000000000000021e-08 1.000000000000000021e-08 1.000000000000000021e-08 1.000000000000000021e-08 5.251307255454294200e-03 6.351810735299092715e-03 6.724715224427905980e-03 1.069291348580141116e-05 1.000000000000000021e-08 1.000000000000000021e-08 1.000000000000000021e-08 1.000000000000000021e-08 1.000000000000000021e-08 1.000000000000000021e-08 1.000000000000000021e-08 1.000000000000000021e-08 1.000000000000000021e-08 1.000000000000000021e-08 1.000000100000000021e-05 1.000000100000000021e-05 1.000000100000000021e-05 1.000000100000000021e-05 1.000000100000000021e-05 1.000000100000000021e-05 1.000000100000000021e-05 1.000000100000000021e-05 1.000000100000000021e-05 1.000000100000000021e-05 1.000000100000000021e-05 1.000000100000000021e-05
1.000000000000000021e-08 1.000000000000000021e-08 1.000000000000000021e-08 1.176643389616571214e-03 2.576697830500569997e-01 2.533247252160060747e-01 1.000000000000000021e-08 1.000000000000000021e-08 1.000000000000000021e-08 1.000000000000000021e-08 1.000000000000000021e-08 1.082524644047174389e-03 4.183321756841699816e-03 1.000000000000000021e-08 1.000000000000000021e-08 1.000000000000000021e-08 1.000000000000000021e-08 1.000000000000000021e-08 1.000000000000000021e-08 1.000000000000000021e-08 1.000000000000000021e-08 1.000000000000000021e-08 1.000000000000000021e-08 1.000000000000000021e-08 1.000000100000000021e-05 1.000000100000000021e-05 1.000000100000000021e-05 1.000000100000000021e-05 1.000000100000000021e-05 1.000000100000000021e-05 1.000000100000000021e-05 1.000000100000000021e-05 1.000000100000000021e-05 1.000000100000000021e-05 1.000000100000000021e-05 1.000000100000000021e-05 1.000000100000000021e-05
1.000000000000000021e-08 1.000000000000000021e-08 1.000000000000000021e-08 8.442809325304178898e-04 2.625979088628133118e-01 1.555919841445390099e-04 1.125910807297769114e-05 1.000000000000000021e-08 1.000000000000000021e-08 1.000000000000000021e-08 1.000000000000000021e-08 1.543098426562510266e-03 4.229090865424220045e-04 1.000000000000000021e-08 1.000000000000000021e-08 1.000000000000000021e-08 1.000000000000000021e-08 1.000000000000000021e-08 1.000000000000000021e-08 1.000000000000000021e-08 1.000000000000000021e-08 1.000000000000000021e-08 1.000000000000000021e-08 1.000000000000000021e-08 1.000000100000000021e-05 1.000000100000000021e-05 1.000000100000000021e-05 1.000000100000000021e-05 1.000000100000000021e-05 1.000000100000000021e-05 1.000000100000000021e-05 1.000000100000000021e-05 1.000000100000000021e-05 1.000000100000000021e-05 1.000000100000000021e-05 1.000000100000000021e-05 1.000000100000000021e-05
