output/water_depth_8880.asc
ncols 223
nrows 158
xllcorner 0.0
yllcorner 0.0
cellsize 30.0
[rows 85 to 101 of 158, columns 111 to 147 of 223]
3.083588479911374917e-04 5.751636359609653762e-04 6.134124758708229186e-04 5.401442673842233753e-04 4.464831661344953895e-04 1.029015408829156008e-04 1.556975120382956851e-04 1.779215256998805273e-03 5.166026372538191913e-03 1.194769419703883883e-03 1.806352963389584254e-04 1.296559543086481952e-04 9.080114115968508312e-05 8.220745073664885883e-05 4.779074278783438843e-05 3.289330959948495644e-05 2.928193541012980640e-05 3.925387962962033480e-05 1.000000000000000021e-08 1.000000000000000021e-08 1.000000000000000021e-08 1.000000000000000021e-08 9.023138554115432404e-05 4.186564696051265521e-05 1.000000000000000021e-08 1.000000000000000021e-08 1.000000000000000021e-08 3.854512977320344541e-05 3.992475623695756928e-05 2.128885301801065148e-05 1.000000000000000021e-08 1.000000000000000021e-08 1.000000000000000021e-08 1.000000000000000021e-08 1.000000000000000021e-08 3.290499866362136470e-05 1.293738018254348207e-05
4.490090554377648897e-04 3.022938480898065806e-04 2.585898551556985259e-05 6.130150947723026205e-05 5.431520798736145378e-04 5.603273933941894610e-05 1.734481059980066877e-04 1.299880833916349388e-03 5.972608228068615119e-03 8.418425254019796080e-04 9.851724356697411750e-05 1.113812462106504694e-04 1.083144371864512865e-04 1.000000000000000021e-08 1.000000000000000021e-08 3.083846967863542626e-05 4.021664207894550902e-05 6.232029501969415294e-05 1.000000000000000021e-08 1.000000000000000021e-08 1.000000000000000021e-08 1.000000000000000021e-08 1.265906769005616366e-04 5.167452963062970441e-05 1.958768011746771240e-05 1.796842911926421589e-05 1.000000000000000021e-08 4.346167652957199035e-05 2.245303268469505192e-05 1.194025295261250081e-05 1.000000000000000021e-08 1.000000000000000021e-08 1.000000000000000021e-08 1.000000000000000021e-08 1.000000000000000021e-08 1.626919225602605377e-05 1.000000000000000021e-08
5.131898376619856828e-05 2.382091529415201686e-05 1.000000000000000021e-08 5.366848815870919697e-05 4.144824769731071494e-04 6.270491743546367054e-04 2.007169368530585985e-04 2.280091788825377302e-02 8.870620863522287597e-03 6.672756312201938954e-04 1.000000000000000021e-08 7.272620481306220233e-05 1.000000000000000021e-08 1.000000000000000021e-08 1.000000000000000021e-08 2.909989316731607473e-05 6.079313124660525752e-05 5.952157557036362234e-05 4.027917966963454917e-05 1.244282038939964863e-05 1.000000000000000021e-08 8.401305483824735671e-05 1.224271753374340372e-04 8.745216195561519444e-05 3.871962151478227997e-05 2.332193491723435092e-05 1.462688202884462580e-05 1.000000000000000021e-08 1.000000000000000021e-08 1.000000000000000021e-08 1.000000000000000021e-08 1.000000000000000021e-08 1.000000000000000021e-08 1.000000000000000021e-08 1.000000000000000021e-08 1.000000000000000021e-08 1.000000000000000021e-08
6.509110335649320863e-05 1.000000000000000021e-08 1.000000000000000021e-08 1.000000000000000021e-08 2.921393219317402340e-04 3.235840039200811352e-05 3.034247983348264830e-05 1.000000000000000021e-08 9.769479455242311913e-03 5.297229645739407345e-04 1.000000000000000021e-08 5.226270513073594118e-05 3.802242763798427828e-05 3.562177779661955415e-05 3.583608093792373561e-05 4.480389726183886149e-05 6.584063349965707643e-05 1.054424022513674667e-04 3.857831372150816526e-05 8.778258950919268938e-05 8.764336541453489479e-05 1.344052956743665669e-04 1.313277313948055442e-04 3.494620402267666293e-05 2.207791977383703503e-05 1.933238839702104784e-05 1.843772460509044775e-05 2.202615371764273268e-05 1.171511222891090322e-05 1.000000000000000021e-08 1.000000000000000021e-08 1.000000000000000021e-08 1.000000000000000021e-08 1.000000000000000021e-08 1.000000000000000021e-08 1.000000000000000021e-08 1.000000000000000021e-08
1.179655959144897234e-04 1.000000000000000021e-08 1.000000000000000021e-08 1.000000000000000021e-08 1.000000000000000021e-08 4.597404989868124673e-05 1.000000000000000021e-08 1.514867304821757139e-05 6.157761485246116169e-03 5.656037567764722433e-03 3.509075455282811514e-05 3.510437206716397892e-05 1.000000000000000021e-08 1.000000000000000021e-08 1.000000000000000021e-08 1.000000000000000021e-08 1.000000000000000021e-08 9.305800055018807141e-05 1.000000000000000021e-08 1.014719340438016725e-04 6.375028718783941849e-05 1.000000000000000021e-08 1.430610329166520578e-05 1.000000000000000021e-08 1.000000000000000021e-08 1.000000000000000021e-08 1.000000000000000021e-08 1.000000000000000021e-08 1.000000000000000021e-08 1.000000000000000021e-08 1.000000000000000021e-08 1.000000000000000021e-08 1.000000000000000021e-08 1.000000000000000021e-08 1.000000000000000021e-08 1.000000000000000021e-08 1.000000000000000021e-08
1.413583423673482413e-04 9.084438747863020878e-04 1.000000000000000021e-08 1.000000000000000021e-08 1.000000000000000021e-08 3.696270458365396997e-05 1.555729838031236093e-05 1.948077321976948904e-05 3.932912670640914543e-03 3.582972977218700731e-03 3.729946482919125738e-03 4.692258205773244405e-04 1.000000000000000021e-08 1.000000000000000021e-08 1.000000000000000021e-08 1.000000000000000021e-08 1.000000000000000021e-08 7.694091272937462957e-05 9.254608802639946094e-05 1.001984424451399247e-04 5.279629861924147030e-05 1.000000000000000021e-08 1.000000000000000021e-08 1.000000000000000021e-08 1.000000000000000021e-08 1.000000000000000021e-08 1.000000000000000021e-08 1.000000000000000021e-08 1.000000000000000021e-08 1.000000000000000021e-08 1.000000000000000021e-08 1.000000000000000021e-08 1.000000000000000021e-08 1.000000000000000021e-08 1.000000000000000021e-08 1.000000000000000021e-08 1.000000000000000021e-08
1.694447929054086451e-03 1.557066165301191967e-03 1.066693793482540375e-03 7.097582076670725607e-04 4.839770768335515294e-04 5.420525823497981651e-04 4.143749993835967797e-04 1.868885270540294181e-05 2.545215071983070523e-03 4.705383999895729197e-03 4.401610868995585804e-03 3.749148452571827560e-03 1.198170476011103041e-04 1.000000000000000021e-08 1.000000000000000021e-08 1.000000000000000021e-08 1.000000000000000021e-08 7.910614082503213465e-05 1.604197060685635576e-04 8.345941210800118196e-05 1.000000000000000021e-08 1.000000000000000021e-08 1.000000000000000021e-08 1.000000000000000021e-08 1.000000000000000021e-08 1.000000000000000021e-08 1.000000000000000021e-08 1.000000000000000021e-08 1.000000000000000021e-08 1.000000000000000021e-08 1.000000000000000021e-08 1.000000000000000021e-08 1.000000000000000021e-08 1.000000000000000021e-08 1.000000000000000021e-08 1.000000000000000021e-08 1.000000000000000021e-08
1.724505650846744646e-04 1.207940450283639814e-03 2.438811811701843148e-04 1.247582300584655374e-04 1.278627796737102950e-04 6.388823180129461223e-05 1.478597972483754121e-04 5.180988978541233372e-05 1.763078405057325959e-03 4.924555225932708905e-03 8.377953609831493079e-03 6.286577594215984367e-03 1.331383599747630467e-03 8.541249947364647991e-04 6.122376212920575822e-04 8.140272677917124609e-04 1.008871236638013164e-03 1.261171138171053325e-03 3.993566223257008843e-03 5.900716385102823758e-05 1.000000000000000021e-08 1.000000000000000021e-08 1.000000000000000021e-08 1.000000000000000021e-08 1.000000000000000021e-08 1.000000000000000021e-08 1.000000000000000021e-08 1.000000000000000021e-08 1.000000000000000021e-08 1.000000000000000021e-08 1.000000000000000021e-08 1.000000000000000021e-08 1.000000000000000021e-08 1.000000000000000021e-08 1.000000000000000021e-08 1.000000000000000021e-08 1.000000000000000021e-08
8.606731923572629893e-04 1.087033682991367725e-03 1.681669862705305525e-04 2.169949845080240171e-04 1.053307747585891890e-04 9.748611729967436015e-04 6.803137365558714058e-04 1.000873860044220517e-03 1.663503745460036135e-03 1.381668957832795242e-03 5.796055475427042830e-04 3.632915651635985205e-03 1.559521552851536813e-03 1.593024790052888955e-03 2.393485231736553875e-03 2.010455691396878519e-03 2.197674909185851327e-03 1.752369544111672100e-03 5.151232893764706722e-03 4.369876266115941751e-03 1.040201432981634864e-05 1.000000000000000021e-08 1.000000000000000021e-08 1.000000000000000021e-08 1.000000000000000021e-08 1.000000000000000021e-08 1.000000000000000021e-08 1.000000000000000021e-08 1.000000000000000021e-08 1.000000000000000021e-08 1.000000000000000021e-08 1.000000000000000021e-08 1.000000000000000021e-08 1.000000000000000021e-08 1.000000000000000021e-08 1.000000000000000021e-08 1.000000000000000021e-08
6.455880952667245216e-04 8.798404422366063902e-04 4.331653056767547998e-04 2.451337370667741340e-03 1.518825966831231257e-02 3.547706267075098011e-03 2.614859073128259284e-03 1.737804637914892696e-03 1.941744782141252828e-03 1.472985596450031298e-03 1.101863154775351624e-03 8.218835620302477859e-04 3.413775837818957409e-03 3.202313790897234891e-03 1.407458450292153060e-03 8.635784576157515442e-04 6.228276790032553738e-04 5.283158159730965038e-04 4.594135459114304793e-03 8.005088231260101828e-03 1.447540870538627080e-05 1.000000000000000021e-08 1.000000000000000021e-08 1.000000000000000021e-08 1.000000000000000021e-08 1.000000000000000021e-08 1.000000000000000021e-08 1.000000000000000021e-08 1.000000000000000021e-08 1.000000000000000021e-08 1.000000000000000021e-08 1.000000000000000021e-08 1.000000000000000021e-08 1.000000000000000021e-08 1.000000000000000021e-08 1.000000000000000021e-08 1.000000000000000021e-08
1.079129117219902826e-04 1.845178213770494468e-04 1.972103309470795731e-04 6.741676513311337061e-04 6.475593061754984997e-04 5.165100404764260029e-04 1.640911559309231414e-03 2.624157569147688839e-03 2.559987199061255006e-03 3.215824114045850828e-03 3.594764690594927457e-03 3.318286987705959708e-03 3.260380504962083221e-03 2.988109133088460902e-03 2.290925408107128466e-03 1.602221691976487422e-03 1.044111855875415806e-03 1.190130448568204680e-03 6.366326391240110247e-04 8.198474952342004601e-03 1.466537352252212096e-05 1.000000000000000021e-08 1.000000000000000021e-08 1.000000000000000021e-08 1.000000000000000021e-08 1.000000000000000021e-08 1.000000000000000021e-08 1.000000000000000021e-08 1.000000000000000021e-08 1.000000000000000021e-08 1.000000000000000021e-08 1.000000000000000021e-08 1.000000000000000021e-08 1.000000000000000021e-08 1.000000000000000021e-08 1.000000000000000021e-08 1.000000000000000021e-08
5.056256661620260118e-05 4.903940943029864075e-05 4.693085700235785233e-05 5.482264439735733109e-05 3.053746734986627852e-04 4.479562330747408278e-04 9.498324486275254918e-04 8.345541855770016205e-04 2.879047837263667715e-03 1.621545556219797929e-03 1.278099286295059913e-03 2.405755189540940107e-03 3.139611086876188152e-03 3.112122641801852701e-03 9.232839765991094185e-04 4.491095599934564445e-04 7.914063423643216038e-04 5.532487132937248661e-04 1.634303472369515176e-03 8.065542066858458203e-03 1.643187806670496013e-05 1.000000000000000021e-08 1.000000000000000021e-08 1.000000000000000021e-08 1.000000000000000021e-08 1.000000000000000021e-08 1.000000000000000021e-08 1.000000000000000021e-08 1.000000000000000021e-08 1.000000000000000021e-08 1.000000000000000021e-08 1.000000000000000021e-08 1.000000000000000021e-08 1.000000000000000021e-08 1.000000000000000021e-08 1.000000000000000021e-08 1.000000000000000021e-08
1.118253739149285277e-04 1.625082918813747590e-05 1.000000000000000021e-08 2.122922939886267435e-05 2.310702641835783288e-04 4.205048086143351968e-04 6.948924573335342296e-04 6.670744948364823674e-04 8.871444175444833389e-05 1.838705335966957753e-03 8.413797564342794270e-05 3.410947660333194160e-04 4.425980636310955030e-04 8.680756735085632097e-04 5.446183347424729667e-04 7.945826163522709280e-04 6.414184965548246466e-04 8.080213212168934917e-04 2.063280636637537194e-03 8.860266680153055727e-03 1.821695301457715242e-05 1.000000000000000021e-08 1.000000000000000021e-08 1.000000000000000021e-08 1.000000000000000021e-08 1.000000000000000021e-08 1.000000000000000021e-08 1.000000000000000021e-08 1.000000000000000021e-08 1.000000000000000021e-08 1.000000000000000021e-08 1.000000000000000021e-08 1.000000000000000021e-08 1.000000000000000021e-08 1.000000000000000021e-08 1.000000000000000021e-08 1.000000000000000021e-08
5.095467912904992603e-05 5.285762794021283350e-05 1.605777592633332942e-05 2.714222484796484418e-05 1.000000000000000021e-08 2.109311542996618371e-04 4.960102864466544442e-05 8.594703653740338805e-05 5.288954019928682708e-05 1.358626984721307464e-03 3.766736319645289967e-04 1.127798959920169074e-04 3.959273837125942700e-04 3.830299663475668619e-04 1.331558822121940884e-03 2.949182567695610852e-03 2.078130990999317845e-03 1.513435207782402436e-03 2.818668682231943983e-03 9.984453357852559122e-03 3.252402330530506904e-05 1.000000000000000021e-08 1.000000000000000021e-08 1.000000000000000021e-08 1.000000000000000021e-08 1.000000000000000021e-08 1.000000000000000021e-08 1.000000000000000021e-08 1.000000000000000021e-08 1.000000000000000021e-08 1.000000000000000021e-08 1.000000000000000021e-08 1.000000000000000021e-08 1.000000000000000021e-08 1.000000000000000021e-08 1.000000000000000021e-08 1.000000000000000021e-08
6.357480530952788235e-04 4.788420832447219276e-05 4.831570832870688741e-05 2.288592281185466341e-05 1.919662270105234686e-05 1.359183174863786367e-05 3.941213213739147743e-05 3.796618503355349728e-05 1.464681592408912194e-04 1.148311478559012463e-03 1.381199913532604653e-03 5.076577055571544848e-04 1.152302933840583461e-04 4.179087619548751010e-04 2.032153129223714441e-04 2.331578636302359710e-03 6.551738505592261293e-04 3.447835716485825102e-04 2.923150819051360707e-04 9.880522546524850638e-03 1.836677425660987245e-03 1.000000000000000021e-08 1.000000000000000021e-08 1.000000000000000021e-08 1.000000000000000021e-08 1.000000000000000021e-08 1.000000000000000021e-08 1.000000000000000021e-08 1.000000000000000021e-08 1.000000000000000021e-08 1.000000000000000021e-08 1.000000000000000021e-08 1.000000000000000021e-08 1.000000000000000021e-08 1.000000000000000021e-08 1.000000000000000021e-08 1.000000000000000021e-08
4.477537852774441117e-05 6.574537365896761980e-05 3.460216774453309243e-05 4.821400384738193606e-05 2.043522254755610103e-05 2.682262305488679907e-05 2.006123449736951683e-05 4.861946534090065623e-05 1.701227196122755115e-05 1.287692914483060678e-04 1.108049628044295663e-03 6.234528262890247580e-04 1.951524141487671242e-04 1.291645359442345745e-04 4.964815946099113359e-04 3.024781175574286487e-04 5.202231417514915088e-04 5.171161970017542926e-04 2.451112686360532944e-04 7.984620123613908604e-03 1.307429691939160409e-03 1.000000000000000021e-08 1.000000000000000021e-08 1.000000000000000021e-08 1.000000000000000021e-08 1.000000000000000021e-08 1.000000000000000021e-08 1.000000000000000021e-08 1.000000000000000021e-08 1.000000000000000021e-08 1.000000000000000021e-08 1.000000000000000021e-08 1.000000000000000021e-08 1.000000000000000021e-08 1.000000000000000021e-08 1.000000000000000021e-08 1.000000000000000021e-08
5.083820902024458398e-05 3.541990861010532092e-05 5.875849381405272753e-05 3.244571211369031349e-05 4.434023534230280067e-05 2.156396457547356135e-05 3.488754300891294680e-05 2.528989466769366337e-05 3.527045727380246124e-05 4.958833134758644702e-05 1.633092186635072410e-04 2.731815753091091075e-03 1.828102191466717224e-04 1.142332707700455881e-04 1.856091109311105883e-04 3.479802585231644226e-04 2.647806680526638024e-04 3.776892481185827087e-04 8.065527022275944180e-04 7.478159119604782523e-03 8.531239514258573799e-04 1.000000000000000021e-08 1.000000000000000021e-08 1.000000000000000021e-08 1.000000000000000021e-08 1.000000000000000021e-08 1.000000000000000021e-08 1.000000000000000021e-08 1.000000000000000021e-08 1.000000000000000021e-08 1.000000000000000021e-08 1.000000000000000021e-08 1.000000000000000021e-08 1.000000000000000021e-08 1.000000000000000021e-08 1.000000000000000021e-08 1.000000000000000021e-08
