output/water_depth_6000.asc
ncols 223
nrows 158
xllcorner 0.0
yllcorner 0.0
cellsize 30.0
[rows 68 to 84 of 158, columns 74 to 110 of 223]
5.845881407477067642e-05 4.311145429801386815e-05 4.226024913636714886e-04 2.638730420386854321e-05 2.109404995491171293e-05 2.674887429554480763e-05 2.066543593718913935e-04 1.589670976577448578e-04 1.036183133191131365e-04 6.676101326690056504e-05 4.065314085386912812e-05 3.010207277225709389e-04 7.959261081445265056e-04 1.080196880472054271e-03 2.488013935950892166e-03 3.150652288690201398e-03 5.913620375687212534e-04 3.931863569375617685e-04 1.137359629192178127e-04 2.254745526288785341e-04 3.568716539344544709e-04 1.096997736983515827e-03 1.071607711917847185e-03 1.589889439116382074e-03 1.241825933330660374e-03 1.362676209525313931e-03 1.247659708279087211e-03 1.665642905375863203e-03 1.188029916070791657e-03 2.039390441417833575e-03 2.101012616824268937e-03 3.662978395977595225e-03 1.229841378546530240e-03 1.722206300697951562e-03 1.105389290988324335e-04 7.889061988052071856e-05 2.432047054805686620e-05
8.080502841935081806e-04 7.372937382332328754e-04 4.701473522386105902e-04 2.937753508753246433e-04 1.401638375322642241e-04 7.572402493169971219e-05 1.438853338265425356e-04 1.887869544092189516e-04 1.985890779056144061e-04 1.656266213846382322e-04 1.364435587699037544e-04 2.171091585968632604e-04 4.414928003704938738e-04 7.528381627605932290e-05 3.150213908260969271e-04 4.131731019349037378e-04 6.624279375935931968e-04 3.178203855765284586e-04 3.599556591211911850e-04 2.654426613913628578e-04 7.044197573905714490e-04 5.173495800609138624e-04 5.503554227890515831e-04 4.036176236158102448e-04 4.613289643040041589e-04 5.261417108683044772e-04 1.264496382864600636e-03 9.078067564803243882e-04 1.031684107897854440e-03 6.618905073550957006e-04 1.384899696333610764e-03 1.066423246141478664e-03 2.778839518717918840e-03 1.430459187353862269e-03 1.265174841960006041e-03 4.116930427749942978e-04 3.669069030183393174e-04
7.940859537146105788e-04 6.327599820403211235e-04 1.254811730362468303e-04 1.626008456490485299e-04 1.339050945419109477e-04 1.665894217507434330e-04 1.448129579234374263e-04 1.972384452599408404e-04 1.901090054033739208e-04 2.474206170426804458e-04 2.036699595165089084e-04 2.652084261570960611e-04 2.491853211457227741e-04 2.063317958596157318e-04 3.912736511070408207e-04 5.376325244558199370e-04 3.644018614255525087e-04 9.880379828257380981e-04 4.078491744428350729e-04 1.811162563435603137e-03 2.195082141239954737e-03 2.889937301548399506e-03 2.546656193351704879e-03 3.269937032352848803e-03 2.188630082830300347e-03 2.826049175002521337e-03 1.590330936081095492e-03 3.460410639784335454e-03 6.554474629254625857e-04 5.550585533247007122e-04 6.617406540085292617e-04 6.284552051342667638e-04 1.149370484258969765e-03 2.835105446862710554e-03 2.655377419533532044e-03 3.928975054271405427e-03 3.420229040829332427e-03
1.116168868260528860e-03 9.631083783585088660e-05 6.202930721455498207e-05 5.854155230680911377e-05 9.126891049814574489e-05 1.173473550174309666e-04 2.012234164968367423e-04 1.778074815094946980e-04 2.148006656722694122e-04 1.874377153172397822e-04 1.299983372563916348e-04 1.251922690150336279e-04 1.885561051465376782e-04 1.708178894502994328e-03 1.397195077202179709e-03 6.461401535922022335e-04 1.247427299797096824e-03 1.118472178855682564e-03 5.660669663120588072e-03 3.915341240909811331e-03 2.530579167892519146e-03 1.840862036316521805e-03 1.011131449118785313e-03 5.799440435314210784e-04 1.465147226857671297e-03 9.965776853142057842e-04 1.637873092797478012e-03 7.859818781115173597e-04 4.410055292899339946e-04 7.339360133484457496e-04 5.755890728890898861e-04 7.517018602987198678e-04 6.703937508013530855e-04 1.270944009298767899e-03 3.107895639597203601e-03 2.196709387867416818e-03 3.032077627909464650e-03
7.610850835463579779e-04 8.643210809105362265e-04 1.963004746954332986e-04 2.675490607794640992e-04 3.200570514145775671e-04 4.306392719948222490e-04 3.619091582664783128e-04 4.670287732076914243e-04 1.530382258957514122e-04 1.367464157125411407e-04 8.352078453866704992e-05 1.504974466167716747e-04 1.384279597229230350e-04 2.045862600316295931e-04 3.342302129482959089e-04 5.104548388370007579e-04 5.596704771817229140e-04 7.347136742149794298e-04 1.596070488988639508e-03 9.220801333134669630e-04 5.291702497522073360e-04 3.060426167813600027e-04 1.478931452444824180e-04 1.700474435981930838e-04 4.929187843011410266e-04 5.124811389254518325e-04 7.948223444081090614e-04 4.854238284467944186e-04 7.736607085926192756e-04 6.172984143497224586e-04 4.395514381542718640e-04 3.921050079780361605e-04 5.545730850640768128e-04 5.679764013217043685e-04 9.029078251047761633e-04 2.552525958486853621e-03 1.542519602662659585e-03
7.859389840202153773e-04 9.799049052532375799e-04 1.048625371973342505e-04 1.120629308687679307e-04 6.786623548442170676e-05 5.913010049128975313e-05 7.913059467109853358e-05 9.846309241678133590e-05 3.713585878600808360e-04 3.936753453178560842e-04 6.057953714033831013e-04 4.651805383243231488e-04 6.119442887729470773e-04 4.643289557708342387e-04 5.923029088050840935e-04 4.454572658197348363e-04 6.661191241385993125e-04 5.866889854907204188e-04 7.285241511331397822e-04 7.314761469358606154e-04 9.018834119278324726e-04 6.784242668337425557e-04 7.817760939033881890e-04 5.664409135073378938e-04 3.943265402516386918e-04 1.518613535257473473e-04 3.362503680388340696e-04 1.012375477836131377e-03 5.487772035593456704e-04 9.090258747097731918e-04 9.383155292611527034e-04 1.131787749522022123e-03 8.273836037446776273e-04 1.012728870651319552e-03 2.917313390821934214e-03 2.905513864258692583e-03 2.224747980496342547e-03
1.000000000000000021e-08 1.173165267433836246e-03 1.788770936648865963e-03 1.987330894112591083e-03 1.525733034164559240e-03 1.058600326216655504e-03 7.032224313595664307e-04 6.014027958830235610e-05 1.042326876130987443e-04 2.032459022773177573e-04 2.465244243450596603e-04 3.456161820340216241e-04 2.695497625457266531e-04 4.026675792081816328e-04 3.452557616256770635e-04 1.386601455264481605e-03 7.441188608606226886e-04 4.571052721659913721e-04 3.789038174767331573e-04 4.594863054689183332e-04 9.823748399141857789e-04 2.845607300572297301e-04 3.102338974898916860e-04 4.653914339050958305e-04 2.644721806189115625e-04 6.307719156137561690e-04 2.053975331484900494e-04 4.578140436481679975e-04 3.657454879605739027e-03 5.736715022639231505e-04 8.264681903508933752e-04 3.134068481428825461e-04 6.305997407657543173e-04 2.514394415985634918e-04 2.479346142587169396e-03 4.288018802348424890e-03 1.682743904598231824e-03
1.000000000000000021e-08 1.165686083725755251e-05 1.722067818615182345e-05 1.478092910914362274e-05 2.357646203584797429e-04 3.352850222089489261e-04 4.850190031738944689e-04 4.086601534424766954e-04 4.581340037845734727e-04 3.171847832158432865e-04 3.893403394615772926e-04 3.094122015117077226e-04 4.178125679789459297e-04 3.382664218737745651e-04 1.272562220393918912e-03 1.209923988775390459e-03 1.165775922002500794e-03 1.409239379834270871e-04 5.218447828846855055e-05 8.434493444928146673e-05 6.455737194796824633e-05 9.917650259943938955e-05 1.081577716948212863e-04 2.322607744467402734e-04 2.583031480445453776e-03 2.807975072743149926e-03 3.684442440166667450e-03 2.426046546197970378e-03 1.961480901331957676e-03 2.329880217653646727e-03 6.103137725376912848e-04 1.085525167074719889e-03 3.645696602133649609e-04 5.067846279045109701e-04 9.300861722738760443e-04 3.006162687906119811e-03 2.496442439836296049e-03
3.148234912169319894e-05 1.000000000000000021e-08 1.000000000000000021e-08 1.419434429318648811e-05 1.000000000000000021e-08 1.000000000000000021e-08 4.188906117346283893e-05 9.568398168727980466e-05 4.245844788212946790e-05 9.822741415372848977e-05 7.653131709987198456e-05 5.295823515132037571e-04 3.563729799682755633e-05 2.787814007012280436e-05 7.622487579389282918e-04 1.104917556728588542e-03 1.047201890494534222e-03 2.816205014094049939e-04 2.099489490660274302e-04 6.520471551721480799e-05 1.104999204465569729e-04 9.065035708008843326e-05 1.189070316836888131e-04 5.595579198186701473e-04 3.307971838673406484e-05 9.657959349331600028e-05 7.637986241177100626e-05 1.187726154892934476e-03 2.345176168224200768e-04 4.854451690802687592e-04 4.561337550486587464e-04 6.711760169096408959e-04 3.578329589759165433e-03 1.667676567575575612e-03 3.177845358912219711e-03 8.187414059417424603e-03 2.439044739282114974e-02
1.079015236526601834e-04 1.009058434042771601e-04 8.506111923096855421e-05 1.000000000000000021e-08 1.000000000000000021e-08 1.000000000000000021e-08 1.000000000000000021e-08 1.000000000000000021e-08 1.365764936190581123e-05 1.000000000000000021e-08 3.708685693470404070e-05 1.677111187854032266e-05 2.831612018606024335e-04 1.465215055584741959e-05 4.759893444933233119e-04 7.090278543364331816e-04 1.013979320108645242e-03 1.116327214587874237e-04 9.841856310164752344e-05 2.645177085164050800e-04 2.095071056533237346e-04 2.623905683470657401e-04 8.730166371735787693e-04 6.138666130166375813e-04 4.371475379956491500e-04 2.444322463660768925e-04 1.342993662867662372e-05 7.227655277706104679e-05 1.978988443634952280e-04 2.252143799402665065e-04 2.369087197257137897e-04 9.753534280270336138e-04 9.169772003368368814e-04 6.996777722805305440e-04 5.500367824746907851e-04 5.051755146239591838e-04 4.182513308306016683e-03
2.634153811883030205e-05 7.756440248487286816e-05 1.000000000000000021e-08 1.000000000000000021e-08 3.291197146441340627e-05 3.181144872552531510e-05 1.000000000000000021e-08 1.169136748138119328e-05 1.032509654976943020e-04 1.000000000000000021e-08 1.787139716493889535e-05 2.438686909821744157e-05 4.035429320613935402e-05 3.183684806826501219e-04 3.755985906136950401e-04 5.901232987457705409e-04 1.055868887899448689e-04 1.715152528054280268e-04 1.934942194867338562e-04 6.523183446613658380e-05 1.254444551993263665e-04 1.174923403824559105e-04 2.763031111950366180e-04 1.034370673028215792e-03 8.283146223097692792e-04 6.231755705124982555e-04 4.276019675952029501e-05 6.839499384969471689e-05 9.010849583540685691e-05 5.567092653971988589e-04 6.375242945497177228e-04 2.124849925121744237e-03 1.560889969021980912e-03 1.968286431899668562e-04 1.485610589348328062e-04 1.797658329733405557e-04 4.464054609216064166e-03
1.000000000000000021e-08 1.000000000000000021e-08 1.000000000000000021e-08 1.000000000000000021e-08 1.000000000000000021e-08 1.803051121755211124e-05 1.320224645019596630e-05 1.534686747098926876e-05 1.000000000000000021e-08 1.208675980403581883e-05 1.000000000000000021e-08 1.029245414673704109e-05 4.561887259916310193e-05 1.008480783155938619e-05 2.426750530122355552e-05 8.194542827192342047e-05 7.522344683361877104e-04 1.404403532017182564e-04 2.635024382064553739e-04 4.286828789084577858e-04 1.350894075229575389e-04 1.178364902570716891e-04 1.155095177154170265e-04 1.025270334633805475e-03 1.755753125516931030e-04 2.213254937441949427e-04 1.653156847560100038e-04 1.981155201737758349e-04 4.373153205348139384e-04 4.473742564314043798e-04 6.843701873077500481e-04 1.076759553079681495e-03 8.555883844656965919e-04 3.260875745576669298e-04 2.813851311503802054e-04 2.281290157973210630e-04 4.324909388607709208e-04
1.000000000000000021e-08 1.000000000000000021e-08 1.000000000000000021e-08 1.000000000000000021e-08 1.000000000000000021e-08 1.000000000000000021e-08 1.735708109528745412e-05 2.816198467850743330e-05 2.879513038067605459e-05 4.263891674498133331e-05 2.824069442270384623e-05 1.000000000000000021e-08 1.000000000000000021e-08 1.000000000000000021e-08 1.000000000000000021e-08 1.000000000000000021e-08 5.263472644055169382e-04 4.848301672691367518e-04 6.922020441528161120e-04 6.624715624949534818e-04 1.676816825743869142e-04 8.869398904264907599e-05 7.903527716760764979e-05 2.334929136282172632e-04 4.284625650680896555e-04 3.435925000930484469e-04 5.678299177208582377e-04 4.415635896593266430e-04 2.270134337028700995e-03 1.497895699712662333e-03 1.050169015347998799e-03 1.187836134160506979e-03 8.288789919469264147e-04 1.429961697181313541e-03 1.548498777916624983e-04 1.358021602161785929e-04 1.412908226864649833e-04
1.000000000000000021e-08 1.000000000000000021e-08 1.000000000000000021e-08 1.000000000000000021e-08 1.000000000000000021e-08 1.000000000000000021e-08 2.144359487156678501e-05 1.000000000000000021e-08 2.387543849590469103e-05 2.819603751867757622e-05 4.082053552729784614e-05 1.000000000000000021e-08 1.093850786510513840e-05 2.051346194694063518e-05 1.142167277010753748e-04 1.000000000000000021e-08 2.957517488239092129e-05 5.819981791288750023e-05 6.906095716876036838e-05 1.136489604848540252e-04 2.599475390778607569e-04 2.266154555617605135e-04 2.392196898151786259e-04 1.027775515408845463e-03 1.218447141399787683e-04 1.389642994348543189e-04 2.239260836728400295e-04 9.236645624787628243e-04 7.015282228174083866e-04 1.231165502446845625e-03 1.190592956719588400e-03 4.965172348720907737e-04 2.064346187906992318e-04 4.770331191686717764e-03 6.364188406269144851e-03 4.051663161964562040e-03 4.169842245933463691e-03
1.000000000000000021e-08 1.000000000000000021e-08 1.000000000000000021e-08 1.000000000000000021e-08 1.000000000000000021e-08 1.000000000000000021e-08 1.000000000000000021e-08 1.000000000000000021e-08 2.614959111372079005e-05 4.737448470413909357e-05 6.476038999126136793e-05 5.861053343303764668e-05 4.842125204423359744e-05 3.027728392484571953e-05 5.630241964960429563e-05 5.884781021323593316e-05 1.000000000000000021e-08 1.000000000000000021e-08 1.000000000000000021e-08 1.000000000000000021e-08 2.149832001943898722e-04 2.112805011873699766e-04 2.995250950346470113e-04 4.117569369312552288e-04 6.466234429786813301e-04 5.008455990566549557e-04 6.270636500505322522e-04 1.832877208522221526e-03 1.471193717629433071e-03 1.385353850941252116e-03 2.735199022035399662e-04 2.422829214499400271e-04 3.015141932657088974e-04 1.151507982059940061e-03 5.031378366862470503e-04 2.575240547721264952e-03 2.641895155454941895e-03
1.000000000000000021e-08 1.000000000000000021e-08 1.000000000000000021e-08 1.000000000000000021e-08 1.000000000000000021e-08 1.000000000000000021e-08 1.000000000000000021e-08 1.000000000000000021e-08 5.038085141728988362e-05 6.425141280168314103e-05 8.781070298860577811e-05 8.441701255736071123e-05 7.409273868344486451e-05 6.681630367118785113e-05 6.968902136976938761e-05 1.000000000000000021e-08 1.000000000000000021e-08 1.000000000000000021e-08 1.000000000000000021e-08 1.000000000000000021e-08 1.000000000000000021e-08 1.000000000000000021e-08 1.000000000000000021e-08 1.000000000000000021e-08 1.000000000000000021e-08 4.116091191237083568e-04 8.687724557200904307e-04 1.324825570824793210e-03 1.487976977090097429e-03 2.406224346905617290e-03 2.145364171665804700e-03 1.507882274090841922e-03 1.174931903569114647e-03 7.742132253009390876e-04 7.128185261132421015e-04 1.539346289366105760e-03 1.180858329356986687e-03
1.000000000000000021e-08 1.000000000000000021e-08 1.000000000000000021e-08 1.000000000000000021e-08 1.000000000000000021e-08 1.000000000000000021e-08 1.000000000000000021e-08 1.000000000000000021e-08 1.000000000000000021e-08 1.000000000000000021e-08 1.000000000000000021e-08 1.000000000000000021e-08 1.000000000000000021e-08 3.735119508944046752e-05 4.323283349115136407e-05 1.000000000000000021e-08 1.000000000000000021e-08 1.000000000000000021e-08 1.000000000000000021e-08 1.000000000000000021e-08 1.000000000000000021e-08 1.000000000000000021e-08 1.050240016987097486e-05 1.346425355781478129e-05 1.000000000000000021e-08 2.848784489522860112e-04 2.918902146405565751e-04 1.131898979914803486e-03 2.196591855302399993e-03 1.747006713073133910e-03 2.904978894650551893e-03 2.319593268607133066e-03 4.288292648424478146e-04 1.863086486660319049e-04 3.884664062858886845e-04 1.192137582389002273e-03 9.967119263457702247e-04
