output/water_depth_600.asc
ncols 223
nrows 158
xllcorner 0.0
yllcorner 0.0
cellsize 30.0
[rows 68 to 84 of 158, columns 185 to 221 of 223]
8.999769831537860615e-03 9.737779952123246791e-03 9.892254577046998357e-03 9.912564414420132336e-03 9.914110632993043681e-03 9.914162558319304652e-03 9.914162660728408419e-03 9.914162558319304652e-03 9.914162609523855668e-03 9.914162609523855668e-03 9.914162609523855668e-03 9.914162609523855668e-03 1.010272784900146867e-02 1.581746571224158793e-02 1.183436653274679874e-02 4.444816149011548631e-03 1.431212145051378830e-02 1.974539176166719215e-02 2.339121322463267455e-02 7.315600405222022831e-03 8.554801009695689462e-03 1.000000100000000021e-05 1.000000100000000021e-05 1.000000100000000021e-05 1.000000100000000021e-05 1.000000100000000021e-05 1.000000100000000021e-05 1.000000100000000021e-05 1.000000100000000021e-05 1.000000100000000021e-05 1.000000100000000021e-05 1.000000100000000021e-05 1.000000100000000021e-05 1.000000100000000021e-05 1.000000100000000021e-05 1.000000100000000021e-05 1.000000100000000021e-05
8.813955104127246809e-03 9.706045320384448089e-03 9.888807922410279561e-03 9.912409201691417537e-03 9.914110453777111656e-03 9.914162558319304652e-03 9.914162609523855668e-03 9.914162609523855668e-03 9.914162609523855668e-03 9.914162609523855668e-03 9.914162609523855668e-03 9.914162609523855668e-03 9.936502657986722234e-03 3.329201114539961232e-02 1.436736259106431886e-02 8.250212708310703316e-03 9.162354630159472504e-04 1.953138313220619243e-03 5.280183244767452759e-03 7.654283778113978205e-03 1.430960013515996700e-02 1.000000100000000021e-05 1.000000100000000021e-05 1.000000100000000021e-05 1.000000100000000021e-05 1.000000100000000021e-05 1.000000100000000021e-05 1.000000100000000021e-05 1.000000100000000021e-05 1.000000100000000021e-05 1.000000100000000021e-05 1.000000100000000021e-05 1.000000100000000021e-05 1.000000100000000021e-05 1.000000100000000021e-05 1.000000100000000021e-05 1.000000100000000021e-05
7.569677332715884707e-03 4.002424386347712588e-03 7.755063203952460363e-03 9.293248677007370784e-03 9.785095215041594505e-03 9.896356470002075703e-03 9.912720472023951040e-03 9.914110812208973972e-03 9.914162558319304652e-03 9.914162609523855668e-03 9.914162609523855668e-03 2.142283866686151006e-02 9.553450201550305748e-03 9.299644013567977610e-03 4.332980803664993226e-03 2.567971389250454407e-03 2.561954895907193452e-03 4.135937816097672200e-03 7.094351921008212013e-03 8.534548184964961190e-03 1.758919916848379963e-02 1.000000100000000021e-05 1.000000100000000021e-05 1.000000100000000021e-05 1.000000100000000021e-05 1.000000100000000021e-05 1.000000100000000021e-05 1.000000100000000021e-05 1.000000100000000021e-05 1.000000100000000021e-05 1.000000100000000021e-05 1.000000100000000021e-05 1.000000100000000021e-05 1.000000100000000021e-05 1.000000100000000021e-05 1.000000100000000021e-05 1.000000100000000021e-05
8.013132983281621990e-03 5.488312748942491756e-03 3.516399091434806688e-03 7.516643354332274395e-03 9.241376758458074922e-03 9.779378616243349781e-03 9.896097534541268420e-03 9.912720164796639741e-03 9.914110812208973972e-03 9.914162558319304652e-03 9.914162609523855668e-03 2.614729447030507414e-02 8.857931402038532118e-03 7.074980135015297364e-03 2.728459287734711410e-03 8.348296559985229903e-03 3.861914805608391774e-03 6.671336473330969838e-03 8.584137196188322896e-03 1.396824892261678934e-02 9.105676894369316501e-03 9.142895569374313164e-03 1.000000100000000021e-05 1.000000100000000021e-05 1.000000100000000021e-05 1.000000100000000021e-05 1.000000100000000021e-05 1.000000100000000021e-05 1.000000100000000021e-05 1.000000100000000021e-05 1.000000100000000021e-05 1.000000100000000021e-05 1.000000100000000021e-05 1.000000100000000021e-05 1.000000100000000021e-05 1.000000100000000021e-05 1.000000100000000021e-05
8.530204776237523476e-03 6.017161835583039430e-03 2.465520408177047408e-03 6.394019585475116223e-03 8.874206698722931011e-03 9.714238890804634957e-03 9.889196760817441437e-03 9.912409739293736102e-03 9.914110453777111656e-03 9.914162558319304652e-03 9.914162609523855668e-03 2.750464741901263027e-02 8.783888846149721583e-03 6.299503970344250831e-03 2.403088807118168146e-03 6.839372146333729668e-03 7.425227027746160793e-03 8.691078640625649401e-03 9.518846902968591470e-03 1.124002483505458401e-02 2.027873509153645115e-02 6.651054027174979275e-03 2.154717099854245102e-03 1.000000100000000021e-05 1.000000100000000021e-05 1.000000100000000021e-05 1.000000100000000021e-05 1.000000100000000021e-05 1.000000100000000021e-05 1.000000100000000021e-05 1.000000100000000021e-05 1.000000100000000021e-05 1.000000100000000021e-05 1.000000100000000021e-05 1.000000100000000021e-05 1.000000100000000021e-05 1.000000100000000021e-05
8.985200280024887437e-03 6.829621111258832138e-03 3.338144075325797169e-03 4.899196059481970324e-03 8.148275059041708984e-03 9.465602470557801101e-03 9.833240129031337734e-03 9.904217540618931448e-03 1.433781199421723523e-02 6.888616649356677987e-03 8.870419324951884024e-03 2.741482672893974515e-02 8.795827613979356058e-03 6.095081922970325625e-03 2.220757585846185218e-03 6.301189871817569968e-03 8.516702405162080228e-03 9.477400918179711489e-03 9.820752774461228088e-03 1.025917335017177863e-02 2.627452968298123887e-02 9.890264808458171242e-03 1.147816408870362161e-02 7.440550294063208447e-03 1.000000100000000021e-05 1.000000100000000021e-05 1.000000100000000021e-05 1.000000100000000021e-05 1.000000100000000021e-05 1.000000100000000021e-05 1.000000100000000021e-05 1.000000100000000021e-05 1.000000100000000021e-05 1.000000100000000021e-05 1.000000100000000021e-05 1.000000100000000021e-05 1.000000100000000021e-05
2.104594818750550253e-02 8.014170258851238335e-03 5.352444352441609356e-03 2.826610842650924098e-03 6.947346981155219647e-03 9.048800205012894754e-03 9.751548055586256591e-03 9.892646313422603574e-03 1.131144166536935877e-02 9.225500828264130218e-03 9.401327473354769565e-03 2.760254536954883167e-02 8.756233928064403524e-03 5.972026507014263109e-03 2.203795067411839278e-03 6.235113626141547925e-03 1.309184874328790660e-02 6.731334827679710635e-03 8.843956650510820597e-03 9.688926167594702488e-03 3.030064057910161757e-02 1.594411164415324156e-02 1.061606511437209258e-02 3.503168245095389377e-03 1.000000100000000021e-05 1.000000100000000021e-05 1.000000100000000021e-05 1.000000100000000021e-05 1.000000100000000021e-05 1.000000100000000021e-05 1.000000100000000021e-05 1.000000100000000021e-05 1.000000100000000021e-05 1.000000100000000021e-05 1.000000100000000021e-05 1.000000100000000021e-05 1.000000100000000021e-05
1.322911356708894419e-02 2.174717041414945054e-02 7.378002039634822158e-03 4.990257799325705998e-03 3.535627923300650299e-03 7.479704026930932524e-03 9.234781736343875697e-03 9.779015830084546515e-03 1.025123047678201497e-02 9.755018534163840613e-03 1.663765622830805022e-02 2.088119003424487516e-02 8.753891161708026933e-03 5.925726437559605819e-03 2.240257152925750894e-03 6.198560171182121957e-03 1.501939052427764959e-02 9.188342550520272115e-03 5.982975516155983157e-03 2.567360634295047864e-02 3.130362757899242399e-02 1.078133378813397533e-02 3.868709033029007170e-03 3.609369991124731624e-03 1.000000100000000021e-05 1.000000100000000021e-05 1.000000100000000021e-05 1.000000100000000021e-05 1.000000100000000021e-05 1.000000100000000021e-05 1.000000100000000021e-05 1.000000100000000021e-05 1.000000100000000021e-05 1.000000100000000021e-05 1.000000100000000021e-05 1.000000100000000021e-05 1.000000100000000021e-05
1.737133856845988339e-02 1.915422541506971513e-02 7.039254012064276658e-03 3.127719363284047101e-03 5.043105485916482382e-03 7.948402497625949373e-03 9.386175076618685428e-03 9.824509857238384811e-03 9.971319522340791469e-03 1.439449237163792014e-02 8.829067889717621964e-03 2.440705603701965806e-02 9.037762497594968233e-03 6.842173529124494225e-03 3.246909750869575798e-03 4.675078331148289391e-03 1.471438520895432082e-02 6.700833320776047874e-03 1.961642701801057792e-02 1.930392649426827117e-02 2.462327102825313807e-02 2.489104316880281359e-03 3.412882548543054190e-03 2.854421906132638756e-03 2.094808060312068967e-02 7.513604844188823129e-03 1.000000100000000021e-05 1.000000100000000021e-05 1.000000100000000021e-05 1.000000100000000021e-05 1.000000100000000021e-05 1.000000100000000021e-05 1.000000100000000021e-05 1.000000100000000021e-05 1.000000100000000021e-05 1.000000100000000021e-05 1.000000100000000021e-05
2.528497186875349606e-02 1.218856669728078136e-02 7.872311666172689820e-03 4.989547860641911463e-03 3.300023054747529445e-03 6.971272117294724860e-03 9.121506618642825914e-03 9.765007554263804151e-03 9.903756691468089055e-03 1.591192902593569283e-02 6.525022207555892725e-03 2.529399269331727637e-02 9.240124815627069957e-03 7.489504922521642537e-03 4.169408576777086477e-03 8.667315232894165847e-03 1.613541158822355548e-02 9.854696146324870218e-03 1.334577828923556343e-02 2.110603439861102534e-02 1.147115637312441996e-02 3.102395243584441659e-02 2.238874273942522558e-02 1.742544053252780348e-02 7.513602312413723665e-03 4.044837599560603333e-03 1.000000100000000021e-05 1.000000100000000021e-05 1.000000100000000021e-05 1.000000100000000021e-05 1.000000100000000021e-05 1.000000100000000021e-05 1.000000100000000021e-05 1.000000100000000021e-05 1.000000100000000021e-05 1.000000100000000021e-05 1.000000100000000021e-05
2.152778623418479323e-02 1.726256692718814573e-02 8.514199607846904827e-03 5.910080068093847248e-03 2.430783502866165971e-03 6.302455241154177566e-03 1.293426995859851998e-02 1.547848776234942748e-02 2.045434775606789352e-02 2.019215281183753957e-02 2.406483207419023856e-02 2.247584439176788726e-02 9.539463781296520298e-03 9.047447285259777733e-03 9.399244242382755535e-03 3.414532450111492506e-02 2.801337164817917225e-02 2.120054902423683385e-02 8.870212462655700791e-03 6.887929617816940936e-03 1.433765120966621655e-02 9.900418086893779737e-03 9.794266646925764083e-03 9.253438552726521785e-03 7.513602465981904406e-03 4.044863507790475571e-03 1.000000100000000021e-05 1.000000100000000021e-05 1.000000100000000021e-05 1.000000100000000021e-05 1.000000100000000021e-05 1.000000100000000021e-05 1.000000100000000021e-05 1.000000100000000021e-05 1.000000100000000021e-05 1.000000100000000021e-05 1.000000100000000021e-05
3.052908909001737781e-02 4.250111098003746951e-02 9.041215414011760654e-03 6.727343693744751094e-03 3.741292692500172885e-03 7.690499352015995292e-03 3.275780728439882904e-03 4.943298738703878932e-03 2.832874516249362252e-03 8.333743824140255399e-03 7.912867404110148634e-03 3.482852325097567786e-02 1.012711769197588429e-02 1.079386726385885877e-02 1.323547230774221178e-02 6.554930939539524784e-03 7.735177124444392489e-03 9.895709874611868101e-03 9.909258702904055055e-03 9.905395088738744649e-03 9.913234019980820752e-03 9.900418035689228721e-03 9.794266416550756818e-03 9.253413012387256414e-03 7.513732016771911514e-03 4.045610160467229613e-03 1.000000100000000021e-05 1.000000100000000021e-05 1.000000100000000021e-05 1.000000100000000021e-05 1.000000100000000021e-05 1.000000100000000021e-05 1.000000100000000021e-05 1.000000100000000021e-05 1.000000100000000021e-05 1.000000100000000021e-05 1.000000100000000021e-05
9.888209830918214677e-03 3.073875985761677365e-02 1.847642179853882516e-02 7.890655056159028707e-03 4.428578055208799193e-03 1.120277732711920209e-02 3.871478158803804120e-03 4.278522443198311265e-03 5.649910969517378881e-03 5.087441781103489019e-03 7.682026595588041344e-03 2.347493883094357858e-02 2.626553868352943938e-02 1.456722685400903793e-02 9.136326117185041354e-03 2.592965388899676378e-03 4.158621970263393433e-03 9.772480634804681099e-03 9.861281594506665638e-03 9.847746779754314173e-03 9.912512579497646109e-03 9.900365393590192936e-03 9.794059636700267954e-03 9.252925226413509854e-03 7.516744166499421571e-03 4.055205925839097322e-03 1.000000100000000021e-05 1.000000100000000021e-05 1.000000100000000021e-05 1.000000100000000021e-05 1.000000100000000021e-05 1.000000100000000021e-05 1.000000100000000021e-05 1.000000100000000021e-05 1.000000100000000021e-05 1.000000100000000021e-05 1.000000100000000021e-05
9.691086739879693768e-03 9.779405739376245688e-03 2.460532284179273860e-02 1.377342211288444529e-02 1.476559508804397777e-02 1.463139747505057958e-02 4.180784000429969317e-03 6.803608041741174804e-03 4.977252703959732238e-03 1.087140668428285446e-02 5.948937225290445649e-03 1.320841022593104847e-02 2.314481481149665773e-02 9.333280706035408311e-03 1.871868329579436108e-02 2.152471494140838215e-02 1.777516297014492680e-02 9.189267207360473505e-03 9.584284278601926457e-03 9.571870045541375910e-03 9.903313979324169028e-03 9.898276199086042046e-03 9.789193944819573126e-03 9.247934908065448545e-03 7.546193575793525357e-03 4.127960224402931096e-03 1.000000100000000021e-05 1.000000100000000021e-05 1.000000100000000021e-05 1.000000100000000021e-05 1.000000100000000021e-05 1.000000100000000021e-05 1.000000100000000021e-05 1.000000100000000021e-05 1.000000100000000021e-05 1.000000100000000021e-05 1.000000100000000021e-05
8.840938271017452846e-03 9.165166750957298714e-03 9.242959549177186609e-03 2.170770402188602899e-02 3.963451768431401623e-02 3.157772870356344297e-02 1.696234209955935213e-02 7.695679328784111456e-03 5.498238569817190738e-03 1.458425636712179507e-02 8.444097370496395083e-03 9.553728974454799017e-03 6.526220305706391736e-03 2.786612986581452067e-02 9.680206040442071794e-03 8.952384326433759226e-03 7.505251010146395986e-03 7.328650256825795795e-03 8.603028309183654784e-03 8.626671716532231804e-03 9.831818263577162681e-03 9.867724770659632924e-03 9.737732048582557060e-03 9.206689065771144279e-03 7.699440955715118259e-03 4.495305272182404006e-03 1.000000100000000021e-05 1.000000100000000021e-05 1.000000100000000021e-05 1.000000100000000021e-05 1.000000100000000021e-05 1.000000100000000021e-05 1.000000100000000021e-05 1.000000100000000021e-05 1.000000100000000021e-05 1.000000100000000021e-05 1.000000100000000021e-05
6.634900773527562315e-03 7.296495177464324550e-03 7.475681274157551341e-03 6.842026550324164028e-03 7.773553271939391031e-03 8.489431914343668895e-03 1.685150074688115604e-02 1.133035221321165853e-02 1.366808928187771000e-02 1.142980877233051862e-02 9.733194414169277567e-03 1.053738824210407460e-02 1.230460943558631809e-02 9.233357416845623319e-03 9.474615805159857657e-03 8.211250607776976115e-03 4.321442178410584908e-03 3.413233557334835293e-03 6.225051020248922873e-03 6.108710362953178631e-03 9.456767507875640452e-03 9.637462049916877341e-03 9.423462904108902832e-03 8.937709362438482283e-03 8.121019710582487103e-03 5.835689928201147694e-03 1.000000100000000021e-05 1.000000100000000021e-05 1.000000100000000021e-05 1.000000100000000021e-05 1.000000100000000021e-05 1.000000100000000021e-05 1.000000100000000021e-05 1.000000100000000021e-05 1.000000100000000021e-05 1.000000100000000021e-05 1.000000100000000021e-05
3.538768400898205987e-03 3.861961242444398017e-03 4.008377954467423100e-03 2.626954865740889055e-03 5.051510178949258564e-03 5.891894946680725081e-03 2.038480302674864492e-02 2.897917948224975476e-02 2.790005827980149636e-02 1.023405729964318306e-02 9.526199564728388136e-03 8.558040027295221036e-03 5.198658336462315573e-03 7.461898061412431359e-03 9.482351855998360710e-03 9.516415006222390949e-03 1.139746913503656214e-02 8.677715046822968153e-03 4.007390264531287064e-03 8.418550239976731533e-03 8.318327812713358776e-03 8.635270336375044584e-03 8.243768706127894280e-03 7.736944875872298240e-03 8.381470507932618080e-03 9.666540381461832115e-03 1.035882385163382734e-02 1.000000100000000021e-05 1.000000100000000021e-05 1.000000100000000021e-05 1.000000100000000021e-05 1.000000100000000021e-05 1.000000100000000021e-05 1.000000100000000021e-05 1.000000100000000021e-05 1.000000100000000021e-05 1.000000100000000021e-05
