output/water_depth_5520.asc
ncols 223
nrows 158
xllcorner 0.0
yllcorner 0.0
cellsize 30.0
[rows 119 to 135 of 158, columns 185 to 221 of 223]
9.798108133069342363e-05 7.957780751210494056e-05 7.733432311262250231e-05 1.000000000000000021e-08 1.000000000000000021e-08 1.664069987461394806e-05 2.156930647994274237e-05 8.811781573436754274e-05 6.256645543602369630e-03 6.340020695158216091e-01 6.718434211475438067e-01 6.372933130139659674e-01 6.516510835659206080e-01 3.499873963884861166e-04 1.583609255860595334e-04 3.658638116288636083e-05 5.558749056277613926e-05 8.653327017208372685e-05 9.497638200309578853e-05 1.940007051004891101e-05 1.000000000000000021e-08 1.000000000000000021e-08 5.590829165997635627e-05 4.889347010338484351e-05 3.402272810644662232e-05 1.000000000000000021e-08 1.423017094419788997e-05 1.000000100000000021e-05 1.000000100000000021e-05 1.000000100000000021e-05 1.000000100000000021e-05 1.000000100000000021e-05 1.000000100000000021e-05 1.000000100000000021e-05 1.000000100000000021e-05 1.000000100000000021e-05 1.000000100000000021e-05
2.560962636824233647e-05 1.000000000000000021e-08 1.000000000000000021e-08 1.000000000000000021e-08 2.694966696345692874e-05 1.926845666773103759e-05 2.953389762027075545e-05 1.000000000000000021e-08 6.118871755988982471e-04 5.788682700233789280e-01 1.000000000000000021e-08 5.838907728258097007e-01 5.526670148442137075e-04 3.177502525702932917e-04 1.225588766794644439e-04 4.858122823880286540e-05 1.000000000000000021e-08 1.000000000000000021e-08 1.000000000000000021e-08 8.937015232042524115e-05 4.690802146129737833e-05 5.063099247010603184e-05 4.238265395796065449e-05 3.995367605965822219e-05 4.212950975487883396e-05 4.310019848646675505e-05 2.803295697803302364e-05 1.000000100000000021e-05 1.000000100000000021e-05 1.000000100000000021e-05 1.000000100000000021e-05 1.000000100000000021e-05 1.000000100000000021e-05 1.000000100000000021e-05 1.000000100000000021e-05 1.000000100000000021e-05 1.000000100000000021e-05
2.301840177153735377e-05 1.000000000000000021e-08 1.000000000000000021e-08 2.261496456447683137e-05 7.172833094116028759e-05 2.634318342648574656e-05 1.000000000000000021e-08 1.000000000000000021e-08 8.173083621598123004e-05 6.016692823490129571e-01 5.852897703821640096e-01 2.558877271993518776e-01 1.669789089233889579e-01 1.232165036601342743e-03 3.460975434878019261e-04 2.482774633996239931e-04 2.190882339547403060e-04 9.195038698305057004e-05 1.153448207442109964e-04 6.235863172951055567e-05 5.397166504821891030e-05 2.795969819859445087e-05 1.258050231379747506e-05 1.000000000000000021e-08 1.000000000000000021e-08 1.000000000000000021e-08 1.000000100000000021e-05 1.000000100000000021e-05 1.000000100000000021e-05 1.000000100000000021e-05 1.000000100000000021e-05 1.000000100000000021e-05 1.000000100000000021e-05 1.000000100000000021e-05 1.000000100000000021e-05 1.000000100000000021e-05 1.000000100000000021e-05
1.806599522242317358e-05 2.301528661857414948e-05 1.000000000000000021e-08 1.000000000000000021e-08 6.977993965891153669e-05 1.000000000000000021e-08 1.000000000000000021e-08 5.628274310511995060e-02 1.071656150511543837e+00 1.163845752184172522e+00 5.393201169126469185e-01 5.609979671854670169e-01 7.718869641958117644e-02 7.086511549347022227e-05 6.480258161989937169e-05 8.749241693163584469e-05 1.111403507584735729e-04 1.040618011504506051e-04 2.575300857078847684e-05 2.724831967125139129e-05 2.646880550348256389e-05 1.919152249493415922e-05 1.028795831071066760e-05 1.175188234968861524e-05 1.000000000000000021e-08 1.000000000000000021e-08 1.000000100000000021e-05 1.000000100000000021e-05 1.000000100000000021e-05 1.000000100000000021e-05 1.000000100000000021e-05 1.000000100000000021e-05 1.000000100000000021e-05 1.000000100000000021e-05 1.000000100000000021e-05 1.000000100000000021e-05 1.000000100000000021e-05
1.000000000000000021e-08 2.184770489332465494e-05 2.548885083824054443e-05 1.000000000000000021e-08 2.056370329883959469e-04 5.313503519733473457e-01 5.756941211721171570e-01 1.115410195635603063e+00 1.067611058775889799e+00 9.686682329192779434e-04 2.732881311147905556e-03 2.262577717391846006e-03 6.903695644312922083e-04 3.440009153858100525e-05 1.000000000000000021e-08 1.000000000000000021e-08 1.000000000000000021e-08 1.000000000000000021e-08 1.000000000000000021e-08 1.000000000000000021e-08 1.330982829670698047e-05 1.665526323987924791e-05 2.335560280227777201e-05 2.217882189521661561e-05 1.469700288828116873e-05 1.000000000000000021e-08 1.000000100000000021e-05 1.000000100000000021e-05 1.000000100000000021e-05 1.000000100000000021e-05 1.000000100000000021e-05 1.000000100000000021e-05 1.000000100000000021e-05 1.000000100000000021e-05 1.000000100000000021e-05 1.000000100000000021e-05 1.000000100000000021e-05
1.000000000000000021e-08 2.595527746302455930e-05 3.182813933332318679e-05 7.737388739728335001e-04 5.456706608541109782e-01 5.496743642474767322e-01 5.720377439396914232e-01 2.912678137518198360e-03 3.300050632809624698e-03 1.000000000000000021e-08 1.000000000000000021e-08 1.000000000000000021e-08 1.553329424219662946e-05 4.592703054510372787e-05 5.269097912553250885e-05 3.310501777769629607e-05 3.255061680839282560e-05 3.314866748258325199e-05 2.398114258761600666e-05 1.000000000000000021e-08 1.000000000000000021e-08 1.000000000000000021e-08 3.177445554780176267e-05 2.481695538064685204e-05 2.071722352502803100e-05 1.242309369550173680e-05 1.000000100000000021e-05 1.000000100000000021e-05 1.000000100000000021e-05 1.000000100000000021e-05 1.000000100000000021e-05 1.000000100000000021e-05 1.000000100000000021e-05 1.000000100000000021e-05 1.000000100000000021e-05 1.000000100000000021e-05 1.000000100000000021e-05
2.410532671706835099e-05 1.000000000000000021e-08 1.000000000000000021e-08 5.234103278860889174e-04 1.089108514562120211e+00 1.077180916609067118e+00 1.281253166266956359e-03 1.000000000000000021e-08 1.000000000000000021e-08 1.000000000000000021e-08 1.000000000000000021e-08 2.782227401172586854e-05 5.583753000156568662e-03 6.754313888733680035e-03 5.043304696568424062e-05 5.439987275468237898e-05 4.658702734456441084e-05 5.347762320269692295e-05 1.000000000000000021e-08 1.000000000000000021e-08 1.000000000000000021e-08 1.000000000000000021e-08 1.000000000000000021e-08 3.031197247969656799e-05 2.360955004140617730e-05 1.402272232844705818e-05 1.000000100000000021e-05 1.000000100000000021e-05 1.000000100000000021e-05 1.000000100000000021e-05 1.000000100000000021e-05 1.000000100000000021e-05 1.000000100000000021e-05 1.000000100000000021e-05 1.000000100000000021e-05 1.000000100000000021e-05 1.000000100000000021e-05
2.881446553129469505e-05 1.000000000000000021e-08 1.000000000000000021e-08 4.323006341750257439e-04 1.084029461137103301e+00 1.068912691364874101e+00 1.538710077333840494e-03 1.685633038584182568e-05 1.385991637926952194e-05 1.152013216326888630e-05 1.000000000000000021e-08 2.810343645948802603e-05 1.137590471230300829e-03 2.807378170493304677e-05 4.527082147262765846e-05 1.000000000000000021e-08 3.984667099720130812e-05 1.000000000000000021e-08 1.000000000000000021e-08 1.000000000000000021e-08 1.000000000000000021e-08 1.000000000000000021e-08 1.000000000000000021e-08 4.613696800464800999e-05 2.898149203891010341e-05 1.696593833372578747e-05 1.000000100000000021e-05 1.000000100000000021e-05 1.000000100000000021e-05 1.000000100000000021e-05 1.000000100000000021e-05 1.000000100000000021e-05 1.000000100000000021e-05 1.000000100000000021e-05 1.000000100000000021e-05 1.000000100000000021e-05 1.000000100000000021e-05
2.256229115160229690e-05 2.308762784580145234e-05 2.086074770559693774e-05 7.824650308610793818e-05 1.079481852856969848e+00 1.057312528937086382e+00 6.074626368602505794e-03 3.419760652607227089e-05 2.418827923911263665e-05 1.863318389273536539e-05 1.215155727489721252e-05 1.000000000000000021e-08 5.817850060880175962e-04 5.616954183906144394e-04 6.492690668534810644e-05 3.638956294714604548e-05 2.858241637942284514e-05 1.035418850216655454e-05 1.000000000000000021e-08 1.000000000000000021e-08 1.000000000000000021e-08 1.000000000000000021e-08 1.000000000000000021e-08 1.000000000000000021e-08 2.931867569969734552e-05 1.636079860123784561e-05 1.000000100000000021e-05 1.000000100000000021e-05 1.000000100000000021e-05 1.000000100000000021e-05 1.000000100000000021e-05 1.000000100000000021e-05 1.000000100000000021e-05 1.000000100000000021e-05 1.000000100000000021e-05 1.000000100000000021e-05 1.000000100000000021e-05
3.501384036574629519e-05 1.000000000000000021e-08 1.225450579629208195e-05 1.317804767375740109e-05 5.449928536663765227e-03 1.022351937510187936e+00 5.511643126298425809e-03 3.875268910728585961e-05 3.017337157485270493e-05 2.302657113735505728e-05 1.326934344541877828e-05 1.000000000000000021e-08 2.584335220582474049e-04 8.876146603996869786e-04 1.679172893285903407e-04 1.352629651629406516e-04 1.710432465290806601e-04 2.240500172049289941e-04 2.565381620280659343e-04 2.150276375389609273e-04 1.747023057490239403e-04 1.390111678946749163e-04 1.070867792207918248e-04 8.470849780577098640e-05 4.541497507434333266e-05 1.499407811699411595e-05 1.000000100000000021e-05 1.000000100000000021e-05 1.000000100000000021e-05 1.000000100000000021e-05 1.000000100000000021e-05 1.000000100000000021e-05 1.000000100000000021e-05 1.000000100000000021e-05 1.000000100000000021e-05 1.000000100000000021e-05 1.000000100000000021e-05
9.189134745708964853e-05 1.028773301857416610e-04 1.000000000000000021e-08 2.208357738228266940e-05 1.000000000000000021e-08 5.643818930473067930e-01 4.483602838067375917e-01 1.000000000000000021e-08 3.387482843118959559e-05 2.829348404209383659e-05 1.971967289738699633e-05 1.000000000000000021e-08 8.863157160540157103e-04 8.085861308046208510e-04 7.697716081920151282e-04 4.373555257136621131e-04 3.137829624271700488e-04 1.846945406634175235e-04 3.373340673946578810e-05 1.170588360392548846e-05 1.000000000000000021e-08 1.000000000000000021e-08 7.487669448014695295e-05 5.516253517703626402e-05 5.654605383215097344e-05 3.394792282774839994e-05 1.000000100000000021e-05 1.000000100000000021e-05 1.000000100000000021e-05 1.000000100000000021e-05 1.000000100000000021e-05 1.000000100000000021e-05 1.000000100000000021e-05 1.000000100000000021e-05 1.000000100000000021e-05 1.000000100000000021e-05 1.000000100000000021e-05
8.441010005828704095e-05 1.000000000000000021e-08 2.847400568801922079e-05 2.903390862328447306e-05 2.722903090166784129e-05 2.807889196346028959e-01 7.203837970776711952e-01 2.034759316235579523e-03 2.058649793562526361e-04 2.827955125286674750e-04 3.775749117311444532e-04 5.731680488275301116e-04 7.249004732277339108e-04 5.427471749899375787e-04 6.649449706282990573e-05 5.180585655844045795e-05 1.000000000000000021e-08 1.000000000000000021e-08 1.000000000000000021e-08 1.000000000000000021e-08 1.000000000000000021e-08 6.494335623673049463e-05 1.000000000000000021e-08 1.000000000000000021e-08 1.402141383358114572e-05 1.325538046943328991e-05 1.000000100000000021e-05 1.000000100000000021e-05 1.000000100000000021e-05 1.000000100000000021e-05 1.000000100000000021e-05 1.000000100000000021e-05 1.000000100000000021e-05 1.000000100000000021e-05 1.000000100000000021e-05 1.000000100000000021e-05 1.000000100000000021e-05
8.222768305033535197e-05 1.033845557223790553e-04 1.193746835412209793e-04 1.169721489792882742e-04 9.783772255297835160e-05 1.396807278303613675e-01 9.609602530606355941e-01 9.670579065770571470e-01 1.120100945411413827e-03 9.989027808744610926e-04 9.536170548015746561e-04 4.943372777596680319e-03 7.217485966495210516e-04 2.775406434981130877e-04 1.000000000000000021e-08 3.561567609440834705e-05 5.228103927201290440e-05 1.000000000000000021e-08 1.000000000000000021e-08 1.000000000000000021e-08 1.000000000000000021e-08 5.859319430872984521e-05 6.121306408614037757e-05 3.636871656516329977e-05 2.955262746417979404e-05 1.000000000000000021e-08 1.000000100000000021e-05 1.000000100000000021e-05 1.000000100000000021e-05 1.000000100000000021e-05 1.000000100000000021e-05 1.000000100000000021e-05 1.000000100000000021e-05 1.000000100000000021e-05 1.000000100000000021e-05 1.000000100000000021e-05 1.000000100000000021e-05
1.233167631249299705e-04 2.360733650422071567e-04 3.230442779407732400e-04 2.886291666105270689e-04 2.328282284053514637e-04 9.560727027934835809e-02 9.342405198717245174e-01 6.526848576884106915e-04 1.633480557791327524e-05 1.000000000000000021e-08 1.000000000000000021e-08 6.501077392962387310e-04 1.336217809036016786e-02 2.375927339569411064e-04 1.000000000000000021e-08 1.000000000000000021e-08 2.762712777950837755e-05 1.000000000000000021e-08 1.000000000000000021e-08 1.000000000000000021e-08 1.000000000000000021e-08 1.995585594301577998e-05 1.832965678756653976e-05 1.967358563702045190e-05 1.474436216571531138e-05 1.000000100000000021e-05 1.000000100000000021e-05 1.000000100000000021e-05 1.000000100000000021e-05 1.000000100000000021e-05 1.000000100000000021e-05 1.000000100000000021e-05 1.000000100000000021e-05 1.000000100000000021e-05 1.000000100000000021e-05 1.000000100000000021e-05 1.000000100000000021e-05
3.196226250830044651e-05 1.000000000000000021e-08 1.000000000000000021e-08 1.995963116650177729e-05 1.250178943244567055e-02 1.028487519740252099e+00 8.604801414267474469e-01 1.000000000000000021e-08 1.224890828210913334e-05 1.033064389516032589e-05 1.000000000000000021e-08 9.566549069702666094e-03 1.153113514316800661e-02 1.219141376788824074e-02 3.326569090009224471e-05 1.000000000000000021e-08 1.346580981353594381e-05 1.239781488805137162e-05 1.000000000000000021e-08 1.000000000000000021e-08 1.000000000000000021e-08 1.000000000000000021e-08 1.000000000000000021e-08 1.000000000000000021e-08 1.000000000000000021e-08 1.000000100000000021e-05 1.000000100000000021e-05 1.000000100000000021e-05 1.000000100000000021e-05 1.000000100000000021e-05 1.000000100000000021e-05 1.000000100000000021e-05 1.000000100000000021e-05 1.000000100000000021e-05 1.000000100000000021e-05 1.000000100000000021e-05 1.000000100000000021e-05
1.000000000000000021e-08 1.000000000000000021e-08 1.000000000000000021e-08 1.725677777606592729e-03 9.159445587869431415e-01 9.221054343892485239e-01 8.097343137435705079e-05 1.000000000000000021e-08 1.000000000000000021e-08 1.000000000000000021e-08 1.000000000000000021e-08 2.333483986505105814e-03 7.663498399588664599e-03 3.132538543218820273e-05 2.248030564844579078e-05 1.423726621923221027e-05 1.000000000000000021e-08 1.000000000000000021e-08 1.000000000000000021e-08 1.000000000000000021e-08 1.000000000000000021e-08 1.535998031396705366e-05 1.371713068358391990e-05 1.000000000000000021e-08 1.000000100000000021e-05 1.000000100000000021e-05 1.000000100000000021e-05 1.000000100000000021e-05 1.000000100000000021e-05 1.000000100000000021e-05 1.000000100000000021e-05 1.000000100000000021e-05 1.000000100000000021e-05 1.000000100000000021e-05 1.000000100000000021e-05 1.000000100000000021e-05 1.000000100000000021e-05
1.000000000000000021e-08 1.140751632277244086e-05 1.000000000000000021e-08 3.161904034047485637e-04 9.035196092244713872e-01 3.991343314090948190e-03 4.203311476682723561e-05 1.730559286447628695e-05 1.248931568712513117e-05 2.229736387753740884e-05 1.000000000000000021e-08 3.369326332660456651e-03 9.364096258190314969e-04 1.214847392075573727e-05 1.000000000000000021e-08 1.000000000000000021e-08 2.328455541633998448e-05 1.000000000000000021e-08 1.000000000000000021e-08 1.000000000000000021e-08 1.000000000000000021e-08 1.000000000000000021e-08 1.000000000000000021e-08 1.008640564085398013e-05 1.000000100000000021e-05 1.000000100000000021e-05 1.000000100000000021e-05 1.000000100000000021e-05 1.000000100000000021e-05 1.000000100000000021e-05 1.000000100000000021e-05 1.000000100000000021e-05 1.000000100000000021e-05 1.000000100000000021e-05 1.000000100000000021e-05 1.000000100000000021e-05 1.000000100000000021e-05
