output/water_depth_5760.asc
ncols 223
nrows 158
xllcorner 0.0
yllcorner 0.0
cellsize 30.0
[rows 102 to 118 of 158, columns 111 to 147 of 223]
2.026459361632937178e-04 5.667675432032324252e-04 4.648294481162750348e-04 8.648943309169965536e-04 5.108269194300024338e-04 7.537342320826345135e-04 3.846894296805962411e-04 5.265173593053413398e-04 2.505985310398754187e-04 4.640800037264167059e-04 4.259358633064008206e-04 7.002232904759678363e-03 3.662136830518659351e-03 7.309832697067468899e-04 1.540799549515304168e-03 1.164551136077307840e-03 2.308229159948287871e-03 5.612045433424675024e-03 6.877512378158128631e-03 3.084706368565601556e-02 2.050726492618760999e-03 1.000000000000000021e-08 1.000000000000000021e-08 1.000000000000000021e-08 1.000000000000000021e-08 1.000000000000000021e-08 2.823911905780226764e-05 2.715766950112012224e-05 2.098403576051524028e-05 1.231349752238152232e-05 1.000000000000000021e-08 1.776856012508628354e-05 1.087794311929538230e-05 1.000000000000000021e-08 1.420122167125669844e-05 1.000000000000000021e-08 1.000000000000000021e-08
8.702373167010524777e-04 1.034279897488512038e-03 1.859716700205702421e-03 8.537115065102542566e-04 1.150313530935322646e-03 5.885242506901992767e-04 8.218815861662561589e-04 4.162135507398254564e-04 5.636993072978760269e-04 3.167356098100118493e-04 6.264861542787720410e-04 2.772378258809996693e-03 3.144591034874319978e-03 1.031153595168705049e-03 7.886790730450341349e-04 1.625130737576544566e-03 3.755575670274839250e-03 5.509381687341653039e-03 1.490616234034709137e-02 4.345244907945167157e-02 1.424091817565722963e-03 1.000000000000000021e-08 1.000000000000000021e-08 1.000000000000000021e-08 1.000000000000000021e-08 1.000000000000000021e-08 3.331467243019470308e-05 2.709328253568469414e-05 1.000000000000000021e-08 1.263906282793520037e-05 1.000000000000000021e-08 3.217650561540890758e-05 1.050922565073613916e-05 1.000000000000000021e-08 1.921467840676557108e-05 1.000000000000000021e-08 1.000000000000000021e-08
1.585889101274438320e-03 2.402628752608318083e-03 3.310725348716825854e-03 6.095314249067454275e-03 7.461860316897078738e-03 8.737773803262845890e-03 3.672944726131065034e-03 4.135062238240444846e-03 5.610168740521160463e-03 1.698674880391470724e-03 7.223525911902381469e-04 3.677083644537495252e-03 7.878398950818502056e-03 1.726631700387884147e-02 1.812734745427452276e-02 2.333434468012163601e-02 1.592647879772194838e-02 2.600382521404289229e-02 2.476856994967248371e-02 5.570531611715350689e-02 1.194393905586486849e-03 1.014185690091393773e-05 1.000000000000000021e-08 1.000000000000000021e-08 1.000000000000000021e-08 1.000000000000000021e-08 4.333994630469514652e-05 2.592054135742672359e-05 1.000000000000000021e-08 1.000000000000000021e-08 1.000000000000000021e-08 1.000000000000000021e-08 1.000000000000000021e-08 1.000000000000000021e-08 2.011040550412756256e-05 1.000000000000000021e-08 1.701695319544263191e-05
8.314145920533633043e-04 9.114595952073128418e-05 8.046885686218181060e-05 5.621968631439072011e-04 1.894794601780028578e-03 3.048393793102670279e-03 5.985115121730450426e-03 7.833744854107467168e-03 1.096023874527571502e-02 1.300222799507236814e-02 1.024037081660350394e-02 1.441402272003943115e-02 5.279541588701525123e-02 1.285538204635040295e-02 1.402279966543335324e-02 9.537310211219613212e-03 9.921319473914556528e-03 6.478684314283963616e-03 9.194485812737253003e-03 3.366522690372368565e-02 3.273922384401545260e-02 1.000000000000000021e-08 2.398830239479197109e-05 1.000000000000000021e-08 1.000000000000000021e-08 1.000000000000000021e-08 4.301182698997301466e-05 2.942227783875906667e-05 1.000000000000000021e-08 1.000000000000000021e-08 1.124475865685112608e-05 1.261385786370738578e-05 1.335551533697754210e-05 1.164213707898026183e-05 2.725213642681698629e-05 1.000000000000000021e-08 2.709963159960723927e-05
5.795570589495747894e-04 3.127355280291593711e-04 1.892172034702061390e-04 1.284561211757845399e-04 1.046726049867947140e-04 8.750812101144416801e-05 9.405867048622236926e-05 7.932328936803722153e-05 5.298088396101016792e-05 5.892511778285594001e-05 1.770801219274329178e-03 1.380646307459783241e-03 7.765581089844068950e-04 1.000000000000000021e-08 6.169697017148238966e-05 1.000000000000000021e-08 1.452788083495915039e-03 5.648693750660232311e-04 1.496106229681846761e-03 1.651019795164696685e-02 3.679832150156872594e-02 1.278836274656664461e-02 1.000000000000000021e-08 1.000000000000000021e-08 1.000000000000000021e-08 1.000000000000000021e-08 1.000000000000000021e-08 4.855917109190113155e-05 2.773407633607322077e-05 1.000000000000000021e-08 1.000000000000000021e-08 1.202304357395083546e-05 2.065251896659370278e-05 1.455114561483803151e-05 1.000000000000000021e-08 1.000000000000000021e-08 5.873771268326493880e-05
2.840052569073154513e-04 3.345296838738832175e-04 2.925543792441219373e-04 2.479564581729414496e-04 2.246411731541387386e-04 2.305728567585369599e-04 2.186448484660689581e-04 1.961248056296937561e-04 4.539690073284851257e-04 2.546909973052053949e-04 5.197231191941952422e-04 4.250206876904346199e-04 5.086184068936782168e-04 2.088358483016376364e-04 7.926704711333283258e-05 1.000000000000000021e-08 9.064076479638836907e-05 9.538039324944620203e-05 1.135027945858147272e-03 1.487968946795879994e-02 8.446613455846528618e-02 3.911347717369116628e-02 2.704570932225768367e-04 1.263529744666675407e-05 1.000000000000000021e-08 1.000000000000000021e-08 1.000000000000000021e-08 6.929892976682583980e-05 3.270638738716217890e-05 3.355367551776277551e-05 1.000000000000000021e-08 2.177844148740714584e-05 1.000000000000000021e-08 1.191445798332367222e-05 1.324456098286303628e-05 1.000000000000000021e-08 9.602494742921280206e-05
1.540419640494719366e-05 1.840090030681738545e-05 5.396100550756474852e-05 6.077636143732440801e-05 4.535182548906500129e-04 5.731044854173625086e-04 7.072785122092988333e-04 8.630908890713706203e-04 1.097042828158918725e-03 1.205602016400353360e-03 9.721988810306787148e-05 5.703748987134205344e-04 5.715665012553797827e-04 3.832677217985963039e-05 2.554018199158320364e-05 1.955943457353674639e-05 1.186367990642556614e-04 3.111888817264448978e-05 8.944246415729496065e-04 1.107102725412149880e-02 4.035600457282666892e-02 9.106326288159585780e-02 3.499191312042246316e-02 1.805365557465794465e-04 1.957671199635719719e-05 2.470857379145617336e-05 4.890506807049727777e-05 6.516960611338044559e-05 4.123337501513414324e-05 1.000000000000000021e-08 1.700873979266973097e-05 1.000000000000000021e-08 1.000000000000000021e-08 3.124681467877088095e-05 1.037495002923445923e-05 1.641042331007296225e-05 1.320699353596734894e-04
1.000000000000000021e-08 1.000000000000000021e-08 1.000000000000000021e-08 3.635074005563140978e-05 3.688635958261581201e-03 3.009608250136005050e-05 2.663031670118496842e-05 3.316130197006226008e-05 2.685426292173646585e-04 2.222599179197760108e-04 1.382836624427182513e-04 1.773662441739113510e-04 2.721638822065893188e-04 9.308340517791306376e-04 6.602179063149234443e-04 6.627676404425241440e-03 1.266086455197474963e-04 1.361633353026037120e-03 1.053872918348397079e-03 2.337632376859246578e-03 2.070059423527210985e-04 2.418290656476602962e-02 2.789383319015051321e-02 2.170894913574627008e-02 8.853150643480177894e-05 1.000000000000000021e-08 1.000000000000000021e-08 5.756130777517564555e-05 6.331403376965400831e-05 1.000000000000000021e-08 1.000000000000000021e-08 1.000000000000000021e-08 1.000000000000000021e-08 6.159146515005878384e-05 1.230891365720823616e-05 9.984703163200847630e-05 1.279095567086740038e-04
1.893017163551005799e-05 1.000000000000000021e-08 1.000000000000000021e-08 1.832257009154427600e-05 7.652057088837974769e-05 1.012490324070586065e-05 1.000000000000000021e-08 1.000000000000000021e-08 1.000000000000000021e-08 1.280519513832668088e-05 3.671076823626459140e-04 6.714651073399136461e-04 8.687707633927921683e-04 1.046081000031851178e-03 9.665393798974121226e-04 1.709999238722977391e-03 4.453025263810941187e-03 2.576958577237590045e-02 7.395088906555323180e-03 2.376738713906689174e-03 4.360706813128855698e-03 3.056772065139266512e-02 3.351179020938623021e-02 3.131642235362317589e-02 2.845120405470161207e-02 6.812235203894135768e-03 6.947627958131696001e-03 8.624210026070321458e-05 6.213580058502775609e-05 1.000000000000000021e-08 1.000000000000000021e-08 1.000000000000000021e-08 5.047332023270305573e-05 5.801156013964363649e-05 6.178178565512783889e-05 7.999869355579878585e-05 1.592976073912819404e-04
4.604512815265817370e-05 3.881050400587740724e-05 3.201113302217900152e-05 1.000000000000000021e-08 4.080922868340065065e-04 6.032629738761332590e-05 4.951963370096864404e-05 3.169722580860110452e-05 2.673755497903494032e-04 2.063317505799247922e-04 2.671769223903111491e-04 3.991255521928213732e-04 3.146896891541853735e-04 6.169370498895024877e-04 3.172487407042751811e-03 3.431829468233441125e-03 2.855375646244425001e-03 2.631446919225890677e-03 3.409048147600770434e-02 1.213800084492967779e-02 1.180332038777028372e-02 2.501624318293968474e-02 8.424251901165942524e-02 1.434481812131353784e-01 4.927406175096837870e-02 3.268725423226025162e-02 3.225284407743739257e-02 7.012300735095061601e-04 4.509511030375717739e-05 3.259690955045526804e-05 2.657287366157223450e-05 2.540136478710416205e-05 7.930382742965451457e-04 1.244630208171406858e-04 1.000000000000000021e-08 5.818257698461545374e-05 1.828266263144916713e-04
3.213588095790733713e-04 1.106482787701139147e-04 1.362764635654902879e-03 1.000000000000000021e-08 3.021009120851445777e-04 2.898862301691681174e-04 2.896803664226764940e-04 5.857205674484378165e-04 9.751246301407350122e-04 8.828059099479237211e-04 1.497195566744767862e-03 4.787997711185827459e-04 1.458496753848965988e-03 1.259123675838060875e-03 9.002427963765533437e-04 5.951518098130918364e-04 5.001124452468877924e-05 2.520831300681650004e-03 1.766167858204178640e-03 1.760290729744168163e-03 3.866768045321004139e-04 2.761781082901250059e-02 4.491244421478282622e-02 1.072531863027209875e-01 1.268529274861192324e-01 1.366533909976291317e-01 5.342481241289815941e-01 5.287508750835141491e-01 2.125917458297504285e-03 3.343404593276923915e-04 3.547572926126932227e-04 1.532009710984173271e-05 7.908132810342015373e-02 7.360647700706263175e-02 1.760876224351587416e-03 1.000000000000000021e-08 1.533254844393834647e-04
1.425669141541463731e-04 4.057097008646056921e-04 1.545555964825122246e-03 1.185272296341218869e-05 1.000000000000000021e-08 1.000000000000000021e-08 1.000000000000000021e-08 3.875046270701287549e-05 5.474002546255565577e-05 1.357552441654402654e-03 9.675870627113670281e-04 1.068371942358292779e-04 9.295668179949450238e-05 1.034882796986938891e-04 1.716757268222953142e-04 2.022567395844898923e-04 3.105210411441939721e-04 9.767942045197672372e-04 1.021671015106567727e-03 1.575980790343046696e-03 3.299781424416660391e-02 3.731918216077378947e-02 4.991450379993787878e-02 4.930817871325703788e-02 9.473909793520317313e-02 1.240538151726655464e-01 5.155550309494729699e-01 5.058472291493476547e-01 4.629406692579504656e-01 4.132464083064664728e-01 4.344296578269208897e-01 2.618167928658113319e-01 1.703327830485476257e-01 2.246804646106691783e-01 3.638792031976800234e-01 3.706111493590774075e-01 9.989550962826885747e-03
6.599964655993774540e-04 6.666865352153448880e-03 7.547592183618177623e-03 7.969343596805556623e-03 9.075691038842100423e-05 1.842610591440477897e-05 2.743446064276643928e-05 1.998289726443641166e-05 1.000000000000000021e-08 8.815828490012779213e-04 7.118405851890619637e-04 5.020470758041987872e-04 3.865105090568286025e-04 2.913505884401331619e-04 2.656481494994829989e-04 2.337056240130458114e-04 3.361214073307280557e-04 1.000000000000000021e-08 5.379373067147444733e-04 1.438590990614807856e-03 6.474962844628448511e-02 1.087216325232230191e-01 6.234155395995404081e-02 3.215506969516340047e-02 1.583744629949890986e-02 8.824596092692336968e-03 5.808095916999950897e-03 4.775281451819013770e-03 2.993262056469697414e-03 2.564274613743779824e-03 2.185377091458362217e-03 1.284435632058580634e-01 1.332414109118301437e-01 2.155731030952345861e-01 1.182960439755343374e-01 5.087625210147288524e-01 2.603585428612386066e-01
2.332298665649651381e-02 4.026421857913711939e-03 4.698389777369055276e-03 1.085709297890774007e-02 4.372975943601760396e-02 2.818429798202484737e-02 6.174196558815130305e-03 4.249185214087026694e-03 2.920054855147985896e-03 1.460861300983758680e-03 6.650797168134866665e-04 3.467257196516879982e-04 2.153340055518660368e-04 1.341789056163746855e-04 5.027056820630756073e-04 7.005038747853296758e-04 3.093977283364234693e-02 2.010125722791515981e-02 9.428360214528318933e-03 1.078413193743787551e-01 1.605998519363502630e-01 8.225705699810251237e-02 3.108502070607805702e-04 3.917037942642393399e-05 1.976263077652925683e-05 2.418793566217412720e-05 1.000000000000000021e-08 1.000000000000000021e-08 1.760319081729627382e-05 1.233185006458310061e-05 2.038933008464229089e-04 6.544204344380659399e-02 1.020459537328499977e-01 5.967684485400031463e-02 3.803787362595251187e-02 3.644688670639772282e-02 1.910171720640412851e-01
6.247599456830669974e-05 4.171359076230127271e-05 3.318482896435724709e-05 1.012764433311475333e-04 1.000000000000000021e-08 8.146694330138723114e-03 1.131356200983859965e-02 1.223448413533002530e-02 7.999618883822787532e-03 5.422547319146656802e-03 1.069466583070878725e-03 7.105158269877216801e-04 5.400786891337871869e-04 1.725418167613706382e-03 5.446495455883931108e-02 6.942133820702718616e-02 7.485332605276670548e-02 1.053486040063587731e-01 1.207679422812844294e-01 9.474799949234880003e-02 4.608495341953338514e-02 3.024919295045794265e-04 1.000000000000000021e-08 1.201872556338175129e-05 2.308090176916365049e-05 2.071862725604842648e-05 1.000000000000000021e-08 1.000000000000000021e-08 1.102357436468751417e-05 9.799804699836172153e-04 1.653448423303988070e-03 2.575762850208269776e-03 2.994663048538331613e-03 2.717741322770368673e-03 1.467348350506022473e-03 1.197222715754895153e-02 1.202162324200788113e-01
5.870214438304408944e-05 7.848674251376021435e-05 7.654714797824789811e-05 1.328303465036515234e-04 1.268332766397892047e-05 1.000000000000000021e-08 2.433239054715646379e-05 1.943500624314382008e-03 5.592049746954191186e-03 5.672893086062853925e-03 4.908884509308560247e-03 4.305488786519742241e-03 1.377853432358032079e-02 1.712014459914384668e-01 1.186345647687094135e-01 3.837152877714418431e-02 2.810027387263320034e-02 2.167195995318223906e-02 7.458811311267518791e-03 2.301218733243828776e-03 2.571976954218061501e-05 1.000000000000000021e-08 1.000000000000000021e-08 1.000000000000000021e-08 1.280954378212653966e-05 1.699410324920167927e-05 1.975869140240339453e-05 5.115988428282597020e-04 2.709468781323228371e-03 9.813471735579091821e-04 1.361550407695940592e-03 1.265278929105306469e-02 1.983842129048297639e-03 1.602371055999529670e-03 1.852662623056136560e-04 1.308167446718282048e-04 1.173261639971360723e-03
3.420890898612599369e-04 3.185640515669813382e-04 4.439206021427312843e-04 7.659829312120324104e-04 1.157799478139996257e-04 1.000000000000000021e-08 1.824837379865941651e-05 1.043053726658414596e-03 4.211661648219748935e-03 5.528237891406072302e-03 5.345040399230545879e-03 3.002083312465323589e-02 4.355552073178873412e-02 5.780793901369332688e-02 3.248165740383310990e-02 2.765967597884893322e-03 1.000000000000000021e-08 7.319924220182465148e-05 2.250570607503234359e-05 1.000000000000000021e-08 1.000000000000000021e-08 1.000000000000000021e-08 1.000000000000000021e-08 1.000000000000000021e-08 1.117645828123643508e-05 3.663399010975958088e-05 3.615529108459104683e-03 3.696481607168144046e-03 2.399127034665110222e-03 3.756671486397057886e-04 2.870043810818898858e-04 3.431957169670001159e-04 8.957266390577585705e-05 2.635303347385838289e-05 5.069106147247830500e-05 1.000000000000000021e-08 1.000000000000000021e-08
