output/water_depth_8640.asc
ncols 223
nrows 158
xllcorner 0.0
yllcorner 0.0
cellsize 30.0
[rows 136 to 152 of 158, columns 0 to 36 of 223]
1.000000100000000021e-05 1.000000100000000021e-05 1.000000100000000021e-05 1.000000100000000021e-05 1.000000100000000021e-05 1.000000100000000021e-05 1.000000100000000021e-05 1.000000100000000021e-05 1.000000100000000021e-05 1.000000100000000021e-05 1.000000100000000021e-05 1.000000100000000021e-05 1.000000100000000021e-05 1.000000000000000021e-08 1.000000000000000021e-08 1.000000000000000021e-08 1.000000000000000021e-08 1.000000000000000021e-08 1.000000000000000021e-08 1.000000000000000021e-08 1.000000000000000021e-08 1.000000000000000021e-08 1.000000000000000021e-08 1.000000000000000021e-08 1.000000000000000021e-08 1.000000000000000021e-08 1.000000000000000021e-08 1.000000000000000021e-08 1.000000000000000021e-08 1.000000000000000021e-08 1.000000000000000021e-08 1.000000000000000021e-08 1.000000000000000021e-08 1.000000000000000021e-08 1.066231732830631733e-05 1.000000000000000021e-08 1.000000000000000021e-08
1.000000100000000021e-05 1.000000100000000021e-05 1.000000100000000021e-05 1.000000100000000021e-05 1.000000100000000021e-05 1.000000100000000021e-05 1.000000100000000021e-05 1.000000100000000021e-05 1.000000100000000021e-05 1.000000100000000021e-05 1.000000100000000021e-05 1.000000100000000021e-05 1.000000100000000021e-05 1.000000000000000021e-08 1.000000000000000021e-08 1.000000000000000021e-08 1.000000000000000021e-08 1.000000000000000021e-08 1.000000000000000021e-08 1.000000000000000021e-08 1.000000000000000021e-08 1.000000000000000021e-08 1.000000000000000021e-08 1.000000000000000021e-08 1.000000000000000021e-08 1.000000000000000021e-08 1.000000000000000021e-08 1.000000000000000021e-08 1.000000000000000021e-08 1.000000000000000021e-08 1.000000000000000021e-08 1.000000000000000021e-08 1.000000000000000021e-08 1.000000000000000021e-08 1.000000000000000021e-08 1.000000000000000021e-08 1.000000000000000021e-08
1.000000100000000021e-05 1.000000100000000021e-05 1.000000100000000021e-05 1.000000100000000021e-05 1.000000100000000021e-05 1.000000100000000021e-05 1.000000100000000021e-05 1.000000100000000021e-05 1.000000000000000021e-08 1.580704982154995119e-05 2.428348743858043277e-05 3.320863891370712853e-05 2.827525642713544539e-05 1.000000000000000021e-08 1.000000000000000021e-08 1.000000000000000021e-08 1.000000000000000021e-08 1.000000000000000021e-08 1.000000000000000021e-08 1.000000000000000021e-08 1.000000000000000021e-08 1.000000000000000021e-08 1.000000000000000021e-08 1.000000000000000021e-08 1.000000000000000021e-08 1.000000000000000021e-08 1.000000000000000021e-08 1.000000000000000021e-08 1.000000000000000021e-08 1.000000000000000021e-08 1.000000000000000021e-08 1.000000000000000021e-08 1.000000000000000021e-08 1.013242737158807723e-05 1.000000000000000021e-08 1.000000000000000021e-08 1.000000000000000021e-08
1.000000100000000021e-05 1.000000100000000021e-05 1.000000100000000021e-05 1.000000100000000021e-05 1.000000100000000021e-05 1.000000100000000021e-05 1.000000100000000021e-05 1.000000100000000021e-05 1.000000100000000021e-05 1.000000000000000021e-08 1.000000000000000021e-08 1.000000000000000021e-08 1.935837086184836881e-05 1.821258401833009653e-05 1.863487847250048374e-05 1.550829433587060219e-05 1.413862389129939734e-05 1.340740899821622589e-05 1.256790145948370312e-05 1.478993868451418011e-05 1.548566643068470693e-05 1.000000000000000021e-08 1.000000000000000021e-08 1.000000000000000021e-08 1.000000000000000021e-08 1.000000000000000021e-08 1.000000000000000021e-08 1.000000000000000021e-08 2.263840062907401248e-05 1.367315603145165075e-05 2.277521250153770964e-05 1.810026779098703351e-05 1.000000000000000021e-08 1.000000000000000021e-08 1.000000000000000021e-08 1.000000000000000021e-08 1.000000000000000021e-08
1.000000100000000021e-05 1.000000100000000021e-05 1.000000100000000021e-05 1.000000100000000021e-05 1.000000100000000021e-05 1.000000100000000021e-05 1.000000100000000021e-05 1.000000100000000021e-05 1.000000100000000021e-05 1.000000000000000021e-08 1.000000000000000021e-08 1.000000000000000021e-08 1.571067387235581511e-05 2.180274459105728413e-05 2.491695861311598353e-05 2.350084249015804293e-05 2.372092520037082775e-05 2.766180103355872987e-05 4.131838151602368824e-05 5.508122919460900084e-05 1.000000000000000021e-08 1.000000000000000021e-08 1.000000000000000021e-08 1.000000000000000021e-08 1.000000000000000021e-08 1.000000000000000021e-08 1.000000000000000021e-08 3.038002718571029760e-05 2.705330553463982814e-05 2.263258921069866367e-05 1.799462053731249746e-05 1.000000000000000021e-08 1.000000000000000021e-08 1.000000000000000021e-08 1.000000000000000021e-08 1.000000000000000021e-08 1.000000000000000021e-08
1.000000100000000021e-05 1.000000100000000021e-05 1.000000100000000021e-05 1.000000100000000021e-05 1.000000100000000021e-05 1.000000100000000021e-05 1.000000100000000021e-05 1.000000100000000021e-05 1.000000100000000021e-05 1.000000000000000021e-08 1.000000000000000021e-08 1.000000000000000021e-08 1.460918348338001979e-05 1.000000000000000021e-08 1.000000000000000021e-08 2.180396214404097083e-05 2.673197418232912373e-05 1.000000000000000021e-08 1.000000000000000021e-08 1.000000000000000021e-08 1.000000000000000021e-08 1.000000000000000021e-08 1.000000000000000021e-08 1.000000000000000021e-08 1.000000000000000021e-08 1.615983872465156159e-05 2.069861546068296445e-05 3.631394039296005226e-05 5.915353595508554319e-05 1.000000000000000021e-08 1.000000000000000021e-08 1.000000000000000021e-08 1.000000000000000021e-08 1.000000000000000021e-08 1.000000000000000021e-08 1.000000000000000021e-08 1.000000000000000021e-08
1.000000100000000021e-05 1.000000100000000021e-05 1.000000100000000021e-05 1.000000100000000021e-05 1.000000100000000021e-05 1.000000100000000021e-05 1.000000100000000021e-05 1.000000100000000021e-05 1.000000100000000021e-05 1.000000000000000021e-08 1.000000000000000021e-08 1.000000000000000021e-08 1.631741805922251069e-05 1.511926440777220731e-05 1.283026277406934708e-05 2.161471058972083700e-05 1.000000000000000021e-08 1.000000000000000021e-08 1.000000000000000021e-08 1.000000000000000021e-08 1.000000000000000021e-08 1.000000000000000021e-08 1.000000000000000021e-08 1.000000000000000021e-08 1.000000000000000021e-08 2.036525218176365667e-05 2.453444981871077856e-05 9.941469500417764280e-05 1.000000000000000021e-08 1.000000000000000021e-08 1.000000000000000021e-08 1.000000000000000021e-08 1.000000000000000021e-08 1.000000000000000021e-08 1.000000000000000021e-08 1.000000000000000021e-08 1.000000000000000021e-08
1.000000100000000021e-05 1.000000100000000021e-05 1.000000100000000021e-05 1.000000100000000021e-05 1.000000100000000021e-05 1.000000100000000021e-05 1.000000100000000021e-05 1.000000100000000021e-05 1.000000100000000021e-05 1.109532020185390260e-05 1.866237491688505233e-05 3.732237822864692195e-05 3.902255252648117876e-05 3.626664148718350335e-05 3.046705167032741156e-05 1.000000000000000021e-08 1.000000000000000021e-08 1.895436589045105340e-05 1.599430572821903334e-05 1.000000000000000021e-08 1.000000000000000021e-08 1.000000000000000021e-08 1.000000000000000021e-08 6.272855437281684419e-05 1.000000000000000021e-08 2.434656697365209288e-05 6.089792442029715632e-05 4.950879351540862870e-05 5.810319522310210450e-05 4.078245016097390330e-05 1.000000000000000021e-08 1.000000000000000021e-08 1.000000000000000021e-08 1.000000000000000021e-08 1.000000000000000021e-08 1.000000000000000021e-08 1.000000000000000021e-08
1.000000100000000021e-05 1.000000100000000021e-05 1.000000100000000021e-05 1.000000100000000021e-05 1.000000100000000021e-05 1.000000100000000021e-05 1.000000100000000021e-05 1.000000100000000021e-05 1.000000100000000021e-05 1.000000100000000021e-05 1.000000100000000021e-05 1.000000100000000021e-05 2.778718673269870080e-05 7.304074217671879625e-05 1.632366750299282018e-04 9.398355863807688953e-05 3.648338676740681824e-04 3.951395330573630876e-03 7.102414945522285070e-04 1.000000000000000021e-08 1.000000000000000021e-08 1.000000000000000021e-08 1.000000000000000021e-08 6.450120104320852463e-04 9.289955739632327954e-04 8.064035438761448286e-05 6.426626116582068388e-05 5.107995520686234140e-05 4.600692322686846214e-05 1.000000000000000021e-08 1.000000000000000021e-08 1.000000000000000021e-08 1.000000000000000021e-08 1.000000000000000021e-08 1.000000000000000021e-08 1.000000000000000021e-08 1.000000000000000021e-08
1.000000100000000021e-05 1.000000100000000021e-05 1.000000100000000021e-05 1.000000100000000021e-05 1.000000100000000021e-05 1.000000100000000021e-05 1.000000100000000021e-05 1.000000100000000021e-05 1.000000100000000021e-05 1.000000100000000021e-05 1.000000100000000021e-05 1.000000100000000021e-05 3.225872636630616866e-05 1.365676900270476894e-04 2.245994399035254130e-04 3.058065020625216489e-04 2.438059336969563271e-04 1.614145849054129998e-04 5.250054696138328932e-03 1.033033893633784200e-03 1.087459462069403611e-03 9.393712829944371717e-04 6.598844633591679533e-03 7.151047130537908610e-04 5.617695875935210890e-04 7.697893229588120357e-04 5.742646461754135538e-05 2.512330748711515607e-05 1.281476752841276387e-05 1.189596341073501046e-05 1.000000000000000021e-08 1.000000000000000021e-08 1.000000000000000021e-08 1.000000000000000021e-08 1.000000000000000021e-08 1.000000000000000021e-08 1.000000000000000021e-08
1.000000100000000021e-05 1.000000100000000021e-05 1.000000100000000021e-05 1.000000100000000021e-05 1.000000100000000021e-05 1.000000100000000021e-05 1.000000100000000021e-05 1.000000100000000021e-05 1.000000100000000021e-05 1.000000100000000021e-05 1.000000100000000021e-05 1.000000100000000021e-05 6.013491665756714338e-05 1.307822280969407397e-03 1.104959340388773621e-04 8.537061191773259413e-05 1.000000000000000021e-08 1.030935776443033384e-05 1.051899302840261182e-05 1.335442214726417980e-05 3.847973600770922839e-05 1.567897576333591048e-03 1.000000000000000021e-08 1.000000000000000021e-08 1.000000000000000021e-08 4.168542556532930541e-04 3.072979107385884895e-04 1.832143784673867547e-04 1.493483655232698758e-04 3.384737176710896263e-05 1.000000000000000021e-08 1.000000000000000021e-08 1.000000000000000021e-08 1.000000000000000021e-08 1.000000000000000021e-08 1.000000000000000021e-08 1.000000000000000021e-08
1.000000100000000021e-05 1.000000100000000021e-05 1.000000100000000021e-05 1.000000100000000021e-05 1.000000100000000021e-05 1.000000100000000021e-05 1.000000100000000021e-05 1.000000100000000021e-05 1.000000100000000021e-05 1.000000100000000021e-05 1.000000100000000021e-05 1.000000100000000021e-05 1.000000100000000021e-05 4.770128654427898941e-05 5.373421218070002293e-05 1.000000000000000021e-08 1.000000000000000021e-08 1.000000000000000021e-08 1.000000000000000021e-08 1.000000000000000021e-08 4.104491958714806288e-05 5.569396350107589028e-05 1.053979769070700705e-04 2.576132267740673131e-04 3.053870767230799921e-04 6.275165169420607184e-04 6.991772044794283348e-04 1.100036973290000443e-03 1.074886420587567969e-02 2.246551006538717016e-05 5.056155278336870671e-05 1.000000000000000021e-08 1.000000000000000021e-08 1.000000000000000021e-08 1.000000000000000021e-08 1.000000000000000021e-08 1.000000000000000021e-08
1.000000100000000021e-05 1.000000100000000021e-05 1.000000100000000021e-05 1.000000100000000021e-05 1.000000100000000021e-05 1.000000100000000021e-05 1.000000100000000021e-05 1.000000100000000021e-05 1.000000100000000021e-05 1.000000100000000021e-05 1.000000100000000021e-05 1.000000100000000021e-05 1.000000100000000021e-05 2.869918384291486425e-05 3.752752690061303333e-05 1.000000000000000021e-08 1.997603568605530692e-05 3.088994235600542565e-05 5.321866729606056202e-05 7.309590115929447498e-05 6.177208283383206933e-05 4.666891540223989102e-05 5.256616765949263060e-05 2.857185422383873470e-04 1.351901549304224527e-04 1.000000000000000021e-08 1.859936150109808150e-05 2.910312725570323762e-05 8.238737445210782620e-03 1.798799616954680283e-03 1.031058227838325741e-03 6.648937869587996175e-04 4.379501640190556003e-05 3.540366856958847936e-04 1.790129579788622661e-04 1.162426485621629349e-04 1.000000000000000021e-08
1.000000100000000021e-05 1.000000100000000021e-05 1.000000100000000021e-05 1.000000100000000021e-05 1.000000100000000021e-05 1.000000100000000021e-05 1.000000100000000021e-05 1.000000100000000021e-05 1.000000100000000021e-05 1.000000100000000021e-05 1.000000100000000021e-05 1.000000100000000021e-05 1.000000100000000021e-05 3.516880438790054617e-05 1.000000000000000021e-08 1.000000000000000021e-08 1.000000000000000021e-08 1.000000000000000021e-08 1.000000000000000021e-08 1.000000000000000021e-08 1.000000000000000021e-08 1.125819182014024454e-05 1.000000000000000021e-08 2.609345183932796296e-04 1.000000000000000021e-08 1.933207118925712314e-05 1.453939365784651990e-05 2.103176419132654409e-05 1.799936209750549151e-05 1.497243519897647397e-05 7.605974347003851806e-04 9.703075832773400610e-05 1.737958802431318012e-04 1.252726177928358258e-03 1.488600468697449854e-03 1.674343360965724770e-03 1.770391140231760514e-03
1.000000100000000021e-05 1.000000100000000021e-05 1.000000100000000021e-05 1.000000100000000021e-05 1.000000100000000021e-05 1.000000100000000021e-05 1.000000100000000021e-05 1.000000100000000021e-05 1.000000100000000021e-05 1.000000100000000021e-05 1.000000100000000021e-05 1.000000100000000021e-05 1.000000100000000021e-05 1.114633993233267211e-05 1.458588498436481299e-05 1.000000000000000021e-08 1.000000000000000021e-08 1.000000000000000021e-08 1.000000000000000021e-08 1.000000000000000021e-08 1.000000000000000021e-08 1.543188771250487558e-05 2.398613441573755386e-03 3.726901834449495633e-04 6.115663474562053469e-05 2.834345794356730983e-05 3.038293703907779520e-05 2.039628250633079064e-05 1.000000000000000021e-08 1.000000000000000021e-08 1.510782989808182855e-04 1.391022813337405351e-04 9.033445994901283726e-04 6.741661468747816742e-04 5.708657193097187122e-04 3.563436381409095400e-04 1.660353748999639226e-05
1.000000100000000021e-05 1.000000100000000021e-05 1.000000100000000021e-05 1.000000100000000021e-05 1.000000100000000021e-05 1.000000100000000021e-05 1.000000100000000021e-05 1.000000100000000021e-05 1.000000100000000021e-05 1.000000100000000021e-05 1.000000100000000021e-05 1.000000100000000021e-05 1.000000100000000021e-05 1.000000000000000021e-08 1.000000000000000021e-08 1.000000000000000021e-08 1.000000000000000021e-08 1.000000000000000021e-08 1.000000000000000021e-08 1.000000000000000021e-08 1.000000000000000021e-08 1.000000000000000021e-08 1.006713554794153796e-04 1.373546573391393683e-05 1.000000000000000021e-08 2.239662286081191191e-05 4.092881263755749103e-05 1.373474761270590148e-04 2.297722690371985742e-04 1.665595909749255604e-04 1.340137537706049533e-04 1.023887851234864298e-04 2.540138453105884896e-04 3.063105733296103629e-04 3.033195272922171534e-05 6.257924199171713622e-05 1.000000000000000021e-08
1.000000100000000021e-05 1.000000100000000021e-05 1.000000100000000021e-05 1.000000100000000021e-05 1.000000100000000021e-05 1.000000100000000021e-05 1.000000100000000021e-05 1.000000100000000021e-05 1.000000100000000021e-05 1.000000100000000021e-05 1.000000100000000021e-05 1.000000100000000021e-05 1.000000100000000021e-05 1.000000000000000021e-08 1.000000000000000021e-08 1.000000000000000021e-08 1.000000000000000021e-08 1.205156231054439212e-05 1.825899847959651967e-05 2.971888574609925102e-05 4.136393828085834043e-05 7.318239721140790837e-05 5.166263957043018686e-05 6.274247174417848702e-05 7.868550943748047789e-05 9.238636352827297429e-05 1.075284601975929689e-04 1.082726566622783823e-04 6.523719775634344493e-05 1.000000000000000021e-08 1.000000000000000021e-08 1.000000000000000021e-08 1.000000000000000021e-08 1.000000000000000021e-08 1.493475835061739939e-05 4.933646205513611256e-05 1.000000000000000021e-08
