output/water_depth_3360.asc
ncols 223
nrows 158
xllcorner 0.0
yllcorner 0.0
cellsize 30.0
[rows 17 to 33 of 158, columns 111 to 147 of 223]
1.000000000000000021e-08 1.000000000000000021e-08 1.000000000000000021e-08 3.229775396562810282e-05 1.844302355599763653e-05 1.595458021142202908e-04 1.551836086395859773e-04 1.810457467558191670e-04 2.132691399028982743e-04 1.905508148212367928e-04 1.699637609529928026e-05 3.136948774831227661e-05 2.553811740683498152e-05 1.429091618282318148e-04 9.311430875119975389e-05 6.725391200710513202e-05 5.832255571090763738e-05 1.203961399297714415e-04 1.801425419698553416e-03 1.057845568368303560e-03 2.195048761071468225e-03 1.794085924499887403e-03 8.476262503409319905e-04 5.537713844691504123e-04 5.838357426452738999e-05 1.323671341963941924e-04 1.266203593386946817e-02 3.611984580027823022e-02 3.100198289957132453e-02 5.015588116909104870e-04 1.176159526619546580e-04 1.585539922004895595e-05 1.000000000000000021e-08 1.000000000000000021e-08 1.000000000000000021e-08 1.000000000000000021e-08 1.000000000000000021e-08
7.916613398658992398e-05 1.000000000000000021e-08 1.000000000000000021e-08 1.716412417237048939e-05 4.360508506012043952e-05 6.292548408136364245e-05 1.582872461331342301e-04 1.920277388650460195e-04 1.799842927712460926e-05 3.308785098721224677e-05 5.855243535871559467e-05 1.000000000000000021e-08 2.628552104508035834e-04 2.731649467509511303e-04 2.344875853591116526e-04 2.562836890605042382e-04 9.411888708558655578e-05 3.625220225713388263e-03 6.102897695514837052e-03 7.970096263848029661e-03 1.225595421265162667e-02 5.644263167555973321e-02 2.196972611650927290e-02 2.279447511431059725e-02 1.876811570671683971e-02 2.175744873294726753e-02 1.223369967673157560e-01 3.987172294254719834e-02 3.274739046908560838e-04 5.635841963107598605e-05 1.000000000000000021e-08 1.000000000000000021e-08 1.000000000000000021e-08 1.000000000000000021e-08 1.000000000000000021e-08 1.000000000000000021e-08 1.000000000000000021e-08
1.077490958739214197e-04 1.000000000000000021e-08 1.000000000000000021e-08 1.067275297565027132e-05 1.742323034049618073e-05 2.494843556955675013e-05 1.000000000000000021e-08 1.000000000000000021e-08 1.000000000000000021e-08 3.261492980618521339e-04 2.126068349890343533e-04 1.748272821846326333e-04 2.621780117519110316e-04 3.750979455385582747e-04 3.608987239851691375e-04 9.432087069490920420e-03 1.261367519774492935e-02 1.447168585526380051e-02 1.470021911003464507e-02 9.254850832466323535e-03 2.656110789107980069e-03 2.616978998039708876e-03 1.788901524664203001e-03 1.032476250392441643e-03 8.706157650595682538e-04 4.102048332758429817e-03 5.808471663599910906e-02 5.910938429016070195e-04 6.864599669356836705e-05 3.917717761991330579e-05 1.053962609217724678e-05 1.000000000000000021e-08 1.384916363460873580e-05 1.000000000000000021e-08 1.000000000000000021e-08 1.000000000000000021e-08 1.000000000000000021e-08
6.118463857637435770e-05 5.062862829083001096e-05 6.565787769633985407e-05 5.462092214846765476e-05 7.097029739458083773e-05 5.927693869065666428e-05 1.012371299418339055e-03 1.467142280455972303e-03 1.474595263093410541e-03 6.568891172375555115e-03 9.483778595326104385e-03 1.049262471626477566e-02 1.152651172954671961e-02 1.259890204124866631e-02 1.350861297433031578e-02 9.446139111708579117e-03 3.228216206957213417e-03 2.082129017977758442e-03 6.778649067863061180e-04 3.685362629707358817e-04 2.237363539854346744e-04 1.748522457552080392e-04 1.581674059595041773e-04 1.082166314560459487e-04 3.033449790635207822e-04 3.625499891037054379e-03 1.563259199648851794e-01 1.861710619387527414e-04 3.889554335219797812e-05 1.497724591508987374e-05 1.081870829910246557e-05 1.000000000000000021e-08 1.149838867828279011e-05 1.000000000000000021e-08 1.000000000000000021e-08 1.000000000000000021e-08 1.000000000000000021e-08
1.226643721112671229e-03 1.434598348677689622e-03 1.159057804631849009e-03 8.574411087023473812e-04 1.617680708251746776e-03 5.244673354533464261e-03 3.281123610739176619e-03 3.584786912755369079e-03 5.310713934216559039e-03 3.688209325252847677e-03 5.984749258210990928e-03 3.164981592743384194e-03 2.140546642635211654e-03 3.967990494010536487e-04 1.244583126925353101e-04 2.083252243866440668e-04 1.000000000000000021e-08 1.308335049266226409e-05 8.171764305341432458e-04 1.183858981548568858e-03 9.674489267689168016e-04 7.413784393025205782e-04 5.900309049585072876e-04 5.121469368764564045e-04 2.739724605527249566e-04 7.735045157941083244e-04 1.277070070479512931e-01 3.486302967629215294e-05 2.335710558403284994e-05 1.000000000000000021e-08 1.000000000000000021e-08 2.517693776249674910e-05 1.000000000000000021e-08 1.000000000000000021e-08 1.000000000000000021e-08 1.000000000000000021e-08 3.545185023628115700e-05
7.556945082798506141e-04 5.879029983911632099e-04 9.489547035148459967e-04 3.777784644639342517e-03 5.300676845037878039e-03 4.151637769985699021e-03 1.047322269491017012e-03 9.165227429281852436e-04 4.271571039705321111e-04 7.516386723887109010e-04 3.193431060076245350e-04 2.302359853211738752e-04 1.893218263086180180e-04 1.649606413398756560e-05 1.000000000000000021e-08 1.000000000000000021e-08 1.000000000000000021e-08 1.597095327783965601e-05 7.176123485369280105e-05 3.047070714832102829e-04 1.974278319598551934e-04 3.072667316235156180e-04 1.478226834804854603e-03 1.499221931386877742e-04 1.277077887917099706e-04 8.249920125205748326e-04 6.474659940635377198e-02 7.008592293120185850e-05 4.325910029938694675e-05 1.958037328984182598e-05 1.171774057218137163e-05 1.002853220534323430e-05 1.002197937292451620e-05 1.000000000000000021e-08 1.709528072693613764e-05 1.421101314593605072e-05 1.221208100808705981e-05
6.926680507588335676e-04 3.055415897369574609e-03 4.088947965033834855e-03 3.201522203416399225e-03 3.085499033532717195e-03 2.255514386379238630e-03 1.560686199329046472e-03 2.832624632073875394e-04 4.334800453703035192e-04 3.586063878994548545e-05 6.978041091057921659e-05 7.321631682659566456e-05 9.835191068142976956e-05 1.000000000000000021e-08 1.000000000000000021e-08 1.000000000000000021e-08 1.000000000000000021e-08 1.000000000000000021e-08 4.574289823098860871e-05 1.000000000000000021e-08 1.562945439973690203e-05 8.217087681003888895e-05 3.874387430047430579e-04 7.464101571363594570e-04 1.602460089877376587e-03 1.649733855959819966e-03 6.857644604886374562e-02 6.411098213617699975e-05 1.000000000000000021e-08 1.000000000000000021e-08 1.000000000000000021e-08 2.881438713394039589e-05 1.051053517829125812e-05 1.000000000000000021e-08 1.000000000000000021e-08 3.639951870169466885e-05 3.360582385782317691e-05
7.891764971871084266e-05 1.139551191180444509e-04 1.251428973622817310e-03 1.910859665663925614e-04 2.831124884600190374e-04 1.242502831838203500e-03 4.623215592562161737e-05 5.050974264289392847e-04 1.270021818461400354e-04 2.110290278777756105e-05 2.550617635240143478e-05 3.369865186305571629e-05 6.420217058109511325e-05 1.000000000000000021e-08 1.000000000000000021e-08 1.000000000000000021e-08 4.383425873688050683e-05 2.126737361269312565e-05 1.653061494426281798e-05 2.478696135243179665e-05 1.720983228072007066e-04 2.039997079273418387e-04 1.059541412644474686e-04 2.338659759722792420e-05 1.976856967114275741e-03 2.003674950987648865e-03 7.292500929213775740e-02 5.559985494213529620e-05 1.000000000000000021e-08 1.000000000000000021e-08 1.000000000000000021e-08 1.000000000000000021e-08 1.000000000000000021e-08 1.000000000000000021e-08 1.000000000000000021e-08 1.000000000000000021e-08 5.624977055902876457e-05
1.961064341495233614e-05 3.754548426324635880e-04 1.811701241436936179e-04 6.559055850604562747e-04 6.837363278382602291e-04 6.568817030503519864e-04 5.777436233605206736e-03 1.829828410662554233e-03 2.747780764046971484e-05 1.000000000000000021e-08 1.000000000000000021e-08 1.000000000000000021e-08 1.557593765003645737e-05 7.229006218947779780e-05 1.485574619284124934e-04 1.180521021384551650e-04 1.267589963725562199e-04 1.811264251643819319e-04 2.708513719517121189e-04 3.490686699326549366e-04 3.360858103141262554e-04 2.705202302115136486e-04 3.079373089836077049e-05 3.645660479166807879e-05 6.729084615462708769e-04 2.611967448818363745e-03 1.434077313182885172e-01 5.840818980901828222e-05 1.000000000000000021e-08 1.000000000000000021e-08 1.000000000000000021e-08 1.000000000000000021e-08 1.000000000000000021e-08 1.000000000000000021e-08 1.000000000000000021e-08 1.000000000000000021e-08 1.000000000000000021e-08
1.669161797925201450e-04 2.217502193081901751e-04 9.975791257391699012e-04 8.552881654719406753e-04 7.115452004952403696e-04 4.736693592451227662e-04 3.677609615049056042e-04 6.014948351760812315e-03 9.203442120990787477e-05 1.307675643391621154e-05 2.104638675309772252e-05 3.257875469598849527e-05 5.323241562988570029e-05 6.448109706898028982e-05 7.841415428900982997e-05 4.551453043807567717e-05 2.865019572687447480e-05 7.404844873415173138e-05 8.343152508670787350e-05 1.833400875985654623e-04 1.247373096314589630e-04 1.000000000000000021e-08 1.912836704503422078e-04 3.065200397804041356e-04 2.433775717766449088e-04 2.096207941585949669e-04 6.106054854553431138e-02 4.017571223185372603e-02 3.259003078454860564e-02 6.964600637049705621e-05 1.511768620327032394e-05 1.000000000000000021e-08 1.000000000000000021e-08 1.000000000000000021e-08 1.000000000000000021e-08 1.000000000000000021e-08 1.000000000000000021e-08
1.248075729981666551e-04 5.583712395000735252e-04 4.049811889992626962e-04 3.143531698735435803e-04 2.955445515865781311e-04 1.000000000000000021e-08 4.360519933951159937e-05 4.179037276257658191e-05 4.156843505379657601e-05 4.115124723167642854e-05 5.544311449251906003e-05 7.673917695067600687e-05 9.278659874582363481e-05 9.312211648378608433e-05 1.114588630980738350e-04 8.548739374744829158e-05 8.573596142269317155e-05 1.000000000000000021e-08 5.496657552818219513e-05 4.856551296538644247e-05 1.000000000000000021e-08 1.000000000000000021e-08 7.394922352296087547e-05 6.345674667016831837e-05 1.000000000000000021e-08 2.475764256416521013e-05 1.567280444547335463e-02 2.278710496554736328e-02 3.172468786925331657e-02 3.556226025049270822e-02 9.780678551622096260e-05 1.000000000000000021e-08 1.000000000000000021e-08 1.000000000000000021e-08 1.000000000000000021e-08 1.000000000000000021e-08 1.000000000000000021e-08
2.984717559393648386e-04 1.665065063698396353e-04 1.107332113623957779e-04 7.218415955112885861e-05 5.260746672244710726e-05 2.834586726642926910e-05 6.217781856945070484e-05 8.969923460356518132e-05 8.201614238977647867e-05 9.526830113290978290e-05 2.013540223169823519e-04 2.794601567540203925e-04 2.501470102892702383e-04 3.519791021694733337e-04 3.407523260103948338e-04 5.283701232046776998e-04 3.993426753427346560e-04 5.148967460952171135e-04 3.907199687225296398e-04 3.504423956466141748e-04 3.076300341739240875e-04 2.334160018773595037e-04 2.238556757176068588e-04 1.660199814761168749e-04 1.000000000000000021e-08 1.000000000000000021e-08 7.236691098138605706e-03 1.662243559510345053e-02 2.912595511460822420e-02 4.300886754790994582e-02 1.262052703001815754e-02 3.322765618670559077e-05 1.000000000000000021e-08 1.000000000000000021e-08 1.000000000000000021e-08 1.000000000000000021e-08 1.000000000000000021e-08
3.291268449439472806e-04 3.256518927843695885e-04 2.389926217795753554e-04 1.927683725819433333e-04 1.740587818337009359e-04 1.462684354625292250e-04 1.215405395624177132e-04 1.203548172719597092e-04 1.262220988678321599e-04 1.240374381888077672e-04 7.009286239749585570e-05 6.480146387244442184e-05 1.550484858819039082e-04 2.123006929125779659e-04 4.347185790661846588e-04 5.540814212604305063e-04 7.774520036373925615e-04 9.095131871473032198e-04 8.275403334879438385e-04 6.606785165470093141e-04 5.440316071986288837e-04 5.200300895640067034e-04 4.448938191565170023e-04 8.909460784409473045e-05 7.197008314513753439e-05 3.987342871058543168e-04 4.513164909657650485e-03 1.371073540454306912e-02 1.721654106754458291e-02 3.649182802522059343e-02 3.513463589013547661e-02 9.789412414681147813e-05 1.000000000000000021e-08 1.000000000000000021e-08 1.000000000000000021e-08 1.000000000000000021e-08 1.000000000000000021e-08
2.865316229124649614e-04 3.157308047722790509e-04 2.953147984290410477e-05 5.781298201308286537e-05 6.068638299476208621e-05 4.417369687314859523e-05 4.615304915376881368e-05 1.236287215431141191e-05 1.201123157273031389e-04 1.181820778673210449e-04 1.042613395036482950e-04 1.188681160857305068e-04 1.698471726337516833e-04 1.000000000000000021e-08 1.000000000000000021e-08 3.785631113838234976e-05 1.050168270698963332e-04 7.483335399399882067e-05 5.011549413819449102e-04 6.360396510607342147e-04 6.072746522130428913e-04 5.390751592372607180e-04 5.427622335624031607e-04 9.179139812049478501e-05 1.084491005223675478e-04 5.120496018315639575e-04 1.530318955149590626e-03 6.030456431339630691e-03 1.672503399395880441e-02 2.617812736148803637e-02 6.222354569809722402e-02 2.566050655114921462e-04 1.000000000000000021e-08 1.000000000000000021e-08 1.000000000000000021e-08 1.000000000000000021e-08 1.000000000000000021e-08
5.040333473262835284e-05 1.090791216800733425e-04 5.527722611575067386e-04 4.185584687986377401e-05 5.824717063506022632e-05 8.431956659264093186e-05 8.371078892990572117e-05 7.872727646132169732e-05 1.556630776826989747e-05 1.000000000000000021e-08 1.000000000000000021e-08 1.271812356448018223e-04 2.353102228015237262e-04 1.192873012938517230e-05 1.000000000000000021e-08 4.558545850551233694e-05 1.000000000000000021e-08 5.413947240760282758e-05 2.807219159188163748e-04 1.225634297347022081e-04 2.478153927657426436e-04 8.332726961793825073e-04 7.235522182470215027e-04 6.133890220645582883e-04 1.106050631206740545e-04 2.230465700952176345e-04 1.328105216511678809e-03 5.745948714958197534e-03 8.478205844603046298e-03 2.287864025709276938e-02 3.814926201404958417e-02 4.148243673007205590e-02 7.676111619634144072e-05 1.000000000000000021e-08 1.000000000000000021e-08 1.000000000000000021e-08 1.000000000000000021e-08
1.000000000000000021e-08 1.000000000000000021e-08 2.948430144875497597e-04 7.729289107118492326e-04 9.092260237981999679e-05 8.942998108715184062e-05 2.062822256889836840e-04 9.159125091573517598e-04 7.202312399149879375e-04 5.670549226954659265e-04 3.326539710388085942e-05 5.718879038708237091e-05 2.860561913944220736e-05 1.540441048998471613e-05 1.000000000000000021e-08 5.173495608807276958e-05 3.675876417955860391e-05 1.000000000000000021e-08 1.876014496405501163e-05 1.002219964546306765e-05 1.867792488239904461e-05 8.499606663111816858e-05 2.552118535020555233e-04 4.507546361380219936e-05 1.743487089522484206e-05 1.000000000000000021e-08 4.400573687505271751e-04 2.160890751756217552e-03 8.850376563828516938e-03 1.197840981183906708e-02 2.942891388383472168e-02 6.777618123501749636e-02 2.589258729679998813e-04 1.000000000000000021e-08 1.000000000000000021e-08 1.000000000000000021e-08 1.000000000000000021e-08
1.000000000000000021e-08 1.000000000000000021e-08 1.361006264533434789e-05 1.881119071449920740e-04 1.137304945957729038e-04 1.708491788363818370e-04 1.821081354617356586e-04 4.225918113228715090e-04 4.467016088980537000e-04 1.403810934944391782e-03 2.287642962716159175e-04 9.024428393038582015e-05 1.845499744564081950e-04 1.051385830493070009e-05 1.000000000000000021e-08 5.741630104088446827e-05 1.000000000000000021e-08 1.000000000000000021e-08 1.000000000000000021e-08 1.000000000000000021e-08 1.000000000000000021e-08 5.594103282129356697e-05 9.745161912786345112e-05 2.027673721811525066e-04 2.289147160120241369e-05 1.000000000000000021e-08 4.407113456548773903e-05 1.884313469942411681e-03 5.757233432813578002e-03 1.106850311866301728e-02 2.160866361295540883e-02 4.595458779342149330e-02 4.113699100111686824e-02 9.043785300195120646e-05 1.000000000000000021e-08 1.000000000000000021e-08 1.000000000000000021e-08
