output/water_depth_4440.asc
ncols 223
nrows 158
xllcorner 0.0
yllcorner 0.0
cellsize 30.0
[rows 68 to 84 of 158, columns 111 to 147 of 223]
1.237491573403328034e-04 6.470859027613584408e-04 5.947475515946389860e-05 5.060638707506637891e-05 3.356034443666707846e-05 5.078180914603543951e-05 1.000000000000000021e-08 1.947836917406014603e-05 8.726527813241091367e-05 7.921157111714316685e-04 8.015758163015663899e-04 1.563751873297785809e-04 4.265179536866626234e-05 1.000000000000000021e-08 1.353299754739071635e-05 1.000000000000000021e-08 1.000000000000000021e-08 1.000000000000000021e-08 1.000000000000000021e-08 1.000000000000000021e-08 1.000000000000000021e-08 2.424049841738450798e-05 1.000000000000000021e-08 1.000000000000000021e-08 1.293814429816468207e-05 1.831477860077750409e-05 1.811180461941445141e-05 5.572425765678007073e-05 7.886712759762999625e-03 1.383774476633319126e-03 1.000000000000000021e-08 1.000000000000000021e-08 1.318554931955564472e-04 5.332280207691732308e-05 1.000000000000000021e-08 1.000000000000000021e-08 2.196757830883458500e-05
1.102674349101461816e-03 1.954301961316475076e-03 6.149029286940295609e-03 1.155623707773639243e-02 1.522664363776211026e-02 1.252563337418049691e-02 5.765452825779051813e-03 1.335320291463245224e-04 5.325750597320849628e-05 9.650398825349746257e-05 4.396416571126337842e-04 1.000000000000000021e-08 1.000000000000000021e-08 1.257244057292354237e-05 2.122454717692995478e-05 1.766404513936733716e-05 1.000000000000000021e-08 1.000000000000000021e-08 1.000000000000000021e-08 1.000000000000000021e-08 1.000000000000000021e-08 3.939541980629322147e-05 6.961064461862485583e-05 1.000000000000000021e-08 1.000000000000000021e-08 1.000000000000000021e-08 1.000000000000000021e-08 1.396332665397516342e-05 3.373046999308500899e-05 1.556339349342662553e-03 1.156031822790258090e-03 9.633789616076323661e-04 2.638003202228047768e-04 3.027730676649317728e-05 1.064238126528577882e-05 1.000000000000000021e-08 2.386068071552122820e-05
1.482525094849409912e-02 2.333765649423400271e-02 2.027804325736266150e-02 1.636240148582126380e-02 9.853869755473611963e-03 2.719777106431315802e-02 2.394670707040091884e-02 8.060391935728626611e-03 8.226439215496385380e-05 4.544581992111475016e-05 2.439301360312966165e-05 1.000000000000000021e-08 1.000000000000000021e-08 2.121676980144760770e-05 3.168942624384103236e-05 1.000000000000000021e-08 1.000000000000000021e-08 1.000000000000000021e-08 1.000000000000000021e-08 1.000000000000000021e-08 1.073050327463312137e-05 6.435226325597531087e-05 1.000000000000000021e-08 1.000000000000000021e-08 1.000000000000000021e-08 1.000000000000000021e-08 1.000000000000000021e-08 1.000000000000000021e-08 1.433277547928266242e-05 1.789662546974609780e-04 9.522988972213001536e-04 3.390022074198659283e-04 5.422660646292868958e-05 3.794161009620950219e-05 1.058832613056656386e-05 1.061565683098338932e-05 2.766680515327734518e-05
8.250103719497872690e-03 1.131039797102742148e-02 4.853767249686991503e-04 5.778870268428536151e-05 1.815454113909971255e-05 3.444645671007352957e-05 2.524331287241841915e-02 2.104538736160511264e-02 1.109945130749204960e-04 4.416275933211042889e-05 1.000000000000000021e-08 1.000000000000000021e-08 1.000000000000000021e-08 2.529251922598464727e-05 1.000000000000000021e-08 1.000000000000000021e-08 1.000000000000000021e-08 1.000000000000000021e-08 1.000000000000000021e-08 1.000000000000000021e-08 1.000000000000000021e-08 5.759681440772555907e-05 7.931859947339471389e-05 1.000000000000000021e-08 1.000000000000000021e-08 1.000000000000000021e-08 1.000000000000000021e-08 1.507737598575830992e-05 2.716035173724561645e-05 2.422908945324025640e-04 1.175710084043636366e-03 2.514523779601100101e-03 7.375996082379084138e-04 2.844061433977216762e-05 1.353008801337860413e-05 1.000000000000000021e-08 3.405533722406994227e-05
4.527882050370702835e-03 5.303048864404071201e-03 8.543034244487625372e-04 4.336218172083866282e-05 5.167078221631245933e-05 3.850643222281904582e-05 6.447861445959351089e-03 2.652274660839854317e-02 1.749083789759363664e-04 1.613081668037663843e-05 1.000000000000000021e-08 1.000000000000000021e-08 1.000000000000000021e-08 1.000000000000000021e-08 1.000000000000000021e-08 1.000000000000000021e-08 1.000000000000000021e-08 1.000000000000000021e-08 1.000000000000000021e-08 1.000000000000000021e-08 1.000000000000000021e-08 1.000000000000000021e-08 1.220524140567004825e-04 1.000000000000000021e-08 1.000000000000000021e-08 1.000000000000000021e-08 1.057560761868556678e-05 2.617939442096686619e-05 1.000000000000000021e-08 1.000000000000000021e-08 1.253354720730856074e-05 2.330875138432965225e-03 3.407201677781830987e-03 2.775286463459150863e-05 1.367879687813204578e-05 1.000000000000000021e-08 1.000000000000000021e-08
6.926795948839837343e-04 3.300143276334572152e-03 4.642114147578040744e-04 5.229726472233032922e-04 4.453107150748224653e-04 6.562127904361671335e-04 5.266947443852889460e-04 8.128234394370786875e-02 2.108979568442148275e-02 3.011227105423041066e-04 1.098470442082708573e-05 1.000000000000000021e-08 1.000000000000000021e-08 1.000000000000000021e-08 1.000000000000000021e-08 1.000000000000000021e-08 1.000000000000000021e-08 1.000000000000000021e-08 1.000000000000000021e-08 1.000000000000000021e-08 1.000000000000000021e-08 1.421963071639168521e-05 1.606640346635418719e-04 1.000000000000000021e-08 1.000000000000000021e-08 1.000000000000000021e-08 1.000000000000000021e-08 1.000000000000000021e-08 1.000000000000000021e-08 1.000000000000000021e-08 1.000000000000000021e-08 1.000000000000000021e-08 1.883988007325263512e-03 1.405823631634792919e-03 7.667118750914528585e-04 6.670645987221435951e-05 5.618373796083735654e-05
2.946076617479725501e-03 4.450287536537272438e-04 4.133512194243975770e-05 2.672751733010623348e-05 3.727275019232811470e-04 2.817694129446051245e-04 3.147687399120420557e-05 3.876259819282866493e-05 2.818139676541024652e-02 7.051905768092695155e-03 1.794741808438764913e-05 1.148996483920596637e-05 1.086216653508438671e-05 1.000000000000000021e-08 1.000000000000000021e-08 1.000000000000000021e-08 1.000000000000000021e-08 1.000000000000000021e-08 4.667619673106938101e-05 1.000000000000000021e-08 1.000000000000000021e-08 5.579717323993551404e-05 1.857426525486733791e-04 1.000000000000000021e-08 1.000000000000000021e-08 1.000000000000000021e-08 1.000000000000000021e-08 1.000000000000000021e-08 1.000000000000000021e-08 1.000000000000000021e-08 1.000000000000000021e-08 1.000000000000000021e-08 2.415251083420498794e-04 1.447799412066725407e-03 4.270255154679119375e-04 1.091962199467427878e-04 3.949530468618592260e-05
4.832725472240909093e-03 3.340314163786972960e-04 2.402291322690771133e-05 3.323625675006415997e-05 3.267533213845864447e-05 6.608538999301961014e-05 1.000000000000000021e-08 1.000000000000000021e-08 2.491949257922933952e-02 1.344179377345237625e-01 1.191729058287403636e-01 3.658070486162308356e-04 1.787577585329766473e-05 2.874709894509883636e-05 3.828085775224481429e-05 3.797743720606858896e-05 5.106135716976395716e-05 1.000000000000000021e-08 4.140554549495786829e-02 3.074188034476204798e-02 4.222655472510639107e-02 3.159388743083560436e-02 3.498821114893996276e-02 2.087653346055068360e-02 1.671206296954255016e-02 3.457513691653923645e-05 1.000000000000000021e-08 1.000000000000000021e-08 1.000000000000000021e-08 1.101900428163548186e-05 1.000000000000000021e-08 1.000000000000000021e-08 8.405395448529887461e-04 1.087275465111158749e-03 6.716273675854520387e-04 7.485291745765977004e-04 1.201411735833614710e-04
2.089698078435777220e-02 3.244466680550372236e-04 2.044973408881989660e-05 7.771847873182225440e-05 1.144883270488396623e-04 7.246551779305022208e-05 6.212490415223009929e-05 1.000000000000000021e-08 8.124507918285382192e-05 8.135319987066806288e-05 8.918063717289792525e-02 3.724149018397432398e-02 3.144381501662935063e-02 3.897866134326197912e-02 3.242235762381052294e-02 3.511471384961274700e-02 2.788352488347800237e-02 3.173199495650599888e-02 3.879691196210253296e-02 1.000000000000000021e-08 1.000000000000000021e-08 1.598315363056416148e-05 8.109194900740098952e-03 3.323416072140437938e-02 1.395489314369390832e-01 1.104835552831890666e-01 6.582152318998651681e-04 7.781138221188089652e-05 4.764404001248051816e-05 1.000000000000000021e-08 1.621953969945797759e-05 2.648881442706537686e-05 2.501876612673878050e-02 3.925393036913331357e-02 5.466203663272373864e-02 5.780146416019461830e-02 1.008001767844559221e-01
1.908288926868427840e-02 5.236057384586846435e-03 5.757502485205691904e-05 1.000000000000000021e-08 1.839560073742477022e-05 2.225004459694344307e-05 1.814157453179616620e-05 3.128004708695552883e-05 3.467023918757390681e-05 3.977686743190661788e-05 8.023784847339588311e-05 1.000000000000000021e-08 6.254272051742588631e-05 1.344969417756353494e-04 1.000000000000000021e-08 4.977684298968062995e-05 1.000000000000000021e-08 2.628055672983814297e-05 2.492777153947337262e-05 2.820596617995318740e-05 4.499067468440657018e-05 1.000000000000000021e-08 3.319454003516312081e-05 7.209359439762220273e-05 1.180079060380129230e-04 4.656167092324386275e-02 4.740066110289656298e-02 3.989484879438372905e-02 3.942606110690363014e-02 4.132603116031353246e-02 4.372300497389995655e-02 4.565726022616139329e-02 2.746834290166682777e-02 2.039252548113889424e-02 7.798542222980740096e-03 3.075423913363795926e-03 8.503304709908122982e-02
1.463845726138603316e-02 1.223124353431799885e-02 1.286447045454639860e-04 1.284968217649816010e-05 2.165670530951545024e-05 2.626537739238741452e-05 3.228648587510550523e-05 1.976240115232641922e-05 2.049601201521694801e-05 1.975624672514012702e-05 1.000000000000000021e-08 8.292546659729938192e-05 8.829033322464818864e-05 1.394862730634017502e-04 1.000000000000000021e-08 2.192778816381546814e-05 1.097926172882208459e-05 1.000000000000000021e-08 1.572027167855129397e-05 1.808427000161352686e-05 3.067498587831789827e-05 3.267081629810944033e-05 3.411994182767893953e-05 3.984606825390157203e-05 1.000000000000000021e-08 1.739135569372177658e-04 1.000000000000000021e-08 1.693674463084442422e-04 1.000000000000000021e-08 6.416737446321992379e-05 3.618959145766552029e-05 1.311822980554205328e-05 1.000000000000000021e-08 1.000000000000000021e-08 1.000000000000000021e-08 1.000000000000000021e-08 2.809888652923450735e-04
1.134226177436185867e-02 9.223150651587182919e-03 1.240136298169389195e-02 1.317407970838298844e-04 1.000000000000000021e-08 2.868558871841690220e-05 4.356417059096901568e-05 6.732584416730613621e-05 1.364766543688122278e-05 1.298098215655365457e-05 1.271630743880135326e-04 1.149949970512012759e-04 7.091588785126365412e-05 7.662854030299697623e-05 1.000000000000000021e-08 1.305978219808069333e-05 1.000000000000000021e-08 1.000000000000000021e-08 1.000000000000000021e-08 1.045774022473784877e-05 1.931322620729806401e-05 2.654362813076149833e-05 2.655573408424108262e-05 2.590141641902229586e-05 3.126027221680216175e-05 1.000000000000000021e-08 3.435265644995312432e-05 1.000000000000000021e-08 1.000000000000000021e-08 1.000000000000000021e-08 2.805386481428241908e-05 1.000000000000000021e-08 1.000000000000000021e-08 1.000000000000000021e-08 2.654363448008242561e-05 1.000000000000000021e-08 1.730956927055668255e-04
1.118705900289680526e-02 3.481076975853752975e-02 1.387978787318010776e-01 1.227087014120451097e-01 9.684467210952170391e-02 2.780821129254312102e-02 1.933262932582944377e-02 4.580278569679003750e-03 2.904725554762862313e-03 2.005768061510240265e-03 2.220041592370870418e-04 1.000000000000000021e-08 1.081337293468945005e-05 1.951682446117616651e-05 1.150230767094962987e-05 1.000000000000000021e-08 2.788183790210069620e-05 3.042891489375749127e-05 1.174200572736480915e-05 1.745342728339682945e-05 1.535329781059314533e-05 1.173360469056222283e-05 1.030067642055928222e-05 1.190063176212408848e-05 1.287371853266763727e-05 6.592985381455879353e-05 2.471406497318837011e-05 4.458902136952131514e-05 1.289983102067528263e-05 1.645435892685059794e-05 2.342901495698583719e-05 1.000000000000000021e-08 1.000000000000000021e-08 1.000000000000000021e-08 2.376814814497695135e-05 1.894502558050750903e-05 6.352528389085777458e-05
7.370644176336349149e-03 5.596456150887720374e-03 4.227719065276538957e-03 2.633424841896794127e-03 1.339624967922543311e-03 1.473890622359709003e-02 1.489223172112786459e-02 1.169373539818165282e-02 1.003755439722165028e-02 1.298190711222222890e-03 1.229273686522757228e-04 1.000000000000000021e-08 1.000000000000000021e-08 2.397739823860232675e-05 2.916401883263403076e-05 3.278666396159611964e-05 7.184827522823613742e-05 1.000000000000000021e-08 1.768299101161355556e-05 2.496434984839668203e-05 3.029937037388557544e-05 3.730311604358829084e-05 2.839851954528492509e-05 3.409306284581285046e-05 9.757100387591239969e-05 3.615663030301920721e-05 2.918649207802417628e-05 1.838866361684101812e-05 1.518027467001893454e-05 1.000000000000000021e-08 1.049864961824640945e-05 1.000000000000000021e-08 1.000000000000000021e-08 1.000000000000000021e-08 2.173354082075753524e-05 2.212076769443904338e-05 5.798154491362664449e-05
4.773422101479448364e-03 1.764903415786775844e-03 8.111080868450522546e-04 4.917934125141329047e-04 8.346705739368000254e-04 6.394592782107093656e-03 1.519912677185791122e-02 1.337426333372156335e-02 1.944874285606745801e-02 9.324958783423428505e-04 1.043206963140313001e-04 1.000000000000000021e-08 1.516264451978481724e-05 2.818224763572620394e-05 4.236262555039661690e-05 5.895300631790136448e-05 1.000000000000000021e-08 2.140579561182686717e-05 2.943690441956813825e-05 3.599102223895461652e-05 4.567513989113223958e-05 6.000594256636800669e-05 9.644258913481838574e-05 2.209243426082425584e-04 2.035008360664225687e-04 1.000000000000000021e-08 1.096103170382070640e-05 1.000000000000000021e-08 1.000000000000000021e-08 1.000000000000000021e-08 1.000000000000000021e-08 1.000000000000000021e-08 1.000000000000000021e-08 1.000000000000000021e-08 2.104363605973311044e-05 1.680132594276232018e-05 6.648744170771161478e-05
5.517852726060470600e-04 2.829185561069799681e-04 6.045129302404779383e-04 6.020095014898797087e-04 7.740995131578037826e-04 5.174468000158607278e-03 7.524580872154037689e-03 2.384007705813329103e-02 2.236701748847676544e-02 5.896186142906059907e-04 9.368649897815107196e-05 1.000000000000000021e-08 2.439796829691297806e-05 4.020318312408456194e-05 4.672026497318309087e-05 6.054109566040750116e-05 3.595371250875947116e-05 3.828053195801546488e-05 1.000000000000000021e-08 3.684887206049748063e-05 1.000000000000000021e-08 2.159711309750658042e-04 1.494910020495103509e-04 1.524851503079811506e-04 1.918105511711477526e-05 2.415967614811862822e-05 3.568719891874994683e-05 2.612950464876737141e-05 2.019412823705440510e-05 1.424505482009434613e-05 1.000000000000000021e-08 2.825528387427542131e-05 1.000000000000000021e-08 1.000000000000000021e-08 1.987926425075265833e-05 1.921093306641888197e-05 8.326844012437203632e-05
6.753643974447290311e-05 6.160395602431608113e-05 1.485895339267732332e-04 7.949278087072794881e-04 8.757990250103472223e-04 1.761097091180333996e-03 7.309175864770919157e-03 3.808166166088874233e-02 1.369517614249458025e-02 7.075037235885590307e-04 9.520689878219707391e-04 1.108427671789977587e-04 1.000000000000000021e-08 1.000000000000000021e-08 4.250035023556939049e-05 1.000000000000000021e-08 1.827466913305796106e-05 7.201649400569054451e-05 1.000000000000000021e-08 1.000000000000000021e-08 1.000000000000000021e-08 1.459062697647614819e-04 3.078260893018000348e-04 1.147885661984910998e-04 1.000000000000000021e-08 1.000000000000000021e-08 2.713022288206920818e-05 1.000000000000000021e-08 8.857842392971344099e-05 7.323628783198692473e-05 7.476783085977602400e-05 3.320360481118808432e-05 1.842658775028997552e-05 1.000000000000000021e-08 1.290416948703638854e-05 1.874094987426199376e-04 7.101216829207601168e-05
