output/water_depth_5280.asc
ncols 223
nrows 158
xllcorner 0.0
yllcorner 0.0
cellsize 30.0
[rows 68 to 84 of 158, columns 37 to 73 of 223]
1.727739730472779731e-05 2.429684096099042585e-05 3.441697633787692322e-05 4.190161428959387352e-05 1.000000000000000021e-08 2.483042436718976617e-05 3.746193560725533182e-05 3.793813126951679684e-05 1.000000000000000021e-08 1.000000000000000021e-08 1.000000000000000021e-08 1.539140231753214545e-05 2.304410527819232733e-05 1.000000000000000021e-08 4.692546314877099866e-05 1.000000000000000021e-08 3.123093300810215783e-05 5.623943211653967500e-05 4.569517956751455314e-05 1.000000000000000021e-08 1.000000000000000021e-08 2.509858254336687667e-05 9.141140075320169716e-05 2.527444685546899848e-03 6.005957517289259523e-04 1.000000000000000021e-08 1.000000000000000021e-08 1.000000000000000021e-08 1.000000000000000021e-08 1.000000000000000021e-08 1.000000000000000021e-08 1.000000000000000021e-08 1.000000000000000021e-08 1.230253825131118752e-05 1.893627655098028322e-05 1.293420102188072450e-05 1.252330856347674980e-05
1.056373336984347583e-05 1.230445526705162680e-05 1.777182728593477753e-05 1.959357596096472642e-05 1.844157580163783398e-05 1.694364863988327729e-05 2.411995972036333127e-05 2.685660055429893293e-05 3.345538806714758694e-05 5.656034369488491720e-05 6.949199238361520063e-05 1.000000000000000021e-08 1.000000000000000021e-08 4.457844105496001615e-05 4.946283119315140472e-05 1.000000000000000021e-08 2.563924227234088091e-05 4.023672264874382249e-05 1.000000000000000021e-08 2.301736128580064361e-05 3.977175413228490139e-05 2.899825075382198895e-05 7.269803284514346248e-05 1.016536100161880457e-04 3.122179696465146072e-04 1.619292325372502636e-03 1.000000000000000021e-08 1.000000000000000021e-08 1.000000000000000021e-08 1.000000000000000021e-08 1.000000000000000021e-08 1.000000000000000021e-08 9.111922314434236570e-05 8.458697597929570270e-04 1.369542165524094066e-03 1.560973524337986662e-03 1.228347060033128284e-03
1.040718199331322037e-05 1.000000000000000021e-08 1.000000000000000021e-08 1.066845823873136544e-05 1.000000000000000021e-08 1.000000000000000021e-08 1.115461715716656668e-05 3.797238600922359000e-05 7.336173639614346328e-05 7.925174651111552802e-05 6.985516211429270783e-05 1.054742246601744293e-04 6.552420443575943652e-05 5.475209019178687344e-05 4.336036049463254301e-05 4.244685318372559999e-05 8.319384996295196442e-05 1.000000000000000021e-08 1.590430551908606250e-05 1.991901245832007795e-05 2.617092000325931347e-05 1.111412279636154310e-04 6.550260450651350136e-05 7.701988405518704985e-05 1.040994916878042790e-05 1.000000000000000021e-08 1.809269956143289991e-05 2.503198737520992171e-05 1.000000000000000021e-08 1.029439864938734128e-04 9.500769279156281262e-05 9.004870143703026363e-04 3.725945854110436603e-04 7.428072670542550712e-04 8.070897102351553935e-04 1.024644808482079797e-03 1.689710453459807547e-03
1.000000100000000021e-05 4.895017122922808639e-05 1.000000000000000021e-08 1.000000000000000021e-08 1.399323500208554846e-05 1.000000000000000021e-08 1.000000000000000021e-08 1.437260591883059788e-05 2.952040414130440159e-05 3.054173946589160008e-05 3.483651473549706084e-05 6.409066333128169899e-05 1.505285778070494730e-04 1.203484512706870583e-04 1.101136458739544651e-04 1.465217890742581523e-04 1.958726960730218243e-04 4.205603170512324887e-04 2.307226694719997462e-04 1.463417793925792301e-04 7.510620485994137048e-05 1.327243304734185671e-04 3.363388419160881493e-03 3.524579788354098380e-04 2.076948198041381427e-04 1.000000000000000021e-08 2.104022787181952613e-05 4.465008926512215737e-05 4.673672210495005485e-05 4.016848375868045727e-04 7.728404242801058472e-04 9.856685690296121492e-04 3.079126573446728642e-04 3.184612885350505333e-04 4.858791191811962580e-04 4.898325265230499270e-04 6.578596320011112801e-04
5.378460018695970066e-05 1.209082027867040837e-04 7.622330437119505546e-05 5.152827514534353968e-05 1.000000000000000021e-08 1.000000000000000021e-08 1.000000000000000021e-08 2.821081054276507031e-05 1.406523124667784523e-04 9.659131203176506109e-05 1.000000000000000021e-08 1.000000000000000021e-08 7.657083832507988077e-05 1.276766445007876340e-04 1.190038237447268749e-04 9.757548700734512302e-05 9.215947181733800313e-05 1.669624052430153513e-04 3.205134477415472064e-04 2.615471840079298732e-04 1.754504936309645910e-04 9.264876100620576284e-05 4.292901955896371831e-04 5.196006455645554249e-04 5.281483694510253138e-04 2.688481945775097966e-05 1.972039927290113702e-03 2.120421268564696895e-03 2.552705980126181336e-03 2.811752074531233010e-03 3.609341775543417532e-03 9.748249006585068708e-04 7.366409421259264212e-04 8.849904727218894061e-04 6.471513469165803131e-04 7.652286452245282786e-04 6.446095850989835667e-04
6.940102466278501997e-05 4.663581601615882251e-05 8.608780081851617294e-05 1.000000000000000021e-08 1.227455970952281376e-05 2.559086256107768234e-05 3.424186658281115858e-05 8.134398703896582989e-05 2.388683364635354090e-04 4.273608534286560878e-04 2.041826535416976112e-04 1.340231955935977290e-04 1.812073851258470814e-04 1.392784162942928240e-04 8.654911398030334599e-05 9.739016371485921585e-05 1.046854723126890998e-04 1.532630473964802134e-04 2.096300307017481747e-04 4.196952187180724475e-04 5.252752741765131595e-04 4.530143825647721346e-04 3.937161662360345502e-04 1.299422480055490749e-03 1.639599846242097928e-03 2.369580331084619393e-03 1.649061952546750955e-03 9.892790958125467250e-04 7.287050480842563677e-04 6.430981406961925858e-04 4.174786048659033934e-04 3.356579724681474602e-04 2.509187767438922812e-04 1.918356544746888353e-04 1.681240947542897738e-04 1.400120621418222738e-04 1.155958162546706462e-04
1.858076603915802792e-04 2.523218631614998616e-04 3.005974709172784748e-04 3.511402736797136596e-04 4.066625698027627163e-04 5.393777387939554385e-04 5.921101460499504209e-04 5.715308785782499722e-04 4.457385426737835621e-04 3.101969796393852605e-05 2.549160853422500822e-05 3.258853704840605862e-05 1.009868057007114485e-05 1.000000000000000021e-08 1.629623270248526282e-05 6.031202580793807003e-05 8.438106002030920205e-05 6.587572070668611839e-05 4.345972032995169777e-05 3.974293059275788216e-05 2.850096593192643946e-05 3.770023542849211496e-04 7.410826892174524278e-04 1.049052163872739784e-03 1.338466529180554426e-04 1.000000000000000021e-08 1.000000000000000021e-08 2.224318513051070409e-05 3.617764615732660182e-05 4.478155798850954754e-05 4.730259439144760328e-05 4.134953802814356926e-05 3.625097882306434975e-05 3.426208285461067603e-05 4.246034831257429574e-05 3.844036174995334117e-05 1.000000000000000021e-08
1.560131654533259598e-03 1.208316203084945883e-04 9.950421691080987179e-05 8.823234901825932619e-05 7.626023542472259553e-05 5.463916277248676983e-05 5.189594230932755595e-05 1.000000000000000021e-08 1.000000000000000021e-08 1.398241840138185547e-05 1.882205479744143291e-05 2.213279999521220988e-05 2.101836526695919727e-05 2.097253623911326885e-05 2.530100905792387897e-05 2.823051200843358484e-05 5.987186019425567220e-05 7.844034741493557960e-05 7.716315056181401286e-05 7.312159887534104845e-05 7.147235456233468856e-05 8.515905041795243527e-05 2.140218111699516870e-04 4.796546331081319588e-05 1.000000000000000021e-08 1.474990235925658131e-05 2.422121859995872916e-05 3.180663796260272151e-05 3.693405450342768638e-05 3.343274424775113631e-05 2.460294140448412444e-05 4.343525342945991284e-05 3.795710801082313431e-05 3.621841820310676556e-05 2.744419750879511282e-05 1.000000000000000021e-08 1.000000000000000021e-08
3.429022490987208350e-05 6.194361627686034016e-05 1.000000000000000021e-08 1.000000000000000021e-08 2.431340647310783671e-05 1.000000000000000021e-08 1.000000000000000021e-08 1.000000000000000021e-08 1.000000000000000021e-08 1.077057461710502572e-05 1.174997940889949732e-05 1.201780574938670860e-05 1.077265892614288988e-05 1.120347403385707167e-05 1.059067763742995072e-05 2.258518467097863800e-05 4.212745600615014265e-05 1.341320652510742336e-04 1.383126304547906680e-04 1.079334417224593216e-04 1.253908610995128382e-04 2.525487387218918259e-04 3.959729235662713486e-05 2.694180059430002368e-05 1.000000000000000021e-08 1.542463762958652765e-05 1.045164832793098544e-05 1.494768082792608575e-05 1.196874522795101738e-05 1.373831202703748114e-05 2.260867006636958556e-05 2.180923096660190014e-05 3.654356279635975307e-05 4.376253163649748517e-05 4.720256657807946255e-05 3.765519475430672094e-05 3.519322929373760209e-05
2.910767087649427488e-05 5.311786284367147785e-05 6.709072870139605503e-05 4.662510340009085936e-05 4.913347899703684394e-05 6.608276174193621988e-05 5.519158394763810184e-05 4.651452374231994878e-05 4.325978504496794347e-05 3.567900802511621110e-05 4.080325196382788303e-05 4.259930889677867634e-05 5.074237565988774860e-05 4.910591151782049750e-05 5.182617989017157409e-05 4.454586236129466582e-05 6.882233194096383738e-05 1.156806158495969221e-04 1.338696627116229122e-04 1.650158537167634523e-04 1.626076647880375225e-04 3.319924467524675688e-04 2.708536063537533302e-04 1.000000000000000021e-08 1.252917888370295687e-05 2.355832214655360115e-05 2.243597212588004647e-05 2.679987968967657705e-05 2.736809297117425308e-05 2.720426820090930553e-05 3.684450781518039712e-05 3.727168989327536339e-05 4.342312485459220810e-05 5.621495845983527596e-05 6.519110973398094169e-05 6.758947622987536517e-05 1.043428440913689293e-04
2.817414199352993550e-05 4.891516745022502020e-05 6.165541144033342784e-05 1.000000000000000021e-08 1.306369250515823188e-05 2.530070753397742941e-05 7.141902550528668654e-05 5.491084834963067137e-05 5.601243065476454010e-05 1.086443721052539907e-05 2.199937949092113028e-05 2.640420041514972312e-05 3.473232945544295347e-05 3.767362990004736783e-05 5.055124246543450753e-05 4.488842628839070329e-05 5.955761608244017607e-05 5.223775989083050461e-05 7.805672768604623947e-05 7.064403450757886552e-05 9.928340697616544626e-05 3.917584076341520450e-05 9.548790834259484174e-05 1.000000000000000021e-08 1.000000000000000021e-08 2.068347219948207260e-05 3.114730175826172106e-05 4.266711343056725622e-05 3.613743051950421846e-05 3.986659821418928572e-05 4.881524974143431245e-05 5.033454672181146875e-05 5.014216008215829245e-05 1.000000000000000021e-08 4.094038628258394051e-05 5.409431297206228215e-05 3.356019636078895409e-05
3.497001178028299936e-05 5.790003216816277796e-05 5.484245577078625234e-05 3.773202752906346476e-05 2.098129106717648955e-05 1.661568069322382862e-05 2.884024214616471722e-05 7.298241718488261416e-05 2.180862372994965255e-04 1.523689107259093480e-04 1.451159483052160597e-04 1.340507737790674642e-04 1.821464246539338981e-04 1.742583264686567662e-04 1.000000000000000021e-08 1.000000000000000021e-08 1.000000000000000021e-08 3.429834525643541619e-05 4.955107844037050528e-05 1.000000000000000021e-08 1.000000000000000021e-08 3.163912797840287902e-05 1.034207773947324319e-04 1.000000000000000021e-08 1.000000000000000021e-08 2.988278543718425170e-05 5.513552574582378842e-05 4.198424462029215856e-05 1.000000000000000021e-08 3.095222549334961023e-05 4.732548382169181496e-05 5.337147440277478929e-05 5.843070907401806295e-05 1.000000000000000021e-08 1.000000000000000021e-08 1.000000000000000021e-08 1.000000000000000021e-08
5.364590464524808809e-05 6.538506728634093951e-05 4.023092798717724044e-05 1.000000000000000021e-08 1.000000000000000021e-08 1.000000000000000021e-08 3.023141222408497796e-05 4.890426704569583683e-05 6.510290649075268804e-05 1.000000000000000021e-08 1.000000000000000021e-08 1.000000000000000021e-08 1.000000000000000021e-08 1.000000000000000021e-08 1.000000000000000021e-08 1.000000000000000021e-08 2.567748305597406783e-05 3.463012002807830235e-05 3.221074291620380038e-05 3.369022886392058331e-05 1.000000000000000021e-08 2.732762732963666069e-05 1.660662269793345303e-04 5.167731048161804277e-05 8.809490690218262435e-05 9.484527736383024466e-05 1.503761696097075161e-04 5.193513513885502508e-05 1.000000000000000021e-08 2.928188075844422795e-05 5.104027390050043094e-05 6.332706834521483505e-05 1.000000000000000021e-08 1.472014164799707285e-05 1.000000000000000021e-08 1.000000000000000021e-08 1.000000000000000021e-08
2.548502817123011658e-05 5.018250768348748889e-05 1.000000000000000021e-08 1.000000000000000021e-08 1.000000000000000021e-08 2.224803722492849696e-05 1.000000000000000021e-08 1.000000000000000021e-08 1.000000000000000021e-08 1.000000000000000021e-08 1.000000000000000021e-08 1.000000000000000021e-08 1.000000000000000021e-08 1.469318956735238534e-05 2.148179532596183362e-05 2.764410449035971894e-05 1.000000000000000021e-08 1.000000000000000021e-08 1.000000000000000021e-08 1.000000000000000021e-08 1.000000000000000021e-08 1.000000000000000021e-08 1.000000000000000021e-08 8.891075132237229162e-05 5.536148236415483855e-05 1.018201933191434193e-04 1.423889695614703548e-04 1.000000000000000021e-08 1.000000000000000021e-08 1.000000000000000021e-08 1.000000000000000021e-08 1.000000000000000021e-08 1.000000000000000021e-08 2.045553713279797670e-05 2.686402687741095051e-05 1.000000000000000021e-08 1.000000000000000021e-08
2.363313540969611958e-05 4.647175140633251001e-05 1.760224654735538909e-03 1.267641439205689790e-04 1.029247089723800770e-04 1.000000000000000021e-08 1.000000000000000021e-08 1.000000000000000021e-08 1.000000000000000021e-08 1.000000000000000021e-08 1.825432424846395695e-05 2.754607461324920018e-05 3.182606899926979522e-05 4.971803197550533340e-05 7.324078936173061252e-05 7.465268422091938659e-05 5.793279294588224801e-05 4.642516655334307451e-05 4.336600846234058763e-05 3.034322147970094344e-05 5.319230160332641492e-05 1.279198214169921164e-04 2.452620699902896572e-04 3.649616694058855450e-05 1.554659909650528307e-04 2.073741157819878082e-04 1.019025892320378403e-03 9.109943872010648435e-05 2.839447617670434916e-05 4.890581920652017206e-05 1.000000000000000021e-08 1.000000000000000021e-08 1.000000000000000021e-08 1.000000000000000021e-08 1.000000000000000021e-08 1.000000000000000021e-08 1.000000000000000021e-08
2.023737408582477240e-05 3.420068659937213585e-05 5.217561054371779738e-05 6.009282217841889994e-05 1.000000000000000021e-08 1.000000000000000021e-08 1.000000000000000021e-08 1.000000000000000021e-08 1.000000000000000021e-08 1.000000000000000021e-08 1.178898775075912612e-05 1.000000000000000021e-08 1.000000000000000021e-08 1.127536299704507570e-05 1.636423220606939667e-05 6.969251601112953288e-05 1.041548211464700131e-04 9.609669505527843806e-05 8.147096334563765411e-05 8.083312698580485012e-05 1.047937113760756382e-04 9.175988995543427095e-05 1.893692975388199396e-04 2.316109260079171151e-04 1.848597743405109553e-04 4.158587497533218339e-04 1.125263300461774429e-03 3.130634543479982783e-04 1.745255183187952031e-03 1.231788175055713785e-03 8.812787708623791251e-04 7.417027056459155412e-05 6.101929293581490738e-05 1.000000000000000021e-08 1.000000000000000021e-08 1.518364530336180705e-05 1.000000000000000021e-08
1.686531507153857346e-05 2.625852050269890327e-05 3.559085566186392366e-05 4.978287940536550276e-05 5.397127205024619722e-05 1.000000000000000021e-08 1.000000000000000021e-08 1.000000000000000021e-08 1.000000000000000021e-08 1.000000000000000021e-08 1.000000000000000021e-08 1.000000000000000021e-08 1.000000000000000021e-08 1.000000000000000021e-08 1.000000000000000021e-08 1.000000000000000021e-08 1.000000000000000021e-08 1.000000000000000021e-08 6.433266869466433135e-05 9.924115185459382127e-05 2.057865605162065401e-04 2.985866450615344515e-04 2.304139337015803852e-04 1.735538562553303756e-04 1.000000000000000021e-08 1.000000000000000021e-08 2.065807839623801925e-05 1.000000000000000021e-08 2.519291528559186436e-04 1.471486118007131558e-03 1.447591695756696639e-03 1.178578498778163957e-03 1.602549232424151635e-04 1.293827642077441940e-04 1.000000000000000021e-08 1.000000000000000021e-08 1.000000000000000021e-08
