output/water_depth_8280.asc
ncols 223
nrows 158
xllcorner 0.0
yllcorner 0.0
cellsize 30.0
[rows 85 to 101 of 158, columns 111 to 147 of 223]
4.053309607240263989e-04 7.875988291042641158e-04 8.393577480665046766e-04 7.085102067262843972e-04 5.636185585598982003e-04 8.235172633236110271e-05 3.152222722106407318e-04 1.630804948061228069e-03 6.347274098082886402e-03 1.434104451264529064e-03 2.286487938159338000e-04 1.529985552049377710e-04 1.052036578035088905e-04 9.776584928710319207e-05 5.731304212508752836e-05 3.758887630074410596e-05 3.491992958664355741e-05 4.625820125761168078e-05 1.000000000000000021e-08 1.000000000000000021e-08 1.000000000000000021e-08 1.000000000000000021e-08 1.031594269160132486e-04 4.746065232239937427e-05 1.000000000000000021e-08 1.000000000000000021e-08 1.000000000000000021e-08 4.429165883034918316e-05 4.580170833748976867e-05 2.501259438527833194e-05 1.000000000000000021e-08 1.000000000000000021e-08 1.000000000000000021e-08 1.000000000000000021e-08 1.000000000000000021e-08 3.845121569872038159e-05 1.602177347687938917e-05
5.658484191535128769e-04 3.930578206287901693e-04 3.158691687125919867e-05 1.022921226703662719e-04 6.707890930882476994e-04 1.102192715643794462e-04 1.291079296411630365e-04 2.021096514323238516e-03 7.083104353872516148e-03 1.042224342348653781e-03 1.152790845031477030e-04 1.284570258323989981e-04 1.223223463796689918e-04 1.000000000000000021e-08 1.000000000000000021e-08 3.591637449669777849e-05 4.772799262690565142e-05 7.325716497886571293e-05 1.000000000000000021e-08 1.000000000000000021e-08 1.000000000000000021e-08 1.000000000000000021e-08 1.430139472303976829e-04 5.832355388566949780e-05 1.927628838015322930e-05 1.936853592752607662e-05 1.000000000000000021e-08 5.040482547668834076e-05 2.622292065464797752e-05 1.414197127361252654e-05 1.000000000000000021e-08 1.000000000000000021e-08 1.000000000000000021e-08 1.000000000000000021e-08 1.000000000000000021e-08 2.054931528936534120e-05 1.232561415505889927e-05
8.864056881442349217e-05 3.091441138709415186e-05 1.000000000000000021e-08 7.100019655899483383e-05 5.064612929544568508e-04 7.376775111934109029e-04 3.062909786278198094e-04 2.563695677660744743e-02 1.051013786666533771e-02 8.060270646773559861e-04 1.000000000000000021e-08 8.200243789161702854e-05 1.000000000000000021e-08 1.000000000000000021e-08 1.000000000000000021e-08 3.275930590755853718e-05 7.035256443224648592e-05 6.902490916801838552e-05 4.557112796613797215e-05 1.399194783339814022e-05 1.000000000000000021e-08 9.629522972659745775e-05 1.383875503818126501e-04 1.000264806509226485e-04 4.433190201002211450e-05 2.682183483926235603e-05 1.674504602276121756e-05 1.000000000000000021e-08 1.000000000000000021e-08 1.000000000000000021e-08 1.000000000000000021e-08 1.000000000000000021e-08 1.000000000000000021e-08 1.000000000000000021e-08 1.000000000000000021e-08 1.000000000000000021e-08 1.000000000000000021e-08
7.467733155737995687e-05 1.000000000000000021e-08 1.000000000000000021e-08 1.000000000000000021e-08 3.456314864375851430e-04 5.834892803259032068e-05 2.387177237447402571e-05 1.970919323645617779e-05 1.138754114443063688e-02 6.208150779252683818e-04 1.000000000000000021e-08 6.086901586187283287e-05 4.548294427110620154e-05 4.149595375362281983e-05 3.985286420995748618e-05 4.966264611813321893e-05 7.466004974300346499e-05 1.202546191383526379e-04 4.157198876090032331e-05 9.989704049854415701e-05 1.013921217521507952e-04 1.553264487352097264e-04 1.516557473753556108e-04 4.057668473007811094e-05 2.544651558733739791e-05 2.214669476039822716e-05 2.123033509650282426e-05 2.562056125512902061e-05 1.375658873476770718e-05 1.000000000000000021e-08 1.000000000000000021e-08 1.000000000000000021e-08 1.000000000000000021e-08 1.000000000000000021e-08 1.000000000000000021e-08 1.000000000000000021e-08 1.000000000000000021e-08
2.184186744715565219e-04 1.000000000000000021e-08 1.000000000000000021e-08 1.000000000000000021e-08 1.543334783502142579e-05 5.830755852643692189e-05 2.072392443353618786e-05 3.214314106255745511e-05 7.241760517943433666e-03 6.738853042327779680e-03 4.581172355370075869e-05 4.149880660802354591e-05 1.000000000000000021e-08 1.000000000000000021e-08 1.000000000000000021e-08 1.000000000000000021e-08 1.000000000000000021e-08 1.062001118216635346e-04 1.000000000000000021e-08 1.114886529361181915e-04 7.323573658918503145e-05 1.000000000000000021e-08 1.759607811769431894e-05 1.000000000000000021e-08 1.000000000000000021e-08 1.000000000000000021e-08 1.000000000000000021e-08 1.000000000000000021e-08 1.000000000000000021e-08 1.000000000000000021e-08 1.000000000000000021e-08 1.000000000000000021e-08 1.000000000000000021e-08 1.000000000000000021e-08 1.000000000000000021e-08 1.000000000000000021e-08 1.000000000000000021e-08
1.279260042047768479e-04 1.231326210576511341e-03 1.000000000000000021e-08 1.000000000000000021e-08 1.000000000000000021e-08 7.255352958214316122e-05 1.831838099107920351e-05 4.045804142615386662e-05 4.618854410320538326e-03 3.778522306845510676e-03 3.865154263749343531e-03 5.059300023744155812e-04 1.000000000000000021e-08 1.000000000000000021e-08 1.000000000000000021e-08 1.000000000000000021e-08 1.000000000000000021e-08 8.763846334784642278e-05 9.628026339331768825e-05 1.028440409006829123e-04 5.806184495156613778e-05 1.000000000000000021e-08 1.000000000000000021e-08 1.000000000000000021e-08 1.000000000000000021e-08 1.000000000000000021e-08 1.000000000000000021e-08 1.000000000000000021e-08 1.000000000000000021e-08 1.000000000000000021e-08 1.000000000000000021e-08 1.000000000000000021e-08 1.000000000000000021e-08 1.000000000000000021e-08 1.000000000000000021e-08 1.000000000000000021e-08 1.000000000000000021e-08
2.343479339075642438e-03 2.049490029702765153e-03 1.380256620093683060e-03 9.029604219657014902e-04 5.986567130832844055e-04 6.553435055629141951e-04 5.205267761281246559e-04 2.882067997655790104e-05 2.999600613164430957e-03 5.672827618339410134e-03 5.040499447094143326e-03 4.319991989642378918e-03 1.369789389837762603e-04 1.000000000000000021e-08 1.000000000000000021e-08 1.000000000000000021e-08 1.000000000000000021e-08 9.161634629624351017e-05 1.680612551139152114e-04 7.601889554093818916e-05 1.000000000000000021e-08 1.000000000000000021e-08 1.000000000000000021e-08 1.000000000000000021e-08 1.000000000000000021e-08 1.000000000000000021e-08 1.000000000000000021e-08 1.000000000000000021e-08 1.000000000000000021e-08 1.000000000000000021e-08 1.000000000000000021e-08 1.000000000000000021e-08 1.000000000000000021e-08 1.000000000000000021e-08 1.000000000000000021e-08 1.000000000000000021e-08 1.000000000000000021e-08
1.996071162692523656e-04 1.630153129431161172e-03 2.757138013166685856e-04 2.617545471312489455e-04 1.152078103094744368e-04 1.331233862305355835e-04 1.607372171724149419e-04 1.204951776284034589e-04 2.061616025894556087e-03 5.950087347624438520e-03 9.666239996916372451e-03 7.266606321369679239e-03 1.969080071194190523e-03 6.109906293923606608e-04 9.093136479503524704e-04 7.546037748393494326e-04 1.402252611890969849e-03 1.132237712371247191e-03 4.522824523252536727e-03 5.545435041588997742e-05 1.000000000000000021e-08 1.000000000000000021e-08 1.000000000000000021e-08 1.000000000000000021e-08 1.000000000000000021e-08 1.000000000000000021e-08 1.000000000000000021e-08 1.000000000000000021e-08 1.000000000000000021e-08 1.000000000000000021e-08 1.000000000000000021e-08 1.000000000000000021e-08 1.000000000000000021e-08 1.000000000000000021e-08 1.000000000000000021e-08 1.000000000000000021e-08 1.000000000000000021e-08
1.021753469888994495e-03 1.329779359611499984e-03 3.296226136811921358e-04 1.801055123437423125e-04 2.406772396007020038e-04 1.150766004599042399e-03 8.373679446095213478e-04 1.176630525551653535e-03 1.912426223914054021e-03 1.628245791138448542e-03 6.825366682068102764e-04 4.242635127985639257e-03 1.284028875628067659e-03 2.401367804230058588e-03 2.233613166940121193e-03 2.824627344292888163e-03 1.927299880237338687e-03 2.418388175146710551e-03 5.222382028298915534e-03 4.824673826402480110e-03 1.318015382159659635e-05 1.000000000000000021e-08 1.000000000000000021e-08 1.000000000000000021e-08 1.000000000000000021e-08 1.000000000000000021e-08 1.000000000000000021e-08 1.000000000000000021e-08 1.000000000000000021e-08 1.000000000000000021e-08 1.000000000000000021e-08 1.000000000000000021e-08 1.000000000000000021e-08 1.000000000000000021e-08 1.000000000000000021e-08 1.000000000000000021e-08 1.000000000000000021e-08
7.470502402458536724e-04 1.061528174436524854e-03 4.727432096629774873e-04 3.051313601160507167e-03 1.691369296413940126e-02 4.120645544960222818e-03 2.994356344571227121e-03 1.972722828570575970e-03 2.175222459960366762e-03 1.697596182327583587e-03 1.264072718495670928e-03 7.812232517433770644e-04 4.243419689190673291e-03 3.514226875062607947e-03 1.627386043104962722e-03 9.496300074948665166e-04 6.820860507563736470e-04 5.781966554508877979e-04 5.086558794857171974e-03 8.648690957890158362e-03 1.764400452608265652e-05 1.000000000000000021e-08 1.000000000000000021e-08 1.000000000000000021e-08 1.000000000000000021e-08 1.000000000000000021e-08 1.000000000000000021e-08 1.000000000000000021e-08 1.000000000000000021e-08 1.000000000000000021e-08 1.000000000000000021e-08 1.000000000000000021e-08 1.000000000000000021e-08 1.000000000000000021e-08 1.000000000000000021e-08 1.000000000000000021e-08 1.000000000000000021e-08
1.035090140047820358e-04 2.539374754886697372e-04 1.814877048313749924e-04 7.861767732402328863e-04 7.222514429329452389e-04 5.897511029122045950e-04 1.886773601912311886e-03 2.965277641794997893e-03 2.869327407967950296e-03 3.581874875305009979e-03 3.988363165057591704e-03 3.850065298615096363e-03 3.636998118557257988e-03 3.402463811628612944e-03 2.562511450029313249e-03 1.783913309221235675e-03 1.158515472872913288e-03 1.336963377126752176e-03 7.152742229590599698e-04 8.906644607086672619e-03 1.758246192092387635e-05 1.000000000000000021e-08 1.000000000000000021e-08 1.000000000000000021e-08 1.000000000000000021e-08 1.000000000000000021e-08 1.000000000000000021e-08 1.000000000000000021e-08 1.000000000000000021e-08 1.000000000000000021e-08 1.000000000000000021e-08 1.000000000000000021e-08 1.000000000000000021e-08 1.000000000000000021e-08 1.000000000000000021e-08 1.000000000000000021e-08 1.000000000000000021e-08
1.002308681507618716e-04 3.585171609240632559e-05 6.889464817787660110e-05 4.963076786910554399e-05 3.458642457201222356e-04 5.107218278356230818e-04 1.078488561524827130e-03 9.464105844065218327e-04 3.186472199450996606e-03 1.806054516693239706e-03 1.441412155436373613e-03 2.658983647122018044e-03 3.516303548728616935e-03 3.484840442252768161e-03 8.301677440971674902e-04 7.556072261262780122e-04 7.143218745017184020e-04 7.834568425718562270e-04 1.747595715808346415e-03 8.916012209933918409e-03 1.992154988821353393e-05 1.000000000000000021e-08 1.000000000000000021e-08 1.000000000000000021e-08 1.000000000000000021e-08 1.000000000000000021e-08 1.000000000000000021e-08 1.000000000000000021e-08 1.000000000000000021e-08 1.000000000000000021e-08 1.000000000000000021e-08 1.000000000000000021e-08 1.000000000000000021e-08 1.000000000000000021e-08 1.000000000000000021e-08 1.000000000000000021e-08 1.000000000000000021e-08
1.042836236023351256e-04 3.186577991208115919e-05 1.025357530764539323e-05 1.853376024521090782e-05 3.151569030676880964e-04 4.986224165622574504e-04 8.057672752024868691e-04 7.619871908637385451e-04 8.246267826736350924e-05 2.076627050656520805e-03 1.245466215804003605e-04 3.171250926046843615e-04 6.873738733582271214e-04 7.175494789980858216e-04 1.017289265697638150e-03 5.371382864759490210e-04 9.073995764802708858e-04 7.178265383052423627e-04 2.402713365127506252e-03 9.896204275433594794e-03 2.202441709229851913e-05 1.000000000000000021e-08 1.000000000000000021e-08 1.000000000000000021e-08 1.000000000000000021e-08 1.000000000000000021e-08 1.000000000000000021e-08 1.000000000000000021e-08 1.000000000000000021e-08 1.000000000000000021e-08 1.000000000000000021e-08 1.000000000000000021e-08 1.000000000000000021e-08 1.000000000000000021e-08 1.000000000000000021e-08 1.000000000000000021e-08 1.000000000000000021e-08
9.216634900631702216e-05 3.736157460926323707e-05 3.970832690829740892e-05 3.132299422929386021e-05 1.000000000000000021e-08 2.279042803270362339e-04 6.894641261487125265e-05 7.317836620851756759e-05 1.026342679605270246e-04 1.518754574830503273e-03 3.841469584931379183e-04 2.136095428161485506e-04 2.735255344682333912e-04 7.235059141663100803e-04 1.168744404625808109e-03 3.526335843511977080e-03 2.304809704699026674e-03 1.696659190779597733e-03 3.182063366496624881e-03 1.129328473532029836e-02 4.032322821138814816e-05 1.000000000000000021e-08 1.000000000000000021e-08 1.000000000000000021e-08 1.000000000000000021e-08 1.000000000000000021e-08 1.000000000000000021e-08 1.000000000000000021e-08 1.000000000000000021e-08 1.000000000000000021e-08 1.000000000000000021e-08 1.000000000000000021e-08 1.000000000000000021e-08 1.000000000000000021e-08 1.000000000000000021e-08 1.000000000000000021e-08 1.000000000000000021e-08
6.987716749503082581e-04 7.939122564240342933e-05 3.583526466660053039e-05 4.960151380130919219e-05 1.491925781698509244e-05 2.245928666727259497e-05 2.751527211996070306e-05 7.331980488115610308e-05 1.345743049543958448e-04 1.322082977113898722e-03 1.633159284389132382e-03 5.165700801015991233e-04 2.236245293443910867e-04 2.870660946298591708e-04 3.653285970397207724e-04 2.565619645347034811e-03 6.017358061118829177e-04 5.854770374843083465e-04 2.113594517997067980e-04 1.130554848725666070e-02 2.225902092487019868e-03 1.000000000000000021e-08 1.000000000000000021e-08 1.000000000000000021e-08 1.000000000000000021e-08 1.000000000000000021e-08 1.000000000000000021e-08 1.000000000000000021e-08 1.000000000000000021e-08 1.000000000000000021e-08 1.000000000000000021e-08 1.000000000000000021e-08 1.000000000000000021e-08 1.000000000000000021e-08 1.000000000000000021e-08 1.000000000000000021e-08 1.000000000000000021e-08
7.201492411387626098e-05 4.554040259356226874e-05 6.789419542375347096e-05 3.532694964294414949e-05 4.192088526110145612e-05 1.930590893636820724e-05 3.903336788866899518e-05 3.383540180093512462e-05 3.235523297874883962e-05 1.139112500399897448e-04 1.304437347745789717e-03 9.011072076870493656e-04 1.798639772552836362e-04 2.457671262049363468e-04 4.477814421684995832e-04 4.325583888896616718e-04 5.074564715553940043e-04 4.769289874886187058e-04 4.724304896683794407e-04 8.069511209588388009e-03 1.655371816559967528e-03 1.000000000000000021e-08 1.000000000000000021e-08 1.000000000000000021e-08 1.000000000000000021e-08 1.000000000000000021e-08 1.000000000000000021e-08 1.000000000000000021e-08 1.000000000000000021e-08 1.000000000000000021e-08 1.000000000000000021e-08 1.000000000000000021e-08 1.000000000000000021e-08 1.000000000000000021e-08 1.000000000000000021e-08 1.000000000000000021e-08 1.000000000000000021e-08
3.752876358806741386e-05 6.932851758401424689e-05 4.125821875699491032e-05 6.387713616546341104e-05 3.178831995187201816e-05 4.258941734693421472e-05 2.449566043762507845e-05 4.865892029770849006e-05 2.435658725640443983e-05 9.623900754731184027e-05 1.458614874326149191e-04 3.185965004682941772e-03 2.698543448579273523e-04 7.952275223556978887e-05 3.541178556985716632e-04 2.395152029558941017e-04 5.031802681247248867e-04 5.554701346692217032e-04 7.360136688275114832e-04 7.635178927005925424e-03 1.093623334469768452e-03 1.000000000000000021e-08 1.000000000000000021e-08 1.000000000000000021e-08 1.017700916524624204e-05 1.000000000000000021e-08 1.000000000000000021e-08 1.000000000000000021e-08 1.000000000000000021e-08 1.000000000000000021e-08 1.000000000000000021e-08 1.000000000000000021e-08 1.000000000000000021e-08 1.000000000000000021e-08 1.000000000000000021e-08 1.000000000000000021e-08 1.000000000000000021e-08
