output/water_depth_7200.asc
ncols 223
nrows 158
xllcorner 0.0
yllcorner 0.0
cellsize 30.0
[rows 68 to 84 of 158, columns 111 to 147 of 223]
1.000000000000000021e-08 3.079758494931643885e-05 1.000000000000000021e-08 1.182465498178311384e-05 1.000000000000000021e-08 1.902878717314762999e-05 1.000000000000000021e-08 1.000000000000000021e-08 1.084496602065643359e-04 3.250790499255478902e-04 2.091687257625374436e-04 1.230891442750611635e-04 1.000000000000000021e-08 1.000000000000000021e-08 1.000000000000000021e-08 1.000000000000000021e-08 1.000000000000000021e-08 1.000000000000000021e-08 1.000000000000000021e-08 1.000000000000000021e-08 1.000000000000000021e-08 1.000000000000000021e-08 1.000000000000000021e-08 1.000000000000000021e-08 1.000000000000000021e-08 1.000000000000000021e-08 1.000000000000000021e-08 2.488164080468472378e-05 3.540690812465735297e-03 4.285414913150191072e-04 1.000000000000000021e-08 1.000000000000000021e-08 3.017755590158427203e-05 3.168551194587934444e-05 1.000000000000000021e-08 1.000000000000000021e-08 1.509722741221215208e-05
6.808651199205984427e-05 4.828718123201752150e-04 1.457547675596038107e-03 5.305668758284500658e-03 6.889322059781936153e-03 4.708630599193512623e-03 4.157446774449032219e-03 1.301703343313351240e-05 1.000000000000000021e-08 1.112636909206876383e-05 9.560879454010556681e-05 1.000000000000000021e-08 1.000000000000000021e-08 1.000000000000000021e-08 1.000000000000000021e-08 1.000000000000000021e-08 1.000000000000000021e-08 1.000000000000000021e-08 1.000000000000000021e-08 1.000000000000000021e-08 1.000000000000000021e-08 1.142580365382113191e-05 2.274827347191120625e-05 1.000000000000000021e-08 1.000000000000000021e-08 1.000000000000000021e-08 1.000000000000000021e-08 1.000000000000000021e-08 1.010530253022737341e-05 5.404797535629454015e-04 3.702025103505477148e-04 2.692667821382220745e-04 6.052697570093521710e-05 3.788982963741681305e-05 1.000000000000000021e-08 1.000000000000000021e-08 1.403692931315418811e-05
3.320386830515621376e-03 8.168517202651612644e-03 8.067868584098763021e-03 5.451028109019191367e-03 3.759239266728096798e-03 6.841708760230405702e-03 8.407132774945418052e-03 2.010303966188925918e-03 1.000000000000000021e-08 1.000000000000000021e-08 1.000000000000000021e-08 1.000000000000000021e-08 1.000000000000000021e-08 1.000000000000000021e-08 1.000000000000000021e-08 1.000000000000000021e-08 1.000000000000000021e-08 1.000000000000000021e-08 1.000000000000000021e-08 1.000000000000000021e-08 1.000000000000000021e-08 2.126581839639803432e-05 1.000000000000000021e-08 1.000000000000000021e-08 1.000000000000000021e-08 1.000000000000000021e-08 1.000000000000000021e-08 1.000000000000000021e-08 1.000000000000000021e-08 4.825519546197281099e-05 3.272168989407718293e-04 3.679631158935799167e-05 1.000000000000000021e-08 4.380243211176254164e-05 1.000000000000000021e-08 1.000000000000000021e-08 1.226942900568791852e-05
1.786213554262921837e-03 2.466867213021021587e-03 1.111474707843085216e-04 1.000000000000000021e-08 1.000000000000000021e-08 1.000000000000000021e-08 8.631332311539478483e-03 8.689504549446665921e-03 1.553279960561197782e-05 1.000000000000000021e-08 1.000000000000000021e-08 1.000000000000000021e-08 1.000000000000000021e-08 1.000000000000000021e-08 1.000000000000000021e-08 1.000000000000000021e-08 1.000000000000000021e-08 1.000000000000000021e-08 1.000000000000000021e-08 1.000000000000000021e-08 1.000000000000000021e-08 2.264147699936259794e-05 2.583221948870601144e-05 1.000000000000000021e-08 1.000000000000000021e-08 1.000000000000000021e-08 1.000000000000000021e-08 1.000000000000000021e-08 1.082399205457872025e-05 5.880557749410924499e-05 3.563490804438955765e-04 8.744916091536322940e-04 1.382279562580452856e-04 3.621232444206182416e-05 1.000000000000000021e-08 1.000000000000000021e-08 1.376916211393846202e-05
9.966639257841022198e-04 1.235312061537502653e-03 1.809147004670449456e-04 1.000000000000000021e-08 1.000000000000000021e-08 1.000000000000000021e-08 2.224281389747775547e-03 9.627776153957677552e-03 3.462867684391037420e-05 1.000000000000000021e-08 1.000000000000000021e-08 1.000000000000000021e-08 1.000000000000000021e-08 1.000000000000000021e-08 1.000000000000000021e-08 1.000000000000000021e-08 1.000000000000000021e-08 1.000000000000000021e-08 1.000000000000000021e-08 1.000000000000000021e-08 1.000000000000000021e-08 1.000000000000000021e-08 3.965789609772709133e-05 1.000000000000000021e-08 1.000000000000000021e-08 1.000000000000000021e-08 1.000000000000000021e-08 1.103105272261315228e-05 1.000000000000000021e-08 1.000000000000000021e-08 1.000000000000000021e-08 7.625934651168431470e-04 1.082039380825819581e-03 2.566619440490410902e-05 1.000000000000000021e-08 1.000000000000000021e-08 1.000000000000000021e-08
9.531926172731066836e-05 9.661728977658487006e-04 1.295925200070263867e-04 1.448695358686713475e-04 1.363189510468661972e-04 2.148279981000155141e-04 1.920368392855244092e-04 3.702799116173190186e-02 1.040514752126321316e-02 4.821503979158591136e-05 1.000000000000000021e-08 1.000000000000000021e-08 1.000000000000000021e-08 1.000000000000000021e-08 1.000000000000000021e-08 1.000000000000000021e-08 1.000000000000000021e-08 1.000000000000000021e-08 1.000000000000000021e-08 1.000000000000000021e-08 1.000000000000000021e-08 1.000000000000000021e-08 5.554782851819701714e-05 1.000000000000000021e-08 1.000000000000000021e-08 1.000000000000000021e-08 1.000000000000000021e-08 1.000000000000000021e-08 1.000000000000000021e-08 1.000000000000000021e-08 1.000000000000000021e-08 1.000000000000000021e-08 5.614076303017565212e-04 3.935350074322048952e-04 2.001306551524516275e-04 1.249622365177820583e-04 9.084679401656017437e-05
1.360124720295258433e-03 1.596963164024771593e-04 1.444089121860352813e-05 1.012929998360512308e-05 1.147551137183372590e-04 9.754093195764991866e-05 1.000000000000000021e-08 1.000000000000000021e-08 1.013600594271996461e-02 1.819451320932886527e-03 1.000000000000000021e-08 1.000000000000000021e-08 1.000000000000000021e-08 1.000000000000000021e-08 1.000000000000000021e-08 1.000000000000000021e-08 1.000000000000000021e-08 1.000000000000000021e-08 3.047998769213819449e-05 1.000000000000000021e-08 1.000000000000000021e-08 2.030533027338581189e-05 7.296900914865553259e-05 1.000000000000000021e-08 1.000000000000000021e-08 1.000000000000000021e-08 1.000000000000000021e-08 1.000000000000000021e-08 1.000000000000000021e-08 1.000000000000000021e-08 1.000000000000000021e-08 1.000000000000000021e-08 3.583472939439435296e-05 4.214013744191284186e-04 3.327623055512130305e-04 2.627931286258806064e-04 1.000000000000000021e-08
2.497805174294838188e-03 1.360253392749806542e-04 1.191481462275087580e-05 1.411391774648548147e-05 1.423123874438387125e-05 2.945080503378140493e-05 1.000000000000000021e-08 1.000000000000000021e-08 1.033078233919147194e-02 6.439866799289924171e-02 5.659241199292876223e-02 1.004924009335304478e-04 1.000000000000000021e-08 1.000000000000000021e-08 1.040451928522720690e-05 1.184250389525125703e-05 1.713097478772626647e-05 1.000000000000000021e-08 1.478173914791728293e-02 1.454589984924581532e-02 1.512839373674196471e-02 1.504335107811450786e-02 1.448549904041156189e-02 9.563247912622342695e-03 9.089088056218169384e-03 2.287884624357774545e-05 1.000000000000000021e-08 1.000000000000000021e-08 1.000000000000000021e-08 1.000000000000000021e-08 1.000000000000000021e-08 1.000000000000000021e-08 2.475190093522613966e-04 3.739702994449287045e-04 4.283461410777485178e-04 3.326826379584134157e-04 1.505060415953465912e-04
4.699711439394114489e-03 1.350826656244746111e-04 1.082465603132927321e-05 3.770395905345145648e-05 5.177552174383301777e-05 3.218973020846559939e-05 2.582875987980393399e-05 1.000000000000000021e-08 2.064542510811119823e-05 2.898445713307141959e-05 4.119049316682222434e-02 1.325515219903280854e-02 1.294386971937417675e-02 1.358475078923014265e-02 1.330027025849651011e-02 1.348939078959623776e-02 1.368498576306609663e-02 1.388951503589015528e-02 1.468026247278584120e-02 1.000000000000000021e-08 1.000000000000000021e-08 1.000000000000000021e-08 2.954241666526573763e-03 1.165493035942019237e-02 7.081523575939396853e-02 5.453558707234305858e-02 2.154942116232639096e-04 2.610693712940867072e-05 1.806007283691960104e-05 1.000000000000000021e-08 1.000000000000000021e-08 1.000000000000000021e-08 1.254175587076867063e-02 1.671524661714331519e-02 1.896817991172828829e-02 1.997038148907732263e-02 4.832900543066847437e-02
5.681291116388209606e-03 1.098167195092461437e-03 1.638848667918727257e-05 1.000000000000000021e-08 1.000000000000000021e-08 1.000000000000000021e-08 1.000000000000000021e-08 1.021287957967727126e-05 1.214998172189817659e-05 1.329117969590154591e-05 2.151095117819984905e-05 1.000000000000000021e-08 3.645966742652610601e-05 7.443521564575349342e-05 1.000000000000000021e-08 1.701000118750281226e-05 1.000000000000000021e-08 1.000000000000000021e-08 1.000000000000000021e-08 1.000000000000000021e-08 1.398204029897492093e-05 1.000000000000000021e-08 1.250304975119709115e-05 2.291850904409398616e-05 4.015352305285992178e-05 1.768175215257854899e-02 1.778081855617339932e-02 1.795872822181593040e-02 1.825022576697949567e-02 1.856060153928800957e-02 1.888757326360782779e-02 1.922791636457374040e-02 1.225048611357315922e-02 7.828794373659936356e-03 1.524315842956757393e-03 9.721559418023903529e-04 4.064873664461057107e-02
4.718106875159500981e-03 4.680683497545239970e-03 2.699548333956079674e-05 1.000000000000000021e-08 1.000000000000000021e-08 1.000000000000000021e-08 1.210506884719003408e-05 1.000000000000000021e-08 1.000000000000000021e-08 1.000000000000000021e-08 1.000000000000000021e-08 4.184819214254679017e-05 4.476755958989695584e-05 6.753126984257612779e-05 1.000000000000000021e-08 1.000000000000000021e-08 1.000000000000000021e-08 1.000000000000000021e-08 1.000000000000000021e-08 1.000000000000000021e-08 1.000000000000000021e-08 1.045681791122835569e-05 1.177516316958150765e-05 1.389513390233066018e-05 1.000000000000000021e-08 5.137780886407300365e-05 1.000000000000000021e-08 3.876342157373027195e-05 1.000000000000000021e-08 2.466117489542125191e-05 1.365947701477923483e-05 1.000000000000000021e-08 1.000000000000000021e-08 1.000000000000000021e-08 1.000000000000000021e-08 1.000000000000000021e-08 7.909314667508068756e-05
3.240334140921224005e-03 4.116815985393498800e-03 4.319859271953809844e-03 2.596797986696771379e-05 1.000000000000000021e-08 1.061705144211430985e-05 1.672237127680255246e-05 2.592804911246633488e-05 1.000000000000000021e-08 1.000000000000000021e-08 5.872537233202323602e-05 5.720219091859380609e-05 3.267262563679847317e-05 3.137918018547693693e-05 1.000000000000000021e-08 1.000000000000000021e-08 1.000000000000000021e-08 1.000000000000000021e-08 1.000000000000000021e-08 1.000000000000000021e-08 1.000000000000000021e-08 1.000000000000000021e-08 1.000000000000000021e-08 1.000000000000000021e-08 1.021282213781224871e-05 1.000000000000000021e-08 1.216290748146215936e-05 1.000000000000000021e-08 1.000000000000000021e-08 1.000000000000000021e-08 1.000000000000000021e-08 1.000000000000000021e-08 1.000000000000000021e-08 1.000000000000000021e-08 1.000000000000000021e-08 1.000000000000000021e-08 5.055456465815338235e-05
4.277140322643280604e-03 8.328164747001074592e-03 5.416683466227693866e-02 4.782477631913708421e-02 3.767607357307295457e-02 8.047613463569695119e-03 6.985718836716206005e-03 1.272601448679207877e-03 7.481715474976068786e-04 5.870330782913018696e-04 9.178961391342970691e-05 1.000000000000000021e-08 1.000000000000000021e-08 1.000000000000000021e-08 1.000000000000000021e-08 1.000000000000000021e-08 1.135791211437051829e-05 1.251106213526835351e-05 1.000000000000000021e-08 1.000000000000000021e-08 1.000000000000000021e-08 1.000000000000000021e-08 1.000000000000000021e-08 1.000000000000000021e-08 1.000000000000000021e-08 2.285876622879022191e-05 1.000000000000000021e-08 1.292900138757320526e-05 1.000000000000000021e-08 1.000000000000000021e-08 1.000000000000000021e-08 1.000000000000000021e-08 1.000000000000000021e-08 1.000000000000000021e-08 1.000000000000000021e-08 1.000000000000000021e-08 3.609728755930032934e-05
2.101516967664137942e-03 1.753723724186315516e-03 1.109390528057111087e-03 7.222607445290453627e-04 3.289399906862949786e-04 5.172603641612756424e-03 6.201623796331930810e-03 4.132665834686661578e-03 3.514384027681620622e-03 4.810224977378004148e-04 6.024360350092195122e-05 1.000000000000000021e-08 1.000000000000000021e-08 1.000000000000000021e-08 1.000000000000000021e-08 1.253037451566962646e-05 2.997480853151587298e-05 1.000000000000000021e-08 1.000000000000000021e-08 1.000000000000000021e-08 1.000000000000000021e-08 1.431750134638125815e-05 1.081112529398339157e-05 1.281040178875820833e-05 4.087639895394102945e-05 1.347808063926155990e-05 1.000000000000000021e-08 1.000000000000000021e-08 1.000000000000000021e-08 1.000000000000000021e-08 1.000000000000000021e-08 1.000000000000000021e-08 1.000000000000000021e-08 1.000000000000000021e-08 1.050397464442768267e-05 1.000000000000000021e-08 3.770845201900160725e-05
1.426045168395310633e-03 7.606361316483127750e-04 3.801002684034374113e-04 2.170026030645520114e-04 2.340505395635484871e-04 1.038836585075650484e-03 1.396213059277591180e-03 2.749068651215627341e-03 4.029846445244887956e-03 4.245860579228404779e-04 5.381002356656455418e-05 1.000000000000000021e-08 1.000000000000000021e-08 1.000000000000000021e-08 1.584140689030283277e-05 2.380135033079560080e-05 1.000000000000000021e-08 1.000000000000000021e-08 1.000000000000000021e-08 1.183319906998183947e-05 1.742793070141018748e-05 2.539870716838602360e-05 3.811775966906113763e-05 9.686069607586252203e-05 8.957863609657913879e-05 1.000000000000000021e-08 1.000000000000000021e-08 1.000000000000000021e-08 1.000000000000000021e-08 1.000000000000000021e-08 1.000000000000000021e-08 1.000000000000000021e-08 1.000000000000000021e-08 1.000000000000000021e-08 1.007423151264837577e-05 1.000000000000000021e-08 4.317395378655831348e-05
2.973798147596227385e-04 1.465176697431718714e-04 2.609135897007261711e-04 2.564354061516201555e-04 2.686745013904055898e-04 3.271497290236790928e-04 1.225087532590696075e-03 3.016899080503203899e-03 4.175065049677066653e-03 2.770689699937414676e-04 4.417361013187456030e-05 1.000000000000000021e-08 1.000000000000000021e-08 1.389028373837588093e-05 1.780278786696073173e-05 2.396585345100232529e-05 2.263176897434485696e-05 1.663355627206890281e-05 1.000000000000000021e-08 1.405885252423685193e-05 1.000000000000000021e-08 8.887660140434974927e-05 6.299975852904592794e-05 6.319525546020537856e-05 1.000000000000000021e-08 1.000000000000000021e-08 1.183782933819694352e-05 1.000000000000000021e-08 1.000000000000000021e-08 1.000000000000000021e-08 1.000000000000000021e-08 1.060086672370733106e-05 1.000000000000000021e-08 1.000000000000000021e-08 1.000000000000000021e-08 1.000000000000000021e-08 4.464525088067009689e-05
4.886822486259897991e-05 1.886983346251205153e-05 2.964311355055399434e-04 3.051588772418095024e-04 3.183350066567380344e-04 2.843731227962322037e-04 4.601491364900767568e-04 1.083333238092005005e-02 2.845603101563219141e-03 1.000000000000000021e-08 7.340514116457320102e-05 1.564322447735165352e-05 1.000000000000000021e-08 1.000000000000000021e-08 1.869902004338381434e-05 1.000000000000000021e-08 1.900161758208043588e-05 2.998070792285018019e-05 1.000000000000000021e-08 1.000000000000000021e-08 1.000000000000000021e-08 5.734615434194559899e-05 1.255562275401675637e-04 4.548268893349980991e-05 1.000000000000000021e-08 1.000000000000000021e-08 1.228098129327147791e-05 1.000000000000000021e-08 3.465411059776387482e-05 2.907458406247328501e-05 3.034641129302776647e-05 1.266501781675115487e-05 1.000000000000000021e-08 1.000000000000000021e-08 1.000000000000000021e-08 6.866158802301375699e-05 3.392277638478568972e-05
