output/water_depth_7560.asc
ncols 223
nrows 158
xllcorner 0.0
yllcorner 0.0
cellsize 30.0
[rows 0 to 16 of 158, columns 111 to 147 of 223]
1.000000100000000021e-05 1.000000100000000021e-05 1.000000100000000021e-05 1.000000100000000021e-05 1.000000100000000021e-05 1.000000100000000021e-05 1.000000100000000021e-05 1.000000100000000021e-05 1.000000100000000021e-05 1.000000100000000021e-05 1.000000100000000021e-05 1.000000100000000021e-05 1.000000100000000021e-05 1.000000100000000021e-05 1.000000100000000021e-05 1.000000100000000021e-05 1.000000100000000021e-05 1.000000100000000021e-05 1.000000100000000021e-05 1.000000100000000021e-05 1.000000100000000021e-05 1.000000100000000021e-05 1.000000100000000021e-05 1.000000100000000021e-05 1.000000100000000021e-05 1.000000100000000021e-05 1.000000100000000021e-05 1.000000100000000021e-05 1.000000100000000021e-05 1.000000100000000021e-05 1.000000100000000021e-05 1.000000100000000021e-05 1.000000100000000021e-05 1.000000100000000021e-05 1.000000100000000021e-05 1.000000100000000021e-05 1.000000100000000021e-05
1.000000100000000021e-05 1.000000100000000021e-05 1.000000100000000021e-05 1.000000100000000021e-05 1.000000100000000021e-05 1.000000100000000021e-05 1.000000100000000021e-05 1.000000100000000021e-05 1.000000100000000021e-05 1.000000100000000021e-05 1.000000100000000021e-05 1.000000100000000021e-05 1.000000100000000021e-05 1.000000100000000021e-05 1.000000100000000021e-05 1.000000100000000021e-05 1.000000100000000021e-05 1.000000100000000021e-05 1.000000100000000021e-05 1.000000100000000021e-05 1.000000100000000021e-05 1.000000100000000021e-05 1.000000100000000021e-05 1.000000100000000021e-05 1.000000100000000021e-05 1.000000100000000021e-05 1.000000100000000021e-05 1.000000100000000021e-05 1.000000100000000021e-05 1.000000100000000021e-05 1.000000100000000021e-05 1.000000100000000021e-05 1.000000100000000021e-05 1.000000100000000021e-05 1.000000100000000021e-05 1.000000100000000021e-05 1.000000100000000021e-05
1.000000100000000021e-05 1.000000100000000021e-05 1.000000100000000021e-05 1.000000100000000021e-05 1.000000100000000021e-05 1.000000100000000021e-05 1.000000100000000021e-05 1.000000100000000021e-05 1.000000100000000021e-05 1.000000100000000021e-05 1.000000100000000021e-05 1.000000100000000021e-05 1.000000100000000021e-05 1.000000100000000021e-05 1.000000100000000021e-05 1.000000100000000021e-05 1.000000100000000021e-05 1.000000100000000021e-05 1.000000000000000021e-08 1.000000000000000021e-08 1.000000000000000021e-08 1.241594282425051118e-05 5.232259225317545392e-03 1.000000100000000021e-05 1.000000100000000021e-05 1.000000100000000021e-05 1.000000100000000021e-05 1.000000100000000021e-05 1.000000100000000021e-05 6.650041071067173395e-05 4.868595306734035852e-05 5.000535258708113380e-05 3.156640509771583181e-05 1.000000100000000021e-05 1.000000100000000021e-05 1.000000100000000021e-05 1.000000100000000021e-05
1.279378083342469551e-04 1.551699675559854231e-04 1.811529972302404587e-04 1.417076895991244980e-04 1.048671009191018893e-04 7.965234446666080497e-05 6.388354571267362901e-05 4.297967112971597928e-05 3.833181943811092904e-05 1.032102778424599728e-04 1.469484172435559118e-04 1.205145019116488038e-04 1.399651611838019613e-04 1.820705744447523148e-04 2.072273092653174702e-04 2.357919354842986470e-04 1.731240426679956333e-04 1.293883779257023721e-04 9.286290829898897971e-05 6.438925465404587989e-05 1.086449724022307161e-04 6.505528258074642391e-03 4.659574103745332298e-03 5.373870374796464039e-04 2.784095173967407097e-04 3.001992654156995267e-04 5.897529092290140741e-05 1.000000000000000021e-08 1.000000000000000021e-08 1.170326905238992099e-04 5.483715946010955588e-05 3.023869243970548278e-05 2.644671096819114014e-05 2.286724733533568727e-05 1.000000000000000021e-08 1.000000100000000021e-05 1.000000100000000021e-05
1.000000000000000021e-08 1.000000000000000021e-08 1.116221700266037578e-05 8.861346051145432812e-05 9.704408724094295950e-05 1.564388947484403054e-04 1.305151579635591098e-04 1.022287522305220510e-04 1.422954249432094645e-04 2.414217360132509340e-04 2.854582825990186661e-04 1.518498064584843457e-04 1.284234785644295263e-04 1.665760874314648041e-04 1.928095726488052500e-04 1.447163717041344874e-04 2.143845165633185136e-04 2.888938930887742398e-04 3.768530041100219660e-04 4.773739104569722498e-04 5.279236845676181077e-04 4.564403859899542060e-04 5.705973555367020202e-04 5.651281581196633324e-04 5.832261877193445744e-04 6.272571732757100662e-04 1.155547918871944882e-04 1.443198048658400952e-05 1.910070791865438130e-05 1.677874056923429446e-04 4.642621012386147217e-05 2.996391196621706570e-05 1.000000000000000021e-08 1.000000000000000021e-08 1.000000000000000021e-08 2.434870323025052226e-05 1.448880321840544557e-05
1.000000000000000021e-08 1.000000000000000021e-08 1.300632977362122730e-05 7.858108330089984088e-05 8.815178858404896221e-05 9.530166944410959067e-05 1.957879702013972766e-04 1.967698882781192856e-04 2.239745605006901528e-04 1.000000000000000021e-08 1.000000000000000021e-08 1.009561976408915681e-04 1.131568875504166376e-04 8.569979785999892860e-05 6.038196594658254402e-05 1.017376740729412145e-04 7.329032816122755991e-05 5.512980481942722825e-05 4.389575381398182891e-05 1.000000000000000021e-08 9.997576712188144330e-05 4.079377339209460784e-04 1.654127595099162684e-03 2.778436092660615739e-03 1.580880922603186125e-03 1.491351705485146131e-03 1.530544612909382970e-03 1.800977529689740304e-04 4.325593366126156600e-04 2.103732842144861743e-03 4.684689361693797300e-05 1.748413741854165472e-05 1.958106671258456790e-05 2.229660638544356138e-05 2.272855841183401529e-05 2.276093941167751537e-05 2.267904241834480802e-05
1.304058017337334343e-04 1.242165943246346363e-04 1.161755813132159661e-04 1.337000876874982374e-04 1.000000000000000021e-08 1.000000000000000021e-08 2.527115524171629778e-05 2.583185938462524483e-04 1.887899019982619954e-04 1.627539688397752434e-04 1.007600929650061267e-04 1.897639871531915656e-04 8.290835597629576286e-05 8.327246895053351430e-05 8.031597244208243112e-05 1.160470566441069621e-04 2.566967441315628866e-03 2.885318429324040725e-04 1.000000000000000021e-08 1.000000000000000021e-08 1.549431881359681186e-04 2.052591752062803837e-03 1.573121865818755474e-03 1.155336876823011847e-03 2.786684783322525977e-03 3.459864881444064868e-03 4.097850107097560091e-03 4.130031802781790849e-03 1.749326523385487733e-02 2.530546942614859810e-04 9.283899205716568588e-05 4.029208714035709761e-05 4.469684487369043180e-05 3.513968612191337761e-05 2.991043285878298999e-05 2.561639496900764779e-05 1.480456166077166813e-05
1.000000000000000021e-08 1.000000000000000021e-08 7.029415172712869247e-05 1.000000000000000021e-08 1.000000000000000021e-08 1.000000000000000021e-08 1.000000000000000021e-08 1.000000000000000021e-08 1.000000000000000021e-08 1.000000000000000021e-08 7.359654966987724627e-05 3.490977738407468885e-04 3.164938395429498018e-04 8.774313885721250197e-04 1.424717777471753684e-03 1.617534295890048473e-03 1.774639185234815715e-03 9.438430135822090811e-03 1.318165466356424013e-03 9.451279113631530547e-04 1.417995784244822964e-03 2.518324439314770496e-03 3.099436904191882076e-04 2.098830175517436781e-04 1.697574793672651018e-04 1.268148258493333863e-04 1.034253860688048887e-04 7.756385101861020676e-04 4.012746690004878949e-03 6.081117807420054894e-04 2.921499380305518111e-05 3.196622069515180190e-05 1.000000000000000021e-08 1.000000000000000021e-08 1.000000000000000021e-08 1.000000000000000021e-08 1.000000000000000021e-08
1.000000000000000021e-08 9.107142397961294272e-05 1.217666117488347074e-04 2.784874176585258251e-04 2.028210823492879807e-04 1.404436678221403581e-04 1.000000000000000021e-08 1.000000000000000021e-08 1.000000000000000021e-08 1.000000000000000021e-08 8.923167546873549127e-04 1.129521969655789340e-03 1.014161802197976634e-03 8.759639331311260815e-04 5.584259160002475299e-04 3.448291664313613697e-04 2.146563165886702636e-04 1.649724537884046584e-04 1.153188236735179940e-03 1.468617022494340127e-03 1.100715435102993288e-03 1.479319383652422971e-03 2.006349074525246262e-04 1.075978166795643409e-04 1.000000000000000021e-08 1.000000000000000021e-08 1.000000000000000021e-08 7.772309363175001877e-05 2.841791762334882916e-03 2.590033798785073508e-03 2.435394518927296167e-05 1.000000000000000021e-08 1.000000000000000021e-08 1.000000000000000021e-08 1.000000000000000021e-08 1.000000000000000021e-08 1.000000000000000021e-08
1.204688276310995307e-04 9.782205879191361133e-05 1.303147452772719975e-04 1.114577190186008304e-04 1.874689707414179285e-04 1.476016836228113255e-04 8.655873252289700216e-05 6.937581407089894031e-05 4.611991558003416224e-05 9.606862828356218229e-05 4.623013877271383611e-03 5.631356747967657551e-04 3.838667012474737314e-04 2.256783100854210886e-04 1.982083478660061121e-04 8.969152291641086156e-05 4.949957612761899544e-05 1.000000000000000021e-08 1.000000000000000021e-08 1.000000000000000021e-08 2.015596202575530818e-05 1.000000000000000021e-08 1.000000000000000021e-08 7.978581228843135140e-05 7.426640783751503128e-05 5.165156829313496657e-05 4.062074277729350305e-05 6.324402122866542479e-05 2.919836754986485528e-03 2.702056091476901564e-03 1.000000000000000021e-08 1.000000000000000021e-08 1.000000000000000021e-08 1.000000000000000021e-08 1.000000000000000021e-08 1.000000000000000021e-08 1.000000000000000021e-08
1.000000000000000021e-08 1.000000000000000021e-08 1.000000000000000021e-08 1.000000000000000021e-08 1.575837438540823735e-04 3.842099671530175512e-04 4.629626906006859346e-04 3.344468519980845671e-04 2.700197913875082914e-04 5.810296905609468009e-04 1.129068132654608651e-03 1.000000000000000021e-08 1.171120647089305792e-05 1.681272548007756035e-05 1.836403882395883428e-05 1.173834649735956996e-03 1.000000000000000021e-08 1.000000000000000021e-08 1.000000000000000021e-08 1.000000000000000021e-08 1.130227651423282767e-05 1.347291095584961834e-05 1.333562914452411827e-05 5.985875407079758640e-05 8.879680202845499659e-05 7.367477485367498352e-05 5.478055671265369934e-05 1.000000000000000021e-08 2.997489996166144682e-03 2.813980684635064566e-03 1.000000000000000021e-08 1.000000000000000021e-08 1.000000000000000021e-08 1.000000000000000021e-08 1.000000000000000021e-08 1.000000000000000021e-08 1.000000000000000021e-08
1.105359316298460472e-04 1.237532297021292987e-04 1.435031857417165611e-04 1.603953460104105616e-04 2.057828144529370341e-04 4.811385705659312938e-04 5.334067919148879899e-04 2.933944983495587666e-04 3.922393024581627462e-04 4.096264810908080444e-04 5.629037860785777872e-04 1.052351734021669247e-04 1.000000000000000021e-08 1.000000000000000021e-08 1.000000000000000021e-08 1.000000000000000021e-08 1.000000000000000021e-08 1.000000000000000021e-08 1.000000000000000021e-08 1.449861812415409612e-05 2.078260247862004820e-05 1.000000000000000021e-08 1.313056956157011599e-05 5.016213386750232071e-05 7.894748185592965681e-05 8.186116916878486392e-05 7.496984759728601150e-05 6.979844322546080741e-05 3.083027983215625139e-03 2.928795504001194608e-03 1.347604170462928862e-05 1.000000000000000021e-08 1.000000000000000021e-08 1.000000000000000021e-08 1.000000000000000021e-08 1.000000000000000021e-08 1.000000000000000021e-08
1.607559678218453995e-04 1.729347925428524125e-04 1.947424161648073407e-04 1.684417415834477485e-04 3.492354183039259887e-04 2.713932236433544139e-04 3.108373452506026351e-04 2.881485947759104957e-04 3.482540100260193383e-04 4.043815393385454936e-04 3.402194327743011536e-04 2.060524610102498842e-04 1.232370326615589765e-04 6.331492162821322376e-05 4.258292512307538841e-05 4.076710294022922130e-05 1.000000000000000021e-08 1.000000000000000021e-08 1.000000000000000021e-08 1.343829371106294333e-05 1.000000000000000021e-08 1.000000000000000021e-08 1.000000000000000021e-08 5.359115375226366297e-05 7.716073258069581272e-05 9.134943365497661565e-05 1.112001830694529136e-04 2.177580469845755162e-04 3.842413439339778351e-03 3.719143788482334387e-03 1.000000000000000021e-08 1.000000000000000021e-08 1.000000000000000021e-08 1.000000000000000021e-08 1.000000000000000021e-08 1.000000000000000021e-08 1.000000000000000021e-08
1.319342164046283217e-04 1.801913627024287294e-04 1.493618042077283332e-04 3.711984907336626826e-04 2.657779985024160308e-04 3.251285365323098946e-04 3.188386577576842015e-04 4.326534744212396722e-04 5.391335590158271348e-04 3.849501025667990267e-04 2.680763043770277728e-04 2.820559037731390321e-04 2.125259726419178555e-04 1.000000000000000021e-08 3.501332417009431718e-05 3.050400066830455151e-05 2.009260421816811356e-05 1.000000000000000021e-08 1.000000000000000021e-08 1.000000000000000021e-08 1.000000000000000021e-08 1.000000000000000021e-08 1.000000000000000021e-08 5.651321433955288725e-05 1.585330752019517868e-03 1.144948027113088456e-04 1.243777542145682190e-04 1.731548235362297594e-04 4.093248623089551508e-02 4.255811172843117912e-02 4.223105590923938862e-02 9.599038883637815592e-05 1.000000000000000021e-08 1.000000000000000021e-08 1.000000000000000021e-08 1.000000000000000021e-08 1.000000000000000021e-08
1.288158898972367435e-04 1.123279870336307151e-04 2.177434257882099528e-04 2.266749409644701926e-04 1.000000000000000021e-08 1.000000000000000021e-08 2.524978876851168241e-05 9.254936362669793676e-05 7.813401350219589694e-05 8.204704371461598840e-05 1.892820734910718788e-04 2.783424514754225844e-04 1.974765629283774533e-05 1.000000000000000021e-08 2.071066587238281956e-05 1.000000000000000021e-08 2.492380445504537205e-05 1.496396737130614112e-05 1.000000000000000021e-08 1.000000000000000021e-08 1.000000000000000021e-08 1.000000000000000021e-08 5.179439825397012494e-05 6.738999213734382589e-05 1.000000000000000021e-08 8.495144197164051299e-05 1.000000000000000021e-08 2.366111386983716644e-05 3.938699406770862499e-02 4.224748468391634898e-02 4.202007073996793379e-02 6.545682423273540499e-04 8.506433441481572855e-05 1.548432835085653396e-05 1.000000000000000021e-08 1.000000000000000021e-08 1.000000000000000021e-08
4.971160882440526379e-05 4.342571957013532751e-05 4.202006719300469440e-05 4.100538950480023742e-05 1.925002279542448392e-05 1.230104222523717665e-05 1.000000000000000021e-08 1.749278728892529042e-05 1.296554373062197949e-05 1.060652575733775794e-05 1.795425044574423541e-04 3.543373362739755494e-04 5.011672115146503662e-04 4.018619286742387939e-04 7.766894802067764733e-04 9.000117805089143759e-04 7.705826729277284216e-04 5.420851972621077829e-04 3.585218394610789291e-04 1.395782344888770300e-04 2.801123531298960361e-05 2.263564448188300099e-05 4.355591218238658366e-05 6.093106146226786175e-05 5.318833664748470947e-05 6.724629139612015071e-05 1.000000000000000021e-08 1.710066926355358559e-05 3.020413992653224119e-02 4.496652372081084872e-04 5.098748164431374935e-04 6.997395914886917964e-04 1.000261695972339557e-03 9.767250394332100717e-04 9.313292824116639872e-04 9.777442787726831151e-04 8.458078068569373437e-04
2.249753933913630437e-05 1.995799348545223951e-05 2.009880104688331850e-05 1.512095145365204143e-05 1.000000000000000021e-08 1.000000000000000021e-08 1.000000000000000021e-08 1.698636364623347633e-05 2.051672512308432063e-05 2.211605576554110354e-05 1.754943627205614084e-05 4.291189896263947955e-05 1.000000000000000021e-08 2.893549006748306917e-04 2.443554335592160631e-04 1.886492523667653595e-04 1.529214579790987179e-04 3.000874007148151591e-04 4.107575786554229329e-04 3.325936839605015760e-04 3.054348035316100545e-04 3.617503712755355274e-05 4.368928998783017071e-05 6.249930471893015498e-05 6.664959514734846845e-05 7.386792856030150128e-05 4.796455768868868996e-05 5.398986534135101316e-03 6.030923043526426053e-03 4.994227946618796785e-05 6.911071922414063285e-05 6.131706263090748194e-05 9.437858603604880033e-05 1.330889088599482626e-05 1.440916606637697580e-05 1.462991392957929041e-05 1.627591066766684801e-05
