output/water_depth_720.asc
ncols 223
nrows 158
xllcorner 0.0
yllcorner 0.0
cellsize 30.0
[rows 119 to 135 of 158, columns 74 to 110 of 223]
9.707534865295682630e-03 9.818451184067756438e-03 9.806805361980452593e-03 1.083834658059780118e-02 9.806119496655385515e-03 8.870859885549663149e-03 8.371585739072115104e-03 8.325417435965877869e-03 8.340714486788356960e-03 8.272994206603044229e-03 8.198426909924394490e-03 8.162234033519353074e-03 8.151245603115543290e-03 8.108602817435629079e-03 2.030889519938626486e-02 6.464554824753816764e-02 2.969974099495258785e-02 1.425801215503591513e-02 8.271457184602259982e-03 1.285244414626019079e-02 5.828235013586176641e-03 7.420914305029074724e-03 9.055654669813093666e-03 9.622954893332945348e-03 1.254898495270347948e-02 9.257755435176958161e-03 8.417949406656277320e-03 7.888049576484633743e-03 8.874039262307011414e-03 9.271960702547887151e-03 9.638709213171326590e-03 9.810493752805569609e-03 9.804865769895998798e-03 9.704540332980774245e-03 2.194669703292110446e-02 3.609250173170360648e-02 3.953525788137743358e-02
9.544425647467080429e-03 9.618416660699525764e-03 9.498750204541953068e-03 1.203633138523722314e-02 8.807751111211051601e-03 7.262414860482323438e-03 6.391279604061793351e-03 6.214073891108940623e-03 6.123090263948624545e-03 5.955843033128558651e-03 5.825008818586441262e-03 5.754078052299094886e-03 5.740209811832330117e-03 5.335921776387378412e-03 5.259306207911806745e-03 5.552297863626815336e-03 1.535738937085811585e-02 3.075814183565264703e-02 3.877130904850283749e-02 3.150435350943987800e-02 8.093653968282784814e-03 8.244320287462685026e-03 8.445720540617445218e-03 9.454614355475798176e-03 1.080871747693302500e-02 9.886232438687816981e-03 9.428709779452702430e-03 8.823512186730598367e-03 9.057513456021780776e-03 9.462569426963031438e-03 9.732133480550625784e-03 2.285805945004413045e-02 3.871478751046519146e-02 4.477555286615236829e-02 3.395464532290431992e-02 1.810862115938428191e-02 1.073858840644200709e-02
9.321157770258227046e-03 9.091780552201753768e-03 8.314655506277761690e-03 1.454727026123452290e-02 4.873110203045712130e-03 4.516593632088179711e-03 3.516482713304211298e-03 3.268456792107488854e-03 2.994091581479309521e-03 2.755672177655215868e-03 2.611604515834853573e-03 2.529887243471770283e-03 2.534770910320050669e-03 2.516578459101853106e-03 2.362008550514983068e-03 3.494073910996144724e-03 3.059140895865159089e-03 6.863535179521504902e-03 8.356670416780032432e-03 3.846123507972473016e-02 4.136737049010074524e-02 4.390296308099125161e-02 4.654866394578996425e-02 4.802222052188293011e-02 4.828378808536720745e-02 5.047327656223709463e-02 4.718836755417536027e-02 4.504575373928994958e-02 4.544546436316843768e-02 4.681529405091490459e-02 4.741209986298920709e-02 3.461411248076588787e-02 1.882846142455812596e-02 1.276616011753824859e-02 1.065204111767664719e-02 8.181136316149851401e-03 5.619584045245211608e-03
8.662495672191225515e-03 7.785281120717199924e-03 6.766903292858415797e-03 6.095364661377727575e-03 5.437884965796907326e-03 2.573128162880085768e-03 1.726597687904479327e-03 1.201024565103851272e-03 1.120345335949495024e-03 7.524451767140826267e-04 1.016558669405772221e-03 7.416101849915669557e-04 7.955036418387094899e-04 4.096574959947259231e-03 7.932088981691141905e-03 3.395409458970974348e-03 2.194220412375066584e-03 9.866392100137396509e-03 1.015605420933164346e-02 9.609816242103564818e-03 9.581230174929745644e-03 1.167065276607311824e-02 1.202850230655124440e-02 1.207441898380560291e-02 9.936300927923668799e-03 1.344718848561890674e-02 7.559403307488254606e-03 6.184965900441086011e-03 7.684974406407268747e-03 8.603641828914354237e-03 9.366103560190398164e-03 9.363138826832737710e-03 9.326857721392602801e-03 9.321244788073754922e-03 9.522932642135406925e-03 6.129538046781424568e-03 2.838759499226079473e-03
6.911908204013825392e-03 5.347322851423592059e-03 3.746470758251223103e-03 2.907965298190106490e-03 2.693912383641011016e-03 3.303486852989274275e-03 2.994637498173251429e-03 2.538651509825974248e-03 2.570720664383345944e-03 2.815462887298468986e-03 2.390021076433694863e-03 2.414542812853050918e-03 2.472259166471701963e-03 1.814560131197818669e-03 1.448705231435245058e-02 2.505211407249379602e-02 3.022997214147090869e-02 2.083173510771624617e-02 1.220107900101860023e-02 9.730076406125161975e-03 9.460539488767181690e-03 1.521429182197019808e-02 1.488448130897588977e-02 1.416686131668351036e-02 8.510356254131266548e-03 1.627081210787214086e-02 1.712336789336016971e-03 3.624880469977431133e-03 6.443027363039279670e-03 8.556430834581563866e-03 8.780366680942763499e-03 8.584820542804235538e-03 8.285040619406143156e-03 8.141075706119894548e-03 7.925581262326484439e-03 1.431980830610263961e-02 1.582001863283623647e-02
4.044553880898557434e-03 2.124881375531641713e-03 1.520568033960185061e-03 8.446905749287642561e-04 7.187256698169569189e-04 2.835917695256956906e-03 4.200967598530689316e-03 4.522091311289296207e-03 4.668614930813220522e-03 5.197960328648622806e-03 5.161011155185162534e-03 5.221063780589664700e-03 5.459834750910834596e-03 2.606040330698334434e-02 1.656079272973650512e-02 1.134485628020550675e-02 1.081902782091995543e-02 1.588562027644446761e-02 5.904560424307577458e-03 7.882235868040456811e-03 9.037539994445549160e-03 2.410110418419871350e-02 1.844516987394051455e-02 1.547671784154547314e-02 2.750271750718482917e-03 4.345857261767724529e-03 2.018900280060256791e-03 4.758175870402324772e-03 7.427563444783606521e-03 8.923965412790068469e-03 7.950261380650348181e-03 7.228208487852981826e-03 6.373095802913241598e-03 5.870214485260960222e-03 5.704842928010774895e-03 6.868708281022766100e-03 1.367854016917564343e-02
1.683350539604429189e-03 2.539582827776584121e-03 2.255529490602458005e-03 2.477943860973398291e-03 2.391402903268382337e-03 4.141146460406060562e-03 6.138375815802221518e-03 7.012053044430586676e-03 1.685602280819754883e-02 2.271838231409957498e-02 3.824908103149430444e-02 4.755993288425409277e-02 5.132531313931196215e-02 2.502520902861172722e-02 1.145354890575939373e-02 7.733898843647266097e-03 1.065125702073922188e-02 8.269800790045361491e-03 8.933151858237613208e-03 9.190482049901702380e-03 9.609931026837815332e-03 2.475025265629059515e-02 2.069460572571124243e-02 1.151423120749400786e-02 2.477027686450349389e-03 1.266949743511756356e-03 3.314743482120193797e-03 6.155820858733506394e-03 7.912717547090806353e-03 8.961876096312638984e-03 6.094259781236414410e-03 5.586542433256550325e-03 3.695101988159179597e-03 2.920876373684707077e-03 2.548781816922725176e-03 4.227980618113356612e-03 4.143568204628722204e-03
1.838372271512069998e-03 2.779177145704285305e-03 4.084436289299963642e-03 4.933334270497587160e-03 5.538498702511362656e-03 6.677786497251447274e-03 7.941139543648690138e-03 8.644689169826535319e-03 2.264030156020125500e-02 2.595039646912458003e-02 1.998095338061242274e-02 2.071540953096112636e-02 1.832959757021934699e-02 7.550072376057512941e-03 1.832463127355165797e-03 4.093346782201345672e-03 1.270456472804470417e-02 5.794658753756336267e-03 8.057338512556754678e-03 9.160932818289013041e-03 9.646100047697045432e-03 2.467187228408496136e-02 2.541468040007266796e-02 3.862182161465846798e-03 1.774967929598587251e-03 1.343109330145887508e-03 4.239330883502801656e-03 6.296883852004188202e-03 7.313042039762451645e-03 8.426660551398101537e-03 1.539543035702081730e-02 5.323510878155818943e-03 2.493039812067682041e-03 1.328556760949583995e-03 1.112698596877478288e-03 3.648685817353315708e-03 1.255625726531460311e-02
3.622172558574286542e-03 5.361716322689548571e-03 6.783687424589090499e-03 7.638642705872853399e-03 8.002594526927650845e-03 8.543702501568562965e-03 3.476811964859147230e-02 4.700199331149046422e-02 2.350966460683915488e-02 1.330560922100042232e-02 1.992668348487635493e-02 2.641953178525206086e-02 3.983836659502746833e-03 1.494302920820728998e-03 2.880618662908878552e-03 5.392712496161883307e-03 7.977232061906334992e-03 9.251333013738557640e-03 9.731710006266013069e-03 9.873832525303017152e-03 9.907094071089460677e-03 1.938930476220187063e-02 2.792934087403544166e-02 3.121112889250344039e-03 1.173716931950788238e-03 2.389705474058087704e-03 5.084979425713292631e-03 5.633308226299611927e-03 5.965385002749400666e-03 7.900685716625534261e-03 9.107868200711462942e-03 2.267924138559159267e-02 2.928530880737931219e-02 1.350238521092662555e-02 6.771716782720853083e-03 6.843181608451955750e-03 1.023484446794421278e-02
6.523074591708364831e-03 7.701563615531566501e-03 1.827157155681908424e-02 3.470934769605586029e-02 4.370694715965649235e-02 4.652852686170583923e-02 2.729463785857072500e-02 2.204366018025533114e-02 1.081237448491586400e-02 7.270894356800936854e-03 2.953039520146811397e-02 5.683958787116390535e-03 3.923190144373144526e-03 1.995171826244418814e-03 4.078703615117818156e-03 6.719805831268816504e-03 8.665817975209875665e-03 9.520365918645922604e-03 9.814723480061304101e-03 9.894752677458686085e-03 9.911313582582381362e-03 3.255511697851354996e-02 9.595102985032846407e-03 3.894224894217634785e-03 2.459919343241646558e-03 2.130673442277153298e-03 7.277075140338521222e-03 5.006315363727988597e-03 4.528369845868401335e-03 8.805029603839583177e-03 9.803341491245679690e-03 9.933890778105275432e-03 9.924197789799594702e-03 2.856035988305260023e-02 2.546301554524680114e-02 2.558421523664875311e-02 1.609997742173939830e-02
8.601181650586596159e-03 8.700923211956543626e-03 2.299253308456468761e-02 1.529882565767687157e-02 1.379482296918788792e-02 1.085369248888448830e-02 1.837148717479943419e-02 2.527642039245481254e-02 3.339007071737870157e-03 4.142926476038274672e-03 1.441739049570170406e-02 5.717482774411713001e-03 5.379828421252507396e-03 3.374406447699626003e-03 6.492455047105628700e-03 8.321147965974461103e-03 9.342541432700754780e-03 9.737887798322419214e-03 9.869666404878019161e-03 9.905113898033533065e-03 9.912680851387932479e-03 1.748739468482169226e-02 1.539023887338372872e-02 5.404778090132293829e-03 5.070311919807349299e-03 1.294200949356646979e-02 1.135217044241792865e-02 1.156982587289694109e-02 1.817421004667680098e-02 1.366536630551630320e-02 1.137818265582021121e-02 1.039762086378098575e-02 1.004732909680890879e-02 9.944310346130377440e-03 2.055587271001289157e-02 1.431148271606937777e-02 1.071326347044626766e-02
4.478658372666680793e-02 5.469983890583055702e-02 2.392690040945447821e-02 1.236399190914519962e-02 1.465720764220671511e-02 8.463706156433157754e-03 6.772726806368413628e-03 3.066327163048366763e-02 7.390028212964286705e-03 2.894710428083990990e-03 2.570813410662137893e-03 3.825313426153535961e-03 6.499768292388356100e-03 8.582632728841202430e-03 9.432191888875906399e-03 9.789554639276987907e-03 9.882113276247338901e-03 9.908142097204770266e-03 9.913279418409304267e-03 9.914798196526618604e-03 9.914084402892995099e-03 9.913738029839377561e-03 9.913965000790567542e-03 9.914125131339034461e-03 9.914159851663070441e-03 9.914162603020970632e-03 9.914162609569331444e-03 1.671375330397053757e-02 1.287595040297085866e-02 1.107551203602591058e-02 1.031143875610135256e-02 1.002965417108819639e-02 9.941946466445670400e-03 9.919535009688416893e-03 9.914970582015970521e-03 9.914253282143846088e-03 7.901352686152251711e-03
1.634286945066699623e-02 2.147849057588231692e-02 4.606637655712999754e-03 5.371869663270788589e-03 1.652595423179830519e-02 2.663910288736536652e-03 2.063108694384278071e-03 1.908305870937405252e-02 1.054233326570148607e-02 2.308838674791203072e-03 3.809704147637036405e-03 6.361563014707258615e-03 8.414163012306317968e-03 9.386395712348101147e-03 9.761342761461067052e-03 9.878502265322395073e-03 9.907578718260564091e-03 9.913222382814211933e-03 9.914054730992149025e-03 9.919014536747934596e-03 9.914427006909620407e-03 9.911350510477433956e-03 9.912400372134953092e-03 9.913678067490338391e-03 9.914096055248164396e-03 9.914158747172708425e-03 9.914162601975052072e-03 9.914162609614802016e-03 9.914162609523855668e-03 9.914162282469560564e-03 9.914162517528466931e-03 9.914162609069108317e-03 9.914162609614803751e-03 9.914162609523855668e-03 9.914162609523855668e-03 9.914162609523855668e-03 5.573260587076787377e-03
8.063274379518321766e-03 5.498755297819241626e-03 1.131614555044125475e-02 4.111239452886732496e-03 6.019527075309100313e-03 1.805952189868337840e-03 3.420164474505384480e-03 5.672703523969335228e-03 1.825760405145554141e-02 3.759482328526375563e-03 6.622417768153761319e-03 8.494095801355372802e-03 9.384312311370679796e-03 9.745380087436873381e-03 9.869906118031877146e-03 9.904740158739090000e-03 9.912546522203713809e-03 9.913952842028748991e-03 9.914051834251525613e-03 9.939268992487570661e-03 9.918134220637085316e-03 9.900364871494761812e-03 9.903409118518113896e-03 9.910360634906766053e-03 9.913414652176953668e-03 9.914081953441867059e-03 9.914158728982814389e-03 9.914162602839072733e-03 9.914162609614802016e-03 9.914156338103139593e-03 9.914159348121329152e-03 9.914162149410486388e-03 9.914162607795816082e-03 9.914162609614803751e-03 9.914162609523855668e-03 9.914162609523855668e-03 1.079267823083299854e-02
9.411579361798006263e-03 8.502125726894092794e-03 6.856449036634812075e-03 4.430492331573450404e-03 3.008883051962413929e-03 2.296286036180347594e-03 4.082022328466668182e-03 5.622672242233527073e-03 8.036567518077871938e-03 9.259696081001975512e-03 9.714218447273681792e-03 9.849888960191975629e-03 9.885880427676541418e-03 9.900654279530076221e-03 9.908669911904807032e-03 9.910982987488325957e-03 9.912322921567037412e-03 9.913542625994099453e-03 9.913241355055588816e-03 1.001824252792497122e-02 9.934692416603441156e-03 9.861103799843052437e-03 9.866844485198752318e-03 9.894308250689877807e-03 9.909201152671383642e-03 9.913399686714480241e-03 9.914094052086085476e-03 9.914159646390119027e-03 9.914162604157839009e-03 9.914086458942194049e-03 9.914106502386429987e-03 9.914147979346608908e-03 9.914161229229221869e-03 9.914162605476603551e-03 9.914162609614803751e-03 9.914162609523855668e-03 1.665695495111156610e-02
8.948643887682496134e-03 7.708028063037572139e-03 5.870018078015650648e-03 3.894316242131212746e-03 2.358196326795299058e-03 5.008843292453081519e-03 3.606481415169813382e-03 6.352822976186989906e-03 8.402470493941592913e-03 9.306635460992340389e-03 9.645757643769259718e-03 9.746749125164145405e-03 9.787203005756538871e-03 9.834574574718799034e-03 9.874951831746815387e-03 9.890201586525589755e-03 9.899125389377814652e-03 9.907885693458892695e-03 9.907359262736949515e-03 1.026910150215692812e-02 9.967705152879289404e-03 9.744831474411999941e-03 9.759377952135337222e-03 9.842500315820443268e-03 9.893128398046912436e-03 9.910061024887482223e-03 9.913625741622609372e-03 9.914115001659893830e-03 9.914160098681833524e-03 9.913512594206197459e-03 9.913560011758391216e-03 9.913939841074834863e-03 9.914123732354283500e-03 9.914159832381782070e-03 9.914162602839069263e-03 9.914162609569329709e-03 9.914162609523855668e-03
8.185767912649254824e-03 6.644914715373971895e-03 4.850015559926332785e-03 3.670506588181098040e-03 3.531038765982088753e-03 3.662991145529082698e-03 5.181066160208241435e-03 7.429681910192382881e-03 8.663551861476234336e-03 9.143800179693727451e-03 9.299873864195916384e-03 9.337087071101932492e-03 9.398835072200680679e-03 9.556870799891415552e-03 9.714477746941639624e-03 9.783064704455257318e-03 9.826230471420357646e-03 9.871590562610010194e-03 9.874697937660612337e-03 1.093094873552539169e-02 9.911592943384252979e-03 9.446399237579979416e-03 9.533537652290331038e-03 9.734678564503638359e-03 9.856248215086023390e-03 9.900757458156961635e-03 9.911749473334140192e-03 9.913764359347196353e-03 9.914105431319996525e-03 9.910026615201360939e-03 9.909695208701604224e-03 9.912082535705421873e-03 9.913646989146882374e-03 9.914094052177035293e-03 9.914158543127571735e-03 9.914162583967054201e-03 9.914162592561779827e-03
