output/water_depth_9840.asc
ncols 223
nrows 158
xllcorner 0.0
yllcorner 0.0
cellsize 30.0
[rows 0 to 16 of 158, columns 111 to 147 of 223]
1.000000100000000021e-05 1.000000100000000021e-05 1.000000100000000021e-05 1.000000100000000021e-05 1.000000100000000021e-05 1.000000100000000021e-05 1.000000100000000021e-05 1.000000100000000021e-05 1.000000100000000021e-05 1.000000100000000021e-05 1.000000100000000021e-05 1.000000100000000021e-05 1.000000100000000021e-05 1.000000100000000021e-05 1.000000100000000021e-05 1.000000100000000021e-05 1.000000100000000021e-05 1.000000100000000021e-05 1.000000100000000021e-05 1.000000100000000021e-05 1.000000100000000021e-05 1.000000100000000021e-05 1.000000100000000021e-05 1.000000100000000021e-05 1.000000100000000021e-05 1.000000100000000021e-05 1.000000100000000021e-05 1.000000100000000021e-05 1.000000100000000021e-05 1.000000100000000021e-05 1.000000100000000021e-05 1.000000100000000021e-05 1.000000100000000021e-05 1.000000100000000021e-05 1.000000100000000021e-05 1.000000100000000021e-05 1.000000100000000021e-05
1.000000100000000021e-05 1.000000100000000021e-05 1.000000100000000021e-05 1.000000100000000021e-05 1.000000100000000021e-05 1.000000100000000021e-05 1.000000100000000021e-05 1.000000100000000021e-05 1.000000100000000021e-05 1.000000100000000021e-05 1.000000100000000021e-05 1.000000100000000021e-05 1.000000100000000021e-05 1.000000100000000021e-05 1.000000100000000021e-05 1.000000100000000021e-05 1.000000100000000021e-05 1.000000100000000021e-05 1.000000100000000021e-05 1.000000100000000021e-05 1.000000100000000021e-05 1.000000100000000021e-05 1.000000100000000021e-05 1.000000100000000021e-05 1.000000100000000021e-05 1.000000100000000021e-05 1.000000100000000021e-05 1.000000100000000021e-05 1.000000100000000021e-05 1.000000100000000021e-05 1.000000100000000021e-05 1.000000100000000021e-05 1.000000100000000021e-05 1.000000100000000021e-05 1.000000100000000021e-05 1.000000100000000021e-05 1.000000100000000021e-05
1.000000100000000021e-05 1.000000100000000021e-05 1.000000100000000021e-05 1.000000100000000021e-05 1.000000100000000021e-05 1.000000100000000021e-05 1.000000100000000021e-05 1.000000100000000021e-05 1.000000100000000021e-05 1.000000100000000021e-05 1.000000100000000021e-05 1.000000100000000021e-05 1.000000100000000021e-05 1.000000100000000021e-05 1.000000100000000021e-05 1.000000100000000021e-05 1.000000100000000021e-05 1.000000100000000021e-05 1.000000000000000021e-08 1.000000000000000021e-08 1.000000000000000021e-08 1.000000000000000021e-08 3.918681142758288945e-03 1.000000100000000021e-05 1.000000100000000021e-05 1.000000100000000021e-05 1.000000100000000021e-05 1.000000100000000021e-05 1.000000100000000021e-05 4.482134474684197118e-05 2.666032869367845152e-05 2.985043078913065260e-05 1.925575400416821222e-05 1.000000100000000021e-05 1.000000100000000021e-05 1.000000100000000021e-05 1.000000100000000021e-05
7.967943814954174791e-05 9.681121576686870563e-05 1.135582584554555095e-04 8.625696782200097633e-05 6.327368675335382604e-05 4.958363297941070362e-05 4.049234431854239189e-05 2.784421607471203688e-05 2.483808465851791944e-05 6.601370359513513645e-05 9.303871477283064432e-05 7.520406126302525880e-05 8.750344203778860771e-05 1.126320972581717193e-04 1.308176206801746875e-04 1.490549543104477761e-04 1.048985263614170423e-04 7.933489496843140526e-05 5.743891806809976080e-05 4.037360067504615569e-05 6.498550155749489279e-05 4.732925860668603900e-03 3.444582530623249185e-03 3.657230988194260391e-04 1.868712563496800565e-04 2.008718810800621353e-04 3.743697135934857269e-05 1.000000000000000021e-08 1.000000000000000021e-08 7.161946160421376250e-05 3.698027030914202159e-05 1.715763987165322351e-05 1.443742740506682606e-05 1.135496984601095871e-05 1.000000000000000021e-08 1.000000100000000021e-05 1.000000100000000021e-05
1.000000000000000021e-08 1.000000000000000021e-08 1.000000000000000021e-08 5.735647609442873034e-05 6.297946107014715787e-05 1.010295696306353426e-04 8.399830130229034590e-05 6.562570731238336909e-05 8.966069118892559873e-05 1.548536765782805591e-04 1.833759105096881520e-04 9.508516078750471807e-05 7.609515410697819142e-05 9.975111543916033408e-05 1.192847983281185423e-04 8.638236149769653747e-05 1.386984348928252625e-04 1.845586353315052100e-04 2.388443306043479806e-04 2.941687761545742387e-04 3.278269500360113148e-04 2.531862085048110981e-04 3.782365997468506002e-04 3.755355477182564664e-04 3.530077571071000664e-04 4.167298475779435542e-04 7.358733772048548687e-05 1.000000000000000021e-08 1.000000000000000021e-08 1.007595702991027984e-04 2.778433921717791711e-05 1.839471102552509596e-05 1.000000000000000021e-08 1.000000000000000021e-08 1.000000000000000021e-08 1.220776050295552041e-05 1.000000000000000021e-08
1.000000000000000021e-08 1.000000000000000021e-08 1.000000000000000021e-08 4.725660179883206329e-05 5.742009850724022951e-05 6.156178238256952684e-05 1.258626991767534899e-04 1.196398110405990305e-04 1.388398857387331486e-04 1.000000000000000021e-08 1.000000000000000021e-08 6.362843789539666852e-05 7.280450912264164489e-05 5.394504488147334727e-05 3.808846333066704461e-05 6.692905342492035353e-05 4.780610847055400021e-05 3.513086980167169822e-05 2.760830826884581103e-05 1.000000000000000021e-08 5.175859633881708726e-05 2.268609284881518756e-04 1.066916064216763419e-03 1.764258968894800213e-03 1.008460394394465089e-03 8.992841883430676819e-04 9.229514779617143489e-04 9.979487867637608508e-05 2.770184446660696139e-04 1.519275128467708746e-03 2.741896556539390664e-05 1.077614263856873342e-05 1.228623911314198485e-05 1.409842414666817232e-05 1.445628494771425175e-05 1.383836726352726178e-05 1.365931252444270848e-05
8.142882441672806126e-05 8.060415429969760128e-05 7.153573258446466090e-05 9.264777140332168168e-05 1.000000000000000021e-08 1.000000000000000021e-08 1.689180061237349059e-05 1.706782078922193166e-04 1.290150917740252932e-04 1.089978000896006920e-04 7.217013584913422371e-05 1.352931684796432213e-04 5.282264991395611115e-05 5.324197428092335420e-05 5.180409939712159021e-05 7.333212561309274428e-05 1.809996005824945475e-03 1.835364977675172672e-04 1.000000000000000021e-08 1.000000000000000021e-08 8.330575938193799019e-05 1.363187026431128199e-03 1.021296850381312772e-03 7.017536640165781062e-04 1.767235279743582495e-03 2.136490717457295834e-03 2.577194812933257268e-03 2.563374579044063774e-03 1.222862163667289524e-02 1.465866486345468532e-04 5.916531823467546206e-05 2.508830051590899284e-05 2.795640085598463762e-05 2.193506597656569147e-05 1.806975463932946582e-05 1.387087189586080893e-05 1.000000000000000021e-08
1.000000000000000021e-08 1.000000000000000021e-08 4.776982202238235582e-05 1.000000000000000021e-08 1.000000000000000021e-08 1.000000000000000021e-08 1.000000000000000021e-08 1.000000000000000021e-08 1.000000000000000021e-08 1.000000000000000021e-08 6.316202761259931647e-05 2.715462532518831741e-04 2.425751231354899510e-04 6.879352726827683796e-04 1.077060360104198323e-03 1.227788801578584598e-03 1.325143543013126849e-03 7.216266538697849175e-03 9.176866803188328666e-04 6.312366999627878981e-04 9.109244309047439831e-04 1.684465310364364424e-03 1.747804443155781214e-04 1.198772139121669962e-04 9.451660313553108953e-05 7.020993405247785148e-05 5.536305109872731212e-05 4.449625397568816323e-04 2.458392007479605259e-03 3.390021477871532065e-04 1.918838708338212176e-05 1.980506445962921445e-05 1.000000000000000021e-08 1.000000000000000021e-08 1.000000000000000021e-08 1.000000000000000021e-08 1.000000000000000021e-08
1.000000000000000021e-08 5.866001668635083906e-05 7.708481538881191289e-05 1.787899738434997631e-04 1.306797498059489922e-04 9.590265446785124195e-05 1.000000000000000021e-08 1.000000000000000021e-08 1.000000000000000021e-08 1.000000000000000021e-08 6.658512798248074956e-04 8.571773868760290249e-04 7.769495079787549574e-04 6.259612491363030244e-04 4.278948624854200583e-04 2.718287305324997819e-04 1.710604595531155106e-04 1.187320234816661838e-04 8.045140118896256659e-04 9.615499425039222576e-04 7.230080374722289063e-04 9.987186735595373569e-04 1.088120721477534844e-04 5.955826205622590273e-05 1.000000000000000021e-08 1.000000000000000021e-08 1.000000000000000021e-08 3.673424021809810987e-05 1.770693417246168872e-03 1.504522614762120441e-03 1.459998649370061991e-05 1.000000000000000021e-08 1.000000000000000021e-08 1.000000000000000021e-08 1.000000000000000021e-08 1.000000000000000021e-08 1.000000000000000021e-08
7.520072280089709551e-05 5.869850175327998292e-05 7.826840286389471330e-05 6.606716093429407873e-05 1.281771527628765837e-04 9.521940361621545267e-05 5.439545988635968314e-05 4.326560017524161097e-05 3.378601637751587797e-05 7.523361583575595565e-05 3.613623569939672549e-03 4.219788840102467768e-04 2.909064898047945521e-04 1.697110697260203560e-04 1.482488337768817594e-04 6.231990590194892547e-05 3.430550540330860442e-05 1.000000000000000021e-08 1.000000000000000021e-08 1.000000000000000021e-08 1.130433877601887398e-05 1.000000000000000021e-08 1.000000000000000021e-08 4.442878327777124547e-05 3.957117647180527227e-05 2.991830260841639680e-05 2.230715716395049230e-05 3.259541178625247157e-05 1.806552189783314612e-03 1.564443195080805890e-03 1.000000000000000021e-08 1.000000000000000021e-08 1.000000000000000021e-08 1.000000000000000021e-08 1.000000000000000021e-08 1.000000000000000021e-08 1.000000000000000021e-08
1.000000000000000021e-08 1.000000000000000021e-08 1.000000000000000021e-08 1.000000000000000021e-08 1.014943946435928980e-04 2.474092397440002351e-04 3.029170546157190520e-04 2.201200113065785303e-04 1.787438911062845526e-04 4.027386278633097701e-04 7.679681184385171895e-04 1.000000000000000021e-08 1.000000000000000021e-08 1.000000000000000021e-08 1.000000000000000021e-08 8.978464348829464899e-04 1.000000000000000021e-08 1.000000000000000021e-08 1.000000000000000021e-08 1.000000000000000021e-08 1.000000000000000021e-08 1.000000000000000021e-08 1.000000000000000021e-08 3.279063327885169729e-05 4.772872483948694918e-05 4.288036811368106037e-05 3.159528105313531214e-05 1.000000000000000021e-08 1.883698095533135712e-03 1.681791739495808527e-03 1.000000000000000021e-08 1.000000000000000021e-08 1.000000000000000021e-08 1.000000000000000021e-08 1.000000000000000021e-08 1.000000000000000021e-08 1.000000000000000021e-08
6.664730788535032629e-05 7.556048472969125612e-05 8.837491602616079920e-05 1.004870670630688317e-04 1.286539981501092812e-04 3.126986271248834701e-04 3.488220685261503458e-04 1.853269988025835896e-04 2.549820316260060734e-04 2.745069564508989405e-04 3.727110980585007349e-04 7.097304110090562398e-05 1.000000000000000021e-08 1.000000000000000021e-08 1.000000000000000021e-08 1.000000000000000021e-08 1.000000000000000021e-08 1.000000000000000021e-08 1.000000000000000021e-08 1.000000000000000021e-08 1.000000000000000021e-08 1.000000000000000021e-08 1.000000000000000021e-08 2.732519821392142859e-05 4.438152501753322651e-05 4.756768660491960798e-05 4.230820955579796190e-05 3.966131694248950447e-05 1.880448263750957982e-03 1.683935282886272035e-03 1.000000000000000021e-08 1.000000000000000021e-08 1.000000000000000021e-08 1.000000000000000021e-08 1.000000000000000021e-08 1.000000000000000021e-08 1.000000000000000021e-08
1.015456964385046216e-04 1.068202059577079438e-04 1.191408421816067754e-04 1.010879063810580879e-04 2.169123093557863890e-04 1.614897034320831833e-04 1.853641715305093154e-04 1.720366566711588330e-04 2.107455158111551298e-04 2.470028364438269257e-04 1.909701391094863231e-04 1.242191726035239870e-04 7.747754192787531362e-05 4.485088731356339669e-05 3.441256880814137759e-05 3.597089010514727256e-05 1.000000000000000021e-08 1.000000000000000021e-08 1.000000000000000021e-08 1.000000000000000021e-08 1.000000000000000021e-08 1.000000000000000021e-08 1.000000000000000021e-08 2.936934227529158464e-05 4.272504410000928384e-05 5.180274545654810328e-05 6.072283834473897197e-05 1.282483757462691643e-04 2.444508497749155445e-03 2.252572504223069108e-03 1.000000000000000021e-08 1.000000000000000021e-08 1.000000000000000021e-08 1.000000000000000021e-08 1.000000000000000021e-08 1.000000000000000021e-08 1.000000000000000021e-08
8.255289995348557230e-05 1.148676269877645464e-04 9.348482051792578120e-05 2.344341044254506258e-04 1.636844829480393480e-04 1.968547849617991428e-04 2.005289546963930688e-04 2.773420193306149373e-04 3.353535250488278059e-04 2.302161491658772611e-04 1.583048531789682642e-04 1.633787337526369039e-04 1.294705882373373856e-04 1.000000000000000021e-08 3.665075490750617911e-05 2.353723758882769277e-05 1.375559903648936435e-05 1.000000000000000021e-08 1.000000000000000021e-08 1.000000000000000021e-08 1.000000000000000021e-08 1.000000000000000021e-08 1.000000000000000021e-08 3.895929866158475931e-05 1.167340780884602641e-03 7.854836282567586973e-05 7.727346485874737859e-05 1.108915447812470161e-04 2.952855474056604104e-02 3.034401647052018328e-02 3.022184854992641945e-02 5.451855256527968761e-05 1.000000000000000021e-08 1.000000000000000021e-08 1.000000000000000021e-08 1.000000000000000021e-08 1.000000000000000021e-08
7.753170540433855203e-05 6.783123156513485988e-05 1.384641957389724830e-04 1.365526814385637693e-04 1.000000000000000021e-08 1.000000000000000021e-08 1.703565739065798115e-05 5.190947209448104838e-05 4.109325337966452068e-05 3.920410152448613046e-05 1.071489486172108092e-04 1.613972503989488628e-04 1.193900678360250396e-05 1.000000000000000021e-08 2.656707096014769865e-05 1.000000000000000021e-08 1.548794774914329412e-05 1.000000000000000021e-08 1.000000000000000021e-08 1.000000000000000021e-08 1.000000000000000021e-08 1.000000000000000021e-08 3.036619023013198746e-05 4.161055579714082413e-05 1.000000000000000021e-08 5.582039818289326447e-05 1.000000000000000021e-08 1.361899217086852190e-05 2.838905953708957194e-02 3.013618103002831811e-02 3.009906983869837377e-02 4.089370090120301678e-04 4.798314101482398144e-05 1.000000000000000021e-08 1.000000000000000021e-08 1.000000000000000021e-08 1.000000000000000021e-08
3.054767779731318663e-05 2.741727242198905567e-05 2.647268726347381233e-05 2.478182700661729005e-05 1.272734219882127983e-05 1.000000000000000021e-08 1.000000000000000021e-08 1.000000000000000021e-08 1.000000000000000021e-08 1.000000000000000021e-08 1.024048805174144783e-04 2.033575938332965395e-04 2.799463869605372276e-04 2.292028288106936519e-04 4.722013299142904948e-04 5.514018167851390644e-04 4.685376341814862866e-04 3.251299487874094885e-04 2.140027837587090310e-04 1.398367575327334625e-04 9.175911087162481525e-05 7.689754742034162014e-05 4.260178382838024103e-05 4.093110182355202969e-05 3.072521364555716602e-05 4.396570073500793215e-05 1.000000000000000021e-08 1.000000000000000021e-08 2.175130011725587981e-02 2.671175421822302482e-04 3.427697712499075096e-04 4.571072653399662527e-04 6.413314593283585274e-04 6.299176831834834385e-04 6.062488359223779620e-04 6.599475855656807173e-04 5.477486099012484570e-04
1.400220074939882337e-05 1.243293629430366359e-05 1.275199941580221066e-05 1.000000000000000021e-08 1.000000000000000021e-08 1.000000000000000021e-08 1.000000000000000021e-08 1.000000000000000021e-08 1.000000000000000021e-08 1.143368643983081475e-05 1.000000000000000021e-08 2.423381331268618390e-05 1.000000000000000021e-08 1.665316090063568004e-04 1.393041895181994531e-04 1.043072579088739611e-04 8.540973298865908953e-05 1.905332244665657233e-04 2.577314451180413597e-04 2.461205882413384604e-04 2.729489668205812387e-04 4.766818941900328083e-05 3.771628866380053434e-05 4.032815194686974311e-05 3.850228402126599733e-05 4.551349553813712471e-05 2.926932188238140945e-05 3.339983088460233424e-03 3.907574838145157041e-03 1.737143795415918847e-05 3.288733797861797799e-05 3.708690197557039522e-05 5.518016704439044251e-05 1.000000000000000021e-08 1.000000000000000021e-08 1.000000000000000021e-08 1.000000000000000021e-08
