output/water_depth_2040.asc
ncols 223
nrows 158
xllcorner 0.0
yllcorner 0.0
cellsize 30.0
[rows 51 to 67 of 158, columns 74 to 110 of 223]
4.471856000962791145e-05 1.555736848980336147e-05 3.479897821628464183e-05 3.001155793438246996e-04 2.840553758055675633e-04 2.782079305807145251e-04 2.742376747767480243e-04 2.896263363617738507e-04 3.376853706798716749e-04 2.665095744609520664e-04 1.044931392629543760e-04 9.308094839435393205e-05 1.636025678848963578e-04 1.633696821780623171e-04 5.892006224384610264e-04 5.205496516650888949e-04 3.146426150399768071e-04 5.158552366742924554e-05 5.931764052528359145e-05 8.063642390557408668e-04 7.298835434532911217e-04 7.196156913225580654e-05 7.007284079645496378e-05 1.515259964684446340e-04 8.086601667328483390e-04 1.508214320010592586e-04 1.579901099143728204e-04 6.816378532287620771e-04 5.004382044455652628e-04 3.870961775520431855e-04 3.903515681884105908e-04 1.261808681417465753e-04 4.791995155764988430e-04 9.764803808735235315e-04 2.353407360193496137e-04 4.365053863954411110e-05 8.257323212260329437e-05
4.417552081557634064e-04 6.913751166523606634e-04 7.136310719779415633e-04 1.125912773210973510e-03 8.832162605234726224e-04 1.093154066544243684e-03 1.605746521973397357e-03 1.258332037321860473e-03 5.095944160278427504e-04 1.078471822259550062e-03 1.697740624878352504e-04 1.176508239314557366e-04 1.155272493872872090e-04 1.828715993047473262e-04 3.068997329942512505e-04 1.239642981611744146e-03 1.847513019012572016e-04 6.345118130571284702e-05 1.158908576424808273e-04 6.701271003324489085e-04 7.625714763368500373e-04 1.221939691727836263e-04 2.038235212162362714e-04 1.930208795323769884e-04 7.213391201531266922e-04 1.734379569065195171e-04 2.004440928688173799e-04 4.473112884486551933e-04 3.971013070457763013e-04 4.745199156345827093e-04 3.922769642646285358e-04 3.294802503705577786e-04 2.904447397391831569e-04 2.565930831202046765e-04 3.840044269823149884e-05 4.505103394785217857e-05 4.614506492494361499e-05
1.040160218509661796e-03 9.049930889467947947e-04 8.104208754979516519e-04 1.116896874757566005e-04 2.340679301098399167e-04 4.417918618154818519e-04 1.057366336486694532e-03 1.835639408760947637e-03 7.454310913093504468e-04 9.792552133748410725e-04 1.572041505283363694e-03 3.281191676466608566e-04 2.335883234838078966e-04 2.046822012825084318e-04 2.707071877284143789e-04 4.548512650932414522e-04 1.283679790206276308e-03 3.092746870014022797e-04 1.060979069062592756e-04 7.376453784176724036e-04 8.612747645547852394e-04 4.034526128967529882e-04 2.462290558988271762e-05 1.000000000000000021e-08 1.000000000000000021e-08 1.000000000000000021e-08 1.000000000000000021e-08 1.008462925823520125e-04 2.742604355886197730e-04 2.392289636543586963e-04 2.223560515470935489e-04 3.731974930056856173e-04 7.560174520153181287e-05 4.348043094566421754e-04 7.184040936180082176e-05 2.497776666187138061e-04 1.691024823752039301e-04
3.162150664607243553e-04 2.785289338060596589e-04 1.579094896137356991e-04 2.130767938816578722e-04 1.563974992892678759e-04 1.964301912401278339e-04 1.011962055346172021e-03 5.363843954760178119e-04 4.938327625204390814e-04 2.702457634069457435e-04 1.555520283743148241e-03 5.625532843488378031e-04 1.300267978189076747e-03 4.505291866194437709e-04 3.600713795636027725e-04 1.092367899473579290e-03 1.424580987625985711e-03 6.862390181382163525e-04 5.339103212541578946e-04 5.535152536111520192e-04 8.910562152380211874e-04 2.358743545099740145e-04 2.144296911371915072e-04 7.424141137220428204e-05 6.837595647339097659e-05 2.467792030425805413e-05 2.680010470185631332e-05 1.296112750844707895e-04 7.357597179394866971e-05 1.862797154201344531e-04 2.552201977649558458e-04 4.048477154883141664e-05 5.917880435663747709e-05 1.358940446245588058e-04 1.402844398961055044e-03 1.484667843005607656e-03 5.926445242959337348e-04
2.950844142458096202e-04 3.659185815978597184e-05 1.615452227335774848e-04 1.280326328128085934e-04 2.593536026681682815e-04 1.617391929815823110e-04 6.289418218989141019e-04 1.820510381638180486e-03 5.251927384444127775e-04 6.335710759495898070e-04 1.676031746107389765e-03 5.072972685973712106e-04 6.165369295105432900e-04 2.320177632527116007e-04 8.983595449982082880e-04 3.182942300288595116e-04 2.653854293326827758e-04 3.006237697046634750e-04 2.794910728923713766e-04 6.137221325298886782e-04 6.481541538559549556e-04 5.541126984396660708e-04 1.177176773029154787e-04 1.705459449195493183e-04 8.468997763963228263e-05 1.019573264013998724e-04 5.695477461927945118e-04 1.292635395491553880e-03 3.731552296367955960e-04 3.172630454144390023e-04 3.245637758080782503e-04 2.821216901854364497e-04 2.672942624236808820e-04 6.962919957533471327e-05 3.946506745271813679e-04 1.144864561929144053e-03 1.598215576495722089e-03
3.321000368094094381e-05 5.201508468528165760e-05 7.327621811033005711e-05 1.823462769549814150e-04 3.817522564076697412e-04 4.197934170000827496e-04 4.815413246783687069e-04 3.989236778401726385e-04 6.902626394320168562e-04 4.606512101070561207e-04 1.963276284414628044e-03 8.616838645098970698e-04 4.899148347736415271e-04 6.236450387450224184e-04 6.424448441676759106e-04 2.003948763400425310e-04 3.659210971495995175e-04 2.286536666419691332e-04 8.207985459284028234e-04 9.940995322567001101e-04 1.739899835200721563e-03 1.482227323367964157e-03 1.747871748829313027e-03 6.610615195183721206e-04 6.470525446861519333e-04 5.856323461988564676e-04 1.513437390007200001e-03 1.573879606914877763e-03 2.626014037029100788e-04 3.798427746595074662e-04 4.682773352733238497e-05 6.214048010707947018e-05 3.946813157239027352e-05 2.986123826985758118e-04 6.527106024459916427e-05 1.968527177435920638e-04 1.635475265707490682e-03
2.011027006318360361e-04 2.206107485396621292e-04 2.188729296060743835e-04 3.448901997633272310e-04 2.844484774513876416e-04 2.477467343018629900e-04 9.959898724666237622e-04 4.231339536731757649e-04 3.946065223254200944e-04 7.787497659377858733e-04 2.039003450599054766e-03 1.317749621190853100e-03 6.971602358190037013e-04 4.341636762342812421e-04 8.100298955796487229e-04 1.547128228166979279e-03 4.151339615954160707e-04 9.314319277689051381e-04 8.387070269889830478e-04 1.271032862743324329e-03 1.206179958811939281e-03 2.487593065284560059e-03 9.355096920669284544e-04 1.071437459492509100e-03 1.204425840420328452e-03 2.833751639425645917e-04 3.158198101139653375e-04 9.830618694705761836e-04 6.052203401037765853e-04 9.160366089836232502e-04 2.016939382222192301e-04 2.299514446509656187e-04 1.903137858268883213e-04 2.187816526976599490e-04 7.237084412172313606e-04 9.909091644964690675e-04 7.445420708829109243e-04
1.133875011492661866e-04 1.980379073665487061e-04 3.644435362974128307e-04 2.928231797739069137e-04 2.026373646543901303e-04 4.159428459095505055e-04 5.053959237015419673e-04 7.165560735845538437e-04 7.769340275962724474e-04 5.644795746364067099e-04 1.568634487426138905e-03 1.200152661350887369e-03 6.368409613370905071e-04 9.375566795861734479e-04 5.804172977295150426e-04 1.321253909613443476e-03 5.696810174107016199e-04 2.701487157742910776e-04 8.215554955100985192e-04 9.300424194858037969e-04 1.451528266047748608e-03 2.932915738155267293e-03 1.056349408905642032e-03 2.679653642120552633e-03 2.416558928652222035e-03 4.004584504446839061e-04 5.796256390005275752e-04 2.157537682375615384e-03 1.142984343193576523e-03 6.130029421837735696e-04 1.430962233528432302e-03 2.842765930366218446e-04 1.031457116580646993e-03 2.083795058242365460e-04 8.637292247246598168e-04 9.883317631609869411e-04 6.178189645740753567e-04
6.150915100541683991e-04 5.086222194571428032e-04 7.033871668889667096e-04 1.076384858234012178e-03 1.536335884638168493e-03 7.039141979284527445e-04 2.486533892659927285e-03 2.200806813227093768e-03 2.906907725699809947e-03 2.161500823381577556e-03 1.365552299280658327e-03 1.568665082626607716e-03 1.589263787176235700e-03 8.538870496181182133e-04 1.263909698032100997e-03 8.999519560382454944e-04 1.701712330604165328e-03 9.721570231356443026e-04 1.139688781969514967e-04 2.422732602245060765e-04 1.327202429978904244e-03 8.342837867275985485e-04 1.321848224531753683e-03 1.043608182327910271e-03 1.613803201725850242e-03 1.486814128611338524e-03 6.990497586264862642e-04 1.809154252063322572e-03 1.698675903427440898e-03 5.195609326332535768e-04 5.290710455779047217e-04 2.621507649558471489e-04 2.417534342644206890e-04 1.050447420204576356e-03 1.154046362791339656e-03 2.986667109222575353e-04 5.513964822498641782e-04
1.379950191531142522e-03 1.549316372745550589e-03 1.592998662132908382e-03 2.819138831583569912e-03 3.218949422448724902e-03 5.652097181418258912e-03 5.677931386054251711e-03 8.311383429967608705e-03 5.924563822615096578e-03 9.053971050500347895e-03 1.063399323301325063e-02 1.147939224383686709e-02 7.124194550368305977e-03 6.374366682475921496e-03 4.932501635616020480e-03 4.591274842306100959e-03 3.509021416122834729e-03 1.489998692203642469e-03 1.168790841361711050e-03 4.979804624131571079e-04 1.158123426789960195e-03 7.567078356709920585e-04 7.070843348889448848e-04 1.439518852229482171e-03 1.920095395228646820e-03 1.169135889706122760e-03 1.628600512270854221e-03 1.174140619134372409e-03 2.601086574428880180e-03 1.462656913254635222e-03 8.090601367996680653e-04 2.268773491804623255e-04 3.689308351124985833e-04 2.867062759388351112e-04 1.527448600335202600e-03 7.933376804288168847e-04 5.943763353582269494e-04
1.551144337336022791e-03 1.824354185504582435e-03 2.548138143709906527e-03 1.853017237326600418e-03 1.755934620545528384e-03 1.223517683467109651e-03 1.410927789111415505e-03 1.072843053271032307e-03 5.489884908416156097e-03 6.036431746643462423e-03 8.001977761431780869e-03 7.875008807639277686e-03 1.512438526616590416e-02 1.609364360572587693e-02 1.366233477863716163e-02 1.031580649016546232e-02 9.283517324579899227e-03 5.640727290636152191e-03 3.000487647765857913e-03 3.794364704997738730e-03 1.840243221650742552e-03 1.225626551880822351e-03 9.212288642072978019e-04 7.993834851134278083e-04 1.301522782793378347e-03 1.915581398139281277e-03 2.008645418866855572e-03 1.540772674906674532e-03 1.481327797979316036e-03 2.065388659316282158e-03 2.173857948314784298e-03 1.611483130424654943e-03 6.657631301034939390e-04 8.289579116252779366e-04 1.066626908324821814e-03 4.535518771164120076e-04 7.792318929050266307e-04
2.511429009405040467e-03 1.570285552630078024e-03 1.653444936137059805e-03 4.775215655517792471e-04 6.714076222998695710e-04 2.271197146026929020e-04 3.496686274999799560e-04 6.407914625785660935e-04 5.080153214824585000e-04 3.670881937882669067e-04 1.400910095613995673e-03 7.032622388068039384e-04 5.688835856081384326e-04 2.408253255174901998e-03 6.402658187344402452e-03 1.106207903010344475e-02 8.067275752738163955e-03 7.754230924632589221e-03 7.473097893394760674e-03 4.506697926176239481e-03 6.132044892104655462e-03 2.719198435555649634e-03 1.332292711748675734e-03 1.824963276529024698e-03 1.769719076254458370e-03 1.289504156958463932e-03 3.342913337436586359e-03 1.901745758569889019e-03 1.658014684875590023e-03 1.262845642676304822e-03 1.583733557283460627e-03 1.072098467385447680e-03 1.544995130968211065e-03 8.082611619252749518e-04 2.177830491252310055e-03 7.938417028718893712e-04 5.482233963066958198e-04
1.540319185446503703e-02 1.034428318456448968e-02 6.098144780697446581e-03 4.544227793026778435e-03 4.211657539331042227e-03 2.948689118343089232e-03 3.990771822577099913e-03 1.744845148963013442e-03 2.247855297599208289e-03 1.776239165678013612e-03 1.044481147679965794e-03 1.285025149828713424e-03 1.059312926513766070e-03 1.405187373155624688e-03 6.027970156628682796e-03 6.887059947791056638e-03 1.129585225189851799e-02 1.003712616175338190e-02 7.565249961093734564e-03 9.384940195115001882e-03 5.765923171581427940e-03 5.779135398258527199e-03 3.334620376151578580e-03 3.236925143867920487e-03 1.898270102058609255e-03 3.578604330757102249e-03 1.818962099994108402e-03 3.757468278697367620e-03 2.875949015977879650e-03 1.475867903714271666e-03 6.981564497374737315e-04 1.525024361485615570e-03 1.037859558786079824e-03 1.650474646500901723e-03 1.302183601757270041e-03 1.580050673333299434e-03 1.348372363098729061e-03
3.311780304696213678e-02 4.289994269071269878e-02 5.257033538380489340e-02 2.973115171263845599e-02 1.872476217891081915e-02 1.426667774401177598e-02 9.802339298861637018e-03 8.940342197686619238e-03 1.887376805944221067e-02 4.857229562999189343e-02 2.632679037824888976e-02 1.600828771387349803e-02 9.980614576003816324e-03 7.761838635163082790e-03 5.515944260789565345e-03 1.122060288139859613e-02 9.407760219652287065e-03 3.896011342182713333e-02 2.416315432519499512e-02 1.554296367973104914e-02 1.319392634313891997e-02 9.443367594173862276e-03 8.298822639817366592e-03 6.133412937588586175e-03 6.278685064266280660e-03 4.939530857379640510e-03 3.208007112516978072e-03 2.482100075277455815e-03 7.145671800602618196e-03 8.810514656688169747e-04 7.443709269058611504e-04 1.456640831163756242e-03 1.251626029161464516e-03 9.852651074903154022e-04 2.830494559383558810e-03 9.910522128815492729e-04 1.272188022860703399e-03
2.503617889160257223e-03 3.151319489130938525e-03 2.914056637230744672e-03 3.329771996526691147e-02 5.138110663567781872e-02 6.365043586224393424e-02 7.345563425619501541e-02 7.921919043507349989e-02 5.490558729675386329e-02 3.061228577198189110e-02 2.847706850756554636e-02 2.039135432752966354e-02 1.808221476291708291e-02 2.533889507432014049e-02 1.879944508996910998e-02 3.255257867549060657e-02 4.168071376863607264e-02 2.344909866449867986e-02 3.981375949828452193e-02 2.795351667654863426e-02 1.959450695251768737e-02 1.669825699533348043e-02 1.416324102069698235e-02 1.069595292627003799e-02 8.459020081401013788e-03 9.556043781341533316e-03 4.610402136545573015e-03 6.827315554215527237e-03 5.671258293223898489e-03 3.851073884402519097e-03 1.806284101503017377e-03 2.163982830160844639e-03 1.306420436843293504e-03 1.108613940253583806e-03 1.397956493688702444e-03 2.001688877723179025e-03 1.845542410756491249e-03
1.605747178847397212e-03 1.939165022682673304e-03 4.124963289968347664e-03 3.587298523715464274e-03 4.001373452735071563e-03 2.642658489155094020e-03 2.640036079355395637e-03 1.792835804971557728e-03 1.542365496239248186e-02 8.822632273797828550e-03 2.640564724989738141e-02 3.786068647949209637e-02 5.131340526744778557e-02 4.015634971491462840e-02 2.783387742643128257e-02 1.151202339911187693e-02 9.810528712720537753e-03 8.429055956331742497e-03 1.134514504890193551e-02 2.194286427479056820e-02 2.236380720509539843e-02 1.980285384983480196e-02 1.655993924972530562e-02 1.391216145517798139e-02 1.176448227318497956e-02 1.165095525534757918e-02 1.120984132050816331e-02 8.283842959443147788e-03 7.399621345674275985e-03 6.348555960380954100e-03 4.720057428984378127e-03 4.664854327106864561e-03 2.076073974321143625e-03 8.199505461280469278e-04 1.360158789754818817e-03 1.142661858537853117e-03 1.593098617317911673e-03
1.614510771559809306e-03 2.650776697635116429e-03 2.922548784642626553e-03 2.794556716488735652e-03 1.700176588551654318e-03 1.901729959535224286e-03 1.883697175993083537e-03 4.281040167145647862e-03 2.931514034423236912e-03 6.963405610080668912e-03 1.012668045376956261e-02 1.126317872162985352e-02 7.047424536044228152e-03 9.595387425419234922e-03 1.801110545772972860e-02 1.757942797461332571e-02 9.584741239056584344e-03 9.019557141946001055e-03 1.550257342690358406e-02 2.931528221381653546e-02 2.426659373094232700e-02 2.035767246078805381e-02 1.808974530405875469e-02 1.664600722693086732e-02 5.116910426318740934e-02 6.716049535010812366e-02 3.699718805949436112e-02 3.895878943447787790e-02 5.706721696315410208e-02 3.132591648220191954e-02 1.800433576683091105e-02 1.246045738888140221e-02 9.782501316162869193e-03 1.938225335655648258e-03 1.290557240284263959e-03 1.851422485583386571e-03 1.531586162934941726e-03
