output/water_depth_12000.asc
ncols 223
nrows 158
xllcorner 0.0
yllcorner 0.0
cellsize 30.0
[rows 68 to 84 of 158, columns 185 to 221 of 223]
1.000000000000000021e-08 1.000000000000000021e-08 1.000000000000000021e-08 1.000000000000000021e-08 1.000000000000000021e-08 1.000000000000000021e-08 1.000000000000000021e-08 1.000000000000000021e-08 1.000000000000000021e-08 1.000000000000000021e-08 1.000000000000000021e-08 1.000000000000000021e-08 3.472238093585399788e-05 8.747759516878115095e-05 7.746704714389566202e-05 1.331963810437422135e-05 3.078819337857379850e-05 7.198830939257310087e-05 1.191382245174403727e-03 1.596262985865950438e-04 1.783073098147298593e-04 1.000000100000000021e-05 1.000000100000000021e-05 1.000000100000000021e-05 1.000000100000000021e-05 1.000000100000000021e-05 1.000000100000000021e-05 1.000000100000000021e-05 1.000000100000000021e-05 1.000000100000000021e-05 1.000000100000000021e-05 1.000000100000000021e-05 1.000000100000000021e-05 1.000000100000000021e-05 1.000000100000000021e-05 1.000000100000000021e-05 1.000000100000000021e-05
1.000000000000000021e-08 1.000000000000000021e-08 1.000000000000000021e-08 1.000000000000000021e-08 1.000000000000000021e-08 1.000000000000000021e-08 1.000000000000000021e-08 1.000000000000000021e-08 1.000000000000000021e-08 1.000000000000000021e-08 1.000000000000000021e-08 1.000000000000000021e-08 2.772589346627808745e-05 2.383512909745511086e-03 1.168676159321448642e-04 3.947865186971517967e-05 1.000000000000000021e-08 1.000000000000000021e-08 8.019149739319784205e-05 1.225513471485694251e-04 2.272764915347202312e-04 1.000000100000000021e-05 1.000000100000000021e-05 1.000000100000000021e-05 1.000000100000000021e-05 1.000000100000000021e-05 1.000000100000000021e-05 1.000000100000000021e-05 1.000000100000000021e-05 1.000000100000000021e-05 1.000000100000000021e-05 1.000000100000000021e-05 1.000000100000000021e-05 1.000000100000000021e-05 1.000000100000000021e-05 1.000000100000000021e-05 1.000000100000000021e-05
1.000000000000000021e-08 1.000000000000000021e-08 1.000000000000000021e-08 1.000000000000000021e-08 1.000000000000000021e-08 1.000000000000000021e-08 1.000000000000000021e-08 1.000000000000000021e-08 1.000000000000000021e-08 1.000000000000000021e-08 1.000000000000000021e-08 2.576955235508387893e-05 2.481170412289080877e-05 1.896682191125014387e-05 1.039683079511198129e-05 1.000000000000000021e-08 1.000000000000000021e-08 1.000000000000000021e-08 5.062932995430771091e-05 1.109359952642743771e-04 3.074164326981482795e-04 1.000000100000000021e-05 1.000000100000000021e-05 1.000000100000000021e-05 1.000000100000000021e-05 1.000000100000000021e-05 1.000000100000000021e-05 1.000000100000000021e-05 1.000000100000000021e-05 1.000000100000000021e-05 1.000000100000000021e-05 1.000000100000000021e-05 1.000000100000000021e-05 1.000000100000000021e-05 1.000000100000000021e-05 1.000000100000000021e-05 1.000000100000000021e-05
1.000000000000000021e-08 1.000000000000000021e-08 1.000000000000000021e-08 1.000000000000000021e-08 1.000000000000000021e-08 1.000000000000000021e-08 1.000000000000000021e-08 1.000000000000000021e-08 1.000000000000000021e-08 1.000000000000000021e-08 1.000000000000000021e-08 4.299460903719869322e-05 1.939758547451803946e-05 1.000000000000000021e-08 1.000000000000000021e-08 1.351410428425767314e-05 1.000000000000000021e-08 1.000000000000000021e-08 3.771688863273659842e-05 1.332738534534477206e-04 1.936182586405269391e-04 1.786876441093448997e-04 1.000000100000000021e-05 1.000000100000000021e-05 1.000000100000000021e-05 1.000000100000000021e-05 1.000000100000000021e-05 1.000000100000000021e-05 1.000000100000000021e-05 1.000000100000000021e-05 1.000000100000000021e-05 1.000000100000000021e-05 1.000000100000000021e-05 1.000000100000000021e-05 1.000000100000000021e-05 1.000000100000000021e-05 1.000000100000000021e-05
1.000000000000000021e-08 1.000000000000000021e-08 1.000000000000000021e-08 1.000000000000000021e-08 1.000000000000000021e-08 1.000000000000000021e-08 1.000000000000000021e-08 1.000000000000000021e-08 1.000000000000000021e-08 1.000000000000000021e-08 1.000000000000000021e-08 5.010655166762139262e-05 1.000000000000000021e-08 1.000000000000000021e-08 1.000000000000000021e-08 1.474367482323763320e-05 1.274621554791603966e-05 1.000000000000000021e-08 3.389191482560492951e-05 9.402461109328596556e-05 2.795860621948224422e-04 1.267221941131583109e-04 1.000000000000000021e-08 1.000000100000000021e-05 1.000000100000000021e-05 1.000000100000000021e-05 1.000000100000000021e-05 1.000000100000000021e-05 1.000000100000000021e-05 1.000000100000000021e-05 1.000000100000000021e-05 1.000000100000000021e-05 1.000000100000000021e-05 1.000000100000000021e-05 1.000000100000000021e-05 1.000000100000000021e-05 1.000000100000000021e-05
1.129042546234820094e-04 1.000000000000000021e-08 1.000000000000000021e-08 1.000000000000000021e-08 1.000000000000000021e-08 1.000000000000000021e-08 1.000000000000000021e-08 1.000000000000000021e-08 2.087467603872806030e-05 1.000000000000000021e-08 1.000000000000000021e-08 7.219870838453338040e-05 1.156877534225792811e-05 1.000000000000000021e-08 1.000000000000000021e-08 1.478860993513840465e-05 1.910374637620495427e-05 1.869064065997321506e-05 3.299274557291248213e-05 1.045699616820629571e-04 4.131889083704672668e-04 1.120345827189328178e-04 2.274435943529238625e-05 2.012100878343492296e-05 1.000000100000000021e-05 1.000000100000000021e-05 1.000000100000000021e-05 1.000000100000000021e-05 1.000000100000000021e-05 1.000000100000000021e-05 1.000000100000000021e-05 1.000000100000000021e-05 1.000000100000000021e-05 1.000000100000000021e-05 1.000000100000000021e-05 1.000000100000000021e-05 1.000000100000000021e-05
1.324201103485280438e-02 1.000000000000000021e-08 1.000000000000000021e-08 1.000000000000000021e-08 1.000000000000000021e-08 1.000000000000000021e-08 1.000000000000000021e-08 1.000000000000000021e-08 1.345106094264581248e-05 1.000000000000000021e-08 1.000000000000000021e-08 1.008948051207088988e-04 1.913787050356051094e-05 1.000000000000000021e-08 1.000000000000000021e-08 1.544369589859744218e-05 3.917634875811946266e-05 1.814602811514633173e-05 3.013797878385186349e-05 7.357169550849745150e-05 5.775118313025120239e-04 1.477615758512460247e-04 1.000000000000000021e-08 1.000000000000000021e-08 1.000000100000000021e-05 1.000000100000000021e-05 1.000000100000000021e-05 1.000000100000000021e-05 1.000000100000000021e-05 1.000000100000000021e-05 1.000000100000000021e-05 1.000000100000000021e-05 1.000000100000000021e-05 1.000000100000000021e-05 1.000000100000000021e-05 1.000000100000000021e-05 1.000000100000000021e-05
1.222730982128340110e-02 1.024204920342030103e-02 1.774997312545316953e-05 1.000000000000000021e-08 1.000000000000000021e-08 1.000000000000000021e-08 1.000000000000000021e-08 1.000000000000000021e-08 1.000000000000000021e-08 1.000000000000000021e-08 2.788809587226846214e-05 1.212095741227377520e-04 1.881917635280457620e-05 1.000000000000000021e-08 1.000000000000000021e-08 1.683762798351798852e-05 6.115603202853436089e-05 3.537244204732908594e-05 2.200056732781189851e-05 9.062617729119277349e-03 9.354362742993921342e-03 3.243071016583838021e-05 1.000000000000000021e-08 1.000000000000000021e-08 1.000000100000000021e-05 1.000000100000000021e-05 1.000000100000000021e-05 1.000000100000000021e-05 1.000000100000000021e-05 1.000000100000000021e-05 1.000000100000000021e-05 1.000000100000000021e-05 1.000000100000000021e-05 1.000000100000000021e-05 1.000000100000000021e-05 1.000000100000000021e-05 1.000000100000000021e-05
1.604124627887502930e-02 1.049010155172045745e-02 1.845834989852939930e-05 1.000000000000000021e-08 1.000000000000000021e-08 1.000000000000000021e-08 1.000000000000000021e-08 1.000000000000000021e-08 1.000000000000000021e-08 1.000000000000000021e-08 2.659906771751139497e-05 1.695566669093190163e-04 2.749660620170496882e-05 1.000000000000000021e-08 1.000000000000000021e-08 1.000000000000000021e-08 6.854167585503408112e-05 2.576842430809377855e-05 6.824590682035448254e-03 8.319385476768911131e-03 9.124604285043060037e-03 1.000000000000000021e-08 1.000000000000000021e-08 1.000000000000000021e-08 1.303359458173323094e-03 1.186625382502544392e-05 1.000000100000000021e-05 1.000000100000000021e-05 1.000000100000000021e-05 1.000000100000000021e-05 1.000000100000000021e-05 1.000000100000000021e-05 1.000000100000000021e-05 1.000000100000000021e-05 1.000000100000000021e-05 1.000000100000000021e-05 1.000000100000000021e-05
2.373858904327073166e-02 7.659912243056753167e-03 1.752070112056434127e-05 1.000000000000000021e-08 1.000000000000000021e-08 1.000000000000000021e-08 1.000000000000000021e-08 1.000000000000000021e-08 1.000000000000000021e-08 1.346290209210314051e-05 2.419186653008142265e-05 2.127944151007422544e-04 3.236539405623286778e-05 1.307128792438421365e-05 1.678861778898099567e-05 1.589023079775570219e-04 1.155003769639284961e-03 1.289469440100323057e-03 2.014114658268024299e-03 6.706082023621171354e-03 1.286610806709143052e-04 1.714068414138757808e-03 2.614844388989119437e-05 1.376937987624777756e-05 1.000000000000000021e-08 1.000000000000000021e-08 1.000000100000000021e-05 1.000000100000000021e-05 1.000000100000000021e-05 1.000000100000000021e-05 1.000000100000000021e-05 1.000000100000000021e-05 1.000000100000000021e-05 1.000000100000000021e-05 1.000000100000000021e-05 1.000000100000000021e-05 1.000000100000000021e-05
2.556517945099783320e-02 9.925622757383453093e-03 2.295149633436665686e-05 1.000000000000000021e-08 1.000000000000000021e-08 1.000000000000000021e-08 1.136083445007667677e-05 1.965217503770915763e-05 3.142409991546948260e-05 4.905985518832428892e-05 1.470981435698333209e-03 4.924880328025452040e-04 4.582599437905393504e-04 7.213886265573553683e-04 1.352430420770725072e-03 1.003822009489398030e-02 1.768107543957485057e-03 1.178518691701500691e-03 1.000000000000000021e-08 1.000000000000000021e-08 1.000000000000000021e-08 1.000000000000000021e-08 1.000000000000000021e-08 1.000000000000000021e-08 1.000000000000000021e-08 1.000000000000000021e-08 1.000000100000000021e-05 1.000000100000000021e-05 1.000000100000000021e-05 1.000000100000000021e-05 1.000000100000000021e-05 1.000000100000000021e-05 1.000000100000000021e-05 1.000000100000000021e-05 1.000000100000000021e-05 1.000000100000000021e-05 1.000000100000000021e-05
2.862780275649036768e-02 1.123222435122881030e-01 9.963551754230349144e-05 1.000000000000000021e-08 1.000000000000000021e-08 1.000000000000000021e-08 1.000000000000000021e-08 1.000000000000000021e-08 1.000000000000000021e-08 1.501368327682208003e-05 9.936286806115242061e-05 1.220688539896167685e-02 1.119857546937634649e-03 1.232707834578583529e-03 1.432616069797939184e-03 1.000000000000000021e-08 1.000000000000000021e-08 1.000000000000000021e-08 1.000000000000000021e-08 1.000000000000000021e-08 1.000000000000000021e-08 1.000000000000000021e-08 1.000000000000000021e-08 1.000000000000000021e-08 1.000000000000000021e-08 1.000000000000000021e-08 1.000000100000000021e-05 1.000000100000000021e-05 1.000000100000000021e-05 1.000000100000000021e-05 1.000000100000000021e-05 1.000000100000000021e-05 1.000000100000000021e-05 1.000000100000000021e-05 1.000000100000000021e-05 1.000000100000000021e-05 1.000000100000000021e-05
1.261562524012727234e-04 8.829905019877064276e-02 4.019530819536250993e-02 1.229385961617638430e-04 1.000000000000000021e-08 1.000000000000000021e-08 1.000000000000000021e-08 1.000000000000000021e-08 1.000000000000000021e-08 1.000000000000000021e-08 7.524938786264004701e-05 1.064779513451294575e-02 1.131534286245642652e-02 1.138803567661442672e-03 2.069011574461017053e-04 1.000000000000000021e-08 1.000000000000000021e-08 1.000000000000000021e-08 1.000000000000000021e-08 1.000000000000000021e-08 1.000000000000000021e-08 1.000000000000000021e-08 1.000000000000000021e-08 1.000000000000000021e-08 1.000000000000000021e-08 1.000000000000000021e-08 1.000000100000000021e-05 1.000000100000000021e-05 1.000000100000000021e-05 1.000000100000000021e-05 1.000000100000000021e-05 1.000000100000000021e-05 1.000000100000000021e-05 1.000000100000000021e-05 1.000000100000000021e-05 1.000000100000000021e-05 1.000000100000000021e-05
1.000000000000000021e-08 1.000000000000000021e-08 4.052855049311043095e-02 2.034032199766310292e-02 1.808238580227917308e-02 3.405375046081463280e-03 1.000000000000000021e-08 1.000000000000000021e-08 1.000000000000000021e-08 1.000000000000000021e-08 5.097307099521877235e-05 3.328976475671762813e-03 9.282582638588471324e-03 1.276819822738646905e-04 3.015335665326086009e-05 1.000000000000000021e-08 1.000000000000000021e-08 1.000000000000000021e-08 1.000000000000000021e-08 1.000000000000000021e-08 1.000000000000000021e-08 1.000000000000000021e-08 1.000000000000000021e-08 1.000000000000000021e-08 1.000000000000000021e-08 1.000000000000000021e-08 1.000000100000000021e-05 1.000000100000000021e-05 1.000000100000000021e-05 1.000000100000000021e-05 1.000000100000000021e-05 1.000000100000000021e-05 1.000000100000000021e-05 1.000000100000000021e-05 1.000000100000000021e-05 1.000000100000000021e-05 1.000000100000000021e-05
1.000000000000000021e-08 1.000000000000000021e-08 1.000000000000000021e-08 2.050148467383172690e-02 1.088105517433568814e-01 8.939339746090771421e-02 4.266950733999488876e-02 1.834857783313222947e-04 1.040783267035517464e-04 1.006140392365752504e-03 1.313447655057150588e-03 2.135549083595245784e-03 1.881363471908156098e-04 2.187036864385467124e-03 1.000000000000000021e-08 1.000000000000000021e-08 1.000000000000000021e-08 1.000000000000000021e-08 1.000000000000000021e-08 1.000000000000000021e-08 1.000000000000000021e-08 1.000000000000000021e-08 1.000000000000000021e-08 1.000000000000000021e-08 1.000000000000000021e-08 1.000000000000000021e-08 1.000000100000000021e-05 1.000000100000000021e-05 1.000000100000000021e-05 1.000000100000000021e-05 1.000000100000000021e-05 1.000000100000000021e-05 1.000000100000000021e-05 1.000000100000000021e-05 1.000000100000000021e-05 1.000000100000000021e-05 1.000000100000000021e-05
1.000000000000000021e-08 1.000000000000000021e-08 1.000000000000000021e-08 5.458869534663348273e-05 5.119972591173929720e-05 4.469162633764418055e-05 3.596244006782738784e-02 8.629200952574200140e-03 2.458343463935178021e-03 1.325389572919334104e-03 1.372534860291216643e-03 1.311280840750579137e-03 1.000000000000000021e-08 1.000000000000000021e-08 1.000000000000000021e-08 1.000000000000000021e-08 1.000000000000000021e-08 1.000000000000000021e-08 1.000000000000000021e-08 1.000000000000000021e-08 1.111808005329542293e-05 1.000000000000000021e-08 1.000000000000000021e-08 1.000000000000000021e-08 1.000000000000000021e-08 1.000000000000000021e-08 1.000000100000000021e-05 1.000000100000000021e-05 1.000000100000000021e-05 1.000000100000000021e-05 1.000000100000000021e-05 1.000000100000000021e-05 1.000000100000000021e-05 1.000000100000000021e-05 1.000000100000000021e-05 1.000000100000000021e-05 1.000000100000000021e-05
1.000000000000000021e-08 1.000000000000000021e-08 1.000000000000000021e-08 1.000000000000000021e-08 1.000000000000000021e-08 1.000000000000000021e-08 3.623233148062731529e-02 9.536904841690110879e-02 9.026093837522446151e-02 1.585544409186191370e-03 1.167093862358376454e-03 6.821576523340984900e-04 1.000000000000000021e-08 1.000000000000000021e-08 1.000000000000000021e-08 1.000000000000000021e-08 1.000000000000000021e-08 1.000000000000000021e-08 1.000000000000000021e-08 1.494999680501975214e-05 1.000000000000000021e-08 1.003959582078528431e-05 1.000000000000000021e-08 1.000000000000000021e-08 1.000000000000000021e-08 1.491114208586825995e-05 1.297838282869918343e-05 1.000000100000000021e-05 1.000000100000000021e-05 1.000000100000000021e-05 1.000000100000000021e-05 1.000000100000000021e-05 1.000000100000000021e-05 1.000000100000000021e-05 1.000000100000000021e-05 1.000000100000000021e-05 1.000000100000000021e-05
