output/water_depth_6000.asc
ncols 223
nrows 158
xllcorner 0.0
yllcorner 0.0
cellsize 30.0
[rows 102 to 118 of 158, columns 111 to 147 of 223]
2.313724047277567137e-04 2.573121962666533123e-04 6.012523130901935645e-04 4.171584858677621402e-04 6.831385804960908841e-04 3.703118101332594260e-04 5.193486160430153082e-04 2.585841139620126405e-04 3.360532848917193761e-04 2.266114595025778495e-04 5.769031199652927206e-04 6.301253558856609142e-03 2.744002590839397099e-03 8.094350911627171911e-04 7.660012870043877986e-04 1.617026860963757893e-03 1.232927346446045878e-03 5.418279867850766748e-03 7.305817764623053281e-03 3.525365192854661850e-02 1.622160541837496840e-03 1.000000000000000021e-08 1.000000000000000021e-08 1.000000000000000021e-08 1.000000000000000021e-08 1.000000000000000021e-08 2.611353116548096586e-05 2.506472864131383582e-05 1.907019719212065979e-05 1.094882756197167938e-05 1.000000000000000021e-08 1.645533344696450563e-05 1.015626542119320683e-05 1.000000000000000021e-08 1.299901347145031302e-05 1.000000000000000021e-08 1.000000000000000021e-08
5.393906241342317619e-04 1.014381764951161839e-03 1.157864747366353468e-03 1.117828201907295968e-03 5.577939072726783220e-04 7.857703242339318921e-04 4.025077470300980186e-04 5.593879389715176748e-04 2.758200921747061530e-04 4.248740977620415159e-04 3.082951199090205809e-04 3.998301224462552823e-03 3.649366527069021482e-03 5.439015915127934538e-04 1.067476906328367970e-03 8.280010679851104640e-04 3.931557883281345221e-03 4.062856201887491206e-03 1.461255830826926894e-02 3.990551223656325919e-02 1.180396000981110381e-03 1.000000000000000021e-08 1.000000000000000021e-08 1.000000000000000021e-08 1.000000000000000021e-08 1.000000000000000021e-08 3.108982492602673241e-05 2.502664018963187409e-05 1.000000000000000021e-08 1.141610205953885505e-05 1.000000000000000021e-08 2.960458770837949379e-05 1.005684075247568568e-05 1.000000000000000021e-08 1.785056097003363939e-05 1.000000000000000021e-08 1.000000000000000021e-08
1.443541027281541184e-03 2.125792317601843742e-03 2.829241801684145852e-03 5.105802061112506979e-03 6.531893170969610418e-03 7.439682639601584782e-03 3.413457665017583052e-03 2.691293513675850103e-03 5.489252211277015001e-03 1.052417881429353053e-03 9.689078013024177280e-04 3.163650605099627144e-03 5.909027759297746929e-03 1.503432847923164527e-02 1.591945516326096280e-02 2.104193593669599974e-02 1.271389335750944434e-02 2.474026808491718715e-02 2.268443981082186520e-02 5.107604398672686147e-02 9.876696082286998742e-04 1.000000000000000021e-08 1.000000000000000021e-08 1.000000000000000021e-08 1.000000000000000021e-08 1.000000000000000021e-08 4.007283525536373960e-05 2.405923546606855343e-05 1.000000000000000021e-08 1.000000000000000021e-08 1.000000000000000021e-08 1.000000000000000021e-08 1.000000000000000021e-08 1.000000000000000021e-08 1.868980638615120243e-05 1.000000000000000021e-08 1.489745042498127394e-05
7.613532481276683549e-04 6.165755033837554805e-05 8.766427388250152327e-05 4.821671492298790305e-04 1.525108237279409074e-03 2.467406406505473059e-03 4.816883092784242197e-03 6.431470403956613714e-03 9.161054449746287159e-03 1.124311712902919050e-02 1.001784072151588878e-02 1.340129502802163593e-02 4.744754337353219997e-02 1.117343322484135558e-02 1.233026812255842014e-02 8.474887064286451555e-03 8.862447063213122964e-03 5.825538846086593045e-03 8.277448404706299473e-03 3.373638752859716566e-02 3.422214738336096934e-02 1.000000000000000021e-08 2.174464335321804763e-05 1.000000000000000021e-08 1.000000000000000021e-08 1.000000000000000021e-08 3.994336510653293844e-05 2.718430536436442608e-05 1.000000000000000021e-08 1.000000000000000021e-08 1.010773401406499681e-05 1.153591118998775963e-05 1.241247668613485917e-05 1.085818534268466271e-05 2.517989258338166456e-05 1.000000000000000021e-08 2.372885576017328893e-05
5.166264802834510950e-04 2.819221120441202811e-04 1.713064680242157127e-04 1.150036642614847896e-04 9.073403960527048158e-05 7.125250768691402162e-05 7.705532705440371445e-05 6.694884997611180255e-05 4.682787338083136514e-05 5.166127128362881996e-05 1.893594739270395948e-03 1.370245542763572338e-03 7.422506686138771173e-04 1.000000000000000021e-08 4.301579697875711249e-05 1.000000000000000021e-08 1.265292566800982343e-03 4.597613660073939261e-04 1.292416056323197849e-03 2.152901148234638226e-02 3.224794444594225595e-02 1.077956558449282010e-02 1.000000000000000021e-08 1.000000000000000021e-08 1.000000000000000021e-08 1.000000000000000021e-08 1.000000000000000021e-08 4.471772316070028004e-05 2.494565586290106355e-05 1.000000000000000021e-08 1.000000000000000021e-08 1.128254233621114014e-05 1.999474096432008794e-05 1.370767574419186075e-05 1.000000000000000021e-08 1.000000000000000021e-08 5.210483532613140027e-05
2.483094338705110760e-04 2.928585433580225368e-04 2.593272235514269960e-04 2.235210075297361018e-04 1.992419895947164868e-04 2.006052170002857091e-04 1.877272495987452369e-04 1.724442502049944499e-04 4.163632953739393352e-04 2.365929479351515038e-04 4.736608783467540960e-04 3.730406830419104054e-04 4.922237925414620031e-04 2.943626414320864803e-04 1.355603726397079190e-04 1.000000000000000021e-08 9.057502747758770258e-05 4.616050391996006605e-05 9.672646080870719214e-04 1.395092802138704277e-02 7.937683567286976660e-02 3.268201825550884343e-02 2.351887597613189879e-04 1.135570104350734059e-05 1.000000000000000021e-08 1.000000000000000021e-08 1.000000000000000021e-08 6.335733473630164841e-05 2.928041637530492239e-05 3.037297248904740000e-05 1.000000000000000021e-08 1.995457222998199524e-05 1.000000000000000021e-08 1.111326583463721475e-05 1.285252630220511167e-05 1.000000000000000021e-08 8.559301561620496265e-05
1.000000000000000021e-08 1.410983833159129191e-05 3.450204339768281607e-05 5.716656086466840334e-05 3.965728937097223674e-04 5.015729402980942039e-04 6.181150096908506883e-04 7.576030961191353597e-04 9.808768333650491611e-04 1.097718274404521806e-03 9.769020613421947031e-05 5.011652645007073914e-04 5.554420104096035845e-04 5.174637367345383547e-05 1.860849397363911501e-05 2.869335871702369370e-05 7.466127638529551852e-05 3.801074507709699467e-05 7.474812340313002337e-04 1.241753416404469540e-02 3.587711505880868124e-02 8.194270063688248451e-02 3.270482360379982356e-02 1.814690544556409719e-04 1.854373306481780066e-05 2.330632884542946378e-05 4.483602513286475875e-05 5.960921366822072846e-05 3.714522725377896389e-05 1.000000000000000021e-08 1.496532987355195456e-05 1.000000000000000021e-08 1.000000000000000021e-08 2.904548258990084181e-05 1.018130870852690624e-05 1.528718853619063139e-05 1.179450644746553745e-04
1.000000000000000021e-08 1.000000000000000021e-08 1.000000000000000021e-08 3.645472732086233727e-05 3.423449519352596802e-03 1.950731886920049199e-05 2.684001532853710551e-05 2.158768961752601586e-05 2.456373469444697827e-04 1.990206686055423794e-04 9.340239379734447626e-05 1.779968046338274571e-04 1.929498949645242411e-04 9.038946282351104479e-04 6.761998028076061408e-04 5.809202614831819426e-03 1.306942420286686648e-04 1.116713195592065628e-03 8.979499403961572037e-04 2.449282376845327187e-03 2.660525145175645875e-04 2.251205998489123547e-02 2.265186908258866316e-02 2.064099050077389599e-02 8.896155202125711938e-05 1.000000000000000021e-08 1.000000000000000021e-08 5.241256454374880431e-05 5.685638949980191753e-05 1.000000000000000021e-08 1.000000000000000021e-08 1.000000000000000021e-08 1.000000000000000021e-08 5.655768047024453785e-05 1.188603966572320985e-05 9.309182724711730452e-05 1.146069188354891059e-04
1.000000000000000021e-08 1.000000000000000021e-08 1.000000000000000021e-08 1.896096624597350648e-05 2.099405523630410884e-04 1.983689307540016308e-05 1.000000000000000021e-08 1.000000000000000021e-08 1.000000000000000021e-08 1.221995082041622416e-05 3.280662980677984293e-04 5.893331097484695797e-04 7.755988173985008376e-04 9.509068692631292025e-04 9.309973700517611833e-04 1.514882869868396011e-03 3.956449345560231375e-03 2.263126893940848802e-02 6.269066905302151174e-03 2.167145702180633179e-03 3.501112483904786268e-03 2.194283824562778817e-02 2.804618352200257195e-02 2.640192931798031328e-02 2.293211140209413038e-02 5.166270621532002665e-03 5.719833652524962571e-03 7.821408842462159513e-05 5.681188054574190754e-05 1.000000000000000021e-08 1.000000000000000021e-08 1.000000000000000021e-08 4.620214005891670354e-05 5.286680581433386418e-05 5.898471173878581746e-05 7.758271191299753722e-05 1.460883487985063550e-04
4.802157580437212549e-05 1.576293419940923249e-05 2.976193589764748862e-05 1.000000000000000021e-08 2.645643994339092440e-04 3.343876199395865454e-05 4.203569784585178338e-05 1.314833163215070107e-05 2.333287638048176654e-04 1.810237629895627162e-04 2.338719372659876653e-04 3.443825318934406522e-04 2.099239013737281688e-04 5.795351556684739339e-04 2.783020697069424083e-03 3.081413006151128078e-03 2.572704233308548138e-03 2.043810135029648558e-03 2.904012059324532005e-02 9.822393614810596973e-03 9.353108933794380964e-03 1.416965256768717984e-02 5.551407311458517874e-02 1.042393415016318603e-01 3.554350104009832562e-02 1.678884378515222917e-02 2.315696897007560318e-02 7.612756139814850706e-04 4.171608384059766401e-05 3.014611595299958817e-05 2.483906065948714858e-05 2.332852959990036281e-05 5.627612548401628081e-04 1.086829500799739770e-04 1.000000000000000021e-08 5.990408718862121241e-05 1.716482422253977737e-04
1.875885133388277245e-04 1.376494472752053675e-04 1.160135900626687666e-03 1.000000000000000021e-08 2.329731244730921596e-04 2.603210980838699005e-04 2.867073204880259065e-04 5.497495047539866387e-04 8.892001556363684145e-04 7.907341157798455315e-04 1.312832891520943112e-03 4.694398832585125426e-04 1.216016369139838590e-03 1.097292446594772593e-03 8.100243184907754282e-04 5.318321264975568816e-04 4.877695159764998466e-05 1.555336823201838988e-03 1.001784319761896136e-03 1.078651983775571555e-03 2.269464964681988325e-04 1.471336990591357377e-02 2.896859210159657277e-02 5.762106992399692457e-02 7.210916730431411736e-02 8.366560566831564294e-02 3.980866720835274375e-01 3.948163455862409577e-01 1.453718583624972463e-03 2.435602108678237235e-04 2.800748005914712661e-04 1.313211585044438961e-05 5.604732161146909475e-02 5.002877170098672666e-02 1.270034995626019309e-03 1.000000000000000021e-08 1.468878255819109724e-04
1.677647649948706067e-04 2.519340835947517709e-04 1.293899958964900374e-03 1.000000000000000021e-08 1.000000000000000021e-08 1.000000000000000021e-08 1.000000000000000021e-08 3.292877512372366366e-05 4.745543311382460251e-05 1.190352764571190637e-03 8.421665786610444153e-04 1.034128741795188307e-04 4.699983452624672658e-05 9.819779884246156274e-05 1.588666348315193500e-04 1.751606598506465857e-04 2.543279644599531373e-04 4.254887856259372057e-04 4.491809204262221431e-04 8.827322240429216977e-04 1.866021471278481864e-02 2.340359259359993047e-02 3.522969771646326798e-02 3.347536963276760008e-02 4.681469547287777505e-02 6.719077828210862080e-02 3.835144843315801966e-01 3.731212440598847269e-01 3.263589909685224444e-01 2.593955251462546907e-01 2.761932306783260183e-01 1.895231548629048579e-01 1.316851831226113212e-01 1.589274020309292823e-01 2.448901007462588320e-01 2.572270505085790804e-01 7.958693503483873707e-03
3.039589015792524499e-04 5.828212171879191585e-03 6.365111149317479074e-03 6.820293762786449297e-03 7.175065936666759835e-05 1.512735473434256184e-05 2.363280566653138711e-05 1.792432205409749457e-05 1.000000000000000021e-08 7.676794430639163457e-04 6.048777201746671642e-04 4.310619928294315132e-04 3.312988886573775007e-04 2.531332071196017467e-04 2.267483285281456378e-04 1.924162467934886626e-04 2.397274207887878372e-04 1.000000000000000021e-08 1.823181678409488199e-04 7.896851763542271597e-04 3.913955033587609295e-02 7.360823704855359861e-02 4.046271265601803641e-02 2.209497095278252846e-02 1.157699202424239404e-02 7.465548349465473722e-03 5.006735785091472740e-03 3.600137222113891297e-03 2.016642251121216183e-03 1.711464201983885778e-03 1.505306035988435631e-03 7.726141702559015390e-02 8.860054724341494270e-02 1.405484419815814512e-01 8.378842667099428709e-02 3.621237625381489855e-01 1.869770843430931251e-01
2.074068460588773463e-02 3.343271836905463423e-03 3.887448024905438334e-03 9.172125411976992174e-03 3.889501881745678624e-02 2.507111518836236536e-02 5.318487819389207741e-03 3.657477895321661985e-03 2.564439027914131898e-03 1.224941337107804135e-03 5.873836032309809243e-04 2.933797640723083779e-04 1.864026486373459375e-04 1.164010306233874376e-04 3.023173782970168394e-04 4.357111491898969032e-04 1.492826886237197219e-02 1.034601672102471344e-02 7.203749212802677999e-03 6.782443930965918744e-02 1.144496355163796691e-01 4.783090365968294122e-02 3.070742331147444213e-04 3.763175807928783993e-05 1.819962351025118777e-05 2.236992120860450091e-05 1.000000000000000021e-08 1.000000000000000021e-08 1.557548815063684489e-05 1.144061506980106926e-05 1.772981315458222449e-04 3.488135465281892722e-02 5.259115855491389158e-02 3.856541564692649027e-02 2.429376801841352795e-02 2.310709152548709108e-02 1.414291515033128110e-01
5.322997888018925585e-05 3.669436374853933715e-05 2.917385846695351621e-05 8.162947637914038637e-05 1.000000000000000021e-08 7.027756041448239392e-03 9.770381489140203893e-03 1.062086146071760523e-02 6.820943984243438805e-03 4.635931724843808492e-03 1.017123099470873798e-03 3.304713874105291542e-04 5.281517176815956087e-04 1.376627512803392907e-03 3.781813217201700217e-02 4.513725029043758052e-02 4.304539167198585814e-02 5.435044305878401760e-02 6.099817015088961070e-02 6.380400004616765264e-02 3.090234893830771934e-02 2.231884513222403004e-04 1.000000000000000021e-08 1.061747705106782475e-05 2.138553066783887774e-05 1.910235020117956965e-05 1.000000000000000021e-08 1.000000000000000021e-08 1.000000000000000021e-08 1.237314545738643938e-03 1.674803070883865933e-03 2.003579136783745478e-03 2.395909707741488998e-03 2.398142079829859979e-03 1.291238036158613538e-03 6.627214041713796674e-03 7.492729496633572517e-02
5.139802801183642633e-05 6.844157062266536130e-05 6.822697561517148876e-05 1.206842534472475761e-04 1.161792996861090859e-05 1.000000000000000021e-08 2.229419240720511159e-05 1.612717831701465350e-03 4.765143435311184998e-03 4.841380372506823293e-03 4.077693526076120456e-03 3.747246833492727178e-03 1.470777779204143244e-02 1.380689708376048874e-01 9.276745637517989918e-02 2.826826081287312636e-02 1.829824449132404218e-02 1.709778112991207008e-02 5.454590660960491680e-03 1.547262848542046293e-03 2.139871103100594838e-05 1.000000000000000021e-08 1.000000000000000021e-08 1.000000000000000021e-08 1.134823589230375301e-05 1.566287471166296491e-05 1.812244248001390940e-05 4.430838826322879356e-04 2.425350178714423630e-03 2.061792316665750704e-03 1.653275667761398534e-03 1.014025996099957201e-02 1.542683428926733095e-03 1.370533623307345142e-03 1.613963307582156411e-04 1.153161637542210715e-04 8.997341302349191102e-04
2.704434159316169333e-04 2.564139874514293122e-04 3.555310825407431968e-04 6.298038053067494136e-04 9.625083443614169260e-05 1.000000000000000021e-08 1.731903234617620819e-05 8.517093393715393073e-04 3.599364789386577234e-03 4.748288233799355558e-03 4.580209433843462040e-03 2.600261125183326791e-02 3.504860281329395116e-02 4.782226814768056333e-02 2.298603736129860298e-02 1.912350492162238642e-03 1.000000000000000021e-08 6.344611949138556542e-05 2.005796279108138238e-05 1.000000000000000021e-08 1.000000000000000021e-08 1.000000000000000021e-08 1.000000000000000021e-08 1.000000000000000021e-08 1.018682329365259074e-05 3.320087103713731581e-05 3.259267184745848547e-03 3.334165327896214132e-03 2.177778330375302641e-03 2.468258693884338526e-04 3.017545281261144532e-04 2.899889247326268736e-04 7.852319946264131633e-05 2.439897913328120064e-05 4.543939510203277941e-05 1.000000000000000021e-08 1.000000000000000021e-08
