output/water_depth_4440.asc
ncols 223
nrows 158
xllcorner 0.0
yllcorner 0.0
cellsize 30.0
[rows 136 to 152 of 158, columns 185 to 221 of 223]
1.016805870254978750e-04 2.668248037432839289e-04 2.149818990580252328e-03 7.333478103953215976e-01 2.382326157030217884e-01 1.909140898912814390e-04 2.774687579790080169e-04 4.348932199661777035e-04 8.101613961786278788e-04 1.119256424413189819e-03 2.085586952051232072e-03 2.855711114584359722e-03 1.243362202846997472e-03 5.778107610860073670e-04 3.858623548763289520e-04 2.931787382683702695e-04 2.293220851484080024e-04 1.714573846424775319e-04 1.176408760149576818e-04 6.868607725130059774e-05 3.018942493439191556e-05 1.000000000000000021e-08 1.000000000000000021e-08 1.000000000000000021e-08 1.000000100000000021e-05 1.000000100000000021e-05 1.000000100000000021e-05 1.000000100000000021e-05 1.000000100000000021e-05 1.000000100000000021e-05 1.000000100000000021e-05 1.000000100000000021e-05 1.000000100000000021e-05 1.000000100000000021e-05 1.000000100000000021e-05 1.000000100000000021e-05 1.000000100000000021e-05
5.168718017282914536e-05 6.077116054658185233e-05 2.186205162414988669e-04 7.051300794674230099e-01 7.016372254944951425e-01 6.487254424393452679e-01 6.281104396178299396e-03 1.127602552013479750e-03 2.243445112824634345e-04 5.046325217901777727e-04 2.196761598422573413e-03 2.545537354892533390e-03 1.055763035767375317e-03 1.129711550849213722e-04 6.642851741953482503e-05 1.342828645455706480e-05 1.212250685765258825e-05 1.246590239564836714e-05 1.000000000000000021e-08 1.000000000000000021e-08 1.000000000000000021e-08 1.113798560599120366e-04 7.553418954794694428e-05 4.553567112146284998e-05 2.682404652404874585e-05 1.000000100000000021e-05 1.000000100000000021e-05 1.000000100000000021e-05 1.000000100000000021e-05 1.000000100000000021e-05 1.000000100000000021e-05 1.000000100000000021e-05 1.000000100000000021e-05 1.000000100000000021e-05 1.000000100000000021e-05 1.000000100000000021e-05 1.000000100000000021e-05
2.161155747890702153e-05 2.028983757628994959e-05 7.175059815824202263e-05 4.492826987306797193e-03 8.835762728110397105e-03 5.761071374406828705e-01 5.187616842555424768e-01 4.471228603199060014e-01 8.938355882675943012e-04 2.298454127011259921e-04 8.385464829523557508e-04 3.690428963963130068e-04 1.360387529507587094e-04 5.684782654424881540e-05 8.482576248461903801e-05 4.806346251237576692e-05 3.117470631336830369e-05 1.452465764332318777e-05 1.141326646645255845e-05 1.000000000000000021e-08 1.000000000000000021e-08 1.000000000000000021e-08 1.000000000000000021e-08 2.802789901503460480e-05 1.000000000000000021e-08 1.000000100000000021e-05 1.000000100000000021e-05 1.000000100000000021e-05 1.000000100000000021e-05 1.000000100000000021e-05 1.000000100000000021e-05 1.000000100000000021e-05 1.000000100000000021e-05 1.000000100000000021e-05 1.000000100000000021e-05 1.000000100000000021e-05 1.000000100000000021e-05
2.549234639024545350e-04 1.518676867699184042e-03 2.090848821093535580e-04 2.403790153936444316e-04 4.132325039934990922e-04 1.708722298679051519e-03 1.148201621924419252e-03 2.722395798685011137e-01 1.741140675263928017e-01 2.367008355759029747e-03 6.870574388461644097e-04 2.825099174524023675e-04 1.000000000000000021e-08 1.000000000000000021e-08 1.055328406678372283e-04 1.000000000000000021e-08 1.000000000000000021e-08 1.000000000000000021e-08 1.000000000000000021e-08 8.927069190505696166e-05 9.151393352436980170e-05 1.027206629265452751e-04 6.968810775540536175e-05 3.274860125138342358e-05 2.985471579202384431e-05 1.000000100000000021e-05 1.000000100000000021e-05 1.000000100000000021e-05 1.000000100000000021e-05 1.000000100000000021e-05 1.000000100000000021e-05 1.000000100000000021e-05 1.000000100000000021e-05 1.000000100000000021e-05 1.000000100000000021e-05 1.000000100000000021e-05 1.000000100000000021e-05
7.255537173522083258e-04 4.544736372162270469e-04 1.274051749363720818e-03 7.464519973331628592e-04 3.378473536465053696e-04 1.531533400876347324e-04 9.696096048551263726e-05 1.358294038141338589e-01 3.097495998990407173e-01 4.483431534609045796e-03 5.433452469229569986e-04 3.473536520387434257e-04 2.347371002252215808e-05 1.499633848742046065e-05 1.706346233875999496e-05 1.000000000000000021e-08 3.652198121290094695e-05 5.299039323816451697e-05 5.856529697460502893e-05 7.046485253137905070e-05 1.015537676216577882e-04 6.480425526004014052e-05 2.664890790921450742e-05 1.412787944881147605e-05 1.000000000000000021e-08 1.000000100000000021e-05 1.000000100000000021e-05 1.000000100000000021e-05 1.000000100000000021e-05 1.000000100000000021e-05 1.000000100000000021e-05 1.000000100000000021e-05 1.000000100000000021e-05 1.000000100000000021e-05 1.000000100000000021e-05 1.000000100000000021e-05 1.000000100000000021e-05
1.875279006790269397e-03 1.346552918059901963e-03 1.522009836978338798e-03 2.128868116276509681e-02 4.050313812038511783e-03 2.253701476617213893e-03 3.941076778325486481e-04 7.007386408359085606e-02 3.738635078786197163e-01 9.678463256254033397e-04 3.802687745598444980e-04 4.280767954776984680e-05 1.000000000000000021e-08 1.000000000000000021e-08 1.000000000000000021e-08 7.585239353194486972e-05 9.043329613795077009e-05 9.594739118012749661e-05 7.914158690823988314e-05 5.910169115417896894e-05 2.527883871829963300e-05 3.095985466232573319e-05 1.650699869285451353e-05 1.000000000000000021e-08 1.000000100000000021e-05 1.000000100000000021e-05 1.000000100000000021e-05 1.000000100000000021e-05 1.000000100000000021e-05 1.000000100000000021e-05 1.000000100000000021e-05 1.000000100000000021e-05 1.000000100000000021e-05 1.000000100000000021e-05 1.000000100000000021e-05 1.000000100000000021e-05 1.000000100000000021e-05
4.550703829557072033e-03 5.745433106339296186e-03 6.400259748249144225e-03 4.461578548877350586e-03 6.529319425634354593e-03 7.642193846963628821e-03 7.960096257150689469e-03 6.460091363158007582e-02 4.263431740112972879e-01 3.628153149329736899e-04 2.092534114821674554e-05 1.000000000000000021e-08 1.000000000000000021e-08 1.740131116475288303e-04 2.843087889824015023e-05 2.238682801015365884e-05 2.328846769220599587e-05 1.488030434304366947e-05 1.459745763470283898e-05 1.298361110758611367e-04 6.487447126615854601e-05 2.523791237726815678e-05 1.248866902518901809e-05 1.000000000000000021e-08 1.000000100000000021e-05 1.000000100000000021e-05 1.000000100000000021e-05 1.000000100000000021e-05 1.000000100000000021e-05 1.000000100000000021e-05 1.000000100000000021e-05 1.000000100000000021e-05 1.000000100000000021e-05 1.000000100000000021e-05 1.000000100000000021e-05 1.000000100000000021e-05 1.000000100000000021e-05
7.311586555405055407e-04 6.473235368353566542e-04 3.798537204340807021e-04 3.483544379282531149e-04 2.258738297720178036e-04 7.271485284324049551e-05 1.572364467659677400e-03 2.844811366844298903e-02 2.709470063187089384e-01 1.734533508206836938e-01 1.637733633036832746e-03 1.343169523641882907e-04 1.485765798567909826e-04 1.728957189734776678e-05 1.000000000000000021e-08 1.000000000000000021e-08 1.000000000000000021e-08 1.000000000000000021e-08 1.000000000000000021e-08 1.310095315479395163e-05 1.392855025872331417e-05 1.559888109340328401e-05 1.798037445540906357e-05 1.372704567977856921e-05 1.000000100000000021e-05 1.000000100000000021e-05 1.000000100000000021e-05 1.000000100000000021e-05 1.000000100000000021e-05 1.000000100000000021e-05 1.000000100000000021e-05 1.000000100000000021e-05 1.000000100000000021e-05 1.000000100000000021e-05 1.000000100000000021e-05 1.000000100000000021e-05 1.000000100000000021e-05
6.430048652905236660e-04 4.967283558177197487e-05 1.264562119168439504e-02 1.000000000000000021e-08 1.227205945598253004e-04 1.266505229596848767e-04 1.137559385101893878e-04 5.814662185275392640e-04 1.558945908431781657e-01 4.213786623962156308e-01 2.224213835753378454e-03 3.023330150109985819e-04 1.946429927826682734e-04 1.000000000000000021e-08 1.000000000000000021e-08 1.000000000000000021e-08 1.000000000000000021e-08 1.000000000000000021e-08 1.135145919151268994e-05 1.189258855603470618e-05 1.000000000000000021e-08 4.127615213363343871e-05 3.578271277181513908e-05 3.528415132915973688e-05 1.000000100000000021e-05 1.000000100000000021e-05 1.000000100000000021e-05 1.000000100000000021e-05 1.000000100000000021e-05 1.000000100000000021e-05 1.000000100000000021e-05 1.000000100000000021e-05 1.000000100000000021e-05 1.000000100000000021e-05 1.000000100000000021e-05 1.000000100000000021e-05 1.000000100000000021e-05
7.026439684192609895e-04 1.990834305819314020e-04 9.547331474938624066e-03 1.470730306204198886e-03 1.317651143574740833e-03 2.429880256599018006e-04 1.991118985744239056e-04 4.930167988548636452e-04 5.948710931540882735e-02 3.716174044439111701e-01 1.325335782724746531e-03 1.000000000000000021e-08 2.737594060660046254e-05 1.340707401234758007e-05 1.000000000000000021e-08 1.000000000000000021e-08 1.000000000000000021e-08 1.000000000000000021e-08 1.000000000000000021e-08 1.000000000000000021e-08 1.000000000000000021e-08 1.000000000000000021e-08 2.936545808572385127e-05 1.000000100000000021e-05 1.000000100000000021e-05 1.000000100000000021e-05 1.000000100000000021e-05 1.000000100000000021e-05 1.000000100000000021e-05 1.000000100000000021e-05 1.000000100000000021e-05 1.000000100000000021e-05 1.000000100000000021e-05 1.000000100000000021e-05 1.000000100000000021e-05 1.000000100000000021e-05 1.000000100000000021e-05
4.699580494454802374e-04 8.053666513964877075e-04 2.756521598181187367e-03 1.800218930847266585e-02 1.000000000000000021e-08 1.100057433268461081e-04 1.184308102778295902e-04 3.199921575665990998e-04 1.781807916033300576e-01 2.481701804301875147e-01 7.747025021489821689e-04 1.044440038593470035e-05 1.000000000000000021e-08 1.420569842408789195e-05 1.000000000000000021e-08 1.311065045285072172e-05 1.000000000000000021e-08 1.000000000000000021e-08 1.000000000000000021e-08 1.000000000000000021e-08 1.000000000000000021e-08 2.559033469031355706e-05 2.504307328245073614e-05 1.000000100000000021e-05 1.000000100000000021e-05 1.000000100000000021e-05 1.000000100000000021e-05 1.000000100000000021e-05 1.000000100000000021e-05 1.000000100000000021e-05 1.000000100000000021e-05 1.000000100000000021e-05 1.000000100000000021e-05 1.000000100000000021e-05 1.000000100000000021e-05 1.000000100000000021e-05 1.000000100000000021e-05
1.348644403459102090e-04 1.522450588624501850e-03 3.017782965333923578e-03 5.719742352430160458e-03 2.154139390663410702e-03 1.920310002413939867e-03 3.505903775647260714e-03 3.807658575696754380e-03 4.861894636576868933e-01 4.778333583742037094e-01 4.721873609395988991e-01 7.597898577543369314e-04 1.076069167792098351e-05 1.000000000000000021e-08 1.000000000000000021e-08 1.610924697026674485e-05 1.075568151592703708e-05 1.000000000000000021e-08 1.000000000000000021e-08 1.000000000000000021e-08 1.000000000000000021e-08 4.176843035431791388e-05 2.734986661736292906e-05 1.000000000000000021e-08 1.000000100000000021e-05 1.000000100000000021e-05 1.000000100000000021e-05 1.000000100000000021e-05 1.000000100000000021e-05 1.000000100000000021e-05 1.000000100000000021e-05 1.000000100000000021e-05 1.000000100000000021e-05 1.000000100000000021e-05 1.000000100000000021e-05 1.000000100000000021e-05 1.000000100000000021e-05
2.174040956061621711e-03 1.713183857502196704e-03 1.475547446731079876e-03 2.121233394712717518e-03 3.249028542193367185e-03 4.149732222903675279e-03 2.809282385121143928e-03 1.948238452273819447e-03 4.813714867724507851e-01 4.660067357881255146e-01 4.683680387941798196e-01 2.219576372319465203e-03 1.299231478021623135e-05 1.000000000000000021e-08 1.000000000000000021e-08 1.000000000000000021e-08 1.000000000000000021e-08 1.384313808518752680e-05 1.000000000000000021e-08 1.000000000000000021e-08 4.340949002766016345e-05 4.461777932794616717e-05 2.698940642070820625e-05 1.161947664875609579e-05 1.000000100000000021e-05 1.000000100000000021e-05 1.000000100000000021e-05 1.000000100000000021e-05 1.000000100000000021e-05 1.000000100000000021e-05 1.000000100000000021e-05 1.000000100000000021e-05 1.000000100000000021e-05 1.000000100000000021e-05 1.000000100000000021e-05 1.000000100000000021e-05 1.000000100000000021e-05
1.947117159215498261e-04 1.626663804144313510e-04 6.123235347320754715e-04 6.281818468740425808e-04 2.145064314972921354e-03 4.480774360206775300e-04 3.487321466836095754e-04 4.280976007747370918e-04 6.597637304338217767e-03 4.407646788441583197e-01 4.568101281169544836e-01 2.636731757127901377e-05 3.626117276019075316e-05 1.000000000000000021e-08 1.000000000000000021e-08 1.000000000000000021e-08 1.000000000000000021e-08 1.000000000000000021e-08 1.532575147832400221e-05 1.120660011420702140e-05 1.000000000000000021e-08 1.000000000000000021e-08 2.717076766324340686e-05 1.882527926892246776e-05 1.000000100000000021e-05 1.000000100000000021e-05 1.000000100000000021e-05 1.000000100000000021e-05 1.000000100000000021e-05 1.000000100000000021e-05 1.000000100000000021e-05 1.000000100000000021e-05 1.000000100000000021e-05 1.000000100000000021e-05 1.000000100000000021e-05 1.000000100000000021e-05 1.000000100000000021e-05
2.892961916765386172e-05 6.569662693152159190e-05 1.301573002585724049e-03 1.227958181804284128e-02 2.038627168863897578e-03 9.675392433160771464e-05 1.650776539149746507e-04 1.321005096728570182e-04 7.232879036760529083e-04 3.841159379832131959e-01 7.343812035607498413e-05 5.576410330988375638e-05 7.404548975676343754e-05 1.000000000000000021e-08 1.000000000000000021e-08 1.000000000000000021e-08 1.976450398330360623e-05 1.931368568635539153e-05 1.897348586689890173e-05 1.009583456048039386e-05 1.000000000000000021e-08 1.000000000000000021e-08 1.000000000000000021e-08 1.838801118343025078e-05 1.000000100000000021e-05 1.000000100000000021e-05 1.000000100000000021e-05 1.000000100000000021e-05 1.000000100000000021e-05 1.000000100000000021e-05 1.000000100000000021e-05 1.000000100000000021e-05 1.000000100000000021e-05 1.000000100000000021e-05 1.000000100000000021e-05 1.000000100000000021e-05 1.000000100000000021e-05
2.394373512505963491e-04 1.790918694795064431e-04 7.399288907409007918e-04 5.287600368229884240e-04 5.150245596844708548e-04 1.260402589031102199e-04 4.229978778381715272e-05 8.094112806921843458e-05 3.767300532579665926e-04 2.864922901063733929e-01 1.915129668183836731e-01 9.516346808532211154e-02 9.398555887846790635e-02 7.889562162791907099e-05 1.000000000000000021e-08 1.000000000000000021e-08 1.000000000000000021e-08 1.129229334090964081e-05 1.000000000000000021e-08 1.000000000000000021e-08 1.000000000000000021e-08 1.000000000000000021e-08 1.027358358052800427e-05 1.000000000000000021e-08 1.136395859823251807e-05 1.000000100000000021e-05 1.000000100000000021e-05 1.000000100000000021e-05 1.000000100000000021e-05 1.000000100000000021e-05 1.000000100000000021e-05 1.000000100000000021e-05 1.000000100000000021e-05 1.000000100000000021e-05 1.000000100000000021e-05 1.000000100000000021e-05 1.000000100000000021e-05
4.185807898656943287e-04 4.253104598126916983e-04 2.271932327836949264e-04 1.371317106135313147e-04 1.144560258785340601e-04 1.107117659157144955e-04 1.072076653100522000e-04 2.038928780672898036e-03 2.298277764453250660e-01 2.552459454336268863e-01 1.806345976110168006e-01 2.722259789427584065e-01 2.643623981515401677e-01 1.859657071336789369e-01 4.436100509097001105e-04 1.000000000000000021e-08 1.000000000000000021e-08 1.000000000000000021e-08 1.000000000000000021e-08 1.000000000000000021e-08 1.000000000000000021e-08 1.000000000000000021e-08 1.000000000000000021e-08 1.000000000000000021e-08 1.816290017320732644e-05 1.000000100000000021e-05 1.000000100000000021e-05 1.000000100000000021e-05 1.000000100000000021e-05 1.000000100000000021e-05 1.000000100000000021e-05 1.000000100000000021e-05 1.000000100000000021e-05 1.000000100000000021e-05 1.000000100000000021e-05 1.000000100000000021e-05 1.000000100000000021e-05
