output/water_depth_480.asc
ncols 223
nrows 158
xllcorner 0.0
yllcorner 0.0
cellsize 30.0
[rows 0 to 16 of 158, columns 111 to 147 of 223]
1.000000100000000021e-05 1.000000100000000021e-05 1.000000100000000021e-05 1.000000100000000021e-05 1.000000100000000021e-05 1.000000100000000021e-05 1.000000100000000021e-05 1.000000100000000021e-05 1.000000100000000021e-05 1.000000100000000021e-05 1.000000100000000021e-05 1.000000100000000021e-05 1.000000100000000021e-05 1.000000100000000021e-05 1.000000100000000021e-05 1.000000100000000021e-05 1.000000100000000021e-05 1.000000100000000021e-05 1.000000100000000021e-05 1.000000100000000021e-05 1.000000100000000021e-05 1.000000100000000021e-05 1.000000100000000021e-05 1.000000100000000021e-05 1.000000100000000021e-05 1.000000100000000021e-05 1.000000100000000021e-05 1.000000100000000021e-05 1.000000100000000021e-05 1.000000100000000021e-05 1.000000100000000021e-05 1.000000100000000021e-05 1.000000100000000021e-05 1.000000100000000021e-05 1.000000100000000021e-05 1.000000100000000021e-05 1.000000100000000021e-05
1.000000100000000021e-05 1.000000100000000021e-05 1.000000100000000021e-05 1.000000100000000021e-05 1.000000100000000021e-05 1.000000100000000021e-05 1.000000100000000021e-05 1.000000100000000021e-05 1.000000100000000021e-05 1.000000100000000021e-05 1.000000100000000021e-05 1.000000100000000021e-05 1.000000100000000021e-05 1.000000100000000021e-05 1.000000100000000021e-05 1.000000100000000021e-05 1.000000100000000021e-05 1.000000100000000021e-05 1.000000100000000021e-05 1.000000100000000021e-05 1.000000100000000021e-05 1.000000100000000021e-05 1.000000100000000021e-05 1.000000100000000021e-05 1.000000100000000021e-05 1.000000100000000021e-05 1.000000100000000021e-05 1.000000100000000021e-05 1.000000100000000021e-05 1.000000100000000021e-05 1.000000100000000021e-05 1.000000100000000021e-05 1.000000100000000021e-05 1.000000100000000021e-05 1.000000100000000021e-05 1.000000100000000021e-05 1.000000100000000021e-05
1.000000100000000021e-05 1.000000100000000021e-05 1.000000100000000021e-05 1.000000100000000021e-05 1.000000100000000021e-05 1.000000100000000021e-05 1.000000100000000021e-05 1.000000100000000021e-05 1.000000100000000021e-05 1.000000100000000021e-05 1.000000100000000021e-05 1.000000100000000021e-05 1.000000100000000021e-05 1.000000100000000021e-05 1.000000100000000021e-05 1.000000100000000021e-05 1.000000100000000021e-05 1.000000100000000021e-05 2.875098444526190573e-03 4.324899854199175907e-03 4.732883164472905142e-03 4.790824537401597999e-03 1.056419825949663979e-02 1.000000100000000021e-05 1.000000100000000021e-05 1.000000100000000021e-05 1.000000100000000021e-05 1.000000100000000021e-05 1.000000100000000021e-05 7.310459508902586792e-03 5.339509038810948474e-03 7.576322668954207917e-03 7.850679054980580149e-03 1.000000100000000021e-05 1.000000100000000021e-05 1.000000100000000021e-05 1.000000100000000021e-05
1.106617925300560148e-02 1.057646367174372611e-02 8.114093185585653789e-03 5.404436005166731935e-03 4.858027394468114428e-03 4.797237373720811444e-03 4.794034265985494883e-03 4.794031066019335645e-03 4.794031066019335645e-03 7.697444084200627708e-03 7.889574039964607904e-03 7.575807475107499724e-03 7.503063952495192881e-03 7.742501255405188909e-03 7.819002009832154432e-03 7.565590706251581164e-03 5.339488936886201305e-03 4.854832565317371805e-03 6.247034103211868139e-03 7.059800698875430373e-03 1.052136925416766525e-02 1.688399857794891865e-02 9.237608458790087101e-03 3.396899669448918274e-03 4.417152956987909634e-03 6.869858862121289676e-03 4.883799703834774616e-03 3.058627933239201156e-03 4.369810754102105427e-03 1.324465758461398565e-02 6.890064733028945267e-03 5.613726597765655857e-03 7.310585784302625970e-03 9.711416684812065186e-03 6.834698736174137437e-03 1.000000100000000021e-05 1.000000100000000021e-05
4.880138686515402696e-03 3.296485313507825209e-03 4.739182807026341357e-03 6.773558270374148253e-03 7.192063936776927138e-03 9.860515336061081992e-03 7.776481169998684419e-03 7.306655723091049284e-03 9.896002631854692796e-03 1.004792756189149677e-02 8.064690827461957687e-03 5.687977150291460143e-03 5.203198849382665789e-03 7.099110797887638394e-03 7.523833447425233752e-03 5.625752577141735801e-03 9.179081279517329814e-03 1.321925777137463766e-02 1.506643914298789674e-02 1.549530826477590884e-02 1.225385548069160557e-02 6.408297092881191752e-03 5.342109197487443333e-03 6.409405887092966755e-03 7.090856983899962787e-03 1.030748693597819364e-02 7.405666480419381345e-03 4.671851455327382871e-03 6.658404956574183291e-03 1.534014033258669467e-02 8.093821640790945654e-03 8.634933292489646237e-03 2.881111633809875679e-03 2.983875830245475650e-03 3.763288304612311987e-03 7.447940606077249268e-03 7.072586683100671144e-03
5.266961416333427494e-03 6.355368785984560551e-03 7.123890524594268109e-03 7.719488560082633094e-03 7.837894937160552050e-03 7.989150561727824396e-03 1.095911313272703198e-02 8.453259614265943092e-03 8.518615205591346246e-03 3.899959685618038623e-03 4.810963841899502935e-03 6.828731727541404936e-03 7.258209841979502454e-03 5.595863415269793778e-03 5.211232302637769549e-03 6.888314849215627922e-03 5.871269871712708234e-03 4.807410080317040153e-03 6.635296229519250556e-03 7.156161898269298646e-03 7.346111531382727537e-03 8.030313843936280963e-03 1.359518563958287372e-02 1.526434159986335068e-02 9.178725548549360874e-03 8.576827621068030746e-03 1.021942580769527077e-02 5.514692278606382614e-03 1.114105661086267629e-02 1.452010984280481705e-02 7.515797799346425265e-03 5.805625565814685057e-03 6.709544667769174603e-03 6.671155687212983361e-03 6.424977887849915234e-03 5.249114917348705715e-03 5.997513170141672775e-03
1.255451459018756127e-02 1.103779730454350003e-02 8.452850360567632643e-03 7.968559683372102020e-03 7.921479437113397928e-03 5.701708427430605443e-03 1.046429020611257601e-02 1.471352699881632760e-02 9.512071016971577336e-03 7.176929358770090320e-03 7.208502892349012703e-03 1.004601177862791961e-02 6.014743191293092824e-03 6.996135034746353912e-03 7.271911086804417647e-03 7.735882807623662739e-03 1.266706665440638438e-02 4.577618792007119922e-03 4.422317307975573257e-03 4.718674368463940741e-03 5.444079188282889385e-03 1.062572413986296108e-02 7.925904739654167017e-03 7.739664448849603584e-03 1.416749785193557182e-02 1.545572682334265049e-02 1.607402761801009911e-02 1.148135620272274990e-02 1.829618928853722626e-02 7.365241123244389322e-03 1.014181621374736150e-02 7.471881168289353468e-03 7.779882709014297043e-03 7.770308972062290112e-03 7.667937007767855473e-03 7.203037331141482966e-03 6.463987919773595860e-03
3.739506322831100040e-03 5.277828267307234540e-03 7.426680997827740313e-03 7.871208058072322322e-03 7.918327414695038036e-03 7.439987997344967366e-03 6.912664811529490964e-03 6.728779867894142674e-03 9.404326397420004202e-03 8.211402933370359758e-03 7.898520230350791413e-03 1.150946156186749905e-02 1.136402386593308306e-02 1.483939755370980960e-02 1.558249445105927035e-02 1.558374838304613791e-02 1.286615596355778976e-02 1.630277707007805194e-02 5.511836718104889780e-03 4.625751769048890537e-03 9.639332492169132294e-03 1.096254356839133220e-02 5.294600504787068916e-03 6.339694064167511467e-03 6.662555600355214019e-03 6.709532104646010429e-03 6.712720980153487164e-03 7.951577400285318384e-03 1.032980866778493781e-02 9.918012023004638480e-03 6.080755880436245799e-03 7.871168581272892234e-03 7.915076823514633278e-03 7.915057623444831866e-03 7.905445486626073298e-03 7.828631348270088941e-03 7.487223277070976721e-03
6.407585677875127055e-03 1.337612145561676430e-02 1.200116255384819919e-02 1.448150910927748988e-02 9.149902182884639412e-03 7.999138761437886089e-03 3.829208756810354580e-03 2.990650502574378027e-03 2.881121454897463390e-03 6.895332411927181278e-03 1.175105881907645075e-02 1.131748686027558154e-02 1.161188443308850543e-02 8.577048860656457871e-03 8.438457594724849131e-03 7.207855925839491869e-03 7.609190060788628522e-03 7.751362278390539276e-03 1.267167953400955178e-02 1.351706013637764617e-02 8.401545288502046752e-03 9.001670576397682866e-03 3.801527781872417362e-03 3.017547744998107240e-03 2.899453970526034291e-03 2.874752478505495160e-03 2.874717188019228382e-03 4.662352740867999577e-03 7.572888393947019813e-03 1.460111542109613497e-02 7.488401217501329879e-03 7.918327414695038036e-03 7.921513090327304482e-03 7.921513090327304482e-03 7.921500290280769629e-03 7.918240777866836916e-03 7.879776777913016783e-03
1.370804354437010764e-02 8.005163138927552657e-03 1.011289945727487233e-02 6.098278535027849660e-03 7.630369761768330400e-03 7.876753582144980018e-03 6.967066763622521176e-03 6.731978580041565567e-03 6.712749780121764556e-03 1.080799010274772175e-02 1.492155546734090163e-02 6.052762856128418752e-03 7.123570944799817450e-03 7.708180095682715463e-03 9.820729116560332830e-03 5.139504657760462017e-03 5.907997391481948322e-03 6.595546741204695584e-03 5.193225338120759788e-03 3.336408197532970792e-03 4.439664882183898265e-03 3.238709951615115906e-03 4.260869106695672724e-03 6.175993167648509072e-03 6.643133777556309121e-03 6.709504638360764238e-03 6.712720980153487164e-03 7.177592881812112913e-03 1.111443419285250075e-02 1.227515736363497638e-02 7.871210755815507415e-03 7.921516290293462853e-03 7.921519490259621224e-03 7.921519490259621224e-03 7.921519490259621224e-03 7.921516290293462853e-03 7.921445890219425134e-03
4.315382489398568097e-03 3.048631498217825499e-03 2.884323588018257618e-03 6.582255356859635989e-03 1.036040185875003808e-02 1.150245696365762363e-02 1.113512663507045322e-02 1.072197728347161830e-02 8.331871580498651994e-03 1.112758028942179012e-02 1.419336649987113994e-02 3.310657022388719620e-03 5.543993950682001536e-03 6.508989669596000789e-03 6.696766378349518212e-03 1.025520247736324934e-02 3.167386983357388906e-03 2.720560408614902670e-03 4.362448184987996816e-03 6.247864607116449670e-03 5.147773285988815548e-03 6.348731416523757144e-03 7.034873195147763048e-03 7.630983232770328223e-03 7.770227283612863439e-03 7.779882709014297043e-03 7.779895508969881211e-03 7.844650497549688836e-03 1.173628821637634836e-02 1.185440704162200529e-02 7.918327414695038036e-03 7.921519490259621224e-03 7.921519490259621224e-03 7.921519490259621224e-03 7.921519490259621224e-03 7.921519490259621224e-03 7.921516290293462853e-03
1.010535522491153547e-02 1.004528430095032350e-02 9.952159272697130854e-03 7.948800211546496255e-03 8.777946773987747170e-03 1.089397830369739743e-02 8.941808305693420972e-03 6.247813225092760034e-03 1.019826744291289951e-02 8.370449748412889246e-03 9.745542057343833942e-03 5.155492544564807544e-03 2.071939583572939177e-03 2.587561593811835148e-03 2.837180008641249519e-03 2.871542276438655318e-03 5.599468909967975777e-03 6.549042692399476874e-03 7.112399961074211685e-03 7.647938841450619210e-03 7.354708298221035272e-03 7.667151414256901006e-03 7.822952906821835709e-03 7.905386198121654856e-03 7.915057623444831866e-03 7.915076823514633278e-03 7.915076823514633278e-03 7.918291977962021305e-03 1.180475302837905201e-02 1.185551145614464549e-02 8.408129585581869750e-03 1.023744511091437097e-02 7.921519490259621224e-03 7.921519490259621224e-03 7.921519490259621224e-03 7.921519490259621224e-03 7.921519490259621224e-03
1.055645605974145189e-02 9.320435479345589441e-03 8.195215470160466600e-03 5.725898688412615206e-03 1.020784473435732385e-02 6.554023494173404421e-03 7.773595187982764235e-03 7.496373208773244971e-03 8.746327362984449710e-03 7.621706480126400236e-03 5.326381957399571772e-03 4.874222963125037292e-03 5.920411017521146416e-03 6.566951550844048018e-03 6.699971711527421062e-03 8.995587439437303587e-03 5.706284317650245352e-03 7.322074437338110635e-03 7.787500348053678044e-03 7.902233547970051106e-03 7.857087709448630497e-03 7.905464023583285565e-03 7.918255148337872279e-03 7.921500290280769629e-03 7.921513090327304482e-03 7.921513090327304482e-03 7.921513090327304482e-03 1.055118413574455787e-02 1.229000701927667263e-02 1.186116005723849773e-02 7.541914214739032368e-03 6.092207164893280978e-03 7.921519490259621224e-03 7.921519490259621224e-03 7.921519490259621224e-03 7.921519490259621224e-03 7.921519490259621224e-03
8.359665276925321714e-03 1.067372293973399729e-02 6.238467243386884575e-03 1.328566476322036449e-02 8.902408598255228886e-03 1.024804736373751898e-02 8.685693051349672317e-03 1.062201723856335579e-02 1.059639825807157792e-02 6.145537833071404790e-03 5.001343589312648268e-03 6.735771098642241717e-03 7.546111827918744290e-03 7.757504640535139821e-03 1.011318425151424248e-02 6.416408787670934734e-03 7.083345084988346661e-03 7.767271879579007790e-03 7.905517054855103892e-03 7.921484290268078141e-03 7.918307756876552181e-03 7.921500290280769629e-03 7.921516290293462853e-03 7.921519490259621224e-03 1.198296191696969493e-02 6.667127330174087846e-03 7.532722151513250239e-03 8.008382982048598345e-03 1.503640949179240426e-02 1.382142143518742990e-02 1.543593624690560440e-02 1.064578108135684487e-02 7.921519490259621224e-03 7.921519490259621224e-03 7.921519490259621224e-03 7.921519490259621224e-03 7.921519490259621224e-03
7.962153001239735337e-03 7.918256099032683348e-03 1.362986525445618845e-02 8.940745111335367951e-03 7.089394744611732246e-03 6.738389246852117750e-03 9.343055929037665658e-03 8.421205494522829987e-03 5.422560896884122406e-03 6.735368920306066855e-03 7.156065820977042073e-03 7.702077402877572330e-03 7.892599069686791202e-03 7.915032023442715448e-03 8.402311912772953556e-03 9.885171071668785378e-03 5.967978975727018798e-03 7.471229248489787145e-03 7.871171384881260266e-03 7.918327414695038036e-03 7.921513090327304482e-03 7.921519490259621224e-03 1.055180899650953047e-02 7.833715318289309615e-03 4.939066120094957185e-03 6.724790897437439054e-03 7.745853680712266529e-03 5.688349080247754284e-03 1.240495893142856167e-02 1.228604488062641151e-02 1.510266431904793913e-02 1.110524544636038932e-02 1.067354601549236684e-02 7.921519490259621224e-03 7.921519490259621224e-03 7.921519490259621224e-03 7.921519490259621224e-03
7.667191471132051191e-03 7.770289108970851975e-03 7.364323104133896694e-03 6.844661647751005759e-03 3.703640021371636462e-03 2.984236635888615988e-03 2.881115054874196398e-03 4.694346757903511067e-03 4.830302544216269998e-03 5.058552130091870450e-03 1.238698833148616125e-02 1.120673429638371563e-02 1.084015101589903482e-02 8.469298786980895485e-03 1.421527143374502408e-02 1.588653188018239806e-02 1.119339098859395074e-02 8.454374742991301039e-03 7.971883433487770773e-03 7.924708365767097959e-03 7.921522690316729412e-03 7.921519490259621224e-03 8.450525514394636659e-03 7.962330043205536473e-03 7.112131694243241722e-03 7.699287734426130125e-03 7.892855332824789266e-03 7.439951941427960097e-03 1.275638131154837804e-02 4.906556407468285093e-03 5.335793617032525901e-03 6.408748034869654608e-03 1.017800545824857315e-02 1.568205850871405918e-02 1.568205850871405918e-02 1.568205850871405918e-02 1.568204250870136943e-02
6.362066639298669980e-03 6.661173761035266323e-03 5.203620232674546243e-03 3.336421530634348966e-03 5.951380747314639029e-03 6.606419665417585275e-03 6.706329513321786576e-03 7.178958645449407504e-03 7.254080464003587712e-03 7.295414117374699435e-03 3.765119402937368298e-03 5.299495174421596511e-03 5.613747674452066773e-03 9.790152616305244568e-03 7.357475911971656651e-03 6.775923334402856636e-03 6.057648901503114025e-03 7.536699930091951376e-03 7.877598213594561721e-03 7.918337014775412783e-03 1.023744191094821260e-02 6.092207164893280978e-03 7.548592387133490865e-03 7.872959318223972033e-03 7.828725236044798211e-03 7.899220588110133709e-03 7.921468290346334734e-03 1.361583574052444186e-02 6.088365536805755325e-03 5.427682282915263778e-03 8.585628534410461726e-03 1.080022912161763063e-02 1.067354601549236684e-02 7.921519490259621224e-03 7.921519490259621224e-03 7.921516290293462853e-03 7.918282614714068288e-03
