output/water_depth_9120.asc
ncols 223
nrows 158
xllcorner 0.0
yllcorner 0.0
cellsize 30.0
[rows 68 to 84 of 158, columns 37 to 73 of 223]
1.000000000000000021e-08 1.000000000000000021e-08 1.000000000000000021e-08 1.011139168267647988e-05 1.000000000000000021e-08 1.000000000000000021e-08 1.000000000000000021e-08 1.075878676132813544e-05 1.000000000000000021e-08 1.000000000000000021e-08 1.000000000000000021e-08 1.000000000000000021e-08 1.000000000000000021e-08 1.000000000000000021e-08 1.820306966128145147e-05 1.000000000000000021e-08 1.000000000000000021e-08 1.510279276852761479e-05 1.503592706972046775e-05 1.000000000000000021e-08 1.000000000000000021e-08 1.000000000000000021e-08 2.260413689837032782e-05 1.265559711641222598e-03 2.512540184404709557e-04 1.000000000000000021e-08 1.000000000000000021e-08 1.000000000000000021e-08 1.000000000000000021e-08 1.000000000000000021e-08 1.000000000000000021e-08 1.000000000000000021e-08 1.000000000000000021e-08 1.000000000000000021e-08 1.000000000000000021e-08 1.000000000000000021e-08 1.000000000000000021e-08
1.000000000000000021e-08 1.000000000000000021e-08 1.000000000000000021e-08 1.000000000000000021e-08 1.000000000000000021e-08 1.000000000000000021e-08 1.000000000000000021e-08 1.000000000000000021e-08 1.080468728113566079e-05 2.050834060484600478e-05 2.718598453293320463e-05 1.000000000000000021e-08 1.000000000000000021e-08 1.682378510299191722e-05 2.008187899939570045e-05 1.000000000000000021e-08 1.000000000000000021e-08 1.142513734571767274e-05 1.000000000000000021e-08 1.000000000000000021e-08 1.000000000000000021e-08 1.000000000000000021e-08 1.919838105897784064e-05 3.132654965712924439e-05 1.404963273133005050e-04 9.730745210456634171e-04 1.000000000000000021e-08 1.000000000000000021e-08 1.000000000000000021e-08 1.000000000000000021e-08 1.000000000000000021e-08 1.000000000000000021e-08 5.104837072805662115e-05 3.554545340584575617e-04 5.607755859784126131e-04 6.063914961221633865e-04 4.803721550370042455e-04
1.000000000000000021e-08 1.000000000000000021e-08 1.000000000000000021e-08 1.000000000000000021e-08 1.000000000000000021e-08 1.000000000000000021e-08 1.000000000000000021e-08 1.051469771693597910e-05 2.444846832425456355e-05 2.571438217199384116e-05 2.383393455372275296e-05 3.839196143515253217e-05 2.280844495053670445e-05 1.934836304695270465e-05 1.655396022035868239e-05 1.748186286617057131e-05 3.661906085957825774e-05 1.000000000000000021e-08 1.000000000000000021e-08 1.000000000000000021e-08 1.000000000000000021e-08 3.317928036834007108e-05 1.803912749511662808e-05 2.598960370379227707e-05 1.000000000000000021e-08 1.000000000000000021e-08 1.000000000000000021e-08 1.000000000000000021e-08 1.000000000000000021e-08 2.275929832492644165e-05 2.244594963758738692e-05 2.660706760609158868e-04 4.415555808302648491e-04 4.602290052299312759e-04 4.427440418998358296e-04 4.862847495279704188e-04 6.836184335126450386e-04
1.000000100000000021e-05 2.233324534448270042e-05 1.000000000000000021e-08 1.000000000000000021e-08 1.000000000000000021e-08 1.000000000000000021e-08 1.000000000000000021e-08 1.000000000000000021e-08 1.024654412452411734e-05 1.000000000000000021e-08 1.140100666966259759e-05 2.102578005539746566e-05 5.093908659610516589e-05 3.949120738918069013e-05 3.635112423213414016e-05 4.686116642954469685e-05 1.480279450472626792e-04 3.007670954458223226e-04 1.617034963484271419e-04 1.088579924812832516e-04 6.705814698573950522e-05 1.124768791384539690e-04 1.548360990918685792e-03 1.217819713940180307e-04 6.890428674934413462e-05 1.000000000000000021e-08 1.000000000000000021e-08 1.000000000000000021e-08 1.062234002420262410e-05 6.547582930384519243e-05 1.400814217583529219e-04 3.555261951867293526e-04 3.876809224434578285e-04 3.492993071336650355e-04 3.489881143772167907e-04 4.362094992123823805e-04 4.799593499727104967e-04
2.365923243608607286e-05 5.491747771195364298e-05 3.479436299481558127e-05 1.930284948537687705e-05 1.000000000000000021e-08 1.000000000000000021e-08 1.000000000000000021e-08 1.000000000000000021e-08 8.407476103373876235e-05 7.153313143310678331e-05 1.000000000000000021e-08 1.000000000000000021e-08 9.381257608243529758e-05 1.855718112706455133e-04 2.144671565566481030e-04 2.301979802245170527e-04 1.963072806291232678e-04 1.664517672487824610e-04 2.065796614008811411e-04 1.912818762145443755e-04 1.519562002031872735e-04 7.672335210997599996e-05 1.904868762889822865e-04 1.966249869419023149e-04 1.747849747976111870e-04 1.000000000000000021e-08 5.167774344657463138e-04 4.634914259477809100e-04 6.325175406538390563e-04 6.126981930739174844e-04 9.323167289880146839e-04 4.809435864362878290e-04 3.889929641446101833e-04 3.188861089207874785e-04 2.420298836204264992e-04 1.896403299436725696e-04 2.222550520411579013e-04
3.088819304520708454e-05 2.105224208014475282e-05 4.591122053486739423e-05 1.000000000000000021e-08 1.000000000000000021e-08 1.000000000000000021e-08 1.000000000000000021e-08 2.582538587707931067e-05 1.071534202081351561e-04 1.870225251692725300e-04 1.238632517598402868e-04 1.448131799766240826e-04 1.289950150386130084e-04 1.367163292642009707e-04 8.506672891943854991e-05 7.725872906130211773e-05 5.907737820362975395e-05 4.467315508372368557e-05 3.726245866518151548e-05 1.596880979032683169e-04 2.044175319001527522e-04 1.761875783617161976e-04 1.447180878842132049e-04 4.225750716643007538e-04 5.112815904148475862e-04 6.782082216999195130e-04 4.564827592572287280e-04 2.634554889396332512e-04 1.934412537260485874e-04 1.631771868112049599e-04 1.102609181101421836e-04 8.859056722925516081e-05 6.491972624894117288e-05 5.320690676019980192e-05 5.730187166374241887e-05 4.569956962186536627e-05 4.099502569744689292e-05
9.792977181288323456e-05 1.240797443860113566e-04 1.333054759380364167e-04 1.503054939015247590e-04 1.721624852472828759e-04 2.504906943738433858e-04 2.769221054086154596e-04 2.596135393353446777e-04 1.951581792411106596e-04 1.000000000000000021e-08 1.000000000000000021e-08 1.000000000000000021e-08 1.000000000000000021e-08 1.000000000000000021e-08 1.000000000000000021e-08 1.227816661810225494e-05 1.719955465246564860e-05 1.603733577731271889e-05 1.017074716204608417e-05 1.071718667059428826e-05 1.000000000000000021e-08 1.253412762959252985e-04 2.386465183656960348e-04 3.293316727805141149e-04 3.189695446538825705e-05 1.000000000000000021e-08 1.000000000000000021e-08 1.000000000000000021e-08 1.188983420727409749e-05 1.646770323289180348e-05 1.929107247565948550e-05 1.609134861465696717e-05 1.333082057962911564e-05 1.302686188692082198e-05 1.616496531577131402e-05 1.373358510210951253e-05 1.000000000000000021e-08
9.376842066149789672e-04 5.829896518766068100e-05 4.780676271602071515e-05 4.285162768145271938e-05 3.756123523759158080e-05 2.885123547506135403e-05 2.499548669872270930e-05 1.000000000000000021e-08 1.000000000000000021e-08 1.000000000000000021e-08 1.000000000000000021e-08 1.000000000000000021e-08 1.000000000000000021e-08 1.000000000000000021e-08 1.000000000000000021e-08 1.000000000000000021e-08 1.788513528169151479e-05 2.211444921754615890e-05 2.179683965972183408e-05 2.160988373805852454e-05 2.185101580356102330e-05 2.506149589009941267e-05 6.794859196508043660e-05 1.509263088600437466e-05 1.000000000000000021e-08 1.000000000000000021e-08 1.000000000000000021e-08 1.000000000000000021e-08 1.229085217919599473e-05 1.232701615148307192e-05 1.000000000000000021e-08 1.767379756271687737e-05 1.487697742155619251e-05 1.475520017038661228e-05 1.057220197119062289e-05 1.000000000000000021e-08 1.000000000000000021e-08
1.526551561280223431e-05 2.844846899240608770e-05 1.000000000000000021e-08 1.000000000000000021e-08 1.141414986765661768e-05 1.000000000000000021e-08 1.000000000000000021e-08 1.000000000000000021e-08 1.000000000000000021e-08 1.000000000000000021e-08 1.000000000000000021e-08 1.000000000000000021e-08 1.000000000000000021e-08 1.000000000000000021e-08 1.000000000000000021e-08 1.000000000000000021e-08 1.244512532710170721e-05 4.057092869211430551e-05 4.277626394309948493e-05 3.327314880604059425e-05 3.859654170325264947e-05 8.695601433065409394e-05 1.448306376171250000e-05 1.085394384838637767e-05 1.000000000000000021e-08 1.000000000000000021e-08 1.000000000000000021e-08 1.000000000000000021e-08 1.000000000000000021e-08 1.000000000000000021e-08 1.000000000000000021e-08 1.000000000000000021e-08 1.343092630541340083e-05 1.682740510120072966e-05 1.824787187932185937e-05 1.406946572931758084e-05 1.308160056601655015e-05
1.187290871803365594e-05 2.083289566141212248e-05 2.857991560071861724e-05 1.999383548635618507e-05 2.359373782464143680e-05 3.345606236329799011e-05 3.043936508513651776e-05 2.460596723912116958e-05 2.078752417417060032e-05 1.609463764743653273e-05 1.475113614363687267e-05 1.362010571709908140e-05 1.644876663749168141e-05 1.560723442980808013e-05 1.668559816934551447e-05 1.484962155348039794e-05 2.314078641972580345e-05 3.799277835318990267e-05 4.223955539921930456e-05 5.069008085852383995e-05 4.717928847671907171e-05 1.114274911508880559e-04 9.060240217997092387e-05 1.000000000000000021e-08 1.000000000000000021e-08 1.000000000000000021e-08 1.000000000000000021e-08 1.000000000000000021e-08 1.000000000000000021e-08 1.000000000000000021e-08 1.010943944935724672e-05 1.200360194242402490e-05 1.748553544479865038e-05 2.207710581122460512e-05 2.507132190755599152e-05 2.412247203642270974e-05 3.508188277772820101e-05
1.142102304114525984e-05 1.954283458371569126e-05 2.661682164258045411e-05 1.000000000000000021e-08 1.251859020727275354e-05 2.227226284980692212e-05 4.723918460358955538e-05 3.939642691389736107e-05 3.934523543092944821e-05 1.000000000000000021e-08 4.632008849840350123e-05 7.352820680069839672e-05 7.360262914277176547e-05 9.147425605239118903e-05 1.080952507454106554e-04 1.098956611301267635e-04 9.371799097582631151e-05 8.414488279776521364e-05 1.009775049032939575e-04 7.874019531762650140e-05 6.931374042594366639e-05 8.421839441265012189e-05 1.385234458047722363e-04 1.000000000000000021e-08 1.000000000000000021e-08 1.000000000000000021e-08 1.000000000000000021e-08 1.253708195340731429e-05 1.257926809076791252e-05 1.299719153188162379e-05 1.724437185111763940e-05 1.874630810136673227e-05 1.932746691621485232e-05 1.000000000000000021e-08 1.810833869594535080e-05 2.412352152147106464e-05 2.000468354247036406e-05
1.400320883623595575e-05 2.231054067861265518e-05 2.493809999958926794e-05 2.388527018009081344e-05 1.768515798552278370e-05 1.562628654780710149e-05 1.252149424210263198e-05 4.131514179982586211e-05 8.695364869958098258e-05 5.115391547051408922e-05 4.470286865245264805e-05 3.721987230440843795e-05 4.922760597130156746e-05 4.806332153256415445e-05 1.000000000000000021e-08 1.000000000000000021e-08 1.000000000000000021e-08 1.000000000000000021e-08 1.665428384635461712e-05 1.000000000000000021e-08 1.000000000000000021e-08 5.417018340388825233e-05 1.345157597319514579e-04 1.000000000000000021e-08 1.000000000000000021e-08 1.000000000000000021e-08 1.582261199323229764e-05 1.524430738892514210e-05 1.000000000000000021e-08 1.111494187016479845e-05 1.682425672545027895e-05 1.920599745908322162e-05 2.109941626284608074e-05 1.000000000000000021e-08 1.000000000000000021e-08 1.000000000000000021e-08 1.000000000000000021e-08
1.974396864890375024e-05 2.410591423090316417e-05 2.016075630231242328e-05 1.000000000000000021e-08 1.000000000000000021e-08 1.000000000000000021e-08 1.000000000000000021e-08 1.000000000000000021e-08 1.324890626499381800e-05 1.000000000000000021e-08 1.000000000000000021e-08 1.000000000000000021e-08 1.000000000000000021e-08 1.000000000000000021e-08 1.000000000000000021e-08 1.000000000000000021e-08 1.000000000000000021e-08 1.000000000000000021e-08 1.039345360263181006e-05 1.220873749710645729e-05 1.000000000000000021e-08 4.811435748224596756e-05 1.344017908190419004e-04 9.254345569406256062e-05 5.910079062600892319e-05 3.439054443839557212e-05 3.608749066795104160e-05 1.714278725798885024e-05 1.000000000000000021e-08 1.017685787781518145e-05 1.777769767240843429e-05 2.232704327867338138e-05 1.000000000000000021e-08 1.000000000000000021e-08 1.000000000000000021e-08 1.000000000000000021e-08 1.000000000000000021e-08
1.000000000000000021e-08 1.664023131582493357e-05 1.000000000000000021e-08 1.000000000000000021e-08 1.000000000000000021e-08 1.000000000000000021e-08 1.000000000000000021e-08 1.000000000000000021e-08 1.000000000000000021e-08 1.000000000000000021e-08 1.000000000000000021e-08 1.000000000000000021e-08 1.000000000000000021e-08 1.000000000000000021e-08 1.000000000000000021e-08 1.000000000000000021e-08 1.000000000000000021e-08 1.000000000000000021e-08 1.000000000000000021e-08 1.000000000000000021e-08 1.000000000000000021e-08 1.000000000000000021e-08 1.000000000000000021e-08 7.836354089491292000e-05 6.780915634598967657e-05 5.236391307306487646e-05 4.295205579321971951e-05 1.000000000000000021e-08 1.000000000000000021e-08 1.000000000000000021e-08 1.000000000000000021e-08 1.000000000000000021e-08 1.000000000000000021e-08 1.000000000000000021e-08 1.000000000000000021e-08 1.000000000000000021e-08 1.000000000000000021e-08
1.000000000000000021e-08 1.440579416624693679e-05 1.013321591970008789e-03 5.741311229722235727e-05 4.789986028904631628e-05 1.000000000000000021e-08 1.000000000000000021e-08 1.000000000000000021e-08 1.000000000000000021e-08 1.000000000000000021e-08 1.000000000000000021e-08 1.090204640096752566e-05 1.709627963207905181e-05 2.443056014547602159e-05 3.186992721477851077e-05 3.139416143291003347e-05 2.537078679840769560e-05 2.071402269952899545e-05 1.883663085265223559e-05 1.225410521291983117e-05 1.791568483395925612e-05 4.382369011281588239e-05 7.591977535741358473e-05 1.271470231205474222e-04 1.785934954523599411e-04 1.428028873996030248e-04 1.483514109771233891e-04 8.400581934106131268e-05 5.136063545978997511e-05 3.838223816268144991e-05 1.000000000000000021e-08 1.000000000000000021e-08 1.000000000000000021e-08 1.000000000000000021e-08 1.000000000000000021e-08 1.000000000000000021e-08 1.000000000000000021e-08
1.000000000000000021e-08 1.000000000000000021e-08 1.749009709972557203e-05 2.113142763437220311e-05 1.000000000000000021e-08 1.000000000000000021e-08 1.000000000000000021e-08 1.000000000000000021e-08 1.000000000000000021e-08 1.000000000000000021e-08 1.000000000000000021e-08 1.000000000000000021e-08 1.000000000000000021e-08 1.000000000000000021e-08 1.000000000000000021e-08 2.890950774380044165e-05 4.842332368273503436e-05 4.530367690614844623e-05 3.977988023357186990e-05 3.958763342417235208e-05 4.661736914855335703e-05 4.055448490967327222e-05 6.527254890675286312e-05 7.943155770483606741e-05 6.615356676581363117e-05 1.441406351596387911e-04 1.948892575775542941e-04 2.371205790810280631e-04 2.693276450752082884e-04 1.954439940594451970e-04 1.504437352847764206e-04 1.000000000000000021e-08 1.000000000000000021e-08 1.000000000000000021e-08 1.000000000000000021e-08 1.000000000000000021e-08 1.000000000000000021e-08
1.000000000000000021e-08 1.000000000000000021e-08 1.000000000000000021e-08 1.588994772568025164e-05 1.924861823532679294e-05 1.000000000000000021e-08 1.000000000000000021e-08 1.000000000000000021e-08 1.000000000000000021e-08 1.000000000000000021e-08 1.000000000000000021e-08 1.000000000000000021e-08 1.000000000000000021e-08 1.000000000000000021e-08 1.000000000000000021e-08 1.000000000000000021e-08 1.000000000000000021e-08 1.000000000000000021e-08 3.146813424114945759e-05 4.786521780054033562e-05 6.540545130753759367e-05 8.748132543737954390e-05 7.259462908482979112e-05 5.833984577710298774e-05 1.000000000000000021e-08 1.000000000000000021e-08 1.000000000000000021e-08 1.000000000000000021e-08 2.631814486496472454e-05 1.983924036313930190e-04 2.295336363193175222e-04 1.942780025229380071e-04 1.000000000000000021e-08 1.000000000000000021e-08 1.000000000000000021e-08 1.000000000000000021e-08 1.000000000000000021e-08
