output/water_depth_9000.asc
ncols 223
nrows 158
xllcorner 0.0
yllcorner 0.0
cellsize 30.0
[rows 102 to 118 of 158, columns 111 to 147 of 223]
4.036133705235742786e-05 2.934937270410066800e-05 5.300633898183832718e-05 3.179191657688008296e-05 4.814178776574315282e-05 2.506463867434279849e-05 3.795874440897670585e-05 2.379956101822173692e-05 3.709698046166294734e-05 3.550450048180567471e-05 1.099828260763420067e-04 1.817078319852488211e-03 5.603733297065139046e-04 1.001641413945408089e-04 1.210423872332277398e-04 2.721565040912807764e-04 2.116955610203736019e-04 1.623518616251830174e-03 2.365303762046582110e-03 1.121377755258356514e-02 6.237214915640733413e-04 1.000000000000000021e-08 1.000000000000000021e-08 1.000000000000000021e-08 1.000000000000000021e-08 1.000000000000000021e-08 1.000000000000000021e-08 1.000000000000000021e-08 1.000000000000000021e-08 1.000000000000000021e-08 1.000000000000000021e-08 1.000000000000000021e-08 1.000000000000000021e-08 1.000000000000000021e-08 1.000000000000000021e-08 1.000000000000000021e-08 1.000000000000000021e-08
4.285936074029327004e-04 4.906953937385792608e-04 5.232463258813935909e-04 6.708531085239741046e-05 3.492347636553716288e-05 5.029696359417991955e-05 2.674984939728162028e-05 4.237581485920178853e-05 2.407594564999527309e-05 4.990589520083140237e-05 4.831185563247577234e-05 1.294537222324513301e-03 8.650063582397805916e-04 6.387096478198509312e-05 1.519847202234202914e-04 1.281542609798130708e-04 2.182887617648986752e-03 2.132473647259724298e-03 4.162651453979961114e-03 1.348061628741347578e-02 4.315964574606935859e-04 1.000000000000000021e-08 1.000000000000000021e-08 1.000000000000000021e-08 1.000000000000000021e-08 1.000000000000000021e-08 1.229303368948516565e-05 1.000000000000000021e-08 1.000000000000000021e-08 1.000000000000000021e-08 1.000000000000000021e-08 1.039494807523228460e-05 1.000000000000000021e-08 1.000000000000000021e-08 1.000000000000000021e-08 1.000000000000000021e-08 1.000000000000000021e-08
2.052518094637868968e-04 4.740746846153981193e-04 7.169751932112227496e-04 9.787359491556053490e-04 1.177829917648777740e-03 1.335703947967773440e-03 9.855997280602797964e-04 8.265237976271999805e-04 7.688568121805976771e-04 6.001120104242013004e-05 8.284709734997949241e-05 1.101481479369235570e-03 2.131094944563963981e-03 3.866421426227844779e-03 4.144621129521456303e-03 6.111327734791640459e-03 5.315861955424261258e-03 6.667067258205787959e-03 6.673184818197344485e-03 1.632799623836770492e-02 3.183901539479533902e-04 1.000000000000000021e-08 1.000000000000000021e-08 1.000000000000000021e-08 1.000000000000000021e-08 1.000000000000000021e-08 1.839804623592009036e-05 1.000000000000000021e-08 1.000000000000000021e-08 1.000000000000000021e-08 1.000000000000000021e-08 1.000000000000000021e-08 1.000000000000000021e-08 1.000000000000000021e-08 1.000000000000000021e-08 1.000000000000000021e-08 1.000000000000000021e-08
1.001050645142941801e-04 1.000000000000000021e-08 1.896204114458305349e-05 3.900226176097918140e-05 1.691722935596044535e-04 2.717682135287138390e-04 1.049800240324684237e-03 1.411705734735542450e-03 1.724857846436102845e-03 2.018740229437068073e-03 2.234638935480427226e-03 2.718876362554731307e-03 1.749510184506837193e-02 2.920625601082380528e-03 3.139063001069222064e-03 2.295833743357476864e-03 2.536857919786042904e-03 1.702111508831949740e-03 2.172183277589284731e-03 1.051073052093122635e-02 1.067945510715396021e-02 1.000000000000000021e-08 1.000000000000000021e-08 1.000000000000000021e-08 1.000000000000000021e-08 1.000000000000000021e-08 1.884907089409315940e-05 1.271217335238779447e-05 1.000000000000000021e-08 1.000000000000000021e-08 1.000000000000000021e-08 1.000000000000000021e-08 1.000000000000000021e-08 1.000000000000000021e-08 1.000000000000000021e-08 1.000000000000000021e-08 1.000000000000000021e-08
5.337557496116272212e-05 2.945330159385042604e-05 2.298874783499113813e-05 2.359969775370125537e-05 2.280107210675706570e-05 1.865240985395277525e-05 1.935544248082894810e-05 1.623633248559007013e-05 1.216192286776290777e-05 1.438031149301295226e-05 2.886178650365814466e-04 2.849931194040704937e-04 1.703107526253203432e-04 1.000000000000000021e-08 1.000000000000000021e-08 1.000000000000000021e-08 2.874254666810313369e-04 8.086574009244432550e-05 2.298427052621392563e-04 6.682342156220175654e-03 1.320344119639413512e-02 3.088869277551292876e-03 1.000000000000000021e-08 1.000000000000000021e-08 1.000000000000000021e-08 1.000000000000000021e-08 1.000000000000000021e-08 2.087040015477008300e-05 1.000000000000000021e-08 1.000000000000000021e-08 1.000000000000000021e-08 1.000000000000000021e-08 1.000000000000000021e-08 1.000000000000000021e-08 1.000000000000000021e-08 1.000000000000000021e-08 1.642361496970133074e-05
3.202552096256290322e-05 4.080690101341631745e-05 4.532831013515474381e-05 5.377516995416672637e-05 6.000067050641245172e-05 6.466876036554533255e-05 5.760357010003388953e-05 5.627825175559296114e-05 1.515240128670989012e-04 9.018846492656428632e-05 1.921203993359179272e-04 1.729259568047628222e-04 1.770002762020553332e-04 1.341008664267748153e-04 1.027520921556464441e-04 1.000000000000000021e-08 1.000000000000000021e-08 1.000000000000000021e-08 1.445795423192822139e-04 4.591392886917206907e-03 3.426262769044789713e-02 1.137878948992864306e-02 4.793193269971040595e-05 1.000000000000000021e-08 1.000000000000000021e-08 1.000000000000000021e-08 1.000000000000000021e-08 2.892974701128138152e-05 1.124039379901639860e-05 1.225861097847855122e-05 1.000000000000000021e-08 1.000000000000000021e-08 1.000000000000000021e-08 1.000000000000000021e-08 1.000000000000000021e-08 1.000000000000000021e-08 3.053773568725458786e-05
1.000000000000000021e-08 1.000000000000000021e-08 3.847306584117579599e-05 5.444133437414763570e-05 7.837366488291188694e-05 1.166905000554387573e-04 1.422365107678712605e-04 1.901565900015154173e-04 2.779173792079141767e-04 3.372094772969782975e-04 1.670092666836657644e-04 1.621597033658076176e-04 2.095270936635359809e-04 1.836486533249859492e-04 1.694824721324517743e-04 1.148289947609344925e-04 5.284858344089469724e-05 1.000000000000000021e-08 1.144754207812021088e-04 3.834779731290838614e-03 1.235712114930540353e-02 3.677292265561298706e-02 1.119986414481208975e-02 7.125760405210035744e-05 1.024581965560281477e-05 1.172449860434921787e-05 2.045431744846719601e-05 2.617293428524122262e-05 1.438735737306104984e-05 1.000000000000000021e-08 1.000000000000000021e-08 1.000000000000000021e-08 1.000000000000000021e-08 1.081682446684234965e-05 1.000000000000000021e-08 1.000000000000000021e-08 4.370136372682356299e-05
1.000000000000000021e-08 1.000000000000000021e-08 1.000000000000000021e-08 4.537202199971564643e-05 1.676143646054310474e-03 1.000000000000000021e-08 1.000000000000000021e-08 1.000000000000000021e-08 2.462637667459314933e-05 3.589729400117027048e-05 1.255332320286620638e-04 1.709265298136482042e-04 2.045127843525435907e-04 2.202274625179103686e-04 2.336132936943343427e-04 2.596695843646979526e-03 1.651139881536980913e-05 2.654888309517407685e-04 1.598808070231649500e-04 6.345626679679221586e-04 3.199233023381074369e-05 7.507025976125266190e-03 9.898097244516486717e-03 9.378262604022110163e-03 5.141273656873500902e-05 1.000000000000000021e-08 1.000000000000000021e-08 2.169490083078336006e-05 2.126719824572086967e-05 1.000000000000000021e-08 1.000000000000000021e-08 1.000000000000000021e-08 1.000000000000000021e-08 2.341743393967180980e-05 1.000000000000000021e-08 3.768250070095647473e-05 4.153961908056909953e-05
1.000000000000000021e-08 1.000000000000000021e-08 1.000000000000000021e-08 3.083246184630323173e-05 1.124335368184956876e-04 1.000000000000000021e-08 1.000000000000000021e-08 1.000000000000000021e-08 1.000000000000000021e-08 1.000000000000000021e-08 1.370402856679358151e-04 3.304267112545190236e-04 4.537229965617248966e-04 4.223354608671723068e-04 4.149556093049057925e-04 5.605291493739832749e-04 1.465489258365194414e-03 9.611676148372487460e-03 2.109289213824567296e-03 6.002118601295739191e-04 8.667878995074572825e-04 7.416277677434816341e-03 9.138656039261698269e-03 9.371090210281143515e-03 8.836437954456828614e-03 1.449765005896111502e-03 1.497081776022544551e-03 3.078608102472029192e-05 2.266432550559489546e-05 1.000000000000000021e-08 1.000000000000000021e-08 1.000000000000000021e-08 2.027510676384016450e-05 2.204119990825086667e-05 3.038269607447612614e-05 3.660104769191383102e-05 5.390572136335350422e-05
1.000000000000000021e-08 1.000000000000000021e-08 1.000000000000000021e-08 1.000000000000000021e-08 1.194037127856572883e-04 8.214111213495310908e-05 6.268358363972690282e-05 1.000000000000000021e-08 1.667958148143306295e-05 2.768056048477562887e-05 4.752579127408664830e-05 2.087704175981241800e-04 3.551321206454220118e-04 6.466327674147780580e-04 9.796300566635293347e-04 9.945149212306520371e-04 9.291771707817130964e-04 5.932374624627035882e-04 1.145822408916543148e-02 2.905385075870413163e-03 2.413754815185044193e-03 4.849836786893438161e-03 1.512883326501023376e-02 4.100963618636683378e-02 1.121562509345019540e-02 7.373972632817563447e-03 8.015944227112884596e-03 7.211160424884212545e-05 1.816952362057316515e-05 1.305528775336957499e-05 1.172222195969985749e-05 1.092815633397293225e-05 5.307569240020501783e-05 3.213419781110657321e-05 1.000000000000000021e-08 3.562333215647480443e-05 6.823384242442363107e-05
3.631923124794928578e-05 4.903703139710092758e-05 1.168140017994927346e-04 1.000000000000000021e-08 7.410586326553983167e-05 1.011973933355318024e-04 1.292654616237646755e-04 1.885543483447283991e-04 2.799170324989225765e-04 2.371059841412319824e-04 3.631002386124909751e-04 3.485029780070112511e-04 2.904109618785264877e-04 2.409200205461512509e-04 1.869760024426969712e-04 1.361291147390381734e-04 1.000000000000000021e-08 1.593314609415928066e-04 7.276839443182868883e-05 8.299203864158017773e-05 1.505810193797591877e-05 3.384246100934705081e-03 7.161703446924925186e-03 1.865738576109388092e-02 1.679894907067444251e-02 2.084542166889421719e-02 1.252575867378616925e-01 1.225812362810842909e-01 1.909109932745653806e-04 3.107467737283596440e-05 4.218596667307121040e-05 1.000000000000000021e-08 7.488997915458504850e-03 6.881061250903220891e-03 6.730008269708814632e-05 1.000000000000000021e-08 6.441886249333783675e-05
1.000000000000000021e-08 6.105778217036823699e-05 1.833718545475546157e-04 1.000000000000000021e-08 1.000000000000000021e-08 1.000000000000000021e-08 1.000000000000000021e-08 1.000000000000000021e-08 1.341128108329217800e-05 3.649331951694716322e-04 2.516629601701951872e-04 1.550905743527024772e-05 1.000000000000000021e-08 5.125060041249332937e-05 4.894253635793071206e-05 5.213207350492616676e-05 5.355218952173499412e-05 4.815217202664591462e-05 3.231645792143406862e-05 6.306279327261994226e-05 3.584112277213551134e-03 4.821900171445346259e-03 9.335308364605733253e-03 9.077235411534340798e-03 1.286902787014582161e-02 1.514238023698031947e-02 1.192595797048254108e-01 1.132898310607597658e-01 8.749722054375282110e-02 3.362931812364211570e-02 3.158387128294417451e-02 3.236726031281290938e-02 2.734721446169767825e-02 2.651510674254708641e-02 3.928236329343617189e-02 3.867488086975410383e-02 4.452219992959092435e-04
1.000000000000000021e-08 9.112034888556626256e-04 1.146535467652626868e-03 1.339658440152143764e-03 1.175292495514858964e-05 1.000000000000000021e-08 1.000000000000000021e-08 1.000000000000000021e-08 1.000000000000000021e-08 2.178208536500468074e-04 1.793152871158880716e-04 1.269203331653844251e-04 9.576887763603492685e-05 7.307673575345301176e-05 6.304605793705382849e-05 5.334431565281028251e-05 3.417750437765151004e-05 1.000000000000000021e-08 1.000000000000000021e-08 6.198443228661935076e-05 1.262998595441409792e-02 1.982334788793330485e-02 1.280125602455938968e-02 7.835739595536048846e-03 4.990459298021574473e-03 3.187407916179965401e-03 2.054960521610219634e-03 1.482490712006258359e-03 7.710292866311230318e-04 5.735763096890654196e-04 4.057795819825105697e-04 7.853130445050225672e-03 1.067305387472867149e-02 1.462654536038078372e-02 9.969048637378281549e-03 4.252471885545410640e-02 2.693637294159327567e-02
5.569452900612294720e-03 5.848046191771671867e-04 7.839549049439296967e-04 1.968579982729688673e-03 1.389815891516020703e-02 9.114052064957944496e-03 1.458659987667907266e-03 1.016147941207423211e-03 7.242617403541896535e-04 3.369103814208080218e-04 1.646784901419028925e-04 8.299257651771737589e-05 5.165734771551435783e-05 3.214624004577426700e-05 4.831117031397854945e-05 6.122222304156802093e-05 2.585404635133449654e-03 1.738173965761796681e-03 1.181650075367920690e-03 1.981624862727195124e-02 4.380078908449602099e-02 1.462066742337077806e-02 8.897777333035599529e-05 1.498808629553586995e-05 1.000000000000000021e-08 1.000000000000000021e-08 1.000000000000000021e-08 1.000000000000000021e-08 1.000000000000000021e-08 1.000000000000000021e-08 1.030827415164934171e-04 2.319030685167821054e-03 3.919866774335511658e-03 2.928973389798382454e-03 2.169598620568956911e-03 1.830570491560937034e-03 2.442264291796869893e-02
1.347201999442315250e-05 1.053577923213938185e-05 1.000000000000000021e-08 1.660290541791237175e-05 1.000000000000000021e-08 2.017333188625102577e-03 2.795589888704272732e-03 3.129351351592255144e-03 1.801781133218664094e-03 1.234505922016172069e-03 7.770837607165266905e-04 5.273597775406546140e-04 3.603553708876148110e-04 2.835138664171744905e-04 1.251832221220711486e-02 1.638835076896706655e-02 1.118679361277119186e-02 1.743207849559286551e-02 2.027922098306112961e-02 1.943954326481794198e-02 6.229627951618935296e-03 1.830438383469361246e-05 1.000000000000000021e-08 1.000000000000000021e-08 1.000000000000000021e-08 1.000000000000000021e-08 1.000000000000000021e-08 1.000000000000000021e-08 1.000000000000000021e-08 6.863991499553313272e-04 1.065852691283161518e-03 9.193446294731299779e-04 9.247296574195493571e-04 9.012587178207457110e-04 4.629662601812649728e-04 4.543646931885707415e-04 8.438309486322891420e-03
1.498604622608350298e-05 2.108210002304921252e-05 2.208155914839512402e-05 4.609176804761182076e-05 1.000000000000000021e-08 1.000000000000000021e-08 1.000000000000000021e-08 3.360027989222722096e-04 1.239460022357161215e-03 1.346255905174124651e-03 1.120960819829822574e-03 1.043942489309784491e-03 3.922863558031992534e-03 6.061686229032407780e-02 3.978835250625055442e-02 9.053379924997289122e-03 6.140701257276911726e-03 5.872980265490291944e-03 1.301101563801969124e-03 2.126023864045725048e-04 1.000000000000000021e-08 1.000000000000000021e-08 1.000000000000000021e-08 1.000000000000000021e-08 1.000000000000000021e-08 1.000000000000000021e-08 1.000000000000000021e-08 1.320900974641953422e-04 8.883033452438341814e-04 8.368350127388617977e-04 7.839948703035850468e-04 4.620368764885017000e-03 4.952996014229896866e-04 3.581911049190409030e-04 3.670989243402929475e-05 2.709983712668173142e-05 3.719011768998501717e-05
5.670079575582479589e-05 5.342484451767133216e-05 7.937954339221632821e-05 1.620013401027147045e-04 2.331235309400933947e-05 1.000000000000000021e-08 1.000000000000000021e-08 1.704139537501123168e-04 9.156914746921045786e-04 1.354024577968951891e-03 1.233149162199187248e-03 1.084401647547161840e-02 1.426716117598657123e-02 1.568953086447047798e-02 7.725610440042400898e-03 6.625003788710614799e-04 1.000000000000000021e-08 1.865599426944997529e-05 1.000000000000000021e-08 1.000000000000000021e-08 1.000000000000000021e-08 1.000000000000000021e-08 1.000000000000000021e-08 1.000000000000000021e-08 1.000000000000000021e-08 1.048793316093519976e-05 1.285466381137169651e-03 1.322996226190514780e-03 8.945262194841924110e-04 5.872554789417629454e-05 7.524791747879776196e-05 6.899562558309315318e-05 2.448663502314258952e-05 1.000000000000000021e-08 1.736299638831964446e-05 1.000000000000000021e-08 1.000000000000000021e-08
