output/water_depth_5040.asc
ncols 223
nrows 158
xllcorner 0.0
yllcorner 0.0
cellsize 30.0
[rows 68 to 84 of 158, columns 185 to 221 of 223]
1.000000000000000021e-08 4.392269833942231754e-05 4.211396952676515375e-05 1.000000000000000021e-08 1.000000000000000021e-08 1.000000000000000021e-08 1.000000000000000021e-08 7.134577040541165442e-05 1.000000000000000021e-08 2.156609284502803944e-04 2.155082540270027858e-05 1.962218213457968534e-05 9.081920173091413652e-04 4.506162009430410525e-04 5.980236724719641172e-04 3.952506536102788951e-04 6.265119892420427253e-04 1.099103723074149963e-03 5.734188885792086687e-03 1.086117114804946958e-03 1.206494850217484319e-03 1.000000100000000021e-05 1.000000100000000021e-05 1.000000100000000021e-05 1.000000100000000021e-05 1.000000100000000021e-05 1.000000100000000021e-05 1.000000100000000021e-05 1.000000100000000021e-05 1.000000100000000021e-05 1.000000100000000021e-05 1.000000100000000021e-05 1.000000100000000021e-05 1.000000100000000021e-05 1.000000100000000021e-05 1.000000100000000021e-05 1.000000100000000021e-05
1.000000000000000021e-08 1.000000000000000021e-08 3.788866210639755476e-05 1.000000000000000021e-08 2.603310755137772228e-05 3.099454094922352742e-05 1.000000000000000021e-08 1.000000000000000021e-08 1.000000000000000021e-08 1.000000000000000021e-08 2.012434508662136985e-05 3.570490687326250903e-05 7.910439643602448258e-04 1.313067535631550452e-02 1.147633744597742304e-03 4.966477233767997755e-04 1.000000000000000021e-08 1.000000000000000021e-08 6.425436328598322245e-04 1.159887399548941800e-04 1.718537040080795469e-03 1.000000100000000021e-05 1.000000100000000021e-05 1.000000100000000021e-05 1.000000100000000021e-05 1.000000100000000021e-05 1.000000100000000021e-05 1.000000100000000021e-05 1.000000100000000021e-05 1.000000100000000021e-05 1.000000100000000021e-05 1.000000100000000021e-05 1.000000100000000021e-05 1.000000100000000021e-05 1.000000100000000021e-05 1.000000100000000021e-05 1.000000100000000021e-05
1.000000000000000021e-08 1.000000000000000021e-08 1.000000000000000021e-08 1.639923065173929200e-05 4.169019872267952926e-05 1.000000000000000021e-08 1.000000000000000021e-08 1.000000000000000021e-08 1.000000000000000021e-08 1.000000000000000021e-08 2.440298522320888993e-04 9.089666067304190368e-04 5.149512434719021817e-04 5.019417370277565313e-04 1.484910834875819720e-04 6.010676271215657199e-05 1.000000000000000021e-08 1.000000000000000021e-08 4.498571894250252660e-05 1.965048969268305104e-04 1.934159635726437603e-03 1.000000100000000021e-05 1.000000100000000021e-05 1.000000100000000021e-05 1.000000100000000021e-05 1.000000100000000021e-05 1.000000100000000021e-05 1.000000100000000021e-05 1.000000100000000021e-05 1.000000100000000021e-05 1.000000100000000021e-05 1.000000100000000021e-05 1.000000100000000021e-05 1.000000100000000021e-05 1.000000100000000021e-05 1.000000100000000021e-05 1.000000100000000021e-05
1.000000000000000021e-08 1.000000000000000021e-08 1.000000000000000021e-08 1.000000000000000021e-08 1.000000000000000021e-08 2.325886607944606838e-05 1.000000000000000021e-08 1.000000000000000021e-08 1.000000000000000021e-08 1.000000000000000021e-08 2.433520325041259205e-04 1.451429506437109870e-03 8.505259395875143253e-04 1.607662811942826061e-04 9.104489015417609578e-05 1.466186390969733387e-04 2.275595225445271806e-05 2.449864512067095231e-05 3.745324824008106746e-05 1.580295759248024105e-04 1.464409601706896397e-03 1.252651751946994713e-03 1.000000100000000021e-05 1.000000100000000021e-05 1.000000100000000021e-05 1.000000100000000021e-05 1.000000100000000021e-05 1.000000100000000021e-05 1.000000100000000021e-05 1.000000100000000021e-05 1.000000100000000021e-05 1.000000100000000021e-05 1.000000100000000021e-05 1.000000100000000021e-05 1.000000100000000021e-05 1.000000100000000021e-05 1.000000100000000021e-05
1.000000000000000021e-08 1.000000000000000021e-08 1.000000000000000021e-08 1.000000000000000021e-08 1.000000000000000021e-08 1.000000000000000021e-08 1.000000000000000021e-08 1.000000000000000021e-08 1.000000000000000021e-08 1.000000000000000021e-08 2.141790420846086086e-04 9.318353015694824919e-04 3.075473663483719146e-04 1.381605477423198086e-04 6.881247764882984915e-05 1.571847876051659461e-04 1.078675763450637312e-04 6.788380093987112147e-05 5.078552448544876058e-05 1.987727628225401610e-04 1.991221674194849304e-03 9.936405091760596667e-04 1.022209645388759278e-05 1.000000100000000021e-05 1.000000100000000021e-05 1.000000100000000021e-05 1.000000100000000021e-05 1.000000100000000021e-05 1.000000100000000021e-05 1.000000100000000021e-05 1.000000100000000021e-05 1.000000100000000021e-05 1.000000100000000021e-05 1.000000100000000021e-05 1.000000100000000021e-05 1.000000100000000021e-05 1.000000100000000021e-05
1.202877770439734562e-03 1.000000000000000021e-08 1.000000000000000021e-08 1.000000000000000021e-08 1.000000000000000021e-08 1.000000000000000021e-08 1.000000000000000021e-08 1.000000000000000021e-08 1.430520463789061259e-04 5.929035090357273591e-05 2.165929595266364118e-04 8.687559008843123796e-04 6.115317705794604940e-04 1.118789017590725396e-04 4.903935510361058834e-05 1.433124913858854451e-04 1.695445379211740907e-04 1.287063902019316898e-04 3.421221594022636208e-04 9.546756478683441401e-04 2.719634543342227401e-03 8.544030601582671466e-04 1.103474136750862708e-04 9.697176457255449601e-05 1.000000100000000021e-05 1.000000100000000021e-05 1.000000100000000021e-05 1.000000100000000021e-05 1.000000100000000021e-05 1.000000100000000021e-05 1.000000100000000021e-05 1.000000100000000021e-05 1.000000100000000021e-05 1.000000100000000021e-05 1.000000100000000021e-05 1.000000100000000021e-05 1.000000100000000021e-05
2.289523065954530978e-01 1.000000000000000021e-08 1.548949679254897296e-05 1.000000000000000021e-08 1.819180850526467988e-05 1.000000000000000021e-08 1.000000000000000021e-08 3.143853798725739006e-05 9.862544225344055968e-05 1.000000000000000021e-08 1.399473390783256051e-04 1.483807423355394976e-03 1.430273801153848692e-03 1.001258204656088179e-04 4.012266303909374184e-05 1.310219716109424092e-04 2.876494982659306954e-04 1.174222680179187327e-04 2.832469708593260025e-04 6.249293981711107537e-04 4.125130893762600677e-03 1.208540972932240333e-03 6.028132415560930431e-05 2.491931424093978432e-05 1.000000100000000021e-05 1.000000100000000021e-05 1.000000100000000021e-05 1.000000100000000021e-05 1.000000100000000021e-05 1.000000100000000021e-05 1.000000100000000021e-05 1.000000100000000021e-05 1.000000100000000021e-05 1.000000100000000021e-05 1.000000100000000021e-05 1.000000100000000021e-05 1.000000100000000021e-05
1.714398203685692235e-01 1.706093459111266697e-01 1.899526882415416521e-04 2.127787601050342813e-05 1.680950700287335063e-05 2.126007613305632397e-05 1.000000000000000021e-08 1.000000000000000021e-08 1.000000000000000021e-08 1.000000000000000021e-08 3.771485583643821842e-04 1.411115582990082103e-03 9.155049341112275318e-04 8.871631194543967626e-05 3.498558197637165342e-05 1.465766252037853227e-04 4.243484781151143502e-04 1.882810006839288745e-04 1.935779446404777178e-04 3.087027617663376869e-02 3.264592583486072841e-02 2.926746064174092724e-04 2.651393702854197278e-05 2.578665181577199786e-05 1.000000100000000021e-05 1.000000100000000021e-05 1.000000100000000021e-05 1.000000100000000021e-05 1.000000100000000021e-05 1.000000100000000021e-05 1.000000100000000021e-05 1.000000100000000021e-05 1.000000100000000021e-05 1.000000100000000021e-05 1.000000100000000021e-05 1.000000100000000021e-05 1.000000100000000021e-05
2.020467787140258764e-01 1.983688286307986048e-01 2.843403633224116035e-04 1.741689458178909567e-05 2.365468302524330218e-05 1.000000000000000021e-08 1.000000000000000021e-08 1.000000000000000021e-08 1.044652180070954356e-05 1.000000000000000021e-08 3.443375232043275800e-04 1.933737155131699196e-03 7.330977726360222643e-04 9.475830930826422587e-05 3.766094560254336544e-05 1.000000000000000021e-08 4.333532057437854894e-04 1.665196510050149874e-04 2.341782289245794568e-02 2.824788718744226587e-02 3.140209321886162919e-02 1.126318732089873355e-04 1.744004034396267418e-04 1.643659325842848707e-05 3.041304951800626044e-03 6.281266985610780521e-05 1.000000100000000021e-05 1.000000100000000021e-05 1.000000100000000021e-05 1.000000100000000021e-05 1.000000100000000021e-05 1.000000100000000021e-05 1.000000100000000021e-05 1.000000100000000021e-05 1.000000100000000021e-05 1.000000100000000021e-05 1.000000100000000021e-05
3.551780641450595355e-01 9.774696999255139129e-02 1.702154515411982943e-04 2.089018237908059946e-05 1.331397540616457158e-05 1.000000000000000021e-08 1.000000000000000021e-08 2.849042925432056854e-05 7.041318734871627116e-05 1.232505722614397198e-04 3.062359385876842698e-04 1.719682610510267495e-03 6.096664046388224761e-04 1.276809983214299967e-04 1.682712435826446979e-04 1.223822525091102171e-03 5.449546059028540293e-03 6.249017897776420853e-03 9.287255301362202023e-03 2.233081363168001876e-02 5.389365384056954119e-04 5.125885584491471879e-03 3.810221959774266818e-04 2.807052321870944921e-04 2.457606558662983628e-05 2.449207471469061313e-05 1.000000100000000021e-05 1.000000100000000021e-05 1.000000100000000021e-05 1.000000100000000021e-05 1.000000100000000021e-05 1.000000100000000021e-05 1.000000100000000021e-05 1.000000100000000021e-05 1.000000100000000021e-05 1.000000100000000021e-05 1.000000100000000021e-05
2.847416954483896201e-01 2.257508686407332932e-01 6.462639197206808015e-04 3.233800865163534454e-05 1.387879729545952388e-05 2.407316034840216353e-05 7.865976297546292673e-05 1.459666169323798615e-04 2.555184900588470067e-04 3.958305190762353466e-04 6.355179211066123643e-03 3.012196837522487965e-03 2.928680639941181989e-03 3.944439077454743245e-03 6.810299008802297126e-03 3.307763379110727903e-02 9.118224929549384808e-03 5.692737601896147304e-03 1.171553545685303987e-05 1.000000000000000021e-08 1.000000000000000021e-08 1.000000000000000021e-08 1.599637868596212898e-05 1.000000000000000021e-08 1.000000000000000021e-08 1.747473964408756032e-05 1.000000100000000021e-05 1.000000100000000021e-05 1.000000100000000021e-05 1.000000100000000021e-05 1.000000100000000021e-05 1.000000100000000021e-05 1.000000100000000021e-05 1.000000100000000021e-05 1.000000100000000021e-05 1.000000100000000021e-05 1.000000100000000021e-05
3.329116356972659507e-01 7.477158127810812349e-01 3.712235731650384736e-03 4.212153469069272141e-05 2.912421152942595802e-05 5.751018677413486464e-05 1.625033385047872762e-05 4.185657683787298664e-05 2.405627796049801054e-05 1.180291805440406461e-04 7.046307251457870936e-04 4.604453106786328409e-02 5.330779584156198139e-03 5.794837421837695582e-03 6.564030397615705330e-03 6.294640276713729947e-05 6.220108406317724600e-05 1.185364571746643990e-05 1.000000000000000021e-08 3.309622071269076191e-05 1.975422545954525356e-05 1.000000000000000021e-08 1.000000000000000021e-08 1.000000000000000021e-08 1.000000000000000021e-08 1.306788824968254921e-05 1.000000100000000021e-05 1.000000100000000021e-05 1.000000100000000021e-05 1.000000100000000021e-05 1.000000100000000021e-05 1.000000100000000021e-05 1.000000100000000021e-05 1.000000100000000021e-05 1.000000100000000021e-05 1.000000100000000021e-05 1.000000100000000021e-05
1.794139825911389994e-03 6.718282642263057047e-01 5.648424725780655242e-01 1.949999555027175265e-03 3.822321065746096743e-05 8.781861262357425733e-05 2.377319205717817928e-05 1.000000000000000021e-08 1.000000000000000021e-08 1.690288343476669465e-05 5.590587812120022867e-04 3.927287755176347289e-02 4.066255361790956091e-02 5.482255507311128984e-03 1.533361445732973330e-03 1.000000000000000021e-08 1.000000000000000021e-08 1.000000000000000021e-08 2.350657469929828708e-05 1.000000000000000021e-08 1.000000000000000021e-08 1.000000000000000021e-08 1.000000000000000021e-08 1.000000000000000021e-08 1.214449389888140219e-05 1.000000000000000021e-08 1.000000100000000021e-05 1.000000100000000021e-05 1.000000100000000021e-05 1.000000100000000021e-05 1.000000100000000021e-05 1.000000100000000021e-05 1.000000100000000021e-05 1.000000100000000021e-05 1.000000100000000021e-05 1.000000100000000021e-05 1.000000100000000021e-05
1.000000000000000021e-08 3.206690119417438065e-05 5.676080211943468345e-01 2.846692861796089047e-01 1.782365901027460620e-01 1.079906920271908322e-01 1.000000000000000021e-08 1.572069469454835867e-05 1.650757017439423343e-05 1.000000000000000021e-08 3.856141230284576994e-04 1.690371117787713845e-02 3.391602298558734491e-02 9.979796005163635991e-04 3.057359168989469173e-04 2.514847062056627076e-05 1.583295895424312793e-05 1.000000000000000021e-08 1.000000000000000021e-08 1.000000000000000021e-08 1.000000000000000021e-08 1.000000000000000021e-08 1.000000000000000021e-08 1.000000000000000021e-08 1.000000000000000021e-08 1.000000000000000021e-08 1.000000100000000021e-05 1.000000100000000021e-05 1.000000100000000021e-05 1.000000100000000021e-05 1.000000100000000021e-05 1.000000100000000021e-05 1.000000100000000021e-05 1.000000100000000021e-05 1.000000100000000021e-05 1.000000100000000021e-05 1.000000100000000021e-05
1.000000000000000021e-08 1.000000000000000021e-08 1.000000000000000021e-08 2.862045839695098182e-01 6.825698559887494188e-01 6.587828313755622611e-01 5.776621643810273543e-01 7.959637650254414859e-03 1.104225935010229309e-03 6.309769955568723769e-03 7.205189697612655007e-03 1.137679717431238496e-02 1.002801327423392648e-03 7.610716915136948001e-03 1.000000000000000021e-08 1.000000000000000021e-08 1.000000000000000021e-08 1.000000000000000021e-08 1.000000000000000021e-08 1.000000000000000021e-08 1.000000000000000021e-08 1.000000000000000021e-08 1.000000000000000021e-08 1.000000000000000021e-08 1.000000000000000021e-08 1.000000000000000021e-08 1.000000100000000021e-05 1.000000100000000021e-05 1.000000100000000021e-05 1.000000100000000021e-05 1.000000100000000021e-05 1.000000100000000021e-05 1.000000100000000021e-05 1.000000100000000021e-05 1.000000100000000021e-05 1.000000100000000021e-05 1.000000100000000021e-05
1.000000000000000021e-08 1.000000000000000021e-08 1.000000000000000021e-08 3.239093141744285977e-04 1.284651316196379562e-03 3.280460036211978528e-03 3.146083546355813998e-01 1.697068409406391476e-01 1.005377200290068912e-01 8.353847795747078656e-03 7.357105405601381543e-03 7.233160414519919888e-03 1.000000000000000021e-08 1.000000000000000021e-08 1.000000000000000021e-08 1.000000000000000021e-08 1.000000000000000021e-08 1.000000000000000021e-08 1.000000000000000021e-08 1.000000000000000021e-08 7.822783880848790050e-05 5.018896686804562941e-05 2.247026595418726521e-05 1.000000000000000021e-08 1.000000000000000021e-08 1.000000000000000021e-08 1.000000100000000021e-05 1.000000100000000021e-05 1.000000100000000021e-05 1.000000100000000021e-05 1.000000100000000021e-05 1.000000100000000021e-05 1.000000100000000021e-05 1.000000100000000021e-05 1.000000100000000021e-05 1.000000100000000021e-05 1.000000100000000021e-05
4.850831086478290052e-05 3.762504572369979630e-05 3.199452724805882368e-05 1.000000000000000021e-08 1.000000000000000021e-08 1.000000000000000021e-08 3.154065592624871184e-01 4.577932091292828409e-01 4.463212794225012714e-01 1.378939159575877892e-02 6.365567683828379265e-03 4.235661088852913682e-03 1.000000000000000021e-08 3.027084254425623265e-05 3.313031939486331639e-05 1.000000000000000021e-08 2.373334568898651808e-05 1.000000000000000021e-08 1.000000000000000021e-08 9.443033773493465278e-05 5.316112089266704008e-05 5.616145263171141522e-05 3.166049749270612070e-05 1.000000000000000021e-08 1.000000000000000021e-08 9.294080268374671472e-05 9.199944465776564338e-05 1.000000100000000021e-05 1.000000100000000021e-05 1.000000100000000021e-05 1.000000100000000021e-05 1.000000100000000021e-05 1.000000100000000021e-05 1.000000100000000021e-05 1.000000100000000021e-05 1.000000100000000021e-05 1.000000100000000021e-05
