output/water_depth_10080.asc
ncols 223
nrows 158
xllcorner 0.0
yllcorner 0.0
cellsize 30.0
[rows 85 to 101 of 158, columns 111 to 147 of 223]
1.646758377641549011e-04 3.404481454615037673e-04 3.593662231134697716e-04 3.260192053056140183e-04 2.788504235781399314e-04 5.066906329792114335e-05 2.146790257455731088e-04 1.090901033411348364e-03 3.982642279026925476e-03 8.183592643950505065e-04 1.193601358900818840e-04 8.742947722926223107e-05 6.558257203049848644e-05 5.759970918560332451e-05 3.539330595449012101e-05 2.423508228606488841e-05 2.304187637954078433e-05 2.958183828602945601e-05 1.000000000000000021e-08 1.000000000000000021e-08 1.000000000000000021e-08 1.000000000000000021e-08 7.061994889339071068e-05 3.350848828189788417e-05 1.000000000000000021e-08 1.000000000000000021e-08 1.000000000000000021e-08 2.991247837897567823e-05 3.116054196547530549e-05 1.624867675942303201e-05 1.000000000000000021e-08 1.000000000000000021e-08 1.000000000000000021e-08 1.000000000000000021e-08 1.000000000000000021e-08 2.306920047140769204e-05 1.000000000000000021e-08
2.670956168322620970e-04 1.943887176701686098e-04 1.414397097992256403e-05 4.232285756090446889e-05 3.299122532248720827e-04 6.106924845018088716e-05 8.312448913544482037e-05 1.339789917555721591e-03 4.425518947724876688e-03 5.743507411398316364e-04 6.551196662373127012e-05 8.082016026328524294e-05 8.033724015490727253e-05 1.000000000000000021e-08 1.000000000000000021e-08 2.361126723531828051e-05 3.026616170425723459e-05 4.652661860276274526e-05 1.000000000000000021e-08 1.000000000000000021e-08 1.000000000000000021e-08 1.000000000000000021e-08 1.029245418467447112e-04 4.072818743022111742e-05 1.888110010758220473e-05 1.517088433388770462e-05 1.000000000000000021e-08 3.384462809933421791e-05 1.606486693728178324e-05 1.000000000000000021e-08 1.000000000000000021e-08 1.000000000000000021e-08 1.000000000000000021e-08 1.000000000000000021e-08 1.000000000000000021e-08 1.062082828409947018e-05 1.000000000000000021e-08
2.523902395552038132e-05 1.221024909904726351e-05 1.000000000000000021e-08 3.138066995894195544e-05 2.705908454781942606e-04 4.102755535277699366e-04 1.856945258519183798e-04 1.754697436882487679e-02 6.544882409642816326e-03 4.564709616708868562e-04 1.000000000000000021e-08 5.456867513658813845e-05 1.000000000000000021e-08 1.000000000000000021e-08 1.000000000000000021e-08 2.312650932551947540e-05 4.638991953403481160e-05 4.513957606196968762e-05 3.110495389422359146e-05 1.011194314371637306e-05 1.000000000000000021e-08 6.746075513969219917e-05 9.750886724155904516e-05 6.946548210770195873e-05 3.037965931440253406e-05 1.835370991575556757e-05 1.188626115058642538e-05 1.000000000000000021e-08 1.000000000000000021e-08 1.000000000000000021e-08 1.000000000000000021e-08 1.000000000000000021e-08 1.000000000000000021e-08 1.000000000000000021e-08 1.000000000000000021e-08 1.000000000000000021e-08 1.000000000000000021e-08
2.173834660072181474e-05 1.000000000000000021e-08 1.000000000000000021e-08 1.000000000000000021e-08 1.936877996698151518e-04 3.277825225714453176e-05 1.382081426810054574e-05 1.000000000000000021e-08 7.423915803383790597e-03 3.698563248830864206e-04 1.000000000000000021e-08 4.057612167528067636e-05 2.872563038556517288e-05 2.675163187918865027e-05 2.854487741207954220e-05 3.596829605189019540e-05 5.151490518450940786e-05 8.288859540595316163e-05 3.151962058259892774e-05 6.779618056078133244e-05 6.744578161426362988e-05 1.061310315603877980e-04 1.046351602594815244e-04 2.698699292133014991e-05 1.723808734814378683e-05 1.503152904508998900e-05 1.389382080844414083e-05 1.591201516768543932e-05 1.000000000000000021e-08 1.000000000000000021e-08 1.000000000000000021e-08 1.000000000000000021e-08 1.000000000000000021e-08 1.000000000000000021e-08 1.000000000000000021e-08 1.000000000000000021e-08 1.000000000000000021e-08
7.370297656691184333e-05 1.000000000000000021e-08 1.000000000000000021e-08 1.000000000000000021e-08 1.000000000000000021e-08 2.575058969033926218e-05 1.000000000000000021e-08 1.000000000000000021e-08 4.606701536321242997e-03 4.094975463799854255e-03 2.202703192710834786e-05 2.684710255208985234e-05 1.000000000000000021e-08 1.000000000000000021e-08 1.000000000000000021e-08 1.000000000000000021e-08 1.000000000000000021e-08 7.420751762101891259e-05 1.000000000000000021e-08 7.989670930362388786e-05 4.971895492708585865e-05 1.000000000000000021e-08 1.006223822282084516e-05 1.000000000000000021e-08 1.000000000000000021e-08 1.000000000000000021e-08 1.000000000000000021e-08 1.000000000000000021e-08 1.000000000000000021e-08 1.000000000000000021e-08 1.000000000000000021e-08 1.000000000000000021e-08 1.000000000000000021e-08 1.000000000000000021e-08 1.000000000000000021e-08 1.000000000000000021e-08 1.000000000000000021e-08
4.556988018263438873e-05 5.652840786980223731e-04 1.000000000000000021e-08 1.000000000000000021e-08 1.000000000000000021e-08 3.200088745301055213e-05 1.861581233907453435e-05 1.509692049282938548e-05 2.940034459637271610e-03 2.407859768946218372e-03 2.280515069260035527e-03 2.762787675048520718e-04 1.000000000000000021e-08 1.000000000000000021e-08 1.000000000000000021e-08 1.000000000000000021e-08 1.000000000000000021e-08 6.172261234989923800e-05 7.868001926068560171e-05 8.307528498368949249e-05 4.238698646003154316e-05 1.000000000000000021e-08 1.000000000000000021e-08 1.000000000000000021e-08 1.000000000000000021e-08 1.000000000000000021e-08 1.000000000000000021e-08 1.000000000000000021e-08 1.000000000000000021e-08 1.000000000000000021e-08 1.000000000000000021e-08 1.000000000000000021e-08 1.000000000000000021e-08 1.000000000000000021e-08 1.000000000000000021e-08 1.000000000000000021e-08 1.000000000000000021e-08
9.843591419709733607e-04 9.065670973445410065e-04 6.498664761577719858e-04 4.313954012454622564e-04 3.061727386405730311e-04 3.497197069573141585e-04 2.534477729485152121e-04 1.000000000000000021e-08 1.884103453357012558e-03 3.395691884683519745e-03 3.304183196065394422e-03 2.765919721667161723e-03 7.217225910359360125e-05 1.000000000000000021e-08 1.000000000000000021e-08 1.000000000000000021e-08 1.000000000000000021e-08 6.149331135003236035e-05 1.413791766065868743e-04 7.735314831120251476e-05 1.000000000000000021e-08 1.000000000000000021e-08 1.000000000000000021e-08 1.000000000000000021e-08 1.000000000000000021e-08 1.000000000000000021e-08 1.000000000000000021e-08 1.000000000000000021e-08 1.000000000000000021e-08 1.000000000000000021e-08 1.000000000000000021e-08 1.000000000000000021e-08 1.000000000000000021e-08 1.000000000000000021e-08 1.000000000000000021e-08 1.000000000000000021e-08 1.000000000000000021e-08
7.608070782109499323e-05 7.149590364262411839e-04 1.117619877548101033e-04 1.121932005841897757e-04 5.017202710444694893e-05 6.146261166921656758e-05 7.272803499573589521e-05 4.471651671046115799e-05 1.260716926785740650e-03 3.904814739690232617e-03 6.593400770735090462e-03 4.838151249174358834e-03 1.478126668693366700e-03 4.574391273552732683e-04 6.628924824654781542e-04 5.515840928988041377e-04 1.076299877062511989e-03 8.682923802089395279e-04 3.181002683817007407e-03 4.486581520640597215e-05 1.000000000000000021e-08 1.000000000000000021e-08 1.000000000000000021e-08 1.000000000000000021e-08 1.000000000000000021e-08 1.000000000000000021e-08 1.000000000000000021e-08 1.000000000000000021e-08 1.000000000000000021e-08 1.000000000000000021e-08 1.000000000000000021e-08 1.000000000000000021e-08 1.000000000000000021e-08 1.000000000000000021e-08 1.000000000000000021e-08 1.000000000000000021e-08 1.000000000000000021e-08
5.164435276451950080e-04 6.311404666614983758e-04 1.436785392754666511e-04 7.767688394589932583e-05 1.042413712384442895e-04 5.787127991611556522e-04 4.109904827532569324e-04 5.826247022318451667e-04 1.170134357297829969e-03 9.447585926031794963e-04 4.265176024510581253e-04 2.689303816565901794e-03 9.362326250297670419e-04 1.715331648323739373e-03 1.616841945066511532e-03 2.060643964186681908e-03 1.382069232842107450e-03 1.745265208742413296e-03 3.550832926128894788e-03 3.252811513476116211e-03 1.000000000000000021e-08 1.000000000000000021e-08 1.000000000000000021e-08 1.000000000000000021e-08 1.000000000000000021e-08 1.000000000000000021e-08 1.000000000000000021e-08 1.000000000000000021e-08 1.000000000000000021e-08 1.000000000000000021e-08 1.000000000000000021e-08 1.000000000000000021e-08 1.000000000000000021e-08 1.000000000000000021e-08 1.000000000000000021e-08 1.000000000000000021e-08 1.000000000000000021e-08
3.999974180119054978e-04 5.466008692107751383e-04 2.255056767062382761e-04 1.520946946448334001e-03 1.132550402058766885e-02 2.389333973103362641e-03 1.788906236193057997e-03 1.225254754556236343e-03 1.369137138090157453e-03 1.056204578258315837e-03 7.664909777847717575e-04 5.513679978506345674e-04 2.824757889257225804e-03 2.388818508240544286e-03 1.118607671524485953e-03 6.325099981537763870e-04 4.686166701660519256e-04 4.057735121811906404e-04 3.435345986613421408e-03 6.085704541651060749e-03 1.000000000000000021e-08 1.000000000000000021e-08 1.000000000000000021e-08 1.000000000000000021e-08 1.000000000000000021e-08 1.000000000000000021e-08 1.000000000000000021e-08 1.000000000000000021e-08 1.000000000000000021e-08 1.000000000000000021e-08 1.000000000000000021e-08 1.000000000000000021e-08 1.000000000000000021e-08 1.000000000000000021e-08 1.000000000000000021e-08 1.000000000000000021e-08 1.000000000000000021e-08
5.596491056725059641e-05 1.354336719843422646e-04 9.832686413431277806e-05 4.459290476872495679e-04 4.333130142172561192e-04 3.462268654830494199e-04 1.113555284941858967e-03 1.823799733488143350e-03 1.850229272539457692e-03 2.306450377963824121e-03 2.618872582693544844e-03 2.548532575098965466e-03 2.394813262865524029e-03 2.292833260447592076e-03 1.709005790979607970e-03 1.212457699551290060e-03 7.884465935752311147e-04 9.148060682881864079e-04 4.951774208700061288e-04 6.318380042767589994e-03 1.000000000000000021e-08 1.000000000000000021e-08 1.000000000000000021e-08 1.000000000000000021e-08 1.000000000000000021e-08 1.000000000000000021e-08 1.000000000000000021e-08 1.000000000000000021e-08 1.000000000000000021e-08 1.000000000000000021e-08 1.000000000000000021e-08 1.000000000000000021e-08 1.000000000000000021e-08 1.000000000000000021e-08 1.000000000000000021e-08 1.000000000000000021e-08 1.000000000000000021e-08
5.341857231999260879e-05 1.922169914689877247e-05 3.787109527117141504e-05 2.826489499677285261e-05 2.101678091160377423e-04 3.166241904304919553e-04 6.525495049827706494e-04 5.824306694927593999e-04 2.124435243657657024e-03 1.202659778541983505e-03 8.977451386386757666e-04 1.718498637857240711e-03 2.363766820798943354e-03 2.341396056552986181e-03 6.449872129810105097e-04 5.878828639113199434e-04 5.395272777222454149e-04 5.749287555439819199e-04 1.140381812499575639e-03 6.057800761211337356e-03 1.172958667628817485e-05 1.000000000000000021e-08 1.000000000000000021e-08 1.000000000000000021e-08 1.000000000000000021e-08 1.000000000000000021e-08 1.000000000000000021e-08 1.000000000000000021e-08 1.000000000000000021e-08 1.000000000000000021e-08 1.000000000000000021e-08 1.000000000000000021e-08 1.000000000000000021e-08 1.000000000000000021e-08 1.000000000000000021e-08 1.000000000000000021e-08 1.000000000000000021e-08
5.679456417252701971e-05 1.729679816114728774e-05 1.000000000000000021e-08 2.286625485902026502e-05 1.540476044610432414e-04 2.840238116480184902e-04 4.848956492897369915e-04 4.717814745008408559e-04 5.365543429674120247e-05 1.373220835173883910e-03 8.633735332488329099e-05 2.316065544992179225e-04 4.966768916131737406e-04 5.467447306475288569e-04 7.771278962934253989e-04 4.111688831346386108e-04 6.879539941991440633e-04 5.377749786116322456e-04 1.591098075663747178e-03 6.713454009204772137e-03 1.314700984660148319e-05 1.000000000000000021e-08 1.000000000000000021e-08 1.000000000000000021e-08 1.000000000000000021e-08 1.000000000000000021e-08 1.000000000000000021e-08 1.000000000000000021e-08 1.000000000000000021e-08 1.000000000000000021e-08 1.000000000000000021e-08 1.000000000000000021e-08 1.000000000000000021e-08 1.000000000000000021e-08 1.000000000000000021e-08 1.000000000000000021e-08 1.000000000000000021e-08
5.032213740968827969e-05 2.057822499309353795e-05 1.730565287430295754e-05 1.442143463547945036e-05 1.000000000000000021e-08 1.613356281288159412e-04 4.427670435221329440e-05 4.720018934885016602e-05 6.615115981412284310e-05 1.012084698888214345e-03 2.709092500094021825e-04 1.529214875204589071e-04 1.961962130562660059e-04 5.366649765182085908e-04 8.493101720916179046e-04 2.422770131077544090e-03 1.561213676969128855e-03 1.191976993574981377e-03 2.187010163554130825e-03 7.651407998579715271e-03 2.247809593027515128e-05 1.000000000000000021e-08 1.000000000000000021e-08 1.000000000000000021e-08 1.000000000000000021e-08 1.000000000000000021e-08 1.000000000000000021e-08 1.000000000000000021e-08 1.000000000000000021e-08 1.000000000000000021e-08 1.000000000000000021e-08 1.000000000000000021e-08 1.000000000000000021e-08 1.000000000000000021e-08 1.000000000000000021e-08 1.000000000000000021e-08 1.000000000000000021e-08
4.108451335967332999e-04 4.646506538866117047e-05 1.937717355071194954e-05 2.538259130947676055e-05 1.000000000000000021e-08 1.000000000000000021e-08 1.338537823851980954e-05 4.378366928686691910e-05 8.394734636386414536e-05 8.686545596751253174e-04 1.066369545727326130e-03 3.577394801529104715e-04 1.591481766326886338e-04 2.097103611467451552e-04 2.809492405709287477e-04 1.721190623668192440e-03 4.515315398467361317e-04 4.387745844322425747e-04 1.519112889295752143e-04 7.687254058120839874e-03 1.371859472733551102e-03 1.000000000000000021e-08 1.000000000000000021e-08 1.000000000000000021e-08 1.000000000000000021e-08 1.000000000000000021e-08 1.000000000000000021e-08 1.000000000000000021e-08 1.000000000000000021e-08 1.000000000000000021e-08 1.000000000000000021e-08 1.000000000000000021e-08 1.000000000000000021e-08 1.000000000000000021e-08 1.000000000000000021e-08 1.000000000000000021e-08 1.000000000000000021e-08
4.025402284214395915e-05 2.631485233014534483e-05 3.834860051494271027e-05 1.936132792137622364e-05 1.000000000000000021e-08 1.000000000000000021e-08 1.000000000000000021e-08 1.324124221502907937e-05 1.000000000000000021e-08 7.243573681203958371e-05 8.241002187880429406e-04 6.218876332806434239e-04 1.247081734418477024e-04 1.793907745936110427e-04 3.271976251107365486e-04 3.399820623185547341e-04 3.771683486407852322e-04 3.540120627572342625e-04 3.449056060585172336e-04 4.660362812780688598e-03 9.593184206163689028e-04 1.000000000000000021e-08 1.000000000000000021e-08 1.000000000000000021e-08 1.000000000000000021e-08 1.000000000000000021e-08 1.000000000000000021e-08 1.000000000000000021e-08 1.000000000000000021e-08 1.000000000000000021e-08 1.000000000000000021e-08 1.000000000000000021e-08 1.000000000000000021e-08 1.000000000000000021e-08 1.000000000000000021e-08 1.000000000000000021e-08 1.000000000000000021e-08
1.643674297286925245e-05 3.587486689010638665e-05 2.254213508722814879e-05 3.518448332297764909e-05 1.177856833144630651e-05 1.000000000000000021e-08 1.000000000000000021e-08 1.000000000000000021e-08 1.000000000000000021e-08 4.768917944655590526e-05 9.689168045592870906e-05 1.962014246363374785e-03 1.753254361648520310e-04 5.767517031106288633e-05 2.587306830696985529e-04 1.813442489189247557e-04 3.763588718977061917e-04 4.104480204535303602e-04 5.214881139874389185e-04 5.534659772447614486e-03 6.283769164974963191e-04 1.000000000000000021e-08 1.000000000000000021e-08 1.000000000000000021e-08 1.000000000000000021e-08 1.000000000000000021e-08 1.000000000000000021e-08 1.000000000000000021e-08 1.000000000000000021e-08 1.000000000000000021e-08 1.000000000000000021e-08 1.000000000000000021e-08 1.000000000000000021e-08 1.000000000000000021e-08 1.000000000000000021e-08 1.000000000000000021e-08 1.000000000000000021e-08
