output/water_depth_10320.asc
ncols 223
nrows 158
xllcorner 0.0
yllcorner 0.0
cellsize 30.0
[rows 136 to 152 of 158, columns 185 to 221 of 223]
1.000000000000000021e-08 4.173736177487695270e-05 5.039216122667950458e-04 4.125332863777871339e-01 9.966996829926502710e-02 1.000000000000000021e-08 5.196378204655849699e-05 9.063018971581389123e-05 1.674051682560768236e-04 2.738584319964308482e-04 4.977618181754535961e-04 7.576962131493464574e-04 2.971081000413728387e-04 8.658053764424885181e-05 5.132270164575336704e-05 3.853906317078613217e-05 2.872171401547196626e-05 2.077095967569778849e-05 1.239184826400166383e-05 1.000000000000000021e-08 1.000000000000000021e-08 1.000000000000000021e-08 1.000000000000000021e-08 1.000000000000000021e-08 1.000000100000000021e-05 1.000000100000000021e-05 1.000000100000000021e-05 1.000000100000000021e-05 1.000000100000000021e-05 1.000000100000000021e-05 1.000000100000000021e-05 1.000000100000000021e-05 1.000000100000000021e-05 1.000000100000000021e-05 1.000000100000000021e-05 1.000000100000000021e-05 1.000000100000000021e-05
2.636547954786286807e-05 2.375901215596490184e-05 8.661524069300900448e-05 3.990442037060940583e-01 3.959879094577242742e-01 3.668770339625182508e-01 1.789437120733786309e-03 4.136751892896456298e-05 4.579361197782111408e-05 5.424456707113782701e-05 5.575364868424989009e-04 7.664298447251268733e-04 2.361598407875518859e-04 1.000000000000000021e-08 1.000000000000000021e-08 1.000000000000000021e-08 1.000000000000000021e-08 1.000000000000000021e-08 1.000000000000000021e-08 1.000000000000000021e-08 1.000000000000000021e-08 1.690609329006633943e-05 1.034266385044834898e-05 1.000000000000000021e-08 1.000000000000000021e-08 1.000000100000000021e-05 1.000000100000000021e-05 1.000000100000000021e-05 1.000000100000000021e-05 1.000000100000000021e-05 1.000000100000000021e-05 1.000000100000000021e-05 1.000000100000000021e-05 1.000000100000000021e-05 1.000000100000000021e-05 1.000000100000000021e-05 1.000000100000000021e-05
1.000000000000000021e-08 1.000000000000000021e-08 1.000000000000000021e-08 1.177118794188613095e-03 1.953879971324527266e-03 3.251635853793426456e-01 2.862298879023366660e-01 2.300307290428281748e-01 1.312517900059535390e-03 1.450012290745765443e-04 5.145319667131471788e-04 4.698379429892813138e-05 2.580207909919167206e-05 1.000000000000000021e-08 1.110156149312819474e-05 1.000000000000000021e-08 1.000000000000000021e-08 1.000000000000000021e-08 1.000000000000000021e-08 1.000000000000000021e-08 1.000000000000000021e-08 1.000000000000000021e-08 1.000000000000000021e-08 1.000000000000000021e-08 1.000000000000000021e-08 1.000000100000000021e-05 1.000000100000000021e-05 1.000000100000000021e-05 1.000000100000000021e-05 1.000000100000000021e-05 1.000000100000000021e-05 1.000000100000000021e-05 1.000000100000000021e-05 1.000000100000000021e-05 1.000000100000000021e-05 1.000000100000000021e-05 1.000000100000000021e-05
7.300884374293075047e-05 1.035158530243603228e-04 1.000000000000000021e-08 1.566346972631757099e-05 1.000000000000000021e-08 6.994460988334627333e-04 5.651996642906994411e-04 1.501714219296142183e-01 8.308540637878429613e-02 6.593413995731401203e-04 5.731571504363248162e-05 5.693945039970549230e-05 1.000000000000000021e-08 1.000000000000000021e-08 1.748553513836112393e-05 1.000000000000000021e-08 1.000000000000000021e-08 1.000000000000000021e-08 1.000000000000000021e-08 1.582172783634027286e-05 1.578143797347510735e-05 1.452719066836872619e-05 1.000000000000000021e-08 1.000000000000000021e-08 1.000000000000000021e-08 1.000000100000000021e-05 1.000000100000000021e-05 1.000000100000000021e-05 1.000000100000000021e-05 1.000000100000000021e-05 1.000000100000000021e-05 1.000000100000000021e-05 1.000000100000000021e-05 1.000000100000000021e-05 1.000000100000000021e-05 1.000000100000000021e-05 1.000000100000000021e-05
4.738935741479964370e-05 2.668250605722269361e-05 2.286556510267276430e-05 1.483216792202717065e-05 1.086596820574796185e-05 1.140671807513380920e-05 1.000000000000000021e-08 7.556785588459206948e-02 1.607903980375712250e-01 1.455156683963644386e-03 3.188997564124393413e-04 4.929403870405618790e-05 1.000000000000000021e-08 1.000000000000000021e-08 1.000000000000000021e-08 1.000000000000000021e-08 1.000000000000000021e-08 1.079267238242350292e-05 1.043749592495626256e-05 1.048761607401493641e-05 1.254236494396189566e-05 1.000000000000000021e-08 1.000000000000000021e-08 1.000000000000000021e-08 1.000000000000000021e-08 1.000000100000000021e-05 1.000000100000000021e-05 1.000000100000000021e-05 1.000000100000000021e-05 1.000000100000000021e-05 1.000000100000000021e-05 1.000000100000000021e-05 1.000000100000000021e-05 1.000000100000000021e-05 1.000000100000000021e-05 1.000000100000000021e-05 1.000000100000000021e-05
1.650085776970395277e-04 1.268089408726202482e-04 1.208720661051970854e-04 4.297643324765131750e-03 5.341589446785564811e-04 2.752828244208375442e-04 3.183069349610456890e-05 3.920635251553322015e-02 2.002055770713385974e-01 2.954191695773026108e-04 1.736849290157948882e-04 1.000000000000000021e-08 1.000000000000000021e-08 1.000000000000000021e-08 1.000000000000000021e-08 1.766548717354856696e-05 1.879117899563642488e-05 1.884894501751104568e-05 1.252185573726138862e-05 1.000000000000000021e-08 1.000000000000000021e-08 1.000000000000000021e-08 1.000000000000000021e-08 1.000000000000000021e-08 1.000000100000000021e-05 1.000000100000000021e-05 1.000000100000000021e-05 1.000000100000000021e-05 1.000000100000000021e-05 1.000000100000000021e-05 1.000000100000000021e-05 1.000000100000000021e-05 1.000000100000000021e-05 1.000000100000000021e-05 1.000000100000000021e-05 1.000000100000000021e-05 1.000000100000000021e-05
3.862111183850158399e-04 4.640439137102205782e-04 5.964467567960898137e-04 4.380910106882221077e-04 6.913191975734891710e-04 7.438422588657250638e-04 7.751337186530436567e-04 3.667588533195615536e-02 2.358104646834687512e-01 2.807324353012225393e-04 1.004982515132118949e-04 1.000000000000000021e-08 1.000000000000000021e-08 1.608556232499601494e-05 2.070390989301886542e-05 2.538036524565198514e-05 1.687662586343787350e-05 1.000000000000000021e-08 1.000000000000000021e-08 1.504649609218661710e-05 1.000000000000000021e-08 1.000000000000000021e-08 1.000000000000000021e-08 1.000000000000000021e-08 1.000000100000000021e-05 1.000000100000000021e-05 1.000000100000000021e-05 1.000000100000000021e-05 1.000000100000000021e-05 1.000000100000000021e-05 1.000000100000000021e-05 1.000000100000000021e-05 1.000000100000000021e-05 1.000000100000000021e-05 1.000000100000000021e-05 1.000000100000000021e-05 1.000000100000000021e-05
3.703362703499774576e-05 4.782098992352398477e-05 3.042274954817908295e-05 3.090362038757635889e-05 2.528610783359096893e-05 5.429344814763205129e-05 1.106580171662182590e-04 1.370597716904030025e-02 1.732321028958910825e-01 1.049228587023212228e-01 7.494994241604029149e-04 1.375109816490865719e-05 1.118493465386031916e-05 1.209609588964292333e-05 1.000000000000000021e-08 1.000000000000000021e-08 1.000000000000000021e-08 1.000000000000000021e-08 1.000000000000000021e-08 1.000000000000000021e-08 1.000000000000000021e-08 1.000000000000000021e-08 1.000000000000000021e-08 1.000000000000000021e-08 1.000000100000000021e-05 1.000000100000000021e-05 1.000000100000000021e-05 1.000000100000000021e-05 1.000000100000000021e-05 1.000000100000000021e-05 1.000000100000000021e-05 1.000000100000000021e-05 1.000000100000000021e-05 1.000000100000000021e-05 1.000000100000000021e-05 1.000000100000000021e-05 1.000000100000000021e-05
3.354626335431075098e-05 2.409713615957377212e-05 3.443763069251888371e-03 1.000000000000000021e-08 1.066037282754477457e-05 6.754314283877517770e-05 5.277421533831118790e-05 1.408408048108087220e-04 9.293125018570280726e-02 2.693527674998785204e-01 7.482062009005726114e-04 3.560915455372641559e-05 1.925131084402859644e-05 1.000000000000000021e-08 1.000000000000000021e-08 1.000000000000000021e-08 1.000000000000000021e-08 1.000000000000000021e-08 1.000000000000000021e-08 1.000000000000000021e-08 1.000000000000000021e-08 1.000000000000000021e-08 1.000000000000000021e-08 1.000000000000000021e-08 1.000000100000000021e-05 1.000000100000000021e-05 1.000000100000000021e-05 1.000000100000000021e-05 1.000000100000000021e-05 1.000000100000000021e-05 1.000000100000000021e-05 1.000000100000000021e-05 1.000000100000000021e-05 1.000000100000000021e-05 1.000000100000000021e-05 1.000000100000000021e-05 1.000000100000000021e-05
4.233754340903877312e-05 4.428602648178407366e-05 2.455024298424917251e-03 2.643602853895122575e-04 2.037782328168931509e-04 1.120536274517959030e-04 9.147982021243889817e-05 6.391869257656296040e-05 2.883021894260142867e-02 2.266470597822142774e-01 5.148629907930678609e-04 1.000000000000000021e-08 1.000000000000000021e-08 1.000000000000000021e-08 1.000000000000000021e-08 1.000000000000000021e-08 1.000000000000000021e-08 1.000000000000000021e-08 1.000000000000000021e-08 1.000000000000000021e-08 1.000000000000000021e-08 1.000000000000000021e-08 1.000000000000000021e-08 1.000000100000000021e-05 1.000000100000000021e-05 1.000000100000000021e-05 1.000000100000000021e-05 1.000000100000000021e-05 1.000000100000000021e-05 1.000000100000000021e-05 1.000000100000000021e-05 1.000000100000000021e-05 1.000000100000000021e-05 1.000000100000000021e-05 1.000000100000000021e-05 1.000000100000000021e-05 1.000000100000000021e-05
2.650436213950871429e-05 6.876559017973084742e-05 4.274338623011095435e-04 4.369175774831259365e-03 1.000000000000000021e-08 6.293833542956464382e-05 8.546800075256430007e-05 3.651680769731871262e-04 1.039386413856404345e-01 1.555399738151831690e-01 3.863813548482515712e-04 1.000000000000000021e-08 1.000000000000000021e-08 1.000000000000000021e-08 1.000000000000000021e-08 1.000000000000000021e-08 1.000000000000000021e-08 1.000000000000000021e-08 1.000000000000000021e-08 1.000000000000000021e-08 1.000000000000000021e-08 1.000000000000000021e-08 1.000000000000000021e-08 1.000000100000000021e-05 1.000000100000000021e-05 1.000000100000000021e-05 1.000000100000000021e-05 1.000000100000000021e-05 1.000000100000000021e-05 1.000000100000000021e-05 1.000000100000000021e-05 1.000000100000000021e-05 1.000000100000000021e-05 1.000000100000000021e-05 1.000000100000000021e-05 1.000000100000000021e-05 1.000000100000000021e-05
1.000000000000000021e-08 6.748170431168374933e-05 1.840305677069087569e-04 8.325512680289830734e-04 4.561636733502226829e-04 4.943328639065707342e-04 6.921637407994867290e-04 1.009892237220988160e-03 3.743738557606669515e-01 3.703283612359939969e-01 3.681316111549353121e-01 4.759142416777644683e-04 1.000000000000000021e-08 1.000000000000000021e-08 1.000000000000000021e-08 1.000000000000000021e-08 1.000000000000000021e-08 1.000000000000000021e-08 1.000000000000000021e-08 1.000000000000000021e-08 1.000000000000000021e-08 1.000000000000000021e-08 1.000000000000000021e-08 1.000000000000000021e-08 1.000000100000000021e-05 1.000000100000000021e-05 1.000000100000000021e-05 1.000000100000000021e-05 1.000000100000000021e-05 1.000000100000000021e-05 1.000000100000000021e-05 1.000000100000000021e-05 1.000000100000000021e-05 1.000000100000000021e-05 1.000000100000000021e-05 1.000000100000000021e-05 1.000000100000000021e-05
7.427140087658211354e-05 5.960723405672885983e-05 5.427843940204172044e-05 1.488245231347023697e-04 3.724874779950080629e-04 4.433127224316773737e-04 3.066996656994428480e-04 2.423285320899103688e-04 3.723355623180876761e-01 3.640623817121560468e-01 3.661553791859710194e-01 1.262432943557790458e-03 1.000000000000000021e-08 1.000000000000000021e-08 1.000000000000000021e-08 1.000000000000000021e-08 1.000000000000000021e-08 1.000000000000000021e-08 1.000000000000000021e-08 1.000000000000000021e-08 1.000000000000000021e-08 1.000000000000000021e-08 1.000000000000000021e-08 1.000000000000000021e-08 1.000000100000000021e-05 1.000000100000000021e-05 1.000000100000000021e-05 1.000000100000000021e-05 1.000000100000000021e-05 1.000000100000000021e-05 1.000000100000000021e-05 1.000000100000000021e-05 1.000000100000000021e-05 1.000000100000000021e-05 1.000000100000000021e-05 1.000000100000000021e-05 1.000000100000000021e-05
1.000000000000000021e-08 1.000000000000000021e-08 1.000000000000000021e-08 1.896994555462300726e-05 2.538705693612122098e-04 1.580232967190943916e-04 1.181226155918553686e-04 8.971864141773200840e-05 2.507542596240162035e-03 3.485321686471776759e-01 3.593583084792571491e-01 1.000000000000000021e-08 1.000000000000000021e-08 1.000000000000000021e-08 1.000000000000000021e-08 1.000000000000000021e-08 1.000000000000000021e-08 1.000000000000000021e-08 1.000000000000000021e-08 1.000000000000000021e-08 1.000000000000000021e-08 1.000000000000000021e-08 1.000000000000000021e-08 1.000000000000000021e-08 1.000000100000000021e-05 1.000000100000000021e-05 1.000000100000000021e-05 1.000000100000000021e-05 1.000000100000000021e-05 1.000000100000000021e-05 1.000000100000000021e-05 1.000000100000000021e-05 1.000000100000000021e-05 1.000000100000000021e-05 1.000000100000000021e-05 1.000000100000000021e-05 1.000000100000000021e-05
1.000000000000000021e-08 1.000000000000000021e-08 3.344421203251546056e-05 2.434478886873989081e-03 2.674294609846554678e-04 1.000000000000000021e-08 1.000000000000000021e-08 1.000000000000000021e-08 7.375369813682501260e-05 3.075277725872752610e-01 6.277285636216416859e-04 7.029872733313346947e-05 8.926556754951864628e-05 1.000000000000000021e-08 1.000000000000000021e-08 1.000000000000000021e-08 1.000000000000000021e-08 1.000000000000000021e-08 1.000000000000000021e-08 1.000000000000000021e-08 1.000000000000000021e-08 1.000000000000000021e-08 1.000000000000000021e-08 1.000000000000000021e-08 1.000000100000000021e-05 1.000000100000000021e-05 1.000000100000000021e-05 1.000000100000000021e-05 1.000000100000000021e-05 1.000000100000000021e-05 1.000000100000000021e-05 1.000000100000000021e-05 1.000000100000000021e-05 1.000000100000000021e-05 1.000000100000000021e-05 1.000000100000000021e-05 1.000000100000000021e-05
1.228190583270776217e-05 1.000000000000000021e-08 1.456731704184522002e-05 1.847390571111978181e-05 2.067916319434862546e-05 1.000000000000000021e-08 1.000000000000000021e-08 1.000000000000000021e-08 1.000000000000000021e-08 2.366175584139245114e-01 1.705747123887371153e-01 8.628848166862125579e-02 8.839742371676755084e-02 1.000000000000000021e-08 1.000000000000000021e-08 1.000000000000000021e-08 1.000000000000000021e-08 1.000000000000000021e-08 1.000000000000000021e-08 1.000000000000000021e-08 1.000000000000000021e-08 1.000000000000000021e-08 1.000000000000000021e-08 1.000000000000000021e-08 1.000000000000000021e-08 1.000000100000000021e-05 1.000000100000000021e-05 1.000000100000000021e-05 1.000000100000000021e-05 1.000000100000000021e-05 1.000000100000000021e-05 1.000000100000000021e-05 1.000000100000000021e-05 1.000000100000000021e-05 1.000000100000000021e-05 1.000000100000000021e-05 1.000000100000000021e-05
2.293319675548457088e-05 2.372728796500065909e-05 1.494979409098810708e-05 1.025159319688910138e-05 1.096338717978564519e-05 1.071606164795535330e-05 1.000000000000000021e-08 1.851590626839776175e-04 2.018587622970019757e-01 2.157645517572132077e-01 1.647755671366805397e-01 2.571320264035495406e-01 2.383346229260609184e-01 1.846604120814772099e-01 8.157390188014608263e-04 1.000000000000000021e-08 1.000000000000000021e-08 1.000000000000000021e-08 1.000000000000000021e-08 1.000000000000000021e-08 1.000000000000000021e-08 1.000000000000000021e-08 1.000000000000000021e-08 1.000000000000000021e-08 1.000000000000000021e-08 1.000000100000000021e-05 1.000000100000000021e-05 1.000000100000000021e-05 1.000000100000000021e-05 1.000000100000000021e-05 1.000000100000000021e-05 1.000000100000000021e-05 1.000000100000000021e-05 1.000000100000000021e-05 1.000000100000000021e-05 1.000000100000000021e-05 1.000000100000000021e-05
