output/water_depth_4200.asc
ncols 223
nrows 158
xllcorner 0.0
yllcorner 0.0
cellsize 30.0
[rows 119 to 135 of 158, columns 74 to 110 of 223]
1.000000000000000021e-08 1.049287913907824782e-05 1.000000000000000021e-08 1.000000000000000021e-08 1.000000000000000021e-08 1.000000000000000021e-08 1.000000000000000021e-08 5.859437435563590865e-05 8.018249588365844839e-05 1.054187531708118230e-04 1.059816679648668228e-04 1.027176631102509396e-04 1.000000000000000021e-08 1.729352438263737136e-05 5.364116478272525773e-02 2.479002742042775709e-01 1.457060711878747916e-01 7.545542148965637963e-02 4.361507767339301705e-02 3.118271512782051086e-02 8.789030348803799839e-03 5.041124780343498278e-03 2.783500896142203796e-03 4.954409771260770857e-04 1.440028029603403160e-04 2.439418279389231098e-04 1.666203888223840600e-05 1.000000000000000021e-08 1.000000000000000021e-08 1.000000000000000021e-08 1.757727297144687380e-04 1.802753292049203869e-03 2.146605051665158477e-03 4.162129538184371723e-03 2.231781586928207328e-01 3.980232103762960105e-01 4.941901225792518781e-01
1.000000000000000021e-08 1.000000000000000021e-08 1.786542060597596086e-05 1.000000000000000021e-08 1.000000000000000021e-08 1.000000000000000021e-08 1.000000000000000021e-08 1.000000000000000021e-08 1.000000000000000021e-08 1.000000000000000021e-08 1.000000000000000021e-08 1.000000000000000021e-08 1.000000000000000021e-08 1.000000000000000021e-08 7.387672595318867141e-05 4.131333546081940354e-04 7.144950222280462004e-02 1.633627644242455212e-01 2.283819641591926519e-01 1.562170128575890993e-01 6.010253116985022487e-02 4.258095096513433292e-02 2.355676795088344072e-02 1.422994483313441867e-02 1.205599923331833641e-02 1.031853647338288119e-02 7.517308319244042115e-03 2.775906507221723250e-03 2.063763704269059012e-03 1.535732453599549354e-03 1.163483076866275810e-03 2.224098433696047039e-01 3.895159404324536334e-01 4.787340457258855153e-01 3.108258332710215899e-01 1.680924029616923387e-01 8.841412421175076641e-02
1.000000000000000021e-08 1.000000000000000021e-08 1.000000000000000021e-08 2.258312447844542148e-05 1.000000000000000021e-08 1.000000000000000021e-08 1.000000000000000021e-08 1.000000000000000021e-08 1.000000000000000021e-08 1.000000000000000021e-08 1.000000000000000021e-08 1.000000000000000021e-08 1.691442509043630536e-05 1.000000000000000021e-08 4.637493902412833199e-05 2.936698693071051786e-04 5.341655913172072955e-04 7.369516838799064495e-03 1.283107528046300780e-02 1.823831053823368187e-01 2.632385540680502456e-01 3.152565570167131237e-01 3.538116473578014065e-01 3.836125167305012296e-01 4.078355885662325320e-01 4.317872834847225616e-01 4.529397230530525786e-01 4.729187908627490167e-01 4.902882145322560725e-01 5.066163204935096864e-01 5.215840215031036786e-01 3.126764905801772132e-01 1.579461508351660548e-01 7.973729959201748818e-02 4.478830025529384473e-02 2.293953252066555787e-02 1.227721954797022889e-02
1.000000000000000021e-08 1.000000000000000021e-08 1.000000000000000021e-08 1.000000000000000021e-08 1.000000000000000021e-08 1.000000000000000021e-08 1.000000000000000021e-08 1.000000000000000021e-08 1.000000000000000021e-08 1.000000000000000021e-08 1.000000000000000021e-08 1.172300276564609980e-05 1.424255161749876090e-05 1.006293553097894859e-04 3.381061886252597227e-03 2.026787122567653889e-03 3.460906549742937834e-04 1.008377612184108846e-02 1.138255700090435273e-02 1.393450948394718038e-02 1.222953970930257261e-02 9.000431863911867100e-03 4.225780616341748633e-03 1.481439627512259362e-03 1.292484157918664034e-03 4.382013022297427392e-04 6.760242753846021704e-04 6.594590069688517815e-05 4.987307908134786975e-05 1.000000000000000021e-08 2.252488903773831123e-05 1.000000000000000021e-08 1.000000000000000021e-08 1.000000000000000021e-08 1.000000000000000021e-08 1.000000000000000021e-08 1.101698421921025917e-05
1.000000000000000021e-08 1.000000000000000021e-08 1.000000000000000021e-08 1.000000000000000021e-08 1.000000000000000021e-08 1.000000000000000021e-08 1.000000000000000021e-08 1.295788868949835353e-05 1.800451072967146124e-05 2.934772441363125276e-05 3.287443819676663675e-05 1.000000000000000021e-08 1.073844121609804489e-05 9.794804981029327814e-05 1.069693943696160658e-02 2.337280542280918694e-02 2.841251350644120530e-02 2.442074089015160501e-02 1.162045792245473830e-02 1.023838285629555082e-02 6.857155769033538434e-03 2.323252091674965839e-03 1.589957122138740660e-03 2.203205070043833869e-04 6.865808908514670875e-05 1.151782382700321369e-04 1.000000000000000021e-08 1.000000000000000021e-08 1.248416304911218861e-05 1.221719590531361180e-05 1.605506768230484727e-05 1.000000000000000021e-08 1.000000000000000021e-08 1.000000000000000021e-08 1.341281003207401258e-05 3.330664017016158717e-05 5.542696098977111126e-05
2.473843715883849282e-05 1.000000000000000021e-08 1.000000000000000021e-08 1.000000000000000021e-08 1.000000000000000021e-08 1.022669383226579420e-05 1.591895946851051047e-05 2.029246971673142390e-05 3.262979075014039087e-05 6.745495536292172949e-05 1.311395742791878762e-04 1.422876168444586243e-04 3.022811886656179606e-04 1.443155293216271014e-02 1.659153282372441418e-02 1.451711920689057259e-02 1.288864595074258601e-02 1.283552362999714098e-02 2.681104590138467733e-03 1.217375441070827789e-03 2.376899203066904138e-04 1.851097792920511971e-04 2.150853226004609167e-04 1.000000000000000021e-08 1.000000000000000021e-08 1.000000000000000021e-08 1.000000000000000021e-08 1.000000000000000021e-08 1.000000000000000021e-08 1.000000000000000021e-08 1.000000000000000021e-08 1.000000000000000021e-08 1.000000000000000021e-08 1.000000000000000021e-08 1.000000000000000021e-08 1.000000000000000021e-08 1.000000000000000021e-08
1.277292127201446839e-05 3.641201097484122388e-05 1.000000000000000021e-08 1.000000000000000021e-08 1.000000000000000021e-08 1.000000000000000021e-08 1.000000000000000021e-08 1.000000000000000021e-08 3.301696400136255091e-03 2.965160475683273258e-03 1.275878570681239152e-02 1.681782028955135927e-02 2.911310392383923557e-02 2.410213568829779052e-02 1.291181421330763954e-02 4.917420335087871117e-03 3.101468157594747602e-03 1.135641365219004512e-03 1.581826285350535237e-04 1.383225683366981259e-05 1.956235616721752825e-05 1.942300795545932890e-04 2.380858743650532286e-04 2.813285186010555799e-05 1.873806026253001166e-05 1.000000000000000021e-08 1.000000000000000021e-08 1.000000000000000021e-08 1.000000000000000021e-08 1.000000000000000021e-08 1.000000000000000021e-08 1.000000000000000021e-08 1.000000000000000021e-08 1.000000000000000021e-08 1.000000000000000021e-08 8.414557653652407617e-05 8.738462635187921909e-05
3.259989483233693541e-05 4.838360528927752906e-05 1.000000000000000021e-08 1.000000000000000021e-08 1.000000000000000021e-08 1.000000000000000021e-08 3.803008145038321524e-05 4.887465700928791669e-05 1.025818044863166523e-02 1.492052438455246030e-02 1.459246363643767336e-02 1.293391159318270194e-02 1.009162080127901442e-02 1.701810218256039325e-03 3.593899125088823639e-05 1.000000000000000021e-08 1.436810632269629028e-05 1.000000000000000021e-08 1.000000000000000021e-08 1.000000000000000021e-08 2.289722412695501311e-05 1.586690556132958508e-04 3.469492096589120726e-04 1.761820889130553527e-05 1.064345030028750369e-05 1.000000000000000021e-08 1.000000000000000021e-08 1.000000000000000021e-08 1.000000000000000021e-08 1.000000000000000021e-08 1.616419654037755773e-04 1.259008285416163893e-04 9.538987741649825340e-05 6.511593171793041742e-05 5.025960837982836846e-05 1.111219788165296958e-04 4.504971514966202143e-04
3.297353035898949766e-05 5.715968504374927873e-05 5.007871751565918280e-05 5.542536523831272365e-05 6.124476206605661949e-05 6.962530363266147880e-05 1.412206517049789320e-02 2.156644170377929395e-02 1.779708036918919989e-02 8.516473010158334342e-03 7.458050223811896889e-03 5.874364960471102799e-03 1.584415269778107773e-04 1.380159396698963735e-05 2.418086379479476484e-05 1.000000000000000021e-08 1.000000000000000021e-08 1.000000000000000021e-08 1.000000000000000021e-08 1.000000000000000021e-08 3.556306483195790201e-05 7.146076086847389210e-04 4.802500261326535951e-04 1.400159353829991486e-05 1.000000000000000021e-08 1.000000000000000021e-08 2.147129965110840185e-05 1.000000000000000021e-08 1.000000000000000021e-08 6.603854487525572089e-05 7.004294531394945130e-05 1.541700211480743631e-04 1.837096275014940701e-04 1.329418593696282745e-04 1.147818223349496172e-04 1.119746902239115093e-04 3.388041706456591741e-04
2.549654783141963720e-05 5.106821102883365559e-05 2.337676858539106464e-03 1.065720458758989513e-02 1.369235429194139153e-02 2.204322208227203414e-02 1.904603026797898821e-02 1.367040041655437008e-02 8.155664897211867270e-03 2.510191359302632944e-03 1.718118701163884147e-03 4.474946085550733535e-05 1.109325745010623039e-05 1.000000000000000021e-08 1.693659783418798896e-05 1.000000000000000021e-08 1.000000000000000021e-08 1.000000000000000021e-08 1.000000000000000021e-08 1.000000000000000021e-08 4.260499563184266423e-05 8.442603866449626803e-04 2.680829361675478870e-05 1.236247764092487358e-05 1.000000000000000021e-08 1.000000000000000021e-08 1.000000000000000021e-08 1.083502627860834695e-05 1.000000000000000021e-08 4.548965194229273075e-05 1.000000000000000021e-08 1.000000000000000021e-08 4.389723462246571909e-05 1.468928033239800385e-04 1.999086606411989704e-04 2.789307190050833779e-04 3.921730020345375782e-04
1.033996236716119984e-04 1.726701544863617577e-04 9.272785480851216885e-03 8.487088800741412684e-03 1.203601790039532729e-02 5.801546424642138600e-03 7.606347527924613161e-03 2.485093359826975792e-03 1.067906571963889558e-05 4.701730139343017912e-05 1.000000000000000021e-08 2.328139188070401373e-05 1.000000000000000021e-08 1.000000000000000021e-08 1.000000000000000021e-08 1.000000000000000021e-08 1.000000000000000021e-08 1.000000000000000021e-08 1.000000000000000021e-08 2.212711433216935935e-05 4.982373562556547579e-04 7.490052952350495041e-05 3.197584384100602729e-05 1.015692957129209838e-05 1.000000000000000021e-08 1.000000000000000021e-08 1.000000000000000021e-08 1.869723464971083949e-05 1.000000000000000021e-08 1.000000000000000021e-08 2.616049465559943364e-05 4.496537031081094670e-05 6.075343382250644118e-05 3.725389408270425915e-05 5.477861488268991313e-05 6.577880988322227314e-05 3.171117270729992125e-04
1.672222482083478290e-02 2.433907611973482737e-02 1.461501019578193353e-02 9.689710704320174048e-03 5.846646204335698149e-03 2.499699080760413739e-03 1.334649573801194745e-03 5.381261992109398354e-04 1.000000000000000021e-08 3.108103684736724189e-05 1.000000000000000021e-08 1.442196086389692505e-05 1.000000000000000021e-08 1.000000000000000021e-08 1.000000000000000021e-08 1.000000000000000021e-08 1.000000000000000021e-08 1.000000000000000021e-08 1.000000000000000021e-08 3.223283944119243252e-04 9.250634698023603203e-05 1.000000000000000021e-08 1.994032491551865285e-05 1.000000000000000021e-08 1.744934011444131559e-05 2.422392821163366557e-05 1.686394049169117300e-05 1.871561323765458162e-05 2.035399003309338540e-05 2.435745904170792230e-05 3.001447199529410392e-05 3.622050515845684233e-05 4.403147987598166302e-05 1.000000000000000021e-08 1.000000000000000021e-08 1.000000000000000021e-08 1.000000000000000021e-08
7.284465474687143276e-03 6.391518186182127553e-03 1.749516980023764308e-05 3.499375841273857777e-05 1.314666285410442221e-04 1.000000000000000021e-08 2.381757703909194020e-05 1.000000000000000021e-08 1.000000000000000021e-08 2.239685055735210644e-05 1.000000000000000021e-08 1.000000000000000021e-08 1.000000000000000021e-08 1.000000000000000021e-08 1.000000000000000021e-08 1.000000000000000021e-08 1.000000000000000021e-08 1.000000000000000021e-08 1.952808490212618649e-04 4.852143045610059246e-05 7.942642685479313802e-05 1.000000000000000021e-08 1.372953446659151857e-05 1.000000000000000021e-08 1.739600861063571736e-05 2.216572281207773430e-05 1.000000000000000021e-08 1.000000000000000021e-08 1.000000000000000021e-08 1.000328680843459059e-05 1.000000000000000021e-08 1.000000000000000021e-08 1.000000000000000021e-08 1.000000000000000021e-08 1.000000000000000021e-08 1.872785737247490494e-05 2.839163177325232449e-05
4.650581327421985587e-05 1.177128228456015217e-05 1.268160652335274253e-05 1.000000000000000021e-08 8.179536461645876908e-05 1.000000000000000021e-08 2.161617603729306072e-05 1.000000000000000021e-08 1.000000000000000021e-08 1.103217949177924008e-05 1.000000000000000021e-08 1.000000000000000021e-08 1.000000000000000021e-08 1.000000000000000021e-08 1.000000000000000021e-08 1.000000000000000021e-08 1.000000000000000021e-08 1.000000000000000021e-08 2.330991855595731447e-04 4.387576945808448398e-05 6.051741663157283232e-05 1.000000000000000021e-08 1.000000000000000021e-08 1.058049935551891362e-04 1.000000000000000021e-08 1.000000000000000021e-08 1.000000000000000021e-08 1.000000000000000021e-08 1.545934155872518358e-05 1.000000000000000021e-08 1.000000000000000021e-08 1.000000000000000021e-08 1.000000000000000021e-08 1.000000000000000021e-08 1.000000000000000021e-08 1.000000000000000021e-08 1.642598563511789812e-05
1.004816046390463631e-05 1.000000000000000021e-08 1.000000000000000021e-08 1.000000000000000021e-08 5.234082183854069266e-05 1.000000000000000021e-08 2.023867424701603619e-05 1.000000000000000021e-08 1.000000000000000021e-08 1.000000000000000021e-08 1.000000000000000021e-08 1.000000000000000021e-08 1.000000000000000021e-08 1.000000000000000021e-08 1.000000000000000021e-08 1.000000000000000021e-08 1.000000000000000021e-08 1.000000000000000021e-08 4.426014136471093899e-05 3.610950444156588656e-05 3.060526178777458648e-05 1.000000000000000021e-08 1.000000000000000021e-08 6.925031331336622097e-05 1.000000000000000021e-08 1.000000000000000021e-08 1.000000000000000021e-08 1.000000000000000021e-08 2.002833771255482581e-05 5.193834353954640917e-05 1.000000000000000021e-08 1.000000000000000021e-08 1.000000000000000021e-08 1.000000000000000021e-08 1.000000000000000021e-08 1.000000000000000021e-08 1.585649111816291737e-05
1.000000000000000021e-08 1.000000000000000021e-08 1.000000000000000021e-08 1.000000000000000021e-08 5.941665858414361566e-05 1.000000000000000021e-08 2.155243995426954493e-05 1.000000000000000021e-08 1.000000000000000021e-08 1.000000000000000021e-08 1.000000000000000021e-08 1.000000000000000021e-08 1.000000000000000021e-08 1.000000000000000021e-08 1.000000000000000021e-08 1.000000000000000021e-08 1.000000000000000021e-08 1.214558298932628971e-04 2.714301281471299940e-05 1.152378718045342251e-04 1.000000000000000021e-08 1.000000000000000021e-08 1.000000000000000021e-08 1.000000000000000021e-08 1.000000000000000021e-08 1.000000000000000021e-08 1.000000000000000021e-08 1.198622235228589595e-05 2.455809676297814124e-05 3.746919908920846740e-05 1.000000000000000021e-08 1.000000000000000021e-08 1.000000000000000021e-08 1.000000000000000021e-08 1.000000000000000021e-08 1.000000000000000021e-08 1.000000000000000021e-08
1.000000000000000021e-08 1.000000000000000021e-08 1.000000000000000021e-08 1.000000000000000021e-08 6.790580870608072016e-05 1.000000000000000021e-08 2.997005175098295726e-05 1.000000000000000021e-08 1.000000000000000021e-08 1.000000000000000021e-08 1.000000000000000021e-08 1.000000000000000021e-08 1.000000000000000021e-08 3.230920515542235258e-05 1.000000000000000021e-08 1.000000000000000021e-08 1.000000000000000021e-08 1.435767646161613159e-04 7.480252599629418878e-05 5.713134545392220130e-05 2.931536097779741031e-05 2.863193310428321993e-05 1.000000000000000021e-08 1.000000000000000021e-08 1.000000000000000021e-08 1.000000000000000021e-08 1.000000000000000021e-08 1.000000000000000021e-08 1.281712489910214992e-05 2.284182062785571838e-05 1.000000000000000021e-08 1.446993222256310363e-05 1.000000000000000021e-08 1.000000000000000021e-08 1.000000000000000021e-08 1.000000000000000021e-08 1.000000000000000021e-08
