output/water_depth_5640.asc
ncols 223
nrows 158
xllcorner 0.0
yllcorner 0.0
cellsize 30.0
[rows 85 to 101 of 158, columns 74 to 110 of 223]
1.000000000000000021e-08 1.000000000000000021e-08 1.000000000000000021e-08 1.000000000000000021e-08 1.000000000000000021e-08 1.000000000000000021e-08 1.000000000000000021e-08 1.000000000000000021e-08 1.000000000000000021e-08 1.000000000000000021e-08 1.000000000000000021e-08 1.000000000000000021e-08 1.000000000000000021e-08 2.674028964763769029e-05 1.000000000000000021e-08 1.000000000000000021e-08 1.431308021677130528e-04 2.571470283272444092e-04 1.061572570895842068e-05 1.000000000000000021e-08 1.000000000000000021e-08 1.890818147895092537e-05 4.994986732968374667e-05 6.664997596292662307e-05 1.000000000000000021e-08 2.448016317847162953e-05 2.622890474653807831e-05 8.778979584515562810e-04 1.173055576791386974e-04 2.244886482713665020e-04 2.020534451877164421e-04 4.456257306821857127e-04 5.995649506566244060e-04 3.047095366645572617e-04 5.158262141868260892e-04 1.683874310592723767e-03 2.350765480801055214e-04
5.330308778903339794e-04 3.067827853206377343e-05 5.030408705817126852e-04 4.080012587614366475e-05 1.456467701958111483e-05 1.000000000000000021e-08 1.000000000000000021e-08 1.000000000000000021e-08 1.000000000000000021e-08 1.000000000000000021e-08 1.000000000000000021e-08 1.000000000000000021e-08 1.000000000000000021e-08 1.560212463590700011e-05 1.392654918390564232e-05 1.000000000000000021e-08 2.257118316885928266e-04 4.983394503988723733e-04 8.998011762591589472e-04 1.101997924827102012e-03 9.663826710967204090e-04 4.848573841779660879e-05 3.700593622477271782e-05 1.344290000878369743e-05 1.000000000000000021e-08 1.000000000000000021e-08 1.810864439012929960e-05 7.334165980039613719e-05 7.594178776455236084e-04 2.217865467264258173e-04 1.313301163945011655e-04 4.087125362880131155e-04 3.103690112855792514e-04 5.198975843919591538e-04 3.180068095088715201e-04 4.784738399303111052e-04 2.176534934633612896e-04
2.297092012720904647e-05 7.983097859329617264e-05 1.550379109218424727e-04 1.042478908490194426e-03 1.306217240343519046e-04 1.286382033589972143e-04 1.755706519094558623e-04 5.632282019061414323e-05 4.827489171761600596e-05 1.509506084440332613e-05 1.000000000000000021e-08 1.000000000000000021e-08 1.000000000000000021e-08 2.210262524269457953e-05 2.682265099688528620e-05 2.113836034998800800e-05 1.000000000000000021e-08 1.000000000000000021e-08 4.967240580052294545e-04 6.344625187647576301e-04 1.285164941179642566e-03 1.133914998577334726e-03 1.101180407877876626e-04 1.658644505000763129e-04 1.327620844628179251e-04 1.707655077642085775e-04 5.951642311130604613e-05 2.001644124628730093e-04 2.632218431107712000e-04 5.219511490486221763e-04 1.614690188384337215e-03 2.973420915519502930e-04 8.725614911563906199e-04 9.883247421922458729e-04 9.178881184085864887e-04 9.865304529292180050e-04 2.690008322641499372e-04
1.957849755336819192e-04 2.295544339895905532e-04 3.704760216931582374e-04 1.582689665326985967e-03 2.154485971696253662e-03 2.579833701321775086e-03 1.940259991249108570e-03 1.478325311321842172e-03 1.577528744343938399e-03 1.139402394277887979e-03 1.262046553734650321e-03 9.823814152334982459e-04 7.739376885181050922e-04 5.269269222208109371e-04 3.572585832922175867e-04 1.745897883986944718e-05 1.675928795402525505e-04 1.366851952904838981e-05 6.074285176983476500e-04 1.344902292569225173e-03 1.069963895235025598e-03 1.790708852390355578e-03 7.081289584215533098e-04 5.426311153957008235e-04 6.643571168097007693e-04 4.993384323106327084e-04 6.987633620048259954e-04 5.172694531324374938e-04 6.284605301550667215e-04 4.901712156880325046e-04 1.967687131651167914e-03 2.112642111547085449e-03 2.634167777948421369e-04 2.619277889287408728e-04 8.478639339960207391e-04 1.197201793274328121e-03 1.028055874178940114e-03
6.737869490096543923e-04 5.165206611989196393e-04 6.500405826454114678e-04 4.473265233547677865e-04 7.698184775068577521e-04 5.731934516651348167e-04 1.159145561161164942e-03 1.311597206253228322e-03 8.498529942018754561e-04 9.221961196838700378e-04 1.189630581761040931e-03 1.132305872639049896e-03 1.535062490458394832e-03 1.382978431161726533e-03 1.815400782157305069e-03 1.315287263514210072e-03 1.469416039853018753e-03 1.044362937533723033e-03 1.197120963633702432e-03 9.603474427025593570e-04 3.967958507791060664e-03 4.052558174641070210e-03 4.141657414525033200e-03 4.418150145000831683e-03 4.625770406210037364e-03 5.157509351473371466e-03 5.401612640335823508e-03 3.823983153328175226e-03 6.284993311749323408e-04 9.083135466309531780e-04 3.721340142159118743e-03 3.790137314742755576e-03 2.615800396522247918e-03 2.034278210971369755e-03 2.273005422162004824e-03 7.166780672926459546e-04 1.254464663375441874e-03
4.527189999520828990e-04 9.268322987001049529e-04 1.273184900199406458e-03 1.581326990008497576e-03 8.574475764702423151e-04 6.056522192543900692e-04 3.658187200599079258e-04 2.309473229686288473e-04 1.803761781288736477e-03 1.908315091649059598e-04 2.194363569266880119e-04 1.661316924333167383e-04 1.987088694205918038e-04 1.570934056053076094e-04 2.205890660135759922e-04 2.020997922400965575e-03 2.873783751215532034e-03 2.373741300465053404e-03 1.615908710285871236e-03 8.398254266055418978e-04 5.775997055789666018e-04 3.458976054768901544e-04 2.478042468690399278e-04 5.943232269736726397e-05 2.144702575826290796e-03 1.241833214474228437e-03 7.076290001069127263e-04 2.809755194997471880e-03 3.525155362810067448e-03 2.778178319304884687e-03 4.424425648124331823e-04 4.121007602130396423e-04 1.284522456210517678e-03 6.840734485307818462e-04 1.715436187968395060e-03 1.551310230385103328e-03 9.480464547889959825e-04
1.877325590640727571e-04 1.707665972042735124e-04 3.091755265529495919e-04 4.761568204725284996e-04 8.181290260565823608e-04 8.165542977451935606e-04 6.575049420861250925e-04 6.019211576675070332e-04 1.502731170222689882e-03 1.429287870209882240e-03 1.407770986361588626e-04 9.432234121584345842e-05 3.226596455779777287e-05 5.282446021865184435e-05 4.159683784047433298e-05 2.472762418256233235e-04 1.697897079649135239e-04 1.319738586228806805e-03 2.807393577312668740e-04 4.694519169667641452e-04 3.940006618484517852e-04 5.337630903314633706e-04 4.066438398602977250e-04 4.514494974330635242e-04 3.572114242086730368e-04 5.041423924426873275e-05 1.649810447637062286e-05 3.214547298644671925e-05 3.133102109800688854e-05 3.747671949507476279e-04 2.641807558282184077e-04 1.809684014313090036e-04 9.014172755516510014e-04 6.436426106360944657e-04 2.165669068207381857e-03 8.076953252238493544e-04 2.737540658571591470e-03
6.171580835963313841e-05 4.839500823810280651e-05 3.694871077607996679e-05 2.468613430226008229e-05 7.113209501781931655e-04 1.267379330572503083e-03 1.747380057092125715e-03 2.062754027699024474e-03 2.700270336121522383e-03 2.157517886790420465e-03 4.143446633972144161e-04 1.573832046804448282e-04 1.603001248372574138e-04 4.998042108395899419e-05 8.494462442435283275e-05 1.051668418250531093e-04 1.365585542751234145e-04 3.766613449402926150e-04 8.013884394469071321e-04 7.071192079822933652e-04 9.021389387573013063e-04 6.782117074077549483e-04 4.691041734867835598e-04 1.229614615476012788e-03 8.450540987138614431e-04 5.094210469702046358e-05 6.643277330097492096e-05 6.324356573197953673e-05 4.114345972262661811e-04 2.468672404966669670e-04 2.008859547512100970e-04 2.385629202464120696e-05 7.674880223145347496e-04 2.854159729537153120e-03 2.706504857605369300e-03 1.091153191506240424e-03 8.972247169754493483e-04
2.445657128899520337e-05 2.627487824858034936e-05 1.000000000000000021e-08 1.381212239432137700e-05 1.000000000000000021e-08 1.442254083652946730e-04 8.929038619069120926e-05 6.333845558323919326e-05 2.993153425802231172e-04 1.670589357456166765e-03 6.447637552263325552e-04 5.270346776917198082e-04 2.121785924485831531e-04 2.216428033259032785e-04 1.775070444406941326e-04 4.765872310475236114e-04 4.771187432372767448e-04 6.550151552378037341e-04 5.744020948810326169e-04 6.771886308660705466e-04 2.183572522947363416e-04 4.370504978041422797e-04 6.701581678022470491e-04 1.020020438284676952e-03 2.092354931182785222e-03 1.521263280121693548e-03 1.015943800440077555e-03 1.892425954108956380e-04 1.409314020178953830e-04 1.890864313133186502e-04 1.577810318886327791e-04 1.961922313785367268e-04 2.684595969795945821e-04 3.225649532454267230e-04 3.656057884335257250e-03 3.705060410737597617e-03 8.207275065983358087e-04
1.428860534675238421e-05 2.414267586988316878e-05 1.000000000000000021e-08 1.000000000000000021e-08 1.000000000000000021e-08 1.000000000000000021e-08 1.000000000000000021e-08 1.000000000000000021e-08 2.205741308029809540e-05 3.080942199777799914e-04 3.350700763078864712e-04 7.587998897623159057e-04 1.282415408162190101e-03 4.683093820301932110e-04 7.420005656130763787e-04 1.012991307630642021e-04 8.462734408521354300e-05 1.147348951171009746e-05 2.865589418748017337e-05 8.638357519439541230e-05 4.462019037861573154e-04 4.065532548979835614e-04 6.138633253205381685e-04 6.001953583435672580e-04 7.045769768591560091e-04 3.707652152649479078e-04 3.872271487931695419e-04 1.249495288111705110e-04 1.097912977750337225e-04 9.619956766767650169e-05 6.084360887572727583e-04 9.359059350029874202e-05 1.486615216081464783e-04 1.200636562021754753e-04 6.918987639053767076e-04 3.441492066374524355e-03 3.559102407836406759e-03
1.000000000000000021e-08 2.859346348203959816e-05 1.000000000000000021e-08 1.000000000000000021e-08 1.000000000000000021e-08 1.000000000000000021e-08 1.000000000000000021e-08 2.115182343572370841e-05 1.000000000000000021e-08 1.792333772589688797e-05 3.412587414328279388e-04 1.452269518622011557e-04 1.199933588536731372e-04 3.057661628010982773e-03 2.297172372182449025e-03 4.826839222591029896e-04 1.751085146116102605e-04 1.628365776595532997e-04 1.288693745964418806e-04 1.662212277369167878e-04 1.702346148847281053e-04 2.125789617304024248e-04 7.021532904509910147e-05 9.884550352456865862e-05 2.496696470301316192e-04 4.947394623031529069e-04 2.729849087312679560e-04 3.365230263448263075e-04 1.381329620914209196e-04 2.286510082346623722e-04 8.528404194430839981e-04 6.020869098326341951e-04 3.257590095905516154e-04 3.793717061684987141e-04 2.418313952637244160e-04 5.796946324354978076e-04 2.135137521179765636e-03
1.000000000000000021e-08 1.000000000000000021e-08 2.871067311426755560e-05 3.522869236137903291e-05 5.250911039489228517e-05 5.829821668793388892e-05 6.900283132044758105e-05 4.645805917251355656e-05 3.375263220879304576e-05 1.000000000000000021e-08 2.754789150944879589e-05 3.824235949245643725e-05 3.323085529709149789e-05 2.495883938962150392e-04 2.675172956632795515e-04 2.319979487505327619e-04 3.448540504280827863e-04 1.567137735590646793e-04 1.374857743753939837e-04 4.492241660052611804e-05 4.029485356888877170e-05 1.661197554087553914e-05 1.425674769476821871e-04 7.509265080686666869e-05 2.759286455295932041e-04 2.389300185160241541e-04 4.344351599353251259e-04 2.388845772225261230e-04 3.199086916588143566e-04 2.612563647781435843e-04 7.910539631974829579e-05 9.663857808811568537e-05 1.069339993859837055e-04 1.294395982708748899e-04 5.387288449615329619e-04 5.535266395113832335e-04 3.545378086148283456e-04
1.000000000000000021e-08 1.000000000000000021e-08 2.559534381026294515e-05 4.469780988527924495e-05 3.758096462517514328e-05 3.306571566709416574e-05 2.541614675853887310e-05 5.110787209671681971e-05 4.230857039480920029e-05 3.140971789806806976e-05 5.473796828306348543e-05 8.088389552486412116e-05 6.999324834153913821e-05 1.696376950407652056e-05 2.293911681503624353e-04 3.418902571377402670e-04 2.123238709360044882e-04 3.128264504933154925e-04 1.391132696654140302e-04 1.558868047714535702e-04 6.062305242210269538e-05 6.520994791048082679e-05 6.013372084842965508e-05 1.996229264421009800e-04 3.641775451300704580e-04 4.399766034960617893e-04 2.711534875852373737e-04 4.330201650462297191e-04 2.336293906623647441e-04 6.753300058926936956e-04 5.765428888122899184e-04 7.337602525796184296e-05 5.607988237379144068e-05 5.337519584439163068e-05 5.644648472428808687e-04 7.600888755381517354e-05 1.325764807271066943e-04
1.348007904586193058e-05 1.000000000000000021e-08 3.512063819143651484e-05 1.000000000000000021e-08 2.138657277783209654e-05 1.313717651993607838e-05 1.624182003225655517e-05 1.484877158091547476e-05 3.923009193012899127e-05 6.189669453177306789e-05 1.264212284229941847e-04 1.193667850502962228e-04 1.247530479579081150e-04 1.099995652486481824e-04 1.000000000000000021e-08 2.712391757992400161e-04 3.565074470356367460e-04 2.072531382857316503e-04 2.937497045595611339e-04 1.390350578022726792e-04 1.693046159090926656e-04 7.253307825937629287e-05 6.304052715721374784e-05 6.077495131428320571e-05 1.178848670954542332e-04 1.732490083425534759e-04 7.022911992810296818e-04 8.288035526145755456e-04 1.601440939171746430e-03 1.466682942901158379e-03 2.696399655942408827e-03 2.655736571863420888e-03 3.472480593704459738e-03 2.283643532857444064e-03 2.538803176338569247e-03 1.730368978516775994e-03 3.606379525320552518e-03
3.204124536395961916e-05 1.639083965985090624e-05 3.878468850709847497e-05 1.000000000000000021e-08 1.000000000000000021e-08 1.000000000000000021e-08 1.000000000000000021e-08 1.000000000000000021e-08 1.000000000000000021e-08 1.336428173744550992e-05 4.003613767727465174e-05 1.528386946995761064e-04 1.616518985893469892e-04 1.596812582828169595e-04 1.000000000000000021e-08 1.000000000000000021e-08 1.154584323045833576e-04 2.740574120222129739e-04 1.757776885347123261e-04 5.044602122397280489e-04 2.089016349660845380e-04 2.384957584822296596e-04 9.329447239793097206e-05 8.068101816915740397e-05 2.706602033998369654e-05 3.261680642136113688e-04 3.349669415457692660e-04 6.589344429723514168e-04 5.519122260166896277e-04 7.006166427370555698e-04 5.407016791409330380e-04 1.719659254011858323e-03 3.448306113030727405e-04 1.028939081740554628e-03 1.163232330273701338e-03 1.777935513838197271e-03 2.084859505395208427e-03
9.796449782946737325e-05 2.167988271423004602e-05 1.000000000000000021e-08 1.000000000000000021e-08 1.000000000000000021e-08 1.000000000000000021e-08 1.000000000000000021e-08 1.000000000000000021e-08 1.000000000000000021e-08 1.000000000000000021e-08 1.127458786468084639e-05 2.057019913260904785e-05 1.000000000000000021e-08 1.000000000000000021e-08 1.000000000000000021e-08 1.000000000000000021e-08 9.840734245126863105e-05 1.155492299433316157e-04 2.472048315751123725e-04 9.036145213634616926e-05 2.527910610705834176e-04 1.520072473336140490e-04 3.975993806683953509e-04 3.651453039519611359e-04 1.414492868846795991e-03 1.012799098890609668e-03 8.231156181377532457e-04 5.868017357150799715e-04 5.361404978632094802e-04 3.730624695249923589e-04 3.184072698412071479e-04 3.207589550432272761e-05 7.086981952848808329e-05 7.791002298594324501e-05 1.876411305923711740e-04 1.628372280694257714e-04 4.515965510558798187e-04
8.681090531619300099e-05 8.427280197493606747e-05 8.601863999670863949e-05 1.000000000000000021e-08 1.000000000000000021e-08 1.000000000000000021e-08 1.000000000000000021e-08 1.000000000000000021e-08 1.000000000000000021e-08 1.000000000000000021e-08 1.000000000000000021e-08 1.000000000000000021e-08 1.000000000000000021e-08 1.000000000000000021e-08 1.049708907553155734e-05 1.000000000000000021e-08 3.061582053745719141e-05 1.241802305430413024e-04 1.150111886793087632e-04 1.735434293482137898e-04 1.319866621382908179e-04 2.410170167643020233e-04 2.106077703507583875e-04 2.972071222952238226e-04 4.093743753210491430e-04 1.532675274079263461e-03 1.158554622490287189e-03 9.221427459272390657e-04 3.629935497725222243e-05 2.893170459192219584e-05 3.651436828791300031e-05 3.074483113941955866e-05 4.130739874965819359e-05 1.593885254178966629e-04 1.092647373104320852e-04 2.239459416649899328e-04 2.120297916687251488e-04
