output/water_depth_4920.asc
ncols 223
nrows 158
xllcorner 0.0
yllcorner 0.0
cellsize 30.0
[rows 85 to 101 of 158, columns 185 to 221 of 223]
4.850408592406176532e-05 4.671361259007563539e-05 1.000000000000000021e-08 1.000000000000000021e-08 1.000000000000000021e-08 1.000000000000000021e-08 1.096877662005064057e-03 4.072263139615735494e-01 4.037249151282996662e-01 4.062311065122798936e-01 8.047348055811281986e-03 4.424698900263395428e-03 1.000000000000000021e-08 1.000000000000000021e-08 6.106714282230498423e-05 3.846568901395756808e-05 1.196430719243778876e-05 1.000000000000000021e-08 1.000000000000000021e-08 1.000000000000000021e-08 1.000000000000000021e-08 5.623514776586358401e-05 5.682009730261090955e-05 5.769703809024254865e-05 6.639229087459983501e-05 7.746874260238866374e-05 8.295934915799958091e-05 9.457990524082456464e-05 6.019398916643842667e-05 2.999406518783209608e-05 1.000000100000000021e-05 1.000000100000000021e-05 1.000000100000000021e-05 1.000000100000000021e-05 1.000000100000000021e-05 1.000000100000000021e-05 1.000000100000000021e-05
4.347486979701813993e-05 6.504935475960444444e-05 1.000000000000000021e-08 1.000000000000000021e-08 1.000000000000000021e-08 1.000000000000000021e-08 1.006269885526612877e-04 3.618245462392633560e-01 3.602607656585854468e-01 2.366702361539112058e-03 2.304320098176828105e-03 9.821673551501440384e-04 8.123339035645793212e-05 6.456933326418985632e-05 3.965255153530414126e-05 3.542435214945947300e-05 3.138266740514016496e-05 1.000000000000000021e-08 4.334414172182493959e-05 3.782782346269661296e-05 1.812944300755606300e-05 1.675420609878979080e-05 2.323231822091718075e-05 3.202637757475411753e-05 3.262648011082001275e-05 2.750606750168768118e-05 2.536518478677661774e-05 2.303098258149835484e-05 1.833214634529253646e-05 1.331299070041259482e-05 1.000000000000000021e-08 1.000000100000000021e-05 1.000000100000000021e-05 1.000000100000000021e-05 1.000000100000000021e-05 1.000000100000000021e-05 1.000000100000000021e-05
4.835126506826653564e-05 1.000000000000000021e-08 1.000000000000000021e-08 1.000000000000000021e-08 1.000000000000000021e-08 1.078649681664180986e-05 1.000000000000000021e-08 2.968499625246910356e-01 2.960433252447347008e-01 4.525830971134615460e-05 3.333732271043154098e-05 3.441847744165031024e-05 1.000000000000000021e-08 1.000000000000000021e-08 1.000000000000000021e-08 1.000000000000000021e-08 9.674587597589056156e-05 3.671036943184616372e-05 2.355503011940633895e-05 1.000000000000000021e-08 4.745269416461829606e-05 4.422123785431300970e-05 4.270438051516671507e-05 3.691987449688517416e-05 2.224778847465370716e-05 1.000000000000000021e-08 1.000000000000000021e-08 1.000000000000000021e-08 1.000000000000000021e-08 1.000000000000000021e-08 1.218190759197756104e-05 1.000000100000000021e-05 1.000000100000000021e-05 1.000000100000000021e-05 1.000000100000000021e-05 1.000000100000000021e-05 1.000000100000000021e-05
4.385402211232473159e-05 3.510320427467453349e-05 3.526516026348655889e-05 3.801909592943379255e-05 7.513625997199928439e-05 1.000000000000000021e-08 1.540261177623973666e-05 4.419636888149359732e-01 1.476746978685271050e-01 6.272473033835826266e-05 4.424054601897302661e-05 1.000000000000000021e-08 1.000000000000000021e-08 1.933240728956244200e-05 1.509403553051776896e-05 4.782122318446776197e-04 4.590986411968039568e-03 1.439407882285531821e-04 1.000000000000000021e-08 1.000000000000000021e-08 1.115948865668101481e-04 1.033303764466972211e-04 9.459612479166551327e-05 5.210155245272207958e-05 4.279950760838223590e-05 4.025974204503920669e-05 3.552883790926589339e-05 2.974460952145142019e-05 2.187783336376899834e-05 1.643862759253062863e-05 1.423025625059699925e-05 1.000000100000000021e-05 1.000000100000000021e-05 1.000000100000000021e-05 1.000000100000000021e-05 1.000000100000000021e-05 1.000000100000000021e-05
1.145680402607284311e-04 8.943718749763322794e-05 6.516118310022715450e-05 6.608472843363745106e-05 9.235334108800570107e-05 1.980347127979279495e-04 2.838102078428622328e-04 3.184373119067432922e-01 2.669203615560709619e-01 1.348643205016559999e-03 1.552339919123163516e-05 1.766892374125286980e-05 1.374433068982163011e-05 1.670659112570459774e-05 3.176707843915359221e-04 4.568001811437405143e-04 1.000000000000000021e-08 3.994411419518030542e-05 1.663749673359188487e-05 3.838699292250372688e-05 8.286017616845546389e-05 8.959789365651601892e-05 7.310631018157958696e-05 9.094128832638583341e-05 9.771278772193552043e-05 1.003433676563470422e-04 1.240779189878616641e-04 1.262075474893030046e-04 8.898565807943739517e-05 5.571118174889365426e-05 3.026078307692232490e-05 1.000000100000000021e-05 1.000000100000000021e-05 1.000000100000000021e-05 1.000000100000000021e-05 1.000000100000000021e-05 1.000000100000000021e-05
1.709965044573304009e-04 1.585991118981570176e-04 1.802717268287725111e-04 3.010339487309024627e-04 3.196936065470695862e-04 3.751558278884322426e-04 2.681044106499759716e-05 3.027723533565687686e-01 2.982406252739344121e-01 8.500151555058136016e-04 2.550846302035677358e-05 1.923564849887955696e-05 2.308538978334776968e-05 1.341005377471751141e-05 2.698793867052896389e-05 2.387396737207024284e-04 1.000000000000000021e-08 1.000000000000000021e-08 1.000000000000000021e-08 1.000000000000000021e-08 1.000000000000000021e-08 1.000000000000000021e-08 5.245402645077143315e-05 1.000000000000000021e-08 1.000000000000000021e-08 7.922435682851728094e-05 1.000000000000000021e-08 1.000000000000000021e-08 1.000000000000000021e-08 1.000000000000000021e-08 1.000000100000000021e-05 1.000000100000000021e-05 1.000000100000000021e-05 1.000000100000000021e-05 1.000000100000000021e-05 1.000000100000000021e-05 1.000000100000000021e-05
1.000000000000000021e-08 1.000000000000000021e-08 5.007686207338551591e-05 2.757590013221771771e-05 4.173033999635355432e-04 9.084697514901067072e-05 4.919636101282262759e-03 4.821207719564448713e-01 1.635854016077669393e-01 2.004212044518601161e-04 1.781847033656063726e-05 2.135934994081548107e-05 1.632435343873999743e-05 1.966565974552810176e-05 1.042116357686269487e-05 1.141036339454885943e-04 1.000000000000000021e-08 1.000000000000000021e-08 1.000000000000000021e-08 1.882370551608127194e-05 1.651872129416667097e-05 1.847829653818993328e-05 2.793378816079721845e-05 1.005506642414487890e-05 1.000000000000000021e-08 1.000000000000000021e-08 1.000000000000000021e-08 1.000000000000000021e-08 1.000000000000000021e-08 1.000000000000000021e-08 1.000000100000000021e-05 1.000000100000000021e-05 1.000000100000000021e-05 1.000000100000000021e-05 1.000000100000000021e-05 1.000000100000000021e-05 1.000000100000000021e-05
1.000000000000000021e-08 1.000000000000000021e-08 1.000000000000000021e-08 1.000000000000000021e-08 1.000000000000000021e-08 1.149418241248957503e-04 3.338006008147144225e-04 4.109946482882025909e-01 6.349282267801831248e-02 1.000000000000000021e-08 1.894566516827616111e-05 1.478274548750601778e-05 1.000000000000000021e-08 1.098885957559144451e-05 1.655576857278061358e-05 1.000000000000000021e-08 1.000000000000000021e-08 1.000000000000000021e-08 1.000000000000000021e-08 3.179481610780487798e-05 3.328756541555601784e-05 2.237169420853570492e-05 1.000000000000000021e-08 1.000000000000000021e-08 1.000000000000000021e-08 1.000000000000000021e-08 1.000000000000000021e-08 1.000000000000000021e-08 1.000000000000000021e-08 1.000000000000000021e-08 1.000000100000000021e-05 1.000000100000000021e-05 1.000000100000000021e-05 1.000000100000000021e-05 1.000000100000000021e-05 1.000000100000000021e-05 1.000000100000000021e-05
1.000000000000000021e-08 1.000000000000000021e-08 1.000000000000000021e-08 1.000000000000000021e-08 1.244228627382515826e-05 1.000000000000000021e-08 1.000000000000000021e-08 2.535997654248990374e-01 3.823486342538580662e-01 2.346261144517943278e-03 1.838208332333905406e-05 2.115277814781731371e-05 1.585360429947327008e-05 1.863616374834390699e-05 1.000000000000000021e-08 1.000000000000000021e-08 1.000000000000000021e-08 1.000000000000000021e-08 1.000000000000000021e-08 1.000000000000000021e-08 1.000000000000000021e-08 1.000000000000000021e-08 1.000000000000000021e-08 1.000000000000000021e-08 1.857426866378282586e-05 1.159432617107367351e-05 1.000000000000000021e-08 1.000000000000000021e-08 1.874393826721400141e-05 1.299778787729421123e-05 1.000000100000000021e-05 1.000000100000000021e-05 1.000000100000000021e-05 1.000000100000000021e-05 1.000000100000000021e-05 1.000000100000000021e-05 1.000000100000000021e-05
3.814454231217886011e-05 6.195979049437419007e-05 1.143827265642967676e-04 1.126621859115422777e-04 1.546285743248962863e-04 2.346198061778147562e-04 3.953061404333919654e-04 2.822735464307683517e-01 2.897563483158736020e-01 1.612878005516664697e-03 1.000000000000000021e-08 1.000000000000000021e-08 3.042780151860682126e-05 1.000000000000000021e-08 1.000000000000000021e-08 1.022733142099290594e-05 3.763505354251043319e-05 1.000000000000000021e-08 1.000000000000000021e-08 1.000000000000000021e-08 1.000000000000000021e-08 1.000000000000000021e-08 1.000000000000000021e-08 1.000000000000000021e-08 1.000000000000000021e-08 1.000000000000000021e-08 1.000000000000000021e-08 1.000000000000000021e-08 1.000000000000000021e-08 1.674438906290676366e-05 1.000000100000000021e-05 1.000000100000000021e-05 1.000000100000000021e-05 1.000000100000000021e-05 1.000000100000000021e-05 1.000000100000000021e-05 1.000000100000000021e-05
3.073929372858618531e-04 3.596805844483202236e-04 2.804024476378876572e-04 3.100194147184814810e-04 4.212907854118211923e-04 4.992488279626303019e-04 4.777413584724496463e-04 1.346064325924785088e-01 4.183421532220282235e-01 9.138842335416619278e-04 1.140102071590154474e-04 1.261924880281141100e-04 1.195175949770278654e-04 1.000000000000000021e-08 1.000000000000000021e-08 4.705748582245254609e-05 6.296013540027568822e-05 4.475412441398821827e-05 1.000000000000000021e-08 1.000000000000000021e-08 1.000000000000000021e-08 1.000000000000000021e-08 1.000000000000000021e-08 1.000000000000000021e-08 1.000000000000000021e-08 1.000000000000000021e-08 1.000000000000000021e-08 1.000000000000000021e-08 1.622144985129852482e-05 1.778817818840856409e-05 1.000000100000000021e-05 1.000000100000000021e-05 1.000000100000000021e-05 1.000000100000000021e-05 1.000000100000000021e-05 1.000000100000000021e-05 1.000000100000000021e-05
6.475604148453863824e-05 9.502272124071111542e-05 2.558837504824381737e-04 3.278108162496178577e-04 5.337648355121785886e-04 5.547132499805255100e-04 1.433493431800185762e-03 2.451995281874970456e-01 2.990160221683917374e-01 1.468095561271843120e-04 1.000000000000000021e-08 1.000000000000000021e-08 1.000000000000000021e-08 1.675117124785052735e-04 1.046436183612248216e-04 1.123997837568237157e-04 9.797711851356946926e-05 7.333475185428480348e-05 3.834204417021567552e-05 3.070900450103277970e-05 2.204904306769879603e-05 1.384149429317234315e-05 1.000000000000000021e-08 1.000000000000000021e-08 1.000000000000000021e-08 1.000000000000000021e-08 1.000000000000000021e-08 1.000000000000000021e-08 3.036355686023427906e-05 1.771522945135714088e-05 1.000000100000000021e-05 1.000000100000000021e-05 1.000000100000000021e-05 1.000000100000000021e-05 1.000000100000000021e-05 1.000000100000000021e-05 1.000000100000000021e-05
2.445576537667277825e-05 1.000000000000000021e-08 1.775621259898314201e-04 5.779518824395710099e-04 7.064512090342020328e-04 7.577826870744556282e-04 1.308219733809444681e-02 4.145797401797967074e-01 1.765694687401057339e-01 3.388482921066804837e-05 1.968369768757911799e-05 2.321295405925775110e-05 3.614793241669322427e-05 4.197800668157910820e-05 4.799342539588453841e-04 3.267259922493206178e-04 1.301135423556253686e-04 1.097651704028216175e-04 9.354071997697974356e-05 3.854559726345506063e-05 2.642905207847190996e-05 2.001452836489345496e-05 1.211110590119546650e-05 1.000000000000000021e-08 1.000000000000000021e-08 1.000000000000000021e-08 1.000000000000000021e-08 1.000000000000000021e-08 1.000000000000000021e-08 1.769356538448010007e-05 1.000000100000000021e-05 1.000000100000000021e-05 1.000000100000000021e-05 1.000000100000000021e-05 1.000000100000000021e-05 1.000000100000000021e-05 1.000000100000000021e-05
1.288719464358093182e-05 1.196500126763646759e-05 7.715575874459807749e-05 5.724604612590801842e-05 7.940977616558922295e-04 1.406380693779569428e-04 1.081894691132426591e-03 4.916515668013843321e-01 8.544111359911479853e-02 3.645085961332198690e-04 2.841349941527227370e-05 2.146329503129991854e-05 4.641783989553294388e-05 7.081371573856271137e-05 8.106934613254819370e-05 1.066031074021558630e-04 1.377114698191162791e-04 1.197366802446392159e-04 1.000000000000000021e-08 1.000000000000000021e-08 1.000000000000000021e-08 1.000000000000000021e-08 1.000000000000000021e-08 1.000000000000000021e-08 1.000000000000000021e-08 5.250785313750710905e-05 2.653543734563602383e-05 1.000000000000000021e-08 1.000000000000000021e-08 2.068274760227426914e-05 1.000000100000000021e-05 1.000000100000000021e-05 1.000000100000000021e-05 1.000000100000000021e-05 1.000000100000000021e-05 1.000000100000000021e-05 1.000000100000000021e-05
1.326964097291037994e-05 1.393608784815861310e-05 1.978124895231690735e-05 1.606605888200942486e-05 4.769865153712298943e-05 1.955232106371151361e-03 2.479632713882791162e-01 2.527551048624311902e-01 2.049406868500797466e-02 6.379679059836690803e-05 3.336503582452867670e-05 1.000000000000000021e-08 8.345599348225167221e-05 9.718557392560289623e-05 1.086638265743605655e-04 1.289631086384952861e-04 1.061349231542391114e-04 1.000000000000000021e-08 1.000000000000000021e-08 1.297024145693036020e-05 1.000000000000000021e-08 1.000000000000000021e-08 1.000000000000000021e-08 1.000000000000000021e-08 1.563243430781481485e-05 1.037192303822143441e-05 1.000000000000000021e-08 1.000000000000000021e-08 1.000000000000000021e-08 2.359829395800336883e-05 1.000000100000000021e-05 1.000000100000000021e-05 1.000000100000000021e-05 1.000000100000000021e-05 1.000000100000000021e-05 1.000000100000000021e-05 1.000000100000000021e-05
1.000000000000000021e-08 1.000000000000000021e-08 2.463654895806282049e-05 3.642924295180631668e-05 1.000000000000000021e-08 1.817469691203949271e-03 2.617013636780522456e-01 2.589139585250981868e-01 1.590170251637259072e-02 1.000000000000000021e-08 7.886757356534328039e-05 6.858682948385761476e-05 8.022495931643168141e-05 1.000000000000000021e-08 1.254275667015331160e-04 3.520341055850249737e-04 1.120293826273076126e-04 3.170122329726940131e-05 2.256750223736701333e-05 1.469235159900209091e-05 1.000000000000000021e-08 2.706180233226719762e-05 2.581035281323061835e-05 2.043957888961821622e-05 1.422814427495051038e-05 1.000000000000000021e-08 1.000000000000000021e-08 1.000000000000000021e-08 1.000000000000000021e-08 2.551862206543511471e-05 1.000000100000000021e-05 1.000000100000000021e-05 1.000000100000000021e-05 1.000000100000000021e-05 1.000000100000000021e-05 1.000000100000000021e-05 1.000000100000000021e-05
1.000000000000000021e-08 1.000000000000000021e-08 4.383112174258302953e-05 1.000000000000000021e-08 1.000000000000000021e-08 1.906992812770075566e-04 1.186087385291666185e-01 5.438341316229898803e-01 2.529938884829103368e-02 1.000000000000000021e-08 9.729700389701881639e-05 7.921244468255672763e-05 1.068651543507406044e-04 1.158837314130658027e-04 1.814218634175420494e-04 2.243334747408687227e-04 9.846328084957841167e-05 1.000000000000000021e-08 1.000000000000000021e-08 1.378939069985712015e-05 1.000000000000000021e-08 1.000000000000000021e-08 4.156704866280203602e-05 2.819278104428932013e-05 1.000000000000000021e-08 1.000000000000000021e-08 1.000000000000000021e-08 1.000000000000000021e-08 1.000000000000000021e-08 2.292751232095068700e-05 1.000000100000000021e-05 1.000000100000000021e-05 1.000000100000000021e-05 1.000000100000000021e-05 1.000000100000000021e-05 1.000000100000000021e-05 1.000000100000000021e-05
