output/water_depth_9480.asc
ncols 223
nrows 158
xllcorner 0.0
yllcorner 0.0
cellsize 30.0
[rows 68 to 84 of 158, columns 37 to 73 of 223]
1.000000000000000021e-08 1.000000000000000021e-08 1.000000000000000021e-08 1.000000000000000021e-08 1.000000000000000021e-08 1.000000000000000021e-08 1.000000000000000021e-08 1.000000000000000021e-08 1.000000000000000021e-08 1.000000000000000021e-08 1.000000000000000021e-08 1.000000000000000021e-08 1.000000000000000021e-08 1.000000000000000021e-08 1.698014428379058675e-05 1.000000000000000021e-08 1.000000000000000021e-08 1.357206715309373585e-05 1.376437027626299531e-05 1.000000000000000021e-08 1.000000000000000021e-08 1.000000000000000021e-08 2.020400547330873151e-05 1.208129183300438040e-03 2.378590037253627246e-04 1.000000000000000021e-08 1.000000000000000021e-08 1.000000000000000021e-08 1.000000000000000021e-08 1.000000000000000021e-08 1.000000000000000021e-08 1.000000000000000021e-08 1.000000000000000021e-08 1.000000000000000021e-08 1.000000000000000021e-08 1.000000000000000021e-08 1.000000000000000021e-08
1.000000000000000021e-08 1.000000000000000021e-08 1.000000000000000021e-08 1.000000000000000021e-08 1.000000000000000021e-08 1.000000000000000021e-08 1.000000000000000021e-08 1.000000000000000021e-08 1.000000000000000021e-08 1.868347619804803882e-05 2.516372417307227358e-05 1.000000000000000021e-08 1.000000000000000021e-08 1.563142079770293985e-05 1.870838592972202231e-05 1.000000000000000021e-08 1.000000000000000021e-08 1.039458097263990245e-05 1.000000000000000021e-08 1.000000000000000021e-08 1.000000000000000021e-08 1.000000000000000021e-08 1.727353011314648688e-05 2.859772218439569718e-05 1.337497403630927555e-04 9.377194711802501427e-04 1.000000000000000021e-08 1.000000000000000021e-08 1.000000000000000021e-08 1.000000000000000021e-08 1.000000000000000021e-08 1.000000000000000021e-08 4.519518594615548325e-05 3.200413950849996764e-04 5.054659267108129860e-04 5.462416886750822830e-04 4.344688391498645330e-04
1.000000000000000021e-08 1.000000000000000021e-08 1.000000000000000021e-08 1.000000000000000021e-08 1.000000000000000021e-08 1.000000000000000021e-08 1.000000000000000021e-08 1.000000000000000021e-08 2.206798399687607374e-05 2.343098795079052348e-05 2.186300986208753337e-05 3.570706733571018426e-05 2.116456750169054397e-05 1.794239065755042894e-05 1.536055590442112707e-05 1.626096767982540989e-05 3.477998332340170840e-05 1.000000000000000021e-08 1.000000000000000021e-08 1.000000000000000021e-08 1.000000000000000021e-08 3.051473134245718500e-05 1.650264604508986028e-05 2.392107204217779602e-05 1.000000000000000021e-08 1.000000000000000021e-08 1.000000000000000021e-08 1.000000000000000021e-08 1.000000000000000021e-08 2.072870510511405515e-05 2.041779514018807196e-05 2.437448460319294663e-04 4.019321762310893733e-04 4.202621015898158467e-04 4.051758460015168024e-04 4.435252929399293733e-04 6.197472220369786748e-04
1.000000100000000021e-05 2.110047426967004666e-05 1.000000000000000021e-08 1.000000000000000021e-08 1.000000000000000021e-08 1.000000000000000021e-08 1.000000000000000021e-08 1.000000000000000021e-08 1.000000000000000021e-08 1.000000000000000021e-08 1.010133026293297888e-05 1.931234852696506424e-05 4.723787170282073397e-05 3.671347387565731396e-05 3.378632105266370040e-05 4.385270151667654243e-05 1.454810819311826348e-04 3.004707178261706844e-04 1.615008847067613777e-04 1.087398695963787685e-04 6.666686421460474711e-05 1.104750571566826819e-04 1.486628653252944831e-03 1.150728912876738724e-04 6.462400306604773777e-05 1.000000000000000021e-08 1.000000000000000021e-08 1.000000000000000021e-08 1.000000000000000021e-08 5.894813125433546981e-05 1.272362846783199792e-04 3.259588816353484924e-04 3.568973287578910362e-04 3.222698521717584793e-04 3.223602291264625374e-04 4.019767509768826371e-04 4.404125361284934857e-04
2.231252764858323529e-05 5.187511167899665806e-05 3.270237177801345806e-05 1.823153093142962816e-05 1.000000000000000021e-08 1.000000000000000021e-08 1.000000000000000021e-08 1.000000000000000021e-08 7.970812173753346859e-05 6.732013420742884722e-05 1.000000000000000021e-08 1.000000000000000021e-08 8.606506098588204482e-05 1.723924633484622991e-04 2.020920907843627636e-04 2.198537998682895470e-04 1.906916175218600028e-04 1.638162475147567152e-04 2.082724219359714194e-04 1.918717391403129268e-04 1.501500154804301607e-04 7.583389484861937496e-05 1.824558691357974175e-04 1.841418349319614298e-04 1.612875041216258484e-04 1.000000000000000021e-08 4.848157936459366072e-04 4.384385558891721831e-04 5.927443044349357858e-04 5.721197677412597285e-04 8.717781616858233948e-04 4.465968164646378193e-04 3.611568092453164378e-04 2.961478999106447775e-04 2.249490434487450398e-04 1.761771013572793580e-04 2.053990243820653667e-04
2.913780400356971368e-05 1.981836638897099400e-05 4.336751311599663217e-05 1.000000000000000021e-08 1.000000000000000021e-08 1.000000000000000021e-08 1.000000000000000021e-08 2.350308044282524420e-05 1.004425452977846672e-04 1.753246814384514603e-04 1.147591877101557722e-04 1.320759102680124945e-04 1.179025437611833755e-04 1.240059535299589872e-04 7.866046506594977629e-05 7.234116648121586147e-05 5.656397903908317600e-05 4.339542190935684416e-05 3.505968994896455570e-05 1.592531047781885277e-04 2.037659064945276466e-04 1.729439715582596800e-04 1.401411477868923553e-04 4.019767769311435673e-04 4.821318670299294153e-04 6.358881143219265262e-04 4.119265755446157771e-04 2.459410745400042778e-04 1.794488636366745927e-04 1.490616386762608323e-04 1.014785962145135030e-04 8.053774050876076065e-05 5.951855593101155437e-05 4.876293110591021308e-05 5.282565276662344562e-05 4.201787156395403179e-05 3.787421661049534546e-05
9.361672248291680158e-05 1.174421972425472105e-04 1.275709394244148320e-04 1.423676002393113127e-04 1.624987765846689822e-04 2.373721361918962108e-04 2.620896171895341982e-04 2.453422283151212137e-04 1.836511427168680075e-04 1.000000000000000021e-08 1.000000000000000021e-08 1.000000000000000021e-08 1.000000000000000021e-08 1.000000000000000021e-08 1.000000000000000021e-08 1.061687515517138751e-05 1.535803094796643652e-05 1.440770701993213888e-05 1.000000000000000021e-08 1.000000000000000021e-08 1.000000000000000021e-08 1.216034918512719313e-04 2.252905001695194962e-04 3.109850553888890640e-04 2.923638347424161796e-05 1.000000000000000021e-08 1.000000000000000021e-08 1.000000000000000021e-08 1.071696988384953187e-05 1.521636830873245007e-05 1.714245174382975491e-05 1.527594281758457844e-05 1.247944661195324420e-05 1.209976363979031360e-05 1.495979106023893918e-05 1.281013038160058740e-05 1.000000000000000021e-08
9.041031507318190216e-04 5.548182149956380185e-05 4.518052260260931751e-05 4.044799248472629425e-05 3.547432109653388279e-05 2.727149340621832499e-05 2.337849252830597019e-05 1.000000000000000021e-08 1.000000000000000021e-08 1.000000000000000021e-08 1.000000000000000021e-08 1.000000000000000021e-08 1.000000000000000021e-08 1.000000000000000021e-08 1.000000000000000021e-08 1.000000000000000021e-08 1.599909931474722250e-05 2.030097781164733411e-05 1.964766555801067150e-05 1.981497251466331325e-05 1.998184339166827873e-05 2.323936587612291898e-05 6.303170319311854819e-05 1.394244839082620113e-05 1.000000000000000021e-08 1.000000000000000021e-08 1.000000000000000021e-08 1.000000000000000021e-08 1.078398790012256667e-05 1.134896402470676264e-05 1.000000000000000021e-08 1.587903530936785794e-05 1.389045572390870440e-05 1.385724937582102833e-05 1.000000000000000021e-08 1.000000000000000021e-08 1.000000000000000021e-08
1.445131951786129909e-05 2.683963825034693380e-05 1.000000000000000021e-08 1.000000000000000021e-08 1.082896114300755148e-05 1.000000000000000021e-08 1.000000000000000021e-08 1.000000000000000021e-08 1.000000000000000021e-08 1.000000000000000021e-08 1.000000000000000021e-08 1.000000000000000021e-08 1.000000000000000021e-08 1.000000000000000021e-08 1.000000000000000021e-08 1.000000000000000021e-08 1.127599544259402198e-05 3.725726294399929624e-05 3.891844988255405044e-05 3.064075701939566077e-05 3.559415321573178043e-05 8.050838296713460328e-05 1.351883016947111180e-05 1.021646144687199209e-05 1.000000000000000021e-08 1.000000000000000021e-08 1.000000000000000021e-08 1.000000000000000021e-08 1.000000000000000021e-08 1.000000000000000021e-08 1.000000000000000021e-08 1.000000000000000021e-08 1.229855590067331410e-05 1.556095543608038034e-05 1.686379847658713718e-05 1.314995639160771499e-05 1.224626927249240343e-05
1.114032586698201559e-05 1.946533308170519965e-05 2.675699546428918495e-05 1.880225321045917895e-05 2.235272527629771438e-05 3.171415637178395840e-05 2.867057027855158654e-05 2.314201679941796263e-05 1.945944141117129797e-05 1.534397367662034722e-05 1.395236996673789543e-05 1.273633180436517040e-05 1.521566619634288195e-05 1.457876721941667654e-05 1.550707482339737871e-05 1.377602394279769554e-05 2.156607303105397566e-05 3.532851408354497778e-05 3.944819001497138747e-05 4.676256101834992370e-05 4.326951425712654252e-05 1.029989901133396155e-04 8.434221496925260373e-05 1.000000000000000021e-08 1.000000000000000021e-08 1.000000000000000021e-08 1.000000000000000021e-08 1.000000000000000021e-08 1.000000000000000021e-08 1.000000000000000021e-08 1.000000000000000021e-08 1.019072776627128753e-05 1.597667430961646946e-05 2.054168803225384305e-05 2.343917444151552364e-05 2.255867821439397754e-05 3.257860839730152420e-05
1.070934619970980650e-05 1.832072875597364489e-05 2.495967921431669996e-05 1.000000000000000021e-08 1.207397789381773842e-05 2.186354191421398019e-05 4.575566998598561385e-05 3.769769449071497209e-05 3.758671724702321044e-05 1.000000000000000021e-08 4.392440639512367058e-05 6.964821523344346212e-05 7.044228880633976529e-05 8.777285052889523720e-05 1.055670476984547787e-04 1.094392096527272470e-04 9.612114789143535510e-05 8.868415242482716133e-05 1.047485947079369157e-04 7.966457805225925898e-05 6.785044260136247074e-05 8.016215684184613353e-05 1.297470625625596417e-04 1.000000000000000021e-08 1.000000000000000021e-08 1.000000000000000021e-08 1.000000000000000021e-08 1.093174553596357408e-05 1.127522164093046378e-05 1.159064664099287193e-05 1.511764422083714363e-05 1.717100892886911742e-05 1.814925681807702651e-05 1.000000000000000021e-08 1.697545969516455939e-05 2.260855614989810470e-05 1.871305352103829763e-05
1.311075524912729093e-05 2.086765604608910546e-05 2.334692304977102370e-05 2.241640837224536225e-05 1.675554320469210167e-05 1.502193663719004956e-05 1.199096798692535530e-05 3.965727432188192488e-05 8.240862007704549729e-05 4.816671341063853337e-05 4.182746423611447993e-05 3.496666247247040522e-05 4.595631593718632992e-05 4.441800491102151411e-05 1.000000000000000021e-08 1.000000000000000021e-08 1.000000000000000021e-08 1.000000000000000021e-08 1.427341680831602501e-05 1.000000000000000021e-08 1.000000000000000021e-08 5.133598686256138490e-05 1.260841239842130273e-04 1.000000000000000021e-08 1.000000000000000021e-08 1.000000000000000021e-08 1.391818275973433249e-05 1.382881469802740767e-05 1.000000000000000021e-08 1.019137540954053874e-05 1.551882348791817836e-05 1.784863386393639175e-05 1.962597781221637816e-05 1.000000000000000021e-08 1.000000000000000021e-08 1.000000000000000021e-08 1.000000000000000021e-08
1.807462346252831510e-05 2.205960068870585844e-05 1.871982969265296206e-05 1.000000000000000021e-08 1.000000000000000021e-08 1.000000000000000021e-08 1.000000000000000021e-08 1.000000000000000021e-08 1.158923912544298837e-05 1.000000000000000021e-08 1.000000000000000021e-08 1.000000000000000021e-08 1.000000000000000021e-08 1.000000000000000021e-08 1.000000000000000021e-08 1.000000000000000021e-08 1.000000000000000021e-08 1.000000000000000021e-08 1.000000000000000021e-08 1.067258306146034162e-05 1.000000000000000021e-08 4.621500370370196085e-05 1.268597473734681255e-04 8.785822978567415619e-05 5.714776796604802709e-05 3.355449516564833646e-05 3.414290734569822911e-05 1.583558675175425273e-05 1.000000000000000021e-08 1.000000000000000021e-08 1.592245447020738906e-05 2.070839810460695725e-05 1.000000000000000021e-08 1.000000000000000021e-08 1.000000000000000021e-08 1.000000000000000021e-08 1.000000000000000021e-08
1.000000000000000021e-08 1.487094417908281151e-05 1.000000000000000021e-08 1.000000000000000021e-08 1.000000000000000021e-08 1.000000000000000021e-08 1.000000000000000021e-08 1.000000000000000021e-08 1.000000000000000021e-08 1.000000000000000021e-08 1.000000000000000021e-08 1.000000000000000021e-08 1.000000000000000021e-08 1.000000000000000021e-08 1.000000000000000021e-08 1.000000000000000021e-08 1.000000000000000021e-08 1.000000000000000021e-08 1.000000000000000021e-08 1.000000000000000021e-08 1.000000000000000021e-08 1.000000000000000021e-08 1.000000000000000021e-08 7.586985371023660608e-05 6.720497232025306872e-05 5.311550555077506643e-05 4.221307320698386808e-05 1.000000000000000021e-08 1.000000000000000021e-08 1.000000000000000021e-08 1.000000000000000021e-08 1.000000000000000021e-08 1.000000000000000021e-08 1.000000000000000021e-08 1.000000000000000021e-08 1.000000000000000021e-08 1.000000000000000021e-08
1.000000000000000021e-08 1.248010828189579327e-05 9.737620371032557759e-04 5.441346177088097531e-05 4.540246267018400832e-05 1.000000000000000021e-08 1.000000000000000021e-08 1.000000000000000021e-08 1.000000000000000021e-08 1.000000000000000021e-08 1.000000000000000021e-08 1.000000000000000021e-08 1.598742187795577173e-05 2.306321136870194240e-05 3.004567953497145938e-05 2.930900689891822810e-05 2.368462239318354994e-05 1.939910112194769736e-05 1.767687429833538084e-05 1.145154442627624664e-05 1.665071691122510210e-05 4.086079309453843249e-05 7.034704752074880639e-05 1.204758710234103409e-04 1.732371580987684739e-04 1.411666538275918364e-04 1.465622880686665605e-04 8.345222759652567805e-05 4.991458341277157435e-05 3.577620483714085846e-05 1.000000000000000021e-08 1.000000000000000021e-08 1.000000000000000021e-08 1.000000000000000021e-08 1.000000000000000021e-08 1.000000000000000021e-08 1.000000000000000021e-08
1.000000000000000021e-08 1.000000000000000021e-08 1.482278960036249723e-05 1.915638680635354635e-05 1.000000000000000021e-08 1.000000000000000021e-08 1.000000000000000021e-08 1.000000000000000021e-08 1.000000000000000021e-08 1.000000000000000021e-08 1.000000000000000021e-08 1.000000000000000021e-08 1.000000000000000021e-08 1.000000000000000021e-08 1.000000000000000021e-08 2.712365749307904585e-05 4.544846034717443177e-05 4.247140174670498196e-05 3.737445076144220858e-05 3.728036114684946139e-05 4.379701608279176300e-05 3.820255087289514234e-05 6.070989778185953336e-05 7.388066246433206568e-05 6.157187186972658602e-05 1.401355193061488904e-04 1.889872867884258506e-04 2.278790111685094000e-04 2.567836834101106316e-04 1.840818175298261183e-04 1.408812369767583749e-04 1.000000000000000021e-08 1.000000000000000021e-08 1.000000000000000021e-08 1.000000000000000021e-08 1.000000000000000021e-08 1.000000000000000021e-08
1.000000000000000021e-08 1.000000000000000021e-08 1.000000000000000021e-08 1.329767752592892183e-05 1.749280090663469465e-05 1.000000000000000021e-08 1.000000000000000021e-08 1.000000000000000021e-08 1.000000000000000021e-08 1.000000000000000021e-08 1.000000000000000021e-08 1.000000000000000021e-08 1.000000000000000021e-08 1.000000000000000021e-08 1.000000000000000021e-08 1.000000000000000021e-08 1.000000000000000021e-08 1.000000000000000021e-08 2.942944182261039747e-05 4.524604367920353765e-05 6.133918745791129838e-05 8.121877251751220676e-05 6.739519983578917987e-05 5.420361862725168192e-05 1.000000000000000021e-08 1.000000000000000021e-08 1.000000000000000021e-08 1.000000000000000021e-08 2.371677515847991316e-05 1.826843214651108118e-04 2.121182280672559894e-04 1.794922343037280937e-04 1.000000000000000021e-08 1.000000000000000021e-08 1.000000000000000021e-08 1.000000000000000021e-08 1.000000000000000021e-08
