output/water_depth_1200.asc
ncols 223
nrows 158
xllcorner 0.0
yllcorner 0.0
cellsize 30.0
[rows 34 to 50 of 158, columns 74 to 110 of 223]
4.920750639570882143e-03 1.744954712192553796e-03 1.422079668850392093e-03 1.699616039094062770e-03 9.103713969768371331e-04 8.425183932267888906e-03 9.670914403007728824e-03 6.480394573133333759e-03 5.489542266660101151e-03 3.268975350298351009e-03 1.707846902909555776e-03 1.592006077758937720e-03 6.569468650998871746e-04 1.155419169113757263e-03 1.134115821954083782e-03 2.353665607261383116e-03 2.306908010868819608e-03 3.295897743078060778e-03 4.385325298635341963e-03 5.804739266280289217e-03 4.856232508116501388e-03 4.486415755248068619e-03 6.073366851957608809e-03 5.116958676910842926e-03 7.490750890996623716e-03 5.331456672399642951e-03 4.471491943873431851e-03 3.329067915528180401e-03 4.311460921966475852e-03 2.582841969007841632e-03 3.708475385589159699e-03 3.391446648992829747e-03 6.151962093472542609e-03 3.994902756356373194e-03 5.556524363924829693e-03 5.360368156487455710e-03 1.982257600435923060e-03
4.432949327329905632e-03 2.762813247970188901e-03 3.229262060190596535e-03 2.035418986367082406e-03 2.800794997791274197e-03 1.875166806011269172e-02 6.135058184557559691e-02 6.026027409447939909e-02 9.301253896790256936e-02 4.737208950234588628e-02 2.404648404814922757e-02 1.186748008695077267e-02 7.671876125527121032e-03 3.865758964495819537e-03 4.077876976620756731e-03 3.448205131655703894e-03 3.740474335174913574e-03 4.038617931089084727e-03 1.162625099881219211e-02 3.535838924314995552e-03 4.601875423058056531e-03 6.471893498081063636e-03 5.567032575031145500e-03 7.633380362608601505e-03 6.691184152809166556e-03 6.630367159458834883e-03 4.855969708765273812e-03 4.577944071689508954e-03 5.409116795077704466e-03 4.472417791363162733e-03 4.035766585144423893e-03 5.079960231097992857e-03 4.291722197645933025e-03 6.167786125708801630e-03 6.090844690990684582e-03 7.207494719220579847e-03 8.359315250487876076e-03
1.890406985571676645e-03 3.915460672262955320e-03 7.079096468617053148e-03 1.201011944905008844e-02 2.747450453430822642e-02 3.637032928941551224e-02 2.363701258334926711e-02 4.690111497729256701e-02 2.745553082421717597e-02 8.067631873051026026e-02 1.056668946280039378e-01 1.157721908750893591e-01 1.180835341309958431e-01 1.185932105493534283e-01 1.186473441490297070e-01 1.201345437694453094e-01 5.941332281093862633e-02 3.055425965593813048e-02 1.959073895335134916e-02 1.384655331071326864e-02 1.054699295391572922e-02 8.863337564243777347e-03 8.486775212087816281e-03 8.000714650413838155e-03 7.457482763487077032e-03 8.321247037392625820e-03 6.821871318487868208e-03 6.714097245536638364e-03 6.692824902934366160e-03 5.160488520665822490e-03 4.564571073546815246e-03 3.894434763259479494e-03 5.627966524223673890e-03 4.792357143159924580e-03 8.299413930991520263e-03 1.247463018747020473e-02 7.189461074860328295e-03
4.710905669187434239e-03 5.950989692933682067e-03 5.627611304061261657e-03 1.058818842009207756e-02 1.122121159340928528e-02 8.405936009715802085e-03 7.743046991439414030e-03 6.843371175323563829e-03 8.122141336680576904e-03 9.390145401275362680e-03 1.070981390502799557e-02 1.127942313669677739e-02 1.094097730412214170e-02 1.071415594305982419e-02 1.040763314893392889e-02 1.013877085544037139e-02 7.196847129128933207e-02 1.027058409446370418e-01 1.200856870017480149e-01 1.249097236326060373e-01 1.229405769731347770e-01 8.437610870029421672e-02 4.361627533708382909e-02 2.512360042831781118e-02 1.646130824904825166e-02 1.296414578108884101e-02 8.670850064723085310e-03 7.736540943933881663e-03 1.289008285015468512e-02 4.880876770538226245e-03 3.906153901001253523e-03 5.285840672512879569e-03 4.178972942951550591e-03 7.018030580957955976e-03 8.044574544037721639e-03 1.049556967948362535e-02 1.120596233614374292e-02
1.560472256823837185e-03 3.203596058607796962e-03 6.007776511107996466e-03 6.418377356455197240e-03 4.426646741113910918e-03 6.528687420434634188e-03 5.976996710965195615e-03 7.740455318642724437e-03 7.520318740916187572e-03 9.160370518079989643e-03 8.911474478809374919e-03 9.429998296245275038e-03 9.623652140160740553e-03 8.868819748901793018e-03 7.581104322588095093e-03 6.508538479365145145e-03 7.189989850336564112e-03 8.059335574809088285e-03 5.145825046485391630e-03 4.003403222753336606e-03 3.101297169152062404e-03 4.680102556515397527e-02 9.176674998410476458e-02 1.133718037580774413e-01 8.422673316265964771e-02 4.662441703561266693e-02 2.712166974673303060e-02 1.787224906665507707e-02 1.580105775477344196e-02 9.695415315599097833e-03 8.078739022996658109e-03 5.498863713959118923e-03 6.747265804977269424e-03 4.444067517113166332e-02 2.659819873436819124e-02 8.662147928729023449e-02 4.788654940633343959e-02
2.821483389161446621e-03 2.830603906126046270e-03 4.726764963348594958e-03 2.916889621643621762e-03 5.015745184425955683e-03 3.662109945455154468e-03 5.876444926547730666e-03 3.892792116080004070e-03 6.797669276944136134e-03 6.362948000542621718e-03 9.296678959274133278e-03 1.008846590791969214e-02 1.005423202691330987e-02 8.519145373462695334e-03 7.218715201639896301e-03 6.777926531345099086e-03 8.939706136218207241e-03 6.544500569679976773e-03 8.667453585467206276e-03 9.575113653578937178e-03 1.795027444856890642e-02 1.340377091199312920e-02 1.024874447668734645e-02 8.992027269221729638e-03 4.782948195085078014e-02 9.032703390451717052e-02 7.753515719754106028e-02 7.141317038804245731e-02 7.168142486316629591e-02 7.090546416305289201e-02 6.994840407082909828e-02 6.860480590399656298e-02 9.991529222081729777e-02 7.896914287333797744e-02 1.075781866778320606e-01 5.378267956302330149e-02 9.692179380966060853e-02
7.413585204100756141e-04 1.534342979794083494e-03 1.716726037091620589e-03 4.110917325442896113e-03 3.255459430476262753e-03 5.266167053785404499e-03 3.910952090452547887e-03 2.944769641916588319e-03 5.740990700192787066e-03 7.894418452989982599e-03 9.665583500463500663e-03 9.063176401370196672e-03 8.395179341275640569e-03 7.015506214453141355e-03 7.624564390876897163e-03 7.415920215733574558e-03 5.577018393716266613e-03 5.902360374815723322e-03 4.485840634962839739e-03 7.649245857540778668e-03 6.593975825666882271e-03 4.930870670728593717e-03 4.655961600290089465e-03 5.350957516999061553e-03 4.960301926918020063e-03 7.149143268353237365e-03 4.054098756253689956e-02 5.768465296510674745e-02 6.665367177884173877e-02 6.890476557787214573e-02 6.966227949964233501e-02 6.784919711241572948e-02 3.405873364580157270e-02 1.720705379162566426e-02 1.009986231037783046e-02 5.997075843158076493e-03 3.281956599318912142e-03
8.469126636129421706e-04 7.915951442292853881e-04 2.211614568178134083e-03 1.964354860068149265e-03 3.473553999001846408e-03 2.790507901690608694e-03 4.890518277206940510e-03 1.209668111599496686e-02 9.385551523595735135e-03 8.348100674736675178e-03 9.076803501222221321e-03 5.972352428492103127e-03 6.916563340687964523e-03 6.480791153226628069e-03 5.937065405966380355e-03 4.599232559945632369e-03 3.856808587196738046e-03 2.289050781526548277e-03 3.308448787499435745e-03 2.709218732001916763e-03 2.865669112297629904e-03 3.459204870386308178e-03 2.477124570633603556e-03 2.077430198659698402e-03 3.401247694077919742e-03 3.108409348289306595e-03 5.387804701882088418e-03 4.093919912221034504e-03 2.711196015733210660e-03 3.759354209956590649e-03 3.297868153060019326e-03 3.826505868830886586e-03 2.143908721624700024e-03 2.711795946674825687e-03 1.714294777165268008e-03 9.742213469978624595e-04 1.469387264496776428e-03
4.399013864540985688e-04 1.712109962504955365e-03 3.080421455531072786e-03 2.505473164989949035e-03 1.974679291542299868e-03 3.425917970816747850e-03 3.978061312953553447e-03 5.689071430806231372e-03 6.816796639624474012e-03 6.176712614528503606e-03 6.361356914911176635e-03 8.695027245933103013e-03 6.698523463884420957e-03 5.819976581746503543e-03 3.626595978983945812e-03 2.690916425766382014e-03 1.282545656627907165e-03 1.901083924500837239e-03 9.468823818518448676e-04 1.063613973904352058e-03 2.069559918220413228e-03 1.891917301803342855e-03 8.739962404445911432e-04 1.960686393671455356e-03 1.975711378471666987e-03 3.619657748510042225e-03 2.753476507003026295e-03 3.192176027492040890e-03 2.239678576339301525e-03 1.707985257511350323e-03 2.369013928755860955e-03 1.822657068156679615e-03 2.271183722875502482e-03 3.689374313657311209e-04 1.006065959063778261e-03 8.889843826518546450e-04 6.148187663061206037e-04
4.467447177011376735e-04 7.041741275575518801e-04 2.054324546685421058e-03 1.084089907411407618e-03 2.240465130114456180e-03 2.036178223752821859e-03 4.438946988421762010e-03 3.638679199110015066e-03 6.115158930809958503e-03 7.123000156709346879e-03 7.340817679655498029e-03 5.514801593240642105e-03 5.374157411320508101e-03 2.741423385792129356e-03 1.955704439784120528e-03 1.541252613506336562e-03 1.363946968726847432e-03 5.028330710992401581e-04 8.837936574401789166e-04 6.363644157552991601e-04 8.573786400630760028e-04 1.387025091853698973e-03 7.616190931898561686e-04 1.425523921756005879e-03 2.914328394259213702e-03 2.375431183800280881e-03 3.666433140450443134e-03 1.777702967553946179e-03 1.072763194687381899e-03 1.827437777715112911e-03 1.292126684570136250e-03 1.398535691961741174e-03 1.286173131776733019e-03 1.204709008703651937e-03 1.189000762327687257e-03 7.560287321410665831e-04 4.937992410368732474e-04
7.846020808798029843e-04 1.094790118765297075e-03 7.676222238769301546e-04 1.307348504837642887e-03 1.319757089058958954e-03 3.752788403956017899e-03 3.049794804993522998e-03 5.053084430092820954e-03 6.927088224564379761e-03 5.662555861780442686e-03 2.806832291496358725e-03 3.037847525301518633e-03 1.342735452300201915e-03 1.051828603255607888e-03 8.163252337843240544e-04 8.012890098408582224e-04 7.911259420815352312e-04 7.807625037960622171e-04 3.138123961586542854e-04 4.806687303562278205e-04 8.816367371864762374e-04 1.094979305798359772e-03 1.414304286825714130e-03 3.058224262453386726e-03 2.309437946058511167e-03 3.382196241910584520e-03 1.893434006609119764e-03 9.712836604546229349e-04 8.996185413207751294e-04 1.503184929855551789e-03 9.731376047819430622e-04 8.905256047983839841e-04 7.483244184488666755e-04 6.672944763238812960e-04 7.083507936170526688e-04 2.809691750510080852e-04 8.045448098582317731e-05
1.431977625706812828e-03 1.442470032081126117e-03 6.533377810271740697e-04 5.563856149323617110e-04 1.791674736083453782e-03 1.987036754821687977e-03 3.744160024056926439e-03 2.819589569996577665e-03 8.723382610788286279e-03 1.059813629837242852e-03 1.335402503197435616e-03 3.485935964280694366e-04 4.455744590360417759e-04 5.087559312508417976e-04 4.302514071350742276e-04 4.363809610804918757e-04 4.401946784809625279e-04 4.386790371649112639e-04 5.421724557192415849e-04 5.678704033727807569e-04 9.772243349479544164e-04 9.832218255190908543e-04 7.295356694643530433e-03 3.954421106536426880e-03 3.167093874048164739e-03 1.317702148824936772e-03 1.165449664478349339e-03 1.320749196339725262e-03 6.574024258431184365e-04 1.075526591744861054e-03 1.242566716434805756e-04 3.625301653352444239e-04 2.674125976539958667e-04 2.279183505627481508e-04 2.014777143438168012e-04 2.175588066698636036e-04 3.076997370158406466e-04
1.006294184261073005e-03 8.878602138498809188e-04 6.151394834932844783e-04 1.092930259601200115e-03 1.397636908657649401e-03 2.766584992605852431e-03 2.142981519595845048e-03 3.170853099376536033e-03 4.064065199261767194e-03 2.549138007624592635e-03 4.105794770277780103e-04 3.197748850962883532e-04 2.601269003498474751e-04 2.258144465336240042e-04 3.181775664333176220e-04 3.757894737284185431e-04 4.185346803205953516e-04 4.509245330395628007e-04 3.427539273830833614e-04 2.953153293734812760e-04 1.574692052158330972e-03 6.850480479375985893e-03 7.536915097353310243e-03 2.876696146678589180e-03 4.719173696181746917e-04 7.627460495618775156e-04 1.378703549941139288e-03 5.304382187306572226e-04 5.162217742306591606e-04 3.992845522002345612e-04 7.222757724103341312e-04 6.273549971385296211e-04 1.125407131032064249e-03 8.509732866971322744e-04 7.696124476769921870e-04 7.060693555697373147e-04 6.704298567756853929e-04
7.509540378526514265e-04 1.622640222851704601e-03 2.457057959213022717e-03 2.053626844708888143e-03 2.720880625588960582e-03 1.540016389023677809e-03 1.999795247123875141e-03 1.211990267028866496e-03 2.276752765200630666e-03 1.807471635677041985e-03 2.061146409895187482e-03 2.539308825928130245e-03 3.222209915822085453e-03 5.526365748170381648e-03 7.219414877523570688e-03 1.133078538916449871e-02 8.498361245722006393e-03 6.439597209511627694e-03 4.361519634348010217e-03 3.265767646976784795e-03 4.360867236852912325e-03 7.490997026045081997e-03 6.109367342092135097e-03 5.073903035475378978e-03 4.201117263719947661e-03 2.431299306820370373e-03 2.645578872247265727e-03 1.260917156317872129e-03 8.892470291465929275e-04 1.098845690136803378e-03 1.011593032003370307e-02 1.762738152853957074e-02 2.293237514102618169e-02 2.651079572491443770e-02 2.928546014935982586e-02 4.651086782315249496e-02 2.388075999375692191e-02
7.583013106525683016e-04 7.266375481870851645e-04 1.384766867102961646e-03 3.574604327656955276e-03 2.679535325849478292e-03 1.312616813057279012e-03 5.944756027800614500e-04 1.347758818308998586e-03 1.095986891351937971e-03 8.911590098895739520e-04 1.453500881991163195e-03 2.155518879774017457e-03 3.450589908885813399e-03 3.029840542071225371e-03 2.096456568875036501e-03 4.201540616259355314e-03 1.110931211392012299e-02 1.615666105202064398e-02 2.302241461616503018e-02 2.256784123891733898e-02 1.897371115535911867e-02 1.231624630538709700e-02 1.359284170591817248e-02 9.923041399669865412e-03 6.861594938711032890e-03 5.784503353842005043e-03 9.773615801021392699e-03 1.461112357055260012e-02 1.958652239943538959e-02 3.551427497407758788e-02 3.569671064385208925e-02 3.477274843744546790e-02 3.250743804022671740e-02 3.176936741149613552e-02 3.141891708242445375e-02 1.744774638671171829e-02 4.263353672609036110e-02
6.070588615070764528e-04 2.043720372629287462e-04 2.272257351900367590e-04 7.233772557909145823e-04 8.089610125611014328e-04 6.628714902817213527e-04 2.850399781488796623e-04 2.396646183244630296e-04 5.115075434451491453e-04 3.422096172490025640e-04 3.558056788064010620e-04 3.556815535197389399e-04 1.114605681475229829e-03 9.188201169034565215e-04 3.586597749029334830e-04 3.878799634724812580e-04 3.101211096634089170e-03 5.537801358418522474e-03 3.007782001251969092e-03 5.052771258938746485e-03 7.109957764636263243e-03 5.613438130887318453e-03 5.535910817915311657e-03 1.251962887031752951e-02 1.936088615491948425e-02 2.536091837040560515e-02 2.443401849729937014e-02 2.450979822387478954e-02 2.519905788667859206e-02 1.436144943665194559e-02 8.448020600526431195e-03 5.208645063245705142e-03 3.827858260195645367e-03 2.011360703292630094e-03 2.651747022279394347e-03 1.388647926251265156e-03 1.651877470358072315e-03
1.316969230642646774e-03 1.858101950211450779e-04 1.824992841155677174e-04 4.651265604012845729e-04 2.936913873045434754e-04 2.999464986194598395e-04 4.245175992651181208e-04 5.143423948534271792e-04 7.223640189666147076e-04 1.273779007082078470e-03 1.150662281964295441e-03 6.782120958307041349e-04 8.982988179057324650e-04 1.778419211427841268e-04 3.664556803037427699e-04 1.404794086218767377e-03 8.136271119095852579e-04 1.836033284629843502e-03 5.351944757789044160e-03 5.272976023591347157e-03 5.658106325067847192e-03 4.808924792803656069e-03 3.880216035873555562e-03 2.409164931103657380e-03 3.599870214871225653e-03 3.456512939459592277e-03 2.312284606753811644e-03 1.898408207911345992e-03 2.332181657836306706e-03 1.399706005361231551e-03 1.292363637941871353e-03 1.169368634488660670e-03 1.399647631362938016e-03 1.389943754703476184e-03 1.364201915591773621e-03 7.913226216539702819e-04 4.029875173869639426e-04
