output/water_depth_6960.asc
ncols 223
nrows 158
xllcorner 0.0
yllcorner 0.0
cellsize 30.0
[rows 17 to 33 of 158, columns 74 to 110 of 223]
1.000000100000000021e-05 1.000000100000000021e-05 1.000000100000000021e-05 1.000000100000000021e-05 1.000000100000000021e-05 1.000000100000000021e-05 1.000000100000000021e-05 1.000000100000000021e-05 1.000000100000000021e-05 1.000000100000000021e-05 1.000000100000000021e-05 1.000000100000000021e-05 1.000000100000000021e-05 1.000000100000000021e-05 1.000000100000000021e-05 1.000000100000000021e-05 1.000000100000000021e-05 1.000000100000000021e-05 1.000000100000000021e-05 1.000000100000000021e-05 1.000000100000000021e-05 1.000000100000000021e-05 1.000000100000000021e-05 1.000000100000000021e-05 1.000000100000000021e-05 1.000000100000000021e-05 1.000000100000000021e-05 1.000000100000000021e-05 1.000000000000000021e-08 1.000000000000000021e-08 1.000000000000000021e-08 1.179607739252955119e-05 1.640237545209045144e-05 1.786804614921381682e-05 1.760330015351466368e-05 1.870022588267544587e-05 1.896441804802711384e-05
1.000000100000000021e-05 1.000000100000000021e-05 1.000000100000000021e-05 1.000000100000000021e-05 1.000000100000000021e-05 1.000000100000000021e-05 1.000000100000000021e-05 1.000000100000000021e-05 1.000000100000000021e-05 1.000000100000000021e-05 1.000000100000000021e-05 1.000000100000000021e-05 1.000000100000000021e-05 1.000000100000000021e-05 1.000000100000000021e-05 1.000000100000000021e-05 1.000000100000000021e-05 1.000000100000000021e-05 1.000000100000000021e-05 1.000000100000000021e-05 1.000000100000000021e-05 1.000000100000000021e-05 1.000000100000000021e-05 1.000000100000000021e-05 1.000000100000000021e-05 1.000000100000000021e-05 1.000000100000000021e-05 1.000000000000000021e-08 1.000000000000000021e-08 1.000000000000000021e-08 1.175233949909452585e-05 1.719574493146251726e-05 1.376886358634252344e-05 1.718223829433266690e-05 1.649597609042015417e-05 1.557469247374647261e-05 2.184715938506195810e-05
1.000000100000000021e-05 1.000000100000000021e-05 1.000000100000000021e-05 1.000000100000000021e-05 1.000000100000000021e-05 1.000000100000000021e-05 1.000000100000000021e-05 1.000000100000000021e-05 1.000000100000000021e-05 1.000000100000000021e-05 1.000000100000000021e-05 1.000000100000000021e-05 1.000000100000000021e-05 1.000000100000000021e-05 1.000000100000000021e-05 1.000000100000000021e-05 1.000000100000000021e-05 1.000000100000000021e-05 1.000000100000000021e-05 1.000000100000000021e-05 1.000000100000000021e-05 1.000000100000000021e-05 1.000000100000000021e-05 1.000000100000000021e-05 1.000000100000000021e-05 1.843375521199752006e-05 2.006528043670306673e-05 1.915892004213241680e-05 1.671751109160597005e-05 1.867720694019869176e-05 2.418742286043023534e-05 2.818175415825200506e-05 3.249640840901305846e-05 3.211522947987002259e-05 3.053458988617247010e-05 2.960969942431850477e-05 3.465436074173139217e-05
1.000000100000000021e-05 1.000000100000000021e-05 1.000000100000000021e-05 1.000000100000000021e-05 1.000000100000000021e-05 1.000000100000000021e-05 1.000000100000000021e-05 1.000000100000000021e-05 1.000000100000000021e-05 1.000000100000000021e-05 1.000000100000000021e-05 1.000000100000000021e-05 1.000000100000000021e-05 1.000000100000000021e-05 1.000000100000000021e-05 1.000000100000000021e-05 1.000000100000000021e-05 1.000000100000000021e-05 1.000000100000000021e-05 1.000000100000000021e-05 1.000000100000000021e-05 1.000000100000000021e-05 1.000000100000000021e-05 2.267934057871904657e-05 4.205803558079127300e-05 6.381051168301873737e-05 5.130656836658867011e-05 5.190988542738931303e-05 4.675730393417596310e-05 5.017132608978809756e-05 5.644375889295500282e-05 5.207044294010994561e-05 3.832777282899441090e-05 3.587328612799181062e-05 4.125217129498121461e-05 7.909409358798818784e-05 1.000000000000000021e-08
1.000000100000000021e-05 1.000000100000000021e-05 1.000000100000000021e-05 1.000000100000000021e-05 1.000000100000000021e-05 1.000000100000000021e-05 1.000000100000000021e-05 1.000000100000000021e-05 1.000000100000000021e-05 1.000000100000000021e-05 1.000000100000000021e-05 1.000000100000000021e-05 1.000000100000000021e-05 1.000000100000000021e-05 1.000000100000000021e-05 1.000000100000000021e-05 1.000000100000000021e-05 1.000000100000000021e-05 1.000000100000000021e-05 1.000000100000000021e-05 1.000000100000000021e-05 1.000000100000000021e-05 1.269241747236282622e-05 1.374367044203618816e-05 1.528933058902770580e-05 1.825835447845034011e-05 4.410153240234295256e-05 5.465453138860823474e-05 5.763617522990984165e-05 5.886423911145867823e-05 6.779830493307889962e-05 7.394257926959609440e-05 5.824412300430553268e-05 4.357544593674905005e-05 3.535372747804449119e-05 2.671095052552956980e-05 9.258639837592154962e-05
1.000000100000000021e-05 1.000000100000000021e-05 1.000000100000000021e-05 1.000000100000000021e-05 1.000000100000000021e-05 1.000000100000000021e-05 1.000000100000000021e-05 1.000000100000000021e-05 1.000000100000000021e-05 1.000000100000000021e-05 1.000000100000000021e-05 1.000000100000000021e-05 1.000000100000000021e-05 1.000000100000000021e-05 1.000000100000000021e-05 1.000000100000000021e-05 1.000000100000000021e-05 1.000000100000000021e-05 1.000000100000000021e-05 1.000000100000000021e-05 1.000000000000000021e-08 1.000000000000000021e-08 1.000000000000000021e-08 1.000000000000000021e-08 1.000000000000000021e-08 1.000000000000000021e-08 2.346021783772853694e-05 5.026728506782428415e-05 6.077901360745966385e-05 6.877579604805857127e-05 1.000000000000000021e-08 3.324072808598693419e-05 5.429615544178786256e-05 5.255015105964202561e-05 7.090278230302997961e-05 8.675904693837498106e-05 7.305299169951416562e-05
1.000000100000000021e-05 1.000000100000000021e-05 1.000000100000000021e-05 1.000000100000000021e-05 1.000000100000000021e-05 1.000000100000000021e-05 1.000000100000000021e-05 1.000000100000000021e-05 1.000000100000000021e-05 1.000000100000000021e-05 1.000000100000000021e-05 1.000000100000000021e-05 1.000000100000000021e-05 1.000000100000000021e-05 1.000000100000000021e-05 1.000000100000000021e-05 1.000000100000000021e-05 1.205251475874694052e-05 3.081782456663686662e-05 2.643859426075523866e-05 2.571833742679597033e-05 2.928597296592503000e-05 3.118979633130024043e-05 2.129832270369216965e-05 1.000000000000000021e-08 1.000000000000000021e-08 2.047610685714374077e-05 4.674309494532118001e-05 8.250858479701649300e-05 1.164185492320988293e-04 1.223210591126455205e-04 1.040092547483537457e-04 7.399338255170570750e-05 7.345836194051609210e-05 6.460695207606936114e-05 6.045687215528187854e-05 5.665823380624008041e-05
1.000000100000000021e-05 1.000000100000000021e-05 1.000000100000000021e-05 1.000000100000000021e-05 1.000000100000000021e-05 1.000000100000000021e-05 1.000000100000000021e-05 1.000000100000000021e-05 1.000000100000000021e-05 1.000000100000000021e-05 1.000000100000000021e-05 1.000000100000000021e-05 1.000000100000000021e-05 1.000000100000000021e-05 1.000000100000000021e-05 1.000000100000000021e-05 1.000000100000000021e-05 1.000000000000000021e-08 1.000000000000000021e-08 5.340654539580472768e-05 8.390517628441054843e-05 1.043168520808565380e-04 1.000000000000000021e-08 1.000000000000000021e-08 1.000000000000000021e-08 1.044748285125874238e-05 1.659398530568840339e-05 1.000000000000000021e-08 1.000000000000000021e-08 1.000000000000000021e-08 1.000000000000000021e-08 1.000000000000000021e-08 1.000000000000000021e-08 1.000000000000000021e-08 1.000000000000000021e-08 1.000000000000000021e-08 1.241839133725922405e-05
1.000000100000000021e-05 1.000000100000000021e-05 1.000000100000000021e-05 1.000000100000000021e-05 1.000000100000000021e-05 1.856806581021717544e-05 1.822181218885461000e-05 1.000000100000000021e-05 1.000000100000000021e-05 1.000000100000000021e-05 1.000000100000000021e-05 1.000000100000000021e-05 1.000000100000000021e-05 1.000000100000000021e-05 1.000000100000000021e-05 1.642997260752424444e-05 1.757091459751406948e-05 2.436232367643046087e-05 4.077297064925491677e-05 4.566502650098530245e-05 4.287568751692197267e-05 5.355800291532207498e-05 1.000000000000000021e-08 1.000000000000000021e-08 1.363384182695726890e-05 1.235881123179589495e-05 1.000000000000000021e-08 1.000000000000000021e-08 1.000000000000000021e-08 1.000000000000000021e-08 1.000000000000000021e-08 1.000000000000000021e-08 1.000000000000000021e-08 1.000000000000000021e-08 1.000000000000000021e-08 1.000000000000000021e-08 1.000000000000000021e-08
1.000000100000000021e-05 1.000000100000000021e-05 1.000000100000000021e-05 1.000000100000000021e-05 1.000000100000000021e-05 3.707511539778768643e-05 5.592097452162007789e-05 2.847818452730114798e-05 2.442135509522121782e-05 2.886401664605256151e-05 1.356424478655749688e-05 1.000000100000000021e-05 1.000000100000000021e-05 1.000000000000000021e-08 1.000000000000000021e-08 1.000000000000000021e-08 1.586656513834156372e-05 1.736372525679524240e-05 2.086354605172496162e-05 1.768366716459486074e-05 1.000000000000000021e-08 1.000000000000000021e-08 1.074003647958061436e-05 2.539530935454552694e-05 4.194133522158186082e-05 5.965253349420296766e-05 7.763188328872307718e-05 5.571134845349430558e-05 3.100539528734566738e-05 2.719172926449298875e-05 1.000000000000000021e-08 1.000000000000000021e-08 1.000000000000000021e-08 1.390994852961220553e-05 1.446714818382407150e-05 3.716865831090387072e-05 3.141192640568327339e-05
1.000000100000000021e-05 1.000000100000000021e-05 1.000000100000000021e-05 1.000000100000000021e-05 1.000000100000000021e-05 2.877235924907049183e-04 1.765911984627711829e-03 7.998800782724050425e-05 4.615839959953850458e-05 1.454001507453656060e-05 1.000000000000000021e-08 1.000000000000000021e-08 1.000000000000000021e-08 1.012360660091530227e-05 1.467727500820074515e-05 1.859313562967883368e-05 2.477762634968522205e-05 2.517008275655029139e-05 1.000000000000000021e-08 1.000000000000000021e-08 1.000000000000000021e-08 1.000000000000000021e-08 1.000000000000000021e-08 1.000000000000000021e-08 1.375195584714447781e-05 1.828739905877159555e-05 2.475595365757146660e-05 5.468249217231595970e-05 5.334151177959263213e-05 4.153091103418342660e-05 1.000000000000000021e-08 1.000000000000000021e-08 1.000000000000000021e-08 3.798965151645420166e-05 9.622731629155709880e-05 2.431812307170477360e-04 1.000000000000000021e-08
1.000000100000000021e-05 1.000000100000000021e-05 1.000000100000000021e-05 1.000000100000000021e-05 1.000000100000000021e-05 3.919377048388221312e-03 2.739339764738102519e-04 1.783053074701218335e-05 1.124921928439074549e-05 1.000000000000000021e-08 1.000000000000000021e-08 1.000000000000000021e-08 1.177344385034073196e-05 1.770345277381930838e-05 2.134175422609208448e-05 2.813413112650747455e-05 3.629560222595013566e-05 3.477553629119584398e-05 1.000000000000000021e-08 1.000000000000000021e-08 1.000000000000000021e-08 1.000000000000000021e-08 1.000000000000000021e-08 1.000000000000000021e-08 1.000000000000000021e-08 1.000000000000000021e-08 1.297823309072695509e-05 1.605087900293703421e-05 5.668556253251739047e-05 1.161209579311491913e-04 7.682234638450704601e-05 1.000000000000000021e-08 1.000000000000000021e-08 2.402341773981482993e-05 3.798350122102021941e-05 6.138714695771350883e-05 8.210024802127211614e-05
1.000000100000000021e-05 1.000000100000000021e-05 1.000000100000000021e-05 1.000000100000000021e-05 1.000000100000000021e-05 6.046076667084222551e-04 8.394164165635249677e-05 1.788686902530080129e-05 1.000000000000000021e-08 1.000000000000000021e-08 1.000000000000000021e-08 1.000000000000000021e-08 1.066072536251758345e-05 1.907894060665963422e-05 2.326144736748208557e-05 1.000000000000000021e-08 1.000000000000000021e-08 1.000000000000000021e-08 1.000000000000000021e-08 1.000000000000000021e-08 1.000000000000000021e-08 1.000000000000000021e-08 1.000000000000000021e-08 1.000000000000000021e-08 1.000000000000000021e-08 1.000000000000000021e-08 1.000000000000000021e-08 1.000000000000000021e-08 1.176209402270417166e-05 2.104164859024847174e-05 1.000000000000000021e-08 1.000000000000000021e-08 1.222307381419463462e-05 1.179673793221780861e-05 1.557563825128268915e-05 1.384369355574116964e-05 3.272947055464740963e-05
1.000000100000000021e-05 1.000000100000000021e-05 1.000000100000000021e-05 1.000000000000000021e-08 5.215853162587424756e-05 5.511454514906109119e-04 1.344147810232442754e-05 1.119727450643708169e-05 1.034386781541983866e-05 1.111970213593725153e-05 1.000000000000000021e-08 1.000000000000000021e-08 1.575275218961206375e-05 2.288562648949146435e-05 1.000000000000000021e-08 1.000000000000000021e-08 1.000000000000000021e-08 1.000000000000000021e-08 1.000000000000000021e-08 1.000000000000000021e-08 1.000000000000000021e-08 1.000000000000000021e-08 1.000000000000000021e-08 1.000000000000000021e-08 1.000000000000000021e-08 1.000000000000000021e-08 1.000000000000000021e-08 1.000000000000000021e-08 1.000000000000000021e-08 1.000000000000000021e-08 1.000000000000000021e-08 1.000000000000000021e-08 1.000000000000000021e-08 1.000000000000000021e-08 1.000000000000000021e-08 1.545410603758323276e-05 1.604028519602496424e-05
1.000000100000000021e-05 1.000000100000000021e-05 1.000000000000000021e-08 1.000000000000000021e-08 9.766933804440426647e-05 5.833615256822605394e-04 1.650320520322240644e-05 1.223861989089596939e-05 1.000000000000000021e-08 1.000000000000000021e-08 1.000000000000000021e-08 1.220119293022972014e-05 2.011056612371719236e-05 2.499215568428921850e-05 1.000000000000000021e-08 1.000000000000000021e-08 1.000000000000000021e-08 1.000000000000000021e-08 1.000000000000000021e-08 1.000000000000000021e-08 1.090007788740174432e-05 1.000000000000000021e-08 1.000000000000000021e-08 1.000000000000000021e-08 1.000000000000000021e-08 1.000000000000000021e-08 1.000000000000000021e-08 1.000000000000000021e-08 1.000000000000000021e-08 1.000000000000000021e-08 1.000000000000000021e-08 1.000000000000000021e-08 1.000000000000000021e-08 1.000000000000000021e-08 1.000000000000000021e-08 1.000000000000000021e-08 1.812075709236536512e-05
1.000000000000000021e-08 1.000000000000000021e-08 1.000000000000000021e-08 1.000000000000000021e-08 6.155938215936680984e-04 8.455015531794921437e-04 2.125324322068356125e-05 1.279596047120897006e-05 1.000000000000000021e-08 1.000000000000000021e-08 1.000000000000000021e-08 1.400500451641401915e-05 1.000000000000000021e-08 1.000000000000000021e-08 1.000000000000000021e-08 1.000000000000000021e-08 1.000000000000000021e-08 1.000000000000000021e-08 1.000000000000000021e-08 1.000000000000000021e-08 1.817645517506929755e-05 1.000000000000000021e-08 1.000000000000000021e-08 1.000000000000000021e-08 1.000000000000000021e-08 1.000000000000000021e-08 1.000000000000000021e-08 1.000000000000000021e-08 1.000000000000000021e-08 1.000000000000000021e-08 1.000000000000000021e-08 1.000000000000000021e-08 1.000000000000000021e-08 1.000000000000000021e-08 1.000000000000000021e-08 1.000000000000000021e-08 2.650867779107886850e-05
1.235721784644048691e-03 1.681506511365379875e-03 1.209023663267927819e-03 9.171520045572389892e-04 5.301754494584478075e-04 7.591821110237960153e-04 6.911550746953130236e-04 7.175997084203077927e-05 4.799110137687072640e-05 2.730877442851704177e-05 1.000000000000000021e-08 1.614361793915046594e-05 1.000000000000000021e-08 1.000000000000000021e-08 1.000000000000000021e-08 1.000000000000000021e-08 1.000000000000000021e-08 1.000000000000000021e-08 1.000000000000000021e-08 1.012937789840926179e-05 2.130812146070153269e-05 1.764100699904192288e-05 1.372781224361529546e-05 1.000000000000000021e-08 1.000000000000000021e-08 1.000000000000000021e-08 1.000000000000000021e-08 1.000000000000000021e-08 1.000000000000000021e-08 1.000000000000000021e-08 1.000000000000000021e-08 1.000000000000000021e-08 1.000000000000000021e-08 1.000000000000000021e-08 1.000000000000000021e-08 1.000000000000000021e-08 1.000000000000000021e-08
