output/water_depth_10680.asc
ncols 223
nrows 158
xllcorner 0.0
yllcorner 0.0
cellsize 30.0
[rows 85 to 101 of 158, columns 74 to 110 of 223]
1.000000000000000021e-08 1.000000000000000021e-08 1.000000000000000021e-08 1.000000000000000021e-08 1.000000000000000021e-08 1.000000000000000021e-08 1.000000000000000021e-08 1.000000000000000021e-08 1.000000000000000021e-08 1.000000000000000021e-08 1.000000000000000021e-08 1.000000000000000021e-08 1.000000000000000021e-08 1.040937280188622234e-05 1.000000000000000021e-08 1.000000000000000021e-08 1.000000000000000021e-08 1.000000000000000021e-08 1.000000000000000021e-08 1.000000000000000021e-08 1.000000000000000021e-08 1.000000000000000021e-08 1.000000000000000021e-08 1.000000000000000021e-08 1.000000000000000021e-08 1.000000000000000021e-08 1.000000000000000021e-08 6.707599255749760849e-05 1.000000000000000021e-08 1.000000000000000021e-08 1.000000000000000021e-08 1.438251114452188127e-05 2.450544720359592861e-05 1.360325624682322258e-05 2.687164423048915313e-05 2.457140055012158150e-04 2.161392272552903562e-05
1.788209704326713674e-04 1.000000000000000021e-08 3.464743164330847351e-05 1.000000000000000021e-08 1.000000000000000021e-08 1.000000000000000021e-08 1.000000000000000021e-08 1.000000000000000021e-08 1.000000000000000021e-08 1.000000000000000021e-08 1.000000000000000021e-08 1.000000000000000021e-08 1.000000000000000021e-08 1.000000000000000021e-08 1.000000000000000021e-08 1.000000000000000021e-08 1.121033139710264549e-05 2.554659165675579705e-05 6.632441231168927738e-05 8.846184639677359685e-05 8.574524742080407303e-05 1.000000000000000021e-08 1.000000000000000021e-08 1.000000000000000021e-08 1.000000000000000021e-08 1.000000000000000021e-08 1.000000000000000021e-08 1.000000000000000021e-08 1.000000000000000021e-08 1.000000000000000021e-08 1.000000000000000021e-08 1.000000000000000021e-08 1.000000000000000021e-08 1.000000000000000021e-08 1.000000000000000021e-08 1.509261428684476340e-05 1.117089359650750584e-05
1.128117134159603315e-05 1.000000000000000021e-08 1.000000000000000021e-08 3.608051701804760333e-05 4.849872244925256399e-05 5.839736907348731083e-05 5.652741900087390308e-05 4.886948211461013177e-05 1.000000000000000021e-08 1.000000000000000021e-08 1.000000000000000021e-08 1.000000000000000021e-08 1.000000000000000021e-08 1.000000000000000021e-08 1.000000000000000021e-08 1.000000000000000021e-08 1.000000000000000021e-08 1.000000000000000021e-08 6.439919814300302701e-05 7.928502872360872103e-05 1.371490680591659259e-04 1.164233965372506332e-04 1.000000000000000021e-08 1.000000000000000021e-08 1.000000000000000021e-08 1.000000000000000021e-08 1.000000000000000021e-08 1.000000000000000021e-08 1.216034156828045714e-05 2.035928151596515085e-05 2.613262739904584255e-05 1.000000000000000021e-08 1.000000000000000021e-08 1.493186989593161245e-05 1.000000000000000021e-08 1.215413073977283798e-05 1.000000000000000021e-08
8.158771259971201622e-05 6.689944488148989407e-05 6.437361267967607853e-05 1.658375808325325204e-04 2.236317499669385276e-04 3.520592248465843292e-04 2.968371089055333450e-04 2.306920865997808738e-04 2.501669566228091417e-04 1.861551282935737582e-04 2.082155398221297981e-04 1.719834063566623862e-04 1.433104322191931432e-04 1.069768401158618741e-04 7.659648898748491286e-05 1.000000000000000021e-08 1.000000000000000021e-08 1.000000000000000021e-08 9.447351733488487983e-05 2.321960166494442990e-04 1.898728308397590260e-04 2.370689462345361475e-04 2.497806776238349841e-04 1.987833671609406862e-04 1.628029730931136330e-04 1.091451809692076499e-04 8.378067714779206311e-05 4.752493344752586635e-05 3.120393969013899400e-05 2.517155472535542995e-05 3.502625634140873860e-05 4.763906698482797876e-05 4.310059665480012197e-05 4.507967006927961689e-05 8.677696031995464426e-05 1.000000000000000021e-08 1.212173490432935850e-05
3.419536194206108156e-04 2.605768649315458123e-04 2.231015944502871351e-04 1.557141593327595989e-04 3.066149713401211587e-04 2.477496286609938837e-04 3.948249369925232294e-04 5.215630135344721070e-04 3.426026403072440318e-04 4.446468849463971248e-04 4.726280447408228651e-04 5.317344675807082711e-04 5.778977398321002729e-04 6.249814065932959633e-04 6.583637618925398602e-04 5.052800379280676830e-04 3.395000057582915338e-04 2.694396708385796255e-04 2.126787747204530988e-04 2.203273364715586837e-04 3.411303429232893556e-04 3.750427824061115432e-04 3.984905299758849427e-04 4.542533277264310110e-04 5.096545015678766513e-04 6.219474756926617748e-04 6.783348543719325231e-04 5.192291822180381423e-04 4.928197201295699204e-05 6.446802796226030812e-05 6.318842551163896936e-04 7.502039215417323145e-04 5.281124797160528664e-04 3.621815698763806708e-04 2.695197901894905200e-04 1.811467168763609704e-05 1.000000000000000021e-08
8.152813003274971405e-05 2.785635849385004778e-04 3.695547867425540991e-04 4.306451112267127438e-04 2.445740715149286428e-04 1.764677592795835996e-04 1.060317540834335696e-04 6.522120298148385278e-05 2.659308171093192224e-04 1.243443178970720568e-04 7.481599493391777214e-05 5.837973144740080128e-05 3.510463160936612821e-05 2.602638443192180343e-05 5.856683325795991997e-05 3.744430932207824044e-04 6.559382657780306672e-04 4.875206688761981569e-04 3.477024876381550880e-04 1.914487710444857059e-04 1.335615216081579291e-04 8.049982180381738261e-05 6.090756947323260620e-05 1.000000000000000021e-08 3.525198254667600271e-04 2.326371653578898451e-04 1.906042520225594038e-04 4.545263397534929362e-04 6.465000109802097362e-04 6.621658894890337932e-04 4.369168214023742077e-04 3.450274475655952912e-04 4.480771542804985459e-04 6.511490227405283555e-05 1.142892116871487430e-04 3.706002603606351874e-04 3.077538028273310149e-05
4.582188128072613663e-05 4.243340188524345941e-05 7.077450747832415780e-05 8.770401440142755944e-05 1.862360615608134914e-04 1.978479868946460198e-04 1.671304874810002354e-04 1.495853139773115558e-04 2.259318853273160855e-04 2.053975219144424488e-04 1.000000000000000021e-08 1.000000000000000021e-08 1.000000000000000021e-08 1.000000000000000021e-08 1.000000000000000021e-08 1.000000000000000021e-08 1.000000000000000021e-08 2.390709301120625915e-04 3.441790625676840651e-05 6.220450861292354963e-05 5.048289817998694436e-05 6.621183713453803409e-05 4.989172555371348489e-05 5.768131429664015159e-05 4.612487444781128779e-05 1.000000000000000021e-08 1.000000000000000021e-08 2.069318250807497089e-05 1.000000000000000021e-08 2.100236096130373079e-05 1.776249599116609061e-05 1.627796217174016019e-05 2.712824519175199216e-04 6.451234972100127146e-05 2.598324712644763243e-04 4.821997386794470191e-05 9.955288623082705782e-05
1.705833201617297927e-05 1.544771221651378878e-05 1.205536879273558130e-05 1.000000000000000021e-08 1.454793617670120253e-04 2.525554236795828555e-04 3.314139826896149226e-04 3.681965130142573735e-04 4.365990505849545993e-04 3.310160371421612575e-04 3.112153249364015375e-05 1.000000000000000021e-08 1.000000000000000021e-08 1.000000000000000021e-08 1.000000000000000021e-08 2.358350177047627803e-05 2.358982053640342128e-05 2.124908943331700953e-04 3.947335919214751900e-04 4.180730236919709994e-04 4.309097304144619768e-04 3.383906207356543287e-04 2.276400758495737827e-04 1.631178439339807536e-04 1.049996936180196307e-04 1.000000000000000021e-08 1.000000000000000021e-08 2.564307874112829757e-05 2.968414131697904944e-05 2.068664518386170394e-05 2.132353510256716111e-05 1.000000000000000021e-08 1.854495366890147553e-04 5.272338783033430308e-04 4.422378320614818903e-04 7.867515551281977263e-05 6.324208401684074132e-05
1.053001141218293146e-05 1.352553734832289985e-05 1.000000000000000021e-08 1.000000000000000021e-08 1.000000000000000021e-08 1.959395908280989854e-05 1.256806411623692089e-05 1.000000000000000021e-08 2.765307642124655637e-05 2.388078895104291327e-04 5.537002569968479845e-05 3.255528172267244189e-05 1.000000000000000021e-08 1.000000000000000021e-08 1.000000000000000021e-08 1.137353861739536897e-04 1.426855938957635208e-04 1.421424622742365450e-04 1.576524489356244483e-04 1.016461020921906810e-04 6.086076960975104664e-05 1.693352862351481095e-04 2.430107172621403535e-04 2.200601509292415749e-04 1.842612482699870779e-04 1.246250322762743794e-04 8.176299424424870619e-05 4.348876250930457918e-05 2.887900418156255248e-05 3.135563036199247658e-05 3.086967515491582611e-05 3.264567115006751150e-05 1.889055749085745580e-04 1.599974694063448959e-04 5.027421709570522581e-04 5.775309807124280777e-04 3.962834370438891841e-04
1.000000000000000021e-08 1.059542679498157970e-05 1.000000000000000021e-08 1.000000000000000021e-08 1.000000000000000021e-08 1.000000000000000021e-08 1.000000000000000021e-08 1.000000000000000021e-08 1.000000000000000021e-08 1.233469717439539476e-04 1.183806584636365499e-04 3.625357590281084568e-05 3.238725739083847424e-04 2.308217623413016896e-04 1.946194423851166995e-04 1.112804709878931550e-04 1.000000000000000021e-08 1.000000000000000021e-08 1.000000000000000021e-08 1.000000000000000021e-08 2.841683489053866522e-05 1.377294158608318364e-04 2.270342427214163252e-04 2.481326339662951797e-04 3.025643805324089065e-05 1.000000000000000021e-08 1.000000000000000021e-08 1.000000000000000021e-08 1.000000000000000021e-08 1.822210385592187815e-05 3.728714923076182573e-05 5.587839956196487701e-05 8.466576401783745668e-05 8.109908046288639841e-05 7.917272690951114729e-05 5.232027143900237634e-04 5.881541374755916950e-04
1.000000000000000021e-08 1.000000000000000021e-08 1.000000000000000021e-08 1.000000000000000021e-08 1.000000000000000021e-08 1.000000000000000021e-08 1.000000000000000021e-08 1.000000000000000021e-08 1.000000000000000021e-08 1.000000000000000021e-08 5.644896419598614720e-05 8.234993162753169145e-05 7.386849115188254299e-05 3.100670358730091237e-04 2.837731451982877144e-04 2.207714919830675168e-04 1.000000000000000021e-08 1.000000000000000021e-08 1.000000000000000021e-08 1.000000000000000021e-08 1.909791153329482247e-05 1.609216361656858781e-05 1.000000000000000021e-08 1.000000000000000021e-08 1.000000000000000021e-08 1.000000000000000021e-08 1.000000000000000021e-08 1.000000000000000021e-08 1.000000000000000021e-08 1.450014570946210982e-05 2.693990171923683991e-05 2.447102064833684080e-05 1.656010620635287638e-05 3.351892802800193868e-05 2.959752867030442786e-05 7.064025621572065175e-05 3.451135098145575683e-04
1.000000000000000021e-08 1.000000000000000021e-08 1.000000000000000021e-08 1.000000000000000021e-08 1.000000000000000021e-08 1.735412421643811018e-05 3.128465225403789741e-05 2.315422824904390134e-05 1.774895850199304019e-05 1.000000000000000021e-08 1.000000000000000021e-08 1.000000000000000021e-08 1.000000000000000021e-08 1.000000000000000021e-08 1.598302612836334752e-05 1.564699151427212352e-05 1.000000000000000021e-08 1.000000000000000021e-08 1.000000000000000021e-08 1.000000000000000021e-08 1.000000000000000021e-08 1.000000000000000021e-08 1.000000000000000021e-08 1.000000000000000021e-08 1.000000000000000021e-08 1.000000000000000021e-08 1.000000000000000021e-08 1.000000000000000021e-08 1.000000000000000021e-08 1.190266685520622640e-05 1.000000000000000021e-08 1.000000000000000021e-08 1.538891412776196654e-05 1.519668501760568519e-05 2.353483209953936267e-05 5.410500044387858785e-05 3.121460624966893857e-05
1.000000000000000021e-08 1.000000000000000021e-08 1.000000000000000021e-08 1.000000000000000021e-08 1.000000000000000021e-08 1.214692800020765737e-05 1.974018306195825576e-05 3.992225971139465112e-05 3.230478550250324640e-05 2.758291209134946010e-05 2.138090685620503027e-05 1.715990917644229864e-05 1.297093007080691302e-05 1.327715266402180510e-05 1.316977784989241623e-05 1.965316680511220636e-05 1.000000000000000021e-08 1.000000000000000021e-08 1.000000000000000021e-08 1.000000000000000021e-08 1.000000000000000021e-08 1.000000000000000021e-08 1.000000000000000021e-08 1.000000000000000021e-08 1.000000000000000021e-08 1.000000000000000021e-08 1.000000000000000021e-08 1.000000000000000021e-08 1.000000000000000021e-08 1.253562165341069872e-05 1.239016743209883010e-05 1.000000000000000021e-08 1.000000000000000021e-08 1.583899916915693757e-05 2.476869135434040507e-05 1.000000000000000021e-08 1.000000000000000021e-08
1.000000000000000021e-08 1.000000000000000021e-08 1.000000000000000021e-08 1.000000000000000021e-08 1.000000000000000021e-08 1.000000000000000021e-08 1.126355520044202260e-05 1.032842419386110308e-05 3.059460112985963370e-05 4.446885700641788677e-05 6.091724800151133523e-05 4.295512068901766970e-05 3.591980605759062149e-05 3.069947186934233861e-05 1.000000000000000021e-08 1.574690018230313698e-05 1.000000000000000021e-08 1.000000000000000021e-08 1.000000000000000021e-08 1.000000000000000021e-08 1.000000000000000021e-08 1.000000000000000021e-08 1.000000000000000021e-08 1.000000000000000021e-08 1.000000000000000021e-08 1.000000000000000021e-08 1.000000000000000021e-08 1.098289420949039393e-05 9.770259500375455314e-05 1.341024760597868718e-04 1.944176281581063738e-04 2.536860215846140163e-04 3.137553314020312314e-04 2.471752151332006191e-04 2.010914868727316685e-04 1.525818728618751671e-04 1.648546866877832187e-04
1.000000000000000021e-08 1.000000000000000021e-08 1.000000000000000021e-08 1.000000000000000021e-08 1.000000000000000021e-08 1.000000000000000021e-08 1.000000000000000021e-08 1.000000000000000021e-08 1.000000000000000021e-08 1.000000000000000021e-08 1.000000000000000021e-08 4.306789919660802802e-05 4.369081144575756180e-05 4.086850403821725352e-05 1.000000000000000021e-08 1.000000000000000021e-08 1.000000000000000021e-08 1.000000000000000021e-08 1.000000000000000021e-08 1.000000000000000021e-08 1.000000000000000021e-08 1.000000000000000021e-08 1.000000000000000021e-08 1.000000000000000021e-08 1.000000000000000021e-08 1.000000000000000021e-08 1.000000000000000021e-08 6.813454522364579473e-05 6.549594708324030560e-05 6.639228982082204245e-05 6.596158306860256954e-05 7.301477101135864234e-05 4.768602263582948043e-05 1.686457548828682734e-04 1.997093612528882077e-04 2.277454600831536316e-04 2.290308271687228610e-04
1.592364317306051215e-05 1.000000000000000021e-08 1.000000000000000021e-08 1.000000000000000021e-08 1.000000000000000021e-08 1.000000000000000021e-08 1.000000000000000021e-08 1.000000000000000021e-08 1.000000000000000021e-08 1.000000000000000021e-08 1.000000000000000021e-08 1.000000000000000021e-08 1.000000000000000021e-08 1.000000000000000021e-08 1.000000000000000021e-08 1.000000000000000021e-08 1.000000000000000021e-08 1.000000000000000021e-08 1.000000000000000021e-08 1.000000000000000021e-08 1.000000000000000021e-08 1.000000000000000021e-08 1.000000000000000021e-08 1.000000000000000021e-08 1.885795987927933151e-05 2.322285181571621490e-05 3.412255526919209976e-05 3.617196280733430330e-05 3.660000328199913188e-05 2.923229817195107218e-05 3.625291294537792372e-05 3.020643497533137675e-05 1.000000000000000021e-08 1.000000000000000021e-08 1.000000000000000021e-08 1.000000000000000021e-08 1.716350238045440081e-04
1.508761630795369826e-05 1.397050778064980827e-05 1.456104817253667399e-05 1.000000000000000021e-08 1.000000000000000021e-08 1.000000000000000021e-08 1.000000000000000021e-08 1.000000000000000021e-08 1.000000000000000021e-08 1.000000000000000021e-08 1.000000000000000021e-08 1.000000000000000021e-08 1.000000000000000021e-08 1.000000000000000021e-08 1.000000000000000021e-08 1.000000000000000021e-08 1.000000000000000021e-08 1.000000000000000021e-08 1.000000000000000021e-08 1.000000000000000021e-08 1.000000000000000021e-08 1.000000000000000021e-08 1.000000000000000021e-08 1.000000000000000021e-08 1.936999512132155110e-05 3.081885300138969180e-05 3.964104224347427793e-05 4.334083311067196329e-05 1.000000000000000021e-08 1.000000000000000021e-08 1.000000000000000021e-08 1.775936023627088783e-05 1.727515323499809850e-05 3.628442848728109121e-05 1.000000000000000021e-08 1.000000000000000021e-08 1.000000000000000021e-08
