output/water_depth_3120.asc
ncols 223
nrows 158
xllcorner 0.0
yllcorner 0.0
cellsize 30.0
[rows 17 to 33 of 158, columns 74 to 110 of 223]
1.000000100000000021e-05 1.000000100000000021e-05 1.000000100000000021e-05 1.000000100000000021e-05 1.000000100000000021e-05 1.000000100000000021e-05 1.000000100000000021e-05 1.000000100000000021e-05 1.000000100000000021e-05 1.000000100000000021e-05 1.000000100000000021e-05 1.000000100000000021e-05 1.000000100000000021e-05 1.000000100000000021e-05 1.000000100000000021e-05 1.000000100000000021e-05 1.000000100000000021e-05 1.000000100000000021e-05 1.000000100000000021e-05 1.000000100000000021e-05 1.000000100000000021e-05 1.000000100000000021e-05 1.000000100000000021e-05 1.000000100000000021e-05 1.000000100000000021e-05 1.000000100000000021e-05 1.000000100000000021e-05 1.000000100000000021e-05 2.536250263443694944e-05 3.848795714987307846e-05 4.532176489915683932e-05 5.425579484105013002e-05 7.528069437026962713e-05 8.053415705007021261e-05 7.764607030444153034e-05 8.108970615355215906e-05 8.144822592089648924e-05
1.000000100000000021e-05 1.000000100000000021e-05 1.000000100000000021e-05 1.000000100000000021e-05 1.000000100000000021e-05 1.000000100000000021e-05 1.000000100000000021e-05 1.000000100000000021e-05 1.000000100000000021e-05 1.000000100000000021e-05 1.000000100000000021e-05 1.000000100000000021e-05 1.000000100000000021e-05 1.000000100000000021e-05 1.000000100000000021e-05 1.000000100000000021e-05 1.000000100000000021e-05 1.000000100000000021e-05 1.000000100000000021e-05 1.000000100000000021e-05 1.000000100000000021e-05 1.000000100000000021e-05 1.000000100000000021e-05 1.000000100000000021e-05 1.000000100000000021e-05 1.000000100000000021e-05 1.000000100000000021e-05 2.277617920696043869e-05 2.191167690186445954e-05 3.649924445254372843e-05 6.325562030937075344e-05 8.068468017657476040e-05 6.090842793686575323e-05 7.157053782526222503e-05 7.109565237543296755e-05 6.902657036471655642e-05 9.452218651295763981e-05
1.000000100000000021e-05 1.000000100000000021e-05 1.000000100000000021e-05 1.000000100000000021e-05 1.000000100000000021e-05 1.000000100000000021e-05 1.000000100000000021e-05 1.000000100000000021e-05 1.000000100000000021e-05 1.000000100000000021e-05 1.000000100000000021e-05 1.000000100000000021e-05 1.000000100000000021e-05 1.000000100000000021e-05 1.000000100000000021e-05 1.000000100000000021e-05 1.000000100000000021e-05 1.000000100000000021e-05 1.000000100000000021e-05 1.000000100000000021e-05 1.000000100000000021e-05 1.000000100000000021e-05 1.000000100000000021e-05 1.000000100000000021e-05 1.000000100000000021e-05 8.960134628882312189e-05 9.203681032076672876e-05 8.711755808897675142e-05 8.722900501260812762e-05 9.331343056082658130e-05 1.103342383448467526e-04 1.255148186060196314e-04 1.407147057268053991e-04 1.399633559695482731e-04 1.306922506265975072e-04 1.214076004130467393e-04 1.468888485054314105e-04
1.000000100000000021e-05 1.000000100000000021e-05 1.000000100000000021e-05 1.000000100000000021e-05 1.000000100000000021e-05 1.000000100000000021e-05 1.000000100000000021e-05 1.000000100000000021e-05 1.000000100000000021e-05 1.000000100000000021e-05 1.000000100000000021e-05 1.000000100000000021e-05 1.000000100000000021e-05 1.000000100000000021e-05 1.000000100000000021e-05 1.000000100000000021e-05 1.000000100000000021e-05 1.000000100000000021e-05 1.000000100000000021e-05 1.000000100000000021e-05 1.000000100000000021e-05 1.000000100000000021e-05 1.000000100000000021e-05 1.096683394823576519e-04 2.060973652669239144e-04 3.068474169439302395e-04 2.646241471467618224e-04 2.422878134887634319e-04 2.231303886537207922e-04 2.277967099055585719e-04 3.034969108500798994e-05 4.324082796716368125e-05 4.226391481767062330e-05 6.277992408153162127e-05 6.148069516115251974e-05 6.238350344789205795e-04 5.209502375684150723e-05
1.000000100000000021e-05 1.000000100000000021e-05 1.000000100000000021e-05 1.000000100000000021e-05 1.000000100000000021e-05 1.000000100000000021e-05 1.000000100000000021e-05 1.000000100000000021e-05 1.000000100000000021e-05 1.000000100000000021e-05 1.000000100000000021e-05 1.000000100000000021e-05 1.000000100000000021e-05 1.000000100000000021e-05 1.000000100000000021e-05 1.000000100000000021e-05 1.000000100000000021e-05 1.000000100000000021e-05 1.000000100000000021e-05 1.000000100000000021e-05 1.000000100000000021e-05 1.000000100000000021e-05 6.475512253298249833e-05 6.735475389728426009e-05 7.266957303114697942e-05 8.459395879479698302e-05 2.274858784687459694e-04 2.749471819079899685e-04 2.958893679217424150e-04 2.922496188044507821e-04 4.166005943091155811e-05 3.591544717221393477e-05 4.869128839501400436e-05 4.293681472199047100e-05 5.956304241565781070e-05 5.831471309258926780e-05 1.295241543526059374e-03
1.000000100000000021e-05 1.000000100000000021e-05 1.000000100000000021e-05 1.000000100000000021e-05 1.000000100000000021e-05 1.000000100000000021e-05 1.000000100000000021e-05 1.000000100000000021e-05 1.000000100000000021e-05 1.000000100000000021e-05 1.000000100000000021e-05 1.000000100000000021e-05 1.000000100000000021e-05 1.000000100000000021e-05 1.000000100000000021e-05 1.000000100000000021e-05 1.000000100000000021e-05 1.000000100000000021e-05 1.000000100000000021e-05 1.000000100000000021e-05 2.242259247876263149e-05 3.457534561549643410e-05 2.897805714895541800e-05 1.000000000000000021e-08 1.000000000000000021e-08 1.000000000000000021e-08 1.540087362065569192e-04 2.820965890598629172e-04 3.331164919104082946e-04 3.637633630499342114e-04 2.257213801937584907e-05 3.111043001916639883e-05 4.322686186695305654e-04 4.198646081715871913e-04 6.239355964267356315e-04 8.513533130379921264e-04 6.963489926517923154e-04
1.000000100000000021e-05 1.000000100000000021e-05 1.000000100000000021e-05 1.000000100000000021e-05 1.000000100000000021e-05 1.000000100000000021e-05 1.000000100000000021e-05 1.000000100000000021e-05 1.000000100000000021e-05 1.000000100000000021e-05 1.000000100000000021e-05 1.000000100000000021e-05 1.000000100000000021e-05 1.000000100000000021e-05 1.000000100000000021e-05 1.000000100000000021e-05 1.000000100000000021e-05 5.855208724014946911e-05 1.480403185939177394e-04 1.234893377576141234e-04 1.167740899984789422e-04 1.268552102543966476e-04 1.323636742387186011e-04 8.814689415053233545e-05 1.000000000000000021e-08 1.000000000000000021e-08 1.424964469674389034e-04 1.199308781550445974e-04 2.700093996885337714e-04 2.870402399629841785e-04 4.317345333328287708e-04 4.025391151466063775e-04 6.213258511104382490e-04 6.298249283561060388e-04 9.033669876207793851e-04 8.689201324288771313e-04 1.240794905266647593e-03
1.000000100000000021e-05 1.000000100000000021e-05 1.000000100000000021e-05 1.000000100000000021e-05 1.000000100000000021e-05 1.000000100000000021e-05 1.000000100000000021e-05 1.000000100000000021e-05 1.000000100000000021e-05 1.000000100000000021e-05 1.000000100000000021e-05 1.000000100000000021e-05 1.000000100000000021e-05 1.000000100000000021e-05 1.000000100000000021e-05 1.000000100000000021e-05 1.000000100000000021e-05 1.868442626100355464e-05 3.376451981004481790e-05 2.429248301264558773e-04 4.176829969655058679e-04 5.492858582413108611e-04 9.668787471125895488e-05 1.164826633155866621e-04 9.507463843916919867e-05 1.314601490362840379e-04 1.516680733271501367e-04 9.826551305649872917e-05 3.753220237105390074e-05 6.858241821719193124e-05 6.334045825412434427e-05 9.081015662679376224e-05 3.012405230724350590e-05 5.911754781512127197e-05 5.932813478294463033e-05 1.033411716304769056e-04 1.135802886075487823e-04
1.000000100000000021e-05 1.000000100000000021e-05 1.000000100000000021e-05 1.000000100000000021e-05 1.000000100000000021e-05 7.616963917802286948e-05 7.613531013732461011e-05 1.000000100000000021e-05 1.000000100000000021e-05 1.000000100000000021e-05 1.000000100000000021e-05 1.000000100000000021e-05 1.000000100000000021e-05 1.000000100000000021e-05 1.000000100000000021e-05 6.223985628872875074e-05 7.051970105862753909e-05 1.091948931842514530e-04 1.738888254678189627e-04 1.691711524147662704e-04 1.664749169871143663e-04 2.418001952943035922e-04 3.646359281482355630e-05 3.596951600395758750e-05 5.542955705820588598e-05 4.784841746379494415e-05 3.223857723886911571e-05 2.823212125735409598e-05 1.976513086062624746e-05 1.000000000000000021e-08 1.000000000000000021e-08 2.611724860832490293e-05 1.000000000000000021e-08 1.556847835429742052e-05 2.279917077586042596e-05 1.745156000896559234e-04 1.753848780579671555e-04
1.000000100000000021e-05 1.000000100000000021e-05 1.000000100000000021e-05 1.000000100000000021e-05 1.000000100000000021e-05 1.547532802781559228e-04 2.368067327869545382e-04 1.229838679712037385e-04 1.030108490383063811e-04 1.250060439758366869e-04 5.931708605286285530e-05 1.000000100000000021e-05 1.000000100000000021e-05 2.085161010079961030e-05 3.072007976307166024e-05 3.926290193635333982e-05 7.106896147521130102e-05 7.361435240857515784e-05 4.636629149414775821e-05 1.704947431593216832e-05 1.000000000000000021e-08 1.368326155358905181e-05 3.259854510502839861e-05 5.206405719842714864e-05 5.785875575211385172e-05 7.040941758802586787e-05 7.769871047722033707e-05 7.663309757940885061e-05 6.516656644834114664e-05 8.813593167845787553e-05 1.000000000000000021e-08 2.107714984202656500e-05 1.000000000000000021e-08 2.579658881154180613e-05 2.745560066088181936e-05 7.300501361023312196e-05 2.168443749198514846e-04
1.000000100000000021e-05 1.000000100000000021e-05 1.000000100000000021e-05 1.000000100000000021e-05 1.000000100000000021e-05 9.973735739446608611e-04 4.506301670025122941e-03 3.474876437050293857e-04 2.001890097160901325e-04 7.118693968865726898e-05 1.089428314200286813e-05 1.944122794971169058e-05 3.347663472838702671e-05 6.001057057842623882e-05 8.039391004354953850e-05 9.475089056316226275e-05 1.127236530228369749e-04 1.071458294320346157e-04 1.000000000000000021e-08 1.000000000000000021e-08 1.000000000000000021e-08 1.541766338099544533e-05 1.366934728640548181e-05 2.620075319860273064e-05 3.577942382794127314e-05 4.379901978928153338e-05 5.258712066057464750e-05 8.191565731148837861e-05 1.785817870100118510e-04 2.141374931123949516e-04 2.662894078928669075e-05 1.196792009409587444e-05 1.000000000000000021e-08 5.690807563056752248e-04 8.598717796178632217e-04 1.467083258560031560e-03 1.504124870761732813e-04
1.000000100000000021e-05 1.000000100000000021e-05 1.000000100000000021e-05 1.000000100000000021e-05 1.000000100000000021e-05 9.667888656997693578e-03 9.298148017604369571e-04 6.944769134170808466e-05 5.687382088649896230e-05 2.810143631217096387e-05 3.265602258161764715e-05 2.751805740702496141e-05 5.984574336149703930e-05 8.159049098394776300e-05 9.208950226023804417e-05 1.243690223386593660e-04 1.598384644049234086e-04 1.528767026357742210e-04 1.000000000000000021e-08 1.000000000000000021e-08 1.000000000000000021e-08 1.827506843809157931e-05 1.000000000000000021e-08 4.679613912000853338e-05 5.046164685561803001e-05 5.998524713615107794e-05 7.520019418215337381e-05 9.213671985061287469e-05 3.832757607568832488e-04 7.790913432901394641e-04 6.295113075777502946e-04 1.109315203294701020e-04 1.250941487209481732e-04 5.438435370611088187e-04 4.527811434872786186e-04 5.363840585146120938e-04 5.590633477850419190e-04
1.000000100000000021e-05 1.000000100000000021e-05 1.000000100000000021e-05 1.000000100000000021e-05 1.000000100000000021e-05 1.965831519356408055e-03 3.122702088875149956e-04 7.781385496127531456e-05 2.812379460826161366e-05 4.725119328718771342e-05 2.422962173552509503e-05 4.022633278363910305e-05 5.644309338089747817e-05 8.339450591727901204e-05 9.513213823574485537e-05 1.000000000000000021e-08 1.000000000000000021e-08 1.383561755870676735e-05 1.000000000000000021e-08 1.000000000000000021e-08 1.000000000000000021e-08 2.469148394374290944e-05 3.818832080839565759e-05 3.002932786571421603e-05 1.000000000000000021e-08 1.520037459971882017e-05 1.860586466845037099e-05 3.121204129333793575e-05 8.650885927725908008e-05 1.524344935558715581e-04 3.420920400919435491e-05 5.380321570685982414e-05 3.478663103978008931e-04 4.833510408972048944e-05 5.845645215448609102e-05 2.522404113957456870e-04 3.645066459557013186e-04
1.000000100000000021e-05 1.000000100000000021e-05 1.000000100000000021e-05 2.838577888446545925e-05 2.830347548084597548e-04 2.067448658684121077e-03 6.069899398824222690e-05 5.038835636257770454e-05 5.258257894697967067e-05 5.291904927993446191e-05 3.173643703354299037e-05 4.943139706588120031e-05 8.227947453350369447e-05 1.098736133845324938e-04 1.000000000000000021e-08 1.000000000000000021e-08 1.000000000000000021e-08 1.000000000000000021e-08 1.000000000000000021e-08 5.091176098818081666e-05 5.907861643026295984e-05 1.000000000000000021e-08 1.000000000000000021e-08 4.963277270903748397e-05 4.623043931911827078e-05 1.000000000000000021e-08 1.000000000000000021e-08 1.000000000000000021e-08 1.000000000000000021e-08 1.000000000000000021e-08 2.274736596518451193e-05 1.924647865384735313e-04 2.688108760364654452e-05 1.794028945733146705e-05 1.000000000000000021e-08 2.141096206283821344e-04 1.919652809200158151e-04
1.000000100000000021e-05 1.000000100000000021e-05 1.996026666628634809e-05 5.027528013046907596e-05 5.217652138304212407e-04 2.213121540445593845e-03 7.524183391478728763e-05 5.212389132685736257e-05 1.000000000000000021e-08 1.000000000000000021e-08 4.063155022904416227e-05 7.284813609251032608e-05 9.892255883770747257e-05 1.222267484426623027e-04 1.000000000000000021e-08 1.000000000000000021e-08 1.000000000000000021e-08 1.000000000000000021e-08 1.000000000000000021e-08 3.962412543706047695e-05 5.732981897392974875e-05 1.000000000000000021e-08 1.000000000000000021e-08 1.000000000000000021e-08 1.000000000000000021e-08 1.000000000000000021e-08 1.000000000000000021e-08 1.000000000000000021e-08 3.288846226548026948e-05 1.000000000000000021e-08 1.000000000000000021e-08 1.000000000000000021e-08 4.339883056083702542e-05 1.000000000000000021e-08 1.000000000000000021e-08 1.806410523299897616e-05 4.746580105959722278e-05
3.108801478031342523e-05 4.466891514313463225e-05 1.000000000000000021e-08 1.000000000000000021e-08 1.783808077585857452e-03 3.120027120808162996e-03 1.010956107806188105e-04 6.033706753719671645e-05 1.000000000000000021e-08 1.000000000000000021e-08 1.000000000000000021e-08 7.248081578748554854e-05 1.000000000000000021e-08 1.000000000000000021e-08 8.192625646686022857e-05 3.835906958419057887e-05 1.000000000000000021e-08 1.000000000000000021e-08 1.000000000000000021e-08 2.858902935810345934e-05 6.542279709401570872e-05 1.000000000000000021e-08 1.592042308036821109e-05 1.666891466076278621e-05 1.000000000000000021e-08 1.000000000000000021e-08 1.000000000000000021e-08 1.000000000000000021e-08 1.000000000000000021e-08 2.015778405779188054e-05 1.089505024628273052e-04 1.000000000000000021e-08 5.011341105861312522e-05 1.000000000000000021e-08 1.000000000000000021e-08 1.000000000000000021e-08 3.409912024656083676e-05
4.011214048804064014e-03 4.725743246834651808e-03 3.396424570970891111e-03 2.482428848178368751e-03 1.364816215076551870e-03 2.409081880681640444e-03 2.489207417051844673e-03 3.255401671340974997e-04 2.370224262320104155e-04 1.268896321696657203e-04 1.000000000000000021e-08 7.610841459065431202e-05 1.000000000000000021e-08 1.000000000000000021e-08 1.000000000000000021e-08 1.000000000000000021e-08 1.334244337614007654e-05 1.000000000000000021e-08 1.000000000000000021e-08 3.183194389086771567e-05 7.604191135686872761e-05 5.580241198077647111e-05 3.901551828835261610e-05 1.000000000000000021e-08 1.000000000000000021e-08 1.000000000000000021e-08 1.000000000000000021e-08 1.743863744269589207e-05 1.000000000000000021e-08 1.000000000000000021e-08 1.000000000000000021e-08 1.409558245370449760e-05 8.563092345865255556e-05 1.000000000000000021e-08 2.479343031697779190e-05 1.820497019619788984e-05 1.000000000000000021e-08
