output/water_depth_6960.asc
ncols 223
nrows 158
xllcorner 0.0
yllcorner 0.0
cellsize 30.0
[rows 68 to 84 of 158, columns 37 to 73 of 223]
1.000000000000000021e-08 1.215735695975585249e-05 1.835836164687167934e-05 2.357174547793317333e-05 1.000000000000000021e-08 1.405104181140640299e-05 2.102811324295835157e-05 2.203469719441134705e-05 1.000000000000000021e-08 1.000000000000000021e-08 1.000000000000000021e-08 1.000000000000000021e-08 1.000000000000000021e-08 1.000000000000000021e-08 2.901106001692328599e-05 1.000000000000000021e-08 1.402226096369295039e-05 2.937831431797210388e-05 2.742906449837577120e-05 1.000000000000000021e-08 1.000000000000000021e-08 1.403704464652685872e-05 4.459220610379890660e-05 1.755546942310428444e-03 3.763721937517022710e-04 1.000000000000000021e-08 1.000000000000000021e-08 1.000000000000000021e-08 1.000000000000000021e-08 1.000000000000000021e-08 1.000000000000000021e-08 1.000000000000000021e-08 1.000000000000000021e-08 1.000000000000000021e-08 1.000000000000000021e-08 1.000000000000000021e-08 1.000000000000000021e-08
1.000000000000000021e-08 1.000000000000000021e-08 1.000000000000000021e-08 1.000000000000000021e-08 1.034081894653514956e-05 1.000000000000000021e-08 1.265733545790845311e-05 1.559311747214319654e-05 2.027465736489206965e-05 3.509806855454738268e-05 4.510696290400790999e-05 1.000000000000000021e-08 1.000000000000000021e-08 2.768564612002190269e-05 3.232566375447562421e-05 1.000000000000000021e-08 1.202556108795204945e-05 2.188812359402855724e-05 1.000000000000000021e-08 1.180639048923226815e-05 2.080988148395682141e-05 1.528752190380126786e-05 3.716106572527473590e-05 5.512086545609815871e-05 2.031848805939597013e-04 1.250507353417047458e-03 1.000000000000000021e-08 1.000000000000000021e-08 1.000000000000000021e-08 1.000000000000000021e-08 1.000000000000000021e-08 1.000000000000000021e-08 9.408618335516120686e-05 6.826647338209238750e-04 9.565311626741705145e-04 8.652877680396024685e-04 5.941720745866288815e-04
1.000000000000000021e-08 1.000000000000000021e-08 1.000000000000000021e-08 1.000000000000000021e-08 1.000000000000000021e-08 1.000000000000000021e-08 1.000000000000000021e-08 1.952571230415609869e-05 4.231519151721925597e-05 4.520959629771998940e-05 4.107995603922001004e-05 6.257787719058455417e-05 3.814967463569091588e-05 3.266211952746123868e-05 2.732227912146670338e-05 2.789205491713337803e-05 5.281328658878683150e-05 1.000000000000000021e-08 1.000000000000000021e-08 1.000000000000000021e-08 1.040204157020549731e-05 6.043535384680705257e-05 3.328173665562237510e-05 4.468430728215694845e-05 1.000000000000000021e-08 1.000000000000000021e-08 1.000000000000000021e-08 1.268411616354218548e-05 1.000000000000000021e-08 4.564492164012649291e-05 4.448791394256988854e-05 5.796710705823858835e-04 9.369384502058149093e-04 9.260676701911854615e-04 8.345665102033842254e-04 7.976496709914104302e-04 8.859256390329433954e-04
1.000000100000000021e-05 3.296337346468003498e-05 1.000000000000000021e-08 1.000000000000000021e-08 1.000000000000000021e-08 1.000000000000000021e-08 1.000000000000000021e-08 1.000000000000000021e-08 1.738305088697807190e-05 1.596100866326151965e-05 2.218858039029640548e-05 3.572355963230832565e-05 8.428630906570159218e-05 6.540244862942605681e-05 6.096466598904055537e-05 7.648376270761067075e-05 1.529207296788311576e-04 3.089302025149173367e-04 1.745846365332041645e-04 1.256375390485449807e-04 8.147689860321156606e-05 1.367755522702173820e-04 2.125314181721693358e-03 1.875706441975050133e-04 1.097369657881345730e-04 1.000000000000000021e-08 1.001300137785498395e-05 2.168724434992466723e-05 2.263379110989592355e-05 1.444635178382918891e-04 3.025194452988333514e-04 7.219727079574685602e-04 7.663430381098095294e-04 6.707253993731886535e-04 6.431177321762486824e-04 7.243604102367478485e-04 6.444105001983210139e-04
3.544532882444639447e-05 8.124944405453297935e-05 5.093408331295541544e-05 3.047032730266090384e-05 1.000000000000000021e-08 1.000000000000000021e-08 1.000000000000000021e-08 1.608166112233009288e-05 1.268464789788918527e-04 1.009045435348095626e-04 1.000000000000000021e-08 1.000000000000000021e-08 1.179720098180925345e-04 2.040129441313698973e-04 2.142635236634670185e-04 2.027507020444579901e-04 1.635932531751284487e-04 1.342555543231997359e-04 2.038091078010917292e-04 2.084172992051412882e-04 1.833624697783491531e-04 9.448002299344628887e-05 2.766973457523548715e-04 3.026054406576709501e-04 2.940721204247172217e-04 1.000000000000000021e-08 8.752457341889594922e-04 8.299924264501819075e-04 1.106538209844058372e-03 1.147145526126121208e-03 1.670622276419133538e-03 9.000652029415264540e-04 7.233391156161972065e-04 5.870387617066258465e-04 4.345611458488635062e-04 3.255876684997996364e-04 3.539337003265622186e-04
4.601477884655859367e-05 3.144117205636729471e-05 6.144907894692371963e-05 1.000000000000000021e-08 1.000000000000000021e-08 1.110825413123799483e-05 1.782777075839828487e-05 4.578892436342322343e-05 1.649505537498614197e-04 3.888148583940885788e-04 2.610165053818991267e-04 2.719048857779431854e-04 2.099198593146195228e-04 1.780608802897573877e-04 9.588327879051202819e-05 7.768081490542647874e-05 6.250846337248985201e-05 5.866857646150879852e-05 6.188004793895756955e-05 2.135188321836850784e-04 2.801527660562672323e-04 2.538391515840732627e-04 2.180830329886690531e-04 6.811228585550894781e-04 8.183965691797646155e-04 1.114497353216403492e-03 7.739354057237042084e-04 4.527704906878648149e-04 3.337076795947097529e-04 2.984012007952843758e-04 1.975025364931877459e-04 1.641536975071927089e-04 1.220379556032995721e-04 9.941740522430283025e-05 9.810830534150863174e-05 8.072301289905868559e-05 6.911940122819957698e-05
1.342575229867338203e-04 1.739032938188456829e-04 1.948063604646675868e-04 2.265009784617530301e-04 2.620556900044674329e-04 3.676694204791082846e-04 4.050578960981478412e-04 3.819754420055595959e-04 2.903273013179950780e-04 1.098290322882083059e-05 1.355616055987492371e-05 1.104154319270851008e-05 1.000000000000000021e-08 1.000000000000000021e-08 1.264178125811300374e-05 2.579680020564254720e-05 3.457866646137695762e-05 2.946896631521082156e-05 2.008836503487278680e-05 2.054320400896379159e-05 1.544858612411571217e-05 1.912292513510846482e-04 3.847892530214975983e-04 5.371379196977024663e-04 6.091898971243157917e-05 1.000000000000000021e-08 1.000000000000000021e-08 1.342694365087970797e-05 2.173514610155492422e-05 2.707072602445223790e-05 3.005973830046988133e-05 2.535803751050491554e-05 2.166681296420007409e-05 2.114369142259498062e-05 2.603574804171231375e-05 2.255264162596213581e-05 1.000000000000000021e-08
1.204304999378786115e-03 8.265978502447201843e-05 6.906417503463419482e-05 6.190123349036278895e-05 5.492804864272834753e-05 4.155863742315331339e-05 3.712282974516333965e-05 1.000000000000000021e-08 1.000000000000000021e-08 1.000000000000000021e-08 1.000000000000000021e-08 1.353449005398842137e-05 1.346266440885580263e-05 1.351423421666467497e-05 1.458082373235056356e-05 1.570973348456190772e-05 3.264278126324220711e-05 3.926444631443316732e-05 3.998597132353910169e-05 3.900336891909426756e-05 3.928667334456097229e-05 4.408479072743474905e-05 1.164209821326168514e-04 2.640819737277570774e-05 1.000000000000000021e-08 1.000000000000000021e-08 1.229387136018629687e-05 1.876258255687331000e-05 2.202722723961013902e-05 2.042952941560363157e-05 1.611406145678407760e-05 2.721415349473113376e-05 2.338296475108812714e-05 2.278918035411652373e-05 1.673187112992145626e-05 1.000000000000000021e-08 1.000000000000000021e-08
2.226660631358329728e-05 4.131303405230917224e-05 1.000000000000000021e-08 1.000000000000000021e-08 1.665904195703592322e-05 1.000000000000000021e-08 1.000000000000000021e-08 1.000000000000000021e-08 1.000000000000000021e-08 1.000000000000000021e-08 1.000000000000000021e-08 1.000000000000000021e-08 1.000000000000000021e-08 1.000000000000000021e-08 1.000000000000000021e-08 1.214954428573022702e-05 2.418028918033392378e-05 7.309731538315700368e-05 7.632936180469100489e-05 5.833590046116106229e-05 6.834986689775345763e-05 1.449109485239988401e-04 2.329372526145077177e-05 1.660651790894648934e-05 1.000000000000000021e-08 1.000000000000000021e-08 1.000000000000000021e-08 1.000000000000000021e-08 1.000000000000000021e-08 1.000000000000000021e-08 1.251638098111229758e-05 1.314156033740493607e-05 2.444782687723938330e-05 2.742665541369812822e-05 2.914730579050248498e-05 2.235294139643896776e-05 2.101301415792561540e-05
1.827280994452634485e-05 3.319316800456208395e-05 4.334894138470488843e-05 3.027281315556247439e-05 3.384220299109994110e-05 4.784539472790123735e-05 4.273266954361861712e-05 3.375478248336612918e-05 2.995243393949414390e-05 2.225762875928662745e-05 2.290402723138524731e-05 2.303143294418517867e-05 2.807759824329384419e-05 2.632784042598281841e-05 2.839940207535601849e-05 2.546295987092489846e-05 3.861853268845949299e-05 6.368275016334667461e-05 7.218160136326026038e-05 8.823673994589845842e-05 8.585936982631560063e-05 1.873574333279751753e-04 1.523896008412054643e-04 1.000000000000000021e-08 1.000000000000000021e-08 1.244561567013475552e-05 1.202505827876251846e-05 1.485468854247275491e-05 1.541090828608301336e-05 1.551354330115140804e-05 2.203480679453095266e-05 2.275047667038180644e-05 2.706357789455287791e-05 3.450977412011660558e-05 3.945139278020739202e-05 3.920965296505628234e-05 6.005174388328289858e-05
1.774593537381943925e-05 3.094924700331844501e-05 4.080550017048615078e-05 1.000000000000000021e-08 1.383666065627053430e-05 2.340221985403887159e-05 6.009253806663217713e-05 5.019018120555759720e-05 4.932297808305104690e-05 1.000000000000000021e-08 6.444547319773180931e-05 9.332228152031161832e-05 7.180986480284647056e-05 9.341905109112470643e-05 9.311853259924962720e-05 7.611091083963176043e-05 5.222065272379835583e-05 4.755395292824524762e-05 9.696611661453747731e-05 8.802191272609304550e-05 8.883751242384457076e-05 1.233407222962304168e-04 2.186254365152552181e-04 1.000000000000000021e-08 1.000000000000000021e-08 1.214749540240220364e-05 1.788584861443312806e-05 2.662101133639538925e-05 2.216048251788669765e-05 2.414949526660207119e-05 2.965610660270711553e-05 3.117946075842038453e-05 3.036253287865468985e-05 1.000000000000000021e-08 2.828799261916675840e-05 3.779328243933022664e-05 3.028432925516076751e-05
2.203919765643504947e-05 3.551679723279378876e-05 3.882284150105726710e-05 3.392858605290381517e-05 2.283955466964868793e-05 1.759224363829428296e-05 1.824836497442519260e-05 5.864182969007118018e-05 1.281640711319635478e-04 7.696307070333479000e-05 7.016807784518247200e-05 6.036244413037157445e-05 8.615547424356362696e-05 8.789854151479333791e-05 1.000000000000000021e-08 1.000000000000000021e-08 1.000000000000000021e-08 1.735198099923830790e-05 2.882005913319958667e-05 1.000000000000000021e-08 1.000000000000000021e-08 7.245483090122998952e-05 1.865105804177446570e-04 1.000000000000000021e-08 1.000000000000000021e-08 1.689903004849938612e-05 3.133612333214046608e-05 2.596454484636070349e-05 1.000000000000000021e-08 1.850047027106841696e-05 2.798078336593961402e-05 3.154078453741026271e-05 3.441404315261486309e-05 1.000000000000000021e-08 1.000000000000000021e-08 1.000000000000000021e-08 1.000000000000000021e-08
3.284308041757874825e-05 3.998068993915626228e-05 3.145881974229575433e-05 1.000000000000000021e-08 1.000000000000000021e-08 1.000000000000000021e-08 1.122521811264129220e-05 1.962809063716069229e-05 2.897249816744338260e-05 1.000000000000000021e-08 1.000000000000000021e-08 1.000000000000000021e-08 1.000000000000000021e-08 1.000000000000000021e-08 1.000000000000000021e-08 1.000000000000000021e-08 1.356428756616380419e-05 1.948884860058439829e-05 1.860060128789702097e-05 2.001185903019920989e-05 1.000000000000000021e-08 4.008980550141463513e-05 1.440871616211987017e-04 7.856337226441522997e-05 3.978640950445678083e-05 3.619483508925223794e-05 6.174097980433350798e-05 2.882964925485867819e-05 1.000000000000000021e-08 1.722986448763141353e-05 2.998908263630265065e-05 3.737442237925366176e-05 1.000000000000000021e-08 1.000000000000000021e-08 1.000000000000000021e-08 1.000000000000000021e-08 1.000000000000000021e-08
1.538512763065959382e-05 2.974783195974276448e-05 1.000000000000000021e-08 1.000000000000000021e-08 1.000000000000000021e-08 1.000000000000000021e-08 1.000000000000000021e-08 1.000000000000000021e-08 1.000000000000000021e-08 1.000000000000000021e-08 1.000000000000000021e-08 1.000000000000000021e-08 1.000000000000000021e-08 1.000000000000000021e-08 1.031627293555649598e-05 1.417671465454274075e-05 1.000000000000000021e-08 1.000000000000000021e-08 1.000000000000000021e-08 1.000000000000000021e-08 1.000000000000000021e-08 1.000000000000000021e-08 1.000000000000000021e-08 4.827662468742379499e-05 4.008921099082901070e-05 4.513650909433627708e-05 6.472690006848953769e-05 1.000000000000000021e-08 1.000000000000000021e-08 1.000000000000000021e-08 1.000000000000000021e-08 1.000000000000000021e-08 1.000000000000000021e-08 1.000000000000000021e-08 1.167922083291253326e-05 1.000000000000000021e-08 1.000000000000000021e-08
1.413121452501658530e-05 2.826781542537564487e-05 1.327108910574376121e-03 8.344728195420373447e-05 6.972376512267349381e-05 1.000000000000000021e-08 1.000000000000000021e-08 1.000000000000000021e-08 1.000000000000000021e-08 1.000000000000000021e-08 1.024406182783967266e-05 2.028969561350288343e-05 2.522010097111290904e-05 3.503862586312643296e-05 4.938198582768044142e-05 5.028913751817409335e-05 3.949315900717208997e-05 3.130316962161676896e-05 2.855340449491130630e-05 1.880841916215131486e-05 2.985224542542578584e-05 7.205310173161793099e-05 1.307149844567221514e-04 6.366104982279465212e-05 2.061493835652867721e-04 1.814703446522546886e-04 1.999740688198914428e-04 1.244515442889552201e-04 8.955919969217281909e-05 7.862954583992597460e-05 1.000000000000000021e-08 1.000000000000000021e-08 1.000000000000000021e-08 1.000000000000000021e-08 1.000000000000000021e-08 1.000000000000000021e-08 1.000000000000000021e-08
1.165839059421775568e-05 2.053787581023861218e-05 3.232711137176211779e-05 3.569082570877418748e-05 1.000000000000000021e-08 1.000000000000000021e-08 1.000000000000000021e-08 1.000000000000000021e-08 1.000000000000000021e-08 1.000000000000000021e-08 1.000000000000000021e-08 1.000000000000000021e-08 1.000000000000000021e-08 1.000000000000000021e-08 1.000000000000000021e-08 4.615990682723553897e-05 7.349856856342327767e-05 6.899484837288237223e-05 5.864442681824039486e-05 5.756609427993287066e-05 6.953269159107300888e-05 5.998520997808854202e-05 1.108192334854635045e-04 1.359754775080326383e-04 1.104381626175107950e-04 2.156240532228512641e-04 3.021639006445389695e-04 4.018165033315510698e-04 5.029086397180111386e-04 3.759222233352964336e-04 2.961259817882513391e-04 1.000000000000000021e-08 1.000000000000000021e-08 1.000000000000000021e-08 1.000000000000000021e-08 1.000000000000000021e-08 1.000000000000000021e-08
1.000000000000000021e-08 1.514063911225880831e-05 2.145416181385697944e-05 2.967388908137831823e-05 3.250732655679005792e-05 1.000000000000000021e-08 1.000000000000000021e-08 1.000000000000000021e-08 1.000000000000000021e-08 1.000000000000000021e-08 1.000000000000000021e-08 1.000000000000000021e-08 1.000000000000000021e-08 1.000000000000000021e-08 1.000000000000000021e-08 1.000000000000000021e-08 1.000000000000000021e-08 1.000000000000000021e-08 4.608094672760467667e-05 6.838422677141634356e-05 1.092511197225397448e-04 1.561460639619041788e-04 1.279374912590825722e-04 9.971783297708180875e-05 1.000000000000000021e-08 1.000000000000000021e-08 1.000000000000000021e-08 1.000000000000000021e-08 6.842929165254352448e-05 4.507592303639511798e-04 4.950098341442059954e-04 4.171828925738090715e-04 1.394337885576541226e-05 1.957597821679459316e-05 1.000000000000000021e-08 1.000000000000000021e-08 1.000000000000000021e-08
