output/water_depth_8040.asc
ncols 223
nrows 158
xllcorner 0.0
yllcorner 0.0
cellsize 30.0
[rows 102 to 118 of 158, columns 185 to 221 of 223]
1.342253712149523147e-05 1.467858543294079192e-05 1.841623560406286164e-05 1.943051207533350695e-05 1.000000000000000021e-08 1.000000000000000021e-08 2.694545827081482395e-02 1.894758652659305209e-01 2.286250270300433599e-03 3.605049749321834218e-04 2.504133574013513012e-04 1.069505213770035256e-04 8.373497439596507290e-05 8.596979027936280007e-05 9.220477854655360136e-05 9.870224159847892551e-05 3.100829738776096086e-05 1.438330940809862199e-05 1.066751455825023599e-05 1.000000000000000021e-08 1.000000000000000021e-08 1.000000000000000021e-08 1.000000000000000021e-08 1.000000000000000021e-08 1.000000000000000021e-08 1.000000000000000021e-08 1.000000000000000021e-08 1.000000000000000021e-08 1.000000000000000021e-08 1.223737455809325766e-05 1.000000100000000021e-05 1.000000100000000021e-05 1.000000100000000021e-05 1.000000100000000021e-05 1.000000100000000021e-05 1.000000100000000021e-05 1.000000100000000021e-05
2.228928580323910009e-05 1.964984682961742332e-05 3.559855046267337516e-05 3.559535854337483391e-05 2.994182378442778475e-05 1.000000000000000021e-08 7.010177249146040852e-03 1.068910755184327849e-01 8.346337846444227757e-04 1.229696850587959399e-04 1.724956431696209090e-04 2.339249813331727818e-04 2.084696429376027332e-04 1.646545623411248640e-04 1.236249968570079041e-04 4.863879711604433815e-05 1.408156708917887915e-04 3.002802730071939846e-05 2.837236491312917561e-05 1.704304367189834858e-05 1.000000000000000021e-08 1.000000000000000021e-08 1.000000000000000021e-08 1.000000000000000021e-08 1.000000000000000021e-08 1.000000000000000021e-08 1.000000000000000021e-08 1.000000000000000021e-08 1.000000000000000021e-08 1.000000000000000021e-08 1.000000100000000021e-05 1.000000100000000021e-05 1.000000100000000021e-05 1.000000100000000021e-05 1.000000100000000021e-05 1.000000100000000021e-05 1.000000100000000021e-05
1.000000000000000021e-08 1.000000000000000021e-08 1.000000000000000021e-08 1.000000000000000021e-08 1.331727000214121795e-04 3.666211420505196151e-03 2.617362944771482458e-01 1.093887076582081286e-01 1.753331155845343854e-04 1.000000000000000021e-08 1.000000000000000021e-08 1.000000000000000021e-08 1.000000000000000021e-08 1.000000000000000021e-08 1.000000000000000021e-08 9.491831298747392546e-05 2.617255368517473345e-04 7.016588598204501594e-05 5.969392403061378341e-05 3.912966218271156122e-05 2.416707218589150857e-05 1.139678697989166160e-05 1.000000000000000021e-08 1.000000000000000021e-08 1.000000000000000021e-08 1.000000000000000021e-08 1.000000000000000021e-08 1.000000000000000021e-08 1.000000000000000021e-08 1.000000000000000021e-08 1.000000100000000021e-05 1.000000100000000021e-05 1.000000100000000021e-05 1.000000100000000021e-05 1.000000100000000021e-05 1.000000100000000021e-05 1.000000100000000021e-05
1.000000000000000021e-08 1.000000000000000021e-08 1.000000000000000021e-08 1.000000000000000021e-08 5.970158657653118744e-04 1.705227787804038386e-01 1.990295443381370488e-01 1.049435410491480580e-04 1.188474434185435440e-05 1.687111889480389892e-05 1.362814830894791914e-05 1.103453592662357641e-05 1.000000000000000021e-08 1.000000000000000021e-08 2.534926557121566418e-05 3.996337356247790416e-05 6.003308675994848374e-03 4.762146499240068020e-05 1.000000000000000021e-08 1.000000000000000021e-08 1.000000000000000021e-08 1.000000000000000021e-08 1.000000000000000021e-08 1.000000000000000021e-08 1.000000000000000021e-08 1.000000000000000021e-08 1.447764865289929231e-05 1.123622272070557541e-05 1.000000000000000021e-08 1.000000000000000021e-08 1.000000100000000021e-05 1.000000100000000021e-05 1.000000100000000021e-05 1.000000100000000021e-05 1.000000100000000021e-05 1.000000100000000021e-05 1.000000100000000021e-05
8.866986445356001847e-05 6.960144558267846099e-05 1.000000000000000021e-08 1.000000000000000021e-08 2.737341923590476682e-04 1.486186077470464661e-01 1.648963278559394952e-01 1.312174312395816291e-04 8.221146271641945026e-05 6.601088525897231489e-05 4.242352260836669445e-05 2.912132864900662403e-05 2.363765077136768271e-05 3.276878417443757888e-05 1.000000000000000021e-08 1.863110153066310361e-05 5.129147757417022030e-03 8.900521197678548223e-05 1.000000000000000021e-08 1.000000000000000021e-08 1.000000000000000021e-08 1.000000000000000021e-08 1.000000000000000021e-08 1.000000000000000021e-08 1.000000000000000021e-08 1.000000000000000021e-08 1.000000000000000021e-08 3.935945983032613311e-05 2.631038526837942845e-05 1.524696840836373252e-05 1.000000100000000021e-05 1.000000100000000021e-05 1.000000100000000021e-05 1.000000100000000021e-05 1.000000100000000021e-05 1.000000100000000021e-05 1.000000100000000021e-05
4.825674058978638255e-05 8.913433562055470807e-05 8.342578573761998270e-05 7.931047624099546282e-05 3.635155301999221252e-04 8.898576127476685860e-02 1.183467915229252931e-01 1.934279663148181846e-05 1.000000000000000021e-08 1.677861972400219523e-05 1.000000000000000021e-08 6.834060532583975927e-05 6.393611104119100493e-05 1.734051197908604899e-05 1.000000000000000021e-08 1.000000000000000021e-08 7.698535200859236852e-04 1.191703866189462073e-04 1.196437729950984515e-04 1.454306170139697514e-04 1.235878257351796490e-04 1.031204264313991730e-04 8.180532412191270661e-05 6.407676518017243962e-05 4.404090563957123504e-05 2.599671469374736628e-05 1.253110091036074825e-05 1.000000000000000021e-08 1.000000000000000021e-08 1.000000100000000021e-05 1.000000100000000021e-05 1.000000100000000021e-05 1.000000100000000021e-05 1.000000100000000021e-05 1.000000100000000021e-05 1.000000100000000021e-05 1.000000100000000021e-05
3.039469832164832396e-05 3.443504867784259797e-05 6.354507010832083022e-05 1.000000000000000021e-08 7.194989777902302411e-04 2.230563376877525150e-01 3.961271850475049650e-02 1.000000000000000021e-08 2.613707375535400111e-05 2.440599518602111980e-05 2.414425055802748264e-05 1.548797738542828379e-05 1.000000000000000021e-08 1.000000000000000021e-08 1.000000000000000021e-08 1.000000000000000021e-08 8.335603029276839222e-04 1.501416809685394895e-04 8.680518308555696208e-05 2.472818127934756240e-05 2.308852234766986156e-05 1.925141540382320601e-05 1.813442742274882892e-05 1.455426947559282571e-05 1.349451025944747076e-05 1.225987908576823217e-05 1.000000000000000021e-08 1.000000000000000021e-08 1.000000000000000021e-08 1.000000100000000021e-05 1.000000100000000021e-05 1.000000100000000021e-05 1.000000100000000021e-05 1.000000100000000021e-05 1.000000100000000021e-05 1.000000100000000021e-05 1.000000100000000021e-05
1.476599458593968724e-05 3.688878837613054906e-05 7.171305629687037319e-05 1.010265605622739585e-04 1.549871431650861053e-01 1.629894166487817486e-01 1.356805914909659794e-01 3.793811574699948669e-04 1.000000000000000021e-08 2.286298916200743924e-05 1.190416559559691525e-05 1.000000000000000021e-08 2.598634670076939318e-05 1.000000000000000021e-08 1.000000000000000021e-08 1.387708776185431706e-05 9.606022789749585691e-03 2.121796511467922768e-04 4.886314858735598418e-05 1.000000000000000021e-08 1.000000000000000021e-08 1.000000000000000021e-08 1.000000000000000021e-08 1.000000000000000021e-08 1.000000000000000021e-08 1.000000000000000021e-08 1.000000000000000021e-08 1.000000000000000021e-08 1.000000000000000021e-08 1.000000100000000021e-05 1.000000100000000021e-05 1.000000100000000021e-05 1.000000100000000021e-05 1.000000100000000021e-05 1.000000100000000021e-05 1.000000100000000021e-05 1.000000100000000021e-05
1.000000000000000021e-08 1.000000000000000021e-08 1.000000000000000021e-08 1.093448050662914420e-05 1.234239843527949305e-05 8.514122803667897865e-02 6.393992415233203108e-02 4.356453460371241060e-04 1.000000000000000021e-08 1.000000000000000021e-08 1.000000000000000021e-08 1.000000000000000021e-08 1.000000000000000021e-08 1.000000000000000021e-08 2.830739221046537401e-05 5.538915616489076092e-03 6.947659962172795557e-03 2.509647644160671929e-05 3.292066209380366167e-05 1.000000000000000021e-08 1.000000000000000021e-08 1.000000000000000021e-08 1.000000000000000021e-08 1.000000000000000021e-08 1.000000000000000021e-08 1.496801358499580394e-05 1.233463961102275156e-05 1.182475212339874915e-05 1.426177622260717430e-05 1.000000100000000021e-05 1.000000100000000021e-05 1.000000100000000021e-05 1.000000100000000021e-05 1.000000100000000021e-05 1.000000100000000021e-05 1.000000100000000021e-05 1.000000100000000021e-05
1.000000000000000021e-08 1.000000000000000021e-08 1.000000000000000021e-08 1.000000000000000021e-08 1.000000000000000021e-08 4.906851863785923612e-02 9.996163373047553535e-02 6.457925429696424052e-04 1.000000000000000021e-08 1.000000000000000021e-08 1.000000000000000021e-08 1.000000000000000021e-08 1.000000000000000021e-08 1.000000000000000021e-08 1.000000000000000021e-08 8.275786788763442835e-04 1.240178527692379143e-03 1.000000000000000021e-08 1.000000000000000021e-08 2.191552965209284757e-05 1.933005771664535964e-05 1.261850581833874045e-05 1.000000000000000021e-08 2.369657735147720899e-05 2.163636315009392029e-05 1.953765894395870321e-05 1.486797165989430543e-05 1.082380347732372778e-05 1.000000000000000021e-08 1.000000100000000021e-05 1.000000100000000021e-05 1.000000100000000021e-05 1.000000100000000021e-05 1.000000100000000021e-05 1.000000100000000021e-05 1.000000100000000021e-05 1.000000100000000021e-05
1.000000000000000021e-08 1.000000000000000021e-08 1.000000000000000021e-08 1.000000000000000021e-08 1.000000000000000021e-08 3.270777373114761022e-02 1.180063169140068979e-01 6.058411244771112108e-04 1.337852420190705700e-05 1.144182201547614031e-05 1.000000000000000021e-08 1.000000000000000021e-08 1.000000000000000021e-08 1.000000000000000021e-08 1.000000000000000021e-08 1.284426439626459339e-03 1.190692200246958179e-04 1.000000000000000021e-08 5.800666069111707056e-05 1.000000000000000021e-08 1.075068711004573076e-05 1.381334787553803753e-05 1.000000000000000021e-08 1.000000000000000021e-08 2.584991169066671942e-05 1.936549804278132417e-05 1.586078605363713221e-05 1.000000000000000021e-08 1.000000000000000021e-08 1.000000100000000021e-05 1.000000100000000021e-05 1.000000100000000021e-05 1.000000100000000021e-05 1.000000100000000021e-05 1.000000100000000021e-05 1.000000100000000021e-05 1.000000100000000021e-05
2.032224560670723183e-04 1.764419024744000612e-04 1.610087877800007658e-04 1.000000000000000021e-08 1.831187512204520798e-05 3.380466653143268108e-01 3.417096200072899381e-01 3.020775274523614939e-01 1.000000000000000021e-08 1.000000000000000021e-08 1.000000000000000021e-08 1.000000000000000021e-08 1.000000000000000021e-08 1.453590640343505610e-05 1.475480589150124193e-02 2.071452560203057222e-03 9.179905515220485826e-05 1.000000000000000021e-08 1.180514827534764916e-05 1.000000000000000021e-08 1.000000000000000021e-08 2.444196115904146837e-05 3.605636144400552559e-05 4.222016005523683113e-05 4.233128395960399109e-05 2.654140804191938434e-05 1.995568871041886216e-05 1.083245780063760433e-05 1.000000000000000021e-08 1.000000100000000021e-05 1.000000100000000021e-05 1.000000100000000021e-05 1.000000100000000021e-05 1.000000100000000021e-05 1.000000100000000021e-05 1.000000100000000021e-05 1.000000100000000021e-05
1.309224939934021115e-01 1.383178785009293033e-01 1.442738779416785078e-01 1.497335908428479578e-01 1.550359342893513626e-01 3.478155390654277812e-01 3.379617765662837336e-01 2.708213178863617121e-01 1.780030497349646967e-01 1.000000000000000021e-08 1.448143604295988489e-05 1.234560557260826823e-05 1.000000000000000021e-08 1.000000000000000021e-08 1.146444295810832362e-02 3.446268565539815552e-04 1.277409247029904420e-04 1.000000000000000021e-08 1.000000000000000021e-08 1.000000000000000021e-08 1.000000000000000021e-08 5.375232085701280976e-05 5.777279069721825988e-05 4.664637685819474305e-05 5.199923823883911248e-05 5.789314050385580630e-05 3.966078190448631065e-05 2.328787483682510245e-05 1.148425290076976928e-05 1.000000100000000021e-05 1.000000100000000021e-05 1.000000100000000021e-05 1.000000100000000021e-05 1.000000100000000021e-05 1.000000100000000021e-05 1.000000100000000021e-05 1.000000100000000021e-05
1.721451836999375248e-02 1.037720751758268618e-02 6.657431298850218990e-03 4.298223818467884066e-03 2.822408021378433954e-03 2.111463712685119308e-03 2.010979615199894911e-03 1.681763373366312042e-01 4.723477774671674401e-01 3.666244750653167572e-01 1.321518292345506655e-02 4.324892769364458204e-04 8.228257734710191229e-05 1.285891558627639912e-04 1.506396162557359624e-03 2.056470342023182692e-04 3.035365773474573607e-05 5.178082759012457245e-05 6.899081484292963692e-05 6.956481529613396306e-05 8.513099590799998162e-05 1.000560505987115463e-04 4.288105850574639512e-05 1.000000000000000021e-08 3.341596126732474323e-05 1.328636236150161515e-05 1.000000000000000021e-08 1.000000000000000021e-08 1.000000000000000021e-08 1.000000100000000021e-05 1.000000100000000021e-05 1.000000100000000021e-05 1.000000100000000021e-05 1.000000100000000021e-05 1.000000100000000021e-05 1.000000100000000021e-05 1.000000100000000021e-05
1.000000000000000021e-08 1.000000000000000021e-08 1.000000000000000021e-08 1.000000000000000021e-08 2.420047351162086578e-05 1.000000000000000021e-08 1.000000000000000021e-08 7.956811749793329036e-04 3.038670931504063380e-03 1.819433784970340973e-01 1.914939914320008263e-01 5.895739411761715537e-03 1.945427123514360530e-04 1.764870118319795619e-04 1.328219109418007481e-03 1.660052037758460986e-04 1.430299068241401952e-04 1.745012804584153909e-04 2.065780707829628377e-04 1.798293463394859285e-04 1.283611002344219314e-04 6.487957837951233392e-05 5.172876876186183718e-05 1.000000000000000021e-08 3.242585026045990103e-05 1.577507003896569285e-05 1.000000000000000021e-08 1.000000000000000021e-08 1.000000000000000021e-08 1.000000100000000021e-05 1.000000100000000021e-05 1.000000100000000021e-05 1.000000100000000021e-05 1.000000100000000021e-05 1.000000100000000021e-05 1.000000100000000021e-05 1.000000100000000021e-05
1.000000000000000021e-08 1.000000000000000021e-08 1.000000000000000021e-08 1.000000000000000021e-08 1.377756501788512197e-05 7.795202504172007735e-04 1.000000000000000021e-08 1.000000000000000021e-08 1.000000000000000021e-08 9.237556742610174287e-02 3.867191852767948301e-01 3.603360620058459474e-01 5.026094566358094585e-04 1.391779420418244432e-04 1.084614780618533376e-03 3.250678023410266898e-04 1.991757134344124616e-04 1.258067910795440290e-04 4.537245029018623332e-05 4.492017704847270831e-05 4.057709765538197153e-05 4.438394683418624202e-05 4.996330660899262616e-05 5.720059854660521141e-05 4.324850588084855373e-05 1.498883813192848184e-05 1.000000000000000021e-08 1.000000000000000021e-08 1.000000100000000021e-05 1.000000100000000021e-05 1.000000100000000021e-05 1.000000100000000021e-05 1.000000100000000021e-05 1.000000100000000021e-05 1.000000100000000021e-05 1.000000100000000021e-05 1.000000100000000021e-05
2.055526836428977713e-05 2.293825032223118095e-05 1.000000000000000021e-08 1.000000000000000021e-08 1.000000000000000021e-08 7.849777307643059359e-05 1.229825673411279847e-04 5.778818218178117248e-05 6.905417938820360927e-04 3.326137696782245912e-01 3.557188320154157646e-01 3.360781478739601758e-01 3.388390190267461799e-01 7.796537365307122311e-04 1.331095828656758250e-04 5.041256239204943866e-05 4.758117134834820685e-05 4.413259934804632814e-05 3.420172017146722704e-05 1.475692475056016693e-05 1.794299921479883920e-05 1.697257121751330537e-05 1.830892094416910495e-05 1.000000000000000021e-08 1.000000000000000021e-08 1.045088657094219409e-05 1.009180022662000468e-05 1.000000000000000021e-08 1.000000100000000021e-05 1.000000100000000021e-05 1.000000100000000021e-05 1.000000100000000021e-05 1.000000100000000021e-05 1.000000100000000021e-05 1.000000100000000021e-05 1.000000100000000021e-05 1.000000100000000021e-05
