output/water_depth_8520.asc
ncols 223
nrows 158
xllcorner 0.0
yllcorner 0.0
cellsize 30.0
[rows 68 to 84 of 158, columns 37 to 73 of 223]
1.000000000000000021e-08 1.000000000000000021e-08 1.000000000000000021e-08 1.306684379608234773e-05 1.000000000000000021e-08 1.000000000000000021e-08 1.120143752598274593e-05 1.382334116595301837e-05 1.000000000000000021e-08 1.000000000000000021e-08 1.000000000000000021e-08 1.000000000000000021e-08 1.000000000000000021e-08 1.000000000000000021e-08 2.051410232101681623e-05 1.000000000000000021e-08 1.000000000000000021e-08 1.816372690487148215e-05 1.753887034664922335e-05 1.000000000000000021e-08 1.000000000000000021e-08 1.000000000000000021e-08 2.740837106250911792e-05 1.371947628846107879e-03 2.768489059436846024e-04 1.000000000000000021e-08 1.000000000000000021e-08 1.000000000000000021e-08 1.000000000000000021e-08 1.000000000000000021e-08 1.000000000000000021e-08 1.000000000000000021e-08 1.000000000000000021e-08 1.000000000000000021e-08 1.000000000000000021e-08 1.000000000000000021e-08 1.000000000000000021e-08
1.000000000000000021e-08 1.000000000000000021e-08 1.000000000000000021e-08 1.000000000000000021e-08 1.000000000000000021e-08 1.000000000000000021e-08 1.000000000000000021e-08 1.000000000000000021e-08 1.326158214850407041e-05 2.351841067189592820e-05 3.097247076048425905e-05 1.000000000000000021e-08 1.000000000000000021e-08 1.910328205977151144e-05 2.267401577410201572e-05 1.000000000000000021e-08 1.000000000000000021e-08 1.351610658855085585e-05 1.000000000000000021e-08 1.000000000000000021e-08 1.122019653920855730e-05 1.000000000000000021e-08 2.332853097136075910e-05 3.658557213646862325e-05 1.531875216050943987e-04 1.036900580839289097e-03 1.000000000000000021e-08 1.000000000000000021e-08 1.000000000000000021e-08 1.000000000000000021e-08 1.000000000000000021e-08 1.000000000000000021e-08 6.275342726487688092e-05 4.297575650283023702e-04 6.757808407492273562e-04 7.287563431930834355e-04 5.712202051845799346e-04
1.000000000000000021e-08 1.000000000000000021e-08 1.000000000000000021e-08 1.000000000000000021e-08 1.000000000000000021e-08 1.000000000000000021e-08 1.000000000000000021e-08 1.219942318536726520e-05 2.799468849587576612e-05 3.020067591972430376e-05 2.746797180305538214e-05 4.342259608048807491e-05 2.595898248183239226e-05 2.204588326368225971e-05 1.882593460184088865e-05 1.974832658338012876e-05 3.997461001765683118e-05 1.000000000000000021e-08 1.000000000000000021e-08 1.000000000000000021e-08 1.000000000000000021e-08 3.868020784035343032e-05 2.105748029780489346e-05 2.987507517516285553e-05 1.000000000000000021e-08 1.000000000000000021e-08 1.000000000000000021e-08 1.000000000000000021e-08 1.000000000000000021e-08 2.686405786890146250e-05 2.649574532825719431e-05 3.162979672164524352e-04 5.261471919049028056e-04 5.441841975680674487e-04 5.208259729616445625e-04 5.744432948125898159e-04 8.103018405347995647e-04
1.000000100000000021e-05 2.463431334173991270e-05 1.000000000000000021e-08 1.000000000000000021e-08 1.000000000000000021e-08 1.000000000000000021e-08 1.000000000000000021e-08 1.000000000000000021e-08 1.153475943426778957e-05 1.022921505306623767e-05 1.423054024599005842e-05 2.418131835551546680e-05 5.788894984013795815e-05 4.476656342851822155e-05 4.121818139606727241e-05 5.252636401013908665e-05 1.492360570495485355e-04 2.976843305038317047e-04 1.611051534039369159e-04 1.095416984408872929e-04 6.866603802951612358e-05 1.174027227366730247e-04 1.666414814949012963e-03 1.346640023617615535e-04 7.694538991006067579e-05 1.000000000000000021e-08 1.000000000000000021e-08 1.079659182146275525e-05 1.349898298348553840e-05 7.827604660211759879e-05 1.668185146019804681e-04 4.157594093900009863e-04 4.510545673869175549e-04 4.047816474229903806e-04 4.036569086620265482e-04 5.063749551432339012e-04 5.594033619517323501e-04
2.618440364613060429e-05 6.060297193908700700e-05 3.859010558854363378e-05 2.140824502624389544e-05 1.000000000000000021e-08 1.000000000000000021e-08 1.000000000000000021e-08 1.090423101987076565e-05 9.285957289363290989e-05 7.907807220031414517e-05 1.000000000000000021e-08 1.000000000000000021e-08 1.080233961230205671e-04 2.058562781059235193e-04 2.302209310030574178e-04 2.389075007396398108e-04 1.979835925885536853e-04 1.640984511959926230e-04 2.016590377043934285e-04 1.897580912298365056e-04 1.551664530546297937e-04 7.902903813292466598e-05 2.071566491154063709e-04 2.193138685149962014e-04 2.059194488007443623e-04 1.000000000000000021e-08 5.812974106198411225e-04 5.216997321042395703e-04 7.139601835461413136e-04 7.005528176296337136e-04 1.057562608196474692e-03 5.513283622903814149e-04 4.456845345250888611e-04 3.652750714319700142e-04 2.767083150120022358e-04 2.166977954926380861e-04 2.555938255055407462e-04
3.415256858224091516e-05 2.333971055698317749e-05 5.008620674029910964e-05 1.000000000000000021e-08 1.000000000000000021e-08 1.000000000000000021e-08 1.024977682728829656e-05 3.047858962807486579e-05 1.194702423173338209e-04 2.112527294871302237e-04 1.447026090507968815e-04 1.737427378021385075e-04 1.534960102829256701e-04 1.592756714122465014e-04 9.581859036637587195e-05 8.350666273050266124e-05 6.141933129364037793e-05 4.629406076080581152e-05 4.063103878267312918e-05 1.633008497815815671e-04 2.115194647200752934e-04 1.862056371859341938e-04 1.561340245615899238e-04 4.681683529885363845e-04 5.692186629619364578e-04 7.590710466579175981e-04 5.228537049908064992e-04 3.007703884712256280e-04 2.205420501998135480e-04 1.889745784604372758e-04 1.267350171311972570e-04 1.032525903280534285e-04 7.526789051049212476e-05 6.208338213484673718e-05 6.565473575666604718e-05 5.285610365504544051e-05 4.697750596076715352e-05
1.059393635765953066e-04 1.354551310417308348e-04 1.448267877129805626e-04 1.659285626314726083e-04 1.907625443723599617e-04 2.752698325745172193e-04 3.050911117414387575e-04 2.864158364715275020e-04 2.159824987270744291e-04 1.000000000000000021e-08 1.000000000000000021e-08 1.000000000000000021e-08 1.000000000000000021e-08 1.000000000000000021e-08 1.000000000000000021e-08 1.595780022734621963e-05 2.064128131214750404e-05 1.877280491960430615e-05 1.188048869236578447e-05 1.257083113873110470e-05 1.000000000000000021e-08 1.358993110378420017e-04 2.656246283313585177e-04 3.675859377061805244e-04 3.730789263657937206e-05 1.000000000000000021e-08 1.000000000000000021e-08 1.000000000000000021e-08 1.422408138984723543e-05 1.880155102837810993e-05 2.208413563965596119e-05 1.775071368530871103e-05 1.501495487699438155e-05 1.476366602395830415e-05 1.821516514129678697e-05 1.550065265653284628e-05 1.000000000000000021e-08
9.985900506672212244e-04 6.362216630936902190e-05 5.255268801515604489e-05 4.717972892559250351e-05 4.137973306680642690e-05 3.176028784384000498e-05 2.783785996718872238e-05 1.000000000000000021e-08 1.000000000000000021e-08 1.000000000000000021e-08 1.000000000000000021e-08 1.000000000000000021e-08 1.000000000000000021e-08 1.000000000000000021e-08 1.000000000000000021e-08 1.012663478799369907e-05 2.175021501668251880e-05 2.550184045054578941e-05 2.520927047096091739e-05 2.504413107071302207e-05 2.574959141956878540e-05 2.873551291170386440e-05 7.749468773740695454e-05 1.732733029966464897e-05 1.000000000000000021e-08 1.000000000000000021e-08 1.000000000000000021e-08 1.101186489153145408e-05 1.485173799922745283e-05 1.405189204586324762e-05 1.154176495105502728e-05 1.964781389487763451e-05 1.664379089920873763e-05 1.644153656214737474e-05 1.185736200299948298e-05 1.000000000000000021e-08 1.000000000000000021e-08
1.676766846592436520e-05 3.135342284237004160e-05 1.000000000000000021e-08 1.000000000000000021e-08 1.252345343109823781e-05 1.000000000000000021e-08 1.000000000000000021e-08 1.000000000000000021e-08 1.000000000000000021e-08 1.000000000000000021e-08 1.000000000000000021e-08 1.000000000000000021e-08 1.000000000000000021e-08 1.000000000000000021e-08 1.000000000000000021e-08 1.000000000000000021e-08 1.483786772995900477e-05 4.702755265386231875e-05 5.005469595953326124e-05 3.827425867107896141e-05 4.439052814105943709e-05 9.913695017305757884e-05 1.630377115583536523e-05 1.205496601713831504e-05 1.000000000000000021e-08 1.000000000000000021e-08 1.000000000000000021e-08 1.000000000000000021e-08 1.000000000000000021e-08 1.000000000000000021e-08 1.000000000000000021e-08 1.000000000000000021e-08 1.585162633547040770e-05 1.926017517045177453e-05 2.058746278132403946e-05 1.579471479943686291e-05 1.467257060007801174e-05
1.324029889217810636e-05 2.345535048411481901e-05 3.186419858839616679e-05 2.219005682529618363e-05 2.584468957958655980e-05 3.666648063692607638e-05 3.350388075056295694e-05 2.705858651800916576e-05 2.325872908321941236e-05 1.734520416975920130e-05 1.628526385514007598e-05 1.537004493000847832e-05 1.882764105762277856e-05 1.760299094389758528e-05 1.898262099008226836e-05 1.693669901180094831e-05 2.620450967204999859e-05 4.309276019930435110e-05 4.772941229108269980e-05 5.817346796852500149e-05 5.471403818602602867e-05 1.270729511372203544e-04 1.028087484769447523e-04 1.000000000000000021e-08 1.000000000000000021e-08 1.000000000000000021e-08 1.000000000000000021e-08 1.000000000000000021e-08 1.000000000000000021e-08 1.000000000000000021e-08 1.319068150149785918e-05 1.452589665236198911e-05 2.003240816520024761e-05 2.480983443668731474e-05 2.809547118342160975e-05 2.710363983124695601e-05 4.009033157380380438e-05
1.276570021612923897e-05 2.186818103365513618e-05 2.974179327019023676e-05 1.000000000000000021e-08 1.317808014184237929e-05 2.278651186327669751e-05 5.004483021612483504e-05 4.229060732707009412e-05 4.202405798145890430e-05 1.000000000000000021e-08 5.094795752940302201e-05 8.037157540501843926e-05 7.825058273939043837e-05 9.649132852015165603e-05 1.101514748921224621e-04 1.072934433036482700e-04 8.624359990232409966e-05 7.361739043883917452e-05 9.520455592307597054e-05 7.880224666050120999e-05 7.339019997985330183e-05 9.262552444236802035e-05 1.564697514977311593e-04 1.000000000000000021e-08 1.000000000000000021e-08 1.000000000000000021e-08 1.000000000000000021e-08 1.615768892205254119e-05 1.527127559689923792e-05 1.597201910608697439e-05 2.015319545427755771e-05 2.152206701769667470e-05 2.147143871452016843e-05 1.000000000000000021e-08 2.023715728131472813e-05 2.700057144563790216e-05 2.244294209131943835e-05
1.570232238451760011e-05 2.491252123439919019e-05 2.790656820246738710e-05 2.649640317738587443e-05 1.925533750906562527e-05 1.653232303824556757e-05 1.352621633658089620e-05 4.506152147997726355e-05 9.550302382765401231e-05 5.666993902386544907e-05 4.990908177442667990e-05 4.137720998462642133e-05 5.579446748530486296e-05 5.529523815808638987e-05 1.000000000000000021e-08 1.000000000000000021e-08 1.000000000000000021e-08 1.123468528001549239e-05 1.938991625529097937e-05 1.000000000000000021e-08 1.000000000000000021e-08 5.964072913588197990e-05 1.506428445075679468e-04 1.000000000000000021e-08 1.000000000000000021e-08 1.000000000000000021e-08 2.004341930213283441e-05 1.786082812473283523e-05 1.000000000000000021e-08 1.278484098917631870e-05 1.914380061533493948e-05 2.174134741586031215e-05 2.385571193395663659e-05 1.000000000000000021e-08 1.000000000000000021e-08 1.000000000000000021e-08 1.000000000000000021e-08
2.310529320842961217e-05 2.786095547945008759e-05 2.275019625368445699e-05 1.000000000000000021e-08 1.000000000000000021e-08 1.000000000000000021e-08 1.000000000000000021e-08 1.005281587096043276e-05 1.688528498251221679e-05 1.000000000000000021e-08 1.000000000000000021e-08 1.000000000000000021e-08 1.000000000000000021e-08 1.000000000000000021e-08 1.000000000000000021e-08 1.000000000000000021e-08 1.000000000000000021e-08 1.201573697923770158e-05 1.233322172778504334e-05 1.385947753682045122e-05 1.000000000000000021e-08 5.052381066585964005e-05 1.468533053526173350e-04 9.915667101457170381e-05 6.022994837608391819e-05 3.535480544197266701e-05 3.985184315195595007e-05 1.955694715178863717e-05 1.000000000000000021e-08 1.163589319054698923e-05 2.032647276219690148e-05 2.540315106830426281e-05 1.000000000000000021e-08 1.000000000000000021e-08 1.000000000000000021e-08 1.000000000000000021e-08 1.000000000000000021e-08
1.000000000000000021e-08 2.012916648590723728e-05 1.000000000000000021e-08 1.000000000000000021e-08 1.000000000000000021e-08 1.000000000000000021e-08 1.000000000000000021e-08 1.000000000000000021e-08 1.000000000000000021e-08 1.000000000000000021e-08 1.000000000000000021e-08 1.000000000000000021e-08 1.000000000000000021e-08 1.000000000000000021e-08 1.000000000000000021e-08 1.000000000000000021e-08 1.000000000000000021e-08 1.000000000000000021e-08 1.000000000000000021e-08 1.000000000000000021e-08 1.000000000000000021e-08 1.000000000000000021e-08 1.000000000000000021e-08 7.916249361005101178e-05 6.467381250112598620e-05 4.874622962178519264e-05 4.474201100442763398e-05 1.000000000000000021e-08 1.000000000000000021e-08 1.000000000000000021e-08 1.000000000000000021e-08 1.000000000000000021e-08 1.000000000000000021e-08 1.000000000000000021e-08 1.000000000000000021e-08 1.000000000000000021e-08 1.000000000000000021e-08
1.000000000000000021e-08 1.815712968962924362e-05 1.084759567436390220e-03 6.295124983854907407e-05 5.254526218712021941e-05 1.000000000000000021e-08 1.000000000000000021e-08 1.000000000000000021e-08 1.000000000000000021e-08 1.000000000000000021e-08 1.000000000000000021e-08 1.269965722018459894e-05 1.912233528818092451e-05 2.689530589314096905e-05 3.532399450838225589e-05 3.541974233296896050e-05 2.856356433017301282e-05 2.314323224932190827e-05 2.096928782541281454e-05 1.370836556059051613e-05 2.032837864920769078e-05 4.948651167945186088e-05 8.677258844672659647e-05 1.368342367940879301e-04 1.822550040606645200e-04 1.414984272309470915e-04 1.505146454317758177e-04 8.731004282415257901e-05 5.601551368522915766e-05 4.444158763646074897e-05 1.000000000000000021e-08 1.000000000000000021e-08 1.000000000000000021e-08 1.000000000000000021e-08 1.000000000000000021e-08 1.000000000000000021e-08 1.000000000000000021e-08
1.000000000000000021e-08 1.108620454536213763e-05 2.182037537861540645e-05 2.431612956860041561e-05 1.000000000000000021e-08 1.000000000000000021e-08 1.000000000000000021e-08 1.000000000000000021e-08 1.000000000000000021e-08 1.000000000000000021e-08 1.000000000000000021e-08 1.000000000000000021e-08 1.000000000000000021e-08 1.000000000000000021e-08 1.000000000000000021e-08 3.242947269691341509e-05 5.400224950216106040e-05 5.052272450183997949e-05 4.418275011400335338e-05 4.374628607562090597e-05 5.179075566836881196e-05 4.487105105577584294e-05 7.419018248079286594e-05 9.040147736242918469e-05 7.510821323917721087e-05 1.525422300557466467e-04 2.098501849608816851e-04 2.611483124897058246e-04 3.015592749696382763e-04 2.215792369477242324e-04 1.711986475358562168e-04 1.000000000000000021e-08 1.000000000000000021e-08 1.000000000000000021e-08 1.000000000000000021e-08 1.000000000000000021e-08 1.000000000000000021e-08
1.000000000000000021e-08 1.000000000000000021e-08 1.242202258902581113e-05 1.967417764280044489e-05 2.214688279950863953e-05 1.000000000000000021e-08 1.000000000000000021e-08 1.000000000000000021e-08 1.000000000000000021e-08 1.000000000000000021e-08 1.000000000000000021e-08 1.000000000000000021e-08 1.000000000000000021e-08 1.000000000000000021e-08 1.000000000000000021e-08 1.000000000000000021e-08 1.000000000000000021e-08 1.000000000000000021e-08 3.500651717231951967e-05 5.256940048767445417e-05 7.346870098057424079e-05 1.000396839594275148e-04 8.297484095705747191e-05 6.628349661342682942e-05 1.000000000000000021e-08 1.000000000000000021e-08 1.000000000000000021e-08 1.000000000000000021e-08 3.208993370295179872e-05 2.330642330341110271e-04 2.673343777739685596e-04 2.261653318165567756e-04 1.000000000000000021e-08 1.000000000000000021e-08 1.000000000000000021e-08 1.000000000000000021e-08 1.000000000000000021e-08
