output/water_depth_10800.asc
ncols 223
nrows 158
xllcorner 0.0
yllcorner 0.0
cellsize 30.0
[rows 0 to 16 of 158, columns 111 to 147 of 223]
1.000000100000000021e-05 1.000000100000000021e-05 1.000000100000000021e-05 1.000000100000000021e-05 1.000000100000000021e-05 1.000000100000000021e-05 1.000000100000000021e-05 1.000000100000000021e-05 1.000000100000000021e-05 1.000000100000000021e-05 1.000000100000000021e-05 1.000000100000000021e-05 1.000000100000000021e-05 1.000000100000000021e-05 1.000000100000000021e-05 1.000000100000000021e-05 1.000000100000000021e-05 1.000000100000000021e-05 1.000000100000000021e-05 1.000000100000000021e-05 1.000000100000000021e-05 1.000000100000000021e-05 1.000000100000000021e-05 1.000000100000000021e-05 1.000000100000000021e-05 1.000000100000000021e-05 1.000000100000000021e-05 1.000000100000000021e-05 1.000000100000000021e-05 1.000000100000000021e-05 1.000000100000000021e-05 1.000000100000000021e-05 1.000000100000000021e-05 1.000000100000000021e-05 1.000000100000000021e-05 1.000000100000000021e-05 1.000000100000000021e-05
1.000000100000000021e-05 1.000000100000000021e-05 1.000000100000000021e-05 1.000000100000000021e-05 1.000000100000000021e-05 1.000000100000000021e-05 1.000000100000000021e-05 1.000000100000000021e-05 1.000000100000000021e-05 1.000000100000000021e-05 1.000000100000000021e-05 1.000000100000000021e-05 1.000000100000000021e-05 1.000000100000000021e-05 1.000000100000000021e-05 1.000000100000000021e-05 1.000000100000000021e-05 1.000000100000000021e-05 1.000000100000000021e-05 1.000000100000000021e-05 1.000000100000000021e-05 1.000000100000000021e-05 1.000000100000000021e-05 1.000000100000000021e-05 1.000000100000000021e-05 1.000000100000000021e-05 1.000000100000000021e-05 1.000000100000000021e-05 1.000000100000000021e-05 1.000000100000000021e-05 1.000000100000000021e-05 1.000000100000000021e-05 1.000000100000000021e-05 1.000000100000000021e-05 1.000000100000000021e-05 1.000000100000000021e-05 1.000000100000000021e-05
1.000000100000000021e-05 1.000000100000000021e-05 1.000000100000000021e-05 1.000000100000000021e-05 1.000000100000000021e-05 1.000000100000000021e-05 1.000000100000000021e-05 1.000000100000000021e-05 1.000000100000000021e-05 1.000000100000000021e-05 1.000000100000000021e-05 1.000000100000000021e-05 1.000000100000000021e-05 1.000000100000000021e-05 1.000000100000000021e-05 1.000000100000000021e-05 1.000000100000000021e-05 1.000000100000000021e-05 1.000000000000000021e-08 1.000000000000000021e-08 1.000000000000000021e-08 1.000000000000000021e-08 3.545544983999083469e-03 1.000000100000000021e-05 1.000000100000000021e-05 1.000000100000000021e-05 1.000000100000000021e-05 1.000000100000000021e-05 1.000000100000000021e-05 3.792806289411745864e-05 2.203409397969402486e-05 2.488256977894045291e-05 1.628438297940903187e-05 1.000000100000000021e-05 1.000000100000000021e-05 1.000000100000000021e-05 1.000000100000000021e-05
6.802508230113228573e-05 8.175338665242818878e-05 9.692939499708349649e-05 7.229097804699384467e-05 5.377662606681078814e-05 4.120659565118408896e-05 3.410485765753111954e-05 2.345207029942891826e-05 2.061141983901173416e-05 5.637504288254908925e-05 7.963341071345871405e-05 6.375918726636983444e-05 7.456142251234987479e-05 9.472599331416796408e-05 1.113428717634426486e-04 1.257133944731127109e-04 8.997929878068428944e-05 6.633133810157263040e-05 4.857585114591898536e-05 3.381157457283189780e-05 5.460071948605763157e-05 4.227581262316311254e-03 3.101709987941981064e-03 3.116163069125102371e-04 1.650878146296670137e-04 1.766609788623889376e-04 3.075629890962802829e-05 1.000000000000000021e-08 1.000000000000000021e-08 6.064977363088723842e-05 3.142687739780760677e-05 1.367194413315596018e-05 1.073661865848310393e-05 1.000000000000000021e-08 1.000000000000000021e-08 1.000000100000000021e-05 1.000000100000000021e-05
1.000000000000000021e-08 1.000000000000000021e-08 1.000000000000000021e-08 4.920936367643291104e-05 5.293018878754947310e-05 8.625197104615412824e-05 7.074000361739883754e-05 5.634710336245212306e-05 7.664892628259493989e-05 1.313952049793076684e-04 1.565412721327959569e-04 8.297649650246705587e-05 6.361638494816265624e-05 8.337532855561182864e-05 9.910445325919999416e-05 7.287621629411502233e-05 1.171303303637907925e-04 1.579664799570060761e-04 2.028330055717915642e-04 2.517917141555495457e-04 2.774813211480432664e-04 2.175480308662774412e-04 3.245335293499019159e-04 3.342134603022556012e-04 3.003617246664728449e-04 3.636553914368854013e-04 6.267109108393435052e-05 1.000000000000000021e-08 1.000000000000000021e-08 8.498750289917953913e-05 2.326562227884297501e-05 1.576554219415756130e-05 1.000000000000000021e-08 1.000000000000000021e-08 1.000000000000000021e-08 1.000000000000000021e-08 1.000000000000000021e-08
1.000000000000000021e-08 1.000000000000000021e-08 1.000000000000000021e-08 3.951412711931987334e-05 4.941086240724817681e-05 5.268344800230037454e-05 1.084666656484502880e-04 1.006308501955776533e-04 1.180239937735297128e-04 1.000000000000000021e-08 1.000000000000000021e-08 5.420285824411231448e-05 6.310935612667351524e-05 4.595220226061835225e-05 3.281289905388798145e-05 5.605415833425833160e-05 4.115029433098751091e-05 2.996735349842363430e-05 2.377510228631503320e-05 1.000000000000000021e-08 4.128687085459164971e-05 1.865172807596079485e-04 9.729626077013431990e-04 1.492003962633743110e-03 9.217140848546236716e-04 7.703109892635061438e-04 8.108333677850658103e-04 7.955503880284107380e-05 2.357811083616197646e-04 1.351268819423869991e-03 2.165536256213666680e-05 1.000000000000000021e-08 1.038603648498042026e-05 1.187911448290491762e-05 1.213594358316270693e-05 1.149574917676342951e-05 1.037427178669038338e-05
6.752446519997044991e-05 6.913687125588641657e-05 5.856981110412344912e-05 7.796740536248162603e-05 1.000000000000000021e-08 1.000000000000000021e-08 1.438587573055874151e-05 1.389113456584029679e-04 1.157300882518200413e-04 9.322611323770964645e-05 6.118965101669939747e-05 1.162621546397622915e-04 4.503704001924045371e-05 4.623547224572694628e-05 4.403010475739630369e-05 6.284743478496268836e-05 1.608234109131542397e-03 1.575945291628223343e-04 1.000000000000000021e-08 1.000000000000000021e-08 6.757544848825345501e-05 1.233366307147674545e-03 8.862183312229306251e-04 6.041715657617118115e-04 1.462814333993008161e-03 1.877823645520251220e-03 2.169375845802487372e-03 2.242853067885319709e-03 1.080609337884094225e-02 1.190476329573453236e-04 4.863043368391046617e-05 2.034566183167812781e-05 2.350918867850891429e-05 1.831548212322295672e-05 1.446963109350257890e-05 1.055617555474900655e-05 1.000000000000000021e-08
1.000000000000000021e-08 1.000000000000000021e-08 4.227670067267894809e-05 1.000000000000000021e-08 1.000000000000000021e-08 1.000000000000000021e-08 1.000000000000000021e-08 1.000000000000000021e-08 1.000000000000000021e-08 1.000000000000000021e-08 5.336931073793853731e-05 2.242697965024203653e-04 2.172405460380109226e-04 5.974404694063634690e-04 9.208233381865260679e-04 1.035904778413357027e-03 1.162230575043343662e-03 6.685911580634390505e-03 8.293360684304173277e-04 5.377654719566758333e-04 8.052847075030162118e-04 1.523238868964523277e-03 1.491988017532609669e-04 9.983787207065603097e-05 7.931256959793586377e-05 5.752382413242210067e-05 4.574385102343473200e-05 3.651106188629982068e-04 2.116115356638345168e-03 2.817307353982315696e-04 1.584019925706147059e-05 1.676251996746188212e-05 1.000000000000000021e-08 1.000000000000000021e-08 1.000000000000000021e-08 1.000000000000000021e-08 1.000000000000000021e-08
1.000000000000000021e-08 5.138105974628207420e-05 6.889128195240267047e-05 1.518825511180091326e-04 1.058449580702317628e-04 8.739820612288482535e-05 1.000000000000000021e-08 1.000000000000000021e-08 1.000000000000000021e-08 1.000000000000000021e-08 5.885436518850451501e-04 7.615063143566677684e-04 6.833174970081101404e-04 5.535967903413781211e-04 3.643280519573802645e-04 2.455533955684074282e-04 1.514787265464718861e-04 1.092758132716175983e-04 7.507073827213003783e-04 8.953274093676599028e-04 6.685550201898510236e-04 9.233975768738472570e-04 8.681076994463025952e-05 4.850608741158820745e-05 1.000000000000000021e-08 1.000000000000000021e-08 1.000000000000000021e-08 2.800528841824047975e-05 1.514244707625459190e-03 1.270525882830346801e-03 1.247609971842637765e-05 1.000000000000000021e-08 1.000000000000000021e-08 1.000000000000000021e-08 1.000000000000000021e-08 1.000000000000000021e-08 1.000000000000000021e-08
6.387599871954717458e-05 4.865512587522477479e-05 6.473029641511649022e-05 5.305794429672657767e-05 1.021579441925006245e-04 8.527648866377268298e-05 4.727414157029626593e-05 3.599918366576767903e-05 2.784368593075850647e-05 6.357220970367024812e-05 3.259418599866272578e-03 3.748195310392459195e-04 2.586977621553326130e-04 1.431796589870091728e-04 1.380470331951939909e-04 5.336563801011013112e-05 3.266125767045925378e-05 1.000000000000000021e-08 1.000000000000000021e-08 1.000000000000000021e-08 1.000000000000000021e-08 1.000000000000000021e-08 1.000000000000000021e-08 3.595334277086326049e-05 3.213081211399822760e-05 2.447864978727126993e-05 1.860794431584209823e-05 2.592417701529529947e-05 1.550548146593203839e-03 1.319522771523086793e-03 1.000000000000000021e-08 1.000000000000000021e-08 1.000000000000000021e-08 1.000000000000000021e-08 1.000000000000000021e-08 1.000000000000000021e-08 1.000000000000000021e-08
1.000000000000000021e-08 1.000000000000000021e-08 1.000000000000000021e-08 1.000000000000000021e-08 9.157864253671030351e-05 2.096506510854395774e-04 2.549403031950645904e-04 1.956885785581813310e-04 1.537723186790714578e-04 3.448885199407103410e-04 6.283172954049327016e-04 1.000000000000000021e-08 1.000000000000000021e-08 1.000000000000000021e-08 1.000000000000000021e-08 8.157550575596272426e-04 1.000000000000000021e-08 1.000000000000000021e-08 1.000000000000000021e-08 1.000000000000000021e-08 1.000000000000000021e-08 1.000000000000000021e-08 1.000000000000000021e-08 2.699299930974729533e-05 3.813210666848842757e-05 3.548743985862927057e-05 2.620524799935933043e-05 1.000000000000000021e-08 1.642796488099628827e-03 1.443705632429777806e-03 1.000000000000000021e-08 1.000000000000000021e-08 1.000000000000000021e-08 1.000000000000000021e-08 1.000000000000000021e-08 1.000000000000000021e-08 1.000000000000000021e-08
5.610139801597367168e-05 6.347202465700302028e-05 7.481112616382655034e-05 8.448226429792419893e-05 1.099220188862261018e-04 2.656043730225326896e-04 2.963340014347945971e-04 1.568265255080755240e-04 2.207479629147699254e-04 2.371220489584006854e-04 3.146089705306326064e-04 5.931248378600612606e-05 1.000000000000000021e-08 1.000000000000000021e-08 1.000000000000000021e-08 1.000000000000000021e-08 1.000000000000000021e-08 1.000000000000000021e-08 1.000000000000000021e-08 1.000000000000000021e-08 1.000000000000000021e-08 1.000000000000000021e-08 1.000000000000000021e-08 2.199881397258527906e-05 3.615236416267325809e-05 3.883213419749865749e-05 3.532049516152060568e-05 3.272303842508115579e-05 1.613847192486999281e-03 1.418913359833125698e-03 1.000000000000000021e-08 1.000000000000000021e-08 1.000000000000000021e-08 1.000000000000000021e-08 1.000000000000000021e-08 1.000000000000000021e-08 1.000000000000000021e-08
8.756603809373734711e-05 9.312055114335704333e-05 1.020524128743225989e-04 8.416303372658882355e-05 1.885990938771037238e-04 1.367325572002298627e-04 1.579199686633039369e-04 1.462174092805844123e-04 1.758970219992068724e-04 2.034389490754254400e-04 1.616648488829881022e-04 1.026640033142418710e-04 6.586842986724423122e-05 3.775147596705000534e-05 2.926519362973063903e-05 3.388080877148745882e-05 1.000000000000000021e-08 1.000000000000000021e-08 1.000000000000000021e-08 1.000000000000000021e-08 1.000000000000000021e-08 1.000000000000000021e-08 1.000000000000000021e-08 2.260177426947079606e-05 3.502950957343625553e-05 4.215110751312469507e-05 4.801470214289152243e-05 1.041019650207126979e-04 2.125959409109531590e-03 1.925607556436569967e-03 1.000000000000000021e-08 1.000000000000000021e-08 1.000000000000000021e-08 1.000000000000000021e-08 1.000000000000000021e-08 1.000000000000000021e-08 1.000000000000000021e-08
7.076008772672611824e-05 9.826359141190441179e-05 7.848053242322513092e-05 1.977738147147992240e-04 1.359012172421461865e-04 1.652776323302532051e-04 1.673564736453986334e-04 2.394392265655846349e-04 2.857728234468671718e-04 1.994352680962252640e-04 1.329780019561643020e-04 1.378888041661387816e-04 1.071862600008194447e-04 1.000000000000000021e-08 3.279734960711848748e-05 2.158160500664192468e-05 1.238948391178831525e-05 1.000000000000000021e-08 1.000000000000000021e-08 1.000000000000000021e-08 1.000000000000000021e-08 1.000000000000000021e-08 1.000000000000000021e-08 3.213331611151533992e-05 1.048202829169082818e-03 6.703385728671678787e-05 6.602366843437270033e-05 9.379317940816463606e-05 2.636285985486622532e-02 2.693042021742722211e-02 2.685507051854929897e-02 4.349261897808676596e-05 1.000000000000000021e-08 1.000000000000000021e-08 1.000000000000000021e-08 1.000000000000000021e-08 1.000000000000000021e-08
6.137397856880497766e-05 5.358104704450419121e-05 1.180642643792488534e-04 1.026091938079557472e-04 1.000000000000000021e-08 1.000000000000000021e-08 1.447162753205357228e-05 4.202016987608612634e-05 3.370743689782051457e-05 3.067320541330545420e-05 9.027640241372136495e-05 1.325169552802982816e-04 1.000000000000000021e-08 1.000000000000000021e-08 2.516795884909033476e-05 1.000000000000000021e-08 1.332505059262398465e-05 1.000000000000000021e-08 1.000000000000000021e-08 1.000000000000000021e-08 1.000000000000000021e-08 1.000000000000000021e-08 2.539290794503890246e-05 3.547460775384127105e-05 1.000000000000000021e-08 4.946977720376581248e-05 1.000000000000000021e-08 1.087717005692042372e-05 2.532989571145767907e-02 2.674839854647042062e-02 2.676102444433114957e-02 3.444050285978360608e-04 3.957974061328743524e-05 1.000000000000000021e-08 1.000000000000000021e-08 1.000000000000000021e-08 1.000000000000000021e-08
2.544892782940098754e-05 2.287926126760990846e-05 2.232928209957912172e-05 2.008298937335390236e-05 1.082517501597528117e-05 1.000000000000000021e-08 1.000000000000000021e-08 1.000000000000000021e-08 1.000000000000000021e-08 1.000000000000000021e-08 8.457723121756589998e-05 1.702574119887009330e-04 1.905782777778978825e-04 1.605202747160888407e-04 3.751911938052001662e-04 4.381747227197284062e-04 4.013671927973995945e-04 2.679550574181097686e-04 1.780585817340495580e-04 1.142572461510592258e-04 7.636019487173765054e-05 7.113333386645796980e-05 4.081840889787119789e-05 3.778406666879706590e-05 2.701208276318377264e-05 3.874181775528080237e-05 1.000000000000000021e-08 1.000000000000000021e-08 1.941216212596347940e-02 2.303248411864558445e-04 2.949318120586619176e-04 3.922987107341866365e-04 5.494731052863389758e-04 5.490868496623019495e-04 5.314182099664043705e-04 5.794131000474370000e-04 4.748610872504562420e-04
1.169789883569995114e-05 1.053941737100176507e-05 1.075658931860068534e-05 1.000000000000000021e-08 1.000000000000000021e-08 1.000000000000000021e-08 1.000000000000000021e-08 1.000000000000000021e-08 1.000000000000000021e-08 1.000000000000000021e-08 1.000000000000000021e-08 1.887413496487687269e-05 1.000000000000000021e-08 1.282357833763255676e-04 1.093161281327509999e-04 8.514605711441908438e-05 6.815061383180927822e-05 1.616475152465698354e-04 2.145300898129491997e-04 2.035346261885963976e-04 2.301082753115372395e-04 4.525384068416770159e-05 3.888653422728313860e-05 3.816989363093516017e-05 3.451669311190952736e-05 3.911221317644342433e-05 2.510577591378924118e-05 2.831860328096494697e-03 3.365616216406606270e-03 1.064215248775319065e-05 2.840978370191109102e-05 3.310705225025238320e-05 4.498384076204461299e-05 1.000000000000000021e-08 1.000000000000000021e-08 1.000000000000000021e-08 1.000000000000000021e-08
