output/water_depth_960.asc
ncols 223
nrows 158
xllcorner 0.0
yllcorner 0.0
cellsize 30.0
[rows 34 to 50 of 158, columns 111 to 147 of 223]
2.803436326436358709e-03 1.829892901052681316e-03 8.645047281272447929e-04 1.094240525179872693e-03 1.317237770848356682e-03 9.132047103970985374e-03 3.907880646013095309e-03 3.445152878005421776e-03 2.688217952887123410e-02 2.109752881754823478e-02 1.597738811190859212e-02 1.331056410775412029e-02 1.344801350790797261e-02 1.703442323162883756e-02 1.530790221752417225e-02 2.409457448304578187e-03 2.403522004373486766e-03 2.053488756212067806e-03 3.635930333307581946e-03 4.562667704711461346e-03 6.429287557289532773e-03 7.851729099396412975e-03 8.721206311505315042e-03 9.007573676338812702e-03 9.117066864822420333e-03 8.458563925963547697e-03 8.434345377585059783e-03 8.805009048031506649e-03 9.244408392108681427e-03 2.033376315609633500e-02 2.452512313553981832e-02 4.608993961470807255e-02 2.871138126935779758e-02 1.064291296643033249e-02 9.897874237761724453e-03 9.853197039168233931e-03 9.720114548266361315e-03
2.211797919059856586e-03 1.596640992780810984e-03 1.668931513829627518e-03 1.501001025246793442e-03 1.017724329038584155e-03 6.605317449509030565e-04 2.891845817583061674e-03 1.545446179206297170e-03 1.334910400528906615e-03 1.031954611938436066e-02 1.275768242600317307e-02 1.233941805179123059e-02 1.274147437521428242e-02 1.445915369007119353e-02 1.404852234312117983e-02 8.736105155853138640e-03 5.133169078888943915e-03 4.512969291712153053e-03 5.599543010682096061e-03 6.335752128819282548e-03 6.880237444357099712e-03 8.444821771430298038e-03 9.201344604374325081e-03 9.506125656556405415e-03 9.625470433532911513e-03 9.273983689794049537e-03 9.049629059412412496e-03 9.102683662998543521e-03 9.319328978548157422e-03 3.262163448054162390e-02 3.965575953916692514e-02 2.943210912015594913e-02 1.789897070855504119e-02 1.077637808797477816e-02 9.908960351307114986e-03 9.891341091891749093e-03 9.830827066738063308e-03
6.657616049739426868e-03 4.210416185656803978e-03 2.865636467770440836e-03 2.252711426694877037e-03 1.280617693634138361e-03 1.235027282748781072e-03 1.824576760123684978e-03 2.420362732563462703e-03 1.382707333214694499e-03 6.438304545209491865e-03 1.821977040219905156e-02 2.987006843163621250e-02 3.121861390619347018e-02 4.331387265784157614e-02 3.935599706397432951e-02 2.272360582231479006e-02 1.346441343606196057e-02 9.923938297392373084e-03 8.292722744530262730e-03 9.380705317478425093e-03 8.711365565247012818e-03 2.879466991340469406e-02 5.693858971402144392e-02 7.257823545977183655e-02 8.154315166605877185e-02 8.586299971132899111e-02 8.656591742795896605e-02 8.730367581946076039e-02 8.796921916840769184e-02 7.261261968751324403e-02 6.706224138187619199e-02 4.077060952411355049e-02 2.339902120278184589e-02 2.002707928920864633e-02 9.912396030298196645e-03 9.905442701059224975e-03 9.878603869159204368e-03
9.579728348908685825e-03 1.155183405963231338e-02 3.460973176097050571e-03 2.524259163024082566e-03 2.051112562431822370e-03 1.671349197409547835e-03 2.485698187744550102e-03 1.823738403436477029e-03 2.757779966780761483e-03 3.470180723105899603e-03 2.156430678811353027e-03 8.705640473269629816e-04 5.005841413842043557e-03 2.692132612898608893e-03 7.457316150920114371e-03 1.411757352892302822e-02 1.293421734615870893e-02 7.595027621082646452e-02 7.045705402204920087e-02 6.642554239658143844e-02 6.476957907324218389e-02 4.774396502280692234e-02 2.449148813842250832e-02 1.455578132280018963e-02 1.087912767632909228e-02 9.768380421700582558e-03 7.604658302546709291e-03 7.761947777120014984e-03 8.268463677338732179e-03 4.359098227070692250e-02 9.770544613255290056e-02 1.152102877320285157e-01 9.609318505331350402e-02 6.936911669821654858e-02 9.913475498191043692e-03 9.910571883286626096e-03 9.898560930135800670e-03
2.059835352123038851e-02 1.553756388705872932e-02 9.598777831888581635e-03 5.752789212787112055e-03 4.012479516499593314e-03 2.782900662632809344e-03 3.738772725683390998e-03 3.427841396460130832e-03 2.777907006865732407e-03 4.359534559004039217e-03 2.911689545327314846e-03 3.433854305781927629e-03 3.892647182410890160e-03 3.195916274848979981e-03 5.445441698074616858e-03 4.703830094207071821e-02 1.086487336388117786e-01 6.953147748987442700e-02 1.485743301700794862e-03 1.622460190128117508e-03 2.426289613269518378e-03 2.955013729713113543e-03 4.318337964771502488e-03 4.951643682540579974e-03 6.802097940211587410e-03 5.970760158773600473e-03 6.247866590395944296e-03 6.625647291396974392e-03 7.040274881304446966e-03 7.376728580114589109e-03 7.620842568652305866e-03 8.770181862722718075e-03 6.069656288943527100e-02 1.333322059084383060e-01 9.656243995401064817e-02 9.470375785848569872e-03 9.656819316584790147e-03
7.928539865464115377e-02 8.420833450374791418e-02 5.923413248441105478e-02 3.028366693054843767e-02 1.611828181570084187e-02 9.769078868278968306e-03 6.781500004336957210e-03 5.636982677795638642e-03 5.612188386597639043e-03 5.849158448503230349e-03 5.808164726923684650e-03 5.302500083173178336e-03 5.789660725989371343e-02 9.119108619495576440e-02 7.771323309138969404e-02 3.648121763074735346e-02 3.465140015510374816e-02 3.176638491184978399e-03 2.406662986146649533e-03 9.905419448387800790e-04 1.875395413299950657e-03 2.970505746914036717e-03 4.569765031564173088e-03 5.353112044589655033e-03 5.153712238342232632e-03 5.007135229092029433e-03 5.508020170661247043e-03 5.532321146347634298e-03 6.314065510181110681e-03 6.453550053387095697e-03 6.423300011495964613e-03 6.386819313396275254e-03 6.167404198261947253e-03 5.919999567133600940e-03 1.041873199969108876e-01 5.615209112948022635e-02 2.936471496221524854e-02
5.979102069007722307e-03 6.168851860134313969e-03 3.058381561303940080e-02 5.676130110901420056e-02 6.678057765382584832e-02 7.116152316414141310e-02 3.727505607460764731e-02 3.922612906313437814e-02 6.084651861877640733e-02 7.342690336721129085e-02 8.142178080831952158e-02 1.277788535130968683e-01 6.009900949296346356e-02 5.168231776320629522e-02 1.136994169644027454e-03 2.489522228377227808e-03 1.360607216910527740e-03 1.740536719506850794e-03 1.891149950302897743e-03 1.010558541344960771e-03 1.697521428972788293e-03 3.144638433497193818e-03 3.723621739690249465e-03 4.658384297859343749e-03 3.339855812790296086e-03 3.032670721019986235e-03 4.445701591127336136e-03 5.142239127144690447e-03 5.786253422487361818e-03 5.476113352718610730e-03 5.438967721119115223e-03 4.701115660892059463e-03 3.581992554289657130e-03 3.515145153188168649e-03 3.972509830417836861e-03 2.365261649407381095e-02 4.683121944261969122e-02
4.067428027477483499e-03 2.553785380775508602e-03 2.950649035352865667e-03 3.285982971255149883e-03 4.613788523061088977e-03 4.138105280000639423e-03 4.050200232336323425e-02 3.938318622682032699e-02 2.143578567386933420e-02 1.444616029960664808e-02 1.375116371803735728e-02 6.088709427254744566e-02 2.985324189487915947e-03 1.576189907884950137e-03 1.141945747908328698e-03 9.807587530943399044e-04 3.921704451349390620e-04 8.956937461248770833e-04 2.055330487452879020e-03 8.945966848986123231e-04 2.715171417088101634e-03 2.144891454270236343e-03 3.763626931390498531e-03 3.195222198326866381e-03 2.476104447114291576e-03 1.647767104322836679e-03 4.230554897660874537e-03 5.035244385964177637e-03 4.906529934980083558e-03 4.178685833665270188e-03 3.674407624700502459e-03 3.401280327824781659e-03 2.993360654625688757e-03 2.002306459229022135e-03 2.302290973123938874e-03 3.468146342039962835e-03 3.132616633718723724e-03
1.948027823049119922e-03 2.239254467995192930e-03 1.892546524415199142e-03 1.842773638645891620e-03 1.576264276568173275e-03 1.891105246649010590e-03 1.338324867095219521e-03 2.096554573441387296e-03 5.388500655837032312e-03 8.841206889227912549e-03 1.364161681297767180e-02 4.554983488229549793e-02 2.958499407946497614e-03 1.489008948021481411e-03 6.185604945651422982e-04 6.095404363417335734e-04 3.534828601254062981e-04 9.003579211352928918e-04 7.727349185139892242e-04 1.574534396445850153e-03 1.763321706076396555e-03 2.756015564668098852e-03 2.426748946073579993e-03 3.477195309181660074e-03 5.371871235450302769e-03 4.575854012714035413e-03 7.175365316511977606e-03 6.956813958567271625e-03 4.768374701462666301e-03 3.972926361657048815e-03 3.896071704351098796e-03 3.353444914104791556e-03 2.858954032234054757e-03 3.948169434272078004e-03 3.952707269925991897e-03 3.470984304352597253e-03 2.890048299019369691e-03
1.049145424720861154e-03 5.347116413552546006e-04 7.739349644691885348e-04 5.418295402099722064e-04 1.055794499723297772e-03 8.799055720337076733e-04 4.734505128498710117e-04 4.115553500893808512e-04 1.054351191020639483e-02 1.394272210412375937e-02 1.925379576262779488e-02 2.864438654090329522e-02 3.035929201684724188e-03 1.945290886757966445e-03 5.989324224226957177e-04 6.615593321670953019e-04 3.047464030839494640e-04 6.731867884825879118e-04 3.085748268564894635e-04 1.309419328416219601e-03 2.241666823814277877e-03 2.294487755207728821e-03 2.385878998812547992e-03 2.091122586626908020e-03 4.217007602862156944e-03 1.178768835034438474e-02 8.439666716016003614e-03 5.496432961184327323e-03 6.273146818057157882e-03 4.439935949902806475e-03 3.693608042380941339e-03 2.581185271924549014e-03 3.086132155310669818e-03 2.206700118592278600e-03 1.367670449502416709e-03 1.640679977562133811e-03 1.459973293996354648e-03
3.839257926492838503e-04 3.739732842032733205e-04 4.294432160776602688e-04 4.027895792521767374e-04 1.359672292739126751e-04 3.199381484315375946e-04 2.791337766919620871e-04 3.391816054705762678e-04 2.284114684523861488e-02 2.015895872157992541e-02 2.587457242732193671e-02 5.241181046488644669e-03 3.399378814322685880e-03 2.968400593841408718e-03 3.016408360766083285e-04 6.019308268095862691e-04 1.479035091128114458e-03 1.382844205546250637e-03 2.275125408456639409e-03 3.007933672141227185e-03 2.425140328890431057e-03 2.234698519080332343e-03 1.949479350463348068e-03 1.304504270408308976e-03 1.414074793291646322e-03 1.427079113200080320e-03 1.228524351026106989e-03 9.239183965117017542e-04 1.614884636543805103e-04 4.088937735656641244e-04 8.266319786520472937e-04 8.995937247383318115e-04 4.390598256758511484e-04 6.447942454625772051e-04 1.576980380094943112e-03 2.405749067363841063e-03 2.432565196154779300e-03
8.000855657192356384e-04 8.624851234389299421e-04 3.432491765500349061e-04 7.519227194338813126e-04 7.922704176177248819e-04 1.422773650873787382e-03 2.355198254381829157e-02 7.664814097758869404e-02 4.959116232369600863e-02 2.138853858517833148e-02 3.030845235692813684e-03 3.859009205812781798e-03 4.596283982241348640e-03 3.578472134293304418e-03 2.861289585594720543e-04 6.020717539013058879e-04 1.432857766501796550e-03 1.280047204532127648e-03 7.344093063088438442e-04 7.951520061112656067e-04 6.244361220893193632e-04 4.522627506319746964e-04 4.166245227134876615e-04 4.020543197533001686e-04 3.520978079507653736e-04 3.292516135728892966e-04 3.715637411694683485e-04 6.118496098813528067e-04 1.221740521887742462e-03 1.137510317288632430e-03 1.331552682654297626e-03 5.524396157930011077e-03 1.655432520762003049e-02 1.762643322177383925e-02 2.544386324612623457e-02 1.243871524329231114e-02 7.557201755466084157e-03
1.357323104825619228e-03 1.452119232292286080e-03 1.449360340177379119e-03 1.852289900708969927e-02 4.191140099750297748e-02 5.231202672977302431e-02 5.589066456066978800e-02 6.399613103082647803e-02 3.011201010756023484e-03 2.126212702857386162e-03 1.398540771693047987e-03 2.281908653585807464e-03 2.926584678175405459e-03 6.261859796527153958e-03 2.551412159041188720e-04 1.978701016012714836e-03 1.671185522549007048e-03 1.866730096708866214e-03 2.021529797876924026e-03 1.663301942709733902e-03 1.787598024675047213e-03 1.375919986054170143e-03 1.687390355798086073e-03 1.205232685459213787e-03 1.401560467544443311e-03 1.446724881693824214e-03 1.389031760112879746e-03 9.537596670426667922e-03 6.026681938539592276e-03 5.118688108910727369e-03 3.346511608986646197e-03 2.234561026580839799e-02 1.201609636050569516e-02 1.807237700906964492e-02 9.870851103235529431e-03 2.495894736240183293e-02 2.454613127004745890e-02
4.326480025062396512e-02 5.421930511655447676e-02 6.069312976021330047e-02 4.805313455168470221e-02 2.677343842536495863e-02 1.564733437865791638e-02 3.281055288611847004e-02 1.043636523964596927e-02 2.768255430156903001e-03 2.636153727342869114e-03 1.802655024780558260e-03 3.320045806917106684e-03 3.231873961205787831e-03 3.141552481797899032e-03 2.555116956744319691e-03 1.592176490303356994e-03 3.857842007798976958e-03 1.603184782209822815e-02 2.139752459981006730e-02 1.225328047908808178e-02 7.609731991527686132e-03 5.156600992006177622e-03 2.232683351974117103e-02 3.692981054665121082e-02 3.215752245360199713e-02 4.514912364051355820e-02 5.110788217918326576e-02 3.366217947284096124e-02 4.727947973595270081e-02 5.589625723965380155e-02 5.847832335978587343e-02 2.594248804812766124e-02 1.929094640144274689e-02 9.292614739551915623e-03 1.023520796166538759e-02 6.400341713791828958e-03 6.517564144763846740e-03
2.270205766976888390e-02 1.347136591765487647e-02 8.696690014056009804e-03 8.384871576592843254e-03 7.126967358853166477e-03 4.298265625014549562e-03 4.422559164758377466e-03 1.474116409922821003e-02 2.517264980966142044e-03 2.267409913580889936e-03 3.077061026802914347e-03 2.687079747192342057e-03 2.768974154675033633e-03 2.124742832518071185e-03 1.898639063197609615e-03 2.142485873175368778e-03 7.044855589110280564e-03 1.036222694876927537e-02 2.065033283499011912e-02 4.060963295527448419e-02 2.340432802849751887e-02 2.998538491298588168e-02 1.771266108827989835e-02 1.630581235989079017e-02 2.676384229760512407e-02 1.553475966315117675e-02 1.045020298842340260e-02 1.988740538431094801e-02 1.276711265103297292e-02 8.771754047761735201e-03 6.567050539953124370e-03 1.112369263247450432e-02 1.210502200151573025e-02 1.105949143037466588e-02 4.690460432112024576e-03 2.611049302431936968e-03 4.352285869029092619e-03
4.665330498160092688e-03 3.314457879864001789e-03 3.522404775189791077e-03 3.816387818890929103e-03 2.821912573618055170e-03 2.076895359138030122e-03 2.294553615812875477e-03 4.537800868290608504e-03 2.921869065988076664e-03 1.766185300228736814e-03 1.894237854313145404e-03 1.993554284170291711e-03 1.268101969686658004e-03 1.596253319489493623e-03 5.474373450021002493e-03 4.246510323472659464e-03 6.080576853453832642e-03 1.112083941349743636e-02 9.636844448122254894e-03 8.506668404343114762e-03 3.564369695966508600e-02 3.460575855995821903e-02 2.965640990268044938e-02 1.566854589537555742e-02 8.737167562749243582e-03 5.967342641321200618e-03 4.177385536120169565e-03 4.625248823753445003e-03 5.214018829783212579e-03 6.713506531478189744e-03 3.869022646905395744e-03 1.789215376640717562e-03 1.481106926590026324e-03 9.609384395758082884e-03 7.241501826238597520e-03 4.983492120642809067e-03 3.022701615986105039e-02
1.871012061545342412e-03 1.957364970028381470e-03 1.699726679310963745e-03 2.583342270692873255e-03 4.171065193184203394e-04 1.003240440034750252e-03 1.362268272300460855e-03 1.523435561428113268e-03 1.714074010196623169e-03 1.201816159319020298e-03 2.352133079834910559e-03 1.705220355841589614e-03 2.330287536902293788e-03 1.021660123305599514e-02 1.248713468680874399e-02 2.428546638410985711e-02 2.584269585246406348e-02 1.402241110953297495e-02 8.611639373259568145e-03 5.327132350945259012e-03 4.308094413311736558e-03 2.801718110855637087e-03 2.916955605773592468e-03 2.724278138909080969e-03 3.311935363002495476e-03 2.963415448797995788e-03 3.466696401515109369e-03 3.117838703553630231e-03 5.111200052105854125e-03 6.203144826518616414e-03 1.574054337307060139e-02 2.523510400989701849e-02 3.395059145515411103e-02 3.323799684014201034e-02 4.644144919166879465e-02 5.949136337048311490e-02 6.078582112640233681e-02
