output/water_depth_6840.asc
ncols 223
nrows 158
xllcorner 0.0
yllcorner 0.0
cellsize 30.0
[rows 85 to 101 of 158, columns 185 to 221 of 223]
3.085142758220630189e-05 2.487051572779076214e-05 1.000000000000000021e-08 1.000000000000000021e-08 1.000000000000000021e-08 1.000000000000000021e-08 8.289802510365289071e-04 2.562226132227116149e-01 2.518765665306718082e-01 2.562714607228520070e-01 3.693134501015167548e-03 1.977321726884358026e-03 1.000000000000000021e-08 1.000000000000000021e-08 2.668925585819358109e-05 1.636104750910274256e-05 1.000000000000000021e-08 1.000000000000000021e-08 1.000000000000000021e-08 1.000000000000000021e-08 1.000000000000000021e-08 3.295387914647815864e-05 3.182511641390516879e-05 3.178438024560108460e-05 3.562600376088037471e-05 4.171068594088438679e-05 4.228240729359085496e-05 4.603206801316307674e-05 2.773460273695853821e-05 1.299378841893636456e-05 1.000000100000000021e-05 1.000000100000000021e-05 1.000000100000000021e-05 1.000000100000000021e-05 1.000000100000000021e-05 1.000000100000000021e-05 1.000000100000000021e-05
2.338131027871831897e-05 3.048297149155931811e-05 1.000000000000000021e-08 1.000000000000000021e-08 1.000000000000000021e-08 1.000000000000000021e-08 8.849311871812671375e-05 2.114379395323695288e-01 2.093779913329590625e-01 1.029106449012651614e-03 9.884959363965952883e-04 3.868061421922719097e-04 4.686337299048271959e-05 3.072520520940924727e-05 1.704319751162530652e-05 1.523186970854426402e-05 1.261797257300400781e-05 1.000000000000000021e-08 2.526777019029217915e-05 2.024477498133935390e-05 1.000000000000000021e-08 1.000000000000000021e-08 1.283644564516990286e-05 1.770704116911421116e-05 1.751178227976521928e-05 1.451895015697895013e-05 1.246886178560756650e-05 1.000000000000000021e-08 1.000000000000000021e-08 1.000000000000000021e-08 1.000000000000000021e-08 1.000000100000000021e-05 1.000000100000000021e-05 1.000000100000000021e-05 1.000000100000000021e-05 1.000000100000000021e-05 1.000000100000000021e-05
2.199835190683440705e-05 1.000000000000000021e-08 1.000000000000000021e-08 1.000000000000000021e-08 1.000000000000000021e-08 1.000000000000000021e-08 1.000000000000000021e-08 1.240334478778881838e-01 1.228565659838491836e-01 2.984504763104176318e-05 1.139735232392432585e-05 1.148492154154603390e-05 1.000000000000000021e-08 1.000000000000000021e-08 1.000000000000000021e-08 1.000000000000000021e-08 4.572434848536865911e-05 2.106207481660117616e-05 1.502834033774441222e-05 1.000000000000000021e-08 2.583182710086015285e-05 2.392888628100494098e-05 2.240476510835491807e-05 1.872658943465152926e-05 1.090468549196180587e-05 1.000000000000000021e-08 1.000000000000000021e-08 1.000000000000000021e-08 1.000000000000000021e-08 1.000000000000000021e-08 1.000000000000000021e-08 1.000000100000000021e-05 1.000000100000000021e-05 1.000000100000000021e-05 1.000000100000000021e-05 1.000000100000000021e-05 1.000000100000000021e-05
2.688827222899433893e-05 2.352408166524490654e-05 2.033203838810800456e-05 1.864505464000147574e-05 1.985521739384514910e-05 1.000000000000000021e-08 2.093881737468836831e-05 1.834152817434374638e-01 7.153550693294354057e-02 2.712590090648977169e-05 1.688706245635039364e-05 1.000000000000000021e-08 1.000000000000000021e-08 1.000000000000000021e-08 1.000000000000000021e-08 2.614604737826696523e-04 2.984314796238530035e-03 4.707034280359197875e-05 1.000000000000000021e-08 1.000000000000000021e-08 6.187813279324113117e-05 5.538231890633312339e-05 4.916152485990679688e-05 2.759970621600526928e-05 2.323017992868273480e-05 2.229358904228789226e-05 1.907218639810857026e-05 1.431437790575228502e-05 1.000000000000000021e-08 1.000000000000000021e-08 1.000000000000000021e-08 1.000000100000000021e-05 1.000000100000000021e-05 1.000000100000000021e-05 1.000000100000000021e-05 1.000000100000000021e-05 1.000000100000000021e-05
7.811060544255010783e-05 1.014316843305395266e-04 7.341608686840415607e-05 5.528221908202005292e-05 4.503576918392537983e-05 4.820674379621469539e-05 5.635518196802430586e-05 1.547283555609442474e-01 1.086819200376007988e-01 7.601503962192090449e-04 1.069164151349264662e-05 1.000000000000000021e-08 1.000000000000000021e-08 9.388790894178169490e-05 1.438028126726202552e-04 2.854364208294788720e-04 1.000000000000000021e-08 2.172596443522784580e-05 3.837661433556593862e-05 4.737462951858421059e-05 5.781681373103114208e-05 4.891903560269345882e-05 4.110186398913554391e-05 5.027030403269154465e-05 5.341088976535868005e-05 5.301931030527547492e-05 6.378503807757033943e-05 6.281549582974926187e-05 4.349838122873984962e-05 2.707746285213848806e-05 1.561221840998230196e-05 1.000000100000000021e-05 1.000000100000000021e-05 1.000000100000000021e-05 1.000000100000000021e-05 1.000000100000000021e-05 1.000000100000000021e-05
6.004864642183688065e-05 5.790860728303972086e-05 8.103430143833641999e-05 1.198921979511685285e-04 1.204383087206766824e-04 1.156528969538387545e-04 1.000000000000000021e-08 1.749801424786907034e-01 1.881911945535215680e-01 7.433559597571473597e-04 1.348375052943377233e-05 1.000000000000000021e-08 1.000000000000000021e-08 1.000000000000000021e-08 1.465279618418537512e-04 1.378114220711806036e-04 1.000000000000000021e-08 1.000000000000000021e-08 1.000000000000000021e-08 1.000000000000000021e-08 1.000000000000000021e-08 1.000000000000000021e-08 3.241717624854506704e-05 1.000000000000000021e-08 1.000000000000000021e-08 3.929331799015229460e-05 1.000000000000000021e-08 1.000000000000000021e-08 1.000000000000000021e-08 1.000000000000000021e-08 1.000000100000000021e-05 1.000000100000000021e-05 1.000000100000000021e-05 1.000000100000000021e-05 1.000000100000000021e-05 1.000000100000000021e-05 1.000000100000000021e-05
1.000000000000000021e-08 1.000000000000000021e-08 4.116863886543173763e-05 3.385349825491259178e-05 1.115751451438190030e-04 1.250677230724069901e-04 3.009738939191965168e-03 3.692727047202331581e-01 8.635016224557194586e-02 2.982291756688166382e-05 1.052663073162936912e-05 1.013091025242174298e-05 1.000000000000000021e-08 1.000000000000000021e-08 1.000000000000000021e-08 1.124390127563387629e-04 1.000000000000000021e-08 1.000000000000000021e-08 1.000000000000000021e-08 1.309737021558054475e-05 1.652612887635010008e-05 2.329847730690131531e-05 2.632830295137702050e-05 1.000000000000000021e-08 1.000000000000000021e-08 1.000000000000000021e-08 1.000000000000000021e-08 1.000000000000000021e-08 1.000000000000000021e-08 1.000000000000000021e-08 1.000000100000000021e-05 1.000000100000000021e-05 1.000000100000000021e-05 1.000000100000000021e-05 1.000000100000000021e-05 1.000000100000000021e-05 1.000000100000000021e-05
1.000000000000000021e-08 1.000000000000000021e-08 1.000000000000000021e-08 1.000000000000000021e-08 1.000000000000000021e-08 5.796692194650454572e-05 2.368393559256591987e-04 3.014466874910943783e-01 3.153914781467605927e-02 1.000000000000000021e-08 1.855721756480130052e-05 1.008805174496696804e-05 1.000000000000000021e-08 1.000000000000000021e-08 1.000000000000000021e-08 1.000000000000000021e-08 1.000000000000000021e-08 1.000000000000000021e-08 1.000000000000000021e-08 2.597390938486443586e-05 2.708616340396225429e-05 1.624841525636209347e-05 1.000000000000000021e-08 1.000000000000000021e-08 1.000000000000000021e-08 1.000000000000000021e-08 1.000000000000000021e-08 1.000000000000000021e-08 1.000000000000000021e-08 1.000000000000000021e-08 1.000000100000000021e-05 1.000000100000000021e-05 1.000000100000000021e-05 1.000000100000000021e-05 1.000000100000000021e-05 1.000000100000000021e-05 1.000000100000000021e-05
1.000000000000000021e-08 1.000000000000000021e-08 1.000000000000000021e-08 1.000000000000000021e-08 1.000000000000000021e-08 1.000000000000000021e-08 1.000000000000000021e-08 1.350108976572358399e-01 2.732645875307651018e-01 2.088602042397589512e-03 1.061705762745252829e-05 1.256786825628751562e-05 1.169933171298483483e-05 1.000000000000000021e-08 1.000000000000000021e-08 1.000000000000000021e-08 1.000000000000000021e-08 1.000000000000000021e-08 1.000000000000000021e-08 1.000000000000000021e-08 1.000000000000000021e-08 1.000000000000000021e-08 1.000000000000000021e-08 1.000000000000000021e-08 1.000000000000000021e-08 1.000000000000000021e-08 1.000000000000000021e-08 1.000000000000000021e-08 1.000000000000000021e-08 1.000000000000000021e-08 1.000000100000000021e-05 1.000000100000000021e-05 1.000000100000000021e-05 1.000000100000000021e-05 1.000000100000000021e-05 1.000000100000000021e-05 1.000000100000000021e-05
1.348558368157714167e-05 2.047263975069996925e-05 3.839728516052225545e-05 4.075746883649538624e-05 4.459348429001814049e-05 6.152967255623566548e-05 9.554082046763003066e-05 1.952633686937067237e-01 1.811030679365993878e-01 1.727230345523201585e-03 1.000000000000000021e-08 1.000000000000000021e-08 1.016673273482626873e-05 1.000000000000000021e-08 1.000000000000000021e-08 1.000000000000000021e-08 2.067333282212125591e-05 1.000000000000000021e-08 1.000000000000000021e-08 1.000000000000000021e-08 1.000000000000000021e-08 1.000000000000000021e-08 1.000000000000000021e-08 1.000000000000000021e-08 1.000000000000000021e-08 1.000000000000000021e-08 1.000000000000000021e-08 1.000000000000000021e-08 1.000000000000000021e-08 1.000000000000000021e-08 1.000000100000000021e-05 1.000000100000000021e-05 1.000000100000000021e-05 1.000000100000000021e-05 1.000000100000000021e-05 1.000000100000000021e-05 1.000000100000000021e-05
9.394789295766802720e-05 1.247579410003921076e-04 1.123144174014764694e-04 1.185547820142311524e-04 1.402650461718391516e-04 1.322343087887854567e-04 1.291586867127172749e-04 7.025764034892181820e-02 2.389876515571421889e-01 8.064422939949809086e-04 4.169715256460105945e-05 4.457834934204899429e-05 4.104010583806898797e-05 1.000000000000000021e-08 1.000000000000000021e-08 2.508320996313866572e-05 2.795900091475092523e-05 1.732729645875637307e-05 1.000000000000000021e-08 1.000000000000000021e-08 1.000000000000000021e-08 1.000000000000000021e-08 1.000000000000000021e-08 1.000000000000000021e-08 1.000000000000000021e-08 1.000000000000000021e-08 1.000000000000000021e-08 1.000000000000000021e-08 1.000000000000000021e-08 1.000000000000000021e-08 1.000000100000000021e-05 1.000000100000000021e-05 1.000000100000000021e-05 1.000000100000000021e-05 1.000000100000000021e-05 1.000000100000000021e-05 1.000000100000000021e-05
2.107261834982007530e-05 2.954309653224649910e-05 9.351321794942875202e-05 1.123842959050890331e-04 1.624930190496840757e-04 1.535927895837598683e-04 8.998076252689788182e-04 1.280359233433408794e-01 1.894495347154002141e-01 6.251423138886833550e-04 1.000000000000000021e-08 1.000000000000000021e-08 1.000000000000000021e-08 6.611435134977608008e-05 4.465392067965145523e-05 5.322475221575034485e-05 4.287510662441436089e-05 3.050002166641380675e-05 2.020087973963485573e-05 1.576551593105435787e-05 1.000000000000000021e-08 1.000000000000000021e-08 1.000000000000000021e-08 1.000000000000000021e-08 1.000000000000000021e-08 1.000000000000000021e-08 1.000000000000000021e-08 1.000000000000000021e-08 1.479229918159420729e-05 1.000000000000000021e-08 1.000000100000000021e-05 1.000000100000000021e-05 1.000000100000000021e-05 1.000000100000000021e-05 1.000000100000000021e-05 1.000000100000000021e-05 1.000000100000000021e-05
1.000000000000000021e-08 1.000000000000000021e-08 5.237102893521758851e-05 1.518868508178186801e-04 1.912787328585210684e-04 1.830746229702507190e-04 1.138931912386945827e-02 2.650066355324044998e-01 1.300584041886505005e-01 6.460686386593677633e-05 1.000000000000000021e-08 1.000000000000000021e-08 1.366036390297062190e-04 1.335742971407100326e-04 2.337313473030306699e-04 1.610577152192789159e-04 6.196400295572303306e-05 5.253436829053732430e-05 5.150693510411106471e-05 2.124079401669953432e-05 1.254100833884936339e-05 1.000000000000000021e-08 1.000000000000000021e-08 1.000000000000000021e-08 1.000000000000000021e-08 1.000000000000000021e-08 1.000000000000000021e-08 1.000000000000000021e-08 1.000000000000000021e-08 1.000000000000000021e-08 1.000000100000000021e-05 1.000000100000000021e-05 1.000000100000000021e-05 1.000000100000000021e-05 1.000000100000000021e-05 1.000000100000000021e-05 1.000000100000000021e-05
1.000000000000000021e-08 1.000000000000000021e-08 4.623956111800437156e-05 6.781066181581359414e-05 1.914384168169468354e-04 2.210230718323877091e-04 1.915578890585629577e-03 3.217661332747783209e-01 5.653604320614886991e-02 8.032140757274182439e-05 1.967910273028921657e-05 3.108973452656770936e-05 4.551419921703095183e-05 7.726705573071740831e-05 4.092861709427477341e-05 5.045150075949916965e-05 6.450172341413573521e-05 5.133273431361354587e-05 1.000000000000000021e-08 1.000000000000000021e-08 1.000000000000000021e-08 1.000000000000000021e-08 1.000000000000000021e-08 1.000000000000000021e-08 1.000000000000000021e-08 2.659357991509222907e-05 1.172899564779145726e-05 1.000000000000000021e-08 1.000000000000000021e-08 1.122272330369775236e-05 1.000000100000000021e-05 1.000000100000000021e-05 1.000000100000000021e-05 1.000000100000000021e-05 1.000000100000000021e-05 1.000000100000000021e-05 1.000000100000000021e-05
1.069972841078222112e-05 1.037204527097975292e-05 3.021119503370672002e-05 2.164181928416045696e-05 3.094773728954468392e-05 1.753980441760780336e-03 1.684587450116779572e-01 1.645664484774048975e-01 1.633278684419722099e-02 2.025745939780320112e-05 1.642419365703603234e-05 1.000000000000000021e-08 6.056514956853471576e-05 7.080593815169899615e-05 5.859608605839345660e-05 6.573216924129805935e-05 5.067710967057517543e-05 1.000000000000000021e-08 1.000000000000000021e-08 1.000000000000000021e-08 1.000000000000000021e-08 1.000000000000000021e-08 1.000000000000000021e-08 1.000000000000000021e-08 1.000000000000000021e-08 1.000000000000000021e-08 1.000000000000000021e-08 1.000000000000000021e-08 1.000000000000000021e-08 1.293757592169890279e-05 1.000000100000000021e-05 1.000000100000000021e-05 1.000000100000000021e-05 1.000000100000000021e-05 1.000000100000000021e-05 1.000000100000000021e-05 1.000000100000000021e-05
1.000000000000000021e-08 1.000000000000000021e-08 1.975714474711023363e-05 2.221606129298483968e-05 1.000000000000000021e-08 1.785746537874354379e-03 2.170217216169633423e-01 1.969082619608209239e-01 9.942964351116991700e-03 1.000000000000000021e-08 3.727367912465809411e-05 3.967836928594732984e-05 4.685288376311099649e-05 1.000000000000000021e-08 6.792431278174060750e-05 1.890588394827756981e-04 5.404945622711786245e-05 1.493433416785595840e-05 1.111630273786109270e-05 1.000000000000000021e-08 1.000000000000000021e-08 1.563959263373471638e-05 1.472361540523981517e-05 1.000000000000000021e-08 1.000000000000000021e-08 1.000000000000000021e-08 1.000000000000000021e-08 1.000000000000000021e-08 1.000000000000000021e-08 1.391841603414036008e-05 1.000000100000000021e-05 1.000000100000000021e-05 1.000000100000000021e-05 1.000000100000000021e-05 1.000000100000000021e-05 1.000000100000000021e-05 1.000000100000000021e-05
1.000000000000000021e-08 1.000000000000000021e-08 2.028384113453242290e-05 1.000000000000000021e-08 1.000000000000000021e-08 2.198867917076855502e-04 8.226915867810355443e-02 4.724631611503052331e-01 2.215438028660552533e-02 1.000000000000000021e-08 6.302758554870711491e-05 5.774080912433992956e-05 6.340622117484172912e-05 6.218646558431149178e-05 8.983258678295064201e-05 1.236174792416879387e-04 4.816614069805314917e-05 1.000000000000000021e-08 1.000000000000000021e-08 1.000000000000000021e-08 1.000000000000000021e-08 1.000000000000000021e-08 2.165655382517649879e-05 1.424077798621635727e-05 1.000000000000000021e-08 1.000000000000000021e-08 1.000000000000000021e-08 1.000000000000000021e-08 1.000000000000000021e-08 1.278912094701138576e-05 1.000000100000000021e-05 1.000000100000000021e-05 1.000000100000000021e-05 1.000000100000000021e-05 1.000000100000000021e-05 1.000000100000000021e-05 1.000000100000000021e-05
