output/water_depth_8400.asc
ncols 223
nrows 158
xllcorner 0.0
yllcorner 0.0
cellsize 30.0
[rows 119 to 135 of 158, columns 185 to 221 of 223]
4.487450568536797372e-05 3.688281990475960866e-05 3.493649990499535484e-05 1.000000000000000021e-08 1.000000000000000021e-08 1.000000000000000021e-08 1.000000000000000021e-08 4.489077918772975162e-05 1.658893333138749702e-03 2.423669334887105786e-01 2.704872371387175845e-01 2.457737945728197260e-01 2.600327008637910442e-01 4.010226949525911438e-04 6.185866469836908950e-05 1.324315471303139617e-05 2.070983221227224388e-05 3.501708762752068452e-05 4.280062463214604564e-05 1.412892715739932997e-05 1.000000000000000021e-08 1.000000000000000021e-08 2.504774504552778088e-05 2.106127759204234009e-05 1.414229896358344714e-05 1.000000000000000021e-08 1.000000000000000021e-08 1.000000100000000021e-05 1.000000100000000021e-05 1.000000100000000021e-05 1.000000100000000021e-05 1.000000100000000021e-05 1.000000100000000021e-05 1.000000100000000021e-05 1.000000100000000021e-05 1.000000100000000021e-05 1.000000100000000021e-05
1.073941709181139943e-05 1.000000000000000021e-08 1.000000000000000021e-08 1.000000000000000021e-08 1.071081849185890862e-05 1.000000000000000021e-08 1.080307722631617213e-05 1.000000000000000021e-08 2.084539888500226354e-04 1.595306279728644361e-01 1.000000000000000021e-08 1.632993576372312461e-01 3.885869306901825913e-04 3.009600859623381237e-04 4.953866673270079329e-05 1.733233597343102796e-05 1.000000000000000021e-08 1.000000000000000021e-08 1.000000000000000021e-08 4.282564092963522231e-05 2.172372378200084717e-05 2.136565836638532059e-05 1.861115845335549015e-05 1.780692497375857601e-05 1.852374233744439916e-05 1.790596131168098665e-05 1.153040170972266725e-05 1.000000100000000021e-05 1.000000100000000021e-05 1.000000100000000021e-05 1.000000100000000021e-05 1.000000100000000021e-05 1.000000100000000021e-05 1.000000100000000021e-05 1.000000100000000021e-05 1.000000100000000021e-05 1.000000100000000021e-05
1.010913317879921051e-05 1.000000000000000021e-08 1.000000000000000021e-08 1.000000000000000021e-08 2.549873855198581601e-05 1.007671157827215918e-05 1.000000000000000021e-08 1.000000000000000021e-08 1.789823117913238334e-05 1.958016499932705989e-01 1.963335638688089302e-01 8.805262320552630084e-02 3.718643669916985722e-02 3.922232638525156032e-04 1.308839151419531437e-04 1.061842256831846767e-04 1.003117568505908485e-04 4.295353195236187316e-05 5.384408511221827978e-05 2.571268838386359774e-05 1.867497449056143411e-05 1.000000000000000021e-08 1.000000000000000021e-08 1.000000000000000021e-08 1.000000000000000021e-08 1.000000000000000021e-08 1.000000100000000021e-05 1.000000100000000021e-05 1.000000100000000021e-05 1.000000100000000021e-05 1.000000100000000021e-05 1.000000100000000021e-05 1.000000100000000021e-05 1.000000100000000021e-05 1.000000100000000021e-05 1.000000100000000021e-05 1.000000100000000021e-05
1.000000000000000021e-08 1.055063255455742346e-05 1.000000000000000021e-08 1.000000000000000021e-08 2.645372524142405356e-05 1.000000000000000021e-08 1.000000000000000021e-08 1.184532998731267252e-02 3.628430740978617064e-01 4.665309501772786360e-01 1.491726383940319700e-01 2.006573339008320134e-01 1.120450055641205277e-02 3.033802261619311820e-05 2.912097361610944889e-05 4.177486246221236220e-05 5.230832184864377289e-05 4.654377412444175941e-05 1.209419247302498015e-05 1.044829068521955641e-05 1.000000000000000021e-08 1.000000000000000021e-08 1.000000000000000021e-08 1.000000000000000021e-08 1.000000000000000021e-08 1.000000000000000021e-08 1.000000100000000021e-05 1.000000100000000021e-05 1.000000100000000021e-05 1.000000100000000021e-05 1.000000100000000021e-05 1.000000100000000021e-05 1.000000100000000021e-05 1.000000100000000021e-05 1.000000100000000021e-05 1.000000100000000021e-05 1.000000100000000021e-05
1.000000000000000021e-08 1.000000000000000021e-08 1.060533125713811138e-05 1.000000000000000021e-08 1.000000000000000021e-08 1.638521635901332152e-01 2.331942193352216641e-01 3.723488861476795808e-01 3.736040994529568060e-01 4.332809689850271708e-04 7.584084261591023850e-04 8.552872146936437618e-04 1.093820660983828476e-04 1.904585259670643949e-05 1.000000000000000021e-08 1.000000000000000021e-08 1.000000000000000021e-08 1.000000000000000021e-08 1.000000000000000021e-08 1.000000000000000021e-08 1.000000000000000021e-08 1.000000000000000021e-08 1.000000000000000021e-08 1.000000000000000021e-08 1.000000000000000021e-08 1.000000000000000021e-08 1.000000100000000021e-05 1.000000100000000021e-05 1.000000100000000021e-05 1.000000100000000021e-05 1.000000100000000021e-05 1.000000100000000021e-05 1.000000100000000021e-05 1.000000100000000021e-05 1.000000100000000021e-05 1.000000100000000021e-05 1.000000100000000021e-05
1.000000000000000021e-08 1.129719192895321823e-05 1.402486013287204157e-05 9.452800277461978658e-04 2.117127018931438676e-01 2.050433722144409388e-01 2.397942211295258363e-01 2.355403055059034426e-03 3.263119209657175390e-03 1.000000000000000021e-08 1.000000000000000021e-08 1.000000000000000021e-08 1.000000000000000021e-08 2.681767755672075920e-05 2.677794111583152721e-05 1.498835465413473370e-05 1.363526252140817376e-05 1.450933734372605777e-05 1.020752708643122224e-05 1.000000000000000021e-08 1.000000000000000021e-08 1.000000000000000021e-08 1.107879087337425468e-05 1.000000000000000021e-08 1.000000000000000021e-08 1.000000000000000021e-08 1.000000100000000021e-05 1.000000100000000021e-05 1.000000100000000021e-05 1.000000100000000021e-05 1.000000100000000021e-05 1.000000100000000021e-05 1.000000100000000021e-05 1.000000100000000021e-05 1.000000100000000021e-05 1.000000100000000021e-05 1.000000100000000021e-05
1.213277124365822347e-05 1.000000000000000021e-08 1.000000000000000021e-08 6.368737067960976005e-04 6.165344562055029565e-01 6.065911007456669113e-01 8.271667858544758415e-04 1.000000000000000021e-08 1.000000000000000021e-08 1.000000000000000021e-08 1.000000000000000021e-08 1.462080061399455671e-05 3.732707933034294396e-03 4.540037830280780999e-03 2.093544496854878162e-05 2.219451017720678343e-05 1.913316611974208182e-05 2.198471151143040932e-05 1.000000000000000021e-08 1.000000000000000021e-08 1.000000000000000021e-08 1.000000000000000021e-08 1.000000000000000021e-08 1.064205621880354748e-05 1.000000000000000021e-08 1.000000000000000021e-08 1.000000100000000021e-05 1.000000100000000021e-05 1.000000100000000021e-05 1.000000100000000021e-05 1.000000100000000021e-05 1.000000100000000021e-05 1.000000100000000021e-05 1.000000100000000021e-05 1.000000100000000021e-05 1.000000100000000021e-05 1.000000100000000021e-05
1.645994483349221937e-05 1.000000000000000021e-08 1.000000000000000021e-08 5.379610791489254727e-04 6.119400466819430173e-01 5.959701689402406855e-01 9.114604552409991990e-04 1.000000000000000021e-08 1.000000000000000021e-08 1.000000000000000021e-08 1.000000000000000021e-08 1.466151982564758164e-05 6.730255607184859124e-04 1.348386029371666234e-05 1.982417620149197731e-05 1.000000000000000021e-08 1.629435386134200949e-05 1.000000000000000021e-08 1.000000000000000021e-08 1.000000000000000021e-08 1.000000000000000021e-08 1.000000000000000021e-08 1.000000000000000021e-08 1.998119769950328033e-05 1.000000000000000021e-08 1.000000000000000021e-08 1.000000100000000021e-05 1.000000100000000021e-05 1.000000100000000021e-05 1.000000100000000021e-05 1.000000100000000021e-05 1.000000100000000021e-05 1.000000100000000021e-05 1.000000100000000021e-05 1.000000100000000021e-05 1.000000100000000021e-05 1.000000100000000021e-05
1.186177916776127510e-05 1.196319162184739979e-05 1.083356039682744598e-05 6.284803443630731319e-05 6.048735043111836962e-01 5.747938251875536197e-01 3.670318277622105097e-03 1.857016186381738672e-05 1.000000000000000021e-08 1.000000000000000021e-08 1.000000000000000021e-08 1.000000000000000021e-08 3.598157202739315727e-04 3.897772535406610734e-04 2.760831557667182352e-05 1.671764316305664598e-05 1.359405178482931091e-05 1.000000000000000021e-08 1.000000000000000021e-08 1.000000000000000021e-08 1.000000000000000021e-08 1.000000000000000021e-08 1.000000000000000021e-08 1.000000000000000021e-08 1.275452519802229111e-05 1.000000000000000021e-08 1.000000100000000021e-05 1.000000100000000021e-05 1.000000100000000021e-05 1.000000100000000021e-05 1.000000100000000021e-05 1.000000100000000021e-05 1.000000100000000021e-05 1.000000100000000021e-05 1.000000100000000021e-05 1.000000100000000021e-05 1.000000100000000021e-05
1.706916294174430068e-05 1.000000000000000021e-08 1.318698330614460157e-05 1.111935199368640207e-05 2.631548129365768145e-03 5.057636583922032747e-01 2.668615055012691934e-03 4.362016753578041385e-05 1.072399793921010608e-05 1.000000000000000021e-08 1.000000000000000021e-08 1.000000000000000021e-08 2.234865701059518214e-04 6.507523107541800852e-04 8.245636592354708993e-05 5.944991796412964956e-05 7.393920347087622701e-05 9.391400683889980343e-05 1.049725390814354670e-04 9.058082391083128733e-05 7.134656606913410332e-05 5.750358071600649275e-05 4.515163182243508468e-05 3.907570632866453735e-05 1.981583421924777388e-05 1.000000000000000021e-08 1.000000100000000021e-05 1.000000100000000021e-05 1.000000100000000021e-05 1.000000100000000021e-05 1.000000100000000021e-05 1.000000100000000021e-05 1.000000100000000021e-05 1.000000100000000021e-05 1.000000100000000021e-05 1.000000100000000021e-05 1.000000100000000021e-05
2.062967350485523440e-05 2.373028460793824844e-05 1.000000000000000021e-08 1.000000000000000021e-08 1.000000000000000021e-08 3.337447190611429471e-01 2.115113068642050786e-01 1.000000000000000021e-08 1.519047787567314891e-05 1.000000000000000021e-08 1.000000000000000021e-08 1.000000000000000021e-08 5.670597909841981364e-04 5.275228356924051374e-04 3.397622992744307757e-04 1.887877189651134035e-04 1.242077071460048233e-04 7.043064593875616574e-05 1.318250742409483151e-05 1.000000000000000021e-08 1.000000000000000021e-08 1.000000000000000021e-08 3.233753178679464553e-05 2.559498740304499428e-05 2.515282049795484595e-05 1.390141129248074656e-05 1.000000100000000021e-05 1.000000100000000021e-05 1.000000100000000021e-05 1.000000100000000021e-05 1.000000100000000021e-05 1.000000100000000021e-05 1.000000100000000021e-05 1.000000100000000021e-05 1.000000100000000021e-05 1.000000100000000021e-05 1.000000100000000021e-05
5.019586559476204196e-05 1.000000000000000021e-08 1.000000000000000021e-08 1.000000000000000021e-08 1.000000000000000021e-08 1.837949006599696178e-01 3.925681850909090720e-01 3.036677416376921002e-03 1.031232778972948383e-04 1.428330225109493282e-04 2.031261297886023708e-04 3.206390430144044883e-04 4.461159511972781900e-04 3.160573010309688830e-04 2.298411902061388613e-05 1.719413463115730862e-05 1.000000000000000021e-08 1.000000000000000021e-08 1.000000000000000021e-08 1.000000000000000021e-08 1.000000000000000021e-08 2.586174549831004514e-05 1.000000000000000021e-08 1.000000000000000021e-08 1.000000000000000021e-08 1.000000000000000021e-08 1.000000100000000021e-05 1.000000100000000021e-05 1.000000100000000021e-05 1.000000100000000021e-05 1.000000100000000021e-05 1.000000100000000021e-05 1.000000100000000021e-05 1.000000100000000021e-05 1.000000100000000021e-05 1.000000100000000021e-05 1.000000100000000021e-05
4.669573975964121825e-05 4.702452567107148681e-05 4.070038770307370622e-05 3.509513750722431153e-05 2.566174063210880084e-05 9.036122154285310126e-02 6.886067913299843690e-01 6.978288348005331487e-01 5.190950349478673162e-04 4.764273743875417177e-04 4.930693116295993550e-04 3.030949212434175082e-03 4.091003559349505906e-04 1.579124169429923542e-04 1.000000000000000021e-08 1.166384065815534661e-05 1.816526578921536051e-05 1.000000000000000021e-08 1.000000000000000021e-08 1.000000000000000021e-08 1.000000000000000021e-08 2.504209458040097073e-05 2.474970796154066870e-05 1.488188553178349945e-05 1.181523420238847488e-05 1.000000000000000021e-08 1.000000100000000021e-05 1.000000100000000021e-05 1.000000100000000021e-05 1.000000100000000021e-05 1.000000100000000021e-05 1.000000100000000021e-05 1.000000100000000021e-05 1.000000100000000021e-05 1.000000100000000021e-05 1.000000100000000021e-05 1.000000100000000021e-05
4.962192321184706308e-05 8.399445554226044411e-05 1.014659894909236102e-04 8.646398924791077610e-05 6.461362208916528237e-05 5.898544426802666135e-02 6.604835897111829279e-01 2.266141640399435575e-04 1.000000000000000021e-08 1.000000000000000021e-08 1.000000000000000021e-08 3.449944139054584072e-04 8.355433013465290298e-03 1.310580582367687106e-04 1.000000000000000021e-08 1.000000000000000021e-08 1.153772796611540877e-05 1.000000000000000021e-08 1.000000000000000021e-08 1.000000000000000021e-08 1.000000000000000021e-08 1.000000000000000021e-08 1.000000000000000021e-08 1.000000000000000021e-08 1.000000000000000021e-08 1.000000100000000021e-05 1.000000100000000021e-05 1.000000100000000021e-05 1.000000100000000021e-05 1.000000100000000021e-05 1.000000100000000021e-05 1.000000100000000021e-05 1.000000100000000021e-05 1.000000100000000021e-05 1.000000100000000021e-05 1.000000100000000021e-05 1.000000100000000021e-05
1.488473835406162078e-05 1.000000000000000021e-08 1.000000000000000021e-08 1.000000000000000021e-08 4.389342367987424348e-04 7.873241367305529037e-01 5.806978033076075629e-01 1.000000000000000021e-08 1.000000000000000021e-08 1.000000000000000021e-08 1.000000000000000021e-08 5.936966023118628658e-03 7.207917864880762811e-03 7.640066056209054816e-03 1.423233264760900953e-05 1.000000000000000021e-08 1.000000000000000021e-08 1.000000000000000021e-08 1.000000000000000021e-08 1.000000000000000021e-08 1.000000000000000021e-08 1.000000000000000021e-08 1.000000000000000021e-08 1.000000000000000021e-08 1.000000000000000021e-08 1.000000100000000021e-05 1.000000100000000021e-05 1.000000100000000021e-05 1.000000100000000021e-05 1.000000100000000021e-05 1.000000100000000021e-05 1.000000100000000021e-05 1.000000100000000021e-05 1.000000100000000021e-05 1.000000100000000021e-05 1.000000100000000021e-05 1.000000100000000021e-05
1.000000000000000021e-08 1.000000000000000021e-08 1.000000000000000021e-08 4.179985810888117714e-03 7.005455493201893091e-01 6.804356034036047607e-01 2.873566379814857400e-05 1.000000000000000021e-08 1.000000000000000021e-08 1.000000000000000021e-08 1.000000000000000021e-08 1.264004441888157788e-03 4.758005850174502893e-03 1.101216135615794814e-05 1.000000000000000021e-08 1.000000000000000021e-08 1.000000000000000021e-08 1.000000000000000021e-08 1.000000000000000021e-08 1.000000000000000021e-08 1.000000000000000021e-08 1.000000000000000021e-08 1.000000000000000021e-08 1.000000000000000021e-08 1.000000100000000021e-05 1.000000100000000021e-05 1.000000100000000021e-05 1.000000100000000021e-05 1.000000100000000021e-05 1.000000100000000021e-05 1.000000100000000021e-05 1.000000100000000021e-05 1.000000100000000021e-05 1.000000100000000021e-05 1.000000100000000021e-05 1.000000100000000021e-05 1.000000100000000021e-05
1.000000000000000021e-08 1.000000000000000021e-08 1.000000000000000021e-08 2.549441997875104542e-03 7.216170239685028021e-01 1.068947377256331205e-03 1.751130184933716378e-05 1.000000000000000021e-08 1.000000000000000021e-08 1.000000000000000021e-08 1.000000000000000021e-08 1.810078915836749441e-03 5.011525291174529113e-04 1.000000000000000021e-08 1.000000000000000021e-08 1.000000000000000021e-08 1.000000000000000021e-08 1.000000000000000021e-08 1.000000000000000021e-08 1.000000000000000021e-08 1.000000000000000021e-08 1.000000000000000021e-08 1.000000000000000021e-08 1.000000000000000021e-08 1.000000100000000021e-05 1.000000100000000021e-05 1.000000100000000021e-05 1.000000100000000021e-05 1.000000100000000021e-05 1.000000100000000021e-05 1.000000100000000021e-05 1.000000100000000021e-05 1.000000100000000021e-05 1.000000100000000021e-05 1.000000100000000021e-05 1.000000100000000021e-05 1.000000100000000021e-05
