output/water_depth_840.asc
ncols 223
nrows 158
xllcorner 0.0
yllcorner 0.0
cellsize 30.0
[rows 119 to 135 of 158, columns 74 to 110 of 223]
8.758383804919075630e-03 9.246553245278421942e-03 9.319061295294462505e-03 1.060331746542354445e-02 9.580068639146278181e-03 8.171352853818033418e-03 7.050915238081442195e-03 6.463439135162419961e-03 5.910367213512954417e-03 5.798129703983731509e-03 5.678012495157903905e-03 5.596796685116286856e-03 5.571630525840679318e-03 5.964379721612526365e-03 2.197755149321525131e-02 8.623963035061016358e-02 4.445097104498099000e-02 2.069727852552526171e-02 9.972043994615211251e-03 1.188665909558614051e-02 4.816064570366738323e-03 6.162963326311944080e-03 7.579960049068944390e-03 9.037846231679882297e-03 1.292317357436653137e-02 9.461614480967791771e-03 9.020672096881099042e-03 5.930451315784930968e-03 7.073894819618098927e-03 8.572890748595031127e-03 8.942228300723215409e-03 9.259103138932486474e-03 9.349676481391299560e-03 9.248117302840194037e-03 2.676435732447624352e-02 4.611381973343989943e-02 5.065543094840537636e-02
8.397010834627084350e-03 8.737161018446871000e-03 8.648425221721059430e-03 1.112663656798170905e-02 7.849893671058028738e-03 5.930103618842197041e-03 4.695437145377155848e-03 4.559767892097790765e-03 3.437928701091020993e-03 2.764575335009979845e-03 3.338850550572296499e-03 2.579370930576002641e-03 2.926648658693496892e-03 2.728390987442416270e-03 3.098075741421913061e-03 3.603579576736360909e-03 1.748091013891920134e-02 3.715866232544933617e-02 4.663637899064147080e-02 3.783858908540495281e-02 9.637626639893162594e-03 8.517169167139175545e-03 8.126018893047950303e-03 8.838905486512459858e-03 1.095878486133508752e-02 1.015036616148203008e-02 9.438103392597997285e-03 8.056379544544555946e-03 8.200951067723083812e-03 8.822773830146192139e-03 9.227835305303895216e-03 2.860734657483613927e-02 5.110278003397392133e-02 6.054522420318595582e-02 4.562432987750406066e-02 2.430003230022842464e-02 1.331839700363482946e-02
7.865947775856996574e-03 7.770468116844797719e-03 7.855357099107068350e-03 1.182140953020245112e-02 3.409365531478976419e-03 2.401646487490268541e-03 2.353146910716757186e-03 1.619676509821380440e-03 1.634525889257241581e-03 1.618936402844011477e-03 1.096231586872932658e-03 1.448288596891645101e-03 1.229341476787636396e-03 1.023317652623924670e-03 1.286475235563516424e-03 2.063047709297040518e-03 2.712217822737270946e-03 6.520810968045949105e-03 9.472024766945122756e-03 4.863395029277266246e-02 5.532253994564011179e-02 6.034967598048949361e-02 6.470067060657450075e-02 6.795436846967597977e-02 6.893501898224124735e-02 7.124396986253810071e-02 6.766850569373085433e-02 6.262592711953723912e-02 6.128657421789605181e-02 6.238020730969176531e-02 6.456712359134464396e-02 4.682867545367734585e-02 2.482259798915358723e-02 1.526482535494645514e-02 1.084686483545339170e-02 9.147708902154275817e-03 5.045991362233020160e-03
6.558198866272076967e-03 6.045718584331125425e-03 5.225058029535457720e-03 4.781635357985242370e-03 2.611551061156323211e-03 1.904020323544591484e-03 6.598599994874239762e-04 9.697418907097518160e-04 5.889249669465395493e-04 6.542416404011156678e-04 6.500142463228060930e-04 5.280903289909890134e-04 4.964788855306049653e-04 1.881217549861782757e-03 5.628658039178647231e-03 3.672549335384722377e-03 1.008990227902833298e-03 1.210603561725806347e-02 1.217106611155352978e-02 1.063513249576638654e-02 9.875946042146964768e-03 1.305584645105055744e-02 1.459519707821848970e-02 1.418417379557789133e-02 1.084846156603228723e-02 1.259567532186659303e-02 7.545342267308759350e-03 5.402498950405544564e-03 5.811000609489452157e-03 6.574086872072192923e-03 7.635908206715979682e-03 8.327055635466904665e-03 8.199696518371216852e-03 7.923475756691484781e-03 6.957273702691690355e-03 5.271819216784039142e-03 2.420050787414417502e-03
4.271448419558337463e-03 3.454789868310252469e-03 2.496013352164716710e-03 1.825394980417939473e-03 1.786915731765963610e-03 2.105285667571146508e-03 2.190799485440637125e-03 1.564546662914155636e-03 1.726253151444675452e-03 1.972106020387053536e-03 1.638740110913142244e-03 1.158933374183165584e-03 1.451413890633451893e-03 1.352342751470745306e-03 1.645991105937755217e-02 2.806820659054950345e-02 3.591514154563867078e-02 2.462754404762884999e-02 1.434458768688594808e-02 1.037660037703383442e-02 9.406936235594484316e-03 1.811503847205453085e-02 1.863755984389493456e-02 1.577008098132276492e-02 8.388766981629771149e-03 1.353342295909773854e-02 1.270803127680334658e-03 2.734478348500646132e-03 4.600206788247240830e-03 6.314015722845649735e-03 7.431262749636092027e-03 7.461290199520163174e-03 6.857691866419854225e-03 6.128113036887530493e-03 6.493794741480577240e-03 1.102061682711318914e-02 1.418113676639930557e-02
3.200722418577422318e-03 1.934549572680517625e-03 8.836608601625038119e-04 8.092925944912189237e-04 4.751373291324403111e-04 1.669094476419756817e-03 2.425708857156945626e-03 2.274677602625989163e-03 2.740359523358323196e-03 3.408817841644205034e-03 3.241108271600371456e-03 3.326121086884710823e-03 3.556374623422892470e-03 3.141674622364380720e-02 2.106054543467828985e-02 1.345665800684722399e-02 1.115623243125222000e-02 1.647086208723118686e-02 5.787527382542307502e-03 7.133316956953323663e-03 8.297693819048983233e-03 2.930293603616432666e-02 2.260604277221686317e-02 1.411552803235625007e-02 1.656603443162356186e-03 2.237844550864338637e-03 1.549724289038554312e-03 2.920402645692928706e-03 5.316018679088312972e-03 6.898401137861895696e-03 6.862670182166343176e-03 6.321793164655475916e-03 5.111511704020387133e-03 4.037747927618929103e-03 3.267671519267521547e-03 4.253001835104657478e-03 1.039194176728330810e-02
1.541474038776885491e-03 1.694243620319309165e-03 1.853713446541570102e-03 1.195021749849406413e-03 1.433275600216754684e-03 1.619881447250636364e-03 2.773158430826182849e-03 3.365116462405342342e-03 1.433062704865706999e-02 2.280572926355041441e-02 4.514153522291172727e-02 6.124206182790872810e-02 6.843352739068717105e-02 3.345975876876175481e-02 1.541635601715239667e-02 8.572533545460401042e-03 9.883618203816764078e-03 7.772282585245870144e-03 7.701218425215096766e-03 8.577618530383487525e-03 9.225209400695835726e-03 2.971252425159657748e-02 2.486231597033555785e-02 9.249214416603172492e-03 1.688753938477894657e-03 7.122396755940894972e-04 2.289857269981020790e-03 3.322970644828237424e-03 5.353635146169407992e-03 6.965068082286788101e-03 5.096960890078872791e-03 4.739895178539892985e-03 3.289007296338715761e-03 2.338886386343239608e-03 1.948895824578238123e-03 2.923079262513573248e-03 3.221174480692410615e-03
1.256097107091758277e-03 1.496483287861419004e-03 1.958909748116471113e-03 2.037014410720386706e-03 2.525285628411381902e-03 3.678514437521910978e-03 4.518926419844591751e-03 5.588569570152722606e-03 2.807590432391585816e-02 3.270660016465763709e-02 2.503249106942669749e-02 2.477123388310568247e-02 2.100431342708108592e-02 6.293371393505284642e-03 1.632037344296014903e-03 3.351684107877391655e-03 9.749292414235961185e-03 5.101470723193467227e-03 7.164698820893152659e-03 8.765875018874368443e-03 9.425330034294829989e-03 2.833490850795333804e-02 2.926017255398308259e-02 2.606043260054837201e-03 1.151339840271242915e-03 1.264254504660723612e-03 2.423869769872780480e-03 3.534985489751078271e-03 4.660694340209862833e-03 6.905223915320001481e-03 1.454813703477464588e-02 5.954250061714959873e-03 2.869163436486699310e-03 1.658500177441376297e-03 7.904964522286773727e-04 4.461351385136547339e-03 1.331814573459571757e-02
1.566402977570538783e-03 2.743613742489223531e-03 2.997354951791744195e-03 3.969906899933674065e-03 4.587623456695649922e-03 5.039696322024488431e-03 4.156033516861926819e-02 6.338442467613565612e-02 3.422150583295072851e-02 1.832125125423183717e-02 2.145502370215903246e-02 2.740635169699785767e-02 3.002949035236893247e-03 1.629493653434386548e-03 2.582898217657784296e-03 4.351779160692887012e-03 5.941042090116886720e-03 8.009206307209323569e-03 9.148127187412258277e-03 9.652721292726283708e-03 9.838018902458799120e-03 2.201504447719664775e-02 3.062024447053986534e-02 2.829219511307071340e-03 1.461267156835870280e-03 1.662338868541708573e-03 4.265829206174589182e-03 3.546672829859598419e-03 4.824784948183192916e-03 7.167903348848571332e-03 8.988879775211884235e-03 2.367642461369088430e-02 3.305584930168615349e-02 1.587955353565988909e-02 8.008695939725453405e-03 8.499185708790598509e-03 1.296100355510455479e-02
3.473625858667417701e-03 4.043995006270063343e-03 1.615155908335234869e-02 3.899685029230889194e-02 5.366983228226084035e-02 6.064146666634180616e-02 3.670463651590900878e-02 2.944281962866947266e-02 1.458203125060529570e-02 8.119992863824820190e-03 2.503199126881675007e-02 4.888069855054153444e-03 3.544406109453886004e-03 1.819297091694639613e-03 3.974964108537199295e-03 5.502029905351641173e-03 7.593897129694168226e-03 8.850319066035382612e-03 9.496474587861968714e-03 9.774690069146831431e-03 9.874748898558695365e-03 3.555158071483995041e-02 9.114983266646212168e-03 4.057068166095923085e-03 2.494777442164267545e-03 2.239842034766730428e-03 7.138915950279124505e-03 5.239839572596890517e-03 4.655484952406848363e-03 9.604136087758457715e-03 1.058073675811423316e-02 1.067978853857142960e-02 1.020570337921847606e-02 3.277095894180414443e-02 3.068318786955085906e-02 3.150795472931274682e-02 1.982976141789579219e-02
5.222420027776915503e-03 6.798590682346839810e-03 2.893767945011142123e-02 2.045441527064534651e-02 1.615732735002305132e-02 1.183796771759582957e-02 2.026784458512679438e-02 2.761467493876841248e-02 3.083538211854722818e-03 2.847825547707107975e-03 9.987897882614138814e-03 4.928274288029753543e-03 4.278174593016330525e-03 3.677302291548233820e-03 5.438507272762393811e-03 7.829761220667507890e-03 8.950529055376620427e-03 9.515774416407595318e-03 9.765765395999126755e-03 9.867546582275763672e-03 9.901870665301914370e-03 1.806471562769424236e-02 1.515788378351961424e-02 5.878875635381830903e-03 5.161245950861108669e-03 1.316419307139540459e-02 1.102870314959361955e-02 1.202096199104157360e-02 2.017524005892484817e-02 1.528245604771067030e-02 1.250036098138801281e-02 1.076140559563911261e-02 1.029904779369056160e-02 1.004797420062780375e-02 2.276234951766312881e-02 1.579360029680495700e-02 1.140967400107615291e-02
6.002216885645945271e-02 7.309844259417593026e-02 3.414689826116366900e-02 1.712038666194851469e-02 1.433482923797194455e-02 8.775631542299941815e-03 5.651200597239418831e-03 2.951233452668435703e-02 5.637328860846949757e-03 2.440078202134244711e-03 2.432205721033140963e-03 3.576342085872732685e-03 6.103438053845277288e-03 6.770848798368192187e-03 8.612223488611136374e-03 9.414884866813310466e-03 9.752498169049007501e-03 9.867800079640370176e-03 9.902337821616612190e-03 9.919391924935128113e-03 9.920549468309700775e-03 9.912402714538555773e-03 1.012753338459784075e-02 9.637150694117836702e-03 9.951199591372210732e-03 9.652977001087345577e-03 1.017184463546753556e-02 1.736129683203326349e-02 1.348392778653172315e-02 1.155867400487616339e-02 1.062703100490901449e-02 1.019757340662502676e-02 1.001545338520693981e-02 9.946123231505708123e-03 9.922926928114549072e-03 9.916220211774573468e-03 7.722640518098644082e-03
2.244127785109734444e-02 2.507105662537178689e-02 3.528307566866947104e-03 4.535099175377832817e-03 1.155457813499525740e-02 1.880134290062169481e-03 1.799870355675470051e-03 1.643720515575346208e-02 8.684259853510345462e-03 2.432008637242464785e-03 3.742970449360736099e-03 5.846392061345952358e-03 7.240419234061585760e-03 8.708532807243979726e-03 9.432533481625373153e-03 9.742813464830333420e-03 9.860133240666552751e-03 9.899222626912462103e-03 9.910216474721466468e-03 9.941783351344863837e-03 9.940025333465687257e-03 9.910322308890981424e-03 9.892788931423210710e-03 9.895847560831979098e-03 9.905171693693348364e-03 1.013002793499001748e-02 9.860377040816757990e-03 9.900063436801725611e-03 9.911473850691918455e-03 9.914109228551324510e-03 9.914084002624376502e-03 9.914111714154868679e-03 9.914144426860302048e-03 9.914158827753935879e-03 9.914162172147853933e-03 9.914162586831962165e-03 5.469204310881288673e-03
6.820808366816203533e-03 4.372063182690769448e-03 7.847174025691532398e-03 2.666524800749894321e-03 3.875769789878583810e-03 1.330971533089311647e-03 2.946783519234847954e-03 3.870731616385236773e-03 1.398838111906765269e-02 3.838615016965662031e-03 6.020887329816564625e-03 7.999480465908648252e-03 9.006546881240440686e-03 9.504876973308941032e-03 9.742250658413040276e-03 9.845677763981743047e-03 9.886094073438957824e-03 9.902281469597739791e-03 9.907735906957473512e-03 1.000090011114801274e-02 9.991899156224035711e-03 9.904290673360752195e-03 9.850482388568284134e-03 9.855863405603968244e-03 9.882827357099388532e-03 9.902580525552848872e-03 9.911055984715434405e-03 9.913538421309143339e-03 9.914065512824459664e-03 9.913842069212051855e-03 9.913644830643107350e-03 9.913774658783524457e-03 9.913994505571763899e-03 9.914117251340510972e-03 9.914154952033212356e-03 9.914161843229093649e-03 1.097864619556584292e-02
7.370118934735302337e-03 5.545534209677753859e-03 3.781656601953338730e-03 2.881251187007670238e-03 1.947207503722511897e-03 2.158922110149336018e-03 2.949622703271812148e-03 3.939714656546982122e-03 5.923255709717021797e-03 7.523439435176708726e-03 8.820585738643360596e-03 9.346279911581887104e-03 9.544945769933777316e-03 9.653242773887120431e-03 9.742997211772972191e-03 9.805702946990579177e-03 9.843097980895916879e-03 9.870802720191506827e-03 9.884587150948873427e-03 1.014578447387387734e-02 1.009452420015216449e-02 9.874544705538512018e-03 9.750078424106986205e-03 9.763914100070479954e-03 9.829210240362526441e-03 9.879866638887985220e-03 9.903649040855755023e-03 9.911560770645824747e-03 9.913600696912482427e-03 9.912555311696935600e-03 9.911427496702825135e-03 9.911877920452326698e-03 9.913014298611898603e-03 9.913785459442379586e-03 9.914079357198287562e-03 9.914150260995966205e-03 1.733034327188816281e-02
6.340755173126612007e-03 4.657548387375092143e-03 3.356839076928911942e-03 2.366061331734061260e-03 2.163021817818526656e-03 3.705388905559274700e-03 2.826922785017797670e-03 4.188773846805131894e-03 6.441078575092916252e-03 7.843293496019700453e-03 8.553614014393621026e-03 8.844853791955332653e-03 8.988226997674729490e-03 9.148265447978273443e-03 9.359497862381915487e-03 9.533785542711057867e-03 9.649604921954534412e-03 9.742689084517707626e-03 9.792470240366613066e-03 1.037924315499688492e-02 1.027889653690502308e-02 9.739512246445463511e-03 9.540214445981772332e-03 9.597930375124207047e-03 9.734436493302864660e-03 9.837032714525347638e-03 9.887158313207264002e-03 9.905566299797583657e-03 9.911436406976944363e-03 9.907249580950095239e-03 9.902342664039252146e-03 9.903540305852885292e-03 9.908185713705762801e-03 9.911871483776419148e-03 9.913538780332173395e-03 9.914038421160085990e-03 9.914142035753257046e-03
5.135869779406829379e-03 3.643361476010560304e-03 3.136154955593712171e-03 2.141319976194901858e-03 2.925395123106870523e-03 2.884837283494286111e-03 3.785105626257591772e-03 5.053437564667701519e-03 6.690045525132090089e-03 7.362715371740278028e-03 7.598443448963309102e-03 7.625682339251878272e-03 7.709649892452517111e-03 7.990528817057140909e-03 8.442660442263815249e-03 8.838253305324117459e-03 9.125995982079556160e-03 9.375908642717633093e-03 9.516609289433772614e-03 1.105331060371624562e-02 9.954763880306288087e-03 9.361320249930509679e-03 9.156628553167617604e-03 9.366550771240808593e-03 9.615304497977856732e-03 9.778779824986061700e-03 9.856738330321178701e-03 9.888014293695531962e-03 9.901731243674960839e-03 9.887869806092143207e-03 9.871604318717372775e-03 9.874591954606812272e-03 9.890029334959336144e-03 9.903689449159657626e-03 9.910756034090383026e-03 9.913289631534578580e-03 9.913959301214646941e-03
