output/water_depth_2760.asc
ncols 223
nrows 158
xllcorner 0.0
yllcorner 0.0
cellsize 30.0
[rows 51 to 67 of 158, columns 74 to 110 of 223]
1.000000000000000021e-08 1.000000000000000021e-08 1.245370100446748227e-05 9.370238698894630509e-05 1.125863783505591303e-04 1.291796738841461756e-04 1.393145380127720030e-04 1.566972183850858609e-04 1.851291214457506684e-04 1.445831864466052196e-04 9.035093084767364089e-05 3.428605426247837768e-05 5.099341393944714298e-05 4.437291401771442857e-05 2.179495414924921722e-04 2.719049809288809328e-04 1.718483721268836682e-04 1.600238963836089637e-05 1.950821133443756672e-05 3.572429652478992072e-04 3.435445641632013333e-04 1.536607047835765542e-05 1.388600390284540207e-05 2.049451621403790619e-05 3.249902832317063620e-04 2.280199831028756978e-05 2.196870339082149665e-05 2.888001404363910044e-04 2.203504653573907677e-04 1.838416173085422186e-04 2.212202196022475188e-04 4.327616461265048649e-05 3.041718110066957722e-04 6.419675397423791697e-04 1.298437640965534551e-04 2.368515968097791404e-05 4.420256481938616874e-05
1.008824952821130118e-04 1.432045189680795764e-04 1.351703796901830438e-04 1.989881294636789940e-04 1.790069162545508826e-04 2.480887248464324290e-04 7.862473790788468810e-04 6.468126748506268509e-04 5.764096641971772420e-04 5.044698006495675980e-04 3.640291744495556520e-05 2.359408143405614491e-05 2.128466169558770467e-05 3.023361822753992489e-05 5.028601589818466422e-05 5.715619080306564691e-04 4.315391653764489069e-05 1.417373681592345963e-05 2.617875051990747865e-05 3.329584412988392198e-04 3.748952107649944137e-04 1.484237462329489809e-04 5.597128254170286016e-05 4.636891072976114409e-05 2.638497923952994148e-04 5.359775822388291255e-05 3.613602335551206469e-05 2.023268503538791225e-04 2.174544345467608881e-04 2.897502705071661145e-04 2.599466131403367283e-04 2.268630291168263269e-04 1.996454873251190913e-04 1.661377973170123927e-04 2.146604363938557319e-05 2.449547753848583436e-05 2.516401852476341707e-05
4.540934100861553861e-04 4.182771561088594481e-04 3.908833088460587175e-04 2.316197088311638217e-05 2.473976088797373633e-05 4.346357128428567930e-05 2.156760992594538055e-04 8.473906051595489399e-04 6.863178186210257660e-04 5.166002118993157826e-04 5.000008121469442157e-04 4.478312460649422550e-05 3.234215060757514065e-05 3.459773340603569843e-05 5.548190914465504612e-05 1.175180234700654453e-04 6.654652711507731255e-04 8.311576252932538727e-05 2.698172466046758636e-05 3.860477784650730962e-04 4.406001547113748721e-04 2.282771464605186091e-04 1.000000000000000021e-08 1.000000000000000021e-08 1.000000000000000021e-08 1.000000000000000021e-08 1.000000000000000021e-08 2.031616530488382203e-05 1.469134403655334342e-04 1.386121402106443444e-04 1.272267251016702806e-04 1.968604181712083903e-04 1.482211310034227934e-04 1.864378165318565509e-04 1.364112343974958915e-05 1.093962990381197679e-04 8.577896709176466576e-05
1.431493455650055058e-04 5.599588554193320021e-05 3.171034735220176336e-05 4.182639503940693685e-05 2.163328952989080641e-05 2.000673640312667742e-05 2.859297911082615612e-04 1.015626750632107357e-04 1.392416314013651289e-04 7.736041469467151059e-05 6.393849862599353768e-04 9.898292266040403407e-05 6.268424044357106834e-04 1.183798072569021794e-04 1.083068170659363965e-04 5.768935548399864357e-04 7.618664247525164029e-04 2.197944067364915094e-04 1.574115779542951141e-04 1.763199746741406085e-04 4.025074698382108450e-04 2.773859516286510850e-05 1.899132676736497885e-05 1.000000000000000021e-08 1.000000000000000021e-08 1.000000000000000021e-08 1.000000000000000021e-08 1.882543538430077275e-05 1.308071014320760729e-04 1.270464565572528763e-04 1.465860576313696021e-04 1.162742846751312142e-05 2.237793624552042440e-05 3.367785624561128873e-05 6.972324035238197139e-04 7.808048124930276786e-04 2.890587325206152064e-04
1.422390429632253215e-04 1.000000000000000021e-08 2.606818091711174127e-05 2.190564142808808454e-05 3.814130034598713483e-05 1.907709738010302555e-05 7.481008263735816209e-05 7.079493858292812110e-04 1.064299960055080298e-04 1.369944960611910222e-04 7.281293063650365240e-04 9.930639312995320691e-05 1.293725353503678984e-04 4.585048286976203450e-05 4.006370580533588524e-04 7.916053776457464557e-05 7.141951022189612025e-05 6.189307766533822973e-05 7.027559039691087177e-05 1.739770200407330888e-04 1.980583333866557454e-04 6.870786774783768755e-05 1.000000000000000021e-08 1.000000000000000021e-08 1.000000000000000021e-08 1.000000000000000021e-08 1.615771209568491796e-04 5.293641069000761890e-04 1.429813868543228597e-04 1.468600248489526075e-04 1.624015255037920987e-04 1.355259046746338722e-04 1.298965727790123213e-04 7.958780007669354506e-05 1.425528039464592906e-04 5.774638831632780342e-04 7.805916576126346700e-04
1.000000000000000021e-08 1.000000000000000021e-08 1.000000000000000021e-08 2.027667797064257836e-05 5.775263658397812930e-05 5.614623670451531000e-05 5.713525575608663875e-05 5.124936981659619336e-05 1.155017092631411429e-04 7.971625764138733062e-05 7.895067367383664259e-04 1.644348336170946018e-04 9.666989956082752591e-05 1.260343243200355828e-04 1.691365595440058166e-04 3.397942532660403619e-05 7.853276937258213603e-05 4.550026519056831137e-05 2.018672849373230821e-04 3.021139842184871046e-04 6.046650076720403019e-04 5.220518250358411249e-04 6.513763231588643116e-04 2.138546896949988416e-04 1.871579724515469922e-04 1.634086690485501276e-04 7.769570124666844721e-04 7.396288585002437545e-04 4.342113692613341230e-04 2.987472701586377883e-04 1.733499704141617503e-05 1.702639102325788372e-05 1.000000000000000021e-08 1.291940973604704718e-04 1.000000000000000021e-08 4.354937082105228997e-05 8.283783278180857764e-04
2.577915672342874124e-05 2.853146270861084221e-05 2.112771896376385562e-05 5.025399096847465920e-05 3.719900898649592183e-05 3.206696610664379614e-05 1.419622822922961269e-04 4.100382854371098274e-05 5.086531527848339620e-05 1.130072289850407786e-04 7.825040774907432613e-04 2.973928388074728634e-04 1.043615928078277819e-04 7.673948424779031600e-05 1.774584086276578820e-04 7.034693557390297829e-04 8.938762435535408247e-05 2.105885235611633605e-04 1.912878432335950098e-04 2.905971852760140636e-04 3.036702405750103502e-04 1.112039412081225476e-03 1.988391063123482730e-04 2.947232565153174951e-04 3.943099582941376417e-04 3.440799093444778337e-05 6.640903634062857966e-05 2.575483894902184739e-04 4.029769244614522534e-04 3.140235272260817200e-04 3.094004085145000179e-05 3.895711262009546625e-05 2.605480079516510155e-05 3.633528736169568791e-05 2.988397792224652691e-04 4.975726361909860130e-04 8.023369409783239706e-04
2.258747105394497460e-05 3.323404983442887473e-05 5.799853539932606596e-05 4.151009214362103527e-05 2.760184936363618545e-05 5.392868321512384874e-05 6.607268476758464972e-05 8.182864106881335305e-05 9.030102780108181858e-05 6.615931425351661579e-05 2.894544418205767847e-04 2.050165750522519952e-04 1.020610212757750302e-04 1.584595954442076212e-04 1.111798467231482884e-04 3.391873750681050634e-04 8.692850666618599472e-05 3.353864894245188878e-05 8.653347198043123928e-05 1.068039362430349361e-04 1.964507764136381660e-04 1.253976810006007326e-03 2.186618223522121367e-04 1.303914029561536797e-03 8.405718660055075658e-04 5.373505877791099131e-05 9.324380273782257233e-05 1.051450236048367915e-03 7.817219775737317949e-04 4.297628845157698552e-04 4.598788711813813651e-04 3.201207820614617377e-05 3.757630545588135085e-04 3.198881213030086102e-05 3.920165925623483871e-04 4.879719487599017179e-04 1.160676970799643878e-04
1.655351129151377365e-04 1.397149615198633337e-04 1.870987534086853907e-04 2.261754600977958088e-04 3.435851572518931318e-04 1.310226053677049731e-04 4.001791582464346922e-04 4.067326740425747204e-04 6.133334724294948071e-04 1.421839358048277487e-03 2.813561954078161974e-04 2.740625409368361697e-04 2.624852415585439110e-04 1.392522865205515076e-04 2.215251558650771155e-04 1.846678772979543472e-04 4.060185223871978040e-04 1.147510754935746887e-04 1.000000000000000021e-08 1.000000000000000021e-08 2.778973948181421411e-04 1.331872922409968343e-04 2.418070627493649734e-04 2.187915847290515276e-04 4.360838578525035839e-04 3.679947926722029012e-04 1.496018358945149212e-04 4.856855585963453631e-04 7.501203155675318030e-04 2.962438960853267249e-04 7.424398336795276856e-05 2.277288770414609664e-05 2.955855542634237758e-05 3.819168867222278644e-04 5.140419862270878635e-04 6.529681438677158091e-05 1.063765830748998988e-04
2.835117503374436163e-04 3.604111974690449023e-04 3.633314842464049595e-04 6.754232659335850228e-04 7.545525609380435410e-04 1.374979980412162827e-03 1.305400232104441316e-03 1.928292825953316879e-03 1.481929025518316078e-03 2.565630529160275227e-03 2.677414226148523008e-03 3.819627445631059316e-03 1.447580536282691826e-03 2.168447470080528752e-03 1.695208159941631902e-03 1.328135869140549931e-03 1.213620850406272201e-03 2.006702999068092543e-04 1.355546969490118456e-04 4.570564684120525633e-05 1.261784077284730380e-04 8.683019721037518041e-05 1.085394301266386373e-04 2.613341815240158728e-04 4.659650980423649591e-04 2.701997165408476448e-04 3.659710622542549025e-04 2.758046344144355266e-04 5.973438274166798390e-04 2.806528150004427256e-04 8.611790061242127119e-05 1.036270613676472605e-05 3.115116900611207052e-05 3.630680172440879942e-05 6.189894806737081040e-04 1.745965818808504762e-04 1.029649468606823342e-04
2.210135066253453469e-03 1.177647993175488664e-03 8.872746600377586770e-04 8.626539111417618746e-04 6.697750182443546526e-04 6.043957550382828480e-04 7.002699762650047097e-04 5.515498393724065692e-04 1.217883696670858055e-03 1.176476795083302015e-03 1.695946161762424244e-03 1.598489141588806898e-03 4.545382949029451100e-03 4.460392433364701419e-03 4.889227063143755311e-03 2.196452989587831597e-03 2.646441294915686734e-03 1.010242157516659609e-03 9.076113671937138111e-04 1.756189352797454459e-03 5.834921175237547421e-04 1.928754967487791405e-04 1.082060571785731966e-04 1.221598290355757242e-04 2.584803249770734686e-04 4.260484148023550594e-04 6.049360439002197595e-04 3.003988719499026952e-04 2.901978981409108864e-04 2.740372267708613991e-04 1.134710729580053418e-03 1.522902025470546431e-04 5.958650612355357814e-05 7.936906503583715392e-05 1.857094601537002661e-04 6.512338361973197512e-05 1.229365327361129311e-04
1.734181171253302341e-03 1.663777013320995963e-03 1.511399898444297767e-03 4.125676905453296538e-04 4.884545477768899649e-04 1.748263362813870644e-04 2.626690062984824488e-04 5.556482490572658625e-04 3.392403733353056882e-04 2.080220857689808202e-04 3.155341786582818177e-04 3.650710707084499611e-05 3.404735242364596533e-05 1.227522280036497939e-04 7.076152486193698632e-04 2.367844392921183896e-03 1.640500129714805985e-03 2.246218116910595267e-03 1.971163347467119915e-03 2.533863431026473975e-03 3.659289114367431355e-03 1.059507525825874276e-03 3.834822263282071917e-04 4.393082788487583904e-04 4.253079869395965480e-04 2.783756714036119914e-04 1.133190129677352906e-03 4.286426611812593941e-04 2.827523065197131953e-04 1.861387588743911416e-04 2.818191179117110956e-04 1.423207127113492539e-04 1.762958830567658178e-04 8.425101120407667830e-05 3.977101927709650558e-04 7.941691953228089849e-05 6.760737520696619618e-05
1.496844732448006365e-02 1.047279511710164090e-02 4.953830924326186116e-03 5.827725272240131225e-03 3.814773051561721074e-03 5.084292331404833068e-03 3.389206721528136360e-03 2.485897937212197973e-03 1.908409203445200373e-03 1.459445581770037062e-03 4.132894748986931308e-04 3.377416441036240244e-04 2.221735320200898638e-04 1.125259729616190390e-04 6.586069315867681788e-04 9.968710019532234755e-04 2.288391031265108420e-03 1.507320470545639923e-03 2.687923932949015833e-03 2.331424581728394532e-03 3.468114434964420390e-03 2.739390510924132396e-03 3.216254021416213409e-03 2.235508692602856343e-03 5.854463020927094547e-04 1.142506869475640304e-03 4.429050282410845491e-04 1.172700284308103363e-03 4.898432045160562229e-04 3.122339530992730922e-04 1.043508715192549184e-04 2.151174648173661500e-04 1.278356498268791268e-04 1.898176141873309875e-04 2.026432463004788909e-04 2.312143507880772280e-04 1.949345457824142860e-04
3.025591963677962473e-02 4.003953984176997910e-02 4.839186983649466922e-02 3.005496550780791323e-02 2.052717859443549051e-02 1.808321019248591149e-02 1.150741043403885264e-02 1.043750278841199322e-02 1.553423002357554039e-02 3.112526910353969126e-02 1.952786645129052714e-02 1.336010894245961110e-02 8.859800129523439857e-03 6.164602617236508361e-03 2.424716949092615634e-03 4.106506687955972790e-03 3.607020253714731794e-03 1.743574541045883261e-02 1.166127041758199638e-02 5.931191089873159850e-03 5.252126641981512412e-03 2.399728895203387391e-03 2.463600303591990340e-03 5.501327192177237098e-03 1.997512041434754831e-03 1.999767482755837426e-03 7.111677688816735697e-04 6.202864086396588442e-04 1.837812221994669041e-03 2.504580452268357921e-04 1.053427781381395171e-04 2.729282866738105308e-04 1.315295719969859301e-04 1.110736931961938583e-04 5.737584494744088146e-04 1.111503461175197816e-04 1.668217372162837003e-04
3.443486510468884987e-03 3.884304892314986539e-03 2.992570523164055866e-03 2.484117727935743203e-02 3.781504916116438381e-02 4.776946797319279320e-02 5.369675258549576335e-02 5.684763293697969733e-02 4.507784772241854587e-02 2.813529162560213584e-02 2.393719483550162119e-02 1.922716708295464649e-02 1.769806600690464540e-02 2.032978639785183381e-02 1.865623451234124305e-02 1.918563244444686233e-02 2.383941770470002566e-02 1.650143325582184226e-02 2.053046868946220918e-02 1.543379608708117003e-02 1.364277572228833960e-02 1.065393545950333101e-02 7.304165276626506040e-03 6.357230246858129596e-03 4.911423105225051593e-03 4.906274874700689882e-03 1.799031001601829110e-03 3.116768464825502970e-03 1.779042008413788322e-03 9.036924348488225255e-04 2.434877404668460367e-04 4.021167836848846700e-04 1.698840853527585812e-04 1.113464685322883936e-04 2.410355393116564351e-04 3.184558004184814806e-04 3.015539683280310719e-04
1.403417478739708369e-03 1.387458637774166862e-03 3.374607222114424463e-03 3.098984273563938369e-03 3.538228293922182632e-03 2.336668737024391682e-03 2.440255483653211779e-03 1.671202263142183928e-03 1.132910001368359933e-02 5.614301306242249802e-03 1.743278676160615187e-02 2.454300464459440237e-02 3.298503905850209972e-02 2.937932619191394729e-02 2.531461064804996219e-02 1.392159068037609332e-02 1.027423738235470375e-02 7.938015181061661846e-03 8.566011581654021934e-03 1.283448690428331922e-02 1.549942628208933297e-02 1.290132443296694402e-02 1.303806399904369924e-02 1.016292427886207432e-02 8.560221325234648043e-03 6.708611373765728178e-03 6.477276029015566552e-03 3.268127065678503446e-03 5.172049732979478939e-03 2.003515367590900844e-03 1.040757692540883158e-03 6.147446075028112616e-04 2.926402394447164858e-04 1.185353091830295639e-04 2.248015164840235771e-04 1.880270444630017829e-04 2.723189304041128203e-04
1.224781833130098854e-03 1.766904566301395665e-03 2.035863530978576381e-03 1.928204910025653994e-03 1.330720672612586801e-03 1.564403220333563044e-03 1.537712367628674788e-03 4.237187094314362641e-03 2.876489652461724708e-03 3.699041902765962380e-03 5.698795302970740065e-03 6.040109419056216913e-03 4.732573768057617841e-03 5.794806947129830729e-03 1.569744304207792637e-02 1.372524349130564703e-02 8.002419254997464315e-03 9.157671973861043063e-03 1.113566078191350825e-02 1.481995770807912650e-02 1.412108342621952277e-02 1.500516527178342302e-02 1.224870854159320135e-02 1.401157643663318228e-02 2.378050039258076606e-02 3.395568150573322758e-02 2.349911532187862195e-02 2.574193326157663692e-02 3.404738682561445073e-02 2.285228424507458264e-02 1.654769864712389918e-02 7.747155281624354406e-03 9.165669419817706193e-03 1.965812936202947139e-03 7.104262782885549651e-04 4.666348371447180264e-04 2.284721568770971593e-04
