output/water_depth_3600.asc
ncols 223
nrows 158
xllcorner 0.0
yllcorner 0.0
cellsize 30.0
[rows 119 to 135 of 158, columns 111 to 147 of 223]
5.919895931440820602e-01 6.158851163513193727e-01 6.249758762274301160e-01 6.226813960663850622e-01 6.160310738336273184e-01 6.068275236669931072e-01 3.523370209070276760e-01 4.722573943977558808e-01 5.288829435910294974e-01 5.565466970872195995e-01 5.787944306260474070e-01 3.079364989266235031e-01 1.824412239110199396e-01 9.015587931963234269e-02 6.750732118282704031e-02 2.601733110631488863e-02 1.755567771155657701e-04 5.653604741338382237e-05 3.999443511526101818e-05 2.002761160215786476e-05 1.000000000000000021e-08 1.005594773182131805e-05 1.885898000279416059e-05 3.849311627659647057e-05 7.940465890913030211e-05 1.139976812097055411e-02 1.095263170458187461e-02 5.885141102549897187e-05 4.797729861638947400e-05 4.385927335985801215e-05 1.000000000000000021e-08 1.000000000000000021e-08 3.536314975578713716e-05 6.607542872014494949e-05 2.241206282329939357e-04 1.027129296964396810e-04 1.608662940358357129e-05
5.189803903042752159e-02 2.917488120722395301e-02 1.751205537037241189e-02 9.323542113195968858e-03 5.514848792077654480e-03 3.578983194184812752e-03 2.661270891279077233e-01 1.269438271502824900e-01 6.481698265544301452e-02 3.309412837863599799e-02 3.239187927838953901e-02 8.148417149342100999e-03 1.000000000000000021e-08 1.397067042624845255e-05 1.000000000000000021e-08 3.101289366791585352e-05 1.489902493286103547e-05 1.975606400439956398e-05 2.792996246510655837e-05 1.029270545234379757e-05 2.161269931412927123e-05 3.426269137934845744e-05 4.541241904966520536e-05 6.048261758852473136e-03 9.719552720825887920e-03 1.045006135551434720e-02 2.874183960403188173e-04 3.791421487538676726e-05 6.179027008362837083e-05 1.000000000000000021e-08 2.080812890500255552e-05 1.000000000000000021e-08 4.092838716409443633e-05 3.441189599958545262e-05 1.736110231626985948e-04 6.241152057552098640e-05 1.386953028772715005e-05
6.320584257906741721e-03 3.199644505146460871e-03 1.542893142700855515e-03 8.194490538272012486e-04 4.473596586997369371e-04 2.749682267374185004e-04 9.051793520675834081e-04 1.943510933501820317e-02 1.048612923663329831e-02 6.684929602840628156e-03 6.192180117620909793e-03 6.450633859946858131e-05 3.550752285984870344e-05 1.252075160680638007e-05 1.000000000000000021e-08 1.338280196424224543e-05 1.000000000000000021e-08 1.000000000000000021e-08 1.474270494548452989e-05 1.000000000000000021e-08 1.251227652608601049e-04 1.116807396803830505e-03 5.536313309675014102e-03 5.747603643254546417e-03 5.747974783681825475e-03 1.503478170349709965e-03 3.797357968863881712e-05 1.000000000000000021e-08 5.600947271196861382e-05 3.817244695164268833e-05 2.816371957872516597e-05 5.846736386888281341e-05 5.102349240043944223e-05 3.315697090956197562e-05 2.067308635455108022e-05 4.756238238088939278e-05 1.784807962919757632e-05
1.000000000000000021e-08 2.010096201158753995e-03 1.769399653397686709e-03 1.231837053565894942e-03 9.723119707947540553e-04 8.189610411236711946e-04 6.756845274369560617e-02 5.534862088316337692e-02 4.347070961117473903e-02 1.194956572470839805e-04 3.781156574110341334e-05 4.760092697258088698e-05 3.316822242467114100e-05 1.000000000000000021e-08 1.000000000000000021e-08 1.000000000000000021e-08 1.000000000000000021e-08 9.843300419771118667e-05 3.752788772637603160e-03 4.012401758505059374e-05 3.284409052938548065e-05 4.695991993038655700e-03 4.843649251548854014e-03 5.621889098665061070e-03 2.203430307623331251e-04 4.509918021229941844e-05 2.835993995108761700e-05 1.000000000000000021e-08 3.340741120966248564e-05 1.817879827972081034e-05 2.392004412984948171e-05 4.433371397408499009e-05 1.000000000000000021e-08 1.000000000000000021e-08 1.000000000000000021e-08 3.023934883659812979e-05 1.000000000000000021e-08
1.202518413995878996e-04 2.168742735825965676e-03 3.247501284012840016e-03 2.643719410688591311e-03 2.008945091481114179e-03 2.039902629511966548e-02 7.603088941080721197e-02 6.854304039045922003e-02 2.844756802544815585e-04 6.743156197745121317e-05 1.000000000000000021e-08 3.081565535515875382e-05 2.806453933462324106e-05 1.000000000000000021e-08 1.000000000000000021e-08 8.843702141532274233e-05 1.000000000000000021e-08 5.014614336210113191e-05 1.876176494622922985e-04 1.888670097121716656e-04 5.079942821628078559e-03 4.566317393097637199e-03 4.686518214868116983e-03 1.286484510480895684e-03 2.622041033406250101e-05 3.067580015271706081e-05 3.189142202965862603e-05 5.259886486907543846e-05 1.173917030380864005e-05 1.000000000000000021e-08 1.006479302663947565e-05 1.197993407958407318e-05 1.000000000000000021e-08 1.000000000000000021e-08 3.908087436503608842e-05 3.095517081650107135e-05 1.672716691393533607e-04
1.777636883170522595e-05 3.805831722682470695e-04 2.560758669360292238e-03 5.406234725498997029e-03 1.001498289850327392e-02 1.890670430700969185e-02 6.407685453694582541e-03 1.000000000000000021e-08 9.798832185517063241e-05 6.926352539152590289e-05 5.144920092200150439e-05 1.000000000000000021e-08 3.663971939203284803e-05 3.856933426944159169e-04 6.379796902340218465e-04 9.202715113475189732e-04 1.596880004302045982e-04 5.194456921282423036e-04 8.612975864821286126e-04 5.489354429349915104e-03 1.751524256443491231e-02 5.176105575013432124e-03 2.872609669958023988e-04 6.986170699174405264e-05 2.961632156439796527e-05 3.072479594575812091e-05 1.572975904269799667e-05 1.000000000000000021e-08 1.000000000000000021e-08 1.000000000000000021e-08 1.000000000000000021e-08 1.000000000000000021e-08 1.000000000000000021e-08 1.000000000000000021e-08 7.494961598394733846e-05 2.387153141120490008e-04 1.561126912313981957e-05
2.162041465803603497e-04 2.205953904437611961e-04 2.091554666387319267e-03 9.440841997416715356e-04 5.266202897115079481e-03 1.593271258595541778e-02 2.832242054582056329e-03 2.977473059139139724e-05 4.746921162421747413e-05 5.518860561332047276e-05 4.563739188718749943e-05 1.000000000000000021e-08 2.009377274659934136e-04 3.652789183259639596e-04 1.955598595590576005e-04 3.052764326431187006e-04 4.451808298599369430e-04 1.654370248545261471e-03 5.020238038155081742e-04 7.907231497556752118e-04 4.463734618289496659e-04 7.092590570861749327e-04 3.318466293763312237e-04 3.447132424170307489e-04 3.807701139969880120e-04 1.000000000000000021e-08 4.799301664396357089e-05 1.000000000000000021e-08 1.000000000000000021e-08 1.000000000000000021e-08 1.000000000000000021e-08 5.182880189811577324e-05 1.000000000000000021e-08 1.842982272088932773e-04 1.990162801949057906e-04 2.352178067243003865e-05 1.000000000000000021e-08
6.168054659872632085e-04 4.412503000944012141e-03 3.484064900324872205e-03 7.727336368618261363e-04 3.616049773925539626e-03 1.253572880472067670e-02 3.935680737549101214e-03 1.000000000000000021e-08 1.000000000000000021e-08 1.000000000000000021e-08 5.679171755392725207e-05 1.057038087472665178e-04 1.228952110966398783e-04 3.626585055815072928e-04 1.152794832110056242e-04 3.860850347400377651e-04 2.336135049973086034e-03 2.037358315842114145e-03 3.541206287550886615e-04 5.669275204002192838e-04 2.279938226960844178e-04 3.766981230610898733e-04 2.956118759274407003e-04 3.492123011102371436e-05 5.521356092205335431e-04 1.204923427648371410e-04 2.884996282119552108e-05 2.228729550297399865e-04 1.000000000000000021e-08 6.906591164071249490e-05 8.239749894755828174e-05 6.372850529303527493e-05 8.921499986705997342e-05 2.552715733910635142e-05 1.188020984546941572e-05 1.497958888134702804e-05 1.000000000000000021e-08
2.000802607980993117e-04 5.222479857639578636e-04 1.531021976099634528e-03 3.265032343295658571e-04 1.261062957452092946e-03 1.134326064102003997e-02 6.087643300097717730e-03 1.000000000000000021e-08 1.000000000000000021e-08 1.931297323380996682e-04 5.787636043463247081e-05 1.452353469006759513e-04 1.000000000000000021e-08 9.208228407946314963e-05 1.252278832373640235e-04 5.152739038598062394e-04 2.071636179566652310e-03 1.359447881566346788e-03 7.918819166939540652e-04 6.664781843171800873e-04 8.047208322774949485e-04 5.341638192797074726e-05 5.440442504852602165e-05 2.294259490017382225e-05 1.000000000000000021e-08 6.076340458710355298e-05 5.882614350398957068e-05 3.197428718465938641e-04 3.006100888207523312e-04 1.187586646535328987e-04 6.953757986396850944e-05 3.067643115155300657e-05 7.530865427032558488e-05 1.594577665843262176e-05 1.000000000000000021e-08 1.136977154740342251e-05 1.000000000000000021e-08
1.444098222925045607e-03 5.884311820423777451e-04 8.224125681927350353e-05 1.261647902375602915e-04 9.516652978235054712e-05 9.892665725677580665e-03 3.008315836642815738e-02 4.165779236597551283e-02 3.359252581183216316e-04 4.570177382465330295e-05 4.526689338516170987e-05 3.577162960004271467e-05 1.204014882360057302e-04 1.072287605901207897e-04 1.078567702586862254e-04 4.719799416459684771e-04 2.639249195602927280e-03 3.560078227204512089e-04 2.327346996326402451e-04 1.962501313793857502e-05 1.394501240600628698e-04 5.472012708014069277e-05 1.000000000000000021e-08 1.000000000000000021e-08 4.399405997765513200e-05 1.419041134797563420e-04 6.227092097469782940e-05 2.592522396230229932e-04 1.397423244610744813e-04 9.683173533050852804e-05 6.631639771273442944e-05 1.983412858912851843e-05 4.581056539173651137e-05 1.638177694829433132e-04 8.622563825381414826e-05 1.356643751727604536e-05 1.000000000000000021e-08
1.053450550873541057e-03 1.413006364704901116e-03 2.809839942990089210e-05 4.580782839839530127e-05 4.878765838527993482e-05 1.826875352954043536e-03 7.931613339197205598e-03 8.964783582791515174e-03 2.115879772652995872e-04 1.000000000000000021e-08 2.235735483498919713e-05 3.671127628073590717e-05 1.052412771544695990e-04 5.069179390840691725e-05 6.423179252711200000e-05 9.624722398117772307e-05 3.021280012668605634e-03 2.360107485295934366e-04 1.545396842093132964e-05 2.105519119832180059e-05 1.000000000000000021e-08 6.405082232048649649e-05 1.261196848056721329e-04 8.773720209250264837e-05 3.470325944592361701e-05 1.000000000000000021e-08 3.592395783849453191e-04 1.760673073180546238e-04 1.237112880622297044e-04 5.094840525242885781e-05 3.560327910059306463e-05 1.000000000000000021e-08 1.000000000000000021e-08 1.000000000000000021e-08 6.901510416984403139e-05 1.177434295512888468e-05 1.000000000000000021e-08
2.641133624123204876e-04 2.749556061006660883e-04 3.842511850094672233e-04 4.523449731931704912e-05 1.054396730560161309e-04 8.536408895173802375e-04 2.728106199722515977e-03 7.581894660966323821e-03 2.699032723725500725e-04 1.795361444573665029e-05 2.362659104553511275e-05 3.066647604800844127e-05 4.152153509008063380e-05 4.852480733710759926e-05 4.667156122009966362e-05 4.193848414872088743e-05 2.228640842629318365e-03 1.329983598932250707e-05 1.000000000000000021e-08 2.151539413771586236e-05 1.000000000000000021e-08 6.432535514997539210e-05 1.000000000000000021e-08 1.016157755482852284e-04 2.939225575785335787e-05 7.930060282013350829e-05 2.687973432383673972e-04 1.131300994888837885e-04 1.121954309767024110e-04 1.438084139413452200e-05 1.000000000000000021e-08 1.000000000000000021e-08 1.000000000000000021e-08 1.000000000000000021e-08 1.000000000000000021e-08 1.408493975806626123e-04 1.000000000000000021e-08
6.225105152747190259e-05 1.832837946210933583e-04 3.187451619562470229e-04 5.039423880540498928e-04 7.279626650934154213e-04 6.684523715513923442e-04 2.708834694320465079e-03 7.214975096790435249e-03 9.076335135430452922e-03 1.495271102704816259e-05 1.195670512635256262e-05 1.583881749717767613e-04 3.930944827941847450e-05 2.375649383955371019e-05 2.528422430515916053e-05 1.000000000000000021e-08 4.933408647662751792e-04 4.198859212913278632e-05 1.928700333248466883e-05 2.122976596169461370e-05 1.000000000000000021e-08 6.594684686540844211e-05 4.624323113963734155e-05 6.034135080025811539e-05 2.309111409287992891e-05 7.301510191674014810e-05 1.698757394559703552e-04 9.739370207413669534e-05 1.082497602123588294e-04 1.000000000000000021e-08 1.000000000000000021e-08 1.000000000000000021e-08 1.000000000000000021e-08 1.000000000000000021e-08 1.000000000000000021e-08 1.624260103420984271e-04 1.000000000000000021e-08
3.187614914568809348e-05 1.000000000000000021e-08 1.555291120198621984e-04 2.348443654627028012e-04 7.824084480095563812e-04 3.447052490810033169e-03 4.880214195878104441e-03 6.019303401220141465e-03 1.018377472016587489e-03 1.172519696703866162e-03 4.996591547466100382e-05 1.000000000000000021e-08 2.591098368569732811e-05 1.557497690401284698e-05 2.637411278165687587e-05 1.011595658175378409e-04 5.203419133010519842e-04 5.477333923144783300e-04 1.000000000000000021e-08 1.000000000000000021e-08 7.153377464192861330e-05 4.593122446678203966e-05 4.486749139110143652e-05 2.752842524615661135e-05 1.249603970831385697e-05 6.347567321622157757e-05 8.819897305757811476e-05 9.564866897178117165e-05 4.805212990505646555e-05 1.781051176524652745e-05 1.000000000000000021e-08 1.000000000000000021e-08 1.000000000000000021e-08 5.393039865408688773e-05 1.019806656806998492e-04 1.121500023795765725e-04 7.944750894939886076e-05
2.587050546870935011e-05 1.000000000000000021e-08 1.000000000000000021e-08 1.434451146519967110e-05 5.954001078506945301e-03 5.373945692942334353e-03 6.313020662508117727e-03 1.692953167513593137e-03 5.482670346896394674e-04 1.744709222737803782e-04 8.600767633800418879e-05 1.726213014554802338e-04 1.476699559492000735e-04 1.002267315288888819e-04 1.579834318149854293e-04 1.678486283097093106e-04 1.737661351773086508e-03 7.769774702677762022e-04 1.620658600635623350e-04 1.680136309052998784e-04 4.612949900022282048e-05 3.064802162593879402e-05 2.340926240476591774e-05 1.573848327107014888e-05 1.000000000000000021e-08 4.289119167510404510e-05 4.983484431505181054e-05 5.131749995664441314e-05 2.915579366462356227e-05 1.434917193550601338e-05 1.000000000000000021e-08 1.000000000000000021e-08 1.000000000000000021e-08 5.585063726487966222e-05 1.112278223429381948e-04 5.938988581490340632e-05 1.000000000000000021e-08
1.000000000000000021e-08 1.551270986658313786e-05 1.000000000000000021e-08 1.000000000000000021e-08 9.331069252985941273e-05 1.877444012054460543e-02 2.344595743577325073e-02 1.368800531655343759e-03 3.525059974239156237e-05 1.361610651123242369e-04 4.009236429242607420e-05 6.152110577555505884e-05 1.000000000000000021e-08 9.151757023905694049e-05 9.808526911842472271e-05 8.323690405525920315e-05 9.233293127894218275e-04 8.030673325990401882e-04 1.028395209595695057e-03 3.914270195478932433e-05 1.000000000000000021e-08 1.183594051147046977e-05 1.152807801217282444e-05 1.000000000000000021e-08 1.000000000000000021e-08 3.026636388419696257e-05 1.000000000000000021e-08 1.767177615666024805e-05 1.508650772109988959e-05 1.260287741188243000e-05 1.190252436422002935e-05 1.000000000000000021e-08 1.000000000000000021e-08 7.951649988705427892e-05 4.816924052250334826e-05 2.331930176464681100e-05 1.000000000000000021e-08
1.000000000000000021e-08 1.000000000000000021e-08 1.000000000000000021e-08 1.000000000000000021e-08 1.000000000000000021e-08 3.313666673311135846e-04 6.732929376220445766e-03 1.530158810597785288e-03 5.110003691144247146e-05 4.515533184820886203e-05 6.777561155127912070e-05 4.233594902160206053e-05 1.465651955133024102e-04 1.492592308568130516e-04 1.000000000000000021e-08 1.000000000000000021e-08 1.000000000000000021e-08 2.838414355465499118e-05 1.351117370542078154e-05 3.997982295608095126e-05 6.478742223271374649e-05 3.556003404706378724e-04 3.945935249163154868e-05 4.511674478412926675e-05 4.450096841983124210e-05 1.206729687522399051e-05 1.000000000000000021e-08 1.000000000000000021e-08 1.000000000000000021e-08 1.000000000000000021e-08 1.000000000000000021e-08 1.979720154902208423e-05 1.000000000000000021e-08 5.117080145867874670e-05 3.797110563465628836e-05 2.682390827659057668e-05 1.000000000000000021e-08
