output/water_depth_2880.asc
ncols 223
nrows 158
xllcorner 0.0
yllcorner 0.0
cellsize 30.0
[rows 119 to 135 of 158, columns 148 to 184 of 223]
4.168278273593317604e-05 5.539083448509570586e-05 8.657049672312731739e-05 7.245918070212324625e-05 2.379205241175516312e-04 2.278868424302074678e-04 4.296964678078682084e-04 3.171995309669425835e-05 2.813495144689109331e-05 2.718032936468566877e-05 1.399455947919694911e-04 1.318815021356962026e-04 2.620409353756624014e-04 3.758846531815888893e-05 2.279482194561631149e-05 8.089053144534098794e-05 4.399294426396903454e-04 4.660405263433473012e-04 4.577587005229754062e-04 4.941546774936177444e-01 1.691055649815046021e-04 1.427105581167050809e-04 6.156282587942480842e-04 9.915777999244873499e-05 1.000000000000000021e-08 7.897127264991695296e-05 2.417885863758113471e-04 1.000000000000000021e-08 1.000000000000000021e-08 1.000000000000000021e-08 4.056281870640516944e-05 2.322238626748921155e-05 3.279253477439651900e-05 2.913750977193422492e-05 4.274584667498963818e-05 1.606216901347799775e-04 1.627841112044750365e-04
2.499114401639020849e-05 5.662737471756806921e-05 4.341837960981382173e-05 2.145681767961200306e-04 1.949831167848031007e-04 4.391789952645161759e-04 1.872648859221118087e-05 3.820559305349947486e-05 1.000000000000000021e-08 4.597026075112469400e-05 6.014678726847175059e-05 9.469429125988853375e-05 9.740256053822119971e-05 1.914877583676930365e-05 1.148453456802870504e-05 9.506659920354549285e-05 5.256306859624259610e-05 1.839128494236715343e-04 2.758018857795517214e-05 8.658532598325422336e-05 1.000000000000000021e-08 1.894445090226872929e-04 1.208446922242773533e-04 1.000000000000000021e-08 6.195283383613451765e-05 6.247729134240295301e-05 1.298186760204777114e-04 1.000000000000000021e-08 6.775197609098238265e-05 7.040275415937928170e-05 1.521503621283760683e-05 2.047466776476932295e-05 3.943027550368945585e-05 5.997344734080001260e-05 8.126415054379512184e-05 8.384573709669873522e-05 1.423522605203802202e-04
2.298453109685380757e-05 3.707667309841125895e-05 1.279178167735644611e-04 2.467175485943415877e-04 3.680015315685101996e-04 7.242541354549460013e-05 2.517208450828054670e-05 1.000000000000000021e-08 1.000000000000000021e-08 2.672817426992629819e-05 6.408246743960523920e-05 6.997224212454662229e-05 1.113597214956603377e-04 2.490600202319968545e-04 1.692828474821931158e-05 6.295485772933171376e-05 3.495403213639316044e-05 1.334501108476418476e-04 1.297544636597288410e-05 7.887016407650525318e-05 1.905782787500375148e-04 7.422369157252191633e-05 1.061721723306769766e-04 1.000000000000000021e-08 1.000000000000000021e-08 7.592087786819246443e-05 6.629858124470879813e-05 1.000000000000000021e-08 4.284081973207004102e-05 4.848923738658683094e-05 1.000000000000000021e-08 1.000000000000000021e-08 1.000000000000000021e-08 1.000000000000000021e-08 4.157782266402516397e-05 1.000000000000000021e-08 1.000000000000000021e-08
2.900012875269231865e-05 4.728447386024572864e-04 9.368120292124960035e-04 1.533495861165395458e-03 1.000000000000000021e-08 4.480313156184491890e-05 1.961369454354929762e-05 1.000000000000000021e-08 1.000000000000000021e-08 1.818070412131423172e-05 4.728442671398409028e-05 8.169720367152741151e-05 7.874598154767116400e-05 2.898393633922150426e-04 8.707869736100776171e-05 3.568508293156301392e-04 3.622991214407776629e-05 9.749402695299488832e-05 9.394145329643253570e-05 1.996062873400551439e-05 1.731230442017747163e-04 7.640411364423492795e-05 5.136886632563883069e-05 1.000000000000000021e-08 1.000000000000000021e-08 1.103749940657564481e-05 5.398467470099114557e-05 1.000000000000000021e-08 2.266001062239208529e-05 2.487975269601000911e-05 1.000000000000000021e-08 1.000000000000000021e-08 1.212348106480390539e-05 1.547313853476938581e-05 1.899302040607395847e-05 1.000000000000000021e-08 1.000000000000000021e-08
3.044965767720600371e-04 4.298145841978057738e-05 1.444973859737403777e-04 1.066717187693600258e-04 1.000000000000000021e-08 2.867650842496136023e-05 1.000000000000000021e-08 2.449852204355987837e-05 1.000000000000000021e-08 2.724475381676452832e-05 2.151517269345685980e-04 4.626834779381340849e-04 9.037798864665436247e-05 1.282459445498604215e-04 1.180930888119583122e-04 3.763945359402072542e-04 1.000000000000000021e-08 1.375910082048694056e-04 1.448540662932712291e-05 2.674549169848594550e-05 6.883676770109501265e-05 5.284944671706237043e-05 4.876487688456029369e-05 3.189378143313149444e-05 6.262951979741779513e-05 1.000000000000000021e-08 3.208584370940483979e-05 6.116017695523691226e-05 7.497116670360442299e-05 1.362184283015935077e-04 1.483893319716052261e-04 1.507270182541200262e-04 1.418303341965949471e-04 1.000000000000000021e-08 1.000000000000000021e-08 1.473568824625672058e-05 1.000000000000000021e-08
1.000000000000000021e-08 2.526664133790201383e-05 1.041952272292953174e-04 6.188557448162377889e-05 1.000000000000000021e-08 2.891431541842044185e-05 7.953275932385351970e-05 3.864751659731146486e-04 1.000000000000000021e-08 1.192998842338596462e-04 1.361583302808401594e-04 5.418238143621678486e-04 3.156135891167593513e-04 1.093184090828827141e-05 2.270898090825088900e-05 2.711994367298366649e-04 1.000000000000000021e-08 6.681066025166507378e-05 1.000000000000000021e-08 1.000000000000000021e-08 3.007137060216970100e-05 1.517002451273866991e-05 2.929000774874673205e-05 3.935973571702561864e-05 5.191697455734332217e-05 1.110250732351961345e-04 1.105392521308413582e-04 1.348048158586032835e-04 1.429022140652885613e-04 1.205345316482039442e-04 4.509293042238456513e-05 1.512555299294117242e-05 1.000000000000000021e-08 9.231177220818384869e-05 8.179890007278662581e-05 1.000000000000000021e-08 1.957194291637519409e-05
2.279183563904852000e-05 7.221668268207157319e-05 2.892191856046343672e-05 7.084775368037755569e-05 1.000000000000000021e-08 2.037744272048511428e-05 6.990062995504502899e-05 2.958803086398211044e-04 1.052906583668595272e-04 6.228733222588216220e-05 1.499603804306199023e-04 4.011809552757933145e-04 2.237653475645878245e-04 1.112608092916702880e-05 1.858689238214715204e-05 1.762636938281854869e-04 1.000000000000000021e-08 6.604384457027876192e-05 1.000000000000000021e-08 7.566901390025053550e-05 1.033441962481091179e-05 1.533055567952632941e-05 1.758686543584927695e-05 2.146040263243192644e-05 2.406980038193375041e-05 3.771276340743337247e-05 9.975304196264626725e-05 1.520249044239422123e-04 1.625124574734708807e-04 1.000000000000000021e-08 1.180999348827534722e-05 1.226420469853028003e-05 1.308837561457458201e-05 1.000000000000000021e-08 2.514306725956707650e-05 2.283032807480030443e-05 2.572471493790778451e-05
1.601071874712050675e-05 4.409830074467251647e-05 2.939622246091775726e-05 5.075894005719617987e-05 1.945571189707940055e-04 2.072884047903065374e-05 1.013246290051643411e-04 1.782050124379077922e-04 1.127941629130699069e-04 6.093694668154387345e-05 1.614578871014471734e-04 1.243752074348680845e-04 2.548861425297023540e-04 1.000000000000000021e-08 1.668094427063571570e-05 9.796352278059273827e-05 1.000000000000000021e-08 5.663756779538959684e-05 3.428710568455144110e-05 3.535840828644359023e-05 4.737052792379651807e-05 5.140832088299144247e-05 5.224052016708704432e-05 1.000000000000000021e-08 1.000000000000000021e-08 3.186006403293527523e-05 9.045430291351162788e-05 1.651692218389268435e-04 1.891993909523652373e-04 3.340835131741230480e-05 2.944111730580247356e-05 3.130230801463182536e-05 4.231911450149752961e-05 1.353903157957516563e-05 1.000000000000000021e-08 1.536411354684628989e-05 2.080274911312931786e-05
1.000000000000000021e-08 4.119572984360170010e-05 1.923953547844631980e-05 5.890925527726957302e-05 1.002896359967228715e-04 1.530720414086430219e-05 5.539604778238664540e-05 1.459156880986686353e-04 1.189107274130720901e-04 8.767313310898435083e-05 1.404789813369289059e-04 1.000000000000000021e-08 1.328285835060066247e-04 1.000000000000000021e-08 1.009788239609767434e-05 3.052095294055723974e-05 4.522455719181015996e-05 3.796266066446858748e-05 5.840089842490678643e-05 7.243501202549991979e-05 8.983495870567773231e-05 8.916928662642521709e-05 1.000000000000000021e-08 1.000000000000000021e-08 1.000000000000000021e-08 2.486556971928518959e-05 8.864628663382468526e-05 1.353702105035654792e-04 2.073886941674198624e-04 1.825239993644698136e-04 1.669829367935981603e-04 1.684196949039104573e-04 1.632181772649990068e-04 2.036875451460565955e-05 1.000000000000000021e-08 1.896147803044646830e-05 2.281429976273306723e-05
1.943245647481812218e-05 2.749903197540581868e-05 1.900245883519935983e-05 4.507409771519252085e-05 9.192317669820490339e-05 1.447332391537493534e-05 1.000000000000000021e-08 8.227232183646724034e-05 1.047702925484637134e-04 1.293940537696754134e-04 2.932986024083759186e-05 6.455955791093009064e-05 6.882484394639820245e-05 8.534958128967532875e-05 1.000000000000000021e-08 1.008942616199607247e-05 1.035848052423470106e-05 2.807595141055360964e-05 4.863371376867896116e-05 6.312016177343139406e-05 1.162101415178442643e-04 1.506053672133591929e-04 1.591210641920823645e-05 1.440935233041677169e-05 2.032531632346874385e-05 1.000000000000000021e-08 1.000000000000000021e-08 1.000000000000000021e-08 1.000000000000000021e-08 1.000000000000000021e-08 1.000000000000000021e-08 1.487864286622673929e-05 3.894764961268515520e-05 5.657832713155144078e-05 8.793474965266374552e-05 3.085577621886061275e-05 6.045006391252946286e-05
1.520541087668059203e-05 2.964262482234593016e-05 1.527094055322852743e-04 3.078588236770771658e-04 8.418604628235155083e-05 1.052759959795429774e-05 1.547289598910802494e-05 2.752365917997456885e-05 1.031437692356307578e-04 6.289208336663360400e-05 2.691282803124095779e-05 3.849316866743114922e-05 4.880869215007627832e-05 5.855752643299394640e-05 7.397544355969195564e-05 1.344522352072999728e-04 1.400920584641485069e-04 1.291700518591187228e-05 1.722192684539297934e-05 1.821732258678486881e-05 3.362118185888917634e-05 4.203365399514361240e-05 5.636899299784151887e-05 5.434928885426064420e-05 7.673550222467100633e-05 7.268055157953755318e-05 4.504103097247840067e-04 4.006872944925688070e-05 1.337681418668702925e-05 1.000000000000000021e-08 1.000000000000000021e-08 1.907588821112282855e-05 2.656115404723620845e-05 6.171321031731130105e-04 5.275716036765717380e-04 5.064250398784260997e-04 6.593383337363607939e-04
1.649441730805451133e-05 1.660801119672914317e-04 2.220717063973606722e-04 1.168605350483172049e-04 7.546491879692352064e-05 1.172782353718844526e-05 1.000000000000000021e-08 1.255497140275162346e-05 2.257709858766721576e-05 3.439994763057532183e-05 3.028019207862785942e-05 2.443832879409885587e-05 2.411447559316147495e-05 2.697367987053076759e-05 4.089618691091351406e-05 1.000000000000000021e-08 1.000000000000000021e-08 1.089805362779397430e-05 1.458969515823003536e-05 1.972606889482307117e-05 2.594521720935977498e-05 2.521238013714987533e-05 3.010777989932398671e-05 5.244311807903564342e-05 6.728673195527825441e-05 1.201301329622599394e-04 2.665593268003285860e-04 4.881832754967322502e-04 5.371303230789282231e-04 8.331407656293509430e-04 8.720006131613784956e-04 1.355893025035195213e-03 1.386884676868573463e-03 1.982551221769502433e-03 1.225797489183396739e-03 1.547684991082756353e-03 1.187278679920498537e-03
3.581301194557982414e-05 1.000000000000000021e-08 1.056314430538041264e-04 7.612162596320584174e-05 6.809474244906156971e-05 1.253666695216700574e-04 1.269811475588791469e-04 1.000000000000000021e-08 1.000000000000000021e-08 1.007173916924706316e-05 3.638988424718363977e-05 4.893023204687627585e-05 5.634084080132888286e-05 6.547478306345007814e-05 8.779075345328718591e-05 1.524396529600664232e-04 1.574183443817449597e-05 1.437702903642719305e-05 1.977620470168630471e-05 1.749148703416667779e-05 2.417884024348418355e-05 2.459010177542195110e-04 3.488757000007922039e-05 4.767912113645532700e-05 4.622726275181354851e-05 7.419262879970510503e-05 4.206781811196847473e-04 4.175736019085841944e-04 6.463287207182926049e-05 7.839250942245572066e-05 6.859001414131902152e-05 4.289788780709601242e-04 3.625971129936656103e-05 3.046600949120230789e-05 3.667077173487459673e-04 5.852203853417597057e-04 1.029674530297306672e-03
4.420474982466976075e-05 1.000000000000000021e-08 5.358502543916487655e-05 3.866382917619236694e-05 6.510349668273190656e-05 6.657810569024064258e-05 7.341892419308759950e-05 7.300459410377438982e-05 7.188603674778790034e-05 7.139738626661260230e-05 1.000000000000000021e-08 1.000000000000000021e-08 1.000000000000000021e-08 7.412380595225077386e-05 1.000000000000000021e-08 1.018143789257446480e-05 1.703994377526943968e-05 1.498171147991255167e-05 6.369484528873115838e-05 8.399564696311633775e-05 1.000000000000000021e-08 8.980687690961139922e-05 1.190913513871141237e-04 9.445472972065105226e-05 1.050860935684131119e-04 1.305555734393840572e-04 1.000000000000000021e-08 1.000000000000000021e-08 1.000000000000000021e-08 1.000000000000000021e-08 1.437485828613650686e-04 9.838208597881031500e-05 3.938655097542153580e-05 3.935750150457293907e-05 1.494593106240520673e-05 1.538284421607517838e-04 3.331204990287806554e-04
1.275869974654489804e-05 1.000000000000000021e-08 2.561288066168603662e-05 4.449499304031960946e-05 4.877129047040993645e-05 3.764879602483777089e-05 3.462298634727547722e-05 8.443297929900971707e-05 1.130211380138376639e-04 1.200852349661958460e-04 1.000000000000000021e-08 1.000000000000000021e-08 1.423098349632898595e-05 1.000000000000000021e-08 1.000000000000000021e-08 1.000000000000000021e-08 1.000000000000000021e-08 1.000000000000000021e-08 7.778588150038425765e-05 1.213536824718190635e-04 1.145808523221467161e-04 1.000000000000000021e-08 1.000000000000000021e-08 4.071185571045821122e-05 2.622852845732565272e-05 6.629912068811933919e-05 7.900471750748568132e-05 3.571054771918904305e-05 1.422899644119902962e-05 1.295429138648016571e-05 6.306051615180126801e-05 1.000000000000000021e-08 1.274422449743480416e-05 1.648700791619023872e-05 2.990739507853706154e-05 4.882730540071952331e-05 9.474435150841812963e-05
1.000000000000000021e-08 2.235851858799930668e-05 2.534273266000913096e-05 2.831371964588191595e-05 3.493105956652770331e-05 1.000000000000000021e-08 1.000000000000000021e-08 5.697678432973497380e-05 9.893281826538727244e-05 1.000000000000000021e-08 1.000000000000000021e-08 1.000000000000000021e-08 1.000000000000000021e-08 1.000000000000000021e-08 1.000000000000000021e-08 1.000000000000000021e-08 2.760766465688311536e-05 1.000000000000000021e-08 8.899129762203949676e-05 1.679816661108927522e-04 1.000000000000000021e-08 1.000000000000000021e-08 1.000000000000000021e-08 6.571591282526985693e-05 1.000000000000000021e-08 5.899446204755991923e-05 9.585063424335062750e-05 6.132732272566066619e-05 5.306602868991074085e-05 9.489118872484938409e-05 1.128539569475219515e-05 1.136430293746747128e-05 1.781477233540111098e-05 1.964901734119270884e-05 4.800283505859822479e-04 9.359284165531686010e-05 3.294043347843254442e-05
1.000000000000000021e-08 1.000000000000000021e-08 2.928712162807259287e-05 4.100769225301354083e-05 6.011450886989591527e-05 7.283964994661199085e-05 7.864675958862709672e-05 1.000000000000000021e-08 2.933683982692637739e-05 1.000000000000000021e-08 1.247736155219739726e-05 1.000000000000000021e-08 1.000000000000000021e-08 1.000000000000000021e-08 1.000000000000000021e-08 1.000000000000000021e-08 2.404128325031715171e-05 6.032017110291579693e-05 1.304233219439031853e-04 2.235663601675541134e-04 1.000000000000000021e-08 1.000000000000000021e-08 1.000000000000000021e-08 1.000000000000000021e-08 1.295430808468575184e-05 1.353560381088697074e-04 1.000000000000000021e-08 1.000000000000000021e-08 1.000000000000000021e-08 1.389951668669149457e-04 1.000000000000000021e-08 1.000000000000000021e-08 1.000000000000000021e-08 1.122901619712129488e-05 1.306795312253123118e-05 1.000000000000000021e-08 2.937524185367061766e-05
