output/water_depth_3240.asc
ncols 223
nrows 158
xllcorner 0.0
yllcorner 0.0
cellsize 30.0
[rows 119 to 135 of 158, columns 37 to 73 of 223]
1.000000000000000021e-08 2.373629681173391385e-05 6.559641894523271272e-05 5.724606479782961193e-05 1.166982462000365673e-04 8.556261369073927679e-05 1.596752882401294559e-04 1.100635384020014283e-04 1.922129713029674543e-04 1.241122940241462102e-04 2.031656752199667419e-04 1.252976744544701004e-04 1.991210856369250888e-04 1.219750837309854259e-04 2.127753746582950649e-04 1.506695880668606732e-04 2.993594853233931996e-04 7.800261121566885204e-04 1.112941923083955731e-03 6.098990773371548019e-02 6.865983473202977305e-02 7.842878504931712069e-02 4.529998130649670607e-02 3.169061700006315513e-02 1.609572007554809642e-02 9.813844736525157222e-03 7.374944525705088433e-03 3.916101547313136853e-05 1.834442040167649898e-04 2.030481294742170513e-05 1.000000000000000021e-08 1.138762167207628282e-05 2.468782891396543411e-05 1.000000000000000021e-08 1.000000000000000021e-08 1.439938076937668546e-05 1.000000000000000021e-08
4.457019277747628931e-05 1.271741706551564278e-04 1.900638870101065050e-04 1.834871080851001963e-04 1.029953744697854607e-04 1.703989728356216206e-04 3.199146072686598103e-04 5.927487370314353347e-03 1.199415869164130108e-02 1.398887273182804897e-02 8.416622167658784764e-03 1.206670655576025028e-02 1.748983901977033475e-02 2.701796839176447140e-02 3.227702361405922205e-02 3.699691296878873659e-02 4.096223352574263760e-02 4.487488276542745541e-02 4.885490767864463652e-02 5.389573872101102031e-02 5.535622924622120647e-04 1.423844690255344049e-03 5.343701558634082749e-04 1.207760960437012686e-04 1.000000000000000021e-08 1.000000000000000021e-08 1.144457557258792208e-04 1.000000000000000021e-08 2.029994867390640242e-04 1.809382195070163518e-05 1.048689735192341387e-05 1.000000000000000021e-08 1.704659481323516103e-05 1.000000000000000021e-08 1.000000000000000021e-08 1.000000000000000021e-08 1.000000000000000021e-08
1.595904031259742393e-03 1.238162320608154074e-03 9.613762026415075294e-04 1.629578343159342429e-04 1.361124560369957482e-03 3.463463163719170124e-03 1.320434315243450112e-02 2.006244859261330921e-02 1.376043911216437432e-02 1.619660670937650426e-02 1.986046533223647520e-02 2.183914136503145240e-02 1.533323368213665439e-02 8.016365822458654256e-03 9.833222229091199973e-03 2.918598675296637732e-03 3.250557461227224654e-03 8.786463883253233572e-04 4.893492389550591157e-04 2.355482107110380024e-04 5.253026971644962238e-04 4.933412045285930688e-04 1.048360637248451136e-04 4.012288037505813915e-05 1.110719262134544379e-04 1.000000000000000021e-08 1.278856005972891054e-04 1.000000000000000021e-08 1.217562530764058242e-04 1.000000000000000021e-08 1.000000000000000021e-08 1.000000000000000021e-08 1.757640793050792134e-05 1.000000000000000021e-08 1.000000000000000021e-08 1.000000000000000021e-08 1.000000000000000021e-08
2.467780169370612300e-03 2.745292219400861933e-03 2.085219682969374332e-03 2.587673456047983635e-03 7.422884393990184480e-03 1.792080810557149587e-02 1.095406789767110027e-02 5.630680024081311484e-03 5.278415249426429874e-03 2.712031367700353836e-03 3.280860709846896567e-03 1.994896154970722361e-03 1.919995125465900117e-04 1.592930691661346738e-04 7.596883374501725496e-05 2.382757764098489609e-04 1.645198603882253616e-04 2.138276361329384371e-04 1.184915173572140501e-04 1.968992742526574219e-04 4.466699542903791557e-04 1.607741848497514425e-03 1.000000000000000021e-08 1.670238164802265716e-05 1.000000000000000021e-08 4.387339647596539898e-05 8.740642165932707968e-05 7.128175867525294869e-05 6.242626018882548337e-05 1.000000000000000021e-08 1.000000000000000021e-08 4.719551712043955940e-05 1.300258405660448718e-05 1.000000000000000021e-08 1.000000000000000021e-08 1.000000000000000021e-08 1.000000000000000021e-08
3.104503090098293186e-03 4.932636318682549759e-03 8.936911739113683958e-03 1.063813673559950955e-02 1.257942424119772203e-02 9.166303344906647291e-03 3.353205720935019743e-03 2.461365394812870845e-03 1.501392457506947956e-03 2.602681032223417429e-03 9.547544245935274789e-04 4.595874002671428789e-05 1.717577731180768775e-05 4.919738261432975580e-05 6.148498955447683552e-05 2.902047935649140054e-05 1.242150072345929728e-04 1.153965329350468868e-04 1.171554874046728276e-04 9.493831399489931363e-05 3.996431883941216280e-04 1.223127225903039616e-03 1.103144747930402800e-05 1.119564190529590067e-05 4.165509357021837325e-05 6.510284836853078179e-05 7.981238571166135529e-05 1.000000000000000021e-08 2.165551111743158701e-05 1.000000000000000021e-08 1.000000000000000021e-08 1.613462079449156912e-05 1.331137313173531627e-05 1.165075526238017553e-05 1.000000000000000021e-08 1.000000000000000021e-08 1.000000000000000021e-08
1.183087627770748997e-03 2.176521929303512452e-03 1.411340163621607226e-03 2.748507525479610639e-03 4.519653773600906636e-03 3.363780726201621215e-03 1.617886973987742584e-04 4.763588920736983533e-04 1.053695327390374251e-03 5.537087689636533642e-04 2.376352631082516206e-05 7.147626943285157689e-05 2.436287655518353770e-04 1.153332506414368741e-04 1.571237409445497607e-05 1.000000000000000021e-08 2.012943372179451241e-05 1.030423481077464253e-04 1.246547939229299237e-04 1.569538706800799950e-04 1.535597049127782933e-04 6.253933902622357431e-04 1.000000000000000021e-08 1.139640513853849830e-04 1.008328057543114912e-05 5.725872498680215219e-05 4.415257788597065728e-05 1.000000000000000021e-08 1.000000000000000021e-08 1.000000000000000021e-08 1.000000000000000021e-08 1.000000000000000021e-08 1.000000000000000021e-08 1.000000000000000021e-08 1.000000000000000021e-08 1.000000000000000021e-08 1.000000000000000021e-08
2.712541819143703126e-03 1.635034014121413727e-03 2.010936663420224198e-03 2.673314536699615725e-03 3.364201968284587316e-03 1.831086921370234230e-03 5.173787227491981420e-04 3.748956924954400952e-04 8.825579189360999166e-04 1.828519698921921824e-04 1.576637635340344648e-05 5.696151956665197573e-05 2.264293711142520915e-04 5.373303257140388907e-05 1.000000000000000021e-08 1.504407211763923635e-05 4.806448157335156896e-05 1.209753545478075621e-04 2.565762646334665120e-04 6.477680372405969543e-05 1.000000000000000021e-08 1.699201747080506517e-04 1.404110957366427968e-04 3.544829262928822261e-05 1.315399979115221897e-05 3.540321971359727083e-05 4.563937529785493504e-05 1.000000000000000021e-08 1.000000000000000021e-08 1.000000000000000021e-08 1.000000000000000021e-08 1.000000000000000021e-08 5.562240464665139516e-05 1.000000000000000021e-08 2.395181804500812821e-05 2.483308028715806699e-05 1.970501487225334328e-05
2.680213384417696760e-03 1.045427041450839971e-03 1.611876997050822914e-03 1.073286209700120017e-03 2.544599461347596230e-03 1.591574684694740905e-03 8.565770577955566113e-04 5.994721709990998449e-04 1.625486450017446581e-04 1.338902320842826532e-04 1.000000000000000021e-08 4.320469660556227758e-05 2.166522673243808240e-04 2.331067698778881798e-04 1.000000000000000021e-08 3.963946456941010648e-05 3.801011652284585991e-05 7.803337327570491816e-05 1.711451118752146201e-04 4.766392032681366042e-05 2.889627242144954369e-05 2.783909690894236332e-05 6.485203061496879352e-05 4.449193720188067517e-05 1.000000000000000021e-08 2.432683262916748070e-05 2.185885060496446137e-05 1.816358549959823233e-05 1.000000000000000021e-08 1.000000000000000021e-08 1.000000000000000021e-08 1.000000000000000021e-08 1.000000000000000021e-08 4.873061328854628597e-05 4.586234238515188272e-05 4.399642627566670555e-05 4.898079244833947394e-05
3.442065819317343366e-03 1.507961492514274093e-03 9.702016942858103380e-04 1.691492784102093319e-03 1.056003181208214035e-03 1.552670972433661725e-03 4.835313386779915650e-04 2.590208175410481481e-04 1.864892271755164859e-04 7.737916755940358660e-05 1.000000000000000021e-08 2.552488923494479145e-05 1.838858067388202838e-04 1.699673331664723641e-04 1.000000000000000021e-08 3.707264260394969359e-05 6.786157464703913389e-05 4.948362177788604869e-05 9.413915297691218540e-05 2.696344423474440885e-04 2.038371426549347943e-05 2.980533704437969694e-05 4.508838087063571560e-05 3.449762704309026725e-05 1.000000000000000021e-08 1.456141325657210707e-05 1.000000000000000021e-08 1.000000000000000021e-08 1.000000000000000021e-08 1.000000000000000021e-08 1.149546048734445083e-05 1.753732598625219117e-05 7.483642650879559328e-05 1.000000000000000021e-08 1.972289022604563940e-05 2.482578002705971502e-05 2.842844309617571365e-05
2.384742962468685504e-03 7.920726265626371705e-04 1.467659553003028416e-03 1.294697877722909363e-03 8.287343372802377260e-04 2.581059481721652499e-04 9.948720233403886477e-05 2.228259229204167214e-04 9.600083084621209052e-05 7.199828937964829309e-05 1.711902228102239783e-05 1.000000000000000021e-08 1.455718904971980813e-04 1.195392270015890570e-04 1.000000000000000021e-08 1.006310510459560695e-04 3.763729715721246403e-05 8.013319918750274131e-05 1.000000000000000021e-08 5.967604254051713203e-05 3.624534637984996947e-05 1.935059880635020744e-05 3.195536560908554264e-05 3.462221205572608225e-05 7.661489870342187052e-05 1.000000000000000021e-08 1.199932764114464129e-05 1.853980987150329157e-05 5.537119651251789653e-05 1.000000000000000021e-08 1.007288347112382141e-05 1.220534019407545598e-05 5.419259999249395333e-05 8.726302031373698795e-05 1.018385370455071555e-04 9.631298113955260047e-05 1.000000000000000021e-08
2.646299042086078506e-03 1.651018180904997336e-03 1.187271987833121017e-03 2.062640346439893128e-04 4.687988859900533295e-04 3.925502786663627453e-04 3.642509473832493009e-05 2.142601787848416592e-05 6.932739079292653814e-05 3.991077063036864350e-05 1.000000000000000021e-08 1.000000000000000021e-08 1.052545762547114617e-04 7.661757626196407929e-05 1.801363126068443321e-05 6.836566561295106832e-05 1.095808731463545396e-04 1.129840369257341051e-04 2.286989871187092803e-05 1.506755192136902677e-05 1.000000000000000021e-08 1.000000000000000021e-08 1.000000000000000021e-08 5.505022106440389366e-05 9.026298843404243020e-05 1.000000000000000021e-08 1.000000000000000021e-08 1.000000000000000021e-08 8.307808236007389977e-05 9.667272960484091108e-05 1.000000000000000021e-08 1.000000000000000021e-08 7.186454824346322971e-05 1.359353879970473381e-04 1.310833682780486735e-04 1.265385136861398355e-04 2.382922966741926737e-04
3.600864385541042729e-03 1.583585662514829873e-03 4.644957675801195725e-05 1.153066078315594957e-04 8.454147517319640648e-05 4.430042844633615465e-04 1.000000000000000021e-08 1.916291305751389085e-05 1.000000000000000021e-08 2.863883740532539976e-05 1.000000000000000021e-08 1.000000000000000021e-08 6.260816964419334046e-05 5.233913659855789235e-05 2.931305558682837558e-04 3.407409916537371738e-04 5.080478439283224847e-04 3.652263337135317460e-05 1.069252451753661444e-05 1.258372601511313346e-05 1.000000000000000021e-08 1.000000000000000021e-08 1.913644585711741494e-05 1.000000000000000021e-08 2.626887201947774141e-05 2.541962570915142798e-05 3.531067842583982441e-05 4.843466439155531892e-05 1.050495636693481253e-04 1.485318348671142209e-04 1.399820220907277277e-05 1.711418326190279707e-05 1.703205777121895312e-05 2.337282477587793425e-05 2.745538819948910205e-05 4.895442543193151061e-05 2.840683198196899614e-02
2.041089002250693826e-03 1.647631262084050955e-03 1.131079609388523208e-04 8.536678705453658398e-05 1.376885625622697312e-04 1.810553460406096396e-04 2.699356701337060643e-05 1.548630790632903498e-05 1.000000000000000021e-08 1.000000000000000021e-08 1.000000000000000021e-08 1.000000000000000021e-08 1.000000000000000021e-08 1.025908425702942478e-04 1.113521193967833406e-04 1.642402904294989314e-04 8.004059970507696560e-05 2.172263216388607446e-05 1.000000000000000021e-08 1.000000000000000021e-08 1.000000000000000021e-08 1.000000000000000021e-08 1.000000000000000021e-08 2.148677828356395617e-05 3.900604310109073600e-05 5.189852172606648680e-05 6.316873976595841335e-05 7.906527791487308365e-05 2.594367565155112471e-04 4.859508300961325319e-04 4.070258467661045407e-04 3.228340327269517158e-04 2.478722435558063293e-04 1.973050793084663382e-04 2.089135064791534273e-04 2.947273875478033031e-02 2.685371051975826012e-02
1.465438496754446068e-03 1.150274962089349118e-03 1.738176303485365983e-04 1.448254630841020265e-04 6.935986385429732397e-05 6.188785300700542895e-05 2.079319108695762018e-05 1.859190526199461336e-05 1.000000000000000021e-08 1.000000000000000021e-08 1.000000000000000021e-08 1.000000000000000021e-08 3.312734703265965820e-05 9.071695845439883149e-05 4.190544587812632403e-05 3.209707250741557981e-05 2.671562521902875822e-05 1.044887802686861084e-05 1.000000000000000021e-08 1.382773264471538965e-05 2.015355767134093153e-05 5.169117606117077979e-05 9.393561147570405636e-05 9.625736622289464450e-05 1.101751149194335965e-04 1.233636874397621289e-04 5.333433663041694302e-05 9.278601908878877957e-05 1.845809573005543905e-04 1.973560609397539880e-04 4.174054963036676405e-03 5.106429755336947506e-03 3.204109752014539306e-03 8.148993734750658094e-03 2.787795056594245466e-02 2.885354187337428253e-02 1.976781257678882769e-02
1.139911183691787655e-03 1.591944322427529368e-04 9.997572327762689528e-05 3.279338692160403235e-05 6.326844748325116913e-05 1.000000000000000021e-08 1.000000000000000021e-08 1.000000000000000021e-08 1.000000000000000021e-08 6.732580618720733392e-05 1.000000000000000021e-08 1.171540819653161500e-05 1.834318627319908880e-05 1.263278069768119677e-05 3.140276280520845896e-05 2.113755889036031301e-05 1.636434030296675263e-05 1.000000000000000021e-08 1.000000000000000021e-08 1.000000000000000021e-08 1.000000000000000021e-08 1.000000000000000021e-08 1.928092123364976720e-05 1.427892025856254308e-04 3.121436996441314445e-04 4.612835584667337899e-04 4.089283146984897866e-04 3.363088951605485029e-04 3.794285867441780512e-04 3.108354444217468007e-05 5.244928102976218962e-03 1.195069856791788204e-02 2.698816693147191442e-02 3.050132764377818523e-02 2.290362625931931240e-02 1.793568975522386033e-02 4.563968430587108402e-05
3.496098091440892077e-04 1.134411167602615344e-04 1.000000000000000021e-08 1.000000000000000021e-08 1.000000000000000021e-08 1.000000000000000021e-08 1.000000000000000021e-08 1.000000000000000021e-08 1.000000000000000021e-08 5.501922289310377757e-05 1.000000000000000021e-08 1.000000000000000021e-08 1.079508439732072504e-05 1.000000000000000021e-08 1.331675011625340432e-05 1.000000000000000021e-08 1.481272059403623991e-05 1.000000000000000021e-08 1.000000000000000021e-08 1.991789263773377849e-05 1.000000000000000021e-08 1.000000000000000021e-08 1.000000000000000021e-08 6.948666754286446931e-05 1.019527919512112365e-04 1.000000000000000021e-08 1.000000000000000021e-08 1.476889172816226608e-04 2.989402631989282358e-04 4.227720864993750154e-03 5.520050037901513829e-03 1.147461104837401921e-02 1.740396788198726036e-02 1.237744479369800796e-02 9.175427519493848869e-03 1.509518642013904770e-03 2.808870219217952737e-05
7.343142593894175956e-05 1.000000000000000021e-08 1.000000000000000021e-08 1.000000000000000021e-08 1.000000000000000021e-08 1.000000000000000021e-08 1.000000000000000021e-08 1.000000000000000021e-08 1.000000000000000021e-08 4.630335039044961969e-05 1.559923429178554816e-05 1.000000000000000021e-08 1.000000000000000021e-08 1.000000000000000021e-08 1.000000000000000021e-08 1.000000000000000021e-08 1.000000000000000021e-08 2.034093995706356763e-05 1.000000000000000021e-08 1.000000000000000021e-08 1.488828009152769149e-05 2.814530625427261220e-05 7.173810017801542929e-05 5.952901360252619510e-05 1.000000000000000021e-08 1.000000000000000021e-08 1.000000000000000021e-08 4.569464904297875591e-04 1.750988086512752021e-03 5.647417413983519402e-03 1.367669730993351269e-02 1.070366809565933761e-02 2.318582462976960176e-02 1.530479205135420594e-05 1.000000000000000021e-08 1.000000000000000021e-08 1.222431883311485939e-05
