output/water_depth_2160.asc
ncols 223
nrows 158
xllcorner 0.0
yllcorner 0.0
cellsize 30.0
[rows 17 to 33 of 158, columns 111 to 147 of 223]
2.132853329684597382e-05 1.932055191170885125e-05 2.730593072460651605e-05 2.724226054917627346e-05 6.787470812951117269e-05 6.806309419882945440e-04 5.454993228939593623e-04 5.490069993025537866e-04 6.293114365112568477e-04 5.599186977875970873e-04 1.757190857488899927e-04 1.970469911526075081e-04 3.911033622973703939e-04 7.234313773490133300e-04 4.355867971046376258e-04 2.739536689691327584e-04 6.290505487418618759e-04 2.184369926367008951e-03 3.205208055126329905e-03 6.394867289126346388e-03 7.410067091097774505e-03 9.881485117390049686e-03 2.407538787258805754e-03 5.036079175126456035e-04 8.764329026948266708e-04 3.756011520784293149e-04 2.224955649071259922e-02 6.392309159194768664e-02 4.082169706064871922e-02 2.589551433857124104e-03 5.608299485115372102e-04 3.497325625978226632e-05 1.000000000000000021e-08 1.000000000000000021e-08 1.000000000000000021e-08 1.000000000000000021e-08 1.635203321522215661e-05
1.847392297957214675e-04 1.297304665460177135e-05 1.339011196358313159e-05 2.148856753544621531e-05 2.136055797444971044e-04 2.403884475778222875e-04 4.852304299967189643e-04 5.691688720960261412e-04 1.089907915337947784e-04 2.918160372151069448e-04 2.724944274642086936e-04 8.041934441236018032e-05 1.125359035043073516e-03 1.156549520865961462e-03 9.434297516956691122e-04 7.239532682384354229e-04 1.057487039052914081e-03 2.385799919278975070e-02 3.652601799879621330e-02 7.167084585625498050e-02 9.419695098858245352e-02 1.670213220784141639e-01 1.174907530764814495e-01 1.216385297575195146e-01 1.241539695790990355e-01 8.727466408398508457e-02 2.483175125074729706e-01 6.603646005267282959e-02 6.617902143828310315e-04 2.334343141615837934e-04 1.000000000000000021e-08 1.000000000000000021e-08 1.000000000000000021e-08 1.000000000000000021e-08 1.000000000000000021e-08 1.000000000000000021e-08 1.000000000000000021e-08
2.675992822828783708e-04 5.600720456306682439e-05 7.260262036898454310e-05 6.643898687506810511e-05 1.193194483318031743e-04 1.330460942765778636e-04 1.361021565250023022e-04 1.045693891157731259e-04 1.587164725913625988e-04 1.009486188123528668e-03 6.743734763406703881e-04 1.805971107911928761e-04 9.325520548087876203e-04 1.330711801440020515e-03 1.353605847826228623e-03 4.478777125582247831e-02 6.979744491219018465e-02 6.507963698558676124e-02 6.039531461648085103e-02 3.084134217513030338e-02 1.577787881127859504e-02 1.113484225057413159e-02 8.673428275196716497e-03 5.296094826923824876e-03 3.566973583988493606e-03 2.306833598543894456e-02 2.029209590566357080e-01 9.411520290051888799e-04 2.716434932698430635e-04 1.643488264371066078e-04 2.184034121319235210e-05 1.000000000000000021e-08 2.157195373903307949e-05 1.000000000000000021e-08 1.000000000000000021e-08 1.000000000000000021e-08 1.000000000000000021e-08
2.749740591899499658e-04 3.494645978547472219e-04 2.906005174849201115e-04 3.801665953653818645e-04 3.099305142169559986e-04 4.065139234087944723e-04 1.296658534735527397e-02 1.493844468583528477e-02 1.944915518504630389e-02 3.470414486048052638e-02 5.056415177690067736e-02 6.036734991174001058e-02 6.828278293234213425e-02 7.530921365350569385e-02 8.124973963531716137e-02 4.228754442194366386e-02 2.173069703188529322e-02 1.516870776013738709e-02 5.783570884597269597e-03 3.213790230271709476e-03 1.664989590946788431e-03 9.138343797947106337e-04 5.475149138020659473e-04 2.769922733611691976e-04 5.257315485876541293e-04 2.110964985093103513e-02 2.989493265619875273e-01 7.420931804646140485e-04 5.352393662460219298e-05 2.475292620000750044e-05 1.503857441713327994e-05 1.000000000000000021e-08 2.010423783337746589e-05 1.000000000000000021e-08 1.000000000000000021e-08 1.000000000000000021e-08 1.000000000000000021e-08
4.787584785272070570e-03 4.932983881021161567e-03 3.546998322807636949e-03 2.437249138134712709e-03 5.084109660189461977e-03 1.548551165177427386e-02 1.273344413814122417e-02 2.034606887468949979e-02 2.375097072606587728e-02 1.990676954028288911e-02 1.447489305777283075e-02 9.490643655376860416e-03 5.745746924391359825e-03 1.597589173347348148e-03 9.920889782551838010e-04 7.642384731795301553e-04 3.707996167377293798e-05 3.264855356610384769e-05 4.343036124566258122e-03 6.333193822040457388e-03 3.908311477055288752e-03 2.529150164590186073e-03 2.457176415701773937e-03 1.480362159233219316e-03 7.683523219334957360e-04 4.524628756072351585e-03 2.692544171162907229e-01 1.411406382633202011e-04 1.425420787824462836e-04 1.562197305483954219e-05 1.032508306028631027e-05 8.673369857801113670e-05 1.714025563271742253e-05 1.303727573272212200e-05 1.000000000000000021e-08 1.000000000000000021e-08 9.179219427530137666e-05
3.819643801593508754e-03 2.714398418341610730e-03 3.306640503154939601e-03 1.087475480123420088e-02 1.573253412853263186e-02 1.080452199061016604e-02 9.544227305921837087e-03 4.608461983151406968e-03 4.826361282322054122e-03 4.112914559082497812e-03 1.160684050358991000e-03 7.344099033121647552e-04 5.607038888968785906e-04 1.762199647669614980e-04 1.790013868064895309e-05 1.000000000000000021e-08 1.000000000000000021e-08 3.518475186070559886e-05 2.800305885119269223e-04 1.407083063544007024e-03 1.506545743230290006e-03 2.445382031474585809e-03 4.596894073359428581e-03 1.664827110230300599e-03 6.170777024665459248e-04 3.404654529034498080e-03 2.269281549748961291e-01 2.289251854536051309e-04 1.562376412375087451e-04 3.845933085889926385e-05 2.415600067650191865e-05 1.771948843407792333e-05 1.504283514361413308e-05 1.000000000000000021e-08 4.292754765376922808e-05 3.526931277639853513e-05 3.033018415591667426e-05
8.086740013598433391e-03 1.141487027378652007e-02 1.315416353461829231e-02 9.336485053073481644e-03 1.058405148717507169e-02 7.694576218276832219e-03 3.729545563676418384e-03 1.946096373864857499e-03 1.379061039880595790e-03 4.762691784880201300e-04 3.619371802470541539e-04 2.729196323351258777e-04 2.899557445131103941e-04 3.683359911797120807e-05 1.000000000000000021e-08 1.000000000000000021e-08 1.000000000000000021e-08 1.000000000000000021e-08 2.251194335536863846e-04 3.161628214583353541e-05 6.918386060698877025e-04 1.557880481857770900e-03 4.518371833289684843e-03 4.634964873962364382e-03 5.707075160536825842e-03 4.118825082757350022e-03 2.308683267284362683e-01 8.146560562869112495e-05 1.000000000000000021e-08 1.000000000000000021e-08 1.000000000000000021e-08 1.052638666008147341e-04 1.603125180124321292e-05 1.043735096918772000e-05 1.000000000000000021e-08 9.842822702062557869e-05 8.794949636185546123e-05
9.728724535737205258e-04 1.856503788140579508e-03 4.080321608753339005e-03 1.455561294469487604e-03 2.130689711205771206e-03 3.302819805559928032e-03 2.314204007148393250e-04 1.376450292827490320e-03 3.208805761015146420e-04 5.250307787997730364e-05 6.224155115971472647e-05 8.464888640909952933e-05 1.628395588761417804e-04 1.000000000000000021e-08 1.000000000000000021e-08 4.843385297293032658e-05 7.851282003460404661e-05 1.095498715948891216e-04 9.179432664074997964e-05 1.497620641547035565e-04 3.270424473696784563e-04 5.392898285952998829e-04 4.284944626040365872e-04 9.370388885763943857e-04 3.719512817923091574e-03 5.796974723779090358e-03 2.358339989157656469e-01 6.295165705982007365e-05 1.000000000000000021e-08 1.000000000000000021e-08 1.000000000000000021e-08 1.000000000000000021e-08 1.000000000000000021e-08 1.000000000000000021e-08 1.000000000000000021e-08 1.551142671324888037e-05 1.518825889532613165e-04
9.716307837997878970e-04 2.400834948929092549e-03 1.976238208078328826e-03 2.286493817790952697e-03 2.130130580538435077e-03 1.776146589820707614e-03 9.055477295733960902e-03 3.093560301980736397e-03 6.855283096644844572e-05 1.626352146480330080e-05 1.000000000000000021e-08 2.486203070465251155e-05 4.068838931577205807e-05 1.855480895729517098e-04 3.815801900688573162e-04 3.096040660645263528e-04 3.169282778928069768e-04 4.599832060531518262e-04 7.363281648918533874e-04 9.290258407103327200e-04 8.495821970584243590e-04 6.555651718135124080e-04 1.664955791646939706e-04 1.456432676029591211e-04 1.674559895868722682e-03 6.798191895135938766e-03 2.289906334359704254e-01 8.407542969304255133e-05 1.000000000000000021e-08 1.000000000000000021e-08 1.000000000000000021e-08 1.000000000000000021e-08 1.000000000000000021e-08 1.000000000000000021e-08 1.000000000000000021e-08 1.000000000000000021e-08 1.000000000000000021e-08
2.163517917604137857e-03 2.744965633962535498e-03 3.257987639509745455e-03 2.444800348054304139e-03 1.794485061711741363e-03 1.206526514290018641e-03 8.185655464640497316e-04 9.098279549333085012e-03 1.925853421303071037e-04 3.441006678002890546e-05 5.205731960128770226e-05 8.080053084960251526e-05 1.299759411897482100e-04 1.532471497217340799e-04 1.888403812076159714e-04 1.175757573680890998e-04 7.175460715922410643e-05 2.080122530079300770e-04 2.144850342197915144e-04 4.507298633445223110e-04 3.157485973339545704e-04 4.652153129835090613e-05 6.274637197296882617e-04 8.706689553829521184e-04 6.405351930051179834e-04 5.366490629786926187e-04 1.342013372620725065e-01 6.715749435072955464e-02 6.710489624481946747e-02 5.951687194550153026e-05 3.878770525700184609e-05 1.000000000000000021e-08 1.000000000000000021e-08 1.000000000000000021e-08 1.000000000000000021e-08 1.000000000000000021e-08 1.426126398866647047e-05
1.160689477045117072e-03 1.632470771438297372e-03 1.185407230288718083e-03 8.249191655005116454e-04 7.074857543285330069e-04 2.341307783253910723e-05 1.816648958714168734e-04 9.629737296835292812e-05 8.226620636190914320e-05 8.807801467029348276e-05 1.297053335723259357e-04 1.835273184378779880e-04 2.321940188587870836e-04 2.289138096353819261e-04 2.744881724236640291e-04 2.214349992946997036e-04 2.132647607287294772e-04 2.912533885245703564e-05 2.244081345905356534e-04 1.480669877166522843e-04 5.193742840959867713e-05 7.119118961152581099e-05 2.459622598104970240e-04 1.740208571269691632e-04 2.304481110299390066e-05 1.363171518995297141e-04 5.253171066534335909e-02 6.005005173353867437e-02 6.361238204961727760e-02 6.339729643654032354e-02 8.632467009005937711e-05 1.000000000000000021e-08 1.000000000000000021e-08 1.000000000000000021e-08 1.000000000000000021e-08 1.000000000000000021e-08 1.000000000000000021e-08
6.662968860735764146e-04 3.656243972872547381e-04 2.237995704995200512e-04 1.375853067333350391e-04 9.443033549604557919e-05 5.227688746828466394e-05 1.393742280299702292e-04 1.859760400649730367e-04 1.688728107219272865e-04 2.027191517260860628e-04 4.538804132725424742e-04 6.603740033843097899e-04 6.324531515256763894e-04 9.061318226221694002e-04 8.297723227141668009e-04 1.220266463996255062e-03 9.784701802913555770e-04 1.281578933236684125e-03 9.792292483943078069e-04 8.283841534110378225e-04 7.021064857531993586e-04 5.303629600506920908e-04 5.194331125868236788e-04 4.213584797812357772e-04 3.839894863443047665e-05 6.910066891994916163e-05 2.647325548071497239e-02 4.341364832833598253e-02 5.354033570486853300e-02 8.315806454902212319e-02 3.299914089391386973e-02 3.493933527818066499e-05 1.000000000000000021e-08 1.000000000000000021e-08 1.000000000000000021e-08 1.000000000000000021e-08 1.000000000000000021e-08
7.782785637718542650e-04 6.718054161733657713e-04 5.013015726726700308e-04 3.700267806418483345e-04 3.054660762036934805e-04 3.506573823035222140e-04 2.703293427644962361e-04 2.581944182777629591e-04 2.698093348687767286e-04 2.795071598925214971e-04 1.649034961244623030e-04 1.588924138235593188e-04 3.972732483103219190e-04 5.856750637972531984e-04 1.220670492095170473e-03 1.526062812171952209e-03 2.109694534866348760e-03 2.428461839169655020e-03 2.102317966265105503e-03 1.620107195573732093e-03 1.284487995837600054e-03 1.169659067411844529e-03 9.894014082031802378e-04 3.616472966154494215e-04 4.499419717350567130e-04 9.299762915860277854e-04 1.631857201230764789e-02 2.990982751325034147e-02 4.170649721753175859e-02 6.219722899430373680e-02 9.384649410489703802e-02 7.213518656015740463e-05 1.000000000000000021e-08 1.000000000000000021e-08 1.000000000000000021e-08 1.000000000000000021e-08 1.000000000000000021e-08
7.225709102094661366e-04 7.237118361276828615e-04 1.610249417644024194e-04 1.886785944551227254e-04 2.662544116778189527e-04 1.118612379913609716e-04 2.178013906809207713e-04 5.795558185328802730e-05 2.950678006137536641e-04 2.962324785139999143e-04 2.776938757573794558e-04 3.153923020215262832e-04 4.843600067536843403e-04 2.604289510521974455e-05 4.050046843164786326e-05 1.985168790757460154e-04 3.359323924595195216e-04 2.308986721696335627e-04 1.352284024260443735e-03 1.612693426877156999e-03 1.537953370977419463e-03 1.362367899943795445e-03 1.287872465132239600e-03 4.999441397029781315e-04 4.610343169894504534e-04 1.362296802134820408e-03 6.869751898185826391e-03 1.797258764199730421e-02 2.960322281871795302e-02 4.572447820983314287e-02 1.367085466174381425e-01 1.993311116229486157e-04 1.000000000000000021e-08 1.000000000000000021e-08 1.000000000000000021e-08 1.000000000000000021e-08 1.000000000000000021e-08
6.321820655667410686e-04 6.227592211095282207e-04 1.475411022504083923e-03 3.000581280660258483e-04 2.590861632378239259e-04 4.687611112262364392e-04 2.189516380308440576e-04 4.086357994831335246e-04 9.933969553270122275e-05 6.746500066826671693e-05 2.178858510880868929e-05 1.057467200087308461e-04 6.632127249608759907e-04 4.537724816197804390e-05 1.000000000000000021e-08 1.472605623585272543e-04 2.109444829809262271e-05 6.879688914759990426e-05 8.753426374215241825e-04 7.673874395662802017e-04 9.658304533950541268e-04 2.103282494221942606e-03 1.768029508125381353e-03 1.492017404820730536e-03 6.227588422037173051e-04 1.073275137908483948e-03 6.202348590281943873e-03 1.257576532962988679e-02 2.065228636335536896e-02 3.270673327036139472e-02 8.377120543062442637e-02 8.123869208395501085e-02 9.403143004547264295e-05 1.000000000000000021e-08 1.000000000000000021e-08 1.000000000000000021e-08 1.000000000000000021e-08
4.438147934848320425e-04 8.587872565312660265e-04 1.347034260034033577e-03 3.736304677012733822e-03 9.525985637046173026e-04 1.105433132109506344e-03 1.089160055591387004e-03 2.337896942715953375e-03 1.022710365247811622e-03 7.706999205124078498e-04 1.270668825612478311e-04 2.043578640266704505e-04 2.372901485728774165e-04 4.821401612319806899e-05 1.413075243161892211e-05 1.514106051362669307e-04 5.472870677550156348e-05 1.000000000000000021e-08 1.106514771487731241e-04 1.770283243015221598e-04 2.104733484857377462e-04 6.366429228501853561e-04 9.964681804469767250e-04 2.997399604893039612e-04 2.702812275540799453e-04 1.028384773215166562e-04 2.375637899747381088e-03 9.393899377682403407e-03 1.373606139082321140e-02 2.253594147764187774e-02 5.218461654820819029e-02 1.286217849255437695e-01 2.125825496544016160e-04 1.922024325397237720e-05 1.000000000000000021e-08 1.000000000000000021e-08 1.000000000000000021e-08
1.000000000000000021e-08 1.277403887665948376e-05 2.552509193270116768e-05 7.556586704299134974e-04 1.612845585301257885e-03 1.720754424932818870e-03 2.704275360582522950e-03 3.065732328264665282e-03 3.219028943078461758e-03 3.821815072343976404e-03 1.069577750709351828e-03 8.549012807915299262e-04 7.913178270725124055e-04 3.312583348644924366e-04 1.000000000000000021e-08 1.677692962010950768e-04 7.023974789631829752e-05 1.000000000000000021e-08 7.491844720826352057e-05 8.457771700506742018e-05 2.277444566976441866e-04 2.876622785851274582e-04 8.950715944645550514e-04 8.907868162128228804e-04 2.315761800443714405e-04 2.725115584015168867e-04 6.149009592656135958e-04 3.972311671491659223e-03 1.183866906556037615e-02 1.495872804573105015e-02 3.384087127894323116e-02 7.784692777970864119e-02 7.452055242641113242e-02 9.326809925744520137e-05 1.000000000000000021e-08 1.000000000000000021e-08 1.000000000000000021e-08
