output/water_depth_2880.asc
ncols 223
nrows 158
xllcorner 0.0
yllcorner 0.0
cellsize 30.0
[rows 85 to 101 of 158, columns 148 to 184 of 223]
9.123526516119882801e-05 1.431832547544220368e-05 1.195980727726421696e-05 1.985750472956354006e-05 1.154822798368982893e-05 1.000000000000000021e-08 1.000000000000000021e-08 5.089318920857114232e-05 1.081293842254557402e-05 1.000000000000000021e-08 2.671503598312804153e-05 4.200262974734825125e-05 6.345910100493244873e-05 7.852765237278401024e-05 1.038364405851522915e-04 1.177556344897942277e-04 1.000000000000000021e-08 1.182488126656715429e-05 1.429995496739459989e-04 1.000000000000000021e-08 1.000000000000000021e-08 1.000000000000000021e-08 1.000000000000000021e-08 1.546275936452881281e-05 1.000000000000000021e-08 1.000000000000000021e-08 1.000000000000000021e-08 8.547366687010088827e-05 1.272732837733682335e-04 1.647398398306523239e-04 1.467221627322657686e-04 1.604124190537115665e-04 2.201868060821987678e-05 2.065692621882065844e-05 5.292499898162913904e-05 5.598013396142052502e-05 8.216919142562736239e-05
9.181947886982920308e-05 1.000000000000000021e-08 1.000000000000000021e-08 1.000000000000000021e-08 1.000000000000000021e-08 3.205070525013539718e-05 1.000000000000000021e-08 2.937792631851494557e-05 1.000000000000000021e-08 1.000000000000000021e-08 1.445012056573028036e-05 2.106720076916561888e-05 2.998411391089343304e-05 5.132370743456890212e-05 1.000000000000000021e-08 1.083042439024012988e-05 1.849009191686995632e-05 2.145653105918736412e-05 4.706130595399973376e-05 4.335333044206029406e-05 6.161609398424198005e-05 3.929451805411855844e-04 2.466209630942548393e-05 1.634478869859050485e-05 1.576850935564295904e-05 1.000000000000000021e-08 1.000000000000000021e-08 1.000000000000000021e-08 6.070133502250636687e-05 8.220064808334104042e-05 1.571368747504824927e-04 1.000000000000000021e-08 1.341308703915174982e-05 2.452671824624476590e-05 1.000000000000000021e-08 1.000000000000000021e-08 1.000000000000000021e-08
1.014705339847394444e-04 1.000000000000000021e-08 1.000000000000000021e-08 1.000000000000000021e-08 1.000000000000000021e-08 2.363430694765626157e-05 1.943088420399043662e-05 3.078853672971318205e-05 1.000000000000000021e-08 1.000000000000000021e-08 1.524313535263369767e-05 3.955404931180409863e-05 1.000000000000000021e-08 1.000000000000000021e-08 1.000000000000000021e-08 1.204555705815012071e-04 8.561553721328146803e-05 8.135559071417688330e-05 9.113445616853172566e-05 4.031302069802412394e-05 4.326357090487586656e-05 1.257038348317102031e-04 1.691997527017613566e-04 2.734771409645030886e-04 2.925544660054973109e-04 4.817827214677894172e-04 4.368498179731332962e-04 5.842483168950991313e-04 1.310386751505745627e-03 1.688969104488642528e-04 2.388845159211583596e-04 2.124082899252738147e-04 2.857203988567357748e-04 1.003691434736257081e-04 8.772536366641506104e-05 2.886067382286114006e-05 2.551908100717792562e-05
1.036736953329225690e-04 9.140302315794999631e-05 7.664524285975576586e-05 6.220381490159124802e-05 3.933303722294238417e-05 2.259400877251742200e-05 1.000000000000000021e-08 1.004099025495765597e-05 8.297647326897191779e-05 1.686701446515783906e-04 2.715650844724119546e-04 3.930652203914868580e-04 3.245795076193296242e-04 2.707971688633322555e-04 2.498851226388772270e-04 1.746175230205428217e-04 1.981597222267636081e-05 3.029077488901609831e-05 3.971713421383931471e-05 2.534240858534191868e-04 5.764094073662584999e-05 9.537225872008607986e-05 7.706813864415351873e-05 1.046504091462752053e-04 9.421017647413107887e-05 1.265550116066332541e-04 2.174660943039330517e-04 4.522650712510014443e-04 7.349088846526545624e-04 1.079396443288270935e-03 3.734860489824779264e-04 6.289207963850759840e-04 5.262715067673545645e-04 8.123830835144245062e-04 7.789265684873577632e-04 9.718348536718799096e-04 8.386671930533221063e-04
6.361219618091267446e-05 5.717084421971338585e-05 4.573055900898239143e-05 3.421481567696230174e-05 2.604750953499134462e-05 2.660861923985380464e-05 3.666635232008453557e-05 1.000000000000000021e-08 1.000000000000000021e-08 1.000000000000000021e-08 1.000000000000000021e-08 1.581634325317833492e-05 3.280212426915167945e-05 6.782136131418241710e-05 2.798461242961409697e-05 2.810323050278680173e-05 2.386193676832195441e-05 1.594720471401597707e-04 1.661713464831044606e-05 1.443247290897132812e-05 3.348327760444139200e-05 1.767937061236315034e-05 3.303106652586906513e-05 3.001980268356137428e-05 4.260987738740611451e-05 4.181502633698732459e-05 5.713587664077783329e-05 5.399028593094098245e-05 2.563350260857541127e-04 5.007606453010837776e-04 1.456520625670400249e-03 1.539563478857347957e-03 2.258312401379749482e-03 2.239927347623893276e-03 2.558571244016122782e-03 2.527955736200927610e-03 2.739724461101203466e-03
2.630579157944816157e-05 3.102275079470657255e-05 2.000186665658814584e-05 1.000000000000000021e-08 1.451946241864924091e-05 1.987164908653795656e-05 6.642291235572176929e-05 1.000000000000000021e-08 1.000000000000000021e-08 3.893212501099281515e-05 1.000000000000000021e-08 1.264076095152378365e-05 1.333162130996722353e-04 1.439519121357591638e-05 6.635776682721407425e-05 3.030778478214172367e-05 2.678126355533181474e-05 3.573071695790572846e-05 4.871706634332286548e-05 5.131029658267011488e-04 3.922659916626682541e-04 2.093512211006541242e-04 1.180429210785207794e-04 9.079370855746501674e-05 8.601820872162273756e-05 1.104131809668145331e-04 1.000000000000000021e-08 2.509053031410887869e-05 1.000000000000000021e-08 1.000000000000000021e-08 1.000000000000000021e-08 1.668105472804174130e-05 5.722730208648732931e-04 1.053476089970987713e-03 2.982571606006200783e-03 3.531318857757490774e-03 3.313060511337306314e-03
3.402921677723869939e-05 1.318031481151615931e-05 1.013399696411166296e-05 2.696202214494924888e-05 3.368507013687676178e-05 3.947934204854447617e-05 4.152973536895920235e-05 4.688129240628164963e-05 1.000000000000000021e-08 3.942718569505729282e-05 3.576726374272120337e-05 2.446802624408334306e-05 3.097309093567518501e-05 1.000000000000000021e-08 9.859289924785720200e-05 6.312459972258532771e-05 4.530972355410285376e-04 3.141503785715436532e-05 2.126478990449548961e-05 2.095223601256586342e-05 2.835169121838210596e-05 3.761654724813489681e-05 5.694140169453732256e-05 3.227304574373708818e-04 2.155146465677323345e-05 2.922055864684046202e-05 1.408947752910024820e-04 1.000000000000000021e-08 1.935627947773419763e-05 8.995796866496253840e-05 6.202335832676009479e-05 2.472452708039590252e-05 1.747724814841504349e-05 8.254297758024793609e-05 1.157865209243233770e-04 4.497760900293581933e-04 6.729138001529672399e-04
1.000000000000000021e-08 3.234378447941178798e-05 2.038414053538239003e-05 1.000000000000000021e-08 3.841839027512970197e-05 5.625130932354004246e-05 7.244889410177694506e-05 8.446751719697848473e-05 1.000000000000000021e-08 1.000000000000000021e-08 1.000000000000000021e-08 1.000000000000000021e-08 1.000000000000000021e-08 1.354963636064499909e-05 1.029382640890477317e-04 1.263643748002750563e-04 3.197952112811325737e-05 4.045317936654609141e-05 2.010277676011925336e-05 1.798522875540086385e-05 1.000000000000000021e-08 1.000000000000000021e-08 1.000000000000000021e-08 2.782734059860508726e-04 3.353093364012849184e-05 1.127085599672254196e-05 1.304669534598644270e-04 1.000000000000000021e-08 2.663912623429869994e-05 1.000000000000000021e-08 1.000000000000000021e-08 8.877208144442314214e-05 1.000000000000000021e-08 1.000000000000000021e-08 1.368428921825789026e-04 4.099248838682963028e-04 2.509121172945018557e-04
1.000000000000000021e-08 5.002735117243485498e-05 3.182310794685477324e-05 1.000000000000000021e-08 5.076505271378693452e-05 7.006502571154927779e-05 9.762558375165091441e-05 1.000000000000000021e-08 1.000000000000000021e-08 1.000000000000000021e-08 1.000000000000000021e-08 1.196225710670958984e-05 2.185406469532643554e-05 3.626118368494216565e-05 1.000000000000000021e-08 1.000000000000000021e-08 2.004175659196273584e-05 5.435327903888312475e-05 5.368473026979128285e-05 2.344955524149992189e-05 4.547302089509655575e-05 1.537837372161404370e-05 1.000000000000000021e-08 3.044604779768355697e-04 2.919282904924920140e-05 3.193443915272234135e-05 1.752528291625890208e-04 1.000000000000000021e-08 1.000000000000000021e-08 3.265351002333825376e-05 5.595824282837354722e-05 8.671367725006014508e-05 8.436440490032256058e-05 2.923645292896334246e-04 3.483655362436474169e-04 4.206996454568113900e-05 2.431217194499153385e-04
1.000000000000000021e-08 7.240783768184692925e-05 4.173219771666415322e-05 1.000000000000000021e-08 7.055804148513825254e-05 5.743571239608798401e-05 1.000000000000000021e-08 1.000000000000000021e-08 1.237202103994479332e-05 1.887386880898042727e-05 2.388559019681087318e-05 3.198432232548305368e-05 4.012436125280504506e-05 1.000000000000000021e-08 1.382777348618872036e-05 2.310243952865783407e-05 2.265064613093245439e-05 4.981891611053847262e-05 1.180593349897888404e-04 2.198783681862958618e-04 2.099562708052646809e-04 4.946914467674539892e-04 6.598700540898431825e-04 1.213578584235822143e-03 1.415978026952431851e-03 2.252875280976124849e-03 2.351718500853648090e-03 2.659308672775914824e-03 1.889014935673817130e-03 3.258815671571245205e-03 4.329555260528018985e-03 6.282170015431889389e-03 5.819459759093455545e-03 7.453856167699872241e-03 5.273629189510938356e-03 3.795005216270013783e-03 1.398865347669676906e-03
1.000000000000000021e-08 9.717779910775373154e-05 5.500038439134780793e-05 1.000000000000000021e-08 8.786310177362310740e-05 6.140378083375339015e-05 1.000000000000000021e-08 1.000000000000000021e-08 1.592926285401241013e-05 3.171783063958069919e-05 5.554361834851564029e-05 1.870815724217588172e-05 5.015753994497349210e-05 5.983773169847260046e-05 1.028936312675832426e-04 1.003687031068599639e-04 2.101090292900204047e-04 2.606484694744312701e-04 4.237043828246154944e-04 4.609057282394359912e-04 7.180372586478991426e-04 6.122206184609388369e-04 8.129712774223518072e-04 6.524238447550293396e-04 8.043993535991320921e-04 6.316300441902674345e-04 7.886695212722142842e-04 1.424335505808282292e-03 2.618710377258786064e-03 1.963090152591844342e-03 1.395577591022813214e-03 4.679326377447950752e-04 6.926914950996512169e-04 9.386163491422032943e-04 3.949367901947746159e-03 6.298066796204980153e-03 1.048794316078760502e-02
1.000000000000000021e-08 1.229662763782565587e-04 6.557711683876324578e-05 1.000000000000000021e-08 1.000000000000000021e-08 1.000000000000000021e-08 1.000000000000000021e-08 1.000000000000000021e-08 4.788218360865462034e-05 1.268599240789425970e-04 2.309325340881121600e-04 2.455639000880338574e-04 2.244524618529034272e-04 1.921448702896591271e-04 2.092375017788818212e-04 4.824468951840970242e-04 4.313016522192614373e-04 3.664521478764458102e-04 2.740663356681645707e-05 1.904884340470610525e-05 1.000000000000000021e-08 1.000000000000000021e-08 1.388012825443502055e-05 1.000000000000000021e-08 1.000000000000000021e-08 1.000000000000000021e-08 1.000000000000000021e-08 5.589170693028420588e-05 7.727799361118589498e-05 9.553362581635042351e-05 1.010198972858194062e-04 7.985373649283966527e-05 4.483663132218122121e-04 3.920477985501243502e-05 5.703794493821274928e-05 1.251849857344304682e-04 6.489842876067143966e-04
1.082604795131916897e-05 1.140397772956301746e-04 1.000000000000000021e-08 1.000000000000000021e-08 1.000000000000000021e-08 6.359963791684777575e-05 4.010783530104141651e-05 3.334504314450162973e-05 3.604466359132470796e-05 1.000000000000000021e-08 1.000000000000000021e-08 5.855319426983060288e-05 9.353451644371285699e-05 1.000000000000000021e-08 1.235105090659530894e-04 2.987726026582234471e-04 2.371741679757642283e-04 2.172877153314095122e-04 1.488541873909623240e-05 1.538800525789231597e-05 2.213954235610979693e-05 1.000000000000000021e-08 1.000000000000000021e-08 1.034925519172953755e-05 1.209013634954962625e-05 1.470793455520745565e-05 6.488623261184180461e-05 1.000000000000000021e-08 1.000000000000000021e-08 3.699694519909113815e-05 1.000000000000000021e-08 1.376771045351010377e-04 7.110398907509227900e-04 2.584386066448198763e-04 8.419200022850780677e-04 5.725463887118697158e-04 9.941564878206120574e-05
2.711744127546493775e-05 1.166784313474817638e-04 1.171249720119224641e-05 1.000000000000000021e-08 1.000000000000000021e-08 1.000000000000000021e-08 1.000000000000000021e-08 1.000000000000000021e-08 1.000000000000000021e-08 1.000000000000000021e-08 5.605595018685077547e-05 6.451622314191633875e-05 7.160153218157003306e-05 8.504661305837680812e-05 1.223057075453286403e-05 3.874468443048214271e-04 4.166535378984493574e-05 7.199741753446926113e-05 7.505788125233412344e-05 6.264066556881303161e-05 4.819893273374427378e-05 4.216934830993393030e-05 3.548874264344839487e-05 4.356864665545380749e-05 5.258947429841984877e-05 5.868584628494720852e-05 6.268840567737542062e-05 6.457619283392067896e-05 6.594443308661658153e-05 8.378671352131671123e-05 8.492109108733499002e-05 8.888835617682251254e-05 2.509268415301627226e-04 2.923076359048621385e-04 1.289059908117930631e-03 1.912277455394181553e-04 2.756176704778904121e-04
2.350474346702223429e-04 1.000000000000000021e-08 1.952041069243975891e-05 1.264703270886387774e-05 1.000000000000000021e-08 1.000000000000000021e-08 1.000000000000000021e-08 1.000000000000000021e-08 1.000000000000000021e-08 2.684329643518014444e-05 1.246544590205862397e-05 1.639302610637815791e-05 3.309751985158732631e-05 1.007046543609437975e-04 1.008905962281254020e-04 1.203392391420172384e-04 1.007675519777287079e-04 6.886914980293213793e-05 6.780625965440117801e-05 7.927258401372295712e-05 9.259750204785163676e-05 9.317391939398474219e-05 1.000000000000000021e-08 3.042642372869956141e-05 1.000000000000000021e-08 1.000000000000000021e-08 1.000000000000000021e-08 3.668111613621979179e-05 4.900644700933662139e-05 6.351664045169830037e-05 7.363568650873356374e-05 8.027715437632700632e-05 6.857855582048476414e-05 9.889113509599606160e-05 1.000000000000000021e-08 3.091163872828181329e-04 3.552637183364377267e-04
1.231368381439183013e-05 1.000000000000000021e-08 2.772877720163499535e-05 1.926815637774476395e-05 1.000000000000000021e-08 1.000000000000000021e-08 1.000000000000000021e-08 1.000000000000000021e-08 1.000000000000000021e-08 3.914570680442184695e-05 2.447700187612411325e-05 2.218975208854985184e-05 4.317198092882972428e-05 3.665700861594342646e-05 1.000000000000000021e-08 8.105806686146084842e-05 1.262950164664345624e-04 1.000000000000000021e-08 1.000000000000000021e-08 4.464885996162699781e-05 6.064454294976682911e-05 1.097484532659420665e-04 1.000000000000000021e-08 1.135182949991794555e-05 1.000000000000000021e-08 1.000000000000000021e-08 1.000000000000000021e-08 1.763046659461354806e-05 2.763372439991608085e-05 1.000000000000000021e-08 3.557323238982859203e-05 5.095768449915250893e-05 5.990543706522978226e-05 1.000000000000000021e-08 1.681832652222253115e-04 1.247692152670659433e-04 9.599924102903790166e-05
1.000000000000000021e-08 1.000000000000000021e-08 3.320034918787635492e-05 1.000000000000000021e-08 1.000000000000000021e-08 1.000000000000000021e-08 1.000000000000000021e-08 1.461789140561576024e-05 1.000000000000000021e-08 5.745498523503161589e-05 4.441065451506848275e-05 2.493976694288771361e-05 4.771515812806902205e-05 6.016499808977451348e-05 5.886379216529522896e-05 6.980243937021804457e-05 1.000000000000000021e-08 1.019573486439088443e-05 1.140369593888446678e-05 1.000000000000000021e-08 1.000000000000000021e-08 6.644855287851076655e-05 1.116126064652740924e-04 1.000000000000000021e-08 1.000000000000000021e-08 1.000000000000000021e-08 1.000000000000000021e-08 1.000000000000000021e-08 1.000000000000000021e-08 1.369486336191104272e-05 1.000000000000000021e-08 2.415473458518091156e-05 3.582009223337641931e-05 4.177241194992041659e-05 1.831756039744287590e-04 1.866000928263210476e-04 1.248824766826735189e-04
