output/water_depth_4680.asc
ncols 223
nrows 158
xllcorner 0.0
yllcorner 0.0
cellsize 30.0
[rows 51 to 67 of 158, columns 111 to 147 of 223]
4.318799167038349010e-05 3.092380528747170384e-05 1.010597699527241594e-05 1.403406442323034069e-05 1.846995324249678036e-05 2.579291315879311472e-05 2.704873310657784707e-05 2.875597231820461712e-05 2.617457390193378200e-05 3.828605128226008079e-05 4.542083299613750350e-05 7.698641604972555278e-05 1.323012367131122524e-04 1.128211343963581470e-04 1.739062157458657915e-04 1.543666960172024696e-04 1.802766456223185395e-04 1.000000000000000021e-08 1.000000000000000021e-08 1.000000000000000021e-08 1.000000000000000021e-08 1.000000000000000021e-08 1.000000000000000021e-08 1.000000000000000021e-08 3.749396017466150163e-05 4.280075677894147113e-05 4.469815193491784446e-05 1.000000000000000021e-08 1.000000000000000021e-08 1.966262438803055286e-05 2.884186042036287139e-05 3.002890485497698876e-05 4.559698100097963632e-05 1.540097226889995408e-05 1.000000000000000021e-08 2.543240935196242546e-05 6.362914344648152361e-05
2.230620054293194423e-05 1.029036950405297354e-05 1.000000000000000021e-08 1.000000000000000021e-08 1.224039748988863438e-05 1.850321474628805903e-05 1.615118150028666460e-05 1.329334028310132628e-05 1.083176894978253913e-05 2.542215151720192385e-05 2.428576015423663024e-05 3.383932643132769375e-05 3.780852167446991296e-05 4.187471784832543881e-05 1.000000000000000021e-08 2.448026403744295413e-05 3.119138592777429605e-05 3.356804367862447307e-05 2.918497329238290398e-05 3.621769300137282836e-05 3.785710195016200365e-05 4.486035697045573882e-05 8.517201289954532729e-05 5.974413500666544307e-05 4.076381099905212373e-05 2.924152009325561277e-05 2.290677541389673119e-05 1.000000000000000021e-08 1.083578426688037637e-05 2.328366702283935413e-05 1.000000000000000021e-08 1.000000000000000021e-08 1.000000000000000021e-08 1.000000000000000021e-08 1.000000000000000021e-08 8.069564985662395660e-05 1.410563214584558889e-05
5.781667110504350914e-05 1.709140023396356505e-05 1.091783517849545606e-05 1.000000000000000021e-08 1.000000000000000021e-08 1.000000000000000021e-08 4.310876337983077830e-05 4.673059667642689665e-05 4.660527585388079944e-05 2.673521060827529312e-05 2.715521628865185820e-05 3.876681263078984960e-05 2.552163079142956274e-05 2.027379702523280391e-05 2.843138814365770678e-05 2.232389186024637346e-05 1.710293360129398014e-05 1.398971159090064588e-05 1.652219108956435364e-05 1.532716983838343280e-05 1.459926401902504862e-05 1.685599562444532531e-05 3.141044017915687659e-05 1.011545911548477304e-04 1.707421797942589210e-04 1.511288089944411973e-05 3.778520721228455378e-04 3.108049803673763921e-04 3.506830614849965543e-05 1.660164279246012758e-05 1.000000000000000021e-08 1.000000000000000021e-08 1.000000000000000021e-08 2.561254419780350405e-05 7.867823479746964240e-05 6.254470066757538121e-05 1.474268630528170190e-04
5.169786742485025393e-05 2.277299186273552088e-05 1.452097999193629107e-05 1.000000000000000021e-08 1.075069290079609695e-05 1.789616146254198169e-05 2.115106910712570698e-05 4.005461360411162621e-05 1.000000000000000021e-08 1.000000000000000021e-08 1.000000000000000021e-08 1.000000000000000021e-08 2.173966033935360810e-05 2.161453503966680048e-05 1.000000000000000021e-08 1.000000000000000021e-08 2.106976053668721080e-05 2.446989448606769299e-05 2.868816058632813718e-05 3.908255579195964538e-05 4.742167029229301637e-05 4.181711454575521496e-05 3.178250632701696350e-05 3.984685587783556111e-05 4.507598496682259262e-05 2.874421521323052920e-04 3.094207891563984067e-04 4.853949877595755162e-04 3.337048736298493324e-04 1.868971295629091512e-05 1.000000000000000021e-08 1.025533027387699918e-05 1.617617247420659400e-05 3.070172784021595665e-05 3.584302046399499598e-05 1.000000000000000021e-08 5.056765261783029971e-05
9.406047406907914923e-05 3.132518515553054501e-05 1.857352634966743051e-05 1.000000000000000021e-08 1.717667612845656349e-05 2.048669380214479101e-05 2.788779334707343918e-05 1.000000000000000021e-08 1.000000000000000021e-08 1.000000000000000021e-08 1.000000000000000021e-08 1.000000000000000021e-08 1.000000000000000021e-08 1.000000000000000021e-08 1.000000000000000021e-08 4.407168069003386464e-05 2.866996267255715800e-05 2.531282543334515360e-05 3.863794033095947680e-05 8.100163637064441849e-05 1.145180978523172087e-04 1.596921127097248965e-04 2.078545641158332483e-04 2.748286525834427066e-04 3.273494785422758463e-04 2.444208752041421989e-04 2.051807799060513179e-04 1.634970789166646495e-04 2.433140126958336508e-04 1.000000000000000021e-08 1.000000000000000021e-08 1.000000000000000021e-08 2.113460101925671329e-05 4.745638655980134762e-05 1.244285885017049877e-05 4.075776783665028950e-05 5.520755071389329960e-05
3.245332116142827421e-04 5.444088692516840696e-05 2.326425373103432109e-05 1.000000000000000021e-08 1.374785534838529108e-05 2.454117811367381502e-05 3.272686739627122155e-05 1.000000000000000021e-08 1.000000000000000021e-08 1.000000000000000021e-08 1.000000000000000021e-08 1.000000000000000021e-08 1.000000000000000021e-08 1.000000000000000021e-08 1.858285776367559156e-05 1.087431436554634189e-04 3.727631187825106239e-05 9.834326660331494893e-05 4.881175451802315145e-05 4.895840160117171194e-05 1.000000000000000021e-08 5.148511787601623877e-05 9.197411991895864444e-05 9.460112758435738325e-05 1.510644016683713499e-04 1.871147392264941429e-04 8.780153447829244350e-05 1.732336491857631837e-04 2.733634631383585474e-04 2.837477785859096783e-05 2.424018650298372286e-05 3.538463609587408565e-05 1.231750469207749493e-05 3.616217992587917858e-05 1.183841282104596611e-04 1.000000000000000021e-08 6.126139030652852011e-05
4.110477082767615103e-04 9.569157583299787767e-05 2.753594897549156494e-05 1.000000000000000021e-08 1.708409966581431587e-05 2.955985264360585889e-05 1.000000000000000021e-08 1.000000000000000021e-08 1.000000000000000021e-08 1.000000000000000021e-08 1.000000000000000021e-08 1.088946454658435154e-05 1.000000000000000021e-08 1.000000000000000021e-08 1.000000000000000021e-08 3.376044807026642807e-04 2.153811978966539177e-03 5.749090260626977568e-05 1.000000000000000021e-08 4.086922712745829121e-05 4.116207156195294745e-05 3.029756880600648823e-05 2.061445142898343081e-05 2.815700977560448118e-05 1.946862344657078413e-05 3.058192185318531702e-05 1.000000000000000021e-08 1.000000000000000021e-08 1.784525435166264590e-05 1.000000000000000021e-08 6.386730012566420637e-05 6.800691540418261666e-05 7.596604814861353868e-05 1.687185753423262101e-04 6.876148867185806620e-05 5.864521288895820333e-05 5.275490107794772053e-05
2.424247936023918998e-04 2.338057728851771587e-05 3.379530822004892079e-05 3.088126668807551778e-05 3.287550619328798916e-05 1.000000000000000021e-08 1.000000000000000021e-08 1.000000000000000021e-08 1.000000000000000021e-08 1.000000000000000021e-08 1.000000000000000021e-08 1.488108200972663821e-05 2.284188023788308520e-05 1.000000000000000021e-08 1.000000000000000021e-08 5.553259705801027492e-03 2.886921211562377726e-04 3.989648293251889098e-05 1.612863774550488930e-05 3.669572219180521213e-05 6.041298514350726764e-05 5.897765538011237737e-05 5.937256221725595914e-05 1.000000000000000021e-08 1.000000000000000021e-08 1.000000000000000021e-08 1.000000000000000021e-08 1.000000000000000021e-08 1.529604694596042874e-05 2.308675102352374469e-05 2.931434610520016799e-05 3.029374669519272693e-05 3.425269187299041448e-05 7.259703881149120791e-05 4.026284498655375167e-05 4.584839362267359154e-05 4.351531072722509094e-05
2.387345795861006519e-04 2.877712638570099511e-04 2.285238176791080781e-04 1.735686685051618199e-04 1.229017046990642876e-04 1.000000000000000021e-08 1.000000000000000021e-08 1.000000000000000021e-08 1.000000000000000021e-08 1.000000000000000021e-08 1.000000000000000021e-08 1.000000000000000021e-08 2.546546523171335690e-05 4.084534042183832127e-05 4.798716078432847121e-05 6.528261721415680495e-04 4.463782209774423595e-05 3.129711577139027921e-05 2.437072660862689273e-05 3.865821960324057551e-05 8.455648045215845353e-05 1.435745393782975781e-04 1.285098269603843245e-04 1.000000000000000021e-08 1.000000000000000021e-08 1.000000000000000021e-08 1.000000000000000021e-08 1.000000000000000021e-08 1.000000000000000021e-08 4.832718079037022323e-05 2.403588875594867065e-05 1.000000000000000021e-08 1.443154378020728740e-05 1.129071126364811239e-05 1.698160814924199306e-05 1.826752402307657561e-05 2.530456353537048831e-05
1.000000000000000021e-08 1.298499782744977792e-05 1.412073669712584397e-04 1.000000000000000021e-08 5.544957924739343574e-05 1.000000000000000021e-08 1.000000000000000021e-08 1.000000000000000021e-08 1.000000000000000021e-08 1.000000000000000021e-08 1.000000000000000021e-08 1.000000000000000021e-08 1.184914501629437064e-04 9.433759993485688088e-05 2.568344939329090875e-05 3.545310766758488411e-05 1.000000000000000021e-08 4.586148407413748450e-05 2.938294004345536747e-05 4.034725878757753378e-05 3.920491832276390073e-05 4.623601716119014182e-05 1.677340698018141534e-04 1.828323376122482577e-04 1.513279549485530234e-04 9.818703595136031082e-05 5.425914532751218057e-05 2.713584232610010563e-05 1.895646364266118602e-05 1.000000000000000021e-08 1.000000000000000021e-08 4.143095926021222607e-05 2.908586450530159111e-05 2.701970910330349734e-05 2.508169411467018302e-05 2.278013603695430001e-05 1.284518750226572614e-05
1.000000000000000021e-08 1.000000000000000021e-08 1.000000000000000021e-08 1.000000000000000021e-08 2.182055246770949044e-05 1.000000000000000021e-08 1.000000000000000021e-08 1.000000000000000021e-08 1.000000000000000021e-08 1.000000000000000021e-08 1.000000000000000021e-08 1.000000000000000021e-08 7.639786124632282820e-05 3.863783957068903568e-05 3.100489912116805209e-05 1.092900122216702757e-05 1.000000000000000021e-08 5.324409845503125113e-05 2.404412884293224289e-05 4.621948548741088529e-05 4.732670309672876066e-05 1.000000000000000021e-08 1.750015125210651053e-05 3.066582772732002668e-05 3.283906816567872412e-05 3.910972160937410994e-05 1.000000000000000021e-08 1.000000000000000021e-08 2.343488355045472002e-05 1.730172631974636070e-05 1.453528007882263621e-05 8.263519834529745912e-05 7.993966504665951526e-05 4.009255145063845058e-05 3.755783065040538553e-05 2.855471155240961237e-05 1.491110385773707215e-05
1.000000000000000021e-08 1.000000000000000021e-08 1.000000000000000021e-08 2.882947820511182560e-05 2.209176323916261250e-04 6.531929177423804935e-04 1.000000000000000021e-08 1.000000000000000021e-08 1.000000000000000021e-08 1.000000000000000021e-08 1.000000000000000021e-08 1.000000000000000021e-08 6.743134852717561079e-05 7.322291071539883045e-05 1.000000000000000021e-08 1.874818071718765820e-05 1.000000000000000021e-08 6.492680693232130414e-05 3.020755203665185487e-05 4.555512704430970375e-05 5.158546089388450789e-05 1.000000000000000021e-08 1.000000000000000021e-08 1.000000000000000021e-08 1.000000000000000021e-08 1.000000000000000021e-08 1.000000000000000021e-08 1.000000000000000021e-08 2.563002867544387933e-05 2.457361754502453016e-05 1.000000000000000021e-08 8.133881790616819441e-05 1.782447104444597006e-04 5.502536457249614348e-05 3.595112797211166247e-05 1.000000000000000021e-08 1.000000000000000021e-08
1.000000000000000021e-08 1.000000000000000021e-08 1.000000000000000021e-08 1.000000000000000021e-08 1.000000000000000021e-08 3.598135518845027299e-05 1.180324746644047232e-05 1.000000000000000021e-08 1.000000000000000021e-08 1.000000000000000021e-08 1.000000000000000021e-08 1.596721539807396430e-04 1.361358578635953563e-04 2.599870852434980407e-05 1.354091532225536743e-05 1.000000000000000021e-08 1.000000000000000021e-08 5.637268799101011104e-05 1.000000000000000021e-08 4.186686117671614894e-05 5.444527868279900348e-05 1.000000000000000021e-08 1.000000000000000021e-08 1.000000000000000021e-08 1.000000000000000021e-08 1.000000000000000021e-08 1.155909268650804607e-05 1.302784487640075984e-05 1.000000000000000021e-08 2.342221149844218335e-05 1.000000000000000021e-08 7.395121207543876396e-05 2.007115791570031544e-04 5.919718465376446988e-05 8.199130403948958379e-05 1.000000000000000021e-08 1.000000000000000021e-08
1.000000000000000021e-08 1.000000000000000021e-08 1.225487685822809484e-05 1.000000000000000021e-08 1.000000000000000021e-08 1.180445854726778427e-05 2.086535967368713249e-05 1.000000000000000021e-08 1.000000000000000021e-08 1.000000000000000021e-08 1.000000000000000021e-08 4.300075863014055284e-04 1.235074605473009471e-03 4.761434958339510440e-05 1.000000000000000021e-08 1.000000000000000021e-08 1.000000000000000021e-08 1.000000000000000021e-08 1.000000000000000021e-08 1.000000000000000021e-08 1.000000000000000021e-08 1.000000000000000021e-08 1.000000000000000021e-08 1.000000000000000021e-08 1.000000000000000021e-08 1.000000000000000021e-08 1.000000000000000021e-08 2.227297646928706382e-05 2.130871071842563991e-05 3.238964170351231947e-05 1.113415540748804490e-04 1.127665221019011793e-04 1.188299831138752441e-04 1.000000000000000021e-08 7.508359910688691598e-05 8.619878380822155095e-05 1.000000000000000021e-08
1.000000000000000021e-08 1.000000000000000021e-08 1.000000000000000021e-08 1.000000000000000021e-08 1.362291625006371458e-05 1.000000000000000021e-08 1.000000000000000021e-08 1.000000000000000021e-08 1.000000000000000021e-08 1.612432362854279448e-05 4.456454377224092152e-05 4.026948242479732503e-04 1.390513677481925500e-03 1.004404114374536671e-04 2.057641082555467765e-05 1.000000000000000021e-08 1.000000000000000021e-08 1.000000000000000021e-08 1.000000000000000021e-08 1.000000000000000021e-08 1.000000000000000021e-08 1.000000000000000021e-08 1.000000000000000021e-08 1.000000000000000021e-08 1.000000000000000021e-08 1.000000000000000021e-08 1.000000000000000021e-08 1.000000000000000021e-08 1.067599976132178500e-04 3.747475438061820193e-05 2.332120757342931883e-04 8.684036243318725098e-05 1.000000000000000021e-08 1.000000000000000021e-08 4.276014426489292307e-05 1.000000000000000021e-08 1.000000000000000021e-08
1.000000000000000021e-08 1.000000000000000021e-08 1.000000000000000021e-08 1.890277765444946123e-05 3.701418472834932497e-05 1.297576211144671651e-05 1.722030545343242248e-05 1.000000000000000021e-08 1.000000000000000021e-08 3.126053842127861316e-05 2.463870424590159421e-04 2.861907868005668875e-04 2.052871273356659252e-04 1.000000000000000021e-08 3.484171029062173693e-05 1.000000000000000021e-08 1.000000000000000021e-08 1.000000000000000021e-08 1.000000000000000021e-08 1.000000000000000021e-08 1.000000000000000021e-08 1.000000000000000021e-08 1.000000000000000021e-08 1.000000000000000021e-08 1.000000000000000021e-08 1.000000000000000021e-08 1.000000000000000021e-08 1.000000000000000021e-08 2.372947312007239198e-04 1.209226675692237011e-04 1.940626332510236396e-04 7.621373691460977477e-05 1.000000000000000021e-08 1.000000000000000021e-08 1.000000000000000021e-08 1.000000000000000021e-08 1.698733607765782471e-05
1.000000000000000021e-08 1.000000000000000021e-08 1.000000000000000021e-08 3.268697358810775539e-05 4.164807212820472018e-05 1.892645539905951811e-05 1.000000000000000021e-08 1.307601836440224658e-05 1.000000000000000021e-08 1.037002408241890139e-03 9.908667568227095060e-04 3.430986668992313686e-05 1.558444886976350063e-05 1.000000000000000021e-08 1.000000000000000021e-08 1.000000000000000021e-08 1.000000000000000021e-08 1.000000000000000021e-08 1.000000000000000021e-08 1.000000000000000021e-08 2.388828176843675092e-05 1.000000000000000021e-08 1.000000000000000021e-08 1.000000000000000021e-08 1.000000000000000021e-08 1.570936623266918928e-05 3.475193220079948308e-05 4.504197205954913022e-05 3.457876592579875712e-04 1.000000000000000021e-08 1.000000000000000021e-08 8.137021072551021755e-05 9.021176604246541691e-05 1.000000000000000021e-08 1.000000000000000021e-08 1.000000000000000021e-08 2.729006897524676996e-05
