output/water_depth_1800.asc
ncols 223
nrows 158
xllcorner 0.0
yllcorner 0.0
cellsize 30.0
[rows 102 to 118 of 158, columns 37 to 73 of 223]
2.803771100077242324e-04 6.043405093673914503e-04 4.863939420049413938e-04 7.377168126120514560e-04 9.784901285344650181e-04 6.249845964831470327e-04 9.568073740892362074e-04 5.643079082514624320e-04 8.074955853769911086e-04 4.968082775444153517e-04 1.058849637646283592e-03 1.167611237216169707e-03 3.071900449808684461e-03 3.077988263722611709e-03 6.124194615804738270e-03 4.693088559501980978e-03 6.575715480699503845e-03 5.841630335113886727e-03 5.473961054799982538e-03 3.730009768990029482e-03 5.359019613314448295e-03 4.236993784581925999e-03 6.770409953699568772e-03 5.375326701475989857e-03 7.603919062570585648e-03 6.381509711858492778e-03 6.010583503577058423e-03 7.226920366772172054e-03 5.683923075284882942e-03 9.934942052849216748e-03 5.001921842727348293e-03 3.897334771218197505e-03 6.241174524991037129e-04 1.675130968170321626e-03 2.460921709571527432e-03 5.074887287116430605e-03 5.345091172144407834e-03
5.281213707082828583e-04 4.487445752032682609e-04 9.099884695889168262e-04 1.093236417130738622e-03 7.999066132599507101e-04 1.303150273431471573e-03 8.466926817122692262e-04 1.283004202381833429e-03 7.505754680100797625e-04 1.128462720982513923e-03 7.928710673696689852e-04 1.737521201209800675e-03 1.808356511879688922e-03 3.991577665115049467e-03 3.795937737192046219e-03 6.567988586215901640e-03 4.737095317481947176e-03 6.317417068551905990e-03 4.624559743456047901e-03 6.009937035192030631e-03 4.105403980514391558e-03 6.187039876285399358e-03 4.784906260862800340e-03 7.241948235661800626e-03 6.728917819781746884e-03 7.321790735642074929e-03 7.153565602327102875e-03 6.203353457402997415e-03 7.746322529711254824e-03 1.590396057179655626e-02 3.445507042048110650e-03 1.062593338270718859e-03 8.583640470080179446e-04 7.111181212549918911e-04 1.459953065702741803e-03 2.397120587822168091e-03 3.882589453551769584e-03
4.524620352349651656e-04 8.728913391312277540e-04 6.874191671458959596e-04 1.041131465156108554e-03 1.507986702591367252e-03 1.044629813593735829e-03 1.702471430020124216e-03 1.049851224881525810e-03 1.605365008794273993e-03 9.832640198556925806e-04 1.571046586807009222e-03 1.181007637287276313e-03 2.512719292917416081e-03 2.402111222767404092e-03 4.872769556047601078e-03 4.268228809620503231e-03 6.897412122494651909e-03 4.655927456443225906e-03 6.666884965586819360e-03 4.536565981498031502e-03 6.315233961470512539e-03 4.551710780599836983e-03 6.803691265433702527e-03 5.144416241085455165e-03 7.968262223091224575e-03 6.975419968060541515e-03 6.295093787204429983e-03 7.622743702763954202e-03 2.012121690891339326e-02 1.242310407922244363e-02 1.893319686402240680e-03 8.918378198097275155e-04 5.620064401730128249e-04 7.494798768663730754e-04 8.092643050980339366e-04 1.491077466207519362e-03 1.838236157716672875e-03
1.062074786823799999e-03 4.858465641657970426e-04 1.113288186086681258e-03 1.461073488841543649e-03 1.119366182419648074e-03 1.903801821455186963e-03 1.251947819007513066e-03 2.009210937734496379e-03 1.309684153687292688e-03 1.973715225423531856e-03 1.266555995376684660e-03 2.158894656224497229e-03 1.657948625412441687e-03 3.336229418791101207e-03 2.983545773492908386e-03 5.734811693003184600e-03 4.488609241146232498e-03 6.628599903684093478e-03 4.643460100021694348e-03 6.497936857335926374e-03 4.552801416082837005e-03 6.577156439103702852e-03 4.835432200264120142e-03 7.139761483348743519e-03 5.213766210640917789e-03 6.866785633923543249e-03 7.202249688754817046e-03 1.417455687996060920e-02 2.753656352156553730e-02 8.254191938854285246e-03 1.923838119826879085e-03 3.986366898880183587e-04 6.546352924329697492e-04 6.595590229251783489e-04 8.845947926426104505e-04 8.904324619171627517e-04 2.375532245597018494e-03
7.176138048870735241e-04 1.093766948045192403e-03 8.864868368161258564e-04 1.359866234174794946e-03 2.084596536084911897e-03 1.411766174751591298e-03 2.325145817338926391e-03 1.598292555024223051e-03 2.549275136357040828e-03 1.647529165300642973e-03 2.534184640020129865e-03 1.642744700882712346e-03 2.810305853400204591e-03 2.181323888594966474e-03 4.142025740084218435e-03 3.663192408940051971e-03 6.203804930303295599e-03 4.768037183241563559e-03 6.941315785015652294e-03 4.945075414058487315e-03 6.853238786065338900e-03 4.824735906863543596e-03 6.904504246907128967e-03 5.632361788975176649e-03 5.736174017883519452e-03 6.770354263525241688e-03 6.136614913840808885e-03 3.696779984818760606e-02 1.832294545970818839e-02 6.057434968193373993e-03 7.534781890429997041e-04 7.284064434297753392e-04 4.311905434879757847e-04 8.508998200794444695e-04 4.303346527353554482e-04 1.200978019437684650e-03 1.313108832652700592e-03
1.953563080238449740e-03 1.150665607982885542e-03 1.880263121177271199e-03 1.595887794652692650e-03 2.114197063844489542e-03 1.966323141226915001e-03 2.633886327418983632e-03 2.701874715274969405e-03 1.997540215689564205e-03 3.059460289964407477e-03 1.907331690855678177e-03 3.039976376261759386e-03 2.022512879050808454e-03 3.393452433103092379e-03 2.705055695161331757e-03 5.137706401031260847e-03 4.480449663502486524e-03 7.195620647997530428e-03 5.442268343858115698e-03 7.619614827938405582e-03 5.329002248084665876e-03 7.414144621690620107e-03 5.146085303006468770e-03 7.271017647377214614e-03 5.875217395832067063e-03 8.260897700388085754e-03 8.114706446583890703e-03 5.497672158676085441e-02 1.191989695635356679e-02 3.590785652013548171e-03 1.172470240388071971e-03 6.521990868624064899e-04 6.489673722465168909e-04 5.400629623848058605e-04 4.690315255659017958e-04 6.192798182699774156e-04 1.730842981697462051e-03
1.752208864598411202e-03 2.691562951310035295e-03 1.638055999852246593e-03 2.565532160059853968e-03 1.858323243901097285e-03 3.006736298006179933e-03 1.898695415928380219e-03 2.464430354664552594e-03 3.367840055892044014e-03 2.686854347172538786e-03 3.377841959774987267e-03 2.310727289202766169e-03 3.687952409395727372e-03 2.495031766074123393e-03 5.135676113134792810e-03 8.360393671318239531e-03 1.153598389339843128e-02 8.460991412969083580e-03 8.708161986435810492e-03 9.216990799162346967e-03 1.048245746850852422e-02 7.655706596592143712e-03 9.063101416243642475e-03 7.197254836325391036e-03 7.563823015408717605e-03 7.616507566671354597e-03 9.002627880906412944e-03 7.509269693243265931e-02 8.714577985618763081e-03 3.489512161364204286e-03 9.835724098835054406e-04 6.937311630626687847e-04 5.860665229097649634e-04 1.029083141852176570e-03 3.601671399527673614e-04 9.528245608880116105e-04 1.338687572206767942e-03
3.151765789482577351e-03 2.156412613981372600e-03 3.291213888522788629e-03 2.113449932925916958e-03 3.288494749991465078e-03 2.302741196518887611e-03 3.714905797187689675e-03 3.941589861020067427e-03 3.408577677883951537e-03 4.181670636261757869e-03 2.775565096049185769e-03 5.028099726269974132e-03 3.172667676403919963e-03 4.598809951950968283e-03 2.822164350317454135e-03 2.140912260311142890e-03 2.088442665293225708e-03 1.035794591503201405e-02 1.635061024310841687e-02 2.219830822177681906e-02 1.625679535898804165e-02 1.487297974173366379e-02 1.028197312597324553e-02 1.105509709602247106e-02 1.888168394351375998e-02 3.773790916558888986e-02 2.354471562198040893e-02 5.072476889802930017e-02 6.403866878513819749e-02 3.539367416531418158e-03 1.168261255962100773e-03 1.110306647670380141e-03 9.612902014029611015e-04 8.681555070400796392e-04 8.725324942864088685e-04 8.003658202307846990e-04 3.628605141044984744e-03
2.539418017699684917e-03 4.001100392527076437e-03 2.516781549937146222e-03 3.790131443018935741e-03 2.491114843019397347e-03 4.025113693272867367e-03 2.760673354658234584e-03 3.660248214458431543e-03 3.890747611359240531e-03 2.988319114856822101e-03 4.353033125087268744e-03 2.505109546222415544e-03 4.299006239897518698e-03 2.846158114656527870e-03 4.371568560260327869e-03 2.209843028480353022e-03 2.451612557214411913e-03 7.714514093946204555e-04 1.883283768577028328e-03 1.192264228742489964e-03 6.769607751544947337e-03 1.027920111425399512e-02 2.065006672284286013e-02 2.805044323809442741e-02 2.795995111503419076e-02 1.716519404873288399e-02 4.210499673675350413e-02 9.771651921984264577e-02 8.297914047537555127e-02 6.330269874511282313e-02 2.258752035691188875e-02 4.308348225026741203e-03 2.033191414096582276e-03 1.427008119574089354e-03 1.053931449512993590e-03 3.035926928319125986e-03 3.182796830672646876e-03
5.614290212956807649e-03 2.889866102884345624e-03 4.269322060009358467e-03 3.012143941528835911e-03 4.477830477750207802e-03 3.376644306518312294e-03 6.210416379212436479e-03 2.599788559457791304e-03 3.404471109160080774e-03 4.550340057475689079e-03 3.215853438454617085e-03 4.519073539306618648e-03 3.066871035525778159e-03 4.736999314551152036e-03 3.290284724959560356e-03 4.387876196469592087e-03 2.309481822224083471e-03 2.681258332629055975e-03 2.435117720112889555e-03 1.323078628925029561e-03 5.276806708601460699e-03 5.794694245505398536e-03 3.796050414484795042e-03 1.266983779562923934e-03 7.350443591418927844e-04 4.414346163667762918e-04 5.035302763921694312e-04 5.648272134837562311e-04 8.703574975187754192e-02 7.664431062369983505e-02 5.056770831636961394e-02 2.697091871025142709e-02 1.436726356837713693e-02 9.161686085097531934e-03 6.702328812032118215e-03 3.410783684845041051e-03 4.494045473194932354e-03
3.592492428059610408e-03 4.954116731118541304e-03 3.310672377537707874e-03 5.032232922554728989e-03 3.648439383826296116e-03 7.734439844385500827e-03 2.967616556332578273e-03 4.237743073316338656e-03 4.017007079290923176e-03 3.255314587919578943e-03 5.127150818986167535e-03 3.438109207612667466e-03 4.921895588865555192e-03 3.556825262507376951e-03 5.496456961967282999e-03 3.388627087183974408e-03 4.624997009007912087e-03 2.526463839597749023e-03 2.692829965649761424e-03 2.819661310985528777e-03 3.034667883775103887e-03 6.221656444271726066e-03 3.546245272452282042e-03 3.875174126525625373e-03 1.675999433818859156e-03 1.496455620518389977e-03 5.588412603677676274e-04 1.136402986272507139e-03 3.699741683561753739e-04 3.907770940106684854e-02 4.550447221575588952e-02 3.686707888476444678e-02 2.595249297758848300e-02 1.749172507752078110e-02 1.515383762251930680e-02 1.338994555653296760e-02 3.168381269947308058e-03
5.646233244348182814e-03 3.858952778737392841e-03 5.583184768890062447e-03 4.013613631020392265e-03 5.856813215274412655e-03 1.099709627640356978e-02 3.313108067772598236e-03 1.557677761011513071e-03 3.277194781331010942e-03 3.553378246128629028e-03 4.511473453539210747e-03 4.269226726262594432e-03 4.969217332596113576e-03 5.182582131293701419e-03 4.261970952530606815e-03 5.660357075273238572e-03 3.738458709177609925e-03 5.009921982411242279e-03 3.971032039655316564e-03 2.579450682021835334e-03 4.377310179064395831e-03 3.870120090981625342e-03 5.664918343201355913e-03 3.441906986127824149e-03 4.090239194067275125e-03 2.575845652301369387e-03 2.003293893563699336e-03 9.592012629323095176e-04 8.192874743153167640e-04 1.997417722535768658e-02 3.320437421565070046e-02 3.540276918250448435e-02 3.093982188286966209e-02 2.438510394034303780e-02 2.187304226031623264e-02 1.793103752071124532e-02 1.740887219141216621e-02
3.870776764961831977e-03 6.233611615435515063e-03 4.485928675282427336e-03 6.309993161796353077e-03 4.508919764445644060e-03 1.010277804303874941e-02 5.664314226151202954e-03 5.467247780136835072e-03 3.233409542739097177e-03 4.559549894239337507e-03 3.549902326534868334e-03 5.243788626602214654e-03 3.896371088384587011e-03 5.422926134058244328e-03 5.526037530580977727e-03 4.916981762698720976e-03 4.859751437293507656e-03 3.427898176789384750e-03 3.941778517298101005e-03 4.388393397261406911e-03 3.116401509036428874e-03 5.386801977523115494e-03 4.105547741661086901e-03 5.723239249643059454e-03 3.578744738183094534e-03 3.647288761970434931e-03 2.832548833766072513e-03 2.613787131650528815e-03 1.249778789058287893e-03 1.228441872574728179e-02 2.121385004066031477e-02 2.876689949883580108e-02 2.999387454177259923e-02 2.727319608722044569e-02 2.733476589785220623e-02 2.321533931688026312e-02 3.425542636734848351e-02
5.289097945768950551e-03 4.274998727736655131e-03 7.226199706968574818e-03 5.256814609616855538e-03 7.191422143859491425e-03 7.676075552497160955e-03 9.868704193382933643e-03 5.853503854449194910e-03 6.461595151469519752e-03 3.961205203863317481e-03 5.873513907158151894e-03 3.881016451786005895e-03 5.661427062507008376e-03 4.172995848600053598e-03 8.139659612784891016e-03 5.685795767939538781e-03 4.582239704602291547e-03 4.404302268889553548e-03 3.628223723142842347e-03 3.766644036443640188e-03 4.930802072382771406e-03 3.809587121811234406e-03 5.992213279307382484e-03 4.370003720004989566e-03 5.992297712279159860e-03 5.073967774882197877e-03 4.412612377563443836e-03 2.768359848603071244e-03 4.187774051979948134e-03 8.202604404343780131e-02 5.030654085772665735e-02 3.832521804318596292e-02 3.448576821125404895e-02 1.902117006352031237e-01 2.662546092735680325e-01 3.052126319655071307e-01 3.329629059669987901e-01
2.907361048530133704e-03 5.386781335781713406e-03 4.665536030614664958e-03 7.249673619676538262e-03 5.251327987087588828e-03 8.807151451668543754e-03 7.105141846607911094e-03 8.452858107935714779e-03 5.449084410183887596e-03 7.330099156652770259e-03 4.610497441272570426e-03 6.548065529105012023e-03 4.203132196740014953e-03 6.197514979104777610e-03 5.504225323692608918e-03 7.822001307689192134e-03 6.385345195407023632e-03 3.490812069998979958e-03 4.665908953304495968e-03 3.853788789337114686e-03 4.857583032328578569e-03 5.317575762926697244e-03 4.335430542898285715e-03 6.431207522286064640e-03 4.617945735926144712e-03 5.218443369480793743e-03 4.717701949587614629e-03 6.459180574425302593e-03 1.418166853892741108e-01 1.335263096095492819e-01 2.080252717760305570e-01 2.509342441491149156e-01 2.786867071497853288e-01 1.373777527673562815e-01 6.775040406557215900e-02 3.403317348829974082e-02 2.055754184952751987e-02
4.163702177060082769e-03 3.503440435050698618e-03 6.143983634993537349e-03 4.979081429037774710e-03 7.724911033654487287e-03 6.257125719177086473e-03 7.291036200530817517e-03 6.235321222677820026e-03 7.802165133855296433e-03 5.815244210772232795e-03 7.707361057211538705e-03 5.480492969788244503e-03 6.851984866988551463e-03 4.677640148563857667e-03 7.279374987496216656e-03 5.636987840202225056e-03 8.547060914309033419e-03 6.321691818642016097e-03 4.231893889651060746e-03 5.584332387829207128e-03 4.028803609143411998e-03 4.807441884552239586e-03 6.165314266337417262e-03 4.637177289999268662e-03 6.772845769438435269e-03 6.277300700500018649e-03 9.107417254752531166e-03 2.941942662391882624e-01 1.445716724504873263e-01 7.043205510850114592e-02 3.451716815374474695e-02 1.696026864291358058e-02 9.937314815143085886e-03 5.153698059735269642e-03 3.999279964204567432e-03 2.352155216179540719e-03 7.761161044463242911e-04
2.663193939738271471e-03 4.995925938079766662e-03 4.107324776765675090e-03 6.850505578845326494e-03 5.495414315198877096e-03 7.101175334259249988e-03 6.034314963166345115e-03 7.361821933251804992e-03 6.202214149615838112e-03 8.866986194530614152e-03 6.403647188879766153e-03 8.592157346651713851e-03 5.738892746594394592e-03 7.464514061030116943e-03 5.414387844844365145e-03 7.903507892669426813e-03 6.278680675554058899e-03 6.620033570124280245e-03 7.033932541942284136e-03 4.667111238906443069e-03 6.426737656646449963e-03 6.532680050443298754e-03 1.709828736738027710e-01 2.537875042610170384e-01 2.890918630779196197e-01 3.025902010593002345e-01 3.881057365844822749e-01 3.511667010320873583e-01 2.806892496926012993e-03 1.201702545243434192e-03 5.467355915857472024e-04 8.741760860542502603e-04 5.308738728664046547e-04 8.370486358677687710e-04 8.714899293336005569e-04 1.224508546373698692e-03 3.634525807259212922e-04
