output/water_depth_720.asc
ncols 223
nrows 158
xllcorner 0.0
yllcorner 0.0
cellsize 30.0
[rows 102 to 118 of 158, columns 111 to 147 of 223]
9.898754408035103161e-03 9.912319299004164475e-03 9.912567588511165748e-03 9.907581475257328657e-03 9.902687495908625223e-03 9.904926192287831152e-03 9.910190191643349772e-03 9.909030650927465669e-03 9.889498265950837780e-03 9.908475270943680607e-03 9.896233245702689904e-03 1.492321509611750467e-02 1.004858830040896746e-02 7.951243653845748577e-03 8.129902183539828783e-03 8.967618750496992794e-03 9.545944735585662477e-03 9.807001595330379698e-03 9.630831521993539826e-03 4.675527850420942155e-02 1.045694216876066375e-02 9.914155006921219690e-03 9.914061679940943880e-03 9.913202124865650236e-03 9.907232755434532828e-03 9.875095947639724037e-03 9.739478952936708039e-03 9.284498041400664550e-03 8.070293787735442065e-03 5.563414874714515262e-03 2.961485520421786640e-03 1.768910349253973021e-03 3.432003463872765597e-03 5.980209308735916392e-03 1.941366771766379895e-02 3.231877812005782419e-02 1.055885049448400739e-02
3.153669494502858717e-02 1.865972497147007012e-02 1.312661210721083327e-02 1.095378594648857909e-02 1.020194071391736755e-02 9.980248957921076386e-03 9.926415890216533366e-03 9.915299921734486294e-03 9.909659224771102254e-03 9.913632329956754974e-03 9.911096997378566337e-03 1.169117637726552021e-02 1.029017248973426377e-02 9.191750123849059748e-03 9.125154786109791749e-03 9.473396641063605225e-03 1.794558629110326251e-02 1.322536243390780644e-02 1.919837799124912009e-02 5.332741466371183903e-02 1.006268951262748526e-02 9.913986552495344245e-03 9.912643883975334400e-03 9.904359581499676268e-03 9.864778456888901106e-03 9.711999674467307331e-03 9.237525245256195464e-03 8.007051546413576984e-03 5.787213460448940514e-03 2.561754352503757375e-03 7.122225073998679837e-03 4.251874239176924031e-03 2.846091796662654494e-03 5.501668226104875631e-03 1.258009983278819167e-02 4.133243787467430486e-02 1.008938990952040239e-02
1.865288802699390999e-02 3.252455504842467066e-02 3.774724699064071348e-02 3.953019179646491410e-02 3.079302483531148882e-02 2.694580805855020453e-02 1.636551145318983561e-02 1.213357435243190771e-02 1.059067153658682647e-02 1.009294401440777832e-02 9.953417281152295015e-03 1.047328532884742730e-02 1.008544015333748788e-02 2.538299991255024701e-02 2.458701388987705530e-02 3.235122335471839194e-02 2.160635468144928018e-02 3.067415402202839855e-02 2.090316669488829701e-02 5.620607803756096088e-02 9.948281468617580295e-03 9.913862948209071005e-03 9.911303638303734301e-03 9.894522932503178186e-03 9.812640754792965186e-03 9.508767187920538072e-03 8.619672887638017006e-03 6.586881151284848523e-03 3.875993151959707290e-03 1.964102225992672181e-03 4.860783782712615672e-03 1.102287423454708162e-02 3.176216285253104059e-03 5.325703513126581364e-03 9.498833301389396008e-03 4.485793982410862801e-02 9.953728430567507224e-03
7.046569157781902050e-03 4.102184861270403125e-03 3.150581769072889962e-03 3.107881343751799433e-03 1.233746921304709407e-02 1.627208024015825566e-02 2.768842695990346436e-02 3.210843859229921965e-02 3.340381554268385955e-02 3.427160427392381137e-02 2.801810753034889023e-02 3.348306865310805847e-02 4.775649780050517101e-02 1.129632490158628995e-02 1.303892969679175569e-02 6.420676753165478930e-03 8.718199824701868689e-03 4.492399445512633947e-03 7.646119157764073339e-03 2.545107693611819988e-02 3.403703402744535228e-02 9.909771003216093568e-03 9.891226123712411333e-03 9.815041951727413935e-03 9.545651299170938506e-03 8.739974708063102254e-03 6.750663536169078383e-03 4.763589800736915507e-03 6.555893427514877803e-03 1.328948602542802697e-03 3.660326712977891341e-03 8.295302554401653983e-03 6.983967741378097581e-03 7.038265107948387354e-03 9.029094477258270759e-03 4.647358681962353993e-02 9.921376360383447890e-03
2.459285052416037513e-03 1.131666901967989369e-03 1.048682611189842443e-03 9.402101135132980708e-04 1.044684308464780128e-03 1.085338654985456642e-03 1.340236997283530355e-03 1.208407847491300979e-03 9.081401252930389537e-04 1.469685019538249145e-03 9.109951988116815613e-03 5.233052385244330550e-03 2.790689830652029642e-03 2.280437751873795604e-03 1.375668221161405842e-03 1.596211650623834914e-03 2.370416950509243552e-03 1.905856948729573678e-03 2.016896664860698841e-03 1.141804262453085042e-02 2.957050164857644853e-02 2.140927972499219456e-02 9.725878718958056585e-03 9.301226499095292116e-03 8.237966027066733615e-03 6.050109187909981541e-03 3.117105823018173801e-03 8.406470027241402798e-03 8.447635625521077857e-03 1.782833286765205059e-03 3.935125267433477528e-03 6.535352363807290198e-03 1.378626017988398081e-02 5.829985650922786360e-03 7.267801357435084951e-03 3.358265269357189192e-02 2.257611589218118733e-02
2.112372797062512728e-03 2.259906930506454768e-03 2.562536902841245148e-03 2.644420386248674294e-03 2.846624262224163246e-03 2.731705238547876401e-03 2.843849354115279924e-03 2.667210995146739906e-03 8.301671177910325411e-03 5.982970024849817298e-03 1.070955919555244967e-02 5.884089972431158500e-03 3.790834395219916993e-03 3.675204485011696661e-03 3.077939792548358561e-03 3.568917984990620327e-03 2.742181095318140319e-03 3.522438612439618682e-03 3.845972314868411745e-03 8.032556248819457817e-03 4.014793538151952002e-02 3.121421576683399909e-02 9.592194138971108994e-03 8.888290737271318728e-03 7.300214845175587684e-03 4.603847726922505150e-03 2.618969190181919763e-03 8.468427719358751979e-03 5.165603435311484290e-03 4.787456326581662584e-03 4.705485999630760682e-03 7.583690034575127185e-03 2.286778310107665316e-02 2.988504627527439200e-03 9.919402978723396505e-03 1.402844093784457770e-02 3.525305958526907951e-02
3.307881996208999337e-03 4.487570227654616266e-03 5.034211661961295048e-03 5.177595755767141691e-03 5.198662375209134323e-03 1.341698868294767880e-02 1.499095168269017411e-02 2.001166441254162778e-02 1.807963546220917039e-02 1.763344433003211781e-02 5.913788825681301660e-03 5.421217592081859112e-03 5.411392674280732923e-03 5.514422368095784482e-03 5.927817553068532100e-03 6.211967980137642585e-03 6.670923845393512616e-03 6.328393634520315496e-03 6.936239164118465639e-03 1.391514077208788440e-02 2.340148630630014409e-02 4.281957824956143799e-02 2.708854761752852933e-02 8.551820147411324374e-03 7.473790063098505708e-03 5.042192699855438387e-03 4.579799625433500845e-03 4.695510648166367762e-03 3.637594050848560676e-03 4.122889490690161488e-03 6.095628522810814243e-03 8.029989936343129298e-03 2.429102680021170274e-02 1.338255549573282542e-02 6.145663126364263665e-03 1.416614845324628766e-02 2.852590610757360645e-02
6.309084654215924015e-03 7.275134032928260754e-03 7.791690949337433739e-03 7.942954988251160059e-03 2.314398166564781908e-02 3.248335094563821815e-03 3.350611666189003569e-03 2.116162413383208731e-03 1.868944575397247414e-03 3.166870369253007092e-03 4.886525153767186554e-03 5.777958972506467422e-03 6.674034237206369694e-03 7.534319661029741620e-03 8.039936108965348160e-03 2.618421066613857082e-02 7.558928042980520533e-03 1.413328283923488866e-02 9.259476108751696008e-03 3.025221926030275711e-03 7.961752960919815398e-04 9.935954293840802698e-03 1.525994665988358173e-02 2.531324988832921868e-02 5.740038244554346650e-03 1.150934889616656021e-02 4.334254402064844150e-03 3.034009769589507410e-03 4.590544041916820063e-03 3.479260030777478301e-03 5.538709268064436267e-03 7.977063241181468409e-03 1.535487581498594725e-02 2.891130097881797201e-02 5.320363151093485642e-03 2.008800117577296332e-02 1.693555631089432856e-02
8.341712487875638585e-03 8.912938633996905780e-03 9.202281232759129334e-03 9.293445305987491425e-03 7.739111477416125637e-03 4.964948737008720824e-03 4.176003961451978108e-03 3.304402681813126477e-03 2.752720683058372617e-03 7.574996659204619349e-03 1.962573444599296363e-02 3.277368948759751960e-02 2.916046145370751463e-02 1.699209872802705940e-02 1.204133906915879314e-02 1.937581074132990050e-02 3.361700821272600725e-02 6.120868344809412415e-02 2.821020268721236013e-02 5.183534594515101269e-03 9.073606792148157518e-03 1.706629044185910965e-02 1.466417671730008143e-02 1.830756850102582475e-02 1.756039611361588648e-02 7.905985344899743236e-03 1.931554018174522908e-02 4.219033649798599982e-03 3.809369498179517987e-03 1.944490303542621484e-03 4.260973074038745985e-03 7.210474436700250317e-03 3.001397236415281194e-02 1.351310839309763021e-02 1.290699806500811807e-02 1.027075175189035190e-02 1.825936473760683687e-02
9.393351859656402791e-03 9.628685898936537729e-03 9.734886055578982275e-03 9.765202273214102988e-03 8.434588410777408424e-03 7.487620539747743414e-03 6.646095857680420910e-03 6.279390819539487634e-03 5.340205125118639186e-03 4.446042029712135406e-03 6.045292743502102620e-03 9.591017727901576112e-03 2.148934268966678704e-02 3.741544469765679254e-02 4.360457342080147763e-02 3.202603531760350036e-02 1.714533588581938078e-02 1.407121911468815247e-02 5.398954714906261526e-02 2.818329210612397981e-02 1.875710125806822476e-02 1.844970939669394669e-02 3.371831803557683721e-02 4.353739946367436026e-02 1.673355510348244549e-02 1.082859309797962535e-02 3.090203745975952584e-02 4.525743459234996859e-03 2.215250542860114705e-03 2.790369091547860447e-03 4.073072848973078100e-03 7.010415550151749553e-03 2.727239016762128196e-02 2.169617527217597777e-02 8.896710840216422861e-03 6.467181375690233928e-03 1.703727616718324345e-02
9.789089405634089636e-03 9.855524560983692714e-03 2.157012989241729323e-02 3.769016812294447016e-03 7.049382127493231988e-03 1.239516730844730623e-02 2.232890210774477954e-02 3.010168738064498972e-02 3.449558246517624854e-02 2.667240725314952779e-02 2.408506209202962434e-02 1.446750362886953765e-02 1.032061412637043027e-02 8.737302932498578964e-03 7.877549371490689956e-03 7.394653339209555573e-03 6.784927712245488775e-03 1.239733802042129393e-02 7.035420399489034429e-03 5.031713024535334859e-03 6.937785521352262492e-04 4.418565057698701885e-03 6.942062439339784750e-03 2.598757773730432305e-02 2.714380855930772010e-02 2.651127467585012026e-02 5.824003051723269930e-02 4.537576190472892429e-02 2.229933437407809541e-03 2.218846726753827703e-03 4.799262631423192697e-03 7.300014401059378918e-03 2.488280760277590889e-02 4.201724368694591955e-02 8.450871694708582751e-03 7.418728381782461849e-03 8.598847403761577732e-03
1.013968130253809462e-02 9.965371666188303085e-03 2.318595361535555691e-02 1.097540041160560524e-02 2.105182632631419186e-03 3.171498285485296019e-03 1.927184851661265354e-03 2.600793607774152302e-03 3.230010569741437361e-03 1.288694875447198192e-02 8.423108929652912275e-03 6.363226251217300906e-03 5.638814663686384301e-03 5.480845899771688394e-03 4.833216153532748569e-03 4.376107199327516038e-03 3.855561893245048645e-03 3.982843623832005818e-03 2.737423394248517192e-03 3.195583702422919413e-03 7.089674586156558857e-03 6.704743948356262431e-03 8.822412658431434337e-03 8.409411525860719869e-03 1.851538490048597330e-02 2.351696325100096491e-02 5.423105517684136817e-02 4.207070480051834649e-02 3.125200307998062671e-02 1.494069169298402160e-02 2.471750317836229546e-02 2.498101961177126573e-02 2.100985415942567894e-02 3.760270773619048268e-02 4.399815651371094538e-02 4.025329513645005408e-02 5.469429661785321466e-03
1.048256360216649231e-02 2.703197628059891139e-02 3.191582496453868045e-02 3.502885012028204154e-02 3.074826277275475705e-03 1.675300376303000272e-03 1.423308879504443314e-03 1.057318051803092865e-03 1.351317668329021782e-03 2.527725234009868538e-03 2.349685612444508531e-03 2.171644593048389395e-03 2.322296048728777259e-03 2.358719019729920395e-03 2.383289096237430592e-03 2.189712069543967715e-03 1.511091949517840653e-03 1.606261939287866123e-03 1.230913109512558456e-03 1.016048864350739935e-03 1.362102899435105839e-02 2.171817486718153473e-02 1.088329468029216630e-02 7.855869488169931261e-03 6.151825318359924882e-03 6.086304695767042784e-03 6.213904643330836648e-03 6.062323581159662599e-03 5.820578312970042106e-03 5.244552893527519750e-03 5.180663591801575908e-03 1.223678018047283378e-02 1.491659642029131809e-02 2.832003322115550156e-02 1.674155294679942688e-02 4.454540005945271941e-02 2.092073948154714313e-02
4.893457582843576542e-02 1.279603140491441735e-02 1.672728711778073002e-02 3.961607661824619736e-02 5.087372589407065937e-02 2.752796948919240122e-02 5.023824985840987488e-03 3.739632226536595151e-03 2.907561379744229464e-03 9.758354755112503675e-04 8.298797625174692515e-04 9.492014456947220086e-04 7.833091935207368069e-04 7.760181660553351277e-04 1.132541345632898317e-03 1.462311012406583783e-03 8.218554254145976276e-03 4.873763677608102148e-03 3.465818239713027056e-03 2.922822258316849081e-02 4.031360454327506671e-02 1.777975122933232385e-02 1.891208848930103206e-03 3.668248866817254081e-03 2.588200816891252695e-03 3.185394089619008641e-03 3.286941037159684005e-03 3.101307016800518637e-03 2.753162212240021535e-03 1.663924993009566287e-03 4.167877038334543392e-03 1.447839382319716581e-02 1.956126546906516647e-02 1.427702412600731843e-02 1.055151505291499620e-02 6.701468079726768078e-03 2.098429690100447886e-02
1.853919607066149182e-03 1.138009763250781743e-03 1.011046931791201959e-03 1.248006939487924811e-03 2.341144406986578417e-03 9.132655671560850272e-03 1.532874300603346771e-02 1.605800618994941351e-02 9.202631678840226398e-03 5.934545784635303182e-03 4.099376533303843856e-03 2.938517051093355540e-03 2.805440305672062505e-03 3.038877344812435273e-03 1.593222028428186929e-02 2.324604069482963387e-02 2.141649261216211492e-02 3.949735509047129500e-02 4.192565528197272212e-02 3.293356920503261870e-02 1.615351058641009002e-02 2.287491635463362056e-03 1.199593402601730700e-03 1.534830727793967935e-03 3.050101516692878094e-03 2.361721385694422800e-03 1.424700507741268832e-03 1.148779802444264628e-03 8.744423337967100135e-04 1.636805391435598375e-02 2.042908840979119206e-02 1.367606584691264879e-02 1.135153456514993546e-02 1.152806235816890984e-02 7.668442897314465927e-03 1.388427543517475188e-02 2.070819553992692824e-02
2.362430933951057115e-03 2.600638251676827984e-03 2.460439360352528228e-03 4.300505793287441418e-03 8.577348018641472093e-04 2.810933591168189105e-04 9.688828396835868877e-04 2.918098678164007202e-03 6.486351948332939529e-03 6.933516982265730370e-03 6.264811603716313390e-03 5.849313225354335101e-03 1.523736282398927173e-02 5.589287682155445053e-02 3.920964629831826670e-02 1.100154528981921176e-02 6.840525397881531619e-03 2.188888861598052918e-02 1.086901576262526078e-02 9.005636892876396973e-03 2.595552892024074066e-03 1.265656744025853066e-03 8.600895122330440377e-04 1.533308465273496750e-03 1.707231987824213513e-03 1.935060837475837542e-03 2.048808691231972321e-03 1.071545047508715154e-02 2.215144503948639210e-02 1.551590672391606023e-02 1.096124149119853328e-02 3.013069961719749834e-02 1.141272992691064019e-02 1.324512737667011240e-02 3.824699586488393421e-03 8.000938826838619247e-03 8.237782713225470788e-03
4.723485537111228247e-03 4.516538242001702161e-03 5.184668297593984093e-03 1.148677324308905283e-02 2.086556280872039863e-03 2.682407446971984532e-03 2.022225344755664879e-03 3.045271177017492246e-03 5.803959300278603226e-03 7.842966271006635362e-03 8.026973672107062460e-03 2.819934503920302690e-02 2.638800339877796913e-02 2.402422041443625506e-02 2.427936286939334082e-02 7.969269443284725946e-03 3.414635288149054163e-03 1.937577747024745237e-02 3.817610547429651450e-03 1.896351682792940356e-03 9.288380250819744475e-04 6.408604879789775791e-04 9.677913846983972335e-04 8.745234695932450290e-04 1.238955352977397445e-03 2.842630885125596151e-03 3.642050042169656110e-02 2.762503592486113477e-02 1.349956433371838314e-02 1.017629114597505893e-02 6.734278241204751277e-03 1.302854945972826452e-02 1.340041384993797755e-02 4.774475949108945329e-03 5.298202852020393594e-03 1.241034315692542828e-02 8.231726652623850768e-03
