output/water_depth_1200.asc
ncols 223
nrows 158
xllcorner 0.0
yllcorner 0.0
cellsize 30.0
[rows 119 to 135 of 158, columns 148 to 184 of 223]
4.032577086564839361e-03 8.687307393617163184e-03 1.358340750017278560e-02 1.224244387445106233e-02 1.983691800476984277e-02 1.918692413349483428e-02 1.414986795628786660e-02 1.009488082439341516e-02 7.929220745461172670e-03 5.150257103030806208e-03 6.485376766779234886e-03 5.742260139269967853e-03 8.133470068092778227e-03 7.635375224262541498e-03 7.117496004786538419e-03 9.162006341628323169e-03 1.127026335080661031e-02 1.095889480010764708e-02 1.166170037155752660e-02 1.845297451619160867e-01 1.945134084051186206e-03 1.106817291539222191e-03 5.557627617817744760e-03 1.922413294420031093e-03 3.408214199883550155e-04 1.507690306990862967e-03 1.822293424002594973e-03 7.052693003164874032e-04 4.728455390722535279e-04 1.647656216956836612e-04 3.912361234878564890e-04 2.304627141534281972e-04 2.399473879247099447e-04 2.173244844931970213e-04 3.115291196896267586e-04 1.124597305783739658e-03 1.006324654182467592e-03
3.810156444673180529e-03 1.025800523386483608e-02 8.120987304981295077e-03 2.368486862546117719e-02 2.823636158503497681e-02 1.970213606922110658e-02 1.022516735485999237e-02 6.983667435336671919e-03 4.425906287341022788e-03 6.005038694777814143e-03 4.481098907936248953e-03 5.501587592600680823e-03 8.791907428493117571e-03 6.544360326281970994e-03 6.841008839407154880e-03 7.615531637143370218e-03 9.357747209429338048e-03 8.862274035370385286e-03 8.196754355997766528e-03 1.290769271350973059e-02 3.715368506741171953e-04 1.265794894444571784e-03 7.695466879675681889e-04 6.922889772963769593e-04 7.157480341305310755e-04 1.114568979954621815e-03 6.514486550928186423e-04 3.888865876577487059e-04 4.822564572069709850e-04 5.865230085535420249e-04 2.884197059955881533e-04 2.591695518570016768e-04 3.533272686087429010e-04 4.731553165012127764e-04 5.785520117713028720e-04 5.568175918394758974e-04 9.356255235317584599e-04
5.010973819930200288e-03 6.221810720308070496e-03 1.422151364531097466e-02 3.996956966878637690e-02 3.406021268419880121e-02 1.154808402338126580e-02 1.747872806274300070e-03 2.165363495811246670e-03 3.769392527942008134e-03 3.738101276369320842e-03 4.928626419185253536e-03 4.428978763172909498e-03 9.817623685000583314e-03 5.977172067605293106e-03 5.012011694156685501e-03 6.136751161963735143e-03 8.964621791677489931e-03 4.564752766359203573e-03 5.349633758414185092e-03 2.868926913020831190e-03 9.950278219648580474e-04 4.561480264229666494e-04 6.927880915100141472e-04 2.353165297603758204e-04 2.257257218813025893e-04 9.603663707084660267e-04 5.078456339415890431e-04 2.299940442060510043e-04 3.833922788435989589e-04 4.234269471845663159e-04 3.658928360227777388e-04 7.164522975443412883e-04 2.033384634047960028e-03 3.048033347468333092e-03 4.567068001594629459e-03 2.908606258781241440e-03 2.977724477072161025e-03
3.830536449927772827e-03 1.040055813907812647e-02 2.072368392577989687e-02 6.578691495740410233e-02 4.044551285782104974e-03 3.930525898701547026e-03 2.110360799375935164e-03 3.796247859845482998e-03 2.783528184754839423e-03 3.811374431505554130e-03 3.945443820174018845e-03 5.258263347704857961e-03 5.691262924482845195e-03 7.675757176634256766e-03 3.327260827201776114e-03 5.798131703938205241e-03 5.738679399924713140e-03 6.622512511548939596e-04 1.522466932139190151e-03 1.200242759188704326e-03 7.969165836903973916e-04 4.812922832872829266e-04 3.517748264161615337e-04 1.494710639031862967e-04 1.585373303999906142e-04 3.465388975882296757e-04 4.432797187474408866e-04 1.312122467653578390e-04 2.763077504038618203e-04 2.451831911694472973e-04 4.425291400668308461e-04 1.233168627849089540e-03 8.039722304897669409e-04 9.183727648459562992e-04 9.427745697909878939e-04 3.462510937252420446e-03 2.829908720176609223e-03
4.458236573428057611e-03 1.228877245598637181e-02 3.196448584402200588e-02 4.184357938440112779e-02 3.600001183246335883e-03 3.664717417378850293e-03 4.269571091389113941e-03 3.761214505375833766e-03 3.042118826633720147e-03 2.119090592179933251e-03 2.590719011186842259e-03 4.208159067258051070e-03 4.348478954467898186e-03 2.700563635483924172e-03 3.548188858146141249e-03 4.419811588160377225e-03 5.050034555908861598e-04 9.470066297225101593e-04 8.720085265020140414e-04 7.419967115844108363e-04 4.137175063470810953e-04 3.472742501136111466e-04 3.319968640131990781e-04 2.349459794419089462e-04 4.651489893586366548e-04 7.413446291943935900e-05 3.974692196450179522e-04 4.987328450499665207e-04 5.933730612215032483e-04 1.091078311011533467e-03 1.078010098377856331e-03 9.487160993627541915e-04 1.159091426032143055e-03 4.157778204865464214e-04 1.025927513808089653e-03 2.541927319916421728e-03 4.094332793884316798e-03
3.731980463065891814e-03 2.046294825634250095e-02 4.863406973076241091e-02 6.019284303017464165e-03 2.892255945562181765e-03 2.342419775393968315e-03 5.518700237805664564e-03 3.230159580726991476e-03 4.611928253402337906e-04 8.603388791027154160e-04 8.537780999515529176e-04 3.989590279940614416e-03 2.643583300241106413e-03 5.681891734224511813e-04 1.278817592780951079e-03 2.511771809915111855e-03 7.180974261421837210e-04 4.464957514336249998e-04 4.078856695870105957e-04 2.498447029884835486e-04 1.961731488220219601e-04 1.112798868896517826e-04 2.235255484254451382e-04 3.051600285160093904e-04 3.747910364431195421e-04 9.208678649083612035e-04 8.675757961459905918e-04 9.434989464421165983e-04 9.783657872359863891e-04 8.481884889145102678e-04 3.617376646216627681e-04 3.271866785706874139e-04 5.755166252523078113e-04 1.167905872047186964e-03 1.250598230989811164e-03 2.571985224813063287e-03 3.693185453799597597e-03
3.545796079245423088e-03 3.657374678714051669e-02 2.040811755587798593e-02 7.013679680260757540e-03 1.014113621144537361e-03 2.931740842586848771e-03 3.442172242316108872e-03 1.731431487259925623e-03 7.259989381606849314e-04 4.210997330344014365e-04 8.778545459560129979e-04 2.239468235140482707e-03 1.633020704382918964e-03 7.457772312663460109e-04 1.047617577438055740e-03 1.265946372537156287e-03 4.729203711210564582e-04 5.943962381764427262e-04 1.191605583577064426e-04 5.011809169670350134e-04 8.414477142976192043e-05 1.058078453194840192e-04 1.302239215073074487e-04 1.629005679435273878e-04 1.782331401946243279e-04 2.866051272610064724e-04 7.960302365017316983e-04 1.080870263801259317e-03 1.276649859779096802e-03 6.779892196462100097e-04 6.549099767757981172e-04 8.986169343752625771e-04 1.049517609208713235e-03 1.090823344041870176e-03 1.238627620115551097e-03 3.023448245905323208e-03 3.614384900734356892e-03
4.283914057173431565e-03 3.586126250436334761e-02 1.273439095630011023e-02 2.961398546308498074e-03 2.797260084721540311e-03 1.744912274456787531e-03 2.271362628769447393e-03 9.120329412229743549e-04 7.062966893083515293e-04 3.794316864238236582e-04 7.264339622445198114e-04 6.997067431667716372e-04 1.110781256313738384e-03 2.260091804144944848e-04 7.132144099413344511e-04 8.082067324499583308e-04 2.886746225710136709e-04 6.455866074363754729e-04 3.638186826779276077e-04 2.974600878373549447e-04 3.356457322934777309e-04 3.825267676567648185e-04 4.199522313654210372e-04 8.535925150884315113e-05 1.028176554953118266e-04 2.421007164059960255e-04 7.154780640910047163e-04 1.531703648049049680e-03 1.721574317338643665e-03 1.213840822951066769e-03 1.511308065231390003e-03 1.278508582523599051e-03 1.768557614974800062e-03 1.170800013030169010e-03 1.536230818098139987e-03 1.157357188402133655e-03 4.180963205181183889e-03
2.833074551960409332e-03 1.671549271380441681e-02 1.845576213220277012e-02 2.815271710876797364e-03 1.099857444495355111e-03 1.917485879370371248e-03 9.756719833319796482e-04 8.585965658060057707e-04 7.487032162978505927e-04 5.301434457397765330e-04 6.862198555789357805e-04 1.504061751762523927e-04 6.844181437827175085e-04 2.498792798303011266e-04 3.937452850784196705e-04 5.825992048344941438e-04 6.256540627852493408e-04 4.422406235323798570e-04 5.602385922530571556e-04 6.077695129840243737e-04 6.607867285845525109e-04 7.175621021518516869e-04 2.174387287573060481e-04 2.736184644481457363e-04 1.946548023023125275e-04 6.029581885506564345e-04 1.318700523007342203e-03 1.705410537039588883e-03 1.962584337801995867e-03 1.935006803196665610e-03 1.887480854118744021e-03 1.879150947402360994e-03 1.984265045790505749e-03 2.001947282678829144e-03 1.548717854737105548e-03 2.540333817029052574e-03 1.877752360228876569e-03
4.330433973908472817e-03 8.761437862520177200e-03 1.219191679224030690e-02 2.282705814420925555e-03 1.056484989698441802e-03 1.135833453628800477e-03 5.728992877849269430e-04 5.148969428197541645e-04 6.152469923733623700e-04 8.314873439878713935e-04 2.100491331999726388e-04 4.357923684598774138e-04 4.988685330626368595e-04 6.299642448459785628e-04 1.752694169302132868e-04 3.588404199238556976e-04 5.976966630246355111e-04 9.431693013210120822e-04 9.081536959249290972e-04 1.170184789891022493e-03 1.524928840885812851e-03 1.345838734191272690e-03 8.866795841358706678e-04 9.328101486102880922e-04 1.484395355177362029e-03 7.661179080448879495e-04 1.188607696335616066e-03 1.013682141634937844e-03 1.629287519818424729e-03 1.270435562517161637e-03 1.843453359852523319e-03 1.664551703097696175e-03 1.602230306980234479e-03 2.379393501074503984e-03 3.197930951579981782e-03 2.055174027694217035e-03 3.230900410783308502e-03
3.213155679561749845e-03 9.521710353693342913e-03 1.142831886653056499e-03 2.100395555671911822e-03 9.632446651406339046e-04 6.528133439452229146e-04 3.957284527231030142e-04 2.017259887309529704e-04 6.754317201669741153e-04 4.181480801066808054e-04 2.048937791391329771e-04 3.167593569765483723e-04 3.881749549980501772e-04 4.320312066658553115e-04 5.164971931566788958e-04 9.754754812580736017e-04 9.182653797243394605e-04 6.955913517522586834e-04 1.319042232735664595e-03 2.451461075885571095e-03 4.878334433347553817e-03 4.398654739075576019e-03 3.984364194019571030e-03 9.440286936178821087e-03 7.655550210730947998e-03 5.853412534485812925e-03 4.204342914020488438e-03 3.718103711483509641e-03 2.059177547382638057e-03 3.006898369873728903e-03 2.026847449149033094e-03 2.510390360122100040e-03 2.826917115885860341e-03 2.383655444276253435e-02 4.495214699687360982e-02 2.375592829930991273e-02 1.351274912024479254e-02
3.800943335243210132e-03 3.027946245160150537e-03 1.150286177777108503e-03 7.010955369033994473e-04 6.338193287836938307e-04 5.535204291746975702e-04 1.890791402136370166e-04 9.722918836079954663e-05 1.666171531539027077e-04 2.731869339871821059e-04 2.196167915680603724e-04 1.846451623318704578e-04 1.744587258476675636e-04 2.063811597071909957e-04 3.157269559108667983e-04 1.271141786897838114e-04 4.206759420942841692e-04 9.377589619992835260e-04 1.875691684009537889e-03 4.565235101365235602e-03 6.268575918125512438e-03 1.382908901561655940e-02 2.271071363679783711e-02 2.490423635556970883e-02 3.530976176587707904e-02 3.491232666601420259e-02 4.669110117510145291e-02 5.504804636029131393e-02 6.183698478482139299e-02 6.640371630667485370e-02 7.129871847892424452e-02 7.460885482689723347e-02 7.757295520772516939e-02 5.757648752724419533e-02 1.915215835341240944e-02 2.118814973726651507e-02 1.628061676823977857e-02
2.547171228879959240e-03 5.334944408944656017e-04 5.398216595740167219e-04 4.216291400066516965e-04 3.848656233143478585e-04 5.989747260568664862e-04 8.364667319386720088e-04 5.367167420304669811e-05 1.000000000000000021e-08 8.730034282525258248e-05 2.909348175775869740e-04 4.082541279183499964e-04 4.693406696606912680e-04 5.089134438627972634e-04 6.792726601612561433e-04 1.027865696532716689e-03 6.925358795441601423e-04 1.707921116435443367e-03 3.063472761932162572e-03 2.509381120055409822e-03 2.073500311330011940e-03 2.524121236456645326e-03 1.965144037338876180e-03 2.172594881610356680e-03 1.557519343094902579e-03 1.082705659370365378e-02 7.706381946536239140e-03 6.653194830106079656e-03 4.247433772643432852e-03 3.720077813602930272e-03 2.187701456254724335e-03 2.557076155472880804e-03 9.848900549564571210e-04 5.975488858841815961e-04 1.045435626537022031e-02 1.553457986591049930e-02 1.641105131327329908e-02
1.097660827805187114e-03 4.441017837487448001e-04 3.741729227613205147e-04 2.848731078916459159e-04 4.643767814479741064e-04 4.939064191103060414e-04 4.985049422107778062e-04 4.896608484330658255e-04 4.797506626699016784e-04 4.948689465862928351e-04 1.684063269816339756e-04 1.554045263526189252e-04 2.776610283984869685e-04 8.819112952310932414e-04 3.046792220159120308e-04 5.202385906812705130e-04 6.627183887076335380e-04 7.506467220915458410e-04 1.171230968983935292e-03 9.269958536443400135e-04 4.210664163106889353e-04 7.855580323301640478e-04 7.398052176553531140e-04 5.101756915734942995e-04 5.176372225653082422e-04 7.988589617567589231e-04 2.432063071392327638e-04 2.611475913720182887e-04 1.396040925607013592e-04 3.345219716116333846e-04 1.421269001028189214e-03 8.584953117428044487e-04 5.589412075012421821e-04 9.009536620151294747e-04 4.901749987919016074e-03 1.189879359972696726e-02 2.222733821964009010e-02
3.295581489415560063e-04 2.088000995502274160e-04 2.646700213247420467e-04 3.938337765343318539e-04 4.014574023913523100e-04 2.835046777053147875e-04 2.402177321124121783e-04 5.827466405902736232e-04 7.796322530860622449e-04 8.459639152505152738e-04 2.741296504855676090e-04 4.410764780941961666e-04 7.194289718976456258e-04 5.256281510495326801e-04 6.645687621118373262e-04 4.142393071603060902e-04 6.685310096951225124e-04 4.976900329604078002e-04 1.641804839528925508e-03 1.460404296332500854e-03 1.195951318848562572e-03 4.303375100465236082e-04 4.400902026416605821e-04 7.129321290073259779e-04 8.382547534232534471e-04 1.134442358988331078e-03 6.846915803972268826e-04 2.841674930592392621e-04 2.806786590770537007e-04 4.072463346448253023e-04 5.655218020552793242e-04 1.981802816139974785e-04 5.056128895310722923e-04 6.800659116634779873e-04 4.153297331341597627e-03 9.875129378653460868e-03 8.033311833964742327e-03
1.837995707112001747e-04 3.622678433940302797e-04 3.075404914067848654e-04 2.712143091950670469e-04 3.052747160475865855e-04 8.152132101436570491e-05 2.595088989353368496e-04 4.580259311835847011e-04 8.358101511126009298e-04 5.392211923651471332e-04 7.636453593760954761e-04 5.710122848152792991e-04 1.230421394572575773e-03 7.992794158330129503e-04 1.211615343711897573e-03 9.432657752644867111e-04 1.088149969718405028e-03 1.500787191446606135e-03 2.137736656288569386e-03 2.082390011041789814e-03 1.176563568865069895e-03 7.358447183399423634e-04 9.046776437697924642e-04 1.371613954645314881e-03 4.171880752723861204e-04 8.875358964634849938e-04 1.270013465642338447e-03 1.481390789672556909e-03 1.108739253826746375e-03 1.613234711780133163e-03 9.127191793735641660e-04 7.788490556115666447e-04 1.112156325723076544e-03 1.586045354595145467e-03 4.165780820846353566e-03 3.915750063494542049e-03 4.956596808203693819e-03
3.445908468917331392e-05 1.099165674429608200e-04 2.297761277883803585e-04 4.040490469691154123e-04 4.430165548079266122e-04 1.092142994433831660e-03 8.966783555399000750e-04 6.263485444895853507e-04 7.227798897912669253e-04 1.075146569219886418e-03 1.274503632728850398e-03 1.676456738377560263e-03 1.271348382039988239e-03 1.994478780535649184e-03 1.392001987789523703e-03 2.175152348271332421e-03 2.303611304658394112e-03 1.784849769833662773e-03 2.805900759388978410e-03 2.993249948851685067e-03 1.584733297641264995e-03 2.079407596880645300e-03 1.270717651299378779e-03 1.665437225195586001e-03 1.424288802717597587e-03 2.267831042816158705e-03 8.841338228443227894e-04 6.126467852625751276e-04 1.030678217490476733e-03 1.857796854413751005e-03 8.983541119268236832e-04 5.621329068183640153e-04 7.303378148573105985e-04 7.276242764365330185e-04 8.002298233005130084e-04 2.070242398026507936e-03 3.502403105754032121e-03
