output/water_depth_9720.asc
ncols 223
nrows 158
xllcorner 0.0
yllcorner 0.0
cellsize 30.0
[rows 0 to 16 of 158, columns 111 to 147 of 223]
1.000000100000000021e-05 1.000000100000000021e-05 1.000000100000000021e-05 1.000000100000000021e-05 1.000000100000000021e-05 1.000000100000000021e-05 1.000000100000000021e-05 1.000000100000000021e-05 1.000000100000000021e-05 1.000000100000000021e-05 1.000000100000000021e-05 1.000000100000000021e-05 1.000000100000000021e-05 1.000000100000000021e-05 1.000000100000000021e-05 1.000000100000000021e-05 1.000000100000000021e-05 1.000000100000000021e-05 1.000000100000000021e-05 1.000000100000000021e-05 1.000000100000000021e-05 1.000000100000000021e-05 1.000000100000000021e-05 1.000000100000000021e-05 1.000000100000000021e-05 1.000000100000000021e-05 1.000000100000000021e-05 1.000000100000000021e-05 1.000000100000000021e-05 1.000000100000000021e-05 1.000000100000000021e-05 1.000000100000000021e-05 1.000000100000000021e-05 1.000000100000000021e-05 1.000000100000000021e-05 1.000000100000000021e-05 1.000000100000000021e-05
1.000000100000000021e-05 1.000000100000000021e-05 1.000000100000000021e-05 1.000000100000000021e-05 1.000000100000000021e-05 1.000000100000000021e-05 1.000000100000000021e-05 1.000000100000000021e-05 1.000000100000000021e-05 1.000000100000000021e-05 1.000000100000000021e-05 1.000000100000000021e-05 1.000000100000000021e-05 1.000000100000000021e-05 1.000000100000000021e-05 1.000000100000000021e-05 1.000000100000000021e-05 1.000000100000000021e-05 1.000000100000000021e-05 1.000000100000000021e-05 1.000000100000000021e-05 1.000000100000000021e-05 1.000000100000000021e-05 1.000000100000000021e-05 1.000000100000000021e-05 1.000000100000000021e-05 1.000000100000000021e-05 1.000000100000000021e-05 1.000000100000000021e-05 1.000000100000000021e-05 1.000000100000000021e-05 1.000000100000000021e-05 1.000000100000000021e-05 1.000000100000000021e-05 1.000000100000000021e-05 1.000000100000000021e-05 1.000000100000000021e-05
1.000000100000000021e-05 1.000000100000000021e-05 1.000000100000000021e-05 1.000000100000000021e-05 1.000000100000000021e-05 1.000000100000000021e-05 1.000000100000000021e-05 1.000000100000000021e-05 1.000000100000000021e-05 1.000000100000000021e-05 1.000000100000000021e-05 1.000000100000000021e-05 1.000000100000000021e-05 1.000000100000000021e-05 1.000000100000000021e-05 1.000000100000000021e-05 1.000000100000000021e-05 1.000000100000000021e-05 1.000000000000000021e-08 1.000000000000000021e-08 1.000000000000000021e-08 1.000000000000000021e-08 3.968856692179396038e-03 1.000000100000000021e-05 1.000000100000000021e-05 1.000000100000000021e-05 1.000000100000000021e-05 1.000000100000000021e-05 1.000000100000000021e-05 4.565515873235602423e-05 2.749150975613956344e-05 3.049001933346498554e-05 1.967110105494403709e-05 1.000000100000000021e-05 1.000000100000000021e-05 1.000000100000000021e-05 1.000000100000000021e-05
8.168745361635947359e-05 9.839568803277838377e-05 1.165278892633998462e-04 8.728050044123992547e-05 6.523794656149021261e-05 5.042471556151211973e-05 4.165848806533046015e-05 2.827148843074767093e-05 2.546539918183199266e-05 6.727612338243391956e-05 9.492946052449200681e-05 7.661130268313351020e-05 8.968777488985777530e-05 1.145921526204907794e-04 1.343124187626542026e-04 1.513044428771017453e-04 1.082068391679350650e-04 8.054958854510803888e-05 5.910215324778636596e-05 4.104792309284699479e-05 6.662413269597667492e-05 4.799569253207646748e-03 3.490792673574714608e-03 3.716048945288749519e-04 1.891950974988803279e-04 2.057090746524732681e-04 3.819367525502370892e-05 1.000000000000000021e-08 1.000000000000000021e-08 7.295569418293965558e-05 3.772700569642053504e-05 1.758189708857573315e-05 1.488127882888720857e-05 1.168164373238940214e-05 1.000000000000000021e-08 1.000000100000000021e-05 1.000000100000000021e-05
1.000000000000000021e-08 1.000000000000000021e-08 1.000000000000000021e-08 5.909250151360983866e-05 6.372315059405260853e-05 1.034928699400661689e-04 8.505588513413981592e-05 6.739017678166701322e-05 9.115998533371820825e-05 1.583477855876052557e-04 1.866812629389692465e-04 9.754848543547565238e-05 7.737365268823105061e-05 1.025792564520823974e-04 1.213904604376599789e-04 8.919137917585314422e-05 1.408605135873733708e-04 1.888635881142660246e-04 2.429106860233381702e-04 3.018214143537074011e-04 3.322526234090108859e-04 2.627461349421768527e-04 3.809047103252505479e-04 3.867672920570325214e-04 3.555037005881439907e-04 4.279579449231053333e-04 7.482496313939737914e-05 1.000000000000000021e-08 1.000000000000000021e-08 1.035871009498512033e-04 2.831388314614998554e-05 1.877630347972206651e-05 1.000000000000000021e-08 1.000000000000000021e-08 1.000000000000000021e-08 1.265327799750470475e-05 1.000000000000000021e-08
1.000000000000000021e-08 1.000000000000000021e-08 1.000000000000000021e-08 4.793340150512917578e-05 5.913568002551205193e-05 6.258500467366423135e-05 1.288425922705626963e-04 1.209940835709407092e-04 1.426989959455009780e-04 1.000000000000000021e-08 1.000000000000000021e-08 6.441720623306268099e-05 7.486950767246415735e-05 5.455091155497194486e-05 3.910621430522027915e-05 6.770797259635869610e-05 4.907700940489665234e-05 3.555924720741885167e-05 2.830384471968393768e-05 1.000000000000000021e-08 5.353375204525804204e-05 2.319139496537474178e-04 1.092235846309395821e-03 1.778502770361930878e-03 1.042909242893946126e-03 8.954643854431538520e-04 9.641612564273762407e-04 1.018131161522431606e-04 2.832183225882797762e-04 1.541440420731575705e-03 2.828449217477313078e-05 1.103410265994671555e-05 1.253736545292479910e-05 1.436318402553392631e-05 1.478538563855603279e-05 1.415172312911603918e-05 1.402322073596897540e-05
8.364025083008258066e-05 8.176375855086853099e-05 7.364169712469475777e-05 9.459362907601898552e-05 1.000000000000000021e-08 1.000000000000000021e-08 1.719650580393428877e-05 1.751963753294489114e-04 1.304600292922453544e-04 1.118000252371875638e-04 7.312097700460944876e-05 1.385832142939456097e-04 5.342166394441292616e-05 5.467245840564735870e-05 5.251606351492068902e-05 7.545090452097539049e-05 1.836620384176431298e-03 1.872210933986983639e-04 1.000000000000000021e-08 1.000000000000000021e-08 8.528806452708151398e-05 1.385954000141434829e-03 1.027738784134291398e-03 7.260238820487172800e-04 1.791102906893626313e-03 2.219750234675562338e-03 2.587975005056210396e-03 2.684930523054946880e-03 1.236129386367297578e-02 1.529120374839416257e-04 6.032797776614329249e-05 2.551449310820226408e-05 2.860472571193896027e-05 2.249510655901600952e-05 1.851695415809713420e-05 1.439781292022903760e-05 1.000000000000000021e-08
1.000000000000000021e-08 1.000000000000000021e-08 4.820024132837403847e-05 1.000000000000000021e-08 1.000000000000000021e-08 1.000000000000000021e-08 1.000000000000000021e-08 1.000000000000000021e-08 1.000000000000000021e-08 1.000000000000000021e-08 6.498447274673670876e-05 2.754589901280697205e-04 2.472397718900671724e-04 6.875450728050107362e-04 1.102970749446379514e-03 1.234394235921140899e-03 1.360189164680441522e-03 7.274935879292589863e-03 9.384254999649062822e-04 6.365111144613404487e-04 9.265135518947896455e-04 1.708381564058264641e-03 1.799575289679289868e-04 1.215066599764201381e-04 9.739569382186961174e-05 7.137989871176748978e-05 5.726343263779107474e-05 4.554529614131276735e-04 2.503915713908795582e-03 3.456310197006597215e-04 1.953543500492899493e-05 2.032293640426961162e-05 1.000000000000000021e-08 1.000000000000000021e-08 1.000000000000000021e-08 1.000000000000000021e-08 1.000000000000000021e-08
1.000000000000000021e-08 5.932599787797352190e-05 7.872861457659524468e-05 1.816932786936932282e-04 1.335364819998717274e-04 9.761150278294312521e-05 1.000000000000000021e-08 1.000000000000000021e-08 1.000000000000000021e-08 1.000000000000000021e-08 6.759888756767559129e-04 8.698776946204163276e-04 7.867675656495361734e-04 6.576964905855686282e-04 4.237147534926777597e-04 2.798147399374351909e-04 1.703034497899068571e-04 1.213399441766062006e-04 8.055324185396463797e-04 9.795470831960042223e-04 7.322434981236027388e-04 1.011602084656278416e-03 1.112811725681727717e-04 6.189484023234936903e-05 1.000000000000000021e-08 1.000000000000000021e-08 1.000000000000000021e-08 3.813220286292980348e-05 1.802852680169286098e-03 1.537951070997414403e-03 1.489179574774693166e-05 1.000000000000000021e-08 1.000000000000000021e-08 1.000000000000000021e-08 1.000000000000000021e-08 1.000000000000000021e-08 1.000000000000000021e-08
7.653719770398601104e-05 6.059164779547655181e-05 7.988686250864195516e-05 6.847831768366198708e-05 1.304586887526310902e-04 9.671491270811229070e-05 5.583381470673902142e-05 4.408156538247885134e-05 3.465275067674620710e-05 7.691339441146044173e-05 3.656454363614511285e-03 4.283058618023945024e-04 2.952144718159301529e-04 1.716814281759571992e-04 1.509841341697831969e-04 6.312516372390458100e-05 3.494818187335564121e-05 1.000000000000000021e-08 1.000000000000000021e-08 1.000000000000000021e-08 1.158442734399254238e-05 1.000000000000000021e-08 1.000000000000000021e-08 4.526072328586733278e-05 4.094461328161751277e-05 3.043612985287920679e-05 2.294466008693301203e-05 3.337723863544940267e-05 1.841304377293143113e-03 1.599642804061524037e-03 1.000000000000000021e-08 1.000000000000000021e-08 1.000000000000000021e-08 1.000000000000000021e-08 1.000000000000000021e-08 1.000000000000000021e-08 1.000000000000000021e-08
1.000000000000000021e-08 1.000000000000000021e-08 1.000000000000000021e-08 1.000000000000000021e-08 1.033014278248232086e-04 2.531183587667186290e-04 3.079534876661992222e-04 2.245870432007107730e-04 1.820074845882928131e-04 4.077670568869907379e-04 7.906039988598471220e-04 1.000000000000000021e-08 1.000000000000000021e-08 1.000000000000000021e-08 1.000000000000000021e-08 9.088248857709219130e-04 1.000000000000000021e-08 1.000000000000000021e-08 1.000000000000000021e-08 1.000000000000000021e-08 1.000000000000000021e-08 1.000000000000000021e-08 1.000000000000000021e-08 3.384262610109302105e-05 4.874627145225190219e-05 4.428475628932811099e-05 3.216205213339168057e-05 1.000000000000000021e-08 1.917392402578746782e-03 1.716447684979633412e-03 1.000000000000000021e-08 1.000000000000000021e-08 1.000000000000000021e-08 1.000000000000000021e-08 1.000000000000000021e-08 1.000000000000000021e-08 1.000000000000000021e-08
6.833792514840640326e-05 7.700071424340446634e-05 9.051279376859348760e-05 1.024087417827259684e-04 1.316962420292056718e-04 3.198213549562777761e-04 3.547817955163413083e-04 1.896004564328757623e-04 2.599920570868950124e-04 2.832351859902161833e-04 3.768863564276899304e-04 7.260573159832353499e-05 1.000000000000000021e-08 1.000000000000000021e-08 1.000000000000000021e-08 1.000000000000000021e-08 1.000000000000000021e-08 1.000000000000000021e-08 1.000000000000000021e-08 1.000000000000000021e-08 1.000000000000000021e-08 1.000000000000000021e-08 1.000000000000000021e-08 2.796853925724045186e-05 4.592144595001648716e-05 4.844267813562356400e-05 4.346796232859132143e-05 4.079750095499092537e-05 1.918985887774109222e-03 1.723282278009300936e-03 1.000000000000000021e-08 1.000000000000000021e-08 1.000000000000000021e-08 1.000000000000000021e-08 1.000000000000000021e-08 1.000000000000000021e-08 1.000000000000000021e-08
1.026166224292770189e-04 1.091673444582023792e-04 1.212954222373470659e-04 1.038059348808327142e-04 2.219994487794189680e-04 1.629791056248974454e-04 1.907273436275415878e-04 1.751947955552501663e-04 2.166168363082666851e-04 2.489769418610462775e-04 1.979400013652334663e-04 1.254228610766741083e-04 8.006796935524649391e-05 4.544323650626732762e-05 3.531076814475940105e-05 3.605828022003124009e-05 1.000000000000000021e-08 1.000000000000000021e-08 1.000000000000000021e-08 1.000000000000000021e-08 1.000000000000000021e-08 1.000000000000000021e-08 1.000000000000000021e-08 3.043742756150736816e-05 4.354134666532602504e-05 5.373195348696265455e-05 6.230224943586696814e-05 1.312112456708245051e-04 2.491383814055848998e-03 2.300743603487365608e-03 1.000000000000000021e-08 1.000000000000000021e-08 1.000000000000000021e-08 1.000000000000000021e-08 1.000000000000000021e-08 1.000000000000000021e-08 1.000000000000000021e-08
8.516862133030322912e-05 1.168847217624137527e-04 9.580884063967584554e-05 2.400215174717162860e-04 1.662570159209482391e-04 2.024690211944518356e-04 2.039078015877886024e-04 2.838925703206774016e-04 3.400635491094453457e-04 2.380958820922742132e-04 1.608804086588289898e-04 1.686429352563997939e-04 1.313497816794506113e-04 1.000000000000000021e-08 3.697740930055678745e-05 2.374842197128628580e-05 1.402132840317459353e-05 1.000000000000000021e-08 1.000000000000000021e-08 1.000000000000000021e-08 1.000000000000000021e-08 1.000000000000000021e-08 1.000000000000000021e-08 3.971212268632310494e-05 1.183476360406051720e-03 7.959222435203063917e-05 7.890506300013670087e-05 1.132877380490815954e-04 2.995783197113429872e-02 3.080859787437683142e-02 3.067945739369837277e-02 5.603635065631036805e-05 1.000000000000000021e-08 1.000000000000000021e-08 1.000000000000000021e-08 1.000000000000000021e-08 1.000000000000000021e-08
7.930842994518175887e-05 6.990184536127859861e-05 1.414451805483969509e-04 1.399700126790375649e-04 1.000000000000000021e-08 1.000000000000000021e-08 1.740178163768630609e-05 5.307633005733638603e-05 4.249885573198317003e-05 4.030760757754041547e-05 1.106953500795976585e-04 1.642607860983867727e-04 1.016056094047877007e-05 1.000000000000000021e-08 2.654932819728392097e-05 1.000000000000000021e-08 1.575154496672276532e-05 1.000000000000000021e-08 1.000000000000000021e-08 1.000000000000000021e-08 1.000000000000000021e-08 1.000000000000000021e-08 3.107611963691527516e-05 4.239920059779990496e-05 1.000000000000000021e-08 5.657902771992905555e-05 1.000000000000000021e-08 1.397616665358509496e-05 2.880357249993888841e-02 3.059534755090665553e-02 3.055388840016522514e-02 4.180324051507356992e-04 4.921884844386631999e-05 1.000000000000000021e-08 1.000000000000000021e-08 1.000000000000000021e-08 1.000000000000000021e-08
3.141484528018157108e-05 2.789938746208614633e-05 2.697659612590234802e-05 2.556577084777405672e-05 1.283814911894222382e-05 1.000000000000000021e-08 1.000000000000000021e-08 1.000000000000000021e-08 1.000000000000000021e-08 1.000000000000000021e-08 1.044263679189398814e-04 2.087961862263473833e-04 2.879567886493573188e-04 2.350670157777099128e-04 4.838868125950272314e-04 5.623763731371749777e-04 4.819100877872162431e-04 3.301908852417345793e-04 2.212272496996906944e-04 1.426822313711192177e-04 9.440284702789349840e-05 7.677529282633645757e-05 4.232925303163694437e-05 4.168315137608444488e-05 3.108356678697672091e-05 4.508932804104937015e-05 1.000000000000000021e-08 1.000000000000000021e-08 2.206615517858044953e-02 2.780869221822472115e-04 3.473653037321592480e-04 4.664997741312214676e-04 6.550697113652395945e-04 6.410885122767201200e-04 6.173328195314618490e-04 6.712635287944285602e-04 5.574729161240782284e-04
1.426162940024885478e-05 1.273808170545827710e-05 1.303753607759645816e-05 1.011745789894503515e-05 1.000000000000000021e-08 1.000000000000000021e-08 1.000000000000000021e-08 1.000000000000000021e-08 1.021870817558006658e-05 1.189247598014359894e-05 1.035014261224802078e-05 2.477997365575540406e-05 1.000000000000000021e-08 1.708345687952161386e-04 1.418584723422051670e-04 1.081361516764008595e-04 8.711833006903738422e-05 1.964423285804011831e-04 2.626536739415445058e-04 2.503163674814510783e-04 2.791399065914835511e-04 4.721797092552950184e-05 3.768522845287362546e-05 4.037478934056102292e-05 3.945425136237785095e-05 4.616341104947767722e-05 3.004694531018507297e-05 3.410198641889758929e-03 3.982424066610506207e-03 1.842942689996762879e-05 3.363551694137160481e-05 3.782107295406404355e-05 5.660217698838647561e-05 1.000000000000000021e-08 1.000000000000000021e-08 1.000000000000000021e-08 1.000000000000000021e-08
