output/water_depth_7920.asc
ncols 223
nrows 158
xllcorner 0.0
yllcorner 0.0
cellsize 30.0
[rows 136 to 152 of 158, columns 185 to 221 of 223]
1.961243639755431810e-05 7.271153159466164375e-05 6.711725302510232125e-03 1.416536941747510880e+00 5.365049977324267694e-01 9.682082092020815722e-04 7.910262027077097336e-05 1.302714457607545074e-04 2.571080163041851397e-04 3.832684688966206724e-04 7.555599417596647665e-04 1.091156455565592655e-03 4.804948463890370202e-04 1.580909435764648728e-04 9.086552184568463017e-05 7.185507341443976548e-05 5.506297919296820718e-05 4.001653354205692101e-05 2.716384363317531894e-05 1.455660302914726300e-05 1.000000000000000021e-08 1.000000000000000021e-08 1.000000000000000021e-08 1.000000000000000021e-08 1.000000100000000021e-05 1.000000100000000021e-05 1.000000100000000021e-05 1.000000100000000021e-05 1.000000100000000021e-05 1.000000100000000021e-05 1.000000100000000021e-05 1.000000100000000021e-05 1.000000100000000021e-05 1.000000100000000021e-05 1.000000100000000021e-05 1.000000100000000021e-05 1.000000100000000021e-05
4.965409570896765003e-05 4.362736545730924541e-05 1.813418489955510643e-04 1.376337140108828905e+00 1.384005828901558433e+00 1.318890794443954961e+00 3.048141937094035747e-02 5.273379366008461110e-05 5.355394776787837316e-05 6.480270321094236483e-05 8.355929928060618810e-04 1.084404382486921876e-03 3.575967128421501722e-04 1.868580334942610677e-05 1.000000000000000021e-08 1.000000000000000021e-08 1.000000000000000021e-08 1.000000000000000021e-08 1.000000000000000021e-08 1.000000000000000021e-08 1.000000000000000021e-08 3.245146845419392501e-05 2.260604110504513541e-05 1.238567588645324801e-05 1.000000000000000021e-08 1.000000100000000021e-05 1.000000100000000021e-05 1.000000100000000021e-05 1.000000100000000021e-05 1.000000100000000021e-05 1.000000100000000021e-05 1.000000100000000021e-05 1.000000100000000021e-05 1.000000100000000021e-05 1.000000100000000021e-05 1.000000100000000021e-05 1.000000100000000021e-05
1.000000000000000021e-08 1.000000000000000021e-08 1.000000000000000021e-08 1.112463805315897641e-02 3.055790284335723750e-01 1.248845755128475066e+00 1.197880150468245919e+00 1.123993352996059070e+00 6.472636112793097489e-04 1.719034279851301347e-04 7.408270536600530722e-04 5.245409605567852377e-05 4.025271608393028445e-05 1.469058138822637320e-05 2.137388591541350484e-05 1.999726341006134635e-05 1.000000000000000021e-08 1.000000000000000021e-08 1.000000000000000021e-08 1.000000000000000021e-08 1.000000000000000021e-08 1.000000000000000021e-08 1.000000000000000021e-08 1.000000000000000021e-08 1.000000000000000021e-08 1.000000100000000021e-05 1.000000100000000021e-05 1.000000100000000021e-05 1.000000100000000021e-05 1.000000100000000021e-05 1.000000100000000021e-05 1.000000100000000021e-05 1.000000100000000021e-05 1.000000100000000021e-05 1.000000100000000021e-05 1.000000100000000021e-05 1.000000100000000021e-05
9.025361876897727744e-05 1.438693244628796064e-04 1.000000000000000021e-08 5.016509987898139266e-05 1.000000000000000021e-08 5.253031039656869822e-03 3.808009368636822243e-03 6.305099685557534750e-01 5.044840438399312843e-01 8.255362979689052569e-03 6.665000614905487828e-05 6.498623923312055477e-05 1.000000000000000021e-08 1.000000000000000021e-08 2.984865572320340965e-05 1.000000000000000021e-08 1.000000000000000021e-08 1.000000000000000021e-08 1.000000000000000021e-08 2.850124240600019381e-05 2.892701481851889191e-05 2.949810257242209104e-05 1.848543593804916497e-05 1.000000000000000021e-08 1.043648624982820122e-05 1.000000100000000021e-05 1.000000100000000021e-05 1.000000100000000021e-05 1.000000100000000021e-05 1.000000100000000021e-05 1.000000100000000021e-05 1.000000100000000021e-05 1.000000100000000021e-05 1.000000100000000021e-05 1.000000100000000021e-05 1.000000100000000021e-05 1.000000100000000021e-05
3.865982327965528825e-05 2.214907335806941304e-05 3.955094140204966352e-05 4.489444850992218222e-05 3.329546606774875150e-05 3.353226417878198276e-05 1.000000000000000021e-08 3.028198377387234519e-01 8.459487769997432460e-01 1.684093626882757211e-02 4.778962694804265326e-04 7.220845531612201512e-05 1.666823511459714725e-05 1.000000000000000021e-08 1.000000000000000021e-08 1.000000000000000021e-08 1.309464457106684017e-05 1.841507064825183848e-05 1.924487401540650428e-05 2.110186302445652879e-05 2.688572245268494351e-05 1.511018254267331514e-05 1.000000000000000021e-08 1.000000000000000021e-08 1.000000000000000021e-08 1.000000100000000021e-05 1.000000100000000021e-05 1.000000100000000021e-05 1.000000100000000021e-05 1.000000100000000021e-05 1.000000100000000021e-05 1.000000100000000021e-05 1.000000100000000021e-05 1.000000100000000021e-05 1.000000100000000021e-05 1.000000100000000021e-05 1.000000100000000021e-05
2.798444442485310412e-04 1.960497213403432305e-04 1.815631897428546845e-04 6.943649689723831522e-03 9.840600660057708705e-04 5.260800325422844642e-04 5.981347168424907786e-05 1.812881558326422393e-01 9.792640302459821866e-01 3.872679666606160427e-03 2.531823139464903488e-04 1.170262517002382621e-05 1.000000000000000021e-08 1.000000000000000021e-08 1.000000000000000021e-08 2.821803026975271104e-05 3.270953917728264314e-05 3.281842234081656522e-05 2.555295496749267903e-05 1.676952784229213415e-05 1.000000000000000021e-08 1.000000000000000021e-08 1.000000000000000021e-08 1.000000000000000021e-08 1.000000100000000021e-05 1.000000100000000021e-05 1.000000100000000021e-05 1.000000100000000021e-05 1.000000100000000021e-05 1.000000100000000021e-05 1.000000100000000021e-05 1.000000100000000021e-05 1.000000100000000021e-05 1.000000100000000021e-05 1.000000100000000021e-05 1.000000100000000021e-05 1.000000100000000021e-05
6.216669123913822750e-04 7.504071727937660849e-04 9.571680896880107019e-04 7.447662462543365881e-04 1.268251404532405157e-03 1.486248260470447204e-03 1.584109505168731493e-03 1.868234639982748746e-01 1.072319537022977443e+00 1.497382189958055372e-03 1.307511394816880765e-04 1.000000000000000021e-08 1.000000000000000021e-08 2.026926361839335194e-05 2.773269157260770459e-05 3.695999288585170487e-05 2.855959905402996238e-05 1.558643040195258260e-05 1.000000000000000021e-08 3.597877049509035763e-05 1.465552283817549904e-05 1.000000000000000021e-08 1.000000000000000021e-08 1.000000000000000021e-08 1.000000100000000021e-05 1.000000100000000021e-05 1.000000100000000021e-05 1.000000100000000021e-05 1.000000100000000021e-05 1.000000100000000021e-05 1.000000100000000021e-05 1.000000100000000021e-05 1.000000100000000021e-05 1.000000100000000021e-05 1.000000100000000021e-05 1.000000100000000021e-05 1.000000100000000021e-05
7.996864874349722682e-05 1.097783419003847585e-04 7.136098472672393095e-05 7.557626550560546657e-05 5.082002291880145068e-05 9.261059221891596548e-05 2.452770625878924592e-04 1.017730018952693188e-01 6.509854301209190286e-01 5.316831778410990861e-01 9.128482317264043425e-03 3.103330459033496147e-05 1.867468746189641438e-05 1.688726932965176061e-05 1.000000000000000021e-08 1.000000000000000021e-08 1.000000000000000021e-08 1.000000000000000021e-08 1.000000000000000021e-08 1.000000000000000021e-08 1.000000000000000021e-08 1.000000000000000021e-08 1.000000000000000021e-08 1.000000000000000021e-08 1.000000100000000021e-05 1.000000100000000021e-05 1.000000100000000021e-05 1.000000100000000021e-05 1.000000100000000021e-05 1.000000100000000021e-05 1.000000100000000021e-05 1.000000100000000021e-05 1.000000100000000021e-05 1.000000100000000021e-05 1.000000100000000021e-05 1.000000100000000021e-05 1.000000100000000021e-05
7.106635220574398083e-05 5.900484013120580064e-05 4.942077866553425819e-03 1.000000000000000021e-08 2.008600617128000971e-05 1.065766844802988063e-04 8.753350439587916651e-05 5.963483252604677735e-04 3.137637948323625525e-01 1.035313481244724887e+00 9.631466813867374521e-03 6.638604858878926682e-05 3.519527567713935781e-05 1.000000000000000021e-08 1.000000000000000021e-08 1.000000000000000021e-08 1.000000000000000021e-08 1.000000000000000021e-08 1.000000000000000021e-08 1.000000000000000021e-08 1.000000000000000021e-08 1.267932396351213951e-05 1.083524509289374991e-05 1.125078300992489604e-05 1.000000100000000021e-05 1.000000100000000021e-05 1.000000100000000021e-05 1.000000100000000021e-05 1.000000100000000021e-05 1.000000100000000021e-05 1.000000100000000021e-05 1.000000100000000021e-05 1.000000100000000021e-05 1.000000100000000021e-05 1.000000100000000021e-05 1.000000100000000021e-05 1.000000100000000021e-05
8.680199378257673598e-05 9.696639860568613014e-05 3.525862007077281736e-03 4.153470280640693445e-04 3.249384383398237872e-04 2.029911239744049286e-04 1.545402746569836741e-04 1.214314216373276557e-04 1.976460666712809566e-01 1.004932854056983293e+00 8.143880631530210981e-03 1.000000000000000021e-08 1.000000000000000021e-08 1.000000000000000021e-08 1.000000000000000021e-08 1.000000000000000021e-08 1.000000000000000021e-08 1.000000000000000021e-08 1.000000000000000021e-08 1.000000000000000021e-08 1.000000000000000021e-08 1.000000000000000021e-08 1.000000000000000021e-08 1.000000100000000021e-05 1.000000100000000021e-05 1.000000100000000021e-05 1.000000100000000021e-05 1.000000100000000021e-05 1.000000100000000021e-05 1.000000100000000021e-05 1.000000100000000021e-05 1.000000100000000021e-05 1.000000100000000021e-05 1.000000100000000021e-05 1.000000100000000021e-05 1.000000100000000021e-05 1.000000100000000021e-05
5.088574276675979875e-05 1.331382911343585490e-04 6.883667121342162227e-04 6.393250322864864679e-03 1.000000000000000021e-08 1.018057616918741434e-04 1.392963175806051133e-04 2.600876550351806024e-03 5.654654004538386403e-01 6.470668686824564420e-01 5.278763882084851894e-03 1.000000000000000021e-08 1.000000000000000021e-08 1.000000000000000021e-08 1.000000000000000021e-08 1.000000000000000021e-08 1.000000000000000021e-08 1.000000000000000021e-08 1.000000000000000021e-08 1.000000000000000021e-08 1.000000000000000021e-08 1.000000000000000021e-08 1.000000000000000021e-08 1.000000100000000021e-05 1.000000100000000021e-05 1.000000100000000021e-05 1.000000100000000021e-05 1.000000100000000021e-05 1.000000100000000021e-05 1.000000100000000021e-05 1.000000100000000021e-05 1.000000100000000021e-05 1.000000100000000021e-05 1.000000100000000021e-05 1.000000100000000021e-05 1.000000100000000021e-05 1.000000100000000021e-05
1.570134343766358323e-05 1.399840835459389727e-04 3.847346238692040928e-04 1.343025137799202682e-03 7.663648974887156797e-04 8.420006360233008415e-04 1.243434167572245001e-03 3.239969808114388870e-03 1.204238323064495075e+00 1.185567731171853101e+00 1.186346330148208228e+00 4.626961668869014610e-03 1.000000000000000021e-08 1.000000000000000021e-08 1.000000000000000021e-08 1.000000000000000021e-08 1.000000000000000021e-08 1.000000000000000021e-08 1.000000000000000021e-08 1.000000000000000021e-08 1.000000000000000021e-08 1.000000000000000021e-08 1.000000000000000021e-08 1.000000000000000021e-08 1.000000100000000021e-05 1.000000100000000021e-05 1.000000100000000021e-05 1.000000100000000021e-05 1.000000100000000021e-05 1.000000100000000021e-05 1.000000100000000021e-05 1.000000100000000021e-05 1.000000100000000021e-05 1.000000100000000021e-05 1.000000100000000021e-05 1.000000100000000021e-05 1.000000100000000021e-05
1.421560830724574677e-04 1.318154306189408664e-04 1.338357221658682112e-04 3.119748765913857606e-04 6.919041576687383300e-04 8.387699891742558030e-04 5.912914796976387896e-04 4.653683444264103733e-04 1.201853089833481825e+00 1.178880536339872886e+00 1.184506997989035026e+00 2.075444880388266355e-01 1.000000000000000021e-08 1.000000000000000021e-08 1.000000000000000021e-08 1.000000000000000021e-08 1.000000000000000021e-08 1.000000000000000021e-08 1.000000000000000021e-08 1.000000000000000021e-08 1.299651126266846949e-05 1.071178025431013797e-05 1.000000000000000021e-08 1.000000000000000021e-08 1.000000100000000021e-05 1.000000100000000021e-05 1.000000100000000021e-05 1.000000100000000021e-05 1.000000100000000021e-05 1.000000100000000021e-05 1.000000100000000021e-05 1.000000100000000021e-05 1.000000100000000021e-05 1.000000100000000021e-05 1.000000100000000021e-05 1.000000100000000021e-05 1.000000100000000021e-05
1.000000000000000021e-08 1.000000000000000021e-08 1.485884782776712968e-05 5.121346242645691418e-05 4.633000643397420159e-04 2.934452955742657804e-04 2.307263380048023965e-04 1.680910812479430663e-04 2.359700054595131047e-01 1.161676477707021649e+00 1.175324216130983812e+00 1.000000000000000021e-08 1.000000000000000021e-08 1.000000000000000021e-08 1.000000000000000021e-08 1.000000000000000021e-08 1.000000000000000021e-08 1.000000000000000021e-08 1.000000000000000021e-08 1.000000000000000021e-08 1.000000000000000021e-08 1.000000000000000021e-08 1.000000000000000021e-08 1.000000000000000021e-08 1.000000100000000021e-05 1.000000100000000021e-05 1.000000100000000021e-05 1.000000100000000021e-05 1.000000100000000021e-05 1.000000100000000021e-05 1.000000100000000021e-05 1.000000100000000021e-05 1.000000100000000021e-05 1.000000100000000021e-05 1.000000100000000021e-05 1.000000100000000021e-05 1.000000100000000021e-05
1.000000000000000021e-08 1.000000000000000021e-08 8.792835283116905555e-05 3.824170764346870519e-03 4.732549197083208326e-04 1.000000000000000021e-08 1.000000000000000021e-08 1.000000000000000021e-08 1.358030680755425643e-03 1.128528254458326163e+00 1.061985003893204521e-01 3.605359116284387322e-02 1.523254994055410656e-02 1.000000000000000021e-08 1.000000000000000021e-08 1.000000000000000021e-08 1.000000000000000021e-08 1.000000000000000021e-08 1.000000000000000021e-08 1.000000000000000021e-08 1.000000000000000021e-08 1.000000000000000021e-08 1.000000000000000021e-08 1.000000000000000021e-08 1.000000100000000021e-05 1.000000100000000021e-05 1.000000100000000021e-05 1.000000100000000021e-05 1.000000100000000021e-05 1.000000100000000021e-05 1.000000100000000021e-05 1.000000100000000021e-05 1.000000100000000021e-05 1.000000100000000021e-05 1.000000100000000021e-05 1.000000100000000021e-05 1.000000100000000021e-05
1.675411246842268653e-05 1.000000000000000021e-08 3.410446074083089491e-05 4.430936988789229352e-05 5.932533118370049825e-05 1.000000000000000021e-08 1.000000000000000021e-08 1.000000000000000021e-08 1.000000000000000021e-08 7.036655530242457157e-01 6.206305527384534670e-01 2.993196831959404891e-01 3.083387061988085431e-01 1.000000000000000021e-08 1.000000000000000021e-08 1.000000000000000021e-08 1.000000000000000021e-08 1.000000000000000021e-08 1.000000000000000021e-08 1.000000000000000021e-08 1.000000000000000021e-08 1.000000000000000021e-08 1.000000000000000021e-08 1.000000000000000021e-08 1.000000000000000021e-08 1.000000100000000021e-05 1.000000100000000021e-05 1.000000100000000021e-05 1.000000100000000021e-05 1.000000100000000021e-05 1.000000100000000021e-05 1.000000100000000021e-05 1.000000100000000021e-05 1.000000100000000021e-05 1.000000100000000021e-05 1.000000100000000021e-05 1.000000100000000021e-05
5.079882136838453194e-05 5.097010247008909004e-05 3.105104860745252007e-05 2.138329365794461884e-05 2.137570246825246941e-05 1.694554786597237105e-05 1.000000000000000021e-08 3.701229650485165948e-04 6.378722135121224213e-01 6.826317390443533695e-01 6.141388156784318708e-01 9.666380585432299277e-01 7.274602255416744434e-01 6.619803358452981401e-01 1.230741994050172728e-03 1.000000000000000021e-08 1.000000000000000021e-08 1.000000000000000021e-08 1.000000000000000021e-08 1.000000000000000021e-08 1.000000000000000021e-08 1.000000000000000021e-08 1.000000000000000021e-08 1.000000000000000021e-08 1.000000000000000021e-08 1.000000100000000021e-05 1.000000100000000021e-05 1.000000100000000021e-05 1.000000100000000021e-05 1.000000100000000021e-05 1.000000100000000021e-05 1.000000100000000021e-05 1.000000100000000021e-05 1.000000100000000021e-05 1.000000100000000021e-05 1.000000100000000021e-05 1.000000100000000021e-05
