output/water_depth_4080.asc
ncols 223
nrows 158
xllcorner 0.0
yllcorner 0.0
cellsize 30.0
[rows 85 to 101 of 158, columns 185 to 221 of 223]
7.455078183349473752e-05 9.144315025678932262e-05 1.000000000000000021e-08 1.000000000000000021e-08 1.000000000000000021e-08 1.013679250027595019e-05 1.263304847759387029e-03 3.226750351153022112e-01 3.194052572543755186e-01 3.220105197685600440e-01 8.576265675167874317e-03 3.780464054652388824e-03 1.000000000000000021e-08 1.000000000000000021e-08 1.029960708942085279e-04 6.492618746220032565e-05 2.300455312938058764e-05 1.000000000000000021e-08 1.000000000000000021e-08 1.000000000000000021e-08 1.000000000000000021e-08 7.639507815662246646e-05 7.920681449660471076e-05 8.065317666539310469e-05 9.396955406390319096e-05 1.110727746890679098e-04 1.202629431953707321e-04 1.394014497320162651e-04 8.900197001245958080e-05 4.451713426707978215e-05 1.000000100000000021e-05 1.000000100000000021e-05 1.000000100000000021e-05 1.000000100000000021e-05 1.000000100000000021e-05 1.000000100000000021e-05 1.000000100000000021e-05
8.096513287372372378e-05 1.237184325542404562e-04 1.000000000000000021e-08 1.231000766117860921e-05 1.113080638181137834e-05 1.522305014385224228e-05 2.767419644673794538e-05 2.812300504800791523e-01 2.799604908223661259e-01 2.464258666452673417e-03 2.656833728391215337e-03 8.604944016445860303e-04 9.436097254706397094e-05 9.252141796748983272e-05 6.629300605818879192e-05 6.043340771191196343e-05 5.636139465904277585e-05 1.000000000000000021e-08 5.575604826940045258e-05 5.538652677062690284e-05 2.558506175198325353e-05 2.341790497638465219e-05 3.242714143539821009e-05 4.550965174415039590e-05 4.638361444064127671e-05 3.928483987878512963e-05 3.632416443156216360e-05 3.322820960773810917e-05 2.664307061082560283e-05 1.991985944501576563e-05 1.332708925265969746e-05 1.000000100000000021e-05 1.000000100000000021e-05 1.000000100000000021e-05 1.000000100000000021e-05 1.000000100000000021e-05 1.000000100000000021e-05
8.977023554500502579e-05 1.000000000000000021e-08 1.042945354274982923e-05 1.091567110128407329e-05 1.157261886726293586e-05 1.405665695017150589e-05 1.000000000000000021e-08 2.187362695328426421e-01 2.181390335000246983e-01 6.447891194025918949e-05 7.059119457654090336e-05 8.017244926766139393e-05 1.000000000000000021e-08 1.000000000000000021e-08 1.000000000000000021e-08 1.000000000000000021e-08 1.601580461391717276e-04 5.621345860596562035e-05 2.413944526382206669e-05 1.000000000000000021e-08 6.625752588023654615e-05 6.274851371485491909e-05 6.154428342266351798e-05 5.414107341107210464e-05 3.454702064100840636e-05 1.156045896266885248e-05 1.000000000000000021e-08 1.368989851057948223e-05 1.371908451236367381e-05 1.363282986667729503e-05 1.747957881103351605e-05 1.000000100000000021e-05 1.000000100000000021e-05 1.000000100000000021e-05 1.000000100000000021e-05 1.000000100000000021e-05 1.000000100000000021e-05
5.938811862938302442e-05 5.946808380660325243e-05 8.891229389320322242e-05 8.561037471806063259e-05 4.920050654177433825e-04 4.400636871360231209e-05 4.458993354362179672e-05 3.256665883394574412e-01 1.087547162062725420e-01 1.190690871925378116e-04 9.310066018575273135e-05 1.000000000000000021e-08 1.000000000000000021e-08 3.920276123934041812e-05 3.090613035546392303e-05 6.776343642304048266e-04 5.890035265355434736e-03 2.796888616116999520e-04 1.665967132009593926e-05 1.385490191729311678e-05 1.575718397792698995e-04 1.479863845364232273e-04 1.377889909255952574e-04 7.471324561432583528e-05 6.058008122727910009e-05 5.644604166002640920e-05 4.959909883508070797e-05 4.208340855783215454e-05 3.174104525629523217e-05 2.389281984536991798e-05 1.991974965247785719e-05 1.000000100000000021e-05 1.000000100000000021e-05 1.000000100000000021e-05 1.000000100000000021e-05 1.000000100000000021e-05 1.000000100000000021e-05
1.405365824296725223e-04 2.173724027576736393e-04 2.054308951382055192e-04 2.896785392749903591e-04 3.184051129993191150e-04 1.255251914565805663e-03 1.114568195567388047e-03 2.375084145136892311e-01 1.947571324484936306e-01 1.058941875736904310e-03 3.403982464306308818e-05 3.583264150037536092e-05 2.764904500779210900e-05 3.372017842356054911e-05 4.484583825852982348e-04 6.103041847985536195e-04 1.000000000000000021e-08 1.353450407710698284e-04 1.571265399358929925e-05 1.899771667360373041e-05 1.634771084015796034e-05 1.279451976877152058e-04 1.014508273170724469e-04 1.272806900705273736e-04 1.367748039155844268e-04 1.440601789676039740e-04 1.813912700302799409e-04 1.876904409677720227e-04 1.320019863472861538e-04 8.241627751063802310e-05 4.249154986516571228e-05 1.000000100000000021e-05 1.000000100000000021e-05 1.000000100000000021e-05 1.000000100000000021e-05 1.000000100000000021e-05 1.000000100000000021e-05
3.746415521423656215e-04 3.341811067855045563e-04 4.392066900392695215e-04 8.296455084257627023e-04 8.862054021968372936e-04 1.191710216873705531e-03 2.070595637202485653e-04 2.343185859665412041e-01 2.335016676031835270e-01 2.186940889173288936e-04 5.249922633046055130e-05 3.879506430974920045e-05 4.656393903385374174e-05 2.705010357035228993e-05 5.407526082427703887e-05 3.363781278252100763e-04 1.000000000000000021e-08 1.000000000000000021e-08 1.000000000000000021e-08 1.000000000000000021e-08 1.000000000000000021e-08 1.000000000000000021e-08 4.542349936875954796e-05 1.000000000000000021e-08 1.000000000000000021e-08 1.335291385376978490e-04 1.000000000000000021e-08 1.000000000000000021e-08 1.000000000000000021e-08 1.000000000000000021e-08 1.000000100000000021e-05 1.000000100000000021e-05 1.000000100000000021e-05 1.000000100000000021e-05 1.000000100000000021e-05 1.000000100000000021e-05 1.000000100000000021e-05
3.187935270525135527e-05 4.252507110319680679e-05 7.777747250586619112e-05 1.083217242277679073e-04 1.290791800514881280e-03 5.740785349370928874e-04 3.870093841775224842e-03 3.916508826650485497e-01 1.230143789374285312e-01 2.998742059869590392e-04 3.979097364796998452e-05 4.823157719127011366e-05 3.648287408955347807e-05 4.317591954408712073e-05 2.394373289065808156e-05 2.368585677069012452e-05 1.206657003262874614e-05 1.000000000000000021e-08 1.000000000000000021e-08 2.564141735575980232e-05 2.087250398588208318e-05 1.717832835768582286e-05 1.683064302776339074e-05 1.235020146107189027e-05 1.009539598005251199e-05 1.000000000000000021e-08 1.000000000000000021e-08 1.000000000000000021e-08 1.000000000000000021e-08 1.000000000000000021e-08 1.000000100000000021e-05 1.000000100000000021e-05 1.000000100000000021e-05 1.000000100000000021e-05 1.000000100000000021e-05 1.000000100000000021e-05 1.000000100000000021e-05
3.579835006021929499e-05 2.527312694953987311e-05 2.447881605438280908e-05 1.000000000000000021e-08 1.803620311664300651e-05 4.462195333039675337e-04 3.994392340882979217e-04 3.294058944006616474e-01 4.222191392214481170e-02 2.518705791212368588e-05 3.035690785557245542e-05 2.096150350954631073e-05 2.290408922584099614e-05 2.607884226630400085e-05 4.103250696940111407e-05 1.000000000000000021e-08 1.000000000000000021e-08 1.000000000000000021e-08 1.000000000000000021e-08 3.533906167716202975e-05 3.482414173857787597e-05 2.591150278711577422e-05 1.222620018428908871e-05 1.034498877571388159e-05 1.044860542888214500e-05 1.000000000000000021e-08 1.000000000000000021e-08 1.000000000000000021e-08 1.000000000000000021e-08 1.455651992979876485e-05 1.000000100000000021e-05 1.000000100000000021e-05 1.000000100000000021e-05 1.000000100000000021e-05 1.000000100000000021e-05 1.000000100000000021e-05 1.000000100000000021e-05
1.161648068421360762e-05 3.228830500165078677e-05 1.853815209562231870e-05 2.487258230816536569e-05 2.369416707441955307e-05 2.650430049921641425e-05 3.701326353464077135e-05 1.930726562748535657e-01 3.038124167186902480e-01 1.723424593857956610e-03 6.679538892178580852e-05 7.872831293992197776e-05 5.899575511959280418e-05 4.544006204827436761e-05 1.000000000000000021e-08 1.000000000000000021e-08 1.000000000000000021e-08 1.000000000000000021e-08 1.000000000000000021e-08 1.000000000000000021e-08 1.000000000000000021e-08 1.000000000000000021e-08 1.000000000000000021e-08 1.000000000000000021e-08 2.412321880903858876e-05 1.524643686836137449e-05 1.000000000000000021e-08 1.000000000000000021e-08 2.696302161730544853e-05 1.875225205858787852e-05 1.000000100000000021e-05 1.000000100000000021e-05 1.000000100000000021e-05 1.000000100000000021e-05 1.000000100000000021e-05 1.000000100000000021e-05 1.000000100000000021e-05
1.735125366490986552e-04 1.895114195005669154e-04 3.072916382815056753e-04 2.814155995443014951e-04 1.072653051577432013e-03 9.956511361376167626e-04 9.060258109357591629e-04 2.242692911441061254e-01 2.266660533328115346e-01 1.322173595708700522e-03 1.000000000000000021e-08 1.000000000000000021e-08 6.147343958390061043e-05 1.000000000000000021e-08 1.000000000000000021e-08 1.431946417844766554e-05 5.460071566316158454e-05 1.000000000000000021e-08 1.000000000000000021e-08 1.000000000000000021e-08 1.000000000000000021e-08 1.000000000000000021e-08 1.000000000000000021e-08 1.000000000000000021e-08 1.000000000000000021e-08 1.000000000000000021e-08 1.000000000000000021e-08 1.000000000000000021e-08 1.000000000000000021e-08 2.389670604343796119e-05 1.000000100000000021e-05 1.000000100000000021e-05 1.000000100000000021e-05 1.000000100000000021e-05 1.000000100000000021e-05 1.000000100000000021e-05 1.000000100000000021e-05
7.297772477316281014e-04 1.088376976950767303e-03 8.565504000377353357e-04 2.279658269937188432e-03 2.046315223779139689e-03 1.835415484531063455e-03 1.481454784313685717e-03 9.966682351032124521e-02 3.249648652986071307e-01 6.977780672860264951e-04 2.103096940575003237e-04 2.545937318948026371e-04 2.835181985682467165e-04 1.079336970281497896e-05 1.000000000000000021e-08 4.591362471695555373e-05 9.767536548019892326e-05 9.816663313274932086e-05 1.000000000000000021e-08 1.000000000000000021e-08 1.000000000000000021e-08 1.000000000000000021e-08 1.000000000000000021e-08 1.000000000000000021e-08 1.000000000000000021e-08 1.000000000000000021e-08 1.000000000000000021e-08 1.000000000000000021e-08 2.332581617950116554e-05 2.507666397751219495e-05 1.000000100000000021e-05 1.000000100000000021e-05 1.000000100000000021e-05 1.000000100000000021e-05 1.000000100000000021e-05 1.000000100000000021e-05 1.000000100000000021e-05
1.455963985401163884e-04 2.488820641515407080e-04 8.819691808956613231e-04 1.592278011513059092e-03 2.031446150239391794e-03 1.900601828959722073e-03 1.935847217628764707e-03 1.886647054491411568e-01 2.343840333928381148e-01 1.555761818827738592e-04 4.749424249213531567e-05 2.011655725583986988e-05 1.000000000000000021e-08 3.301118572974489165e-04 2.192801841474580798e-04 2.032409588105543480e-04 1.460521660284266876e-04 1.398503129779802136e-04 5.708099871295288909e-05 4.423420024162942030e-05 3.206976476583013884e-05 2.123651091834441026e-05 1.401868162642003112e-05 1.000000000000000021e-08 1.000000000000000021e-08 1.000000000000000021e-08 1.000000000000000021e-08 1.000000000000000021e-08 4.395608337611309229e-05 2.483649768560568626e-05 1.000000100000000021e-05 1.000000100000000021e-05 1.000000100000000021e-05 1.000000100000000021e-05 1.000000100000000021e-05 1.000000100000000021e-05 1.000000100000000021e-05
8.525145045277727942e-05 2.482917785331138904e-05 6.524152832949492876e-04 2.132191854983629328e-03 2.276408820483634757e-03 2.252953667936517107e-03 8.104159794704919595e-03 3.317243988572371460e-01 1.439981536219900604e-01 1.100128690854358090e-04 7.522515983003672348e-05 8.511901215574380118e-05 1.282171764649058616e-04 1.358934505876295128e-04 8.588303943382027050e-04 5.655933483602774503e-04 1.944555347710881781e-04 1.774515499490542244e-04 1.335160159050030907e-04 5.410927023762422260e-05 3.717712676346687691e-05 2.716687364990566151e-05 1.781401251149913978e-05 1.000000000000000021e-08 1.000000000000000021e-08 1.000000000000000021e-08 1.034776491168491141e-05 1.000000000000000021e-08 1.000000000000000021e-08 2.484965005219866305e-05 1.000000100000000021e-05 1.000000100000000021e-05 1.000000100000000021e-05 1.000000100000000021e-05 1.000000100000000021e-05 1.000000100000000021e-05 1.000000100000000021e-05
2.531606915634466203e-05 3.487198952637487342e-05 1.371672043166751202e-04 2.243853409350321461e-04 2.578115118556814286e-03 9.418463943956807000e-04 1.269065929828516693e-03 3.965800066864214046e-01 6.686176557452408464e-02 7.436611645973640120e-04 1.044224889750531942e-04 7.610662642503908501e-05 5.285275717259698200e-05 8.074536904034037405e-05 1.317167262197516087e-04 1.515490260603851683e-04 2.105271945853855501e-04 2.011765080749764996e-04 1.000000000000000021e-08 1.000000000000000021e-08 1.000000000000000021e-08 1.000000000000000021e-08 1.000000000000000021e-08 1.000000000000000021e-08 1.000000000000000021e-08 7.784396153784403627e-05 4.419759736897902093e-05 1.000000000000000021e-08 1.000000000000000021e-08 2.923082334978740652e-05 1.000000100000000021e-05 1.000000100000000021e-05 1.000000100000000021e-05 1.000000100000000021e-05 1.000000100000000021e-05 1.000000100000000021e-05 1.000000100000000021e-05
3.443980277820772622e-05 3.114375725198756579e-05 5.237095001561508669e-05 4.807858996948123696e-05 1.268945046007945068e-04 1.255372870191585714e-03 2.030924107714257854e-01 2.041046329216248401e-01 1.429121993604326457e-02 1.994865199077248030e-04 3.303129629018379673e-05 1.000000000000000021e-08 1.434619424560832008e-04 8.520360516194203256e-05 1.769913877977570549e-04 1.830193317907890475e-04 1.551450180001254578e-04 1.000000000000000021e-08 1.000000000000000021e-08 1.961707188512138252e-05 1.134785758109827741e-05 1.000000000000000021e-08 1.000000000000000021e-08 1.000000000000000021e-08 2.225998026128568196e-05 1.403627798260394354e-05 1.174038563799374642e-05 1.000000000000000021e-08 1.000000000000000021e-08 3.340037747985503714e-05 1.000000100000000021e-05 1.000000100000000021e-05 1.000000100000000021e-05 1.000000100000000021e-05 1.000000100000000021e-05 1.000000100000000021e-05 1.000000100000000021e-05
1.000000000000000021e-08 1.000000000000000021e-08 3.863917125269662831e-05 5.406198680702294633e-05 1.000000000000000021e-08 1.447032378737135409e-03 2.195654632864555700e-01 2.158633730504377346e-01 1.157256450398413093e-02 1.754999813156862571e-05 2.275353865080411309e-04 4.445247539899865771e-05 1.769715681785079015e-04 1.000000000000000021e-08 1.960983925696755433e-04 5.095466918300386137e-04 1.652575398473697492e-04 5.360224428237328676e-05 3.182781282389675044e-05 2.040906991872962011e-05 1.000000000000000021e-08 3.725441927233204189e-05 3.391589210290148226e-05 2.804146809639544098e-05 2.152870646679601083e-05 1.000000000000000021e-08 1.000000000000000021e-08 1.000000000000000021e-08 1.000000000000000021e-08 3.660525555557726888e-05 1.000000100000000021e-05 1.000000100000000021e-05 1.000000100000000021e-05 1.000000100000000021e-05 1.000000100000000021e-05 1.000000100000000021e-05 1.000000100000000021e-05
1.000000000000000021e-08 1.085296109049928293e-05 8.415958639195493648e-05 1.000000000000000021e-08 1.000000000000000021e-08 4.144815015202800218e-04 9.660850935630836689e-02 4.662096053377983162e-01 1.787338762798752756e-02 1.000000000000000021e-08 8.479764863674767433e-05 3.690028552080794040e-05 6.825845223349840719e-05 8.070756226505687255e-05 2.769929888807577635e-04 3.329321333194932794e-04 1.517921335163159905e-04 1.000000000000000021e-08 1.000000000000000021e-08 1.816088337441795579e-05 1.000000000000000021e-08 1.000000000000000021e-08 6.200199103810996625e-05 4.232637131313071559e-05 1.000000000000000021e-08 1.358318146480732608e-05 1.000000000000000021e-08 1.000000000000000021e-08 1.000000000000000021e-08 3.119207768266367577e-05 1.000000100000000021e-05 1.000000100000000021e-05 1.000000100000000021e-05 1.000000100000000021e-05 1.000000100000000021e-05 1.000000100000000021e-05 1.000000100000000021e-05
