output/water_depth_240.asc
ncols 223
nrows 158
xllcorner 0.0
yllcorner 0.0
cellsize 30.0
[rows 119 to 135 of 158, columns 37 to 73 of 223]
4.455765487688584381e-03 4.455765487688584381e-03 4.455765487688584381e-03 4.455765487688584381e-03 4.455765487688584381e-03 4.455765487688584381e-03 4.455765487688584381e-03 4.455765487688584381e-03 4.455765487688584381e-03 4.455765487688584381e-03 4.455765487688584381e-03 4.455765487688584381e-03 4.455765487688584381e-03 4.455765487688584381e-03 4.455765487688584381e-03 4.455765487688584381e-03 4.455765487688584381e-03 4.455765487688584381e-03 4.455765487688584381e-03 5.253098821919227439e-03 5.252298821830298121e-03 5.253098821919227439e-03 4.456565487777513698e-03 4.456565487777513698e-03 4.454965487599655063e-03 4.455765487688584381e-03 5.252698821874762780e-03 4.454965487599655063e-03 4.058698820751122788e-03 4.057898820662192603e-03 4.454565487555189537e-03 4.456565487777513698e-03 4.454965487599655063e-03 4.455765487688584381e-03 4.455765487688584381e-03 4.455765487688584381e-03 4.455765487688584381e-03
4.455765487688584381e-03 4.455765487688584381e-03 4.455765487688584381e-03 4.455765487688584381e-03 4.455765487688584381e-03 4.455765487688584381e-03 4.455765487688584381e-03 4.854032154759440817e-03 5.252698821874762780e-03 4.854832154848371002e-03 4.456165487733049907e-03 4.854032154759440817e-03 5.252698821874762780e-03 5.253098821919227439e-03 5.253098821919227439e-03 5.253098821919227439e-03 5.253098821919227439e-03 5.253098821919227439e-03 5.253898822008157624e-03 5.252298821830298121e-03 3.660032153635800825e-03 4.454965487599655063e-03 4.455765487688584381e-03 5.251498821741367937e-03 3.660832153724731010e-03 4.454965487599655063e-03 4.851574926825628388e-03 4.060356048596005900e-03 5.252698821874762780e-03 4.454965487599655063e-03 3.660832153724731010e-03 5.249898821563509302e-03 3.661632153813660761e-03 4.454165487510724879e-03 4.455765487688584381e-03 4.455765487688584381e-03 4.455765487688584381e-03
4.456165487733049907e-03 4.455765487688584381e-03 4.455765487688584381e-03 4.455765487688584381e-03 4.854032154759440817e-03 4.854432154803906344e-03 5.252698821874762780e-03 4.854832154848371002e-03 4.456165487733049907e-03 4.854032154759440817e-03 5.252698821874762780e-03 4.854832154848371002e-03 4.456165487733049907e-03 4.455765487688584381e-03 4.455765487688584381e-03 4.455765487688584381e-03 4.455765487688584381e-03 4.456165487733049907e-03 5.251898821785833463e-03 4.454965487599655063e-03 3.661232153769195669e-03 4.454965487599655063e-03 4.455365487644119722e-03 4.455765487688584381e-03 4.455765487688584381e-03 4.455765487688584381e-03 4.455765487688584381e-03 4.455765487688584381e-03 5.252298821830298121e-03 4.455765487688584381e-03 4.454965487599655063e-03 3.661232153769195669e-03 5.250298821607973093e-03 3.660832153724731010e-03 4.454965487599655063e-03 4.455765487688584381e-03 4.455765487688584381e-03
4.854432154803906344e-03 4.456165487733049907e-03 4.455765487688584381e-03 4.455765487688584381e-03 4.854032154759440817e-03 4.854432154803906344e-03 4.456165487733049907e-03 4.455765487688584381e-03 4.455765487688584381e-03 4.456165487733049907e-03 4.456165487733049907e-03 4.454965487599655063e-03 4.455765487688584381e-03 4.455765487688584381e-03 4.455765487688584381e-03 4.455765487688584381e-03 4.455765487688584381e-03 4.851974926870093047e-03 4.059956048551541241e-03 4.455365487644119722e-03 4.852803540792535036e-03 4.456566473032424341e-03 4.059126449374189476e-03 4.454565487555189537e-03 4.455765487688584381e-03 4.455765487688584381e-03 4.455765487688584381e-03 4.455765487688584381e-03 4.455765487688584381e-03 4.455765487688584381e-03 4.455765487688584381e-03 4.851574926825628388e-03 4.060756048640470559e-03 4.454965487599655063e-03 4.455765487688584381e-03 4.455765487688584381e-03 4.455765487688584381e-03
4.854032154759440817e-03 5.252698821874762780e-03 5.253098821919227439e-03 5.253098821919227439e-03 4.456565487777513698e-03 4.456565487777513698e-03 4.454965487599655063e-03 4.455765487688584381e-03 4.455765487688584381e-03 4.854832154848371002e-03 4.852832154626046841e-03 3.660432153680265917e-03 4.454965487599655063e-03 4.455765487688584381e-03 4.455765487688584381e-03 4.455765487688584381e-03 4.455765487688584381e-03 4.851574926825628388e-03 4.060356048596005900e-03 4.455365487644119722e-03 4.455765487688584381e-03 5.253098821919227439e-03 4.454965487599655063e-03 3.660432153680265917e-03 4.454565487555189537e-03 4.456165487733049907e-03 4.455365487644119722e-03 4.455765487688584381e-03 4.455765487688584381e-03 4.455765487688584381e-03 4.455765487688584381e-03 4.455765487688584381e-03 4.851974926870093047e-03 4.059956048551541241e-03 4.455365487644119722e-03 4.455765487688584381e-03 4.455765487688584381e-03
4.455765487688584381e-03 4.455765487688584381e-03 4.455765487688584381e-03 4.455765487688584381e-03 4.456565487777513698e-03 5.251498821741367937e-03 3.660032153635800825e-03 4.454965487599655063e-03 4.456165487733049907e-03 5.252298821830298121e-03 4.057498820617727944e-03 4.057498820617727944e-03 4.455365487644119722e-03 4.455765487688584381e-03 4.455765487688584381e-03 4.455765487688584381e-03 4.455765487688584381e-03 4.455765487688584381e-03 4.455765487688584381e-03 4.455765487688584381e-03 4.455765487688584381e-03 5.252698821874762780e-03 4.455765487688584381e-03 4.057898820662192603e-03 4.057098820573263286e-03 4.851174926781163729e-03 4.060356048596005900e-03 4.455365487644119722e-03 4.455765487688584381e-03 4.455765487688584381e-03 4.455765487688584381e-03 4.455765487688584381e-03 4.851574926825628388e-03 4.060356048596005900e-03 4.455365487644119722e-03 4.455765487688584381e-03 4.455365487644119722e-03
4.455765487688584381e-03 4.455765487688584381e-03 4.455765487688584381e-03 4.455765487688584381e-03 5.252298821830298121e-03 4.454965487599655063e-03 3.660832153724731010e-03 4.455765487688584381e-03 4.853232154670511500e-03 4.853632154714977026e-03 4.057898820662192603e-03 4.057898820662192603e-03 4.455365487644119722e-03 4.455765487688584381e-03 4.455765487688584381e-03 4.455765487688584381e-03 4.455765487688584381e-03 4.455765487688584381e-03 4.456165487733049907e-03 4.456165487733049907e-03 4.455765487688584381e-03 4.853232154670511500e-03 4.854032154759440817e-03 4.455765487688584381e-03 3.660432153680265917e-03 4.454565487555189537e-03 4.455765487688584381e-03 4.455765487688584381e-03 4.455765487688584381e-03 4.455765487688584381e-03 4.455765487688584381e-03 4.455765487688584381e-03 4.455765487688584381e-03 4.455765487688584381e-03 4.454965487599655063e-03 4.454965487599655063e-03 4.057898820662192603e-03
4.455365487644119722e-03 4.455765487688584381e-03 4.455765487688584381e-03 4.455765487688584381e-03 4.455765487688584381e-03 4.455765487688584381e-03 4.455765487688584381e-03 5.251498821741367937e-03 3.661232153769195669e-03 4.454565487555189537e-03 4.455765487688584381e-03 4.455765487688584381e-03 4.455765487688584381e-03 4.455765487688584381e-03 4.455765487688584381e-03 4.455765487688584381e-03 4.455765487688584381e-03 4.455765487688584381e-03 4.854432154803906344e-03 4.854432154803906344e-03 4.454165487510724879e-03 3.660832153724731010e-03 4.454965487599655063e-03 5.252698821874762780e-03 4.057098820573263286e-03 4.057898820662192603e-03 4.455365487644119722e-03 4.455765487688584381e-03 4.455365487644119722e-03 4.454965487599655063e-03 4.454965487599655063e-03 4.455365487644119722e-03 4.455765487688584381e-03 4.454965487599655063e-03 3.660832153724731010e-03 3.660032153635800825e-03 4.057098820573263286e-03
4.059556048507075715e-03 4.455365487644119722e-03 4.455765487688584381e-03 4.455765487688584381e-03 4.456565487777513698e-03 4.454965487599655063e-03 4.455765487688584381e-03 4.455765487688584381e-03 4.851974926870093047e-03 4.060356048596005900e-03 4.454965487599655063e-03 4.455765487688584381e-03 4.455765487688584381e-03 4.455765487688584381e-03 4.455765487688584381e-03 4.455765487688584381e-03 4.455765487688584381e-03 4.455765487688584381e-03 4.854432154803906344e-03 4.852832154626046841e-03 3.660832153724731010e-03 4.454965487599655063e-03 4.456165487733049907e-03 5.251098821696903278e-03 3.660832153724731010e-03 4.454965487599655063e-03 4.455765487688584381e-03 4.455765487688584381e-03 4.057898820662192603e-03 3.660432153680265917e-03 3.660032153635800825e-03 4.057098820573263286e-03 4.454565487555189537e-03 3.660832153724731010e-03 4.454165487510724879e-03 4.454965487599655063e-03 4.455365487644119722e-03
3.660832153724731010e-03 4.454965487599655063e-03 4.455765487688584381e-03 4.455765487688584381e-03 5.251898821785833463e-03 3.660432153680265917e-03 4.454965487599655063e-03 4.455765487688584381e-03 4.853203540836999695e-03 4.455366472899029498e-03 4.059126449374189476e-03 4.455365487644119722e-03 4.455765487688584381e-03 4.455765487688584381e-03 4.455765487688584381e-03 4.455765487688584381e-03 4.456165487733049907e-03 4.456165487733049907e-03 4.851574926825628388e-03 4.059556048507075715e-03 4.455365487644119722e-03 4.455765487688584381e-03 4.851574926825628388e-03 4.060356048596005900e-03 4.455365487644119722e-03 4.455765487688584381e-03 4.455365487644119722e-03 4.454965487599655063e-03 4.057898820662192603e-03 4.454565487555189537e-03 4.454965487599655063e-03 4.057898820662192603e-03 3.660432153680265917e-03 4.454165487510724879e-03 4.455765487688584381e-03 4.455765487688584381e-03 4.455765487688584381e-03
4.456165487733049907e-03 4.455765487688584381e-03 4.455365487644119722e-03 4.455765487688584381e-03 4.851574926825628388e-03 4.061156048684935217e-03 4.454565487555189537e-03 4.455765487688584381e-03 4.851574926825628388e-03 4.060356048596005900e-03 4.455365487644119722e-03 4.455765487688584381e-03 4.455765487688584381e-03 4.455765487688584381e-03 4.455765487688584381e-03 4.455765487688584381e-03 4.854832154848371002e-03 4.854032154759440817e-03 4.454565487555189537e-03 3.660432153680265917e-03 4.454965487599655063e-03 4.455765487688584381e-03 4.455765487688584381e-03 4.454965487599655063e-03 4.454965487599655063e-03 4.454965487599655063e-03 4.057898820662192603e-03 3.660432153680265917e-03 4.454565487555189537e-03 4.455765487688584381e-03 4.455765487688584381e-03 4.455365487644119722e-03 4.454965487599655063e-03 4.851574926825628388e-03 4.456165487733049907e-03 4.455765487688584381e-03 4.455765487688584381e-03
4.853203540836999695e-03 4.456166472987958815e-03 4.058326449285259291e-03 4.455365487644119722e-03 4.455765487688584381e-03 5.251498821741367937e-03 3.660832153724731010e-03 4.454965487599655063e-03 4.455765487688584381e-03 4.455765487688584381e-03 4.455765487688584381e-03 4.455765487688584381e-03 4.455765487688584381e-03 4.456165487733049907e-03 4.455365487644119722e-03 4.456565487777513698e-03 5.252298821830298121e-03 4.455365487644119722e-03 4.057898820662192603e-03 4.057098820573263286e-03 4.455365487644119722e-03 4.455365487644119722e-03 4.454965487599655063e-03 3.660832153724731010e-03 3.660032153635800825e-03 3.660032153635800825e-03 4.057098820573263286e-03 4.454565487555189537e-03 4.455765487688584381e-03 4.455765487688584381e-03 4.455765487688584381e-03 4.455765487688584381e-03 4.455765487688584381e-03 4.060356048596005900e-03 4.455365487644119722e-03 4.455765487688584381e-03 5.252298821830298121e-03
4.854032154759440817e-03 4.853232154670511500e-03 3.660832153724731010e-03 4.454965487599655063e-03 4.455765487688584381e-03 4.455765487688584381e-03 4.455765487688584381e-03 4.455765487688584381e-03 4.455765487688584381e-03 4.455765487688584381e-03 4.455765487688584381e-03 4.455765487688584381e-03 4.456165487733049907e-03 4.851974926870093047e-03 4.060356048596005900e-03 5.251898821785833463e-03 4.455765487688584381e-03 4.455365487644119722e-03 4.454565487555189537e-03 3.660832153724731010e-03 4.454965487599655063e-03 4.060356048596005900e-03 3.660432153680265917e-03 4.454165487510724879e-03 4.454965487599655063e-03 4.454965487599655063e-03 4.455365487644119722e-03 4.455765487688584381e-03 4.854032154759440817e-03 4.854432154803906344e-03 4.456165487733049907e-03 4.455765487688584381e-03 4.455765487688584381e-03 4.455365487644119722e-03 4.455765487688584381e-03 5.252298821830298121e-03 4.457365487866443016e-03
4.455765487688584381e-03 4.455765487688584381e-03 4.455765487688584381e-03 4.455765487688584381e-03 4.455765487688584381e-03 4.455765487688584381e-03 4.455765487688584381e-03 4.455765487688584381e-03 4.455765487688584381e-03 4.455765487688584381e-03 4.455765487688584381e-03 4.455765487688584381e-03 4.854832154848371002e-03 4.853632154714977026e-03 4.456165487733049907e-03 4.455765487688584381e-03 4.454565487555189537e-03 4.057898820662192603e-03 4.057898820662192603e-03 4.455365487644119722e-03 4.455765487688584381e-03 4.851574926825628388e-03 5.251898821785833463e-03 4.456565487777513698e-03 4.455765487688584381e-03 4.455765487688584381e-03 5.252298821830298121e-03 5.253098821919227439e-03 4.854832154848371002e-03 4.853632154714976159e-03 5.252698821874762780e-03 4.854832154848371002e-03 4.456165487733049907e-03 4.854032154759440817e-03 5.252698821874762780e-03 4.457365487866443016e-03 5.252298821830298121e-03
4.455765487688584381e-03 4.455765487688584381e-03 4.455765487688584381e-03 4.455765487688584381e-03 4.455765487688584381e-03 4.455765487688584381e-03 4.455765487688584381e-03 4.455765487688584381e-03 4.455765487688584381e-03 4.455765487688584381e-03 4.455765487688584381e-03 4.455765487688584381e-03 5.251898821785833463e-03 4.061156048684936085e-03 4.851574926825628388e-03 4.454165487510724879e-03 3.660832153724731010e-03 4.454965487599655063e-03 4.455765487688584381e-03 4.455765487688584381e-03 4.455765487688584381e-03 4.455765487688584381e-03 4.455765487688584381e-03 5.252298821830298121e-03 5.253098821919227439e-03 5.253098821919227439e-03 4.456565487777513698e-03 4.455765487688584381e-03 4.455765487688584381e-03 3.660832153724731010e-03 4.454965487599655063e-03 4.854032154759440817e-03 5.252698821874762780e-03 4.854832154848371002e-03 4.456565487777513698e-03 5.252698821874762780e-03 4.455765487688584381e-03
4.455765487688584381e-03 4.455765487688584381e-03 4.455765487688584381e-03 4.455765487688584381e-03 4.455765487688584381e-03 4.455765487688584381e-03 4.455765487688584381e-03 4.455765487688584381e-03 4.455765487688584381e-03 4.456565487777513698e-03 4.455765487688584381e-03 4.454965487599655063e-03 4.455765487688584381e-03 5.252298821830298121e-03 4.454965487599655063e-03 3.660832153724731010e-03 4.454965487599655063e-03 4.455765487688584381e-03 4.455765487688584381e-03 4.455765487688584381e-03 4.455765487688584381e-03 4.455765487688584381e-03 4.455765487688584381e-03 4.455765487688584381e-03 4.455765487688584381e-03 4.455765487688584381e-03 4.455365487644119722e-03 4.455765487688584381e-03 4.455765487688584381e-03 5.251498821741367937e-03 4.456565487777513698e-03 4.455765487688584381e-03 4.456565487777513698e-03 4.454965487599655063e-03 4.854832154848371002e-03 4.854032154759440817e-03 4.455765487688584381e-03
4.455365487644119722e-03 4.455765487688584381e-03 4.455765487688584381e-03 4.455765487688584381e-03 4.455765487688584381e-03 4.455765487688584381e-03 4.455765487688584381e-03 4.455765487688584381e-03 4.455765487688584381e-03 5.252298821830298121e-03 4.454965487599655063e-03 3.660832153724731010e-03 4.454965487599655063e-03 4.455765487688584381e-03 4.455765487688584381e-03 4.455765487688584381e-03 4.455765487688584381e-03 4.455765487688584381e-03 4.455765487688584381e-03 4.455765487688584381e-03 4.455765487688584381e-03 4.455765487688584381e-03 4.455765487688584381e-03 4.455765487688584381e-03 4.454965487599655063e-03 4.454965487599655063e-03 4.057898820662192603e-03 4.455365487644119722e-03 4.455765487688584381e-03 4.455765487688584381e-03 4.455765487688584381e-03 4.455765487688584381e-03 5.252298821830298121e-03 3.660832153724731010e-03 5.251498821741367937e-03 4.455765487688584381e-03 4.455765487688584381e-03
