output/water_depth_6480.asc
ncols 223
nrows 158
xllcorner 0.0
yllcorner 0.0
cellsize 30.0
[rows 85 to 101 of 158, columns 111 to 147 of 223]
8.913768939585376598e-04 1.462195260680709341e-03 1.442852098443399810e-03 1.178892679945224868e-03 8.808957977503766371e-04 2.812048809108714967e-04 4.432700412354686017e-04 4.401176038154306670e-03 5.931924975078013001e-03 2.071017123681124887e-03 3.831605917127729743e-04 2.827027626350948506e-04 2.059712065113670587e-04 2.063694834073687427e-04 1.115213939844243273e-04 7.740679619412165694e-05 6.816381137231107166e-05 8.216560561257425983e-05 1.000000000000000021e-08 1.000000000000000021e-08 1.000000000000000021e-08 1.000000000000000021e-08 1.668785122375182682e-04 7.434131417454610503e-05 1.000000000000000021e-08 1.000000000000000021e-08 1.000000000000000021e-08 7.091057608235445139e-05 7.393297264326422521e-05 4.215065720663961521e-05 1.580802649050079071e-05 1.000000000000000021e-08 1.000000000000000021e-08 1.000000000000000021e-08 1.000000000000000021e-08 6.527671280912031239e-05 2.488410605330679633e-05
1.302815578459887765e-03 7.753204615630298994e-04 9.831752569082820336e-05 1.971681649653418494e-04 1.111127121778985498e-03 1.560348441585072195e-04 4.911757793465241096e-04 3.080300024593889217e-03 1.186488828643660239e-02 1.535284649871683201e-03 2.129424057557305100e-04 2.448210056060339131e-04 2.450282489327772770e-04 1.522548091038670586e-05 1.000000000000000021e-08 5.652113671473841703e-05 8.116493948952843403e-05 1.215756631617668208e-04 1.000000000000000021e-08 1.000000000000000021e-08 1.000000000000000021e-08 1.000000000000000021e-08 2.298587942362262599e-04 9.573367124210143905e-05 1.387678405556795691e-05 1.997193286593714566e-05 1.000000000000000021e-08 8.942324198534417126e-05 4.590929849801169885e-05 2.661921806937507152e-05 1.066860990547061537e-05 1.000000000000000021e-08 1.000000000000000021e-08 1.000000000000000021e-08 1.000000000000000021e-08 3.863996110964420291e-05 1.928471851920433329e-05
2.693727708631210929e-04 8.960149809428743909e-05 1.000000000000000021e-08 1.488709193710437888e-04 7.723023793309359043e-04 1.206980313327813857e-03 5.348482982267310564e-04 3.886272104996876114e-02 1.729687507512575606e-02 1.213468147399282548e-03 1.000000000000000021e-08 1.621032237396444902e-04 1.000000000000000021e-08 1.000000000000000021e-08 1.000000000000000021e-08 3.244832704141490976e-05 1.124559613063391982e-04 1.046786184170142965e-04 5.486203124094637116e-05 2.110127777445472365e-05 1.000000000000000021e-08 1.672473192828282914e-04 2.353902097906607628e-04 1.739753612660167902e-04 7.152683946339814683e-05 4.403409035168571317e-05 2.950535240197698733e-05 1.253042910894177321e-05 1.026161116579443123e-05 1.000000000000000021e-08 1.000000000000000021e-08 1.000000000000000021e-08 1.000000000000000021e-08 1.000000000000000021e-08 1.000000000000000021e-08 1.755638744128130369e-05 1.000000000000000021e-08
3.721233732483078321e-04 2.677228155278709381e-05 1.000000000000000021e-08 1.000000000000000021e-08 5.217455322999767740e-04 7.935951984214485906e-05 8.436056692138121709e-05 2.579433142965338604e-05 1.885769407983976798e-02 9.509386801325814612e-04 1.817338687152076417e-05 1.133947455886999840e-04 7.356355833642624681e-05 5.330086422792990308e-05 5.060374872855240042e-05 8.109654445434555121e-05 1.325077544711267654e-04 2.043823280188195946e-04 3.606539746286837797e-05 7.430085568931827440e-05 1.255507115764206867e-04 2.677884692587612211e-04 2.725825335244681487e-04 6.644289849832603215e-05 4.124728629347097227e-05 3.554705495091494972e-05 3.396995175792325938e-05 4.186184786228281475e-05 2.474414959927398382e-05 1.104819559401783963e-05 1.000000000000000021e-08 1.000000000000000021e-08 1.000000000000000021e-08 1.000000000000000021e-08 1.000000000000000021e-08 1.000000000000000021e-08 1.000000000000000021e-08
7.094835324396390466e-04 1.243415752714409784e-04 1.000000000000000021e-08 1.000000000000000021e-08 2.052366625798683023e-05 1.357402370044634432e-04 2.735026917920433125e-05 8.785408554741279798e-05 1.268602001904211955e-02 1.244290258744511733e-02 1.273166920309455271e-04 7.283124176861815427e-05 1.000000000000000021e-08 1.000000000000000021e-08 1.000000000000000021e-08 1.000000000000000021e-08 1.000000000000000021e-08 1.894211406101590426e-04 1.000000000000000021e-08 4.432421670011085622e-05 6.191944995698344420e-05 1.000000000000000021e-08 3.252193282048847830e-05 1.591848542881966469e-05 1.459588573373041780e-05 1.140875091152348611e-05 1.331883141521895589e-05 1.328775942847429087e-05 1.636138083861896330e-05 1.405091364439342008e-05 1.000000000000000021e-08 1.000000000000000021e-08 1.000000000000000021e-08 1.000000000000000021e-08 1.000000000000000021e-08 1.000000000000000021e-08 1.000000000000000021e-08
8.378298688097487578e-04 2.953450952273629568e-03 4.442362525211585451e-05 1.361718653118428069e-05 2.531195628856074757e-05 1.260857889380844138e-04 5.215594811452256563e-05 7.120020974295653286e-05 6.260117143960382616e-03 6.445105948763009580e-03 4.013154492433630011e-03 5.839323798051296267e-04 1.000000000000000021e-08 1.000000000000000021e-08 1.000000000000000021e-08 1.000000000000000021e-08 1.000000000000000021e-08 1.669117112325909443e-04 5.481861009263397404e-05 4.291889545798469692e-05 4.972077616329428559e-05 1.000000000000000021e-08 1.000000000000000021e-08 1.000000000000000021e-08 1.000000000000000021e-08 1.000000000000000021e-08 1.000000000000000021e-08 1.000000000000000021e-08 1.000000000000000021e-08 1.000000000000000021e-08 1.000000000000000021e-08 1.000000000000000021e-08 1.000000000000000021e-08 1.000000000000000021e-08 1.000000000000000021e-08 1.000000000000000021e-08 1.000000000000000021e-08
1.846914181160657070e-03 2.751513774066361925e-03 8.751316959118486758e-04 7.367507325910776367e-04 2.311903814787631434e-04 1.456852896167176725e-03 1.073109044864424934e-03 1.148172350056997235e-04 6.090760453450846067e-03 5.618498598751568707e-03 6.436115252869564762e-03 5.354211784703337244e-03 2.218339920118446603e-04 1.000000000000000021e-08 1.000000000000000021e-08 1.000000000000000021e-08 1.630647005820788569e-05 1.745662086634418807e-04 3.256352950818861263e-04 3.997302182202510832e-05 1.000000000000000021e-08 1.000000000000000021e-08 1.000000000000000021e-08 1.000000000000000021e-08 1.000000000000000021e-08 1.062842244183472995e-05 1.000000000000000021e-08 1.000000000000000021e-08 1.000000000000000021e-08 1.000000000000000021e-08 1.000000000000000021e-08 1.000000000000000021e-08 1.000000000000000021e-08 1.000000000000000021e-08 1.000000000000000021e-08 1.000000000000000021e-08 1.000000000000000021e-08
6.139824891411770026e-04 8.360787042136637011e-04 1.246392351747324439e-03 6.014204585503399227e-04 6.950104616876639314e-04 3.162492809345351843e-04 6.323123043360218782e-04 2.271058957087259821e-04 4.218421578749826685e-03 1.283213134179064102e-02 1.617589777236168661e-02 1.181475106568820321e-02 2.987585825101360133e-03 1.984634479351357964e-03 1.410152704224646933e-03 1.970497049663812433e-03 2.694108326273026138e-03 3.349348635069436531e-03 8.165713886893558385e-03 1.489867673327008107e-04 1.000000000000000021e-08 1.000000000000000021e-08 1.000000000000000021e-08 1.082232251617798159e-05 1.000000000000000021e-08 1.000000000000000021e-08 1.000000000000000021e-08 1.000000000000000021e-08 1.000000000000000021e-08 1.000000000000000021e-08 1.000000000000000021e-08 1.000000000000000021e-08 1.000000000000000021e-08 1.000000000000000021e-08 1.000000000000000021e-08 1.000000000000000021e-08 1.000000000000000021e-08
1.737779599697622133e-03 4.899407043841318751e-04 5.265289399748508421e-04 9.409141347047442639e-04 4.926243451422805241e-04 2.682192732408746408e-03 1.890291430953649609e-03 2.608436108913144130e-03 3.568663660076256371e-03 3.565189890751254732e-03 1.639068324041546669e-03 7.501671531132722559e-03 3.801045278567184368e-03 3.662328548188229903e-03 5.692714478069457913e-03 4.773227009792529313e-03 4.910424234381479541e-03 3.838539177948686355e-03 9.782950311057509937e-03 8.845045983503194847e-03 1.683839214217070179e-05 1.000000000000000021e-08 1.000000000000000021e-08 1.000000000000000021e-08 1.000000000000000021e-08 1.000000000000000021e-08 1.000000000000000021e-08 1.238267360749340740e-05 1.154673286376981680e-05 1.000000000000000021e-08 1.000000000000000021e-08 1.000000000000000021e-08 1.000000000000000021e-08 1.000000000000000021e-08 1.000000000000000021e-08 1.000000000000000021e-08 1.000000000000000021e-08
4.893911857687462423e-04 3.924294895173140738e-04 1.370493652879618829e-03 1.937852685874121060e-03 2.700900684207569249e-02 7.853579814917369117e-03 5.665144541662232858e-03 3.740202226865222117e-03 3.968972935636061981e-03 3.551076870089859335e-03 2.772930144952995626e-03 2.292104268464937016e-03 6.919956895329796090e-03 6.476312177779933697e-03 2.914108272427414718e-03 1.588605676258748097e-03 7.072130236180558006e-04 5.568182495765584697e-04 9.225978001349114527e-03 1.526934701421663217e-02 3.556079259145440778e-05 1.000000000000000021e-08 1.000000000000000021e-08 1.000000000000000021e-08 1.000000000000000021e-08 1.255563861013518878e-05 1.378547902870772835e-05 1.633376392028458845e-05 1.000000000000000021e-08 1.000000000000000021e-08 1.000000000000000021e-08 1.000000000000000021e-08 1.000000000000000021e-08 1.000000000000000021e-08 1.000000000000000021e-08 1.000000000000000021e-08 1.000000000000000021e-08
1.680496629731493912e-04 1.631474630971179872e-04 1.858931927960667807e-04 7.206966614289182001e-04 6.968445166141300131e-04 1.096384516505764318e-03 3.695173313984802515e-03 5.775514191821823004e-03 5.338751290520036066e-03 6.900278063210763153e-03 7.821680832310958995e-03 7.051151007780647080e-03 7.022505279552180082e-03 6.432635838514105288e-03 4.931165245585241753e-03 3.369945273066284053e-03 2.231870918563387193e-03 2.571334604367921366e-03 1.447372588503322401e-03 1.595739015623277510e-02 3.691280757361707735e-05 1.000000000000000021e-08 1.000000000000000021e-08 1.000000000000000021e-08 1.000000000000000021e-08 1.000000000000000021e-08 1.000000000000000021e-08 1.841988313754292075e-05 1.000000000000000021e-08 1.000000000000000021e-08 1.000000000000000021e-08 1.000000000000000021e-08 1.000000000000000021e-08 1.000000000000000021e-08 1.000000000000000021e-08 1.000000000000000021e-08 1.000000000000000021e-08
1.003137491008727222e-04 8.905134398411576667e-05 7.693761840721801066e-05 9.276007336049701154e-05 4.781997121478594615e-04 8.971756996939403211e-04 2.195509318016173293e-03 1.902276561341845890e-03 5.801264700230463443e-03 3.525706166518786152e-03 2.909815335502800946e-03 5.338009360087395128e-03 6.619404446597064624e-03 6.625188823648306413e-03 2.503086112201114571e-03 1.222377291245129111e-03 2.028766389441051012e-03 1.391400420572144704e-03 3.529752621240012274e-03 1.629128789198497004e-02 4.124720030446637277e-05 1.000000000000000021e-08 1.000000000000000021e-08 1.000000000000000021e-08 1.000000000000000021e-08 1.000000000000000021e-08 1.000000000000000021e-08 1.000000000000000021e-08 1.000000000000000021e-08 1.000000000000000021e-08 1.000000000000000021e-08 1.000000000000000021e-08 1.000000000000000021e-08 1.000000000000000021e-08 1.000000000000000021e-08 1.000000000000000021e-08 1.000000000000000021e-08
2.579428144587588359e-04 3.134328788020214051e-05 2.774613069410672271e-05 2.517730037581922199e-05 4.807021706429848293e-04 8.717413519086265753e-04 1.608077929307377653e-03 1.462885090787906413e-03 2.776054131518961542e-04 3.930930544344623211e-03 2.990549152032227634e-04 1.102560170397942976e-03 1.372292813928885228e-03 2.474377040724767135e-03 1.543515121532535632e-03 2.213362459408597938e-03 1.783007430193241354e-03 2.203283783932745866e-03 4.578015126325562373e-03 1.841386663802191057e-02 4.432003119382760709e-05 1.000000000000000021e-08 1.000000000000000021e-08 1.000000000000000021e-08 1.000000000000000021e-08 1.000000000000000021e-08 1.000000000000000021e-08 1.000000000000000021e-08 1.000000000000000021e-08 1.000000000000000021e-08 1.000000000000000021e-08 1.000000000000000021e-08 1.000000000000000021e-08 1.000000000000000021e-08 1.000000000000000021e-08 1.000000000000000021e-08 1.000000000000000021e-08
3.508872270545578573e-04 2.677755970811818501e-04 9.058090825227456768e-05 1.503990076652686014e-04 1.579999180659149798e-05 5.709962353878027751e-05 1.587011154012418367e-04 2.555458922884300266e-04 1.560218160668624173e-04 2.824968901219405710e-03 1.112293987803342470e-03 3.890895841518074525e-04 1.277547943741879320e-03 1.157558654554326476e-03 3.577841579884414799e-03 6.241650681036768275e-03 4.690673362942928554e-03 3.644466949370807514e-03 6.632641050709797356e-03 2.169160111368078486e-02 9.899576491809083251e-05 1.000000000000000021e-08 1.000000000000000021e-08 1.000000000000000021e-08 1.000000000000000021e-08 1.000000000000000021e-08 1.000000000000000021e-08 1.000000000000000021e-08 1.000000000000000021e-08 1.000000000000000021e-08 1.000000000000000021e-08 1.000000000000000021e-08 1.000000000000000021e-08 1.000000000000000021e-08 1.000000000000000021e-08 1.000000000000000021e-08 1.000000000000000021e-08
3.187043895864369748e-03 4.750492082722357324e-04 4.018758368053047337e-04 1.701915113599609779e-04 1.557723192224969998e-04 6.558519057907914588e-05 1.571506454092810574e-04 1.217833909870325276e-04 4.084849279695517603e-04 2.235031031823936018e-03 2.832452867885451499e-03 1.967261388609509686e-03 1.747124604220415744e-04 1.192871445208281127e-03 7.067892740318954675e-04 5.263708007100097175e-03 1.979449224239376078e-03 1.156187761368142070e-03 1.054480597294003754e-03 2.133836611599961366e-02 5.230113907849008419e-03 1.322037386640621789e-05 1.000000000000000021e-08 1.000000000000000021e-08 1.000000000000000021e-08 1.000000000000000021e-08 1.000000000000000021e-08 1.000000000000000021e-08 1.000000000000000021e-08 1.000000000000000021e-08 1.000000000000000021e-08 1.000000000000000021e-08 1.382996554599532596e-05 1.000000000000000021e-08 1.000000000000000021e-08 1.000000000000000021e-08 1.000000000000000021e-08
3.136046113336737754e-04 5.510311730865951902e-04 2.946362241984505788e-04 3.938442611698523112e-04 1.694391700711426769e-04 1.988242082933422156e-04 1.085227642583192436e-04 1.908251666954958298e-04 6.595901108546980529e-05 3.470447106201511762e-04 2.255276289624090404e-03 2.171464604376979572e-03 4.751777671857245291e-04 3.759191588188396478e-04 1.536826499483012060e-03 9.334532870636821737e-04 1.616034575605084780e-03 1.696256603833074406e-03 8.714094370196797399e-04 1.578267349079429116e-02 3.650524111408384731e-03 1.000000000000000021e-08 1.454942160460163734e-05 1.426496718057967352e-05 1.179149668880760732e-05 1.000000000000000021e-08 1.000000000000000021e-08 1.000000000000000021e-08 1.000000000000000021e-08 1.000000000000000021e-08 1.000000000000000021e-08 1.089388221433628147e-05 1.945147292920367286e-05 1.000000000000000021e-08 1.000000000000000021e-08 1.000000000000000021e-08 1.000000000000000021e-08
2.643951836991621698e-04 2.535263499263977656e-04 4.654839326711781786e-04 2.654354314698389246e-04 3.678595233764779017e-04 1.743795819157486658e-04 2.382364586472301266e-04 1.291578506971349381e-04 1.606091939090655148e-04 1.489767402100475443e-04 4.304100161283543969e-04 6.897894224116582831e-03 5.561212440203152632e-04 3.484685946378783235e-04 5.952325502427714948e-04 1.121708363467942716e-03 8.853597646691490231e-04 1.289960310120438379e-03 2.697755699612162505e-03 1.652191110192925694e-02 5.067089118712349077e-04 1.000000000000000021e-08 1.000000000000000021e-08 1.000000000000000021e-08 2.167598172168851893e-05 1.465030235267517949e-05 1.293258034910844164e-05 1.178844572349580780e-05 1.000000000000000021e-08 1.000000000000000021e-08 1.000000000000000021e-08 1.035844970229509769e-05 1.000000000000000021e-08 1.000000000000000021e-08 1.000000000000000021e-08 1.000000000000000021e-08 1.000000000000000021e-08
