output/water_depth_3480.asc
ncols 223
nrows 158
xllcorner 0.0
yllcorner 0.0
cellsize 30.0
[rows 68 to 84 of 158, columns 148 to 184 of 223]
1.476819229303852582e-04 2.254527539095220801e-05 1.000000000000000021e-08 1.000000000000000021e-08 1.000000000000000021e-08 1.000000000000000021e-08 1.000000000000000021e-08 1.000000000000000021e-08 6.177840532262092942e-05 3.331308131230259869e-05 1.000000000000000021e-08 1.000000000000000021e-08 5.146146682643565606e-05 1.000000000000000021e-08 2.377393780529826249e-05 1.000000000000000021e-08 1.000000000000000021e-08 1.000000000000000021e-08 1.067752701877331420e-05 9.118041678252105698e-05 1.061634311891462981e-04 1.000000000000000021e-08 1.000000000000000021e-08 1.000000000000000021e-08 1.081700519594009502e-05 1.007185820161837628e-04 1.000000000000000021e-08 1.000000000000000021e-08 1.401291075702508970e-03 5.187295181767771490e-01 1.000000000000000021e-08 1.000000000000000021e-08 1.000000000000000021e-08 1.000000000000000021e-08 2.818211219077614507e-05 2.573609183455244313e-05 5.616898452344922421e-05
1.461293054728677682e-05 1.331145467498718715e-04 1.000000000000000021e-08 1.000000000000000021e-08 1.000000000000000021e-08 1.000000000000000021e-08 1.000000000000000021e-08 1.000000000000000021e-08 6.366135326296057698e-05 7.047146581943601281e-05 1.000000000000000021e-08 1.000000000000000021e-08 6.401578370419296147e-05 3.135666141855523645e-05 4.032551929885088684e-05 1.000000000000000021e-08 1.000000000000000021e-08 1.000000000000000021e-08 1.000000000000000021e-08 1.000000000000000021e-08 1.000000000000000021e-08 3.684713075695253529e-05 1.000000000000000021e-08 1.000000000000000021e-08 1.000000000000000021e-08 1.000000000000000021e-08 1.000000000000000021e-08 1.000000000000000021e-08 1.000000000000000021e-08 4.679937822837852979e-01 3.777615274455055072e-01 3.043921448933821117e-05 1.000000000000000021e-08 1.000000000000000021e-08 1.000000000000000021e-08 2.293942928525594832e-05 1.000000000000000021e-08
1.988384791826659141e-05 1.248447600106258064e-05 1.000000000000000021e-08 1.000000000000000021e-08 1.000000000000000021e-08 1.000000000000000021e-08 1.000000000000000021e-08 1.000000000000000021e-08 1.000000000000000021e-08 8.024793950033129756e-05 1.000000000000000021e-08 1.000000000000000021e-08 6.301199219433606055e-05 5.644061100629095410e-05 5.438529307885078839e-05 3.849438010916726022e-05 1.000000000000000021e-08 1.032236552085556587e-05 1.451459849108618692e-05 1.000000000000000021e-08 1.000000000000000021e-08 3.611248215311630376e-05 5.189542272983334672e-05 1.000000000000000021e-08 1.000000000000000021e-08 1.000000000000000021e-08 1.000000000000000021e-08 1.000000000000000021e-08 1.428238377947122514e-05 5.873539010178899223e-05 4.523689679926473084e-01 3.614622848410216083e-01 1.078343585325868672e-05 1.000000000000000021e-08 1.000000000000000021e-08 2.969375493303843421e-05 1.000000000000000021e-08
2.068384652649080696e-05 1.591997485279941432e-05 1.485626325109557767e-05 1.287952011209278674e-05 1.331571911688890236e-05 1.523726460260741487e-05 1.123071110621517617e-05 1.000000000000000021e-08 1.000000000000000021e-08 1.238239643619670825e-04 1.940705913032835894e-05 1.177755530923612917e-05 1.034774740610073536e-04 4.595463809516011234e-05 5.969554528320748630e-05 6.275388462028150076e-05 1.000000000000000021e-08 1.000000000000000021e-08 1.000000000000000021e-08 1.000000000000000021e-08 1.104771197621915744e-05 1.000000000000000021e-08 1.000000000000000021e-08 1.000000000000000021e-08 1.000000000000000021e-08 1.326371169308451749e-05 1.873057340762196408e-05 3.776720249747089178e-05 1.000000000000000021e-08 1.000000000000000021e-08 1.043851352298633345e-03 5.611479229721845208e-01 5.024547356107188500e-01 6.596086439094097373e-04 1.000000000000000021e-08 1.000000000000000021e-08 1.000000000000000021e-08
3.024560148696485548e-05 1.485142045334947837e-05 1.977628961688941879e-05 2.684603275039278752e-05 1.501784841315385569e-05 2.822780664941584156e-05 1.703130560086199227e-05 1.029893765336763589e-05 1.000000000000000021e-08 1.112118026424373940e-04 1.293786771611776971e-04 8.503563453052288021e-05 1.137628321157124344e-04 3.380799461399645249e-05 1.053875280948718407e-04 4.924835622032817120e-05 1.000000000000000021e-08 1.000000000000000021e-08 1.249120841049868022e-05 1.000000000000000021e-08 2.051605088328104954e-05 1.000000000000000021e-08 1.000000000000000021e-08 1.000000000000000021e-08 1.000000000000000021e-08 1.000000000000000021e-08 1.516410443892208727e-05 1.926723405954181896e-05 1.000000000000000021e-08 1.000000000000000021e-08 1.000000000000000021e-08 1.057947726119649271e-03 4.342023822543132350e-01 3.614525812320322773e-01 3.456185984294090074e-01 5.161888154626468966e-05 1.000000000000000021e-08
4.404566886600754568e-05 2.460315675172551983e-05 2.743679565751073234e-05 3.819526690492824249e-05 3.262942285400993378e-05 2.095541912886235924e-05 2.604876248194867532e-05 1.000000000000000021e-08 1.000000000000000021e-08 1.166839865002443073e-04 1.656110334422978308e-05 1.045276681010400780e-05 1.045073028994970366e-04 9.318657973982932927e-05 1.165463759454958900e-04 3.127180155302135728e-05 1.000000000000000021e-08 1.000000000000000021e-08 3.795775702329991810e-05 1.000000000000000021e-08 3.197315233711015085e-05 1.000000000000000021e-08 1.000000000000000021e-08 1.000000000000000021e-08 1.000000000000000021e-08 1.000000000000000021e-08 1.000000000000000021e-08 1.000000000000000021e-08 1.625784564220979458e-05 1.000000000000000021e-08 1.000000000000000021e-08 1.808427162148492899e-05 1.000000000000000021e-08 3.176599551906805763e-01 2.983019312233156639e-01 3.550104010358576256e-01 2.793912296862185451e-01
2.124655800382888092e-04 3.777319866893342196e-05 1.000000000000000021e-08 1.000000000000000021e-08 4.743484551865018053e-04 2.584646977220973196e-05 3.662504097933820470e-05 1.000000000000000021e-08 6.000754587537435197e-05 1.386119502855792760e-04 4.368144288265588394e-04 2.845875924794062932e-04 2.478289856613816286e-04 1.076213796694998646e-04 2.239744633041274241e-04 8.260668975854193767e-05 1.000000000000000021e-08 1.353335287950590541e-05 7.321439525579712083e-05 1.435207188721496211e-05 4.191974349956474719e-05 4.351618778213118860e-05 2.391966093383054580e-05 1.000000000000000021e-08 1.000000000000000021e-08 1.000000000000000021e-08 2.106988811062804334e-04 2.958899235622144635e-05 1.000000000000000021e-08 1.000000000000000021e-08 1.000000000000000021e-08 1.869922895392891386e-05 1.000000000000000021e-08 2.570965050482852836e-05 1.974087384071684091e-04 1.047908227417738839e-04 1.372709331453641768e-01
2.314201189770868667e-04 3.976727275241278116e-04 3.884216850504724171e-04 4.047416529379164823e-04 5.754280790418895425e-02 3.541097784391942366e-02 2.102915117788031057e-02 1.829099987868920696e-02 1.130827859397967768e-02 8.255235374668660336e-03 1.033081626523138508e-01 1.499814998663634991e-01 1.694488878122574205e-01 1.258187444060988869e-01 2.802885598761892805e-01 2.452852888001088305e-01 1.757130712520682259e-01 2.298483767471943828e-01 1.596159578100982135e-01 1.124426561519413920e-01 1.837729471054317387e-01 8.657583522948925081e-02 3.991446519703300416e-02 5.649003909257455802e-05 8.174098879745659272e-05 1.000000000000000021e-08 3.221114446722973118e-02 4.137541628878296102e-02 2.204386277404474584e-02 2.077748830926806622e-02 2.109809080813517326e-02 1.057294637990660374e-04 1.000000000000000021e-08 2.049118898776562331e-05 1.606294770541856612e-05 4.701071047383151925e-05 6.742126219953947786e-02
1.082057574273842526e-01 1.413628377098193334e-01 2.641497146973434962e-01 2.207336426203968527e-01 1.280037509931670758e-01 1.569669807631765002e-01 1.741181396277324545e-01 1.865791247628641736e-01 2.727063440484542856e-01 2.216917753534376756e-01 9.975129958519693418e-02 5.316939292957741786e-02 3.176816013712125547e-02 7.167479919268421318e-02 3.999158176199157921e-02 3.486097758651289513e-02 1.000000000000000021e-08 1.373528350331040598e-04 2.547816307583257640e-04 3.932712943680718998e-02 2.773084473702027569e-02 1.872943654225540655e-01 1.267917518230319562e-01 1.216697580598717771e-01 1.183976481428853644e-01 1.167623141895805655e-01 8.996681982220329499e-02 7.574204320554912828e-02 9.803498367905964794e-02 1.118033489837308297e-01 1.282211369736235285e-01 1.336931864272387638e-01 6.831885596720829734e-02 3.495563615277879482e-02 1.962119234985315250e-02 1.249949567551359754e-02 3.669342061005175654e-02
1.100362809427147676e-01 3.372527793789552308e-02 3.003956985700847668e-02 1.094345352895421085e-02 1.523300390815604435e-04 3.677862625763476468e-04 4.055535367694280166e-05 3.780264544699956693e-05 4.744016110827440583e-05 9.115465207534530039e-05 1.000000000000000021e-08 1.000000000000000021e-08 1.000000000000000021e-08 1.133942381418897178e-04 6.047504272407348510e-05 4.449584853926364080e-05 1.000000000000000021e-08 1.404637517489879970e-04 2.245521373894906407e-04 1.460363991140577980e-04 1.204070833209237428e-04 2.811056671498610442e-04 6.148652514624928123e-05 1.000000000000000021e-08 3.174267031240507833e-05 6.768546192218253806e-05 1.000000000000000021e-08 1.000000000000000021e-08 3.619444197949998849e-05 5.354204603129206268e-05 6.637530612323633901e-05 5.618572722770656647e-05 7.168474796392819426e-02 1.120683539575661331e-01 1.387939365514679613e-01 7.455742149089111814e-02 5.691427060230917767e-02
4.159641882849178800e-04 2.128996759263026498e-05 1.000000000000000021e-08 1.099284400233184059e-05 2.080512463941570347e-04 4.045469621760029066e-05 4.731481362676360000e-05 4.635891668971354307e-05 1.000000000000000021e-08 4.436783135242223749e-05 3.103448872873145668e-05 1.000000000000000021e-08 1.000000000000000021e-08 4.640396766363342226e-05 3.897451746099298302e-05 1.963023995219090575e-05 1.000000000000000021e-08 1.632975224733767834e-04 1.931901805739017093e-04 1.000000000000000021e-08 3.536049069843958428e-05 1.091111066833296299e-04 1.000000000000000021e-08 1.000000000000000021e-08 3.051301248561117852e-05 1.880594132377985634e-05 1.769518298785422491e-05 1.000000000000000021e-08 1.000000000000000021e-08 1.000000000000000021e-08 1.000000000000000021e-08 1.000000000000000021e-08 2.619394261597444160e-04 3.560050392512739340e-05 5.180039320770294168e-05 7.859560829049583308e-02 6.878124952543179793e-02
3.449373064211124905e-05 2.558001685897970948e-05 1.000000000000000021e-08 1.045865785890909901e-05 2.171315945631628283e-04 2.294831376224745718e-05 3.883783023229616825e-05 3.490402002695722124e-05 1.000000000000000021e-08 2.785308256016371159e-05 2.510655064808085015e-05 1.356011740415470550e-05 1.000000000000000021e-08 2.343644800510502632e-05 1.000000000000000021e-08 1.000000000000000021e-08 1.000000000000000021e-08 1.933551743058657831e-04 1.000000000000000021e-08 1.000000000000000021e-08 2.261001583285197558e-05 5.824458428903944691e-05 1.000000000000000021e-08 1.000000000000000021e-08 2.152102942232241682e-05 1.000000000000000021e-08 1.000000000000000021e-08 1.000000000000000021e-08 1.000000000000000021e-08 1.000000000000000021e-08 1.000000000000000021e-08 1.000000000000000021e-08 1.082700892659628857e-04 1.000000000000000021e-08 5.457116979207777364e-05 1.000000000000000021e-08 7.126496173756244334e-02
2.609240788349432097e-05 2.151737991767200281e-05 1.000000000000000021e-08 1.000000000000000021e-08 2.270199468401225447e-04 1.304267211096441935e-05 1.607554859197038154e-05 2.500846170215131198e-05 1.297028652382064497e-05 2.146329059874723210e-05 1.863908623243651759e-05 1.338350631672434647e-05 1.000000000000000021e-08 2.358522277771656094e-05 5.189994731790649772e-05 1.000000000000000021e-08 1.000000000000000021e-08 1.378039552982165982e-04 6.744995436922810643e-05 1.000000000000000021e-08 2.446283710922299122e-05 4.744055808829211865e-05 1.000000000000000021e-08 1.000000000000000021e-08 1.000000000000000021e-08 4.280934545864852037e-05 1.000000000000000021e-08 1.000000000000000021e-08 1.000000000000000021e-08 1.000000000000000021e-08 1.000000000000000021e-08 7.850762708974793919e-05 8.536589854784987501e-05 1.000000000000000021e-08 1.000000000000000021e-08 1.068221534233281782e-05 5.044889650501991485e-05
2.607140879741709892e-05 2.041666003916197856e-04 1.927385134247607584e-05 1.000000000000000021e-08 1.568587703827729093e-04 1.075912600481028435e-05 1.000000000000000021e-08 1.205638080749690238e-05 1.038692154941175940e-05 1.000000000000000021e-08 1.306509983038378817e-05 1.000000000000000021e-08 1.000000000000000021e-08 2.786672648193443168e-05 2.866626150948027563e-05 3.486126785744765187e-05 1.000000000000000021e-08 5.482400332320363270e-05 7.361116951841002135e-05 1.916422633098411406e-05 2.845075340377919328e-05 3.089776587502356277e-05 4.230182003964571945e-05 4.151471011630666810e-05 1.000000000000000021e-08 2.151269359587025905e-05 1.000000000000000021e-08 1.000000000000000021e-08 1.300281598412448060e-05 6.416759101410814765e-05 7.189150258463393754e-05 7.724606953680343807e-05 1.000000000000000021e-08 1.051925123427443459e-05 1.580057067203339627e-05 1.000000000000000021e-08 1.000000000000000021e-08
1.914269493011142183e-05 1.225789060148269960e-04 1.118657359518161890e-05 1.000000000000000021e-08 9.553134579713631772e-05 1.287886794822124534e-04 1.000000000000000021e-08 1.000000000000000021e-08 1.000000000000000021e-08 1.000000000000000021e-08 1.000000000000000021e-08 1.000000000000000021e-08 1.000000000000000021e-08 1.000000000000000021e-08 3.509857807813087760e-05 1.000000000000000021e-08 1.000000000000000021e-08 2.096521738563953221e-05 2.981415919047502742e-05 2.520965304854735963e-05 2.287985207547571403e-05 5.972449754140073802e-05 1.072359138426563720e-04 1.593235386004355787e-04 1.416426535958721774e-04 1.000000000000000021e-08 1.000000000000000021e-08 1.000000000000000021e-08 1.305549750439870861e-05 5.109222342422553651e-05 1.000000000000000021e-08 1.000000000000000021e-08 1.097310237973199091e-05 1.190855052131843800e-05 1.562410388462851470e-05 1.000000000000000021e-08 1.000000000000000021e-08
1.761439147641335524e-04 5.213180651538037915e-05 1.000000000000000021e-08 2.557511768931517698e-05 1.313515860000323630e-04 1.910982430965548276e-05 1.000000000000000021e-08 1.000000000000000021e-08 1.000000000000000021e-08 4.187691109321397913e-05 2.948557482097649256e-05 1.000000000000000021e-08 1.000000000000000021e-08 4.819497360027162413e-05 2.673176074454149749e-05 2.347738785427897293e-05 1.909858953754899259e-05 1.903360067508362945e-05 2.051706925450280140e-05 3.498596974880190818e-05 4.389026784133782835e-05 1.000000000000000021e-08 1.000000000000000021e-08 1.000000000000000021e-08 1.000000000000000021e-08 1.000000000000000021e-08 1.279895836619203395e-05 1.000000000000000021e-08 1.000000000000000021e-08 1.125767854505988630e-05 1.000000000000000021e-08 1.091098639528742126e-05 1.333946716080976204e-05 1.480943203903863392e-05 1.462340704452385533e-05 4.051557605409112744e-05 8.640787588924707862e-05
8.813938313714854444e-05 3.127885897230883700e-05 1.000000000000000021e-08 1.933012137914078742e-05 6.686899545014642304e-05 1.000000000000000021e-08 1.000000000000000021e-08 1.000000000000000021e-08 2.522353200721803618e-05 2.211804194517824097e-05 1.983489377455806692e-05 1.000000000000000021e-08 1.000000000000000021e-08 3.962756105841851374e-05 2.660566101299725476e-05 3.592323683120712634e-05 1.000000000000000021e-08 2.533563082620204272e-05 1.000000000000000021e-08 1.000000000000000021e-08 1.000000000000000021e-08 1.000000000000000021e-08 1.000000000000000021e-08 1.110837694907725909e-05 1.689970709273091665e-05 1.000000000000000021e-08 1.000000000000000021e-08 3.589459664800220980e-05 5.864582277710766729e-05 7.172547940340799838e-05 1.378383839421087821e-04 2.200542051610377531e-04 2.175290333120612500e-04 1.695246063823819139e-04 1.441444866721236560e-04 1.443575008283055992e-04 1.031559323405529307e-04
