output/water_depth_5400.asc
ncols 223
nrows 158
xllcorner 0.0
yllcorner 0.0
cellsize 30.0
[rows 68 to 84 of 158, columns 74 to 110 of 223]
8.975923394984958387e-05 8.760154081781298127e-05 5.064442834295613876e-04 3.666009718054542171e-05 2.963509740891825587e-05 3.829560731157513929e-05 2.593033294130399303e-04 1.986037359394501639e-04 1.249782893317808732e-04 7.312064158771159261e-05 3.761695698927117394e-05 3.235775633220666419e-04 8.110594974200136410e-04 1.078235684443066764e-03 2.585177703232293712e-03 3.298979475453949709e-03 5.332052603267402281e-04 3.544402813189590417e-04 1.029543289567165797e-04 2.009845155825589315e-04 2.779224479474623260e-04 2.044780530095080193e-03 2.054319491827907591e-03 2.827104074934870797e-03 1.950190671170413167e-03 1.951506375071816474e-03 1.760065798444497912e-03 2.340111388098975453e-03 1.619618042950238821e-03 3.086720480963887903e-03 3.063893377898659672e-03 5.401452229338792044e-03 1.968045300547051953e-03 2.623627891343997647e-03 2.392958893612797625e-04 1.727702970810190335e-04 5.524616722923407432e-05
1.231998522456500796e-03 1.082554681873992061e-03 2.166809814517862347e-04 6.747807005145268252e-05 1.132982556422194821e-04 9.144667762510346788e-05 5.178578790738073848e-04 3.827972639878449721e-04 2.903090284127010537e-04 2.019809525867724705e-04 1.494961863851156677e-04 2.394634257469490963e-04 4.649507496373115343e-04 8.147129398195160897e-05 3.772180788573800637e-04 4.706936950577269782e-04 6.627518197808936109e-04 3.056575252380781598e-04 3.417635846563679431e-04 2.560383815979200284e-04 6.648877161344662542e-04 5.382644398624107044e-04 5.896541065268439893e-04 4.697974228394928998e-04 5.358420507140535319e-04 7.204463000665718708e-04 1.905705601819365552e-03 1.362101193043552608e-03 1.551957581350620497e-03 9.679890051613561971e-04 2.325143328939976821e-03 1.781187134950181503e-03 4.258399909065010286e-03 2.317730013995546526e-03 2.104346428895472083e-03 7.199711343860814954e-04 6.633880415837321159e-04
1.224761278143705109e-03 9.368518052396674180e-04 1.898788114757021589e-04 3.181962296856448262e-04 2.540197299501130174e-04 3.199863872895060434e-04 3.292469208297456773e-04 4.607553712655027998e-04 4.467020720188855315e-04 5.421026476278845152e-04 4.102100575793286657e-04 4.935502819985255942e-04 4.065765080744487424e-04 3.111105117589088717e-04 4.939469390340611114e-04 6.397880234286182789e-04 3.913286551657492126e-04 9.997025722671463131e-04 4.080554511668418372e-04 2.098466845960296825e-03 2.622338087763086394e-03 3.477621121476604134e-03 3.135926794011080227e-03 4.095278390656102024e-03 2.730050332784858189e-03 3.591420927543650509e-03 1.973758509339654590e-03 4.098418600045722684e-03 9.552458933302428613e-04 8.490021948850169382e-04 1.028706331100496087e-03 1.077254549967114096e-03 2.012545881336655264e-03 4.381971117409517134e-03 4.076107185872299143e-03 6.021932693558813485e-03 5.562650380536750261e-03
1.777600559190754305e-03 2.003207916667792033e-04 1.241819090274858895e-04 1.202207437563790869e-04 1.966136958879889933e-04 2.773182818279002946e-04 4.673110857930592196e-04 4.005587797176681127e-04 4.508259159579173906e-04 3.916569262071337675e-04 2.811195082562848000e-04 2.658433634118455204e-04 3.815899022925528430e-04 2.298471962377388999e-03 1.826682709210520868e-03 8.314272586224187621e-04 1.448012357747596995e-03 1.283379960340432033e-03 6.167141297815493736e-03 4.316505493557136128e-03 2.816152784414644502e-03 2.075471534209735215e-03 1.149793155232716954e-03 6.740645159379572227e-04 1.900025077054154788e-03 1.366936307820800552e-03 2.195145898132791571e-03 1.144650138357028186e-03 6.641807521927450483e-04 1.134049079754654524e-03 9.129049696318981832e-04 1.257047462771224621e-03 1.217204202854538448e-03 2.330220333692682028e-03 4.772013927055737161e-03 3.475896813187213334e-03 4.984271172864555323e-03
9.838196856129940385e-04 2.139131356047446145e-03 6.255627079807192688e-04 7.525713274699529030e-04 7.562135258889089631e-04 8.904860415910872485e-04 6.506202987024037147e-04 7.781578615118025675e-04 2.565492929600083705e-04 2.349746464274812222e-04 1.595389930739002696e-04 2.903068150736735345e-04 2.726999532413495694e-04 3.924076298806180945e-04 5.671237996365516331e-04 8.511049538019306538e-04 8.859830677783830759e-04 1.160835768625086573e-03 2.083398373907026629e-03 1.192058043525843049e-03 6.952950669595032258e-04 3.969732812791582858e-04 2.018170396942446318e-04 2.321492357257759378e-04 7.282350201234612025e-04 7.876541135046757555e-04 1.238875432517830104e-03 7.576219797848850494e-04 1.200213614358637635e-03 9.854516617481168424e-04 7.461586984459631956e-04 7.165827838493981543e-04 1.079494576759295558e-03 1.204504067092625631e-03 1.890071726613153005e-03 4.110194820599664782e-03 2.463466262677558617e-03
1.001452574143053744e-03 1.743323850052168160e-03 2.832621243575309455e-04 2.631339066746574205e-04 1.600337414393676291e-04 1.223450319287148753e-04 1.520868161894097122e-04 1.851058290685241709e-04 6.077724560347030772e-04 6.168304409021700945e-04 9.533595593918346971e-04 7.097498827961961406e-04 9.293553474944884606e-04 6.815962295908951484e-04 8.768982209356153759e-04 6.387036568804817715e-04 9.831409483832488552e-04 8.846402981995036240e-04 1.099185776654422984e-03 1.122553587562754619e-03 1.356104454382878882e-03 9.876786762624775208e-04 1.107093152111154151e-03 7.837308658026443742e-04 5.688496097819634905e-04 2.422247355477193619e-04 5.736108365865602316e-04 1.570472650685964151e-03 8.791778814217362462e-04 1.470859230040617339e-03 1.498220891372052319e-03 1.827942653471605105e-03 1.368739896747659529e-03 1.744387551629111551e-03 4.375052100967644769e-03 4.610285494484368807e-03 3.596848580128144453e-03
1.000000000000000021e-08 1.820487967255261536e-03 2.581994671771888766e-03 2.607029143101147108e-03 1.843193207316202748e-03 1.162293539499715091e-03 6.822819884455741651e-04 6.308082408809511266e-05 1.242166281355188773e-04 2.545694864774520260e-04 3.327635034972328105e-04 4.838582272467683199e-04 3.702180889752719863e-04 5.847804565747191348e-04 5.140900053715261736e-04 1.818255537865919079e-03 9.978460065467324898e-04 6.297145012795091895e-04 4.943359045339599297e-04 4.973263745889743969e-04 1.327815776338239339e-03 4.878004732651021686e-04 5.266408765268331977e-04 7.729876202685703832e-04 4.164296925914471453e-04 9.648445484349013005e-04 3.311586529242470205e-04 7.954637498871566532e-04 5.014092064063801514e-03 1.008372172214625807e-03 1.478463748820382827e-03 6.086206334177024415e-04 1.205365561975043449e-03 5.337207978712826123e-04 3.855894784238601911e-03 6.732611762841348574e-03 2.749247151539283961e-03
1.000000000000000021e-08 1.512312841757326274e-05 2.213081411625711505e-05 1.917327243860579463e-05 3.147787784124816491e-04 3.910155073060087613e-04 5.041327040809488345e-04 3.824299129019034793e-04 3.991556863763264852e-04 2.537011333908498548e-04 2.907436966750459855e-04 2.346349587790965655e-04 3.307932218857681300e-04 2.749961964706067186e-04 1.269745555814672574e-03 1.494699554141879676e-03 1.578303906946538137e-03 2.444381330496714659e-04 9.261498758764082117e-05 1.526948204922256333e-04 1.162417280112919846e-04 1.894721241051681364e-04 2.177276085664153304e-04 4.749732128590953206e-04 3.613284433820580181e-03 3.949078284133132784e-03 5.125385699536658297e-03 3.405281943856195478e-03 2.730673446500488794e-03 3.270666050867029970e-03 1.070160011922806180e-03 1.892201034729823223e-03 6.866455381739505499e-04 9.915642804464075335e-04 1.729608977917834267e-03 4.839564785849334583e-03 4.025783734843431556e-03
3.794756827569130940e-05 1.000000000000000021e-08 1.000000000000000021e-08 1.644914688210314088e-05 1.000000000000000021e-08 1.000000000000000021e-08 3.893590352839447624e-05 7.685680304441312293e-05 3.142580802881628628e-05 6.410449770203973220e-05 4.362031181296281880e-05 4.085472762464098517e-04 2.660119752465104929e-05 2.379371404747938207e-05 9.153470731330442742e-04 1.520938454396664067e-03 1.529220370802136797e-03 5.193082566507996886e-04 3.940018029861609055e-04 1.268938189315559160e-04 2.187967874623995921e-04 1.815970547981767143e-04 2.406916740871504546e-04 8.255704211518594517e-04 6.577953952297110733e-05 1.914767334553651491e-04 1.449857772133628499e-04 7.476485162939421232e-04 5.042355808685548748e-04 9.638219246279881207e-04 8.603288939677932855e-04 1.256982182187615276e-03 5.141680057536787002e-03 2.965153987737592992e-03 5.629563311492185099e-03 1.206514437348023099e-02 3.211289492970708509e-02
1.329447497394918641e-04 1.232871714137095888e-04 1.023287901338302988e-04 1.000000000000000021e-08 1.000000000000000021e-08 1.005197287025973388e-05 1.000000000000000021e-08 1.000000000000000021e-08 1.008648576416699206e-05 1.000000000000000021e-08 2.455878888002099766e-05 1.212619786493512514e-05 3.199321091444215135e-04 1.984630479400058134e-05 7.023222505812510771e-04 1.102666310458866056e-03 1.608412151682304990e-03 2.507722562872516381e-04 2.028733986411155948e-04 5.286821550591019967e-04 4.177056673163418734e-04 5.166912928461582424e-04 1.283143693178169856e-03 8.736042765883908013e-04 5.714264464655748922e-04 3.052186173710363503e-04 2.195363719748934396e-05 2.388577003398166098e-04 5.734951621372384603e-04 4.768862190402767894e-04 5.040825829976042834e-04 1.553073222273986410e-03 1.390210613978086268e-03 1.015789470762550918e-03 7.759553185639158539e-04 6.926872254932369202e-04 6.132878013228545457e-03
2.382287264480640468e-05 8.554244936641247708e-05 1.000000000000000021e-08 1.000000000000000021e-08 5.402227605224149611e-05 4.011569998705297212e-05 1.000000000000000021e-08 1.569059830192850210e-05 1.534058606271930861e-05 1.000000000000000021e-08 1.834474776895306320e-05 2.037502464456325974e-05 5.166370753626747261e-05 5.064497302520932403e-04 6.575519676723489684e-04 1.009511957815266599e-03 2.508837033265931223e-04 3.926777000502035373e-04 4.313089372367045712e-04 1.536418945863139501e-04 3.026933058799144796e-04 2.853076073506676403e-04 5.769412433745585477e-04 1.527771931738993502e-03 1.160461068661005919e-03 8.294758594745916310e-04 6.904640345522398482e-05 2.478092305488389566e-04 2.545022435613204011e-04 1.091734604015403252e-03 1.128057679964342662e-03 2.944226937037771035e-03 2.222447221635819297e-03 3.519940772560519295e-04 2.506989166673304656e-04 2.921519959024582538e-04 6.338714318252163839e-03
1.000000000000000021e-08 1.000000000000000021e-08 1.000000000000000021e-08 1.000000000000000021e-08 1.000000000000000021e-08 1.592042751613245683e-05 1.322634779803435890e-05 1.801952552741136745e-05 1.000000000000000021e-08 1.629990226229043526e-05 1.000000000000000021e-08 1.395009307853173102e-05 5.220878280731306993e-05 2.416600179940544483e-05 6.497012849679268385e-05 2.163798187061470352e-04 1.309384169572592538e-03 3.512697379713349477e-04 5.959363362819469854e-04 9.375201198781727731e-04 3.013137247932266231e-04 2.674016332220613846e-04 2.700507343181024499e-04 1.554129487252102178e-03 3.250584262197048517e-04 3.692673624979994455e-04 2.740032805352327788e-04 3.936378576055681163e-04 8.453778155615539669e-04 8.180719985679073660e-04 1.249393288907150708e-03 1.869837627686207109e-03 1.503815063203440237e-03 5.716807640593028891e-04 4.935839252484688997e-04 3.853828022136807693e-04 7.596673065913534363e-04
1.000000000000000021e-08 1.000000000000000021e-08 1.000000000000000021e-08 1.000000000000000021e-08 1.000000000000000021e-08 1.000000000000000021e-08 2.491457646931529568e-05 4.125156629963801035e-05 3.360325274081424926e-05 4.558170234090611240e-05 2.363637047159259749e-05 1.000000000000000021e-08 1.000000000000000021e-08 1.733891471674168803e-05 2.674554276079111701e-05 3.333787551152060462e-05 8.071537582000153739e-04 4.984476663388552478e-04 6.451850645857752555e-04 7.144699307615109615e-04 3.144462793586514640e-04 1.805843100280579857e-04 1.696595951021696467e-04 4.502649625052831278e-04 7.711298318544088787e-04 5.928918430624048391e-04 9.195590576343639928e-04 6.916406739519172621e-04 2.945772006948441536e-03 1.917608424308184624e-03 1.317722774574734551e-03 1.516784515482451617e-03 1.322725912497032651e-03 2.251229395789334023e-03 2.968195424065928718e-04 2.609991102551324836e-04 2.793543649504294643e-04
1.000000000000000021e-08 1.000000000000000021e-08 1.000000000000000021e-08 1.000000000000000021e-08 1.000000000000000021e-08 1.000000000000000021e-08 3.071897867040171730e-05 1.000000000000000021e-08 3.119704439698675120e-05 4.007999429816875631e-05 6.102423636759814630e-05 1.000000000000000021e-08 1.496651267952309422e-05 1.782794041117109236e-05 7.482282810544517448e-05 3.539341425938354242e-05 9.102016211174422775e-05 9.451349661156870248e-05 1.027754395982165704e-04 1.351892285468142552e-04 3.969801725269497686e-04 4.001404312425093680e-04 4.684552326767976423e-04 1.649990301374354993e-03 2.798251682243783683e-04 3.170010678164140745e-04 4.802312195038620441e-04 1.393855582546390083e-03 1.022261666710723525e-03 1.586095231286650462e-03 1.499986115665219400e-03 3.258779503335108569e-04 5.954759934065648403e-04 6.305087669020871706e-03 8.081375704086398576e-03 2.930564389439803408e-03 3.514524761652428834e-03
1.000000000000000021e-08 1.000000000000000021e-08 1.000000000000000021e-08 1.000000000000000021e-08 1.000000000000000021e-08 1.000000000000000021e-08 1.000000000000000021e-08 1.000000000000000021e-08 3.639666063911156023e-05 6.577877013727916413e-05 9.572450384393087165e-05 5.843709946263703643e-05 3.582179744973789125e-05 2.817331616915539730e-05 6.623021457371846112e-05 6.908073615940200137e-05 4.916066085455212889e-05 4.367684309452478332e-05 1.454499416170150588e-05 1.625855119889934810e-05 2.870539533054275493e-04 4.153358994016161923e-04 6.897197320070309326e-04 1.015693726402934786e-03 1.609124000099340429e-03 1.191165354172503497e-03 1.450837178106094937e-03 2.948560545379944574e-03 2.238656297373060964e-03 1.959749630490965639e-03 4.592894005782658024e-04 3.662319795037377330e-04 4.916569232658727544e-04 1.477301508914526497e-03 6.052705025304364094e-04 1.989924300024412552e-03 1.709599388256958065e-03
1.000000000000000021e-08 1.000000000000000021e-08 1.000000000000000021e-08 1.000000000000000021e-08 1.000000000000000021e-08 1.000000000000000021e-08 1.000000000000000021e-08 1.000000000000000021e-08 6.414229348472358090e-05 8.134684275402616826e-05 1.130102499921306245e-04 1.013444725857041962e-04 8.994206407805407477e-05 8.419508373778053349e-05 9.079117348496636110e-05 1.000000000000000021e-08 4.146561651578424892e-05 2.607341870010046887e-05 3.438149579938693982e-05 1.580451163545030474e-05 2.482267781626637868e-05 1.000000000000000021e-08 1.000000000000000021e-08 1.027435190298290599e-05 2.318846286147013532e-05 9.309367595948239357e-04 1.708798538810906353e-03 2.262554514129808993e-03 2.321257741799668747e-03 3.437612943774402425e-03 2.932660336360370240e-03 2.013774051330912036e-03 1.537351220421731817e-03 1.004206300220966902e-03 8.590677984931817650e-04 1.201559784202290825e-03 8.223138920953663002e-04
1.000000000000000021e-08 1.000000000000000021e-08 1.000000000000000021e-08 1.000000000000000021e-08 1.000000000000000021e-08 1.000000000000000021e-08 1.000000000000000021e-08 1.000000000000000021e-08 1.000000000000000021e-08 1.000000000000000021e-08 1.000000000000000021e-08 1.000000000000000021e-08 1.000000000000000021e-08 4.411630191035952834e-05 4.883018632765364909e-05 1.000000000000000021e-08 1.276258596221794169e-05 3.310168009208839932e-05 2.122316898870717266e-05 3.209843090372475357e-05 1.788127523352683380e-05 1.000000000000000021e-08 1.427650529884662719e-05 1.617485245431578620e-05 1.000000000000000021e-08 5.604644371825171769e-04 5.197649319233053769e-04 1.804435178985817553e-03 3.333174610114843575e-03 2.525104319034518225e-03 3.986010808939862912e-03 3.135720009786287493e-03 7.095770100144650327e-04 3.032019186692897416e-04 5.851000322181936809e-04 9.550341167476345677e-04 7.496225999178911074e-04
