output/water_depth_4200.asc
ncols 223
nrows 158
xllcorner 0.0
yllcorner 0.0
cellsize 30.0
[rows 51 to 67 of 158, columns 37 to 73 of 223]
1.000000100000000021e-05 1.000000100000000021e-05 1.000000100000000021e-05 1.000000100000000021e-05 1.000000100000000021e-05 1.000000100000000021e-05 1.000000100000000021e-05 1.000000100000000021e-05 1.000000100000000021e-05 1.000000100000000021e-05 1.000000100000000021e-05 1.000000100000000021e-05 1.000000100000000021e-05 1.000000100000000021e-05 1.000000100000000021e-05 1.000000100000000021e-05 1.000000100000000021e-05 1.000000100000000021e-05 1.000000100000000021e-05 1.000000100000000021e-05 1.000000100000000021e-05 1.000000100000000021e-05 1.000000100000000021e-05 1.000000100000000021e-05 1.000000100000000021e-05 1.000000100000000021e-05 1.000000100000000021e-05 1.000000100000000021e-05 1.000000100000000021e-05 1.000000100000000021e-05 1.000000100000000021e-05 1.000000100000000021e-05 5.511587635656959119e-05 1.083319130281891896e-04 1.077569392765397147e-04 8.025541762305482758e-05 7.490118394082428944e-05
1.000000100000000021e-05 1.000000100000000021e-05 1.000000100000000021e-05 1.000000100000000021e-05 1.000000100000000021e-05 1.000000100000000021e-05 1.000000100000000021e-05 1.000000100000000021e-05 1.000000100000000021e-05 1.000000100000000021e-05 1.000000100000000021e-05 1.000000100000000021e-05 1.000000100000000021e-05 1.000000100000000021e-05 1.000000100000000021e-05 1.000000100000000021e-05 1.000000100000000021e-05 1.000000100000000021e-05 1.000000100000000021e-05 1.000000100000000021e-05 1.000000100000000021e-05 1.000000100000000021e-05 1.000000100000000021e-05 1.000000100000000021e-05 1.000000100000000021e-05 1.000000100000000021e-05 1.000000100000000021e-05 1.000000100000000021e-05 1.000000100000000021e-05 1.000000100000000021e-05 1.000000100000000021e-05 1.000000100000000021e-05 2.626863907131103082e-05 3.909908380370505029e-05 1.798812407039306722e-04 2.667988471157043545e-04 2.805545388111854314e-05
1.000000100000000021e-05 1.000000100000000021e-05 1.000000100000000021e-05 1.000000100000000021e-05 1.000000100000000021e-05 1.000000100000000021e-05 1.000000100000000021e-05 1.000000100000000021e-05 1.000000100000000021e-05 1.000000100000000021e-05 1.000000100000000021e-05 1.000000100000000021e-05 1.000000100000000021e-05 1.000000100000000021e-05 1.000000100000000021e-05 1.000000100000000021e-05 1.000000100000000021e-05 1.000000100000000021e-05 1.000000100000000021e-05 1.000000100000000021e-05 1.000000100000000021e-05 1.000000100000000021e-05 1.000000100000000021e-05 1.000000100000000021e-05 1.000000100000000021e-05 1.000000100000000021e-05 1.000000100000000021e-05 1.000000100000000021e-05 1.000000100000000021e-05 1.000000100000000021e-05 1.000000100000000021e-05 1.000000100000000021e-05 1.542371146791624275e-05 1.842810688813379161e-05 2.799216055829844668e-05 8.170328315679358552e-05 1.141256913920832023e-04
1.000000100000000021e-05 1.000000100000000021e-05 1.000000100000000021e-05 1.000000100000000021e-05 1.000000100000000021e-05 1.000000100000000021e-05 1.000000100000000021e-05 1.000000100000000021e-05 1.000000100000000021e-05 1.000000100000000021e-05 1.000000100000000021e-05 1.000000100000000021e-05 1.000000100000000021e-05 1.000000100000000021e-05 1.000000100000000021e-05 1.000000100000000021e-05 1.000000100000000021e-05 1.000000100000000021e-05 1.000000100000000021e-05 1.000000100000000021e-05 1.000000100000000021e-05 1.000000100000000021e-05 1.000000100000000021e-05 1.000000100000000021e-05 1.000000100000000021e-05 1.000000100000000021e-05 1.000000100000000021e-05 1.000000100000000021e-05 1.000000100000000021e-05 1.000000100000000021e-05 1.000000100000000021e-05 1.302543933089548831e-05 1.208451242214102298e-05 1.737620055630197791e-05 1.693258686441274146e-05 1.570871946777643152e-05 4.631716620362206317e-05
1.000000100000000021e-05 1.000000100000000021e-05 1.000000100000000021e-05 1.000000100000000021e-05 1.000000100000000021e-05 1.000000100000000021e-05 1.000000100000000021e-05 1.000000100000000021e-05 1.000000100000000021e-05 1.000000100000000021e-05 1.000000100000000021e-05 1.000000100000000021e-05 1.000000100000000021e-05 1.000000100000000021e-05 1.000000100000000021e-05 1.000000100000000021e-05 1.000000100000000021e-05 1.000000100000000021e-05 1.000000100000000021e-05 1.000000100000000021e-05 1.000000100000000021e-05 1.000000100000000021e-05 1.000000100000000021e-05 1.000000100000000021e-05 1.000000100000000021e-05 1.000000100000000021e-05 1.000000100000000021e-05 1.000000100000000021e-05 1.000000100000000021e-05 1.000000100000000021e-05 2.472746172539333750e-05 3.297193058423702203e-05 4.215062729703599245e-05 4.981723033836777179e-05 5.468165034947497760e-05 5.102950033132236840e-05 4.445921558682812961e-05
1.000000100000000021e-05 1.000000100000000021e-05 1.000000100000000021e-05 1.000000100000000021e-05 1.000000100000000021e-05 1.000000100000000021e-05 1.000000100000000021e-05 1.000000100000000021e-05 1.000000100000000021e-05 1.000000100000000021e-05 1.000000100000000021e-05 1.000000100000000021e-05 1.000000100000000021e-05 1.000000100000000021e-05 1.000000100000000021e-05 1.000000100000000021e-05 1.000000100000000021e-05 1.000000100000000021e-05 1.000000100000000021e-05 1.000000100000000021e-05 1.000000100000000021e-05 1.000000100000000021e-05 1.000000100000000021e-05 1.000000100000000021e-05 1.000000100000000021e-05 1.000000100000000021e-05 1.000000100000000021e-05 1.000000100000000021e-05 1.000000100000000021e-05 2.365461846296999240e-05 3.140981875463356667e-05 8.246471162720556982e-05 9.085957959962863244e-05 8.735652361911748834e-05 1.000000000000000021e-08 1.000000000000000021e-08 1.000000000000000021e-08
1.000000100000000021e-05 1.000000100000000021e-05 1.000000100000000021e-05 1.000000100000000021e-05 1.000000100000000021e-05 1.000000100000000021e-05 1.000000100000000021e-05 1.000000100000000021e-05 1.000000100000000021e-05 1.000000100000000021e-05 1.000000100000000021e-05 1.000000100000000021e-05 1.000000100000000021e-05 1.000000100000000021e-05 1.000000100000000021e-05 1.000000100000000021e-05 1.000000100000000021e-05 1.000000100000000021e-05 1.000000100000000021e-05 1.000000100000000021e-05 1.000000100000000021e-05 1.000000100000000021e-05 1.000000100000000021e-05 1.000000100000000021e-05 1.000000100000000021e-05 1.000000100000000021e-05 1.000000100000000021e-05 1.000000100000000021e-05 1.036119559701155355e-05 1.646792655186100283e-05 1.000000000000000021e-08 4.240724765087878329e-05 1.139639895122909324e-04 1.236123157996881525e-04 1.000000000000000021e-08 1.000000000000000021e-08 1.000000000000000021e-08
1.000000100000000021e-05 1.000000100000000021e-05 1.000000100000000021e-05 1.000000100000000021e-05 1.000000100000000021e-05 1.000000100000000021e-05 1.000000100000000021e-05 1.000000100000000021e-05 1.000000100000000021e-05 1.000000100000000021e-05 1.000000100000000021e-05 1.000000100000000021e-05 1.000000100000000021e-05 1.000000100000000021e-05 1.000000100000000021e-05 1.000000100000000021e-05 1.000000100000000021e-05 1.000000100000000021e-05 1.000000100000000021e-05 1.000000100000000021e-05 1.000000100000000021e-05 1.000000100000000021e-05 1.000000100000000021e-05 1.000000100000000021e-05 1.000000100000000021e-05 1.000000100000000021e-05 3.151723325557996135e-05 1.007120649508165628e-05 1.874623663534716089e-05 2.441205203403741755e-05 4.942804219946280478e-05 8.200703568935339863e-05 7.443817088924791013e-05 1.082808564908480967e-05 1.000000000000000021e-08 5.849095209079416117e-05 1.000000000000000021e-08
1.000000100000000021e-05 1.000000100000000021e-05 1.000000100000000021e-05 1.000000100000000021e-05 1.000000100000000021e-05 1.000000100000000021e-05 1.000000100000000021e-05 1.000000100000000021e-05 1.000000100000000021e-05 1.000000100000000021e-05 1.000000100000000021e-05 1.000000100000000021e-05 1.000000100000000021e-05 1.000000100000000021e-05 1.000000100000000021e-05 1.000000100000000021e-05 1.000000100000000021e-05 1.000000100000000021e-05 1.000000100000000021e-05 1.000000100000000021e-05 1.000000100000000021e-05 1.000000100000000021e-05 1.000000100000000021e-05 8.756566007789091173e-05 1.868477095677824489e-05 1.000000000000000021e-08 3.547647958537902254e-05 3.888308277772419637e-05 4.291674048132335995e-05 5.124193458639215559e-05 4.121217054841553001e-05 3.967427198637289059e-05 7.841930330298821654e-05 8.675829152596187070e-05 1.668734913310586561e-04 2.867168168723529197e-04 2.240530749622900012e-04
1.000000100000000021e-05 1.000000100000000021e-05 1.000000100000000021e-05 1.000000100000000021e-05 1.000000100000000021e-05 1.000000100000000021e-05 1.000000100000000021e-05 1.000000100000000021e-05 1.000000100000000021e-05 1.000000100000000021e-05 1.000000100000000021e-05 3.335873529956937542e-05 6.361054306363434071e-05 1.118738229323786449e-04 1.971076690126851707e-04 7.945009926942738551e-04 1.139545008534048956e-03 4.861745635491070139e-02 4.711625808781459701e-02 1.000000100000000021e-05 1.000000100000000021e-05 1.000000100000000021e-05 1.159786151760570099e-05 1.121080413574034821e-04 5.133412835419603272e-05 2.064002467633054095e-05 4.786440745022948161e-05 6.700910030592584590e-05 7.219789800837827045e-05 6.660728315105419279e-05 1.000000000000000021e-08 1.000000000000000021e-08 4.787358967865930272e-05 1.000904600652396199e-04 9.000204051814380895e-05 1.109097372469223158e-04 3.300896577625415267e-04
1.000000100000000021e-05 1.000000100000000021e-05 1.000000100000000021e-05 1.000000100000000021e-05 1.000000100000000021e-05 1.000000100000000021e-05 1.000000100000000021e-05 1.000000100000000021e-05 1.000000100000000021e-05 1.000000100000000021e-05 1.055599637234347207e-05 1.219011658875103871e-05 1.358372291830140861e-05 3.485465886815307884e-05 4.605403461733533480e-05 7.326751779597653197e-04 3.615656155975135013e-04 1.886837515628058196e-03 4.400023825403538008e-02 4.022584173459500811e-02 3.099358907306402205e-02 3.489689009279850138e-03 2.117179960638626655e-03 3.824984455732447462e-03 3.224537649675484827e-03 3.016419721028640536e-05 1.000000000000000021e-08 1.000000000000000021e-08 1.000000000000000021e-08 1.000000000000000021e-08 1.000000000000000021e-08 1.191817226658993946e-05 3.949925820673485865e-05 1.000000000000000021e-08 1.000000000000000021e-08 1.000000000000000021e-08 1.759625844445316772e-05
2.271957038946436041e-04 1.697402366199704548e-04 1.455158582782026646e-04 1.060788857182472228e-04 9.625083740725030835e-05 7.583584326490764422e-05 5.794874160541668571e-05 5.547548662258026432e-05 4.835089204450133190e-05 4.170950590368459587e-05 4.154033258315638718e-05 4.344622415068272609e-05 4.891218207864097130e-05 4.035953970122962758e-05 3.126165384662202783e-04 1.145996412251922524e-03 3.225401117143712184e-04 3.846173042786133400e-04 1.263596035224582876e-04 4.142345635657470465e-02 1.000000000000000021e-08 2.200056062391669669e-03 1.927929798808676858e-03 4.129820033720494471e-03 5.430529695278831816e-03 7.595130088192336097e-04 5.388767456340325807e-05 2.918144019019707370e-04 1.967766266825437095e-04 1.550230245102642164e-04 1.813112229220520139e-03 3.135390630996803037e-03 2.652703731328833608e-03 1.761185873720477442e-03 1.321296971783512183e-03 9.597262541015326139e-04 7.079642378624061497e-04
1.960022741631646894e-04 4.233333404951370436e-04 5.045808424013424999e-04 7.285316614293930624e-04 7.951556012929700311e-04 9.413483413812825636e-04 1.064822868657590944e-03 1.192177510542230014e-03 1.396879842978264842e-03 1.024093719180829698e-03 1.133530725292928795e-03 1.245909264411962933e-03 1.647921167698153866e-03 1.989597258077547681e-03 2.219791445224823627e-03 1.829220916229223892e-03 1.465449535806364082e-03 3.710340978145568679e-04 2.464094873193704767e-05 1.000000000000000021e-08 1.767588986678915848e-05 2.536781971712205163e-03 2.435309104742021131e-03 8.197863096547896092e-03 1.170243697493102662e-02 1.162520566475178617e-02 1.210986981839940087e-02 1.262662426732427852e-02 1.347591430415400089e-02 1.335855810850102368e-02 9.753431021854049726e-03 1.299448190842011734e-02 8.231484655551575547e-03 5.439840360189516708e-03 1.557834786298906322e-03 1.218429164054084810e-03 4.530638681786490138e-03
1.087729309912331970e-04 1.000000000000000021e-08 7.899121050077011110e-05 1.441703135510984124e-04 1.315528288369959746e-04 1.255487646145030448e-04 1.000000000000000021e-08 1.000000000000000021e-08 1.397238105560279845e-05 8.475079764039841973e-04 9.644811426994532710e-04 1.085320708092496825e-03 8.536149732675826730e-04 6.150458018475944439e-04 4.587563777523903457e-04 3.425378148000821315e-04 8.720428381258936218e-04 7.670739159944070127e-04 4.999746041647250787e-05 4.703396925543895256e-05 5.391491755829922350e-05 7.025829220141908429e-05 1.738919794999883807e-04 1.122548347953675706e-04 2.012067855330181471e-05 5.285126022741947339e-05 6.982249028324218347e-05 1.024112586928804585e-03 3.178632804710745360e-05 4.541603750764199168e-05 4.983508882313715895e-05 5.470988078085794402e-05 3.033942524107146113e-03 4.224729946166979819e-03 5.243884766764831187e-03 7.836433120434031091e-03 5.599490425376920689e-03
1.334209726888789657e-04 1.348580180994487403e-04 1.396064116147072078e-04 1.000000000000000021e-08 1.000000000000000021e-08 1.000000000000000021e-08 1.000000000000000021e-08 1.000000000000000021e-08 1.000000000000000021e-08 1.000000000000000021e-08 1.000000000000000021e-08 1.000000000000000021e-08 1.000000000000000021e-08 1.000000000000000021e-08 4.647611414628924977e-05 9.062701222540067584e-05 5.048169999567453901e-03 4.990272832725152312e-03 1.000000000000000021e-08 1.000000000000000021e-08 1.000000000000000021e-08 2.165397399126547611e-05 2.120213459858736943e-04 3.249507581554558528e-04 5.652657392369342154e-05 4.273843254310560446e-05 1.709674561652347951e-04 4.136947043275738167e-05 4.007523431685559645e-05 3.998076770561113192e-05 3.679488783271541396e-05 4.334376072726940762e-05 2.489048859583952410e-03 4.866419224554254831e-03 3.423460542048936683e-03 2.241183705251703281e-03 1.704503362221986571e-03
1.054392052022835554e-04 9.947043096849946171e-05 9.666509196598351797e-05 1.000000000000000021e-08 1.000000000000000021e-08 1.000000000000000021e-08 1.000000000000000021e-08 1.000000000000000021e-08 1.000000000000000021e-08 1.000000000000000021e-08 2.707008012357891761e-05 6.303156059882871094e-05 1.000000000000000021e-08 9.934415107423813756e-05 1.000000000000000021e-08 1.000000000000000021e-08 2.279915448452121934e-04 5.327385950871383198e-05 5.591313056788542690e-05 4.490168712047028601e-05 3.805987169867787630e-05 1.927612452258926044e-04 2.408190279758141831e-04 3.892735999741270053e-04 4.884987447445958653e-05 8.088452495071371041e-05 7.131199148275430520e-05 6.098645010150521595e-05 1.000000000000000021e-08 1.569223964768789219e-05 1.000000000000000021e-08 6.574798506061900417e-05 8.781855099170629965e-05 1.219752927815834253e-04 1.268957622343111480e-04 1.122752930123442920e-04 1.000000000000000021e-08
8.886679112286215241e-05 7.958464772998767697e-05 7.303194178946608773e-05 1.000000000000000021e-08 1.000000000000000021e-08 3.982590206478714434e-05 6.209410206170197727e-05 1.000000000000000021e-08 2.110129292841702361e-05 1.000000000000000021e-08 1.000000000000000021e-08 5.391203483088693516e-05 1.041131436402155370e-04 1.134707316007454894e-04 1.000000000000000021e-08 1.000000000000000021e-08 1.000000000000000021e-08 4.858980346799193252e-05 3.056594892107174769e-05 1.000000000000000021e-08 1.495208132599778562e-05 3.041869983414302136e-05 1.459140160815481746e-04 4.239652516657949175e-04 8.497156131881834079e-05 6.900103266610738031e-05 1.000000000000000021e-08 6.542473067775799280e-05 1.000000000000000021e-08 1.058911604698265134e-05 4.252722586710847182e-05 5.438117727297907869e-05 5.350295391263092321e-05 5.864503796405644390e-05 5.871744000218076835e-05 6.044123431369756064e-05 9.556357768950248281e-05
