output/water_depth_9000.asc
ncols 223
nrows 158
xllcorner 0.0
yllcorner 0.0
cellsize 30.0
[rows 17 to 33 of 158, columns 111 to 147 of 223]
1.000000000000000021e-08 1.000000000000000021e-08 1.000000000000000021e-08 1.000000000000000021e-08 1.000000000000000021e-08 2.390899303779917237e-05 1.799305466268165719e-05 2.047460942071831051e-05 2.446382409311239400e-05 2.358174364819944983e-05 1.000000000000000021e-08 1.000000000000000021e-08 1.000000000000000021e-08 1.985920279822969388e-05 1.246382378646961761e-05 1.000000000000000021e-08 5.734088876229177220e-05 1.315948224189613703e-04 1.941271151776545977e-04 2.727893964564628263e-04 3.923444058817963627e-04 4.031230938548771266e-04 5.763595787371558028e-05 5.141771321153864818e-05 5.612741845755349302e-05 6.343480917355939124e-05 1.330639799984029972e-03 6.495414112545349478e-03 5.314808279944187482e-03 4.161214427888331558e-05 1.100329264057050099e-05 1.000000000000000021e-08 1.000000000000000021e-08 1.000000000000000021e-08 1.000000000000000021e-08 1.000000000000000021e-08 1.000000000000000021e-08
1.304827785541873487e-05 1.000000000000000021e-08 1.000000000000000021e-08 1.000000000000000021e-08 1.000000000000000021e-08 1.015725585666644308e-05 1.922300057489557151e-05 2.358682754490031304e-05 1.000000000000000021e-08 2.038660905479105825e-05 1.582975068942085657e-05 1.000000000000000021e-08 1.000000000000000021e-08 2.116595795557444539e-05 2.130425865868397747e-05 2.149670507930546618e-05 5.428658263403830699e-05 2.785246608163852188e-04 3.721107107099031332e-04 1.041801434593700622e-03 1.364705847622674217e-03 9.937982569724878104e-03 1.923862946466221076e-03 1.972913738963411913e-03 1.996288592342636888e-03 2.065928554395583990e-03 2.941315245804530451e-02 7.421774833095792778e-03 2.347093071802991537e-05 1.000000000000000021e-08 1.000000000000000021e-08 1.000000000000000021e-08 1.000000000000000021e-08 1.000000000000000021e-08 1.000000000000000021e-08 1.000000000000000021e-08 1.000000000000000021e-08
1.870364306835066223e-05 1.000000000000000021e-08 1.000000000000000021e-08 1.000000000000000021e-08 1.000000000000000021e-08 1.193993504659008137e-05 1.000000000000000021e-08 1.000000000000000021e-08 1.000000000000000021e-08 2.417157295800324954e-05 2.013280065194573314e-05 1.615506328325821167e-05 1.813691960740482375e-05 2.998211544200661655e-05 3.293798870108526316e-05 6.953306836649593599e-04 9.330267875834629592e-04 1.212455807099266413e-03 1.518459666866154743e-03 7.874285532553173834e-04 4.735435348488290603e-05 6.084902276043724524e-05 4.973553154021441512e-05 3.511674653574084584e-05 3.650412294424311226e-05 2.001242834526751875e-04 8.901214978731818855e-03 6.073901844457674671e-05 1.000000000000000021e-08 1.000000000000000021e-08 1.000000000000000021e-08 1.000000000000000021e-08 1.000000000000000021e-08 1.000000000000000021e-08 1.000000000000000021e-08 1.000000000000000021e-08 1.000000000000000021e-08
1.627947533371684307e-05 1.318938995270802495e-05 1.157856262283628296e-05 1.091687603980672312e-05 1.150488999480045596e-05 1.494742718913156166e-05 2.214693190271415269e-04 2.804145436128121973e-04 3.202559621206877284e-04 6.464261250639331347e-04 7.382551571429142936e-04 8.513482905609248566e-04 1.016261374538203477e-03 1.066727046707819423e-03 1.108018155699540611e-03 9.238145614557506137e-04 5.715294598775172614e-05 4.445269538424081128e-05 1.000000000000000021e-08 1.000000000000000021e-08 1.000000000000000021e-08 1.000000000000000021e-08 1.000000000000000021e-08 1.000000000000000021e-08 2.247777662752745693e-05 2.013276904245745868e-04 3.854159730674707601e-02 1.769149889772298631e-05 1.000000000000000021e-08 1.000000000000000021e-08 1.000000000000000021e-08 1.000000000000000021e-08 1.000000000000000021e-08 1.000000000000000021e-08 1.000000000000000021e-08 1.000000000000000021e-08 1.000000000000000021e-08
7.530944201509103973e-05 9.284411248366120052e-05 7.800724385195758844e-05 6.559996778952745201e-05 8.803762952236485759e-05 2.759855922233037302e-04 2.550872189757966211e-04 3.867296714106914653e-04 5.594220793964646207e-04 4.568438156683999728e-04 3.843794828660443636e-04 2.278491760296051378e-04 1.434793141175341887e-04 8.669761201527544060e-05 6.099847275118073950e-05 7.483140194153511135e-05 1.000000000000000021e-08 1.000000000000000021e-08 2.799107230170347333e-05 5.124477186889437469e-05 4.139607093225789185e-05 3.524324583227761779e-05 2.970382086686975735e-05 2.772213727465787820e-05 1.593231183750692335e-05 3.405843541581540741e-05 3.012542283871398954e-02 1.000000000000000021e-08 1.000000000000000021e-08 1.000000000000000021e-08 1.000000000000000021e-08 1.000000000000000021e-08 1.000000000000000021e-08 1.000000000000000021e-08 1.000000000000000021e-08 1.000000000000000021e-08 1.000000000000000021e-08
6.179353176656968464e-05 4.803833004765275145e-05 6.455291420136276563e-05 1.729303088198010975e-04 2.837030718443313239e-04 2.348245797927910484e-04 1.000000000000000021e-08 1.000000000000000021e-08 1.000000000000000021e-08 1.420264621279112676e-05 1.472788722196748545e-05 1.348413129026868224e-05 1.517573389782594168e-05 1.000000000000000021e-08 1.000000000000000021e-08 1.000000000000000021e-08 1.000000000000000021e-08 1.000000000000000021e-08 1.000000000000000021e-08 1.945239696926650600e-05 1.000000000000000021e-08 2.804902470512956599e-05 6.448518166161704059e-05 1.000000000000000021e-08 1.000000000000000021e-08 2.790445942685106760e-05 8.907717401599927684e-03 1.000000000000000021e-08 1.000000000000000021e-08 1.000000000000000021e-08 1.000000000000000021e-08 1.000000000000000021e-08 1.000000000000000021e-08 1.000000000000000021e-08 1.000000000000000021e-08 1.000000000000000021e-08 1.000000000000000021e-08
6.565405817025607937e-05 1.083753497329944279e-04 1.319190925914904731e-04 1.261921107964522951e-04 1.601756343460984395e-04 1.740020699957133324e-04 1.367540081281279167e-04 1.572586014035718988e-05 2.072456490397685432e-05 1.000000000000000021e-08 1.000000000000000021e-08 1.000000000000000021e-08 1.000000000000000021e-08 1.000000000000000021e-08 1.000000000000000021e-08 1.000000000000000021e-08 1.000000000000000021e-08 1.000000000000000021e-08 1.000000000000000021e-08 1.000000000000000021e-08 1.000000000000000021e-08 1.000000000000000021e-08 8.358811343986607544e-05 9.388743115877052866e-05 7.304626187104008926e-05 6.809207588255063431e-05 9.028571474821002821e-03 1.000000000000000021e-08 1.000000000000000021e-08 1.000000000000000021e-08 1.000000000000000021e-08 1.000000000000000021e-08 1.000000000000000021e-08 1.000000000000000021e-08 1.000000000000000021e-08 1.000000000000000021e-08 1.000000000000000021e-08
1.000000000000000021e-08 1.783305587190442377e-05 3.552138651011024778e-05 3.935755073529507877e-05 6.715288346738083262e-05 1.662118210924373263e-04 9.136983786383359686e-05 2.969897503198257465e-04 2.353366773828180548e-05 1.000000000000000021e-08 1.000000000000000021e-08 1.000000000000000021e-08 1.012113909875657461e-05 1.000000000000000021e-08 1.000000000000000021e-08 1.000000000000000021e-08 1.337484876134365270e-05 1.235129518028935630e-05 1.000000000000000021e-08 1.292571476092557232e-05 4.784045337812371562e-05 6.096346206264611909e-05 4.147149837156081990e-05 1.000000000000000021e-08 8.329919230466056152e-05 9.359408284674590104e-05 9.153460124134767117e-03 1.000000000000000021e-08 1.000000000000000021e-08 1.000000000000000021e-08 1.000000000000000021e-08 1.000000000000000021e-08 1.000000000000000021e-08 1.000000000000000021e-08 1.000000000000000021e-08 1.000000000000000021e-08 1.000000000000000021e-08
1.000000000000000021e-08 2.536092667581752320e-05 1.000000000000000021e-08 4.040957763734409722e-05 4.974254386888903783e-05 5.358404914893425845e-05 1.503921876437242303e-03 4.026375957077339154e-04 1.000000000000000021e-08 1.000000000000000021e-08 1.000000000000000021e-08 1.000000000000000021e-08 1.000000000000000021e-08 1.039388342601570266e-05 2.413241547547818132e-05 1.690486801349209696e-05 1.881415734674531304e-05 2.561372729917069419e-05 4.110173311205832892e-05 5.569770028249298283e-05 5.359152537739761521e-05 4.331272692792859915e-05 1.000000000000000021e-08 1.000000000000000021e-08 2.693254702593649981e-05 1.291670223266761983e-04 3.278638814464335943e-02 1.000000000000000021e-08 1.000000000000000021e-08 1.000000000000000021e-08 1.000000000000000021e-08 1.000000000000000021e-08 1.000000000000000021e-08 1.000000000000000021e-08 1.000000000000000021e-08 1.000000000000000021e-08 1.000000000000000021e-08
2.930851851592201673e-05 3.357743194782567301e-05 4.319542190248149997e-05 4.823337467851690816e-05 5.180420454932473779e-05 4.043693994530040304e-05 3.486951606524683872e-05 2.022698190203865102e-03 2.170646263514864721e-05 1.000000000000000021e-08 1.000000000000000021e-08 1.000000000000000021e-08 1.000000000000000021e-08 1.000000000000000021e-08 1.508340816073710102e-05 1.000000000000000021e-08 1.000000000000000021e-08 1.000000000000000021e-08 1.202505955893308166e-05 2.599283105491134114e-05 2.054409795832858436e-05 1.000000000000000021e-08 1.114369006840723703e-05 2.161981279498366245e-05 1.822118990876636275e-05 1.869625700728894712e-05 8.856331687038808062e-03 6.319332322754974210e-03 5.730574754829747749e-03 2.630836545679456309e-05 1.000000000000000021e-08 1.000000000000000021e-08 1.000000000000000021e-08 1.000000000000000021e-08 1.000000000000000021e-08 1.000000000000000021e-08 1.000000000000000021e-08
2.343688868057404570e-05 2.692792570682770874e-05 2.715628672395617457e-05 2.642175703828169884e-05 3.086915726213754224e-05 1.000000000000000021e-08 1.000000000000000021e-08 1.000000000000000021e-08 1.000000000000000021e-08 1.000000000000000021e-08 1.000000000000000021e-08 1.000000000000000021e-08 1.203303652273655100e-05 1.407685433604776187e-05 1.859091218208256421e-05 1.292214797444584519e-05 1.259844676510847323e-05 1.000000000000000021e-08 1.000000000000000021e-08 1.000000000000000021e-08 1.000000000000000021e-08 1.000000000000000021e-08 1.000000000000000021e-08 1.000000000000000021e-08 1.000000000000000021e-08 1.000000000000000021e-08 1.470930401739616250e-03 1.564293840746098412e-03 4.799425602123992551e-03 4.975806005937662840e-03 1.288294978799634729e-05 1.000000000000000021e-08 1.000000000000000021e-08 1.000000000000000021e-08 1.000000000000000021e-08 1.000000000000000021e-08 1.000000000000000021e-08
2.910083828369380233e-05 1.863331196812248030e-05 1.306727638942249498e-05 1.000000000000000021e-08 1.000000000000000021e-08 1.000000000000000021e-08 1.000000000000000021e-08 1.000000000000000021e-08 1.000000000000000021e-08 1.429097459122610687e-05 3.314433741880754811e-05 4.876635697560576644e-05 4.222698429309557539e-05 5.671592454248480829e-05 5.616855250092540343e-05 9.780446239754588564e-05 6.623144207193496326e-05 9.657507762392137231e-05 6.519954123675805876e-05 5.845986568729322300e-05 5.476114913127481341e-05 4.103270356755120001e-05 3.621877855559592645e-05 2.603047799379717506e-05 1.000000000000000021e-08 1.000000000000000021e-08 1.753187615028173915e-04 5.357383266557588786e-04 3.924211959769970462e-03 6.790664392238002570e-03 1.321396131760728052e-03 1.000000000000000021e-08 1.000000000000000021e-08 1.000000000000000021e-08 1.000000000000000021e-08 1.000000000000000021e-08 1.000000000000000021e-08
2.690417767220154826e-05 3.163690469508779248e-05 2.577506427012375503e-05 2.403352943998617771e-05 2.372139711292470260e-05 2.178571507392122413e-05 1.723532755455944808e-05 1.756320329613297054e-05 1.867742887323260638e-05 2.214247084008086821e-05 1.131970178684702335e-05 1.082214537515351886e-05 2.755019655768011768e-05 3.343081868158450997e-05 6.860608717579971436e-05 8.868156553435659528e-05 1.053096503405115094e-04 1.183368095785064061e-04 1.234140900940628740e-04 9.843307585291652905e-05 8.490266161396807379e-05 9.268990207526740918e-05 7.626456828128194969e-05 7.098592781631551561e-05 5.508640303147620157e-05 4.927151027644137741e-05 1.359680049075672283e-04 5.303014581174393324e-04 7.935903295030028413e-04 5.512585636612222541e-03 5.306486726312564794e-03 3.088059627099595301e-05 1.000000000000000021e-08 1.000000000000000021e-08 1.000000000000000021e-08 1.000000000000000021e-08 1.000000000000000021e-08
2.186901799145749594e-05 3.056331136461911779e-05 1.000000000000000021e-08 2.109214338332771998e-05 2.815784673334816528e-05 1.000000000000000021e-08 2.013984185417125170e-05 1.000000000000000021e-08 1.783875061262828096e-05 1.785685306213829620e-05 1.591256844780593270e-05 1.738468648512524713e-05 2.842802518663842913e-05 1.000000000000000021e-08 1.000000000000000021e-08 1.000000000000000021e-08 1.000000000000000021e-08 1.000000000000000021e-08 6.855061004183928182e-05 8.938524009114507047e-05 9.000414764798998584e-05 8.675499395904743649e-05 9.248687373096597735e-05 7.925848100077952259e-05 8.774664283231166980e-05 7.947949823990604098e-05 1.000000000000000021e-08 1.604127067734919675e-04 6.712911691761007209e-04 1.251429208316918269e-03 7.641207417251386774e-03 3.836227333351596675e-05 1.000000000000000021e-08 1.000000000000000021e-08 1.000000000000000021e-08 1.000000000000000021e-08 1.000000000000000021e-08
1.000000000000000021e-08 2.429823113841675611e-05 2.526979847771124526e-05 1.000000000000000021e-08 2.221698492279315339e-05 1.874192258381379743e-05 2.576542416868598260e-05 1.742647196255143335e-05 1.000000000000000021e-08 1.000000000000000021e-08 1.000000000000000021e-08 2.580225053803839283e-05 3.395169413155916426e-05 1.000000000000000021e-08 1.000000000000000021e-08 1.000000000000000021e-08 1.000000000000000021e-08 1.000000000000000021e-08 3.382277216100483666e-05 1.000000000000000021e-08 6.094671209500851093e-05 8.164432552950904903e-05 9.098345409903797352e-05 9.645845298817827583e-05 9.322541019734107630e-05 1.333236579077843470e-04 9.363009620528678887e-05 1.371101805200273865e-04 2.443436038663710256e-04 1.040049100665535291e-03 2.017691303220094275e-03 2.643939890360503739e-03 1.264712458754694690e-05 1.000000000000000021e-08 1.000000000000000021e-08 1.000000000000000021e-08 1.000000000000000021e-08
1.000000000000000021e-08 1.000000000000000021e-08 3.503625718165454797e-05 5.295668352241810818e-05 1.000000000000000021e-08 1.000000000000000021e-08 2.164657864291320296e-05 2.888462538331231866e-05 2.489208067540029122e-05 2.349440236591106599e-05 1.000000000000000021e-08 2.738985793567099038e-05 1.000000000000000021e-08 1.000000000000000021e-08 1.000000000000000021e-08 1.000000000000000021e-08 1.000000000000000021e-08 1.000000000000000021e-08 1.000000000000000021e-08 1.000000000000000021e-08 1.000000000000000021e-08 1.000000000000000021e-08 6.119551120169994815e-05 1.000000000000000021e-08 1.000000000000000021e-08 1.000000000000000021e-08 1.000000000000000021e-08 4.141659146148314109e-05 2.389532022668948571e-04 3.866867631626459971e-04 1.676679199228014224e-03 7.528832105727535293e-03 3.834391720892551175e-05 1.000000000000000021e-08 1.000000000000000021e-08 1.000000000000000021e-08 1.000000000000000021e-08
1.000000000000000021e-08 1.000000000000000021e-08 1.000000000000000021e-08 1.098642225952153928e-05 1.944246007506379503e-05 2.270260742062458551e-05 3.698397127151471477e-05 5.340399982079138160e-05 5.147209354756263836e-05 5.461131740841959864e-05 1.000000000000000021e-08 1.000000000000000021e-08 1.000000000000000021e-08 1.000000000000000021e-08 1.000000000000000021e-08 1.000000000000000021e-08 1.000000000000000021e-08 1.000000000000000021e-08 1.000000000000000021e-08 1.000000000000000021e-08 1.000000000000000021e-08 1.000000000000000021e-08 1.000000000000000021e-08 1.000000000000000021e-08 1.000000000000000021e-08 1.000000000000000021e-08 1.000000000000000021e-08 3.465274018701995911e-05 2.050015113281055735e-04 3.317201465640876642e-04 1.330976935566297601e-03 5.514273069888370356e-03 4.869119695534101545e-03 1.380548801776058926e-05 1.000000000000000021e-08 1.000000000000000021e-08 1.000000000000000021e-08
