output/water_depth_9240.asc
ncols 223
nrows 158
xllcorner 0.0
yllcorner 0.0
cellsize 30.0
[rows 17 to 33 of 158, columns 111 to 147 of 223]
1.000000000000000021e-08 1.000000000000000021e-08 1.000000000000000021e-08 1.000000000000000021e-08 1.000000000000000021e-08 2.245979928652030422e-05 1.717361959942763881e-05 1.912728401188394192e-05 2.320290347693234242e-05 2.229295190530178447e-05 1.000000000000000021e-08 1.000000000000000021e-08 1.000000000000000021e-08 1.852988861958286342e-05 1.182725790053514313e-05 1.000000000000000021e-08 5.534276647157521393e-05 1.250608654920839786e-04 1.846238190130770006e-04 2.612676747614646163e-04 3.817351395299421963e-04 3.945286480149316462e-04 5.672383219287007442e-05 4.937839782339914225e-05 5.280380167210598007e-05 6.038343729285244931e-05 1.249805727097473042e-03 6.216159125540960187e-03 5.109910632332629460e-03 3.889165477245057123e-05 1.044777083035636922e-05 1.000000000000000021e-08 1.000000000000000021e-08 1.000000000000000021e-08 1.000000000000000021e-08 1.000000000000000021e-08 1.000000000000000021e-08
1.237671657545996780e-05 1.000000000000000021e-08 1.000000000000000021e-08 1.000000000000000021e-08 1.000000000000000021e-08 1.000000000000000021e-08 1.785681698455499257e-05 2.250455536182584932e-05 1.000000000000000021e-08 1.941311858355472767e-05 1.503357727290042405e-05 1.000000000000000021e-08 1.000000000000000021e-08 1.980606916041864003e-05 2.008716513409599221e-05 2.034512814830846851e-05 5.176822166862855135e-05 2.663361867546418542e-04 3.518063235738712823e-04 9.923311761170900379e-04 1.293341625023015050e-03 9.640095324789483069e-03 1.849132683242113136e-03 1.897628760849925109e-03 1.909995967088849592e-03 1.984874579522275407e-03 2.843990202812648332e-02 7.127930158567420682e-03 2.192155628201110875e-05 1.000000000000000021e-08 1.000000000000000021e-08 1.000000000000000021e-08 1.000000000000000021e-08 1.000000000000000021e-08 1.000000000000000021e-08 1.000000000000000021e-08 1.000000000000000021e-08
1.793126184825537053e-05 1.000000000000000021e-08 1.000000000000000021e-08 1.000000000000000021e-08 1.000000000000000021e-08 1.075520800768027322e-05 1.000000000000000021e-08 1.000000000000000021e-08 1.000000000000000021e-08 2.301039555916524474e-05 1.916985571771401598e-05 1.545107063413323167e-05 1.708954532729778229e-05 2.801308693028626003e-05 3.120727427670985221e-05 6.690101257306650760e-04 9.039768159553348940e-04 1.160740650558088035e-03 1.465146019376155698e-03 7.493782638742721306e-04 6.016070531080008681e-05 4.664390934732575876e-05 4.689038678770096852e-05 3.272082220014277951e-05 3.410502063496958304e-05 1.885188627025403052e-04 8.545557444195212363e-03 5.670780633084899819e-05 1.000000000000000021e-08 1.000000000000000021e-08 1.000000000000000021e-08 1.000000000000000021e-08 1.000000000000000021e-08 1.000000000000000021e-08 1.000000000000000021e-08 1.000000000000000021e-08 1.000000000000000021e-08
1.555129507746946156e-05 1.275539898759964312e-05 1.125007704428436275e-05 1.066264749523684419e-05 1.085904497595914359e-05 1.445596675807798809e-05 1.978008122380690772e-04 2.570509734122833280e-04 2.984554891690136057e-04 5.863048082417198111e-04 6.886934489337613553e-04 8.019426123265293660e-04 9.724446368839714935e-04 1.026449617178552213e-03 1.068625223035247519e-03 8.952250920490323859e-04 4.339955749634580914e-05 5.498516757508488775e-05 1.000000000000000021e-08 1.000000000000000021e-08 1.000000000000000021e-08 1.000000000000000021e-08 1.000000000000000021e-08 1.000000000000000021e-08 2.111166620682795295e-05 1.892294245510842436e-04 3.732819032294938666e-02 1.663424098782754319e-05 1.000000000000000021e-08 1.000000000000000021e-08 1.000000000000000021e-08 1.000000000000000021e-08 1.000000000000000021e-08 1.000000000000000021e-08 1.000000000000000021e-08 1.000000000000000021e-08 1.000000000000000021e-08
7.383458584692351580e-05 8.936735102394908429e-05 7.477448264981643436e-05 6.189655288922996871e-05 8.315609404963047102e-05 2.597540094201264698e-04 2.239689579501612877e-04 3.275939684300882841e-04 4.723109419629526622e-04 3.902588224055310350e-04 3.333003751371705920e-04 2.120008817879661886e-04 1.342754745116412133e-04 8.324334858313616760e-05 5.799743639518931327e-05 7.149124602827896407e-05 1.000000000000000021e-08 1.000000000000000021e-08 2.623967739004515621e-05 4.804388175651553428e-05 3.885599620266828348e-05 3.284925754906696299e-05 2.784914950648467364e-05 2.578150482947209893e-05 1.499325845972868324e-05 3.143587129627837829e-05 2.915551644752865587e-02 1.000000000000000021e-08 1.000000000000000021e-08 1.000000000000000021e-08 1.000000000000000021e-08 1.000000000000000021e-08 1.000000000000000021e-08 1.000000000000000021e-08 1.000000000000000021e-08 1.000000000000000021e-08 1.000000000000000021e-08
5.984093808956874233e-05 4.625652219219983971e-05 6.132005610687683741e-05 1.650513067248101176e-04 2.652985937853521796e-04 2.209295453511791985e-04 1.000000000000000021e-08 1.000000000000000021e-08 1.000000000000000021e-08 1.329077905839365425e-05 1.311196916788914960e-05 1.252617641660961768e-05 1.393870174039098788e-05 1.000000000000000021e-08 1.000000000000000021e-08 1.000000000000000021e-08 1.000000000000000021e-08 1.000000000000000021e-08 1.000000000000000021e-08 1.818293594597240341e-05 1.000000000000000021e-08 2.638133804926938401e-05 6.041104424012695771e-05 1.000000000000000021e-08 1.000000000000000021e-08 2.608636702415815338e-05 8.509959549467274731e-03 1.000000000000000021e-08 1.000000000000000021e-08 1.000000000000000021e-08 1.000000000000000021e-08 1.000000000000000021e-08 1.000000000000000021e-08 1.000000000000000021e-08 1.000000000000000021e-08 1.000000000000000021e-08 1.000000000000000021e-08
6.945889867044971315e-05 1.073984824194234368e-04 1.282238806242809708e-04 1.195818915592500575e-04 1.507884407839512838e-04 1.643162845811197001e-04 1.281613875242536347e-04 1.960226689485048874e-05 1.604228948273159875e-05 1.000000000000000021e-08 1.000000000000000021e-08 1.000000000000000021e-08 1.000000000000000021e-08 1.000000000000000021e-08 1.000000000000000021e-08 1.000000000000000021e-08 1.000000000000000021e-08 1.000000000000000021e-08 1.000000000000000021e-08 1.000000000000000021e-08 1.000000000000000021e-08 1.000000000000000021e-08 7.958763147620418106e-05 8.897403651217695455e-05 6.958885301425954070e-05 6.367291938778402638e-05 8.623598475171112207e-03 1.000000000000000021e-08 1.000000000000000021e-08 1.000000000000000021e-08 1.000000000000000021e-08 1.000000000000000021e-08 1.000000000000000021e-08 1.000000000000000021e-08 1.000000000000000021e-08 1.000000000000000021e-08 1.000000000000000021e-08
1.000000000000000021e-08 1.707592330143630497e-05 3.326884707878771582e-05 3.671246666846950297e-05 6.225567381967535556e-05 1.566197280079086084e-04 8.742797330657056817e-05 2.846182700237302006e-04 2.239704946681057718e-05 1.000000000000000021e-08 1.000000000000000021e-08 1.000000000000000021e-08 1.000000000000000021e-08 1.000000000000000021e-08 1.000000000000000021e-08 1.000000000000000021e-08 1.273035346807158306e-05 1.184153313006557533e-05 1.000000000000000021e-08 1.215778232904125267e-05 4.588065538937797578e-05 5.821557692159758942e-05 3.946078847667889113e-05 1.000000000000000021e-08 7.881161633951032754e-05 8.888429415029305619e-05 8.740412306761891417e-03 1.000000000000000021e-08 1.000000000000000021e-08 1.000000000000000021e-08 1.000000000000000021e-08 1.000000000000000021e-08 1.000000000000000021e-08 1.000000000000000021e-08 1.000000000000000021e-08 1.000000000000000021e-08 1.000000000000000021e-08
1.000000000000000021e-08 2.441246790513284821e-05 1.000000000000000021e-08 3.733414639588566737e-05 4.651751124205068949e-05 4.964150079956102874e-05 1.453644326620450768e-03 3.875629882908286639e-04 1.000000000000000021e-08 1.000000000000000021e-08 1.000000000000000021e-08 1.000000000000000021e-08 1.000000000000000021e-08 1.000000000000000021e-08 2.302745177397037411e-05 1.604884684471075601e-05 1.789066996588393126e-05 2.436332901113873431e-05 3.900911295669577379e-05 5.291958666243901880e-05 5.116819841276674155e-05 4.100908315060119790e-05 1.000000000000000021e-08 1.000000000000000021e-08 2.540822634082419052e-05 1.217130870750961620e-04 3.167541579983348260e-02 1.000000000000000021e-08 1.000000000000000021e-08 1.000000000000000021e-08 1.000000000000000021e-08 1.000000000000000021e-08 1.000000000000000021e-08 1.000000000000000021e-08 1.000000000000000021e-08 1.000000000000000021e-08 1.000000000000000021e-08
2.854623270931127394e-05 3.260276311992690683e-05 4.041107627919804911e-05 4.515557150391485465e-05 4.785067145105628602e-05 3.778621467940058602e-05 3.234981081342509280e-05 1.966439542759327013e-03 2.089758142876352694e-05 1.000000000000000021e-08 1.000000000000000021e-08 1.000000000000000021e-08 1.000000000000000021e-08 1.000000000000000021e-08 1.405455110637468880e-05 1.000000000000000021e-08 1.000000000000000021e-08 1.000000000000000021e-08 1.097587216434720860e-05 2.465798801475161807e-05 1.890252110208128167e-05 1.000000000000000021e-08 1.051902105380813002e-05 2.039535231756329738e-05 1.721825816072223769e-05 1.754948898764813038e-05 8.476840386294972815e-03 6.113659039485104009e-03 5.461501203063853609e-03 2.497877531605895377e-05 1.000000000000000021e-08 1.000000000000000021e-08 1.000000000000000021e-08 1.000000000000000021e-08 1.000000000000000021e-08 1.000000000000000021e-08 1.000000000000000021e-08
2.233468089656833873e-05 2.538770465910111213e-05 2.562635529205823013e-05 2.433993260921098967e-05 2.869283918399332772e-05 1.000000000000000021e-08 1.000000000000000021e-08 1.000000000000000021e-08 1.000000000000000021e-08 1.000000000000000021e-08 1.000000000000000021e-08 1.000000000000000021e-08 1.096609580147663162e-05 1.309472692519533799e-05 1.767595848951162942e-05 1.224537660624917904e-05 1.197641316767267230e-05 1.000000000000000021e-08 1.000000000000000021e-08 1.000000000000000021e-08 1.000000000000000021e-08 1.000000000000000021e-08 1.000000000000000021e-08 1.000000000000000021e-08 1.000000000000000021e-08 1.000000000000000021e-08 1.384445677320598252e-03 1.191772411446185512e-03 4.745241864608340521e-03 4.746272334869131720e-03 1.161074668375606384e-05 1.000000000000000021e-08 1.000000000000000021e-08 1.000000000000000021e-08 1.000000000000000021e-08 1.000000000000000021e-08 1.000000000000000021e-08
2.700591566349314494e-05 1.737654637547864114e-05 1.226023090190651681e-05 1.000000000000000021e-08 1.000000000000000021e-08 1.000000000000000021e-08 1.000000000000000021e-08 1.000000000000000021e-08 1.000000000000000021e-08 1.309198554366835637e-05 3.126190351874117915e-05 4.618063741664028474e-05 3.971721486335190920e-05 5.403569424595321976e-05 5.336996346833921195e-05 9.347436963499431806e-05 6.316478951768142317e-05 9.237838169826452332e-05 6.254469561716092174e-05 5.565127996600156683e-05 5.230457447414188071e-05 3.901160390692424735e-05 3.467139531788181682e-05 2.476682283674735667e-05 1.000000000000000021e-08 1.000000000000000021e-08 1.288212665485147517e-04 8.549658403424718889e-04 3.647085535027182277e-03 6.493737992193008603e-03 1.238616319799360930e-03 1.000000000000000021e-08 1.000000000000000021e-08 1.000000000000000021e-08 1.000000000000000021e-08 1.000000000000000021e-08 1.000000000000000021e-08
2.569612894203566737e-05 2.984726538448209080e-05 2.452361097009485489e-05 2.244302488375915820e-05 2.229306260579249995e-05 2.036306103960410446e-05 1.621535766813949359e-05 1.631270399285820932e-05 1.723058072309080309e-05 2.112217907088837204e-05 1.080739970409569847e-05 1.027227075836081815e-05 2.651949231485727169e-05 3.194684628519556268e-05 6.582759173388673521e-05 8.453268294817756689e-05 1.009945288968634822e-04 1.130163616430077258e-04 1.173900606469013863e-04 9.429072651759331223e-05 8.024338127691848198e-05 8.835474714738870473e-05 7.237465767948791852e-05 6.785232394698777875e-05 5.250163715761438664e-05 4.693867413015998251e-05 1.604211029421795214e-04 3.062718372896968810e-04 1.025069755694735718e-03 5.113235733088626958e-03 5.096414825606894114e-03 2.917966817392019793e-05 1.000000000000000021e-08 1.000000000000000021e-08 1.000000000000000021e-08 1.000000000000000021e-08 1.000000000000000021e-08
2.032381447351256463e-05 2.896443671469106456e-05 1.000000000000000021e-08 1.998657040438333831e-05 2.652735102405103852e-05 1.000000000000000021e-08 1.912798242306202817e-05 1.000000000000000021e-08 1.694777377840863509e-05 1.703533526894615932e-05 1.512096271816337171e-05 1.656096892310589643e-05 2.696168632320403348e-05 1.000000000000000021e-08 1.000000000000000021e-08 1.000000000000000021e-08 1.000000000000000021e-08 1.000000000000000021e-08 6.547168958402979503e-05 8.475802069499787056e-05 8.643737229219187925e-05 8.259476162160184773e-05 8.879056676538817018e-05 7.487821219830829240e-05 8.326711845749735206e-05 7.634966974371442338e-05 1.000000000000000021e-08 2.558704020570998000e-04 3.911065079456328805e-04 1.603798875049442223e-03 7.105363652169974231e-03 3.501505565581815267e-05 1.000000000000000021e-08 1.000000000000000021e-08 1.000000000000000021e-08 1.000000000000000021e-08 1.000000000000000021e-08
1.000000000000000021e-08 2.294004984909468774e-05 2.396307866444908401e-05 1.000000000000000021e-08 2.122581382152633037e-05 1.807471934130499761e-05 2.487941311237590168e-05 1.719461700349294653e-05 1.000000000000000021e-08 1.000000000000000021e-08 1.000000000000000021e-08 2.454048278919524116e-05 3.232771307964507255e-05 1.000000000000000021e-08 1.000000000000000021e-08 1.000000000000000021e-08 1.000000000000000021e-08 1.000000000000000021e-08 3.236594816807497832e-05 1.000000000000000021e-08 5.803418855853389942e-05 7.847880506353068148e-05 8.651438349311996927e-05 9.201417705475402689e-05 8.907032029407915450e-05 1.295124939262251183e-04 9.411964504181477315e-05 7.969721459901750395e-05 3.909643142918932304e-04 6.083433167459174852e-04 2.556263097777811914e-03 2.050140668311265478e-03 1.153709743777023920e-05 1.000000000000000021e-08 1.000000000000000021e-08 1.000000000000000021e-08 1.000000000000000021e-08
1.000000000000000021e-08 1.000000000000000021e-08 3.312948212283717129e-05 5.016761545975327320e-05 1.000000000000000021e-08 1.000000000000000021e-08 2.092772777036788686e-05 2.770322348378103373e-05 2.373918648507074384e-05 2.199211701523855528e-05 1.000000000000000021e-08 2.610768257110308933e-05 1.000000000000000021e-08 1.000000000000000021e-08 1.000000000000000021e-08 1.000000000000000021e-08 1.000000000000000021e-08 1.000000000000000021e-08 1.000000000000000021e-08 1.000000000000000021e-08 1.000000000000000021e-08 1.000000000000000021e-08 5.874239068289034352e-05 1.000000000000000021e-08 1.000000000000000021e-08 1.000000000000000021e-08 1.000000000000000021e-08 6.607148364805957440e-05 1.378828428368539174e-04 6.203390415338407363e-04 9.862561370119267857e-04 7.569979036128817937e-03 3.582226529105348551e-05 1.000000000000000021e-08 1.000000000000000021e-08 1.000000000000000021e-08 1.000000000000000021e-08
1.000000000000000021e-08 1.000000000000000021e-08 1.000000000000000021e-08 1.034872559405118027e-05 1.855825010164192560e-05 2.206137352140533512e-05 3.611987476868426490e-05 5.187424716933540552e-05 4.935552141415407900e-05 5.210224375302310667e-05 1.000000000000000021e-08 1.000000000000000021e-08 1.000000000000000021e-08 1.000000000000000021e-08 1.000000000000000021e-08 1.000000000000000021e-08 1.000000000000000021e-08 1.000000000000000021e-08 1.000000000000000021e-08 1.000000000000000021e-08 1.000000000000000021e-08 1.000000000000000021e-08 1.000000000000000021e-08 1.000000000000000021e-08 1.000000000000000021e-08 1.000000000000000021e-08 1.000000000000000021e-08 1.992655267357760669e-05 2.480746659660524700e-04 1.929088270183259093e-04 1.648568766598383075e-03 5.178254123365758771e-03 4.648297726684164251e-03 1.349341518660037365e-05 1.000000000000000021e-08 1.000000000000000021e-08 1.000000000000000021e-08
