output/water_depth_9000.asc
ncols 223
nrows 158
xllcorner 0.0
yllcorner 0.0
cellsize 30.0
[rows 136 to 152 of 158, columns 185 to 221 of 223]
1.274120724492013072e-05 5.634110253422473064e-05 2.285042777919717508e-03 7.914661751420136726e-01 1.813477711679643556e-01 1.189875763747404100e-05 6.448562506448869735e-05 1.061900928583478401e-04 2.037670599660863118e-04 3.162122256035268140e-04 6.211390120532055917e-04 9.089708016782787128e-04 3.689078608387069821e-04 1.201373978687176865e-04 6.836883691222203966e-05 5.334101982780601936e-05 4.049557616204737073e-05 2.936820461787305084e-05 1.991151206203523974e-05 1.000000000000000021e-08 1.000000000000000021e-08 1.000000000000000021e-08 1.000000000000000021e-08 1.000000000000000021e-08 1.000000100000000021e-05 1.000000100000000021e-05 1.000000100000000021e-05 1.000000100000000021e-05 1.000000100000000021e-05 1.000000100000000021e-05 1.000000100000000021e-05 1.000000100000000021e-05 1.000000100000000021e-05 1.000000100000000021e-05 1.000000100000000021e-05 1.000000100000000021e-05 1.000000100000000021e-05
3.612081825475649971e-05 3.259891177447845023e-05 1.957115665525632699e-04 7.642989380717668535e-01 7.594985562365500487e-01 7.117345173050800833e-01 9.113838608582159467e-03 4.271820234109769370e-05 4.401210209864782580e-05 5.320974712363361512e-05 6.912026289305735552e-04 9.161360043339561660e-04 2.922861503872152132e-04 1.357971802362691410e-05 1.000000000000000021e-08 1.000000000000000021e-08 1.000000000000000021e-08 1.000000000000000021e-08 1.000000000000000021e-08 1.000000000000000021e-08 1.000000000000000021e-08 2.420934817479414259e-05 1.573778814208495982e-05 1.000000000000000021e-08 1.000000000000000021e-08 1.000000100000000021e-05 1.000000100000000021e-05 1.000000100000000021e-05 1.000000100000000021e-05 1.000000100000000021e-05 1.000000100000000021e-05 1.000000100000000021e-05 1.000000100000000021e-05 1.000000100000000021e-05 1.000000100000000021e-05 1.000000100000000021e-05 1.000000100000000021e-05
1.000000000000000021e-08 1.000000000000000021e-08 1.000000000000000021e-08 5.463140650043989133e-03 1.246835075222035676e-02 6.400552028443982078e-01 5.861856562002437654e-01 5.133580800452611781e-01 1.356225609717262755e-03 1.441750192010435002e-04 6.229007379105228493e-04 4.452424850404165400e-05 3.335652217691062888e-05 1.110426193457042239e-05 1.582630125288617633e-05 1.390415120910801887e-05 1.000000000000000021e-08 1.000000000000000021e-08 1.000000000000000021e-08 1.000000000000000021e-08 1.000000000000000021e-08 1.000000000000000021e-08 1.000000000000000021e-08 1.000000000000000021e-08 1.000000000000000021e-08 1.000000100000000021e-05 1.000000100000000021e-05 1.000000100000000021e-05 1.000000100000000021e-05 1.000000100000000021e-05 1.000000100000000021e-05 1.000000100000000021e-05 1.000000100000000021e-05 1.000000100000000021e-05 1.000000100000000021e-05 1.000000100000000021e-05 1.000000100000000021e-05
8.111502270783155807e-05 1.153637251853352979e-04 1.000000000000000021e-08 2.831766151538964298e-05 1.000000000000000021e-08 3.313399957468063026e-03 2.457109662842184641e-03 3.176499476699135571e-01 2.139972922446082837e-01 2.813171145701951967e-03 5.606151836960479275e-05 5.521177210294718729e-05 1.000000000000000021e-08 1.000000000000000021e-08 2.310989778009810887e-05 1.000000000000000021e-08 1.000000000000000021e-08 1.000000000000000021e-08 1.000000000000000021e-08 2.164276456268570504e-05 2.176979025192904419e-05 2.186616018653426451e-05 1.237275599826297005e-05 1.000000000000000021e-08 1.000000000000000021e-08 1.000000100000000021e-05 1.000000100000000021e-05 1.000000100000000021e-05 1.000000100000000021e-05 1.000000100000000021e-05 1.000000100000000021e-05 1.000000100000000021e-05 1.000000100000000021e-05 1.000000100000000021e-05 1.000000100000000021e-05 1.000000100000000021e-05 1.000000100000000021e-05
5.427387788410068041e-05 2.623704379552313967e-05 2.534829118883974238e-05 2.323759093181343910e-05 1.790808871518818229e-05 2.406575717433571634e-05 1.000000000000000021e-08 1.611968995769107460e-01 3.893292114198875775e-01 5.673130606667179353e-03 3.954826358748621566e-04 5.769993184291203481e-05 1.289800460629401529e-05 1.000000000000000021e-08 1.000000000000000021e-08 1.000000000000000021e-08 1.043516703093930416e-05 1.433453762361729171e-05 1.449043227039383025e-05 1.525055407080069747e-05 1.958198742411611636e-05 1.078502786032841662e-05 1.000000000000000021e-08 1.000000000000000021e-08 1.000000000000000021e-08 1.000000100000000021e-05 1.000000100000000021e-05 1.000000100000000021e-05 1.000000100000000021e-05 1.000000100000000021e-05 1.000000100000000021e-05 1.000000100000000021e-05 1.000000100000000021e-05 1.000000100000000021e-05 1.000000100000000021e-05 1.000000100000000021e-05 1.000000100000000021e-05
2.418103917767043575e-04 1.738330439538935312e-04 1.531285082396990124e-04 5.319046377834056594e-03 6.992969307154435921e-04 3.707373268983023707e-04 3.748096342396315940e-05 8.596934206212325513e-02 4.829036904814958953e-01 1.421663401488177650e-03 2.142579549586149030e-04 1.000000000000000021e-08 1.000000000000000021e-08 1.000000000000000021e-08 1.000000000000000021e-08 2.288895581966045835e-05 2.592828039167886908e-05 2.544010324279689735e-05 1.922181456916791342e-05 1.209668488070190227e-05 1.000000000000000021e-08 1.000000000000000021e-08 1.000000000000000021e-08 1.000000000000000021e-08 1.000000100000000021e-05 1.000000100000000021e-05 1.000000100000000021e-05 1.000000100000000021e-05 1.000000100000000021e-05 1.000000100000000021e-05 1.000000100000000021e-05 1.000000100000000021e-05 1.000000100000000021e-05 1.000000100000000021e-05 1.000000100000000021e-05 1.000000100000000021e-05 1.000000100000000021e-05
5.279401609412580050e-04 6.139214312102530711e-04 7.572337433577882530e-04 5.618604472090956738e-04 9.035558124152112810e-04 1.004891908864757703e-03 1.057837573072038448e-03 7.971272024251652155e-02 5.633848116851265520e-01 1.340116682824234358e-03 1.211667753202405839e-04 1.000000000000000021e-08 1.000000000000000021e-08 1.854394701019445048e-05 2.482840670902064202e-05 3.159937705951354942e-05 2.328031478969555876e-05 1.222806921089459955e-05 1.000000000000000021e-08 2.572499707658726590e-05 1.000000000000000021e-08 1.000000000000000021e-08 1.000000000000000021e-08 1.000000000000000021e-08 1.000000100000000021e-05 1.000000100000000021e-05 1.000000100000000021e-05 1.000000100000000021e-05 1.000000100000000021e-05 1.000000100000000021e-05 1.000000100000000021e-05 1.000000100000000021e-05 1.000000100000000021e-05 1.000000100000000021e-05 1.000000100000000021e-05 1.000000100000000021e-05 1.000000100000000021e-05
5.385604695552867905e-05 7.229657516511573052e-05 4.557482340360842011e-05 4.879878457627070769e-05 3.562323285517274643e-05 7.152732235005346425e-05 1.569903079967189489e-04 3.188407255930406081e-02 3.341152883630325032e-01 2.295081806649245104e-01 3.119007283908093679e-03 2.046006453595026402e-05 1.415490700863902940e-05 1.414497623532060660e-05 1.000000000000000021e-08 1.000000000000000021e-08 1.000000000000000021e-08 1.000000000000000021e-08 1.000000000000000021e-08 1.000000000000000021e-08 1.000000000000000021e-08 1.000000000000000021e-08 1.000000000000000021e-08 1.000000000000000021e-08 1.000000100000000021e-05 1.000000100000000021e-05 1.000000100000000021e-05 1.000000100000000021e-05 1.000000100000000021e-05 1.000000100000000021e-05 1.000000100000000021e-05 1.000000100000000021e-05 1.000000100000000021e-05 1.000000100000000021e-05 1.000000100000000021e-05 1.000000100000000021e-05 1.000000100000000021e-05
4.797842115874139979e-05 3.833535605964526010e-05 4.140235767126133372e-03 1.000000000000000021e-08 1.478212350163963853e-05 8.203345170375295268e-05 6.759186839493827137e-05 4.800785975331070803e-04 2.046928218535805644e-01 5.833945894003256250e-01 3.862984044031814515e-03 4.892434493041054953e-05 2.594350460647938577e-05 1.000000000000000021e-08 1.000000000000000021e-08 1.000000000000000021e-08 1.000000000000000021e-08 1.000000000000000021e-08 1.000000000000000021e-08 1.000000000000000021e-08 1.000000000000000021e-08 1.000000000000000021e-08 1.000000000000000021e-08 1.000000000000000021e-08 1.000000100000000021e-05 1.000000100000000021e-05 1.000000100000000021e-05 1.000000100000000021e-05 1.000000100000000021e-05 1.000000100000000021e-05 1.000000100000000021e-05 1.000000100000000021e-05 1.000000100000000021e-05 1.000000100000000021e-05 1.000000100000000021e-05 1.000000100000000021e-05 1.000000100000000021e-05
5.944449421147838397e-05 6.604221785990546537e-05 2.948683570399665121e-03 3.314838953486058410e-04 2.583240808333034182e-04 1.569749817077936618e-04 1.223683215492191135e-04 9.671455238576157174e-05 9.264174407577477344e-02 5.465131939118210713e-01 3.072049247703920183e-03 1.000000000000000021e-08 1.000000000000000021e-08 1.000000000000000021e-08 1.000000000000000021e-08 1.000000000000000021e-08 1.000000000000000021e-08 1.000000000000000021e-08 1.000000000000000021e-08 1.000000000000000021e-08 1.000000000000000021e-08 1.000000000000000021e-08 1.000000000000000021e-08 1.000000100000000021e-05 1.000000100000000021e-05 1.000000100000000021e-05 1.000000100000000021e-05 1.000000100000000021e-05 1.000000100000000021e-05 1.000000100000000021e-05 1.000000100000000021e-05 1.000000100000000021e-05 1.000000100000000021e-05 1.000000100000000021e-05 1.000000100000000021e-05 1.000000100000000021e-05 1.000000100000000021e-05
3.669632731740477710e-05 9.391346552103210278e-05 5.416177644273260060e-04 5.300965979389874252e-03 1.000000000000000021e-08 7.718696281092093166e-05 1.096149761588140979e-04 1.825359719030486549e-03 2.930257855447720994e-01 3.649691038326227099e-01 2.129070188651273256e-03 1.000000000000000021e-08 1.000000000000000021e-08 1.000000000000000021e-08 1.000000000000000021e-08 1.000000000000000021e-08 1.000000000000000021e-08 1.000000000000000021e-08 1.000000000000000021e-08 1.000000000000000021e-08 1.000000000000000021e-08 1.000000000000000021e-08 1.000000000000000021e-08 1.000000100000000021e-05 1.000000100000000021e-05 1.000000100000000021e-05 1.000000100000000021e-05 1.000000100000000021e-05 1.000000100000000021e-05 1.000000100000000021e-05 1.000000100000000021e-05 1.000000100000000021e-05 1.000000100000000021e-05 1.000000100000000021e-05 1.000000100000000021e-05 1.000000100000000021e-05 1.000000100000000021e-05
1.100182342805056630e-05 9.471354245283243503e-05 2.639943335598692129e-04 1.052872561418643398e-03 5.896092659281991109e-04 6.430783714932058245e-04 9.222292616420969813e-04 2.575563061730455280e-03 8.833208945318612448e-01 8.697372275399617436e-01 8.725558934444580528e-01 1.573563223817432298e-03 1.000000000000000021e-08 1.000000000000000021e-08 1.000000000000000021e-08 1.000000000000000021e-08 1.000000000000000021e-08 1.000000000000000021e-08 1.000000000000000021e-08 1.000000000000000021e-08 1.000000000000000021e-08 1.000000000000000021e-08 1.000000000000000021e-08 1.000000000000000021e-08 1.000000100000000021e-05 1.000000100000000021e-05 1.000000100000000021e-05 1.000000100000000021e-05 1.000000100000000021e-05 1.000000100000000021e-05 1.000000100000000021e-05 1.000000100000000021e-05 1.000000100000000021e-05 1.000000100000000021e-05 1.000000100000000021e-05 1.000000100000000021e-05 1.000000100000000021e-05
9.827265135212169057e-05 8.737507467395671146e-05 8.521230043342337503e-05 2.190327275644222559e-04 5.052524016774308799e-04 6.043725113592601046e-04 4.216647281874017958e-04 3.361948898559515659e-04 8.819482856860872966e-01 8.646469938534842026e-01 8.712286439773787583e-01 1.845322521578705161e-02 1.000000000000000021e-08 1.000000000000000021e-08 1.000000000000000021e-08 1.000000000000000021e-08 1.000000000000000021e-08 1.000000000000000021e-08 1.000000000000000021e-08 1.000000000000000021e-08 1.000000000000000021e-08 1.000000000000000021e-08 1.000000000000000021e-08 1.000000000000000021e-08 1.000000100000000021e-05 1.000000100000000021e-05 1.000000100000000021e-05 1.000000100000000021e-05 1.000000100000000021e-05 1.000000100000000021e-05 1.000000100000000021e-05 1.000000100000000021e-05 1.000000100000000021e-05 1.000000100000000021e-05 1.000000100000000021e-05 1.000000100000000021e-05 1.000000100000000021e-05
1.000000000000000021e-08 1.000000000000000021e-08 1.000000000000000021e-08 3.171855514449817797e-05 3.424773485270421274e-04 2.152032740668735991e-04 1.641477897424549297e-04 1.234230724601831451e-04 4.237507877042226423e-02 8.489901552228084070e-01 8.630820548645549151e-01 1.000000000000000021e-08 1.000000000000000021e-08 1.000000000000000021e-08 1.000000000000000021e-08 1.000000000000000021e-08 1.000000000000000021e-08 1.000000000000000021e-08 1.000000000000000021e-08 1.000000000000000021e-08 1.000000000000000021e-08 1.000000000000000021e-08 1.000000000000000021e-08 1.000000000000000021e-08 1.000000100000000021e-05 1.000000100000000021e-05 1.000000100000000021e-05 1.000000100000000021e-05 1.000000100000000021e-05 1.000000100000000021e-05 1.000000100000000021e-05 1.000000100000000021e-05 1.000000100000000021e-05 1.000000100000000021e-05 1.000000100000000021e-05 1.000000100000000021e-05 1.000000100000000021e-05
1.000000000000000021e-08 1.000000000000000021e-08 5.317284136401147974e-05 3.046337128535447133e-03 3.542200695868324241e-04 1.000000000000000021e-08 1.000000000000000021e-08 1.000000000000000021e-08 4.331795142688742379e-04 8.173824839023656752e-01 5.037229329892379745e-03 1.267393629475321382e-03 7.964998834325774093e-04 1.000000000000000021e-08 1.000000000000000021e-08 1.000000000000000021e-08 1.000000000000000021e-08 1.000000000000000021e-08 1.000000000000000021e-08 1.000000000000000021e-08 1.000000000000000021e-08 1.000000000000000021e-08 1.000000000000000021e-08 1.000000000000000021e-08 1.000000100000000021e-05 1.000000100000000021e-05 1.000000100000000021e-05 1.000000100000000021e-05 1.000000100000000021e-05 1.000000100000000021e-05 1.000000100000000021e-05 1.000000100000000021e-05 1.000000100000000021e-05 1.000000100000000021e-05 1.000000100000000021e-05 1.000000100000000021e-05 1.000000100000000021e-05
1.530000879385813424e-05 1.000000000000000021e-08 2.174127839080260889e-05 2.792039790256072371e-05 3.411159402108451089e-05 1.000000000000000021e-08 1.000000000000000021e-08 1.000000000000000021e-08 1.000000000000000021e-08 5.171192091122946977e-01 4.325107781453462197e-01 2.183031582377196189e-01 2.221763445514088053e-01 1.000000000000000021e-08 1.000000000000000021e-08 1.000000000000000021e-08 1.000000000000000021e-08 1.000000000000000021e-08 1.000000000000000021e-08 1.000000000000000021e-08 1.000000000000000021e-08 1.000000000000000021e-08 1.000000000000000021e-08 1.000000000000000021e-08 1.000000000000000021e-08 1.000000100000000021e-05 1.000000100000000021e-05 1.000000100000000021e-05 1.000000100000000021e-05 1.000000100000000021e-05 1.000000100000000021e-05 1.000000100000000021e-05 1.000000100000000021e-05 1.000000100000000021e-05 1.000000100000000021e-05 1.000000100000000021e-05 1.000000100000000021e-05
3.448325146790659891e-05 3.502408663708708720e-05 2.169487377842898828e-05 1.480414759765056538e-05 1.537480126806984432e-05 1.405907964674027531e-05 1.000000000000000021e-08 2.472496771648002574e-04 4.602270514650030897e-01 4.947414844474856133e-01 4.262830500720026783e-01 6.548276221780523487e-01 5.271603713620365284e-01 4.638238434622288797e-01 1.230741994050172728e-03 1.000000000000000021e-08 1.000000000000000021e-08 1.000000000000000021e-08 1.000000000000000021e-08 1.000000000000000021e-08 1.000000000000000021e-08 1.000000000000000021e-08 1.000000000000000021e-08 1.000000000000000021e-08 1.000000000000000021e-08 1.000000100000000021e-05 1.000000100000000021e-05 1.000000100000000021e-05 1.000000100000000021e-05 1.000000100000000021e-05 1.000000100000000021e-05 1.000000100000000021e-05 1.000000100000000021e-05 1.000000100000000021e-05 1.000000100000000021e-05 1.000000100000000021e-05 1.000000100000000021e-05
