output/water_depth_360.asc
ncols 223
nrows 158
xllcorner 0.0
yllcorner 0.0
cellsize 30.0
[rows 119 to 135 of 158, columns 74 to 110 of 223]
7.029712364470364939e-03 7.029712364470364939e-03 7.029712364470364939e-03 7.045640741995052789e-03 7.013831986892805209e-03 7.029632364406901424e-03 7.029680364444979360e-03 7.029696364548621533e-03 7.029680364490454268e-03 7.029680364490454268e-03 7.029680364581404085e-03 7.029680364490454268e-03 7.029680364490454268e-03 7.013799986958370314e-03 9.223601406476131942e-03 1.459728663035719277e-02 7.676096165557630413e-03 7.079081669104092533e-03 6.789399222867254814e-03 8.771631904457654824e-03 5.475556618275402576e-03 6.825905825104096325e-03 7.013799986958370314e-03 7.029696364457671716e-03 7.249447281315847362e-03 6.841834202765207165e-03 6.997903609322642451e-03 6.825857825111492430e-03 6.997903609322642451e-03 7.029664364477761045e-03 7.029712364470364939e-03 7.029712364470364939e-03 7.029712364470364939e-03 7.029712364470364939e-03 9.239525077018988578e-03 1.164038448837880803e-02 1.193020643696025493e-02
7.029712364470364939e-03 7.029712364470364939e-03 7.029712364470364939e-03 7.249447281406797179e-03 6.841834202765207165e-03 6.965914276002771986e-03 6.997579031081735575e-03 7.013605697698844892e-03 6.997675031066940762e-03 6.997627031028863694e-03 6.997627031028864561e-03 6.997627031119812643e-03 6.997627031074338602e-03 6.825685789050007363e-03 6.757878325111855121e-03 6.965751908006389756e-03 8.968177755653771246e-03 1.160796615131938145e-02 1.194625908756814618e-02 9.658512782531283869e-03 5.296318919541131119e-03 6.794231008330721064e-03 7.013751986920292378e-03 7.029696364457671716e-03 7.045640742040526830e-03 7.013831986938280985e-03 7.029664364477761045e-03 7.013799986958370314e-03 7.029664364477761045e-03 7.029712364470364939e-03 7.029712364470364939e-03 9.239557077044373290e-03 1.165642715509955692e-02 1.196230777032350132e-02 9.768505724424766945e-03 7.335739268870280182e-03 7.013733697845860385e-03
7.029712364470364939e-03 7.029680364444979360e-03 7.029680364444979360e-03 8.803542090627392014e-03 5.475553555198999812e-03 6.310169919248332857e-03 6.434117414260876085e-03 6.691815362279052506e-03 6.481875125205883645e-03 6.449981791916694143e-03 6.449933791878616207e-03 6.449933791878616207e-03 6.449933791878615340e-03 5.419671102660813047e-03 5.148611452232078160e-03 6.258070836298324120e-03 6.434052230366328444e-03 6.965669697734377941e-03 7.029600364472466528e-03 1.161799226479696273e-02 1.172671212503326871e-02 1.194644568186584849e-02 1.197831843701886376e-02 1.197838243702416088e-02 1.197836643701146592e-02 1.201041977038211014e-02 1.194637710364612401e-02 1.197825443701356837e-02 1.197836643701146765e-02 1.197836643701146765e-02 1.197836643701146765e-02 9.768521724437460169e-03 7.351651646382274807e-03 7.045771031158333010e-03 7.029728364483057296e-03 6.825905825104096325e-03 6.482167703466878983e-03
7.029680364444979360e-03 6.997723031105018698e-03 6.997627031028863694e-03 6.997627031028863694e-03 6.997627031028863694e-03 3.820554009649535822e-03 3.336807437204593069e-03 4.656987416882053636e-03 3.530785007529525441e-03 3.320796770509227593e-03 3.304866103877325198e-03 3.304850103864632842e-03 3.304850103864632408e-03 7.700023434030872291e-03 7.215503581350355723e-03 3.839267194740282000e-03 3.336823476598406620e-03 6.530000836215444325e-03 6.981874653552844548e-03 7.029632364497851241e-03 7.029712364470364939e-03 7.045705886599430354e-03 7.029842653588169385e-03 7.045689886586737130e-03 7.013831986938280985e-03 7.593285981198173024e-03 6.514056458678064120e-03 6.965669697734377941e-03 7.029616364439683976e-03 7.029712364470364939e-03 7.029696364457671716e-03 7.029712364470364939e-03 7.029712364470364939e-03 7.029712364470364939e-03 7.029712364470364939e-03 5.475585555204543625e-03 3.632675847989853390e-03
6.997675031066940762e-03 6.513912458609306087e-03 6.450029791954771212e-03 6.449933791878616207e-03 6.449933791878616207e-03 6.481923125243961581e-03 6.449997791929385632e-03 5.097828478704680491e-03 6.223998888304671691e-03 6.433987125052120955e-03 6.449917791956872801e-03 6.449933791878616207e-03 6.449933791878615340e-03 3.788564676284190448e-03 8.432943088231441287e-03 1.102378618543833552e-02 1.135041071984768148e-02 7.829225853953071870e-03 6.873887536090373881e-03 6.997935609348028031e-03 7.029664364477761045e-03 7.298979580678757392e-03 7.119043797325396924e-03 7.283189055038642723e-03 6.841695311237239174e-03 1.091039091129995114e-02 3.336775437179207923e-03 6.450029791909296303e-03 6.997627031119813511e-03 7.029680364444979360e-03 7.013799986958370314e-03 7.029632364452376332e-03 7.029680364444979360e-03 7.029680364444979360e-03 7.029680364444979360e-03 8.803574090581668676e-03 8.860380330932839457e-03
6.481971125282038650e-03 3.788596676309576462e-03 3.336775437179207923e-03 3.304882103890017988e-03 3.304850103864632842e-03 6.449965791904000920e-03 6.965605697638132740e-03 6.755697460772248225e-03 6.965685697701596256e-03 6.997579031081735575e-03 6.997627031028863694e-03 6.997627031028864561e-03 6.997627031119813511e-03 1.083465995857831043e-02 7.545560270278551043e-03 7.061637697921363879e-03 7.045672742020437501e-03 8.787683845016523027e-03 5.475547423199526517e-03 6.825905825104096325e-03 7.013799986958370314e-03 9.234319395539184253e-03 7.575896361874319071e-03 9.007604455626433068e-03 5.419639102635428335e-03 7.700055434056257871e-03 3.788564676284190014e-03 6.513912458609306087e-03 6.997723031150494474e-03 7.029680364444979360e-03 6.825905825104096325e-03 6.965914276002771119e-03 6.997579031127210483e-03 6.997627031119813511e-03 6.997627031119813511e-03 7.029600364426991620e-03 8.955959991984261542e-03
3.562629772710247233e-03 5.982213886141730420e-03 6.418024458394833848e-03 6.449901791944180444e-03 6.449933791878616207e-03 6.965605697638132740e-03 7.029584364368824355e-03 7.013701697774999896e-03 9.182021226518550724e-03 9.487932734151296316e-03 1.167240248410588224e-02 1.199437710393420724e-02 1.228418790806780174e-02 7.899554705323575191e-03 6.546061792010628676e-03 6.965733697785148233e-03 7.249351281330642174e-03 6.841834202765207165e-03 6.997903609322642451e-03 7.029664364477761045e-03 7.029712364470364939e-03 9.260778511864211499e-03 7.814346492604066705e-03 8.930452827986353273e-03 6.418008458564040258e-03 3.336759437166515133e-03 6.450029791909296303e-03 6.997611031152595196e-03 7.029664364432286136e-03 7.029712364470364939e-03 5.475585555204543625e-03 6.326082296896750473e-03 6.434149414331737440e-03 6.449917791865922984e-03 6.449933791878616207e-03 6.949725320196997735e-03 5.475480355593780567e-03
6.192154122942050698e-03 6.917669697537242798e-03 6.997515031121915099e-03 6.997627031028863694e-03 6.997627031028863694e-03 7.029616364394209935e-03 7.029712364470364939e-03 7.029696364457671716e-03 9.214049668997699449e-03 9.488028734227450453e-03 7.367729650883015832e-03 7.625581603820941363e-03 9.102225511683669640e-03 8.392196475712102727e-03 3.562629772710247666e-03 6.481971125282037782e-03 8.771518367330094143e-03 5.475571945254684679e-03 6.825905825149570366e-03 7.013799986958370314e-03 7.029696364457671716e-03 9.271542630666112020e-03 9.736408170805128937e-03 6.933632364376429540e-03 5.966219219459057733e-03 3.772668298739412403e-03 6.513864458616703060e-03 6.981761469574744063e-03 7.013719986940382574e-03 7.029664364477761045e-03 8.803574090581668676e-03 4.024408549008407464e-03 3.352703814840319631e-03 3.304898103857235869e-03 3.304850103864632842e-03 6.278185446631946200e-03 8.739705201676170945e-03
6.965589697716390201e-03 7.029536364421696236e-03 7.029680364444979360e-03 7.029680364444979360e-03 7.029680364444979360e-03 7.029712364470364939e-03 1.138251319785548409e-02 1.196235577049800138e-02 7.609618937072704439e-03 7.061701697744760496e-03 7.641592270425358324e-03 1.135033186442877678e-02 6.691831362200795913e-03 4.656987416882053636e-03 5.097828478704680491e-03 6.755729460797632938e-03 7.013701697774999896e-03 7.029696364457671716e-03 7.029712364561314757e-03 7.029712364561314757e-03 7.029712364515839848e-03 7.625549603750081742e-03 1.135033186433782697e-02 6.433987125234020589e-03 3.320828770534613172e-03 6.246215741571982047e-03 6.965818275972091023e-03 6.789561727788062835e-03 6.794013376980624457e-03 6.997855609330040291e-03 7.029664364477761045e-03 1.080252433599151671e-02 1.133444919769852760e-02 7.061765697886480606e-03 6.482019125274640810e-03 5.449911110362051954e-03 6.841855063435909289e-03
7.029632364406901424e-03 7.029712364470364939e-03 9.182032781114580697e-03 1.165632781745069672e-02 1.196233977048530989e-02 1.197835043718067580e-02 7.931456064812559756e-03 7.367819142887933534e-03 6.530051125315262765e-03 6.965717697726980968e-03 1.192999843702262711e-02 6.981616364333498650e-03 6.450013791942078856e-03 3.336807437204593069e-03 6.450029791954771212e-03 6.997627031028863694e-03 7.029680364444979360e-03 7.029712364470364939e-03 7.029712364470364939e-03 7.029712364561314757e-03 7.029712364515839848e-03 1.165622540807442764e-02 7.255597393401226440e-03 6.224119172344112251e-03 3.562718056724302213e-03 4.943647914780667681e-03 6.809837358292393159e-03 5.326382573800163799e-03 5.238521529028650203e-03 6.825903316035586942e-03 7.013815986971062670e-03 7.029696364457671716e-03 7.029712364470364939e-03 1.133438519764775818e-02 9.704448104807470929e-03 9.151182956632586407e-03 7.265501087391280574e-03
7.029712364470364939e-03 7.029712364470364939e-03 9.182176781137862953e-03 7.319553650864586529e-03 7.077808364607229494e-03 7.029728364392107479e-03 9.138214199940325119e-03 9.289990029055500767e-03 3.820570009662228178e-03 6.481907125322217307e-03 1.098035338669059099e-02 6.723800269406533803e-03 6.497965791964712204e-03 3.820570009662228178e-03 6.513976458660076380e-03 6.997723031105018698e-03 7.029680364444979360e-03 7.029712364470364939e-03 7.029712364470364939e-03 7.029712364470364939e-03 7.029712364470364939e-03 9.147880227231786066e-03 8.926296048792451213e-03 5.167281234258447840e-03 5.167281234258447840e-03 8.513867383344267403e-03 7.233396125644399842e-03 7.091859930397572190e-03 8.819510752154979816e-03 7.249448645830748605e-03 7.045640742040526830e-03 7.029728364483057296e-03 7.029712364470364939e-03 7.029712364470364939e-03 9.239428029856925143e-03 7.319668988526140813e-03 7.029777469648146836e-03
1.194632910369899589e-02 1.254221663216948009e-02 7.173806075439537883e-03 6.981970653629000420e-03 7.625243314629082635e-03 6.997771031052146817e-03 6.513912458609306087e-03 1.188214243698519981e-02 7.013621697802487065e-03 6.434071551262500466e-03 4.912165152463439897e-03 5.132435745528845551e-03 6.755789602771877442e-03 7.013701697774999896e-03 7.029696364457671716e-03 7.029712364470364939e-03 7.029712364470364939e-03 7.029712364470364939e-03 7.029712364470364939e-03 7.029712364470364939e-03 7.029712364470364939e-03 7.029712364470364939e-03 7.029712364470364939e-03 7.029712364470364939e-03 7.029712364470364939e-03 7.029712364515839848e-03 7.029712364515839848e-03 8.926942787375165278e-03 7.282780177325445109e-03 7.045689886586737130e-03 7.029728364483057296e-03 7.029712364470364939e-03 7.029712364470364939e-03 7.029712364470364939e-03 7.029712364470364939e-03 7.029712364470364939e-03 6.789641727760576534e-03
7.077906653699650094e-03 1.058278023770606834e-02 4.008537353052711583e-03 6.325983939819601783e-03 1.142597313788054104e-02 5.966251219484442446e-03 3.788548676362447475e-03 1.080252662518967760e-02 7.271673934752366855e-03 4.688907419470374205e-03 5.097929809507090876e-03 6.755729460797632938e-03 7.013701697774999896e-03 7.029696364457671716e-03 7.029712364470364939e-03 7.029712364470364939e-03 7.029712364470364939e-03 7.029712364470364939e-03 7.029712364470364939e-03 7.029712364470364939e-03 7.029712364470364939e-03 7.029712364470364939e-03 7.029712364470364939e-03 7.029712364470364939e-03 7.029712364470364939e-03 7.029712364561314757e-03 7.029712364561314757e-03 7.029712364470364939e-03 7.029712364470364939e-03 7.029712364470364939e-03 7.029712364470364939e-03 7.029712364470364939e-03 7.029712364470364939e-03 7.029712364470364939e-03 7.029712364470364939e-03 7.029712364470364939e-03 5.342300861816140500e-03
6.825864643775171256e-03 5.468918460829839262e-03 8.590465092648207068e-03 5.462382389223816373e-03 8.189018146096110201e-03 3.336709226874413556e-03 6.434068230242596942e-03 6.997579031081735575e-03 1.078656395853239136e-02 3.820586009674920968e-03 6.513976458660076380e-03 6.997723031105018698e-03 7.029680364444979360e-03 7.029712364470364939e-03 7.029712364470364939e-03 7.029712364470364939e-03 7.029712364470364939e-03 7.029712364470364939e-03 7.029712364470364939e-03 7.029712364470364939e-03 7.029712364470364939e-03 7.029712364470364939e-03 7.029712364470364939e-03 7.029712364470364939e-03 7.029712364470364939e-03 7.029712364470364939e-03 7.029712364561314757e-03 7.029712364561314757e-03 7.029712364470364939e-03 7.029712364470364939e-03 7.029712364470364939e-03 7.029712364470364939e-03 7.029712364470364939e-03 7.029712364470364939e-03 7.029712364470364939e-03 7.029712364470364939e-03 7.075947182926894952e-03
7.029712364470364939e-03 7.029712364470364939e-03 7.029632364406901424e-03 6.965687908046569281e-03 6.241667665522876614e-03 3.753329590795951350e-03 6.273582677345878808e-03 6.965799907953518742e-03 7.029632364406901424e-03 7.029712364470364939e-03 7.029712364470364939e-03 7.029712364470364939e-03 7.029712364470364939e-03 7.029712364470364939e-03 7.029712364470364939e-03 7.029712364470364939e-03 7.029712364470364939e-03 7.029712364470364939e-03 7.029712364470364939e-03 7.029712364470364939e-03 7.029712364470364939e-03 7.029712364470364939e-03 7.029712364470364939e-03 7.029712364470364939e-03 7.029712364470364939e-03 7.029712364470364939e-03 7.029712364470364939e-03 7.029712364561314757e-03 7.029712364561314757e-03 7.029712364470364939e-03 7.029712364470364939e-03 7.029712364470364939e-03 7.029712364470364939e-03 7.029712364470364939e-03 7.029712364470364939e-03 7.029712364470364939e-03 8.926937246875340723e-03
7.029712364470364939e-03 7.029696364457671716e-03 7.013590802813164139e-03 6.709600070967903021e-03 4.820108418871914616e-03 6.599422741108728827e-03 5.313474848315838904e-03 6.789416793668246949e-03 7.013750802849140487e-03 7.029696364457671716e-03 7.029712364470364939e-03 7.029712364470364939e-03 7.029712364470364939e-03 7.029712364470364939e-03 7.029712364470364939e-03 7.029712364470364939e-03 7.029712364470364939e-03 7.029712364470364939e-03 7.029712364470364939e-03 7.029728364483057296e-03 7.029696364457671716e-03 7.029712364470364939e-03 7.029712364470364939e-03 7.029712364470364939e-03 7.029712364470364939e-03 7.029712364470364939e-03 7.029712364470364939e-03 7.029712364470364939e-03 7.029712364515839848e-03 7.029712364515839848e-03 7.029712364470364939e-03 7.029712364470364939e-03 7.029712364470364939e-03 7.029712364470364939e-03 7.029712364470364939e-03 7.029712364470364939e-03 7.029712364470364939e-03
7.029712364470364939e-03 7.029584364368824355e-03 6.949855609360277957e-03 6.309971941987790878e-03 3.992454903851362993e-03 6.014120930336397733e-03 6.933760364387021174e-03 7.029584364368824355e-03 7.029712364470364939e-03 7.029712364470364939e-03 7.029712364470364939e-03 7.029712364470364939e-03 7.029712364470364939e-03 7.029712364470364939e-03 7.029712364470364939e-03 7.029712364470364939e-03 7.029712364470364939e-03 7.029712364470364939e-03 7.029712364470364939e-03 7.045640741995052789e-03 7.013831986892805209e-03 7.029664364432286136e-03 7.029712364470364939e-03 7.029712364470364939e-03 7.029712364470364939e-03 7.029712364470364939e-03 7.029712364470364939e-03 7.029712364470364939e-03 7.029712364561314757e-03 7.029712364561314757e-03 7.029712364470364939e-03 7.029712364470364939e-03 7.029712364470364939e-03 7.029712364470364939e-03 7.029712364470364939e-03 7.029712364470364939e-03 7.029712364470364939e-03
