output/water_depth_9840.asc
ncols 223
nrows 158
xllcorner 0.0
yllcorner 0.0
cellsize 30.0
[rows 85 to 101 of 158, columns 185 to 221 of 223]
1.614446551030269210e-05 1.342708718376216145e-05 1.000000000000000021e-08 1.000000000000000021e-08 1.000000000000000021e-08 1.000000000000000021e-08 3.001755236882194355e-04 1.028946187315838701e-01 1.014342166103179427e-01 1.026101639007214600e-01 1.735741014179679629e-03 8.952022737872655355e-04 1.000000000000000021e-08 1.000000000000000021e-08 1.000000000000000021e-08 1.000000000000000021e-08 1.000000000000000021e-08 1.000000000000000021e-08 1.000000000000000021e-08 1.000000000000000021e-08 1.000000000000000021e-08 1.679076288474938770e-05 1.592244037161002151e-05 1.540171042830655942e-05 1.645541448331279841e-05 1.852574774820376513e-05 1.714866891223776693e-05 1.756207163748464630e-05 1.000000000000000021e-08 1.000000000000000021e-08 1.000000100000000021e-05 1.000000100000000021e-05 1.000000100000000021e-05 1.000000100000000021e-05 1.000000100000000021e-05 1.000000100000000021e-05 1.000000100000000021e-05
1.269858633824054132e-05 1.636114835402855327e-05 1.000000000000000021e-08 1.000000000000000021e-08 1.000000000000000021e-08 1.000000000000000021e-08 3.873152878720532630e-05 8.000075776837038688e-02 7.947756845305757600e-02 3.527355777073831961e-04 3.823673838906754808e-04 1.414067776525901440e-04 2.219317102141223080e-05 1.180519910771724665e-05 1.000000000000000021e-08 1.000000000000000021e-08 1.000000000000000021e-08 1.000000000000000021e-08 1.079455321417785052e-05 1.000000000000000021e-08 1.000000000000000021e-08 1.000000000000000021e-08 1.000000000000000021e-08 1.000000000000000021e-08 1.000000000000000021e-08 1.000000000000000021e-08 1.000000000000000021e-08 1.000000000000000021e-08 1.000000000000000021e-08 1.000000000000000021e-08 1.000000000000000021e-08 1.000000100000000021e-05 1.000000100000000021e-05 1.000000100000000021e-05 1.000000100000000021e-05 1.000000100000000021e-05 1.000000100000000021e-05
1.144514118991476523e-05 1.000000000000000021e-08 1.000000000000000021e-08 1.000000000000000021e-08 1.000000000000000021e-08 1.000000000000000021e-08 1.000000000000000021e-08 2.706651128154268296e-02 2.680551246092436821e-02 1.000000000000000021e-08 1.000000000000000021e-08 1.000000000000000021e-08 1.000000000000000021e-08 1.000000000000000021e-08 1.000000000000000021e-08 1.000000000000000021e-08 2.058261542176992502e-05 1.000000000000000021e-08 1.000000000000000021e-08 1.000000000000000021e-08 1.051095974655278230e-05 1.000000000000000021e-08 1.000000000000000021e-08 1.000000000000000021e-08 1.000000000000000021e-08 1.000000000000000021e-08 1.000000000000000021e-08 1.000000000000000021e-08 1.000000000000000021e-08 1.000000000000000021e-08 1.000000000000000021e-08 1.000000100000000021e-05 1.000000100000000021e-05 1.000000100000000021e-05 1.000000100000000021e-05 1.000000100000000021e-05 1.000000100000000021e-05
1.523391488708656874e-05 1.337027677117149986e-05 1.153771337152009770e-05 1.013300527919503907e-05 1.000000000000000021e-08 1.000000000000000021e-08 3.501889356426646661e-05 3.816375596108400464e-02 2.067254268715786047e-02 1.000000000000000021e-08 1.000000000000000021e-08 1.000000000000000021e-08 1.000000000000000021e-08 1.000000000000000021e-08 1.000000000000000021e-08 1.519769758449620028e-04 1.942475518709613387e-03 2.455885940005755137e-05 1.000000000000000021e-08 1.000000000000000021e-08 3.139365309587921894e-05 2.676180967948861371e-05 2.140225752532444245e-05 1.065453809224590967e-05 1.000000000000000021e-08 1.000000000000000021e-08 1.000000000000000021e-08 1.000000000000000021e-08 1.000000000000000021e-08 1.000000000000000021e-08 1.000000000000000021e-08 1.000000100000000021e-05 1.000000100000000021e-05 1.000000100000000021e-05 1.000000100000000021e-05 1.000000100000000021e-05 1.000000100000000021e-05
4.238429132867156072e-05 5.699991954634220208e-05 4.310876741326847888e-05 3.439926835720270490e-05 2.734687994108907466e-05 2.850941206758395043e-05 3.667603587591665041e-05 3.570768760592911428e-02 2.207570949074404154e-02 3.386572592006479042e-05 1.000000000000000021e-08 1.000000000000000021e-08 1.000000000000000021e-08 5.220321836096558865e-05 8.020896400075154065e-05 1.638754374712486379e-04 1.000000000000000021e-08 1.731410702127225663e-05 2.625146641260888271e-05 2.626739722809287797e-05 3.113825761721067783e-05 2.612171822336087061e-05 2.107354480946906327e-05 2.469753743256495712e-05 2.534326724013673553e-05 2.437396437447975656e-05 2.819220919750878670e-05 2.656942842246710825e-05 1.775014928124386506e-05 1.086602684522602110e-05 1.000000000000000021e-08 1.000000100000000021e-05 1.000000100000000021e-05 1.000000100000000021e-05 1.000000100000000021e-05 1.000000100000000021e-05 1.000000100000000021e-05
2.570106073136807503e-05 2.406108747751924571e-05 3.911991307377049836e-05 6.175880411467460005e-05 6.678369642229476549e-05 6.075046019545837295e-05 1.000000000000000021e-08 4.721204127264545802e-02 5.991903736713492801e-02 4.562932011657607563e-05 1.000000000000000021e-08 1.000000000000000021e-08 1.000000000000000021e-08 1.000000000000000021e-08 8.211348457536474298e-05 7.740297439845653593e-05 1.000000000000000021e-08 1.000000000000000021e-08 1.000000000000000021e-08 1.000000000000000021e-08 1.000000000000000021e-08 1.000000000000000021e-08 1.647379021837036984e-05 1.000000000000000021e-08 1.000000000000000021e-08 1.818821586425927058e-05 1.000000000000000021e-08 1.000000000000000021e-08 1.000000000000000021e-08 1.000000000000000021e-08 1.000000100000000021e-05 1.000000100000000021e-05 1.000000100000000021e-05 1.000000100000000021e-05 1.000000100000000021e-05 1.000000100000000021e-05 1.000000100000000021e-05
1.000000000000000021e-08 1.000000000000000021e-08 2.226058074654344214e-05 1.828364543762366033e-05 5.883032243510481101e-05 6.187187312542179391e-05 2.012245819083533817e-04 1.450556854833762177e-01 2.068982130209560955e-02 1.000000000000000021e-08 1.000000000000000021e-08 1.000000000000000021e-08 1.000000000000000021e-08 1.000000000000000021e-08 1.000000000000000021e-08 6.281446924683173826e-05 1.000000000000000021e-08 1.000000000000000021e-08 1.000000000000000021e-08 1.138314307386281167e-05 1.453418234593682217e-05 1.751431688927373472e-05 1.614155195538698824e-05 1.000000000000000021e-08 1.000000000000000021e-08 1.000000000000000021e-08 1.000000000000000021e-08 1.000000000000000021e-08 1.000000000000000021e-08 1.000000000000000021e-08 1.000000100000000021e-05 1.000000100000000021e-05 1.000000100000000021e-05 1.000000100000000021e-05 1.000000100000000021e-05 1.000000100000000021e-05 1.000000100000000021e-05
1.000000000000000021e-08 1.000000000000000021e-08 1.000000000000000021e-08 1.000000000000000021e-08 1.000000000000000021e-08 3.070785153183215057e-05 3.086705889283488481e-05 1.137419153796249138e-01 4.675841052402284793e-03 1.000000000000000021e-08 1.000000000000000021e-08 1.000000000000000021e-08 1.000000000000000021e-08 1.000000000000000021e-08 1.000000000000000021e-08 1.000000000000000021e-08 1.000000000000000021e-08 1.000000000000000021e-08 1.000000000000000021e-08 2.094509911957353478e-05 2.177316372219770138e-05 1.210818058378854695e-05 1.000000000000000021e-08 1.000000000000000021e-08 1.000000000000000021e-08 1.000000000000000021e-08 1.000000000000000021e-08 1.000000000000000021e-08 1.000000000000000021e-08 1.000000000000000021e-08 1.000000100000000021e-05 1.000000100000000021e-05 1.000000100000000021e-05 1.000000100000000021e-05 1.000000100000000021e-05 1.000000100000000021e-05 1.000000100000000021e-05
1.000000000000000021e-08 1.000000000000000021e-08 1.000000000000000021e-08 1.000000000000000021e-08 1.000000000000000021e-08 1.000000000000000021e-08 1.000000000000000021e-08 3.624441193233620545e-02 9.241138496269346581e-02 2.149305494032159049e-04 1.000000000000000021e-08 1.000000000000000021e-08 1.000000000000000021e-08 1.000000000000000021e-08 1.000000000000000021e-08 1.000000000000000021e-08 1.000000000000000021e-08 1.000000000000000021e-08 1.000000000000000021e-08 1.000000000000000021e-08 1.000000000000000021e-08 1.000000000000000021e-08 1.000000000000000021e-08 1.000000000000000021e-08 1.000000000000000021e-08 1.000000000000000021e-08 1.000000000000000021e-08 1.000000000000000021e-08 1.000000000000000021e-08 1.000000000000000021e-08 1.000000100000000021e-05 1.000000100000000021e-05 1.000000100000000021e-05 1.000000100000000021e-05 1.000000100000000021e-05 1.000000100000000021e-05 1.000000100000000021e-05
1.000000000000000021e-08 1.000000000000000021e-08 1.389302514124599557e-05 1.553915963994207856e-05 1.690488061970230787e-05 2.187078833938101749e-05 1.951966719013835294e-05 6.602907137428898343e-02 4.576522769182128636e-02 2.403365568655395584e-04 1.000000000000000021e-08 1.000000000000000021e-08 1.000000000000000021e-08 1.000000000000000021e-08 1.000000000000000021e-08 1.000000000000000021e-08 1.153029566284607505e-05 1.000000000000000021e-08 1.000000000000000021e-08 1.000000000000000021e-08 1.000000000000000021e-08 1.000000000000000021e-08 1.000000000000000021e-08 1.000000000000000021e-08 1.000000000000000021e-08 1.000000000000000021e-08 1.000000000000000021e-08 1.000000000000000021e-08 1.000000000000000021e-08 1.000000000000000021e-08 1.000000100000000021e-05 1.000000100000000021e-05 1.000000100000000021e-05 1.000000100000000021e-05 1.000000100000000021e-05 1.000000100000000021e-05 1.000000100000000021e-05
3.140884644750323616e-05 4.121931093999061285e-05 3.703096011609912887e-05 4.521391331497763089e-05 5.193904651126592695e-05 4.915268676385266136e-05 3.680182243071485515e-05 1.641139264655237448e-02 4.737571978730800715e-02 5.748477243561631793e-05 1.633697225563538681e-05 1.704819183720182807e-05 1.541756155679263170e-05 1.000000000000000021e-08 1.000000000000000021e-08 1.160929082857410214e-05 1.262365788062160152e-05 1.000000000000000021e-08 1.000000000000000021e-08 1.000000000000000021e-08 1.000000000000000021e-08 1.000000000000000021e-08 1.000000000000000021e-08 1.000000000000000021e-08 1.000000000000000021e-08 1.000000000000000021e-08 1.000000000000000021e-08 1.000000000000000021e-08 1.000000000000000021e-08 1.000000000000000021e-08 1.000000100000000021e-05 1.000000100000000021e-05 1.000000100000000021e-05 1.000000100000000021e-05 1.000000100000000021e-05 1.000000100000000021e-05 1.000000100000000021e-05
1.000000000000000021e-08 1.000000000000000021e-08 3.098622865986920126e-05 4.180642295652022976e-05 6.102255457899138534e-05 6.183423705342349914e-05 6.815388744041659958e-05 2.185977080359726571e-02 4.722257325181115212e-02 4.742131093260029028e-05 1.000000000000000021e-08 1.000000000000000021e-08 1.000000000000000021e-08 2.994659667149163489e-05 2.098508485885866183e-05 2.484523327394631245e-05 1.896547098268667767e-05 1.158706893401461360e-05 1.000000000000000021e-08 1.000000000000000021e-08 1.000000000000000021e-08 1.000000000000000021e-08 1.000000000000000021e-08 1.000000000000000021e-08 1.000000000000000021e-08 1.000000000000000021e-08 1.000000000000000021e-08 1.000000000000000021e-08 1.000000000000000021e-08 1.000000000000000021e-08 1.000000100000000021e-05 1.000000100000000021e-05 1.000000100000000021e-05 1.000000100000000021e-05 1.000000100000000021e-05 1.000000100000000021e-05 1.000000100000000021e-05
1.000000000000000021e-08 1.000000000000000021e-08 1.780839265986220520e-05 6.029988354607528550e-05 7.402694410321685457e-05 7.219463797636075264e-05 1.136392387658341583e-03 5.503834918121112280e-02 4.100455279126194452e-02 1.000000000000000021e-08 1.000000000000000021e-08 1.000000000000000021e-08 7.908695193060417516e-05 6.667527486610446731e-05 1.172261349962250602e-04 8.028646729647961151e-05 2.861506482916874935e-05 2.400300362928744986e-05 2.292724072552829601e-05 1.000000000000000021e-08 1.000000000000000021e-08 1.000000000000000021e-08 1.000000000000000021e-08 1.000000000000000021e-08 1.000000000000000021e-08 1.000000000000000021e-08 1.000000000000000021e-08 1.000000000000000021e-08 1.000000000000000021e-08 1.000000000000000021e-08 1.000000100000000021e-05 1.000000100000000021e-05 1.000000100000000021e-05 1.000000100000000021e-05 1.000000100000000021e-05 1.000000100000000021e-05 1.000000100000000021e-05
1.000000000000000021e-08 1.000000000000000021e-08 1.681530519540355028e-05 2.967426323336993374e-05 8.458481996248501074e-05 9.175922466994988075e-05 1.385578266555121448e-04 6.000180333771702734e-02 1.472658640552981617e-02 2.321621109732991306e-05 1.860688357255889331e-05 2.212531010803969999e-05 2.584105124717951644e-05 3.975007600900448045e-05 1.908795033051396102e-05 2.377018063193780397e-05 3.062687699534471391e-05 2.402963698640615017e-05 1.000000000000000021e-08 1.000000000000000021e-08 1.000000000000000021e-08 1.000000000000000021e-08 1.000000000000000021e-08 1.000000000000000021e-08 1.000000000000000021e-08 1.067456955131024151e-05 1.000000000000000021e-08 1.000000000000000021e-08 1.000000000000000021e-08 1.000000000000000021e-08 1.000000100000000021e-05 1.000000100000000021e-05 1.000000100000000021e-05 1.000000100000000021e-05 1.000000100000000021e-05 1.000000100000000021e-05 1.000000100000000021e-05
1.000000000000000021e-08 1.000000000000000021e-08 1.236082335193334814e-05 1.324885604562444117e-05 1.728269567991298699e-05 1.597135446432089987e-04 3.132395098063263383e-02 3.478736914743533332e-02 2.716558914033323415e-03 1.028557580785647424e-05 1.317572285328111976e-05 1.000000000000000021e-08 3.680521140666778349e-05 3.831595268559851580e-05 2.777679200679320038e-05 2.968469071526537122e-05 2.383539621920830959e-05 1.000000000000000021e-08 1.000000000000000021e-08 1.000000000000000021e-08 1.000000000000000021e-08 1.000000000000000021e-08 1.000000000000000021e-08 1.000000000000000021e-08 1.000000000000000021e-08 1.000000000000000021e-08 1.000000000000000021e-08 1.000000000000000021e-08 1.000000000000000021e-08 1.000000000000000021e-08 1.000000100000000021e-05 1.000000100000000021e-05 1.000000100000000021e-05 1.000000100000000021e-05 1.000000100000000021e-05 1.000000100000000021e-05 1.000000100000000021e-05
1.000000000000000021e-08 1.000000000000000021e-08 1.250311185650500740e-05 1.469494723993440911e-05 1.000000000000000021e-08 1.597573463635202848e-04 6.370909220810973272e-02 4.402730227972613541e-02 1.801078907561791355e-03 1.000000000000000021e-08 2.360470403392804915e-05 2.575393290777206552e-05 3.106935055025953913e-05 1.000000000000000021e-08 3.097748327044081454e-05 9.268360131880855530e-05 2.413712396783118826e-05 1.000000000000000021e-08 1.000000000000000021e-08 1.000000000000000021e-08 1.000000000000000021e-08 1.000000000000000021e-08 1.000000000000000021e-08 1.000000000000000021e-08 1.000000000000000021e-08 1.000000000000000021e-08 1.000000000000000021e-08 1.000000000000000021e-08 1.000000000000000021e-08 1.000000000000000021e-08 1.000000100000000021e-05 1.000000100000000021e-05 1.000000100000000021e-05 1.000000100000000021e-05 1.000000100000000021e-05 1.000000100000000021e-05 1.000000100000000021e-05
1.000000000000000021e-08 1.000000000000000021e-08 1.158119236733395727e-05 1.000000000000000021e-08 1.000000000000000021e-08 2.138212439303904111e-05 1.702186477893447014e-02 1.511927645553964861e-01 2.508197258638946835e-03 1.000000000000000021e-08 3.710184194815950261e-05 3.452024072239734609e-05 3.648004429168842980e-05 3.149161742863851066e-05 4.544071497751133744e-05 5.951579193692765169e-05 2.167937331830081983e-05 1.000000000000000021e-08 1.000000000000000021e-08 1.000000000000000021e-08 1.000000000000000021e-08 1.000000000000000021e-08 1.000000000000000021e-08 1.000000000000000021e-08 1.000000000000000021e-08 1.000000000000000021e-08 1.000000000000000021e-08 1.000000000000000021e-08 1.000000000000000021e-08 1.000000000000000021e-08 1.000000100000000021e-05 1.000000100000000021e-05 1.000000100000000021e-05 1.000000100000000021e-05 1.000000100000000021e-05 1.000000100000000021e-05 1.000000100000000021e-05
