output/water_depth_11880.asc
ncols 223
nrows 158
xllcorner 0.0
yllcorner 0.0
cellsize 30.0
[rows 102 to 118 of 158, columns 111 to 147 of 223]
1.000000000000000021e-08 1.000000000000000021e-08 1.000000000000000021e-08 1.000000000000000021e-08 1.000000000000000021e-08 1.000000000000000021e-08 1.000000000000000021e-08 1.000000000000000021e-08 1.000000000000000021e-08 1.000000000000000021e-08 4.374030698738277793e-05 8.582885009417709401e-04 3.188631997069271695e-04 6.838031079633028744e-05 8.042253096494190534e-05 1.859085008360655822e-04 1.451483828308271792e-04 8.709355966333535981e-04 1.308272403231619399e-03 6.039475330696124876e-03 3.164761221826234449e-04 1.000000000000000021e-08 1.000000000000000021e-08 1.000000000000000021e-08 1.000000000000000021e-08 1.000000000000000021e-08 1.000000000000000021e-08 1.000000000000000021e-08 1.000000000000000021e-08 1.000000000000000021e-08 1.000000000000000021e-08 1.000000000000000021e-08 1.000000000000000021e-08 1.000000000000000021e-08 1.000000000000000021e-08 1.000000000000000021e-08 1.000000000000000021e-08
1.197118050565211956e-04 9.866662217052933679e-05 8.622638270735953419e-05 1.000000000000000021e-08 1.000000000000000021e-08 1.000000000000000021e-08 1.000000000000000021e-08 1.000000000000000021e-08 1.000000000000000021e-08 1.000000000000000021e-08 1.359574552107366007e-05 5.931240482588734549e-04 4.846029253859746012e-04 4.566586334795298772e-05 1.044157256068914755e-04 8.847754583594702503e-05 1.126244072647358168e-03 1.101853185073363829e-03 2.201364077622319088e-03 7.769024597603244910e-03 2.165073405058320867e-04 1.000000000000000021e-08 1.000000000000000021e-08 1.000000000000000021e-08 1.000000000000000021e-08 1.000000000000000021e-08 1.000000000000000021e-08 1.000000000000000021e-08 1.000000000000000021e-08 1.000000000000000021e-08 1.000000000000000021e-08 1.000000000000000021e-08 1.000000000000000021e-08 1.000000000000000021e-08 1.000000000000000021e-08 1.000000000000000021e-08 1.000000000000000021e-08
1.360539084961978878e-04 2.048299100243278800e-04 2.577999817275397729e-04 3.037894498541819557e-04 3.538948244404124745e-04 4.102987067474095861e-04 3.116846276508925288e-04 2.670742154399461678e-04 2.501944740603354446e-04 1.301890079305589126e-05 2.091243800869350961e-05 4.901387980512868269e-04 1.022858579784472789e-03 1.814131092383825493e-03 1.888164281833156107e-03 3.022031839762455430e-03 2.476916992911275348e-03 3.117451333747997804e-03 3.153312409811096645e-03 9.030509170264995611e-03 1.467212034117704666e-04 1.000000000000000021e-08 1.000000000000000021e-08 1.000000000000000021e-08 1.000000000000000021e-08 1.000000000000000021e-08 1.000000000000000021e-08 1.000000000000000021e-08 1.000000000000000021e-08 1.000000000000000021e-08 1.000000000000000021e-08 1.000000000000000021e-08 1.000000000000000021e-08 1.000000000000000021e-08 1.000000000000000021e-08 1.000000000000000021e-08 1.000000000000000021e-08
6.946577602921797723e-05 1.000000000000000021e-08 1.000000000000000021e-08 1.302714396832047111e-05 5.348159261796223569e-05 8.092506984352281288e-05 3.425252218005336597e-04 4.836676127760425434e-04 6.220235150350151556e-04 7.326174898337222720e-04 8.328284692026136950e-04 1.073917000596929378e-03 9.700213118748789512e-03 1.295113647392181393e-03 1.472488982281028964e-03 1.064756065873018664e-03 1.175267225320089648e-03 7.462711472068738177e-04 9.242808199481066791e-04 5.578684150482745609e-03 5.596739019459645581e-03 1.000000000000000021e-08 1.000000000000000021e-08 1.000000000000000021e-08 1.000000000000000021e-08 1.000000000000000021e-08 1.000000000000000021e-08 1.000000000000000021e-08 1.000000000000000021e-08 1.000000000000000021e-08 1.000000000000000021e-08 1.000000000000000021e-08 1.000000000000000021e-08 1.000000000000000021e-08 1.000000000000000021e-08 1.000000000000000021e-08 1.000000000000000021e-08
2.385818828343520010e-05 1.505628018653096352e-05 1.094705787653063719e-05 1.000000000000000021e-08 1.000000000000000021e-08 1.000000000000000021e-08 1.000000000000000021e-08 1.000000000000000021e-08 1.000000000000000021e-08 1.000000000000000021e-08 9.166352205532044787e-05 8.881339784061760534e-05 5.425400407565956145e-05 1.000000000000000021e-08 1.000000000000000021e-08 1.000000000000000021e-08 9.389679707489664243e-05 3.432736522784355878e-05 7.313299354971436082e-05 3.495335088368031230e-03 7.086718660454531006e-03 1.290539565043033899e-03 1.000000000000000021e-08 1.000000000000000021e-08 1.000000000000000021e-08 1.000000000000000021e-08 1.000000000000000021e-08 1.000000000000000021e-08 1.000000000000000021e-08 1.000000000000000021e-08 1.000000000000000021e-08 1.000000000000000021e-08 1.000000000000000021e-08 1.000000000000000021e-08 1.000000000000000021e-08 1.000000000000000021e-08 1.000000000000000021e-08
1.713384932976201781e-05 2.040101597408285563e-05 1.996103487040238347e-05 2.049312384567269189e-05 2.203737564452488119e-05 2.314088771284459361e-05 2.176941348219857828e-05 2.328156880898092719e-05 7.454425312607866063e-05 4.429246695130093804e-05 9.727646668190531392e-05 8.108664537984089371e-05 7.415026412180457317e-05 5.665656710021483157e-05 4.343359866614031816e-05 1.000000000000000021e-08 1.000000000000000021e-08 1.000000000000000021e-08 5.028919812343212874e-05 2.483661596749528553e-03 2.151438614033798075e-02 6.395965829095222148e-03 1.589475404115543340e-05 1.000000000000000021e-08 1.000000000000000021e-08 1.000000000000000021e-08 1.000000000000000021e-08 1.582094558907217959e-05 1.000000000000000021e-08 1.000000000000000021e-08 1.000000000000000021e-08 1.000000000000000021e-08 1.000000000000000021e-08 1.000000000000000021e-08 1.000000000000000021e-08 1.000000000000000021e-08 1.381013218514931952e-05
1.000000000000000021e-08 1.000000000000000021e-08 1.558558102200364255e-05 2.208948798835006438e-05 3.113837432070662529e-05 5.281189399413882194e-05 6.291045841179450523e-05 9.354093201141159891e-05 1.320428210410457459e-04 1.660484189399940170e-04 8.341117798882614301e-05 8.492351454653808125e-05 9.834035437830673928e-05 8.339999410560988864e-05 7.539942938659300079e-05 5.214999391650951147e-05 4.240076972410336482e-05 1.000000000000000021e-08 4.006744551111241810e-05 2.008033678416244836e-03 6.933978748630079299e-03 2.296634537303634746e-02 5.976089095841333534e-03 2.634292133547710128e-05 1.000000000000000021e-08 1.000000000000000021e-08 1.161841469298504251e-05 1.488112037607299638e-05 1.000000000000000021e-08 1.000000000000000021e-08 1.000000000000000021e-08 1.000000000000000021e-08 1.000000000000000021e-08 1.000000000000000021e-08 1.000000000000000021e-08 1.000000000000000021e-08 2.287631659341638889e-05
1.000000000000000021e-08 1.000000000000000021e-08 1.000000000000000021e-08 1.902419230771620537e-05 1.106444401797119495e-03 1.000000000000000021e-08 1.000000000000000021e-08 1.000000000000000021e-08 1.000000000000000021e-08 1.239110584998003848e-05 5.980357526952765522e-05 8.538251641187282154e-05 9.767092533760529161e-05 9.948685666476351618e-05 1.014957419613624561e-04 1.689724620928730828e-03 1.260369496577631033e-05 1.442163134827259595e-04 5.864043810589855183e-05 2.446552609068639657e-04 1.481945809515162682e-05 3.935524707166556356e-03 5.408030780800491405e-03 4.770043350891686219e-03 2.143461572152588750e-05 1.000000000000000021e-08 1.000000000000000021e-08 1.201979508225372559e-05 1.000000000000000021e-08 1.000000000000000021e-08 1.000000000000000021e-08 1.000000000000000021e-08 1.000000000000000021e-08 1.064655295151094717e-05 1.000000000000000021e-08 2.211023514162446400e-05 2.102336243168255434e-05
1.000000000000000021e-08 1.000000000000000021e-08 1.000000000000000021e-08 1.489470268493972364e-05 6.381749317899773762e-05 1.000000000000000021e-08 1.000000000000000021e-08 1.000000000000000021e-08 1.000000000000000021e-08 1.000000000000000021e-08 6.037234018170846981e-05 1.573014921619003627e-04 2.084858938876736590e-04 1.795408759640907651e-04 1.884065672885381238e-04 2.690254826819856826e-04 6.827387295595605584e-04 5.892350175894715651e-03 1.150711992843880685e-03 2.311604492746683606e-04 3.681146849885993770e-04 3.919938282809632031e-03 4.986955839121851378e-03 5.054718829590624206e-03 4.687744072590370112e-03 6.093324393585279391e-04 5.641068906648154290e-04 1.696511803142942228e-05 1.043433503266569019e-05 1.000000000000000021e-08 1.000000000000000021e-08 1.000000000000000021e-08 1.229739147622246747e-05 1.114113842227968327e-05 1.926132466872057923e-05 1.941182821547101191e-05 2.891994842032041368e-05
1.000000000000000021e-08 1.000000000000000021e-08 1.000000000000000021e-08 1.000000000000000021e-08 6.353496511653106420e-05 4.525076738681452270e-05 3.771637987365517193e-05 1.000000000000000021e-08 1.000000000000000021e-08 1.000000000000000021e-08 1.716733063661377755e-05 9.217226288433719422e-05 1.543101848983800860e-04 2.898031621554208624e-04 4.705573573483859363e-04 4.649531033126729157e-04 4.045936259201622382e-04 2.727453091979726370e-04 7.228957741677275416e-03 1.524063490396623897e-03 1.359977028109230933e-03 2.167361170695021946e-03 8.171820735258758170e-03 2.503890613664546891e-02 5.697984989222359097e-03 3.674336218419877505e-03 3.906333433839778019e-03 2.328999920908878492e-05 1.000000000000000021e-08 1.000000000000000021e-08 1.000000000000000021e-08 1.000000000000000021e-08 2.309288279816942361e-05 1.749292212553096043e-05 1.000000000000000021e-08 1.926728793770118565e-05 3.664190697242204867e-05
1.000000000000000021e-08 1.140293579843409609e-05 3.603930560500434756e-05 1.000000000000000021e-08 4.458593470335319039e-05 6.459890046226453362e-05 8.509249989925788456e-05 1.213950044769578524e-04 1.684900549953946666e-04 1.502827394040914843e-04 1.894903856398698404e-04 1.467346611194351113e-04 1.309336252181347393e-04 1.127041489727371787e-04 9.032052454929668801e-05 6.657164205692774907e-05 1.000000000000000021e-08 6.664018746355598920e-05 3.020217616695720187e-05 3.547375772534572220e-05 1.000000000000000021e-08 1.465701461050320778e-03 3.819956206099736889e-03 9.850357722765084451e-03 1.043512691841483493e-02 1.082044422747756481e-02 7.795203476359766070e-02 7.569264454095755990e-02 4.445705297883507565e-05 1.000000000000000021e-08 1.418015112899038475e-05 1.000000000000000021e-08 3.859441656164184099e-03 3.307866256811143116e-03 1.527873168426982837e-05 1.000000000000000021e-08 3.289389968904698184e-05
1.000000000000000021e-08 1.498290962506878312e-05 6.051573431010149316e-05 1.000000000000000021e-08 1.000000000000000021e-08 1.000000000000000021e-08 1.000000000000000021e-08 1.000000000000000021e-08 1.000000000000000021e-08 1.551846820852842196e-04 1.245402935063241138e-04 1.000000000000000021e-08 1.000000000000000021e-08 3.723223052894801419e-05 3.053202017543165655e-05 2.994659686709911503e-05 2.869817677404456555e-05 2.274549335214507280e-05 1.663481851799537012e-05 2.463725524914589060e-05 1.519089416976428806e-03 2.083748332652639659e-03 5.013737280219928739e-03 4.963122998899327336e-03 6.704551315976157132e-03 7.844273749263290865e-03 7.516801172624916483e-02 7.140926175020492761e-02 5.526208177667547156e-02 1.835416936365647997e-02 1.857701458990301466e-02 1.732045654503169482e-02 1.544119845473728748e-02 1.574472506682354431e-02 2.037463517757185857e-02 2.060146391010222663e-02 1.186679897064861250e-04
1.000000000000000021e-08 2.941438193832016622e-04 3.634779611780149093e-04 4.329056544997218108e-04 1.000000000000000021e-08 1.000000000000000021e-08 1.000000000000000021e-08 1.000000000000000021e-08 1.000000000000000021e-08 9.694846322348007572e-05 8.410023090202495570e-05 6.274723073400221781e-05 4.874125628367244534e-05 3.824114341856538288e-05 3.276490889159677078e-05 2.755589159621001875e-05 1.703228143171701386e-05 1.000000000000000021e-08 1.000000000000000021e-08 2.157525969191163395e-05 6.990109247280705020e-03 1.141917191496613637e-02 7.365747753538391153e-03 4.046472348744899021e-03 2.614193048486648189e-03 1.656372536597011972e-03 1.099837076054597726e-03 7.285186656048060197e-04 4.203894591170310850e-04 2.923958851771994239e-04 1.986371257876262621e-04 3.817277760995524839e-03 5.311759851844430162e-03 7.126890291356795769e-03 5.007890944589549025e-03 2.240272170005485827e-02 1.482998531277285141e-02
2.615863535021703112e-03 2.167313321273644654e-04 2.756537517985385688e-04 6.402571763590173210e-04 7.033846074636619650e-03 4.695886283963297131e-03 5.759558245392079178e-04 3.880944209896567787e-04 2.839591158093327959e-04 1.416018912683937115e-04 7.319940287715134635e-05 3.807925480113284912e-05 2.344476085718067316e-05 1.430452847584629102e-05 1.573332929004948869e-05 1.707074134249054318e-05 1.429508217543517612e-03 9.230429599471919435e-04 6.210880886051321293e-04 1.179943487275830587e-02 2.725758559234986445e-02 7.690184256069966529e-03 3.639307570304890028e-05 1.000000000000000021e-08 1.000000000000000021e-08 1.000000000000000021e-08 1.000000000000000021e-08 1.000000000000000021e-08 1.000000000000000021e-08 1.000000000000000021e-08 4.457096332147476289e-05 8.992433864954215870e-04 1.617559563218611690e-03 1.268766990281857765e-03 8.766401216795149162e-04 7.207139371123100560e-04 1.362908798981097951e-02
1.000000000000000021e-08 1.000000000000000021e-08 1.000000000000000021e-08 1.000000000000000021e-08 1.000000000000000021e-08 9.095065688937818303e-04 1.177663363006466917e-03 1.390072022764810228e-03 8.240000405580031077e-04 5.589139788115797145e-04 3.469297475531661775e-04 2.227578760669288757e-04 1.560461602531042062e-04 1.295369801254166197e-04 7.398366069852607176e-03 9.148525630135307882e-03 7.864745685386856019e-03 8.754518229131666093e-03 1.181504600071535231e-02 1.130786976291884606e-02 2.750533397142176668e-03 1.000000000000000021e-08 1.000000000000000021e-08 1.000000000000000021e-08 1.000000000000000021e-08 1.000000000000000021e-08 1.000000000000000021e-08 1.000000000000000021e-08 1.000000000000000021e-08 3.500906085260716591e-04 5.646039449049988649e-04 4.920648444709432162e-04 5.075712227664966108e-04 4.431808302873801856e-04 2.472311875232381943e-04 2.761472564378233659e-04 3.631297259384806079e-03
1.000000000000000021e-08 1.000000000000000021e-08 1.000000000000000021e-08 2.183487768921072296e-05 1.000000000000000021e-08 1.000000000000000021e-08 1.000000000000000021e-08 1.117801845755569094e-04 5.543993851325174733e-04 6.261178967515752683e-04 5.006179993717966561e-04 4.611031565361731633e-04 1.656211768190345851e-03 3.953335736777401077e-02 2.589485369603439571e-02 4.968041719590750999e-03 3.489011195575834803e-03 3.378135448666512355e-03 5.549590056757548392e-04 6.543603603982985420e-05 1.000000000000000021e-08 1.000000000000000021e-08 1.000000000000000021e-08 1.000000000000000021e-08 1.000000000000000021e-08 1.000000000000000021e-08 1.000000000000000021e-08 6.567167442805482767e-05 4.618057911988351005e-04 4.444192475786981449e-04 4.169762567267265205e-04 3.024054440078255065e-03 2.764276415240415050e-04 1.877156370238200879e-04 1.450438861025637270e-05 1.244978958872014543e-05 1.475623238541356925e-05
2.122405742669776133e-05 2.173269381033992076e-05 2.736597287066368787e-05 7.592440433604451819e-05 1.091108327206854605e-05 1.000000000000000021e-08 1.000000000000000021e-08 7.062260106480708691e-05 3.815396612693401960e-04 5.978017050028182951e-04 5.272649561225365572e-04 5.850668361714185355e-03 7.630319638565894597e-03 9.594641701372684864e-03 4.046304443477336150e-03 2.747538169050081874e-04 1.000000000000000021e-08 1.000000000000000021e-08 1.000000000000000021e-08 1.000000000000000021e-08 1.000000000000000021e-08 1.000000000000000021e-08 1.000000000000000021e-08 1.000000000000000021e-08 1.000000000000000021e-08 1.000000000000000021e-08 7.105864665748228611e-04 7.292529906532466133e-04 4.995561298696820241e-04 3.962850280237682879e-05 5.174053599390610839e-05 4.337756770816667885e-05 1.176321355468884120e-05 1.000000000000000021e-08 1.000000000000000021e-08 1.000000000000000021e-08 1.000000000000000021e-08
