output/water_depth_8640.asc
ncols 223
nrows 158
xllcorner 0.0
yllcorner 0.0
cellsize 30.0
[rows 85 to 101 of 158, columns 74 to 110 of 223]
1.000000000000000021e-08 1.000000000000000021e-08 1.000000000000000021e-08 1.000000000000000021e-08 1.000000000000000021e-08 1.000000000000000021e-08 1.000000000000000021e-08 1.000000000000000021e-08 1.000000000000000021e-08 1.000000000000000021e-08 1.000000000000000021e-08 1.000000000000000021e-08 1.000000000000000021e-08 1.553204715880135233e-05 1.000000000000000021e-08 1.000000000000000021e-08 1.000000000000000021e-08 1.822189177848462525e-05 1.000000000000000021e-08 1.000000000000000021e-08 1.000000000000000021e-08 1.000000000000000021e-08 1.000000000000000021e-08 1.003553037661229128e-05 1.000000000000000021e-08 1.000000000000000021e-08 1.000000000000000021e-08 1.352411825114843615e-04 1.000000000000000021e-08 1.379817709872812563e-05 1.000000000000000021e-08 3.446473400409503352e-05 2.574586106273729459e-05 3.912325067306377945e-05 2.820402136478432760e-05 5.024786984720294508e-04 3.137038817909182256e-05
3.311679985919785255e-04 1.954478593983554249e-05 1.721774240651831171e-04 1.000000000000000021e-08 1.000000000000000021e-08 1.000000000000000021e-08 1.000000000000000021e-08 1.000000000000000021e-08 1.000000000000000021e-08 1.000000000000000021e-08 1.000000000000000021e-08 1.000000000000000021e-08 1.000000000000000021e-08 1.169969326352413869e-05 1.000000000000000021e-08 1.000000000000000021e-08 2.497417299635382640e-05 5.712483758085009939e-05 1.111012985464083716e-04 1.580920522762614753e-04 1.699636703874437443e-04 1.000000000000000021e-08 1.000000000000000021e-08 1.000000000000000021e-08 1.000000000000000021e-08 1.000000000000000021e-08 1.000000000000000021e-08 1.000000000000000021e-08 2.916968393875004045e-05 1.000000000000000021e-08 1.000000000000000021e-08 1.043360842861120713e-05 3.031857078545075444e-05 2.104378880100067121e-05 4.132716854594113259e-05 3.378844479766923280e-05 4.649879757301715307e-05
2.254988576068614231e-05 1.558882208051950329e-05 3.053557926952089180e-05 2.252283489758540795e-04 1.772346726924193096e-04 1.485814982824094530e-04 1.190396124520760976e-04 8.021037098481382513e-05 1.000000000000000021e-08 1.000000000000000021e-08 1.000000000000000021e-08 1.000000000000000021e-08 1.000000000000000021e-08 1.000000000000000021e-08 1.117241158448410776e-05 1.260791911718750834e-05 1.000000000000000021e-08 1.000000000000000021e-08 7.744087848361770892e-05 1.085200658652338783e-04 2.320805369006799621e-04 2.184914145876004621e-04 1.000000000000000021e-08 1.000000000000000021e-08 1.000000000000000021e-08 1.000000000000000021e-08 1.000000000000000021e-08 1.000000000000000021e-08 3.256288333982781567e-05 5.948993423543087722e-05 7.954281669431504536e-05 1.000000000000000021e-08 2.420400455621105759e-05 6.483615005661070598e-05 3.223837960301598454e-05 1.019810667058181270e-04 1.532615391714081110e-05
1.542191903761442467e-04 1.317577391173012499e-04 1.171419457216256812e-04 3.378163182989755075e-04 4.484713769940544461e-04 5.820491318027081352e-04 4.785358230196051972e-04 3.594810036678024808e-04 3.732445710015417912e-04 2.725992184794327300e-04 3.029639212533516597e-04 2.482628887479129535e-04 2.081357761011367246e-04 1.542596730066596127e-04 1.148667922247420195e-04 1.000000000000000021e-08 1.388963420043859995e-05 1.333012379471100643e-05 1.144871445695877770e-04 2.641696047207231740e-04 2.145402170476462837e-04 3.187039230408275701e-04 2.929985371583417758e-04 1.616592082642955442e-04 7.802432802174626408e-05 4.464272010994026874e-05 4.498715780949931567e-05 3.926599786355136867e-05 4.401031980173601021e-05 4.970615814922897750e-05 1.201120171586299225e-04 2.132049664578761715e-04 1.847126428562930627e-04 1.835527228885331524e-04 4.114463671313822518e-04 4.983188173027602278e-05 1.008382121501519236e-04
6.451901471110825601e-04 4.777513942791692097e-04 3.793090299620786453e-04 2.334424126671177002e-04 3.313413004675721260e-04 2.426117485670087521e-04 4.831072904255629742e-04 6.620784271716226993e-04 4.410250934024081493e-04 5.991969716758258199e-04 6.423933694319907501e-04 7.378640842377072722e-04 8.208275761501117708e-04 9.084079811412913317e-04 9.733877424646558739e-04 7.411353253898071919e-04 4.887499227209674696e-04 3.752398706239028626e-04 2.761996018402134920e-04 2.654858515868892049e-04 3.997450163756458095e-04 4.577356515686112066e-04 5.187753418223064279e-04 6.010034673134321105e-04 6.965905683320862234e-04 8.789801542605213663e-04 1.029446312775833929e-03 8.168102562830447614e-04 7.634364445196954263e-05 7.112250136994435518e-05 1.322416232608174128e-03 1.704278922005362509e-03 1.203539878373800992e-03 8.379559431187906743e-04 6.504842463967954380e-04 9.241027827392296569e-05 5.914141485801449995e-05
1.409398184501828440e-04 4.692843578915912965e-04 5.464255428624357905e-04 5.392553799314655063e-04 2.787722079962309633e-04 1.772824969020548908e-04 1.048210915699828566e-04 6.733952209978334225e-05 3.451578815219197662e-04 1.617246907720472273e-04 9.845367279203843093e-05 6.524732949334739501e-05 2.981584576747001408e-05 2.011533579509781945e-05 7.258902953879120513e-05 5.539399507420703951e-04 9.144944281893476563e-04 6.705253371585502596e-04 4.564750776217314939e-04 2.405514507420844798e-04 1.574641173547040071e-04 9.655874439313627631e-05 7.550446536109173051e-05 1.000000000000000021e-08 4.280576398856178249e-04 2.964450689993891001e-04 2.492884003293196235e-04 7.846632820500682023e-04 1.169151663420565446e-03 1.289449346541946635e-03 8.671957209255676908e-04 6.999484574071251301e-04 1.028729459006804065e-03 1.856780143995856837e-04 2.306267649356668345e-04 1.012737378802566236e-03 1.529918642319700857e-04
6.950207452378418384e-05 6.660642365514046152e-05 1.016503138467199927e-04 1.236691808063570804e-04 2.124108864694231567e-04 2.103826969932191143e-04 1.742174967182378328e-04 1.674940843961440914e-04 2.934742236813694906e-04 2.829698433998584640e-04 1.516503245308079546e-05 1.000000000000000021e-08 1.000000000000000021e-08 1.000000000000000021e-08 1.000000000000000021e-08 1.282784891218455895e-05 2.346192770799618573e-05 3.199932528824564275e-04 4.197289583503857336e-05 4.653663265735088795e-05 5.722450910940632488e-05 4.647082120590586912e-05 5.591251222834464954e-05 4.155066192818253400e-05 5.373233138320820718e-05 1.000000000000000021e-08 1.000000000000000021e-08 3.632064019380387790e-05 1.000000000000000021e-08 4.303750234409857775e-05 3.702151677233794477e-05 3.463294883294120200e-05 6.484551971811829867e-04 1.002998048162965432e-04 6.341241815391220754e-04 1.539871607051831169e-04 2.450270225614163146e-04
2.836290165133613413e-05 2.391130746255276464e-05 1.789394414536185358e-05 1.247294655235589861e-05 1.554123973422684446e-04 2.805771983739753484e-04 3.973111063458054982e-04 4.826157395624315182e-04 6.092860200015762489e-04 4.733849884477563498e-04 3.103049366979468573e-05 2.055113166792353637e-05 1.000000000000000021e-08 1.000000000000000021e-08 1.000000000000000021e-08 3.843937971667305117e-05 3.565761621090777442e-05 2.642816399654329684e-04 4.831128347548209359e-04 5.132059416343973850e-04 5.435754234471895565e-04 4.380445388492674617e-04 2.972105906321756636e-04 2.118203836180340010e-04 1.404024109889706682e-04 1.000000000000000021e-08 1.000000000000000021e-08 4.564360742024491764e-05 5.130179997761246926e-05 3.900555657232844395e-05 4.274209200414131693e-05 1.000000000000000021e-08 4.884771125785752248e-04 1.303966076682909958e-03 1.081569330691248146e-03 1.396008417597766060e-04 2.021898959918264939e-04
1.449528360593787011e-05 1.935028684503186080e-05 1.000000000000000021e-08 1.000000000000000021e-08 1.000000000000000021e-08 3.136081789240636721e-05 2.182805962249047244e-05 1.869938079945506038e-05 5.163243526738302557e-05 3.806416689231113771e-04 8.666424819344068929e-05 3.260221491227557460e-05 2.737670502473477693e-05 1.000000000000000021e-08 1.127143322324492393e-05 1.359593515001652955e-04 6.343558275940058247e-05 4.189149843121588607e-05 5.528928958757297523e-05 4.152236780328632859e-05 2.238131641695198770e-05 1.608201475966925670e-04 2.100265237124726515e-04 2.605339682083676676e-04 2.778987437801456019e-04 2.155333450756697917e-04 1.494627371288383014e-04 7.967710738408906421e-05 5.145574243056957897e-05 5.748265926009106730e-05 5.926755680986552218e-05 6.040331652310797358e-05 4.908546363225189686e-04 3.865114134517637920e-04 1.275294343202512800e-03 1.380692217219731338e-03 9.013070923538849108e-04
1.090918467164384718e-05 1.673933390964121585e-05 1.000000000000000021e-08 1.000000000000000021e-08 1.000000000000000021e-08 1.000000000000000021e-08 1.000000000000000021e-08 1.000000000000000021e-08 1.000000000000000021e-08 2.168475918902602125e-04 2.099390089278619189e-04 7.315183603437599698e-05 7.034087738773172477e-04 5.168515316028365414e-04 4.516585184518607252e-04 2.603092755432623241e-04 1.000000000000000021e-08 1.000000000000000021e-08 1.000000000000000021e-08 1.000000000000000021e-08 1.880817367304411631e-05 4.932992858014870853e-05 5.958907490297375828e-05 1.806193196725933549e-04 1.563664814385447855e-05 1.895041742061020926e-05 1.000000000000000021e-08 1.000000000000000021e-08 1.000000000000000021e-08 3.294804992416675341e-05 7.130391649502534359e-05 1.179409600619176190e-04 1.940850097136438527e-04 1.749604978630384935e-04 1.613931538368606404e-04 1.160052004693278927e-03 1.386573376366429444e-03
1.000000000000000021e-08 1.325667958968060456e-05 1.000000000000000021e-08 1.000000000000000021e-08 1.000000000000000021e-08 1.000000000000000021e-08 1.000000000000000021e-08 1.000000000000000021e-08 1.000000000000000021e-08 1.000000000000000021e-08 1.104124973378823563e-04 1.499305016433532091e-04 1.112936509050532654e-04 6.196907614428047483e-04 5.884144506998440849e-04 4.379403306411918328e-04 2.341190975777673511e-05 1.000000000000000021e-08 1.000000000000000021e-08 1.175146939341054871e-05 1.779464638199372917e-05 1.377901699210255402e-05 1.000000000000000021e-08 1.000000000000000021e-08 1.000000000000000021e-08 1.000000000000000021e-08 1.000000000000000021e-08 1.000000000000000021e-08 1.000000000000000021e-08 2.078145553406550937e-05 5.325192622504661366e-05 5.905235239023368208e-05 4.599569260546251397e-05 8.279814616419190409e-05 7.224403327390196614e-05 1.723264420646083517e-04 7.064622223509165822e-04
1.000000000000000021e-08 1.000000000000000021e-08 1.000000000000000021e-08 1.000000000000000021e-08 1.884182031002403450e-05 2.842534350748345077e-05 4.707573591156862772e-05 3.276089833060781613e-05 2.421476490205605724e-05 1.000000000000000021e-08 1.000000000000000021e-08 1.086538520062984848e-05 1.070222880635698234e-05 1.410559009299958967e-05 2.056332508313282975e-05 4.227097390272295979e-05 2.003808118434146607e-05 1.687090161016312524e-05 1.000000000000000021e-08 1.000000000000000021e-08 1.000000000000000021e-08 1.000000000000000021e-08 1.000000000000000021e-08 1.000000000000000021e-08 1.000000000000000021e-08 1.000000000000000021e-08 1.000000000000000021e-08 1.000000000000000021e-08 1.000000000000000021e-08 1.387045987984236691e-05 1.000000000000000021e-08 1.000000000000000021e-08 3.687204239946256437e-05 2.750754562874149135e-05 4.968518254344103207e-05 1.106200016108613819e-04 5.144246715044885088e-05
1.000000000000000021e-08 1.000000000000000021e-08 1.000000000000000021e-08 1.226990573417904740e-05 1.399626440208925057e-05 2.162326482945402695e-05 2.749816672109052610e-05 5.084176986061297946e-05 4.020714033572807424e-05 3.266689480032200840e-05 2.420990507531030285e-05 2.291050312635072752e-05 1.876468014644197996e-05 2.360822008705468539e-05 2.993031274470508551e-05 2.200507473648666984e-05 3.537863432896209092e-05 1.593573962564958767e-05 1.000000000000000021e-08 1.000000000000000021e-08 1.000000000000000021e-08 1.000000000000000021e-08 1.000000000000000021e-08 1.004477378912649214e-05 1.244064253336905138e-05 1.000000000000000021e-08 1.000000000000000021e-08 1.000000000000000021e-08 1.000000000000000021e-08 2.354943147335185360e-05 2.499373992298006695e-05 1.000000000000000021e-08 1.000000000000000021e-08 1.907339011956701025e-05 5.151792261726837938e-05 1.000000000000000021e-08 3.238788353475065854e-05
1.000000000000000021e-08 1.000000000000000021e-08 1.000000000000000021e-08 1.000000000000000021e-08 1.269390163112495537e-05 1.251948975347959910e-05 1.521565496946554740e-05 1.193129571279543860e-05 3.537287665629445892e-05 4.844520160625034487e-05 6.804296428702087543e-05 4.992980441246931597e-05 4.621007062082963879e-05 4.489125878627135056e-05 1.000000000000000021e-08 3.680857146384148887e-05 2.201017993580248530e-05 3.193281906108940419e-05 1.000000000000000021e-08 1.000000000000000021e-08 1.000000000000000021e-08 1.000000000000000021e-08 1.000000000000000021e-08 1.000000000000000021e-08 1.390744870434525454e-05 1.000000000000000021e-08 1.600688405425431738e-05 3.119576369320824292e-05 3.685963096531099628e-04 5.216727114583388997e-04 6.643782659806788619e-04 7.880312754119566049e-04 9.082096430794750789e-04 6.609696527107489141e-04 4.972717323018227813e-04 3.539120859956999907e-04 3.733924056833080245e-04
1.249008725017850815e-05 1.000000000000000021e-08 1.099480704981566542e-05 1.000000000000000021e-08 1.000000000000000021e-08 1.000000000000000021e-08 1.000000000000000021e-08 1.000000000000000021e-08 1.000000000000000021e-08 1.000000000000000021e-08 1.280397279745583251e-05 5.850702721866127878e-05 6.011636302618063446e-05 6.011924783002585437e-05 1.000000000000000021e-08 1.000000000000000021e-08 1.852531583122418658e-05 1.538655524262288712e-05 1.000000000000000021e-08 1.591826364564987996e-05 1.000000000000000021e-08 1.000000000000000021e-08 1.000000000000000021e-08 1.000000000000000021e-08 1.000000000000000021e-08 1.000000000000000021e-08 1.579557320049217802e-05 1.684584475496317326e-04 1.594468496195634421e-04 1.676417244304777125e-04 1.569366994878705558e-04 1.578299572808046568e-04 1.114410044377351380e-04 4.543886417534684689e-04 5.116261081021511968e-04 5.429786202215574394e-04 4.968768480981279037e-04
2.951896838018059659e-05 1.000000000000000021e-08 1.000000000000000021e-08 1.000000000000000021e-08 1.000000000000000021e-08 1.000000000000000021e-08 1.000000000000000021e-08 1.000000000000000021e-08 1.000000000000000021e-08 1.000000000000000021e-08 1.000000000000000021e-08 1.000000000000000021e-08 1.000000000000000021e-08 1.000000000000000021e-08 1.000000000000000021e-08 1.000000000000000021e-08 1.000000000000000021e-08 1.000000000000000021e-08 1.000000000000000021e-08 1.000000000000000021e-08 1.000000000000000021e-08 1.000000000000000021e-08 1.087047594901502323e-05 1.344872210513905625e-05 7.387092107965886987e-05 8.374632813312305705e-05 1.098802185190234039e-04 1.071855646454516900e-04 9.664168538420925140e-05 7.429294165308444583e-05 7.858687356817700654e-05 6.485953930977856794e-05 1.000000000000000021e-08 2.448514839121342381e-05 3.005399731230177173e-05 4.440569503562935712e-05 4.614259794585993577e-04
2.579903524801856928e-05 2.394163453869579793e-05 2.493654101953401601e-05 1.000000000000000021e-08 1.000000000000000021e-08 1.000000000000000021e-08 1.000000000000000021e-08 1.000000000000000021e-08 1.000000000000000021e-08 1.000000000000000021e-08 1.000000000000000021e-08 1.000000000000000021e-08 1.000000000000000021e-08 1.000000000000000021e-08 1.000000000000000021e-08 1.000000000000000021e-08 1.000000000000000021e-08 1.000000000000000021e-08 1.000000000000000021e-08 1.000000000000000021e-08 1.000000000000000021e-08 1.000000000000000021e-08 1.158269804033378409e-05 1.619971482446590759e-05 5.546012473800807736e-05 9.351899015249437344e-05 1.193289228294504495e-04 1.349690829523924609e-04 1.000000000000000021e-08 1.000000000000000021e-08 1.000000000000000021e-08 3.360682739878264946e-05 2.857176926747813251e-05 2.021865222538989592e-04 3.088759267931451172e-05 2.307250692177089546e-05 4.491280485387410604e-05
