output/water_depth_2040.asc
ncols 223
nrows 158
xllcorner 0.0
yllcorner 0.0
cellsize 30.0
[rows 51 to 67 of 158, columns 111 to 147 of 223]
2.525869315215899637e-04 1.971302035900529971e-04 5.909405886741615039e-05 7.956079049401516639e-05 1.080252327774657700e-04 1.475425489327443843e-04 1.557414065238097714e-04 1.727470846570933248e-04 1.578094994650670630e-04 2.151705569771607241e-04 2.569340155044989469e-04 4.542599694598443137e-04 7.371702568705432732e-04 6.262732124717509128e-04 9.037771600265019547e-04 7.994889711183171630e-04 8.494187907163069972e-04 7.523660107314197941e-05 6.562255481488969862e-05 3.041410335735237090e-05 3.598865111686286821e-05 2.031364499039172366e-05 3.601657542848576689e-05 7.827205573327240666e-05 4.242653717978173101e-04 3.716462134346314584e-04 3.244969664030451176e-04 1.352769901892624633e-04 4.343710323697199879e-04 8.122087201701256014e-04 1.505264011111535818e-03 1.406716097878497104e-03 1.876502434690495349e-03 8.069927148194366894e-04 1.167040951136882193e-03 1.859799799324382595e-03 4.496609336413422663e-03
1.195886994202373919e-04 5.927664860792628552e-05 2.174854080165817456e-05 4.462171305418427981e-05 6.550456449067013792e-05 9.739481794246546381e-05 8.029160439816216842e-05 6.851450153783974356e-05 5.541408345348370181e-05 1.324017118458347005e-04 1.348500869468264186e-04 1.568283960141634615e-04 1.782838639566089727e-04 1.963793521350845714e-04 1.510451823303033092e-05 1.852810097921844552e-04 1.839766084827236005e-04 1.741348689431524821e-04 1.554061871836674063e-04 1.787734045049193512e-04 1.956244930751506786e-04 2.306430836292247143e-04 4.749365464454150887e-04 3.220496682442355331e-04 2.111915613515485826e-04 1.516430546710826547e-04 1.131993896935603916e-04 3.247353908584633660e-04 3.639939929098625748e-04 6.672182585807231526e-04 3.830059601882585571e-04 4.940841813539596219e-04 2.389969747542751259e-04 4.086308901424465646e-04 5.489025349592438789e-04 3.668301499126051367e-03 1.740398026685568457e-03
2.746960656228309545e-04 8.585797924163905822e-05 6.128170787851508049e-05 1.707283741075479213e-05 1.943696472903958932e-05 4.024470621061550213e-05 2.233365869223307820e-04 2.422425417473796929e-04 2.415314348337796490e-04 1.466872237054117796e-04 1.432661886207944326e-04 1.789663449662467511e-04 1.173156610419610082e-04 9.768151926178201226e-05 1.219576136437796682e-04 1.049302176637988365e-04 8.239393306645376755e-05 6.857364954838412346e-05 8.257919849043715013e-05 7.965101933995758702e-05 7.747810853091933786e-05 9.273769298754498257e-05 1.773668207932475329e-04 6.314855527294337178e-04 1.043902298674426101e-03 3.790414888581174983e-04 2.288339150607315593e-03 1.798248493395655833e-03 7.537565683779662859e-04 3.938923267628343088e-04 4.708676648032039452e-04 1.707867090352151445e-04 1.967897087265003410e-04 1.114579358217365800e-03 3.036939864618090016e-03 3.155721824545309421e-03 1.262454486423089184e-03
2.718775231336819482e-04 1.190301238364705280e-04 7.757921211075416944e-05 2.253813059463705693e-05 5.598929829197469362e-05 9.492599827717174534e-05 1.080881230687922169e-04 1.985673522223047331e-04 2.286612813530495940e-05 2.665896496760931879e-05 1.576918804649828554e-05 2.095723812884149091e-05 3.111527475458505980e-05 1.030686715052357987e-04 1.000000000000000021e-08 1.377187230695947777e-05 1.199768108584391000e-04 1.264864563084913804e-04 1.540233534195233685e-04 1.999562080500240618e-04 2.262139962356340104e-04 2.211802260125378882e-04 1.738705256358387429e-04 2.597670747032626679e-04 3.180361979633386494e-04 1.803459626600777870e-03 1.721887442747358594e-03 2.243283105730309052e-03 1.581409871978837643e-03 4.113931969921251095e-04 1.419017179517041054e-04 2.563286437932482610e-04 3.735972786722907362e-04 1.416971420210649639e-03 1.713397668532664741e-03 9.962003197731320557e-04 2.593761280289054753e-04
6.102813395434936432e-04 1.719701958635285702e-04 1.001304520071517380e-04 2.427168972306551476e-05 9.020362399511818027e-05 1.128923631953198910e-04 1.562784971330848983e-04 2.708109518128409230e-05 2.558736188243318664e-05 3.217947809370261215e-05 2.353141696150204377e-05 2.383650010728877221e-05 3.589143252156433282e-05 1.702510942910622901e-05 3.786600541448628248e-05 4.571734618754245798e-04 1.560896764916404995e-04 1.359902799636529048e-04 2.068697290942560392e-04 4.410544054070659049e-04 7.220093292465377130e-04 1.009863414352234548e-03 1.286691802060681506e-03 1.742268278678224753e-03 1.956741164116587196e-03 1.359910081491828024e-03 1.045110185024681476e-03 8.019234973154384634e-04 1.067419559952383730e-03 7.451454568785701414e-05 1.146808305059040313e-04 9.400859925970243315e-05 8.874020155943142772e-04 1.600218341676954564e-03 1.206607719288422826e-03 1.313485422182012906e-04 2.990099390105816759e-04
1.943403123215284778e-03 2.497130494004261726e-04 1.171761700873486287e-04 1.000000000000000021e-08 7.945871790021056191e-05 1.389304707358714793e-04 2.052076753032539111e-04 2.249907445270321813e-05 3.457930992798057316e-05 2.244467213218834004e-05 3.697029338279245929e-05 6.775455124449459253e-05 1.522941579136286175e-05 2.768993497827937459e-05 3.798528683723175967e-04 1.023624927022702196e-03 1.958493626101381793e-04 4.163881830887125515e-04 2.313926499134424768e-04 2.417232369939186875e-04 3.724089255652064575e-05 4.902751642601457186e-04 7.571139738179373264e-04 6.570661234863936235e-04 9.475257207536301246e-04 1.136666424443822472e-03 3.599165687283735330e-04 1.257654907535569674e-03 1.488597834826522071e-03 6.630558623236884348e-04 5.094543492168228903e-04 1.170673141608279035e-03 5.379959971759659199e-04 1.607490056193696878e-03 1.001285679641698585e-03 5.596130895707112371e-05 3.484046741220358286e-04
2.474544000292989987e-03 6.551879970214321029e-04 1.505313113373015876e-04 1.000000000000000021e-08 9.760022116258284988e-05 1.684305686328161115e-04 2.346480988565188372e-05 3.335487114128780824e-05 2.281110869020702415e-05 4.056413008635576336e-05 2.634632107327100921e-05 1.386050897344255975e-04 2.063739896835180035e-05 1.724143120197365993e-05 5.060475098567822431e-05 2.000175284162127292e-03 6.351004668846211426e-03 5.651393292489834353e-05 1.000000000000000021e-08 2.276447190419685898e-04 2.512679767489138516e-04 1.728315577905704318e-04 1.218141570170156238e-04 1.360017337416628207e-04 1.024793359146594163e-04 1.789293395880951190e-04 3.798600903877683948e-05 3.590793557197714239e-05 7.072285686075035420e-05 1.920507950773531908e-04 5.023622348060917918e-04 1.080519573093814212e-03 9.360622511061260018e-04 1.530794392825542746e-03 4.059831072285074918e-04 3.560632169624733195e-04 3.108933094199907887e-04
1.314891155865969110e-03 6.467299060856394281e-04 5.059945792255481209e-04 1.275867955670078420e-04 2.334677593142202301e-04 2.141892066935016547e-05 3.202153558634276975e-05 2.218371682261001548e-05 4.045168084563420069e-05 2.758778536083282968e-05 4.885483432942893973e-05 1.737574443266519115e-04 6.475732562077761878e-05 1.655491790753032345e-05 7.563412436730450133e-05 1.749849870791716014e-02 1.231957224184085029e-03 1.360844294720667356e-04 1.527097588122846314e-04 2.440232197875476228e-04 3.663438689774494990e-04 3.532867207925383590e-04 3.265352512887032010e-04 3.890757488892453598e-05 1.574515512672155316e-05 2.204680914068020059e-05 2.047585768077479345e-05 1.962272034965687679e-05 2.605228425425485300e-05 2.826590563052423614e-04 2.821800008785703678e-04 2.503438298911223872e-04 2.439317153016154309e-04 4.935778916886850555e-04 2.397311620814118760e-04 2.584653492504580211e-04 2.374845568265518999e-04
2.491878561796981653e-03 2.194556644836711656e-03 1.705274517018722869e-03 8.133097235116082792e-04 1.942980435655067002e-04 6.767768498664925286e-05 1.268544302141708560e-05 3.164437420694920421e-05 2.487779470991399115e-05 4.780205040957820513e-05 3.366765164522179325e-05 1.531568705552263719e-04 2.499128991522516527e-04 1.059268759293085799e-03 9.859137057255770893e-04 2.998602889992426929e-03 2.614657417831859872e-04 1.646214157548140885e-04 1.734093596439922598e-04 2.635293271857624552e-04 5.986408793910403484e-04 9.787806709024128929e-04 7.911279367812262429e-04 1.142569383542014274e-04 9.440255818692343563e-05 3.894800411695619998e-05 5.326047904299708506e-05 7.104153829022143781e-05 5.195031935727666242e-05 5.199238726178918336e-04 1.732356375214323641e-04 1.000000000000000021e-08 7.048673778058060888e-05 6.176618385000748823e-05 8.522991059923430148e-05 9.684124390062020344e-05 1.329178192301537140e-04
7.437508590383654517e-04 7.341807443751254166e-04 1.513392129003978412e-03 4.684169399316711062e-04 9.100696490748328392e-04 2.305651120221025713e-04 3.328211809430501656e-05 2.402804135924243773e-05 4.590021979825956709e-05 3.366752451701159911e-05 6.298608593508970188e-05 7.718719292087772342e-05 2.695161012075697384e-03 1.959818958264321082e-03 5.804118628100457099e-04 7.246711596798555751e-04 2.760755013183159091e-05 2.701017174335215753e-04 1.844499293655639397e-04 2.222883908689107075e-04 2.320303350914646259e-04 2.691686114056127924e-04 1.107655398936974525e-03 6.165296480159168516e-04 6.684485490428156412e-04 1.042270423296954652e-03 8.142128328629022645e-04 6.165631951091280578e-04 5.290064416412227754e-04 2.722670210331682903e-04 6.823330224989477199e-05 2.971485427655921364e-04 1.611853829965173362e-04 1.592336771384295817e-04 1.369911831647910771e-04 1.159178607081521114e-04 6.852784021614367958e-05
5.250815848265950794e-04 1.021817958174596041e-03 8.563429022801202556e-04 1.153134379373825427e-03 1.350221797638673834e-03 8.072116975582715147e-04 2.234138099336519629e-04 4.254047158487101648e-05 3.433081269294782807e-05 6.621479422744920226e-05 4.916956210896131582e-05 1.210709526901219323e-04 3.223892417595025737e-03 9.381341682986814963e-04 7.356605067201109262e-04 2.490590851722189838e-04 7.860698530222134917e-05 3.042749544371888362e-04 1.459735523574490928e-04 2.500965103150230395e-04 2.589767852118960551e-04 3.957737857999544097e-05 5.110923531293697721e-05 3.628576250929754408e-04 3.381579072466731409e-04 3.481362158756265944e-04 1.705778835595455321e-04 2.646923716695672672e-04 1.056975248215438583e-03 4.277300983326902699e-04 2.240166060143101903e-04 7.374072325585412542e-04 5.251812933510955836e-04 2.329826757432205346e-04 2.095490026083726199e-04 1.525332827381318960e-04 7.844278972601811961e-05
9.670576357130847202e-04 6.749221337488742808e-04 1.349545309546262492e-03 1.556056184239443686e-03 4.483979185732607162e-03 7.319949351938116744e-03 9.621592943287105753e-04 1.127935287506282177e-04 1.326900275728785830e-04 7.875631835056170820e-05 1.280476302935453859e-04 2.797279692089354531e-04 3.595371864120460500e-03 1.691493189595367911e-03 2.761384774243338903e-04 4.646160035823044274e-04 2.795018649815546232e-05 7.901056410202822228e-05 1.657953063928528149e-04 2.379975425822769509e-04 2.927969667505523396e-04 3.594218257163252434e-05 2.900005929398026869e-05 2.683837074859783391e-05 5.431854097339529542e-05 4.331325830448629722e-05 9.245206796981494534e-05 3.101699137304499230e-04 9.690523579747402144e-04 8.621956366898459812e-04 3.864161371269354524e-04 3.426003198057625261e-04 1.126827082308026230e-03 3.081690583222171831e-04 2.036086341889428220e-04 2.354933333027803982e-05 1.000000000000000021e-08
8.186416243489578939e-04 1.325016898122467930e-03 8.966434356887771845e-04 1.170001704973154446e-03 3.616993530307545802e-04 3.278324219573460971e-03 1.442015308570597509e-03 1.366711307619470966e-03 5.292146582229464904e-04 5.592898345254165762e-04 6.147795493032790545e-04 3.494986462584786287e-03 6.549796296964806135e-03 8.404745316833256387e-04 7.289347590661944326e-04 1.661634522154745272e-04 2.774445158076919505e-05 7.228588560794380752e-05 2.355921874251818099e-05 2.289420461620320329e-04 3.205771889536559484e-04 5.614426998654270144e-05 2.854636605796596652e-05 4.795015430463347631e-05 3.470414868331481758e-05 6.411636166920469705e-05 9.546726150768295263e-05 3.750171490404721883e-04 7.313940328942481004e-04 1.414502945986661608e-03 8.200919689780560018e-04 3.450686832221100961e-04 1.493840017284566108e-03 3.624521968175774592e-04 5.721205342425108708e-04 3.636595697915123894e-05 1.000000000000000021e-08
1.589163967501258136e-03 9.943675528629452188e-04 2.384513875650647041e-03 7.466049863625984738e-04 9.561294302643723146e-04 1.540243623214112862e-03 2.508861982837914603e-03 1.374489329761486352e-03 1.676388947494534230e-03 7.878546639048067228e-04 8.144965196357327204e-04 6.611385113192207348e-03 1.035813608882589498e-02 1.877510975576487636e-03 2.540672509264122088e-04 1.483060193091772627e-04 1.000000000000000021e-08 4.875806158863104202e-05 6.744188356904046329e-05 4.814507231625642482e-05 3.370758788299457135e-05 2.999281776388529805e-05 5.219006640053059536e-05 3.378322892406423968e-05 6.166285754369513227e-05 4.312630181960756218e-05 1.024241408350170634e-04 5.387856459858906058e-04 6.679888909123688368e-04 2.308733770361004033e-03 1.129890586792728488e-03 6.925948505675791952e-04 8.458197849034694094e-04 1.255568263676851929e-04 3.318897220555307973e-04 8.273034974014814840e-04 2.942878421149447898e-05
1.191329452726735960e-03 1.883925281624568553e-03 1.491889841256899361e-03 1.865102986725673383e-03 1.652202223914801815e-03 1.744338777708085222e-03 1.458822414753785162e-03 2.407238066592152278e-03 1.391026924805863251e-03 2.716027196405586437e-03 1.814693619677305381e-03 5.131027495606569483e-03 1.146453837035776163e-02 9.647871530098542890e-04 3.653817837032029910e-04 1.382603115759886638e-04 1.086359141528422565e-05 1.638718881850080344e-05 1.264579939264387509e-04 5.712213554018962653e-05 3.710536205595799320e-05 2.791310379348173234e-05 2.696763215711242459e-05 5.458725040818748276e-05 3.975166724339259717e-05 7.540449658316484562e-05 6.243870548335546454e-05 1.568934147360367634e-04 2.813712631631666572e-03 2.640023913715066305e-03 3.941101623427090139e-03 1.216956639675691697e-03 2.225470897342317323e-04 2.167154817547824706e-04 3.017068248854515582e-04 1.726947106534186635e-04 3.007186527096427937e-04
2.118121586028826314e-03 1.351170086289658206e-03 2.412252181515858480e-03 2.486182232819452494e-03 3.776554965796761684e-03 9.956281746297487335e-04 2.112034851894603518e-03 1.138027731983313161e-03 2.193550590714158852e-03 2.940001861771347671e-03 1.031678625565767872e-02 5.567811918846710291e-03 5.618575498461207858e-03 8.637559622937294687e-05 4.201478401357198913e-04 1.951309968104147387e-04 1.000000000000000021e-08 1.587465761713491850e-05 4.969757578512236888e-05 1.758785613089672685e-04 7.865363229595279961e-05 3.410003762495512848e-05 2.529317387170010843e-05 2.734501255897272496e-05 6.105851754550068833e-05 4.772722137499485208e-05 1.022008584100067227e-04 1.135242718256356285e-04 5.425807948751716452e-03 3.429942103685630454e-03 3.030166638495561046e-03 4.489683887456119831e-04 2.732077586416847663e-04 1.990044386686493593e-04 2.238841301012396636e-04 3.478824366675453716e-04 6.072840740427433263e-04
1.266686475365818481e-03 2.226454334585991398e-03 1.624258263102515854e-03 4.294004040369133086e-03 3.350252614495880573e-03 4.300278629597175870e-03 4.299830740193284740e-04 2.112952733705803551e-03 1.098427992756671918e-03 1.418210609390328086e-02 7.452776611225763945e-03 5.935383421703537346e-03 2.816258869363277850e-03 1.115005529307934127e-05 2.547820038527638122e-05 7.597308249747083573e-05 7.017156556982984995e-05 3.179581006869605127e-05 7.595354380079968816e-05 2.317276477353128004e-04 5.223833208593094612e-04 1.537681873750093163e-04 1.475101651232484779e-05 3.833112891737826061e-05 1.046963482533597048e-04 2.963672823467597048e-04 5.890255778815928038e-04 1.007517485039333008e-03 6.897813172247944241e-03 1.602361539162472761e-03 8.715619905401650542e-04 1.392567850174987855e-03 1.248773297990295530e-03 5.991992780072366099e-04 1.116590047887270416e-04 3.457343359254542222e-04 1.106732211647397553e-03
