output/water_depth_9720.asc
ncols 223
nrows 158
xllcorner 0.0
yllcorner 0.0
cellsize 30.0
[rows 85 to 101 of 158, columns 111 to 147 of 223]
1.875478998887990148e-04 3.997518645734341142e-04 4.193409287677468266e-04 3.760249715729008842e-04 3.171904893314473413e-04 8.525939898267525857e-05 1.339749400921493646e-04 1.533203929976935430e-03 4.160603059827095232e-03 9.231054370368415229e-04 1.334800323921959432e-04 9.906240174366831542e-05 7.200241177438229819e-05 6.419985101504182895e-05 3.854574503179803260e-05 2.680868282764893072e-05 2.442129066095142538e-05 3.199744562019877359e-05 1.000000000000000021e-08 1.000000000000000021e-08 1.000000000000000021e-08 1.000000000000000021e-08 7.583098198022118807e-05 3.567728808545984957e-05 1.000000000000000021e-08 1.000000000000000021e-08 1.000000000000000021e-08 3.214355933388279954e-05 3.345320033133141835e-05 1.749376292927872954e-05 1.000000000000000021e-08 1.000000000000000021e-08 1.000000000000000021e-08 1.000000000000000021e-08 1.000000000000000021e-08 2.572541066586292693e-05 1.000000000000000021e-08
3.168057383080524173e-04 2.193583407517860908e-04 1.867867005391172857e-05 4.168968309875528856e-05 3.842048927290141083e-04 4.261678005981266263e-05 1.448899718645964643e-04 1.091445449087865768e-03 4.827736045734528150e-03 6.321494862607185752e-04 7.477678543384039343e-05 8.846245168042710420e-05 8.868707268907585468e-05 1.000000000000000021e-08 1.000000000000000021e-08 2.559156551294705076e-05 3.269415778325155455e-05 5.053284402712395883e-05 1.000000000000000021e-08 1.000000000000000021e-08 1.000000000000000021e-08 1.000000000000000021e-08 1.088304190392518924e-04 4.396068795829298666e-05 1.920728070596101276e-05 1.598171464406547394e-05 1.000000000000000021e-08 3.634992458454926287e-05 1.810394299239752918e-05 1.000000000000000021e-08 1.000000000000000021e-08 1.000000000000000021e-08 1.000000000000000021e-08 1.000000000000000021e-08 1.000000000000000021e-08 1.191734608817041003e-05 1.000000000000000021e-08
3.639339144767467145e-05 1.759555200300604209e-05 1.000000000000000021e-08 3.615826016872824444e-05 3.039720812859055335e-04 4.715496805169732655e-04 1.601812390001084308e-04 1.907567176262749478e-02 7.137897666230779564e-03 5.151092740236354111e-04 1.000000000000000021e-08 5.999030364312054161e-05 1.000000000000000021e-08 1.000000000000000021e-08 1.000000000000000021e-08 2.473129587309855782e-05 5.009335943874539251e-05 4.886144960320343435e-05 3.359836592377038938e-05 1.071633744783161546e-05 1.000000000000000021e-08 7.140629675459852881e-05 1.044612099439189541e-04 7.399261518556048492e-05 3.256100481325851110e-05 1.961399684110705865e-05 1.256915810239308145e-05 1.000000000000000021e-08 1.000000000000000021e-08 1.000000000000000021e-08 1.000000000000000021e-08 1.000000000000000021e-08 1.000000000000000021e-08 1.000000000000000021e-08 1.000000000000000021e-08 1.000000000000000021e-08 1.000000000000000021e-08
4.606911164347021417e-05 1.000000000000000021e-08 1.000000000000000021e-08 1.000000000000000021e-08 2.208534459145992934e-04 2.471104108216789461e-05 2.398035688852516580e-05 1.000000000000000021e-08 8.037687040237167721e-03 4.131866281241734534e-04 1.000000000000000021e-08 4.359485200614048099e-05 3.108876536229578211e-05 2.901746834620124121e-05 3.053159558888491536e-05 3.852108879120922735e-05 5.521666953143088136e-05 8.896760860988140839e-05 3.360556406082810285e-05 7.295735660334674551e-05 7.279811403741906462e-05 1.130399145398047392e-04 1.111966834695291115e-04 2.903949391174417012e-05 1.848846635648875201e-05 1.617053041582666045e-05 1.518298884647060105e-05 1.781482807911779093e-05 1.000000000000000021e-08 1.000000000000000021e-08 1.000000000000000021e-08 1.000000000000000021e-08 1.000000000000000021e-08 1.000000000000000021e-08 1.000000000000000021e-08 1.000000000000000021e-08 1.000000000000000021e-08
8.228705973141701719e-05 1.000000000000000021e-08 1.000000000000000021e-08 1.000000000000000021e-08 1.000000000000000021e-08 3.519492498520569458e-05 1.000000000000000021e-08 1.000000000000000021e-08 5.006899971664459381e-03 4.499261946585476728e-03 2.482979181679319618e-05 2.898273402979288215e-05 1.000000000000000021e-08 1.000000000000000021e-08 1.000000000000000021e-08 1.000000000000000021e-08 1.000000000000000021e-08 7.898801887051904911e-05 1.000000000000000021e-08 8.591571678074523826e-05 5.327163549242894892e-05 1.000000000000000021e-08 1.113433725314018966e-05 1.000000000000000021e-08 1.000000000000000021e-08 1.000000000000000021e-08 1.000000000000000021e-08 1.000000000000000021e-08 1.000000000000000021e-08 1.000000000000000021e-08 1.000000000000000021e-08 1.000000000000000021e-08 1.000000000000000021e-08 1.000000000000000021e-08 1.000000000000000021e-08 1.000000000000000021e-08 1.000000000000000021e-08
9.602551444561587056e-05 6.432782306744833697e-04 1.000000000000000021e-08 1.000000000000000021e-08 1.000000000000000021e-08 2.780863311906537187e-05 1.883213117671959100e-05 1.650039938366281388e-05 3.198422879078560623e-03 3.055116131752634058e-03 2.644613304145170939e-03 3.441842043817778694e-04 1.000000000000000021e-08 1.000000000000000021e-08 1.000000000000000021e-08 1.000000000000000021e-08 1.000000000000000021e-08 6.577850459850704114e-05 8.319818792279254664e-05 8.838754519425393854e-05 4.529920044762412388e-05 1.000000000000000021e-08 1.000000000000000021e-08 1.000000000000000021e-08 1.000000000000000021e-08 1.000000000000000021e-08 1.000000000000000021e-08 1.000000000000000021e-08 1.000000000000000021e-08 1.000000000000000021e-08 1.000000000000000021e-08 1.000000000000000021e-08 1.000000000000000021e-08 1.000000000000000021e-08 1.000000000000000021e-08 1.000000000000000021e-08 1.000000000000000021e-08
1.126699121153581628e-03 1.062746519867382262e-03 7.432249056511386212e-04 4.985393769856854987e-04 3.494177030161005532e-04 3.999905885901989025e-04 2.812204524184602197e-04 1.000000000000000021e-08 2.049319879517758937e-03 3.532140873429421690e-03 3.679017151838067864e-03 3.130058204981213225e-03 9.588799284363499554e-05 1.000000000000000021e-08 1.000000000000000021e-08 1.000000000000000021e-08 1.000000000000000021e-08 6.603564077040163717e-05 1.478691020499001770e-04 8.057488812297989417e-05 1.000000000000000021e-08 1.000000000000000021e-08 1.000000000000000021e-08 1.000000000000000021e-08 1.000000000000000021e-08 1.000000000000000021e-08 1.000000000000000021e-08 1.000000000000000021e-08 1.000000000000000021e-08 1.000000000000000021e-08 1.000000000000000021e-08 1.000000000000000021e-08 1.000000000000000021e-08 1.000000000000000021e-08 1.000000000000000021e-08 1.000000000000000021e-08 1.000000000000000021e-08
1.094215449676168858e-04 8.058587964032058694e-04 1.622521972432046161e-04 8.517890165170988181e-05 8.763461359136102426e-05 4.469286613306596963e-05 9.880555754691273192e-05 3.002567762658225160e-05 1.380715675975619037e-03 4.050544471620002272e-03 7.060999220117536272e-03 5.231719002966822227e-03 1.205936391012364314e-03 7.657084645210717085e-04 5.321932028851037149e-04 7.026988657590192439e-04 8.799058236957858943e-04 1.089023008139651657e-03 3.253191705287272490e-03 3.567635921185910555e-05 1.000000000000000021e-08 1.000000000000000021e-08 1.000000000000000021e-08 1.000000000000000021e-08 1.000000000000000021e-08 1.000000000000000021e-08 1.000000000000000021e-08 1.000000000000000021e-08 1.000000000000000021e-08 1.000000000000000021e-08 1.000000000000000021e-08 1.000000000000000021e-08 1.000000000000000021e-08 1.000000000000000021e-08 1.000000000000000021e-08 1.000000000000000021e-08 1.000000000000000021e-08
6.008894105933015048e-04 7.463581052801637359e-04 1.139717112780140639e-04 1.466182192334720318e-04 7.124311977319195657e-05 6.901812846593451383e-04 4.686211237139051799e-04 6.710966252035669094e-04 1.280451528195274569e-03 1.055451389847498469e-03 4.436748608502411018e-04 2.933141918725753680e-03 1.378669877526920171e-03 1.366901048462091338e-03 2.055494938359459737e-03 1.715786379616840527e-03 1.850710962958493746e-03 1.468359821470679484e-03 4.178616642779790780e-03 3.492958863895538873e-03 1.000000000000000021e-08 1.000000000000000021e-08 1.000000000000000021e-08 1.000000000000000021e-08 1.000000000000000021e-08 1.000000000000000021e-08 1.000000000000000021e-08 1.000000000000000021e-08 1.000000000000000021e-08 1.000000000000000021e-08 1.000000000000000021e-08 1.000000000000000021e-08 1.000000000000000021e-08 1.000000000000000021e-08 1.000000000000000021e-08 1.000000000000000021e-08 1.000000000000000021e-08
4.740237431395649789e-04 6.232594067786536522e-04 3.014608085310968143e-04 1.720077942355132490e-03 1.241581291568741655e-02 2.699147499011077516e-03 2.024705558921336638e-03 1.366940902032499558e-03 1.543737953357286882e-03 1.142751393237230765e-03 8.503995340087370245e-04 7.068760560382901645e-04 2.777640281931721949e-03 2.649601142359226964e-03 1.149546220524591848e-03 7.065975670471015459e-04 5.153838898824515896e-04 4.437483728337654823e-04 3.687358390417851649e-03 6.621022211167032490e-03 1.027700099188303007e-05 1.000000000000000021e-08 1.000000000000000021e-08 1.000000000000000021e-08 1.000000000000000021e-08 1.000000000000000021e-08 1.000000000000000021e-08 1.000000000000000021e-08 1.000000000000000021e-08 1.000000000000000021e-08 1.000000000000000021e-08 1.000000000000000021e-08 1.000000000000000021e-08 1.000000000000000021e-08 1.000000000000000021e-08 1.000000000000000021e-08 1.000000000000000021e-08
7.854106989755504844e-05 1.355897985118629471e-04 1.436806080536014813e-04 4.972242925766951795e-04 5.024310085082046807e-04 3.969871522267506402e-04 1.257785362188098719e-03 2.059951385259412016e-03 2.044309003545249394e-03 2.571236177389771456e-03 2.901573249722146346e-03 2.688207142310873338e-03 2.643711598981929572e-03 2.424722310428422366e-03 1.860284913899154513e-03 1.307724535873390275e-03 8.552984019095905650e-04 9.914135737893970887e-04 5.388434868231366031e-04 6.845200496624288637e-03 1.151944821285473096e-05 1.000000000000000021e-08 1.000000000000000021e-08 1.000000000000000021e-08 1.000000000000000021e-08 1.000000000000000021e-08 1.000000000000000021e-08 1.000000000000000021e-08 1.000000000000000021e-08 1.000000000000000021e-08 1.000000000000000021e-08 1.000000000000000021e-08 1.000000000000000021e-08 1.000000000000000021e-08 1.000000000000000021e-08 1.000000000000000021e-08 1.000000000000000021e-08
3.693176246759757972e-05 3.583211681628571476e-05 3.419717152797586908e-05 4.009403717713387507e-05 2.323930951789870156e-04 3.527967343393291467e-04 7.401301862395362474e-04 6.529982745696630243e-04 2.361191062350065113e-03 1.309231865102575406e-03 1.020545258261818704e-03 1.950047886694640780e-03 2.576890282848834715e-03 2.548775064578423424e-03 8.248003084982653355e-04 4.010408686985460626e-04 6.942441432698226575e-04 4.740905447767864355e-04 1.317445396025207190e-03 6.660719169195502935e-03 1.292828331051346563e-05 1.000000000000000021e-08 1.000000000000000021e-08 1.000000000000000021e-08 1.000000000000000021e-08 1.000000000000000021e-08 1.000000000000000021e-08 1.000000000000000021e-08 1.000000000000000021e-08 1.000000000000000021e-08 1.000000000000000021e-08 1.000000000000000021e-08 1.000000000000000021e-08 1.000000000000000021e-08 1.000000000000000021e-08 1.000000000000000021e-08 1.000000000000000021e-08
8.154181402313127457e-05 1.185190821758676982e-05 1.000000000000000021e-08 2.353745855158659620e-05 1.746745480185157547e-04 3.230525807110191982e-04 5.387496540917682038e-04 5.280325686773536904e-04 7.269151350805412505e-05 1.504934832649056997e-03 6.805469451657590531e-05 2.928576018438665100e-04 3.848775993931552756e-04 7.703604969476877430e-04 4.842051954831792077e-04 7.055089367692329123e-04 5.627606247842125787e-04 7.047056030615126429e-04 1.664020314703716424e-03 7.364912788323588200e-03 1.438480179492275796e-05 1.000000000000000021e-08 1.000000000000000021e-08 1.000000000000000021e-08 1.000000000000000021e-08 1.000000000000000021e-08 1.000000000000000021e-08 1.000000000000000021e-08 1.000000000000000021e-08 1.000000000000000021e-08 1.000000000000000021e-08 1.000000000000000021e-08 1.000000000000000021e-08 1.000000000000000021e-08 1.000000000000000021e-08 1.000000000000000021e-08 1.000000000000000021e-08
3.722175668635492010e-05 3.860085070887838538e-05 1.170765413468827653e-05 2.006277637229684677e-05 1.000000000000000021e-08 1.750172798182328155e-04 4.091546148105626690e-05 7.058083545607039193e-05 4.337010212249469169e-05 1.122948350180608384e-03 3.269423648795623163e-04 9.780592600569598075e-05 3.432690264617699457e-04 3.368278795222217009e-04 1.155390053592467766e-03 2.421431553662105676e-03 1.716116687649669363e-03 1.268816448350613448e-03 2.351454390491505234e-03 8.372667616776375069e-03 2.512267306326505890e-05 1.000000000000000021e-08 1.000000000000000021e-08 1.000000000000000021e-08 1.000000000000000021e-08 1.000000000000000021e-08 1.000000000000000021e-08 1.000000000000000021e-08 1.000000000000000021e-08 1.000000000000000021e-08 1.000000000000000021e-08 1.000000000000000021e-08 1.000000000000000021e-08 1.000000000000000021e-08 1.000000000000000021e-08 1.000000000000000021e-08 1.000000000000000021e-08
4.772134688444493070e-04 3.568861484650040147e-05 3.594591243547169690e-05 1.698633022368867796e-05 1.000000000000000021e-08 1.000000000000000021e-08 2.424973535086504998e-05 2.869164292898807383e-05 1.156564880636282275e-04 9.394310719784603131e-04 1.133815634359998815e-03 4.434436981551904142e-04 9.924386341598334790e-05 3.651468323716381987e-04 1.831069835853582530e-04 1.919883532342170828e-03 5.718428913027565671e-04 3.086675383095639075e-04 2.549040779287143417e-04 8.363494300575024035e-03 1.524476406428113256e-03 1.000000000000000021e-08 1.000000000000000021e-08 1.000000000000000021e-08 1.000000000000000021e-08 1.000000000000000021e-08 1.000000000000000021e-08 1.000000000000000021e-08 1.000000000000000021e-08 1.000000000000000021e-08 1.000000000000000021e-08 1.000000000000000021e-08 1.000000000000000021e-08 1.000000000000000021e-08 1.000000000000000021e-08 1.000000000000000021e-08 1.000000000000000021e-08
3.273040223706480270e-05 4.907244066575075671e-05 2.579213968027426745e-05 3.588266115961774257e-05 1.088670203774369574e-05 1.000000000000000021e-08 1.000000000000000021e-08 2.401851209914537588e-05 1.000000000000000021e-08 1.002859707999440069e-04 8.982637072498712459e-04 5.463805558489582886e-04 1.668578329433917417e-04 1.127447464409567235e-04 4.340928558811300375e-04 2.735493931928689357e-04 4.590313147356092551e-04 4.555950027442487752e-04 2.147117888283049474e-04 5.448469812555025923e-03 1.064237301785297702e-03 1.000000000000000021e-08 1.000000000000000021e-08 1.000000000000000021e-08 1.000000000000000021e-08 1.000000000000000021e-08 1.000000000000000021e-08 1.000000000000000021e-08 1.000000000000000021e-08 1.000000000000000021e-08 1.000000000000000021e-08 1.000000000000000021e-08 1.000000000000000021e-08 1.000000000000000021e-08 1.000000000000000021e-08 1.000000000000000021e-08 1.000000000000000021e-08
3.532213227462070504e-05 2.593914465874486931e-05 4.342209969045155078e-05 2.406168441773920741e-05 2.931657153751931951e-05 1.000000000000000021e-08 1.000000000000000021e-08 1.000000000000000021e-08 1.000000000000000021e-08 3.029196119352746264e-05 1.335098495266404117e-04 2.219981120158815834e-03 1.519498876700694123e-04 9.975028764469727146e-05 1.617394915624376637e-04 3.091904524868567799e-04 2.340198228763501183e-04 3.326462247828303426e-04 6.977798590318445068e-04 5.269278133242633576e-03 6.973897712503160807e-04 1.000000000000000021e-08 1.000000000000000021e-08 1.000000000000000021e-08 1.000000000000000021e-08 1.000000000000000021e-08 1.000000000000000021e-08 1.000000000000000021e-08 1.000000000000000021e-08 1.000000000000000021e-08 1.000000000000000021e-08 1.000000000000000021e-08 1.000000000000000021e-08 1.000000000000000021e-08 1.000000000000000021e-08 1.000000000000000021e-08 1.000000000000000021e-08
