output/water_depth_4560.asc
ncols 223
nrows 158
xllcorner 0.0
yllcorner 0.0
cellsize 30.0
[rows 102 to 118 of 158, columns 185 to 221 of 223]
3.014348775371261500e-05 2.290142104623752088e-05 5.861657977513317188e-05 8.134719458374730045e-05 1.000000000000000021e-08 1.000000000000000021e-08 7.870093584189633007e-02 4.652906455909381345e-01 9.379357846861351503e-03 1.201026911761107156e-03 8.117438775943880804e-04 3.226919778735866341e-04 2.377987355015165458e-04 2.650829318403718268e-04 2.931790774460626579e-04 2.788884974755712932e-04 1.073557020658299555e-04 5.896697512285320263e-05 4.640064941083946507e-05 4.434556737204252620e-05 3.246405104042148870e-05 2.072984935774528685e-05 1.000000000000000021e-08 1.391659971646415046e-05 1.389573863055163142e-05 1.105188894688474237e-05 1.000000000000000021e-08 1.000000000000000021e-08 1.000000000000000021e-08 3.292127164494924299e-05 1.000000100000000021e-05 1.000000100000000021e-05 1.000000100000000021e-05 1.000000100000000021e-05 1.000000100000000021e-05 1.000000100000000021e-05 1.000000100000000021e-05
3.109313082800813078e-05 2.340689284985914646e-05 9.919018859473739235e-05 1.217499315045734163e-04 9.578865079713913197e-05 2.658349977144420020e-03 2.439722735139503509e-02 4.127925813141939404e-01 2.595595145399145435e-03 4.452319127565869264e-04 5.894997881294784022e-04 7.855909971678229960e-04 6.697512239725899371e-04 5.251139543965471562e-04 4.147429155452478583e-04 1.602385481543591901e-04 4.442826343061003738e-04 8.939835659660821281e-05 7.818134442727328506e-05 5.727488589700248546e-05 3.531973229223366571e-05 1.000000000000000021e-08 1.000000000000000021e-08 1.000000000000000021e-08 1.000000000000000021e-08 1.090419813703738385e-05 1.000000000000000021e-08 1.000000000000000021e-08 1.000000000000000021e-08 2.538644878954440714e-05 1.000000100000000021e-05 1.000000100000000021e-05 1.000000100000000021e-05 1.000000100000000021e-05 1.000000100000000021e-05 1.000000100000000021e-05 1.000000100000000021e-05
1.000000000000000021e-08 1.000000000000000021e-08 1.192783234662847619e-05 1.000000000000000021e-08 2.154080562114017120e-04 1.072837937727846337e-02 4.536674159160413167e-01 4.118360141284731490e-01 3.560367468914361270e-04 1.959558036706411752e-05 1.659243384064983318e-05 2.388301903097519546e-05 2.567962490764140340e-05 1.707490537879904135e-05 1.000000000000000021e-08 3.014140860617844464e-04 8.225483500449234800e-04 1.965189265932373777e-04 1.758952800658531541e-04 1.190376401459853251e-04 7.489358776189812832e-05 4.024045971984087041e-05 1.803320921205685661e-05 1.025275326068445490e-05 1.000000000000000021e-08 1.000000000000000021e-08 2.700462280706920684e-05 2.402824306495431064e-05 2.293398724572274223e-05 2.418153949034706026e-05 1.000000100000000021e-05 1.000000100000000021e-05 1.000000100000000021e-05 1.000000100000000021e-05 1.000000100000000021e-05 1.000000100000000021e-05 1.000000100000000021e-05
1.000000000000000021e-08 1.000000000000000021e-08 1.293946096282979075e-05 1.558465068985118447e-05 1.431504632030843570e-03 3.069054637904259364e-01 3.503400492057553994e-01 1.043731450504794520e-04 3.142550040934133582e-05 4.590337812345770646e-05 4.177900949764721720e-05 3.304430976006864648e-05 1.000000000000000021e-08 1.000000000000000021e-08 5.639813801661344191e-05 1.171210206628577966e-04 1.320134011733778770e-02 1.499253531347248839e-04 1.235426274266328459e-05 1.000000000000000021e-08 1.000000000000000021e-08 1.000000000000000021e-08 2.542525778044841677e-05 1.000000000000000021e-08 1.000000000000000021e-08 1.000000000000000021e-08 4.774652842495568858e-05 3.875180300819342297e-05 2.986608290100089186e-05 2.180572600102143507e-05 1.000000100000000021e-05 1.000000100000000021e-05 1.000000100000000021e-05 1.000000100000000021e-05 1.000000100000000021e-05 1.000000100000000021e-05 1.000000100000000021e-05
1.181810174969117147e-04 1.143257225354614887e-04 1.000000000000000021e-08 4.959032209908747818e-05 5.303618269540335975e-04 2.768728237061313657e-01 2.966290431081144985e-01 3.564652254835951571e-04 2.701180069253484965e-04 2.052485254730968087e-04 1.224751840319613099e-04 7.494161714033129658e-05 5.884882914873692291e-05 8.534084314485198403e-05 1.493107671967791775e-05 5.686825657092717457e-05 1.141452096690504826e-02 3.992013018032749324e-04 1.650060515823724324e-05 1.344456371008815396e-05 1.611994367823646097e-05 1.242614600045773694e-05 1.486419088977121948e-05 1.099426964014447493e-05 1.312433001226909717e-05 1.007764034958992924e-05 1.198309190191826571e-05 1.270879480574013405e-04 7.886760905387122246e-05 4.401229377856959797e-05 1.000000100000000021e-05 1.000000100000000021e-05 1.000000100000000021e-05 1.000000100000000021e-05 1.000000100000000021e-05 1.000000100000000021e-05 1.000000100000000021e-05
2.474812677210490221e-04 4.240112845649987518e-04 2.680398981780348494e-04 1.761386229326593941e-04 4.485046749128016041e-04 2.168939123156894411e-01 2.306276521389964418e-01 1.076467964656589206e-04 1.000000000000000021e-08 5.076666347433866233e-05 1.000000000000000021e-08 1.698731115975556777e-04 1.639027562911300675e-04 4.412534871214680659e-05 1.000000000000000021e-08 1.605791804940212271e-05 2.435059791100865640e-03 3.749132150975250169e-04 4.167082109179505943e-04 5.447476391434959890e-04 4.666650828092158156e-04 3.924907530270313060e-04 3.147876556856274498e-04 2.432814552976535595e-04 1.748297613312694470e-04 1.092930545726818078e-04 5.432985026986290764e-05 1.000000000000000021e-08 2.736095359266479854e-05 1.000000100000000021e-05 1.000000100000000021e-05 1.000000100000000021e-05 1.000000100000000021e-05 1.000000100000000021e-05 1.000000100000000021e-05 1.000000100000000021e-05 1.000000100000000021e-05
1.322580592707305286e-04 1.558505798505195356e-04 3.063805533432623957e-05 1.236688579437980454e-05 1.706380766685392436e-03 3.711489923611191455e-01 9.706014447730780537e-02 4.532104287483392738e-05 7.071645393329987605e-05 6.898247265826922469e-05 6.915846621888906056e-05 4.284230261114558127e-05 1.000000000000000021e-08 1.553087760730478237e-05 1.367255462984357517e-05 2.348438444857559902e-05 2.692787509894326286e-03 4.787564899923752826e-04 3.245693237639662955e-04 8.686798239903302001e-05 6.789351833701534025e-05 4.948643224230746458e-05 4.705894656698898456e-05 4.076950648419562322e-05 4.341401985995553266e-05 4.809530381685237220e-05 3.349606209076176437e-05 1.701104743165722817e-05 1.000000000000000021e-08 1.000000100000000021e-05 1.000000100000000021e-05 1.000000100000000021e-05 1.000000100000000021e-05 1.000000100000000021e-05 1.000000100000000021e-05 1.000000100000000021e-05 1.000000100000000021e-05
2.859863818581253838e-05 1.782001518307131714e-04 2.817680319683472435e-04 5.682813877731182108e-04 2.787661445280730232e-01 2.895144046711389252e-01 2.609869478547124366e-01 4.396097765318319854e-04 1.000000000000000021e-08 7.178060854395353074e-05 3.867550817847001257e-05 1.000000000000000021e-08 5.775987735040191722e-05 2.050291087989682324e-05 2.676898528305933882e-05 5.604526865174511976e-05 2.087373066333418278e-02 6.571123910341489151e-04 1.863678923212062368e-04 1.000000000000000021e-08 1.000000000000000021e-08 1.000000000000000021e-08 1.000000000000000021e-08 1.000000000000000021e-08 1.000000000000000021e-08 2.106666905880680865e-05 1.904377760073605697e-05 1.741463915454382865e-05 1.403876987349831757e-05 1.000000100000000021e-05 1.000000100000000021e-05 1.000000100000000021e-05 1.000000100000000021e-05 1.000000100000000021e-05 1.000000100000000021e-05 1.000000100000000021e-05 1.000000100000000021e-05
1.000000000000000021e-08 1.000000000000000021e-08 4.155007816115407652e-05 5.935073719326047585e-05 6.572517324417276297e-05 2.136400171771836443e-01 1.985240091772971505e-01 5.859686198642395519e-04 1.000000000000000021e-08 2.490452925633683323e-05 2.262734370329153434e-05 1.554852226669533905e-05 1.000000000000000021e-08 2.671847393649517925e-05 8.563401043280811442e-05 1.203538839927257784e-02 1.507484897795454554e-02 5.652073511170177013e-05 9.065478813973082265e-05 1.000000000000000021e-08 1.000000000000000021e-08 1.000000000000000021e-08 1.000000000000000021e-08 1.000000000000000021e-08 1.000000000000000021e-08 4.249957251764154508e-05 3.568079367380619160e-05 3.423901362702890997e-05 4.251159987372420763e-05 1.000000100000000021e-05 1.000000100000000021e-05 1.000000100000000021e-05 1.000000100000000021e-05 1.000000100000000021e-05 1.000000100000000021e-05 1.000000100000000021e-05 1.000000100000000021e-05
1.000000000000000021e-08 2.150853725114328040e-05 2.133510127049721833e-05 1.999797990304077812e-05 1.779894858987998669e-05 1.066198049993193758e-01 3.041751323206251523e-01 6.688884109808399057e-05 1.000000000000000021e-08 3.586478118447666483e-05 2.651596640671931076e-05 1.779822556065823320e-05 1.000000000000000021e-08 2.643295898502576568e-05 2.527877785102748996e-05 2.542299419886875737e-03 3.501333734214358284e-03 1.000000000000000021e-08 1.000000000000000021e-08 2.086032561082661811e-05 1.842329215808237057e-05 1.269585149185411009e-05 1.000000000000000021e-08 6.623680519590403263e-05 6.373513661815786611e-05 5.964156486821010233e-05 4.372839733339887460e-05 3.047068194268259532e-05 1.000000000000000021e-08 1.000000100000000021e-05 1.000000100000000021e-05 1.000000100000000021e-05 1.000000100000000021e-05 1.000000100000000021e-05 1.000000100000000021e-05 1.000000100000000021e-05 1.000000100000000021e-05
1.000000000000000021e-08 1.000000000000000021e-08 2.261696361027650074e-05 3.346109388109882147e-05 3.440474877553151219e-05 5.321264317987678405e-02 3.562863033455999084e-01 5.548288035880643849e-05 3.738082107717741079e-05 3.787362714492511795e-05 2.718201793309007655e-05 1.789238200840366028e-05 1.329984369946272513e-05 2.844281946371027419e-05 2.558713654374863259e-05 3.967054644460727211e-03 7.356481340685239569e-04 1.000000000000000021e-08 2.918353755517904039e-04 1.160861619991178281e-05 1.164132984214377058e-05 1.285868001538202144e-05 1.000000000000000021e-08 1.000000000000000021e-08 7.798870541253621739e-05 6.026919489290186757e-05 4.749076855813909456e-05 2.920966128851501320e-05 1.000000000000000021e-08 1.000000100000000021e-05 1.000000100000000021e-05 1.000000100000000021e-05 1.000000100000000021e-05 1.000000100000000021e-05 1.000000100000000021e-05 1.000000100000000021e-05 1.000000100000000021e-05
2.219679119476602070e-04 1.653396597667372526e-04 1.011760390119927143e-04 1.000000000000000021e-08 3.483342203276456028e-05 6.275983692188801255e-01 6.297347238029397110e-01 5.847323047703348875e-01 1.000000000000000021e-08 1.000000000000000021e-08 3.568966140737419896e-05 2.348452679219623380e-05 1.220962572820631616e-05 4.884817368010702299e-05 3.138473887002161955e-02 5.713205633215950874e-03 5.780330247451184299e-04 1.000000000000000021e-08 4.765503120337117584e-05 2.556531433831109060e-05 1.000000000000000021e-08 6.062736578940959321e-05 9.409317514045107366e-05 1.239155140899554695e-04 1.358967924419909206e-04 8.447365471550529663e-05 6.080491258057624059e-05 3.591500118301092141e-05 1.346815312021416069e-05 1.000000100000000021e-05 1.000000100000000021e-05 1.000000100000000021e-05 1.000000100000000021e-05 1.000000100000000021e-05 1.000000100000000021e-05 1.000000100000000021e-05 1.000000100000000021e-05
6.165683031512834145e-01 6.242336299060120552e-01 6.262982881135245039e-01 6.218855690053827212e-01 6.157293923470952279e-01 6.424789723618924420e-01 6.298705522424784542e-01 5.603964294425557435e-01 4.965308752739178155e-01 4.596458401832487331e-05 5.245848483342659168e-05 4.631285131219249970e-05 3.195399191750575106e-05 3.111599302627330091e-05 2.456521785670662608e-02 1.086776998056435692e-03 4.920489682573728554e-04 2.682615221137504193e-05 1.660810430478477752e-05 1.000000000000000021e-08 1.000000000000000021e-08 1.355810174500645749e-04 1.572283461954131906e-04 1.345787628535087673e-04 1.612335470428926667e-04 1.970863021590389631e-04 1.362447189459564981e-04 7.873656123613424003e-05 3.852097792488378244e-05 1.000000100000000021e-05 1.000000100000000021e-05 1.000000100000000021e-05 1.000000100000000021e-05 1.000000100000000021e-05 1.000000100000000021e-05 1.000000100000000021e-05 1.000000100000000021e-05
3.445813177868115723e-02 2.130926918456832811e-02 8.903784409537344666e-03 1.078928121131308114e-02 6.330263068461159520e-03 4.230696652478064569e-03 4.237343100079690381e-03 4.764327040557445603e-01 1.014685907379795582e+00 9.357732699951309963e-01 1.766309879903985719e-02 1.231634530558861282e-03 5.306029053174207743e-04 8.196952298546409136e-04 4.373761873719166776e-03 7.963532171783828861e-04 8.461427057406499790e-05 1.410948479434346529e-04 1.853458606129578055e-04 1.868405867286507922e-04 2.341970281855078632e-04 2.944821542562608583e-04 1.624258001890654577e-04 1.000000000000000021e-08 1.122694571881589456e-04 4.726917736733019827e-05 3.758025207555869182e-05 2.393648794046842801e-05 1.403493545569299963e-05 1.000000100000000021e-05 1.000000100000000021e-05 1.000000100000000021e-05 1.000000100000000021e-05 1.000000100000000021e-05 1.000000100000000021e-05 1.000000100000000021e-05 1.000000100000000021e-05
2.023944013983850984e-05 1.960726606079936236e-05 2.125759454732703370e-05 3.303945528087995180e-05 9.392286869690096593e-05 1.000000000000000021e-08 1.000000000000000021e-08 5.160763899101773571e-04 2.767577822072285910e-03 4.645743678112174146e-01 4.612483514723780820e-01 1.188478689735117735e-02 5.005379273047031938e-04 1.070231433657396715e-03 3.351500305050889375e-03 2.974243622570862705e-04 1.090716059107851410e-04 1.152182188873313089e-04 1.224348830115376281e-04 1.339736800093238741e-04 1.287087970289266378e-04 5.823155017109141575e-05 5.679358196800122496e-05 1.000000000000000021e-08 1.121722935942030494e-04 6.156632329597134677e-05 1.918586553061774164e-05 1.310435920188916010e-05 1.000000000000000021e-08 1.000000100000000021e-05 1.000000100000000021e-05 1.000000100000000021e-05 1.000000100000000021e-05 1.000000100000000021e-05 1.000000100000000021e-05 1.000000100000000021e-05 1.000000100000000021e-05
1.000000000000000021e-08 1.000000000000000021e-08 1.605530494530906695e-05 2.672746562224591942e-05 4.862109452378948548e-05 1.368470947956494871e-03 1.000000000000000021e-08 1.000000000000000021e-08 1.000000000000000021e-08 2.304670133918649555e-01 5.595300354717906988e-01 5.263389471116985963e-01 2.532740619443021521e-03 6.317452317495641633e-04 2.392237114785155522e-03 2.413311076315864613e-04 2.644469065496109824e-05 1.132281875863919806e-05 1.112908598117336655e-04 1.152595324030583417e-04 1.179331885551408179e-04 1.388146120245556988e-04 1.634367001437080774e-04 1.963306090685779201e-04 1.499594524732008802e-04 4.982651967025371532e-05 1.000000000000000021e-08 1.000000000000000021e-08 1.000000100000000021e-05 1.000000100000000021e-05 1.000000100000000021e-05 1.000000100000000021e-05 1.000000100000000021e-05 1.000000100000000021e-05 1.000000100000000021e-05 1.000000100000000021e-05 1.000000100000000021e-05
5.850797698334922958e-05 6.443934973111503715e-05 1.000000000000000021e-08 1.000000000000000021e-08 2.338956676357752939e-05 1.706227525601924607e-04 2.799012336901662195e-04 1.399344770488150885e-04 5.493995898423600704e-04 4.960163020355117247e-01 5.196954637652364539e-01 4.971166710580940395e-01 4.977956613426643417e-01 8.818958607848257410e-04 3.238110276787424567e-04 1.515825801967930211e-04 1.462590222206182052e-04 1.147642189883293158e-04 8.602741962701563878e-05 3.268231138876446064e-05 4.458629126318958851e-05 5.140381225181787082e-05 5.896252550929724007e-05 1.000000000000000021e-08 1.000000000000000021e-08 3.111069147178943239e-05 3.077183916414041865e-05 2.600106410969376414e-05 1.000000100000000021e-05 1.000000100000000021e-05 1.000000100000000021e-05 1.000000100000000021e-05 1.000000100000000021e-05 1.000000100000000021e-05 1.000000100000000021e-05 1.000000100000000021e-05 1.000000100000000021e-05
