output/water_depth_5280.asc
ncols 223
nrows 158
xllcorner 0.0
yllcorner 0.0
cellsize 30.0
[rows 136 to 152 of 158, columns 148 to 184 of 223]
1.000000000000000021e-08 1.000000000000000021e-08 1.000000000000000021e-08 1.398344876474901947e-05 1.000000000000000021e-08 1.000000000000000021e-08 2.379701037214849261e-05 1.000000000000000021e-08 1.000000000000000021e-08 1.000000000000000021e-08 1.720821915022740977e-05 2.822903961126706955e-05 2.291515827308710732e-05 1.000000000000000021e-08 1.000000000000000021e-08 1.000000000000000021e-08 1.000000000000000021e-08 1.780209675881634545e-05 3.507392752555032361e-05 6.633426336886429336e-05 1.000000000000000021e-08 1.000000000000000021e-08 1.000000000000000021e-08 1.000000000000000021e-08 1.000000000000000021e-08 1.888250127419682358e-05 1.000000000000000021e-08 1.000000000000000021e-08 1.000000000000000021e-08 1.000000000000000021e-08 1.000000000000000021e-08 1.000000000000000021e-08 1.000000000000000021e-08 1.000000000000000021e-08 1.000000000000000021e-08 1.000000000000000021e-08 2.492422930474804502e-05
1.000000000000000021e-08 1.000000000000000021e-08 1.000000000000000021e-08 1.441297987933797914e-05 1.423082774558911008e-05 1.330331880771110565e-05 1.000000000000000021e-08 1.000000000000000021e-08 1.000000000000000021e-08 1.000000000000000021e-08 1.000000000000000021e-08 1.000000000000000021e-08 1.524336902996678966e-05 2.006324906203771558e-04 2.696190009584823388e-04 3.389531600295338600e-04 4.491739106163738951e-04 5.913793181456815156e-04 6.260868401020049795e-04 4.772807203202051327e-04 3.206061160505216498e-04 8.720096458384017256e-04 9.497238751341862285e-04 1.280181234655756442e-03 1.571734407747408515e-04 1.338431566926195449e-04 1.095518717540279685e-04 1.000000000000000021e-08 1.000000000000000021e-08 1.000000000000000021e-08 1.000000000000000021e-08 1.000000000000000021e-08 1.000000000000000021e-08 1.000000000000000021e-08 1.000000000000000021e-08 1.251654205228838339e-05 1.252083063401334881e-04
1.000000000000000021e-08 1.000000000000000021e-08 1.000000000000000021e-08 1.153416198470472441e-05 1.000000000000000021e-08 1.000000000000000021e-08 1.000000000000000021e-08 1.000000000000000021e-08 1.000000000000000021e-08 3.673705590269589483e-05 7.155226189216209965e-05 1.161555747053395667e-04 2.744212459973621905e-04 2.138793775363833304e-04 1.447089825863668016e-04 9.215941961622178434e-05 5.116892785644047920e-05 3.522311025436529811e-04 1.000000000000000021e-08 1.000000000000000021e-08 1.180703170682089035e-05 1.000000000000000021e-08 1.015663270663459977e-05 1.000000000000000021e-08 1.438877684209351583e-04 1.813420794697291095e-04 6.097240256048281726e-05 1.047139288389803782e-04 1.000000000000000021e-08 1.000000000000000021e-08 1.000000000000000021e-08 1.000000000000000021e-08 1.000000000000000021e-08 1.000000000000000021e-08 1.006053257643277716e-05 1.253622426308425653e-04 1.269379138167349094e-04
3.412328100071905686e-05 3.882522622555380822e-05 4.282616661008670212e-05 4.160432061010856754e-05 1.000000000000000021e-08 1.000000000000000021e-08 1.000000000000000021e-08 1.873723430518351156e-05 5.952329675577920339e-05 1.000000000000000021e-08 4.601898597282955752e-05 1.000000000000000021e-08 1.390116402190237925e-04 1.000000000000000021e-08 1.000000000000000021e-08 1.000000000000000021e-08 1.000000000000000021e-08 1.000000000000000021e-08 1.000000000000000021e-08 1.701711230617776474e-05 1.000000000000000021e-08 1.000000000000000021e-08 1.000000000000000021e-08 1.000000000000000021e-08 1.355172420046429084e-05 1.639602246461898836e-04 3.088481501396346334e-04 3.285889992977752711e-04 1.119013549692004237e-03 1.218120375663688307e-04 3.801623821455726832e-05 3.239518208950932770e-05 1.008807071783251861e-05 1.000000000000000021e-08 1.188177950467647659e-05 3.836971297825652379e-04 4.767285558067449686e-04
2.506091021906830724e-05 2.950202182362024564e-05 3.343110543315860829e-05 4.417549079918661422e-05 3.217547569438477129e-05 2.438649473003446613e-05 2.427492500408819301e-05 2.432577292853260091e-05 1.022605038325938911e-04 1.332037663669945009e-04 9.331308497779998987e-05 8.980368710240136363e-05 8.493018205732627459e-05 1.000000000000000021e-08 1.000000000000000021e-08 1.000000000000000021e-08 1.000000000000000021e-08 1.000000000000000021e-08 1.000000000000000021e-08 1.305703616267506851e-05 1.000000000000000021e-08 1.225697274516109407e-05 1.000000000000000021e-08 1.000000000000000021e-08 1.000000000000000021e-08 1.000000000000000021e-08 3.771507051222953836e-04 7.350340597657570915e-04 1.684891140682754068e-03 1.369211883297138076e-03 4.244355996302912461e-04 5.736877863255354171e-04 7.588846740052280744e-04 2.393248792352028608e-04 3.869365919732197889e-04 2.797925470296427279e-04 3.670556557620437621e-04
1.000000000000000021e-08 1.000000000000000021e-08 1.000000000000000021e-08 1.146939443659876968e-05 1.000000000000000021e-08 1.000000000000000021e-08 1.000000000000000021e-08 1.269926689782429794e-04 9.856981907697673275e-05 1.405627310550465502e-04 1.000000000000000021e-08 1.000000000000000021e-08 1.000000000000000021e-08 1.000000000000000021e-08 1.000000000000000021e-08 1.025647710404438530e-05 1.693636656429972558e-05 1.467421603792146140e-05 1.217553117904180135e-05 1.052118360873865592e-05 1.024267024387463515e-05 1.119292957059858837e-05 1.000000000000000021e-08 1.000000000000000021e-08 1.000000000000000021e-08 1.000000000000000021e-08 1.213727414932340137e-05 1.279090244555165486e-05 1.294313048629907257e-05 1.487263751256801946e-03 1.661320046614053313e-03 1.290039418566620803e-03 1.431406264794563531e-03 7.862183684067495376e-04 2.729797138793767664e-03 2.103420705316796663e-03 1.615561329655168131e-03
1.000000000000000021e-08 1.000000000000000021e-08 1.000000000000000021e-08 1.000000000000000021e-08 1.000000000000000021e-08 1.000000000000000021e-08 1.000000000000000021e-08 1.000000000000000021e-08 4.769317862045908014e-05 1.919949814079784423e-05 1.000000000000000021e-08 1.000000000000000021e-08 1.000000000000000021e-08 1.000000000000000021e-08 1.000000000000000021e-08 1.000000000000000021e-08 1.700217511534700152e-05 2.178618767543013282e-05 2.740153945277494166e-05 2.851440421087915236e-05 1.000000000000000021e-08 1.174476793108642490e-05 1.193609626901214462e-05 1.228551658568289984e-05 1.133132766033257584e-05 1.338141364641735861e-05 1.349071654310039865e-05 1.000000000000000021e-08 1.000000000000000021e-08 1.000000000000000021e-08 1.000000000000000021e-08 1.000000000000000021e-08 1.390282620235655182e-05 3.106444217771148507e-05 6.695366745730763883e-05 1.847802619578648537e-03 2.599680356970815367e-03
1.000000000000000021e-08 1.000000000000000021e-08 1.000000000000000021e-08 1.000000000000000021e-08 1.000000000000000021e-08 1.000000000000000021e-08 1.000000000000000021e-08 1.000000000000000021e-08 1.000000000000000021e-08 1.037630116860439028e-05 1.000000000000000021e-08 1.000000000000000021e-08 1.000000000000000021e-08 1.115298529389960966e-05 1.437375781993803892e-05 1.535027666981418859e-05 1.604535417926770101e-05 1.000000000000000021e-08 1.000000000000000021e-08 2.342602739107751007e-05 2.396155453829905885e-05 2.417207523688098684e-05 2.521184350593507896e-05 2.870069631604404582e-05 3.067624142043544376e-05 4.292518344809900327e-05 4.602995811211098022e-05 1.000000000000000021e-08 1.000000000000000021e-08 1.000000000000000021e-08 1.000000000000000021e-08 1.212264769813335581e-05 1.049762910701969934e-05 2.107984326366227991e-05 5.308279463786858584e-05 4.837729013676436669e-05 2.923122461858645841e-04
1.000000000000000021e-08 1.000000000000000021e-08 1.000000000000000021e-08 1.000000000000000021e-08 1.000000000000000021e-08 1.000000000000000021e-08 1.000000000000000021e-08 1.000000000000000021e-08 1.000000000000000021e-08 1.000000000000000021e-08 1.000000000000000021e-08 1.000000000000000021e-08 1.000000000000000021e-08 1.000000000000000021e-08 1.830668268312270327e-05 1.000000000000000021e-08 1.000000000000000021e-08 1.000000000000000021e-08 1.000000000000000021e-08 1.816251474677860124e-05 2.131545494914761438e-05 4.301120757078782714e-05 7.301666774123362423e-05 1.000000000000000021e-08 2.102150260095318347e-05 2.815494164540490861e-05 3.612532120535090892e-05 2.018313802067280525e-05 1.000000000000000021e-08 1.000000000000000021e-08 1.422988158650685332e-05 1.721217465602140675e-05 2.366591222929288882e-05 3.296702747720869800e-05 3.483859102105241862e-05 5.999737082900660941e-05 2.750593811121709054e-05
1.000000000000000021e-08 1.000000000000000021e-08 1.000000000000000021e-08 1.000000000000000021e-08 1.000000000000000021e-08 1.000000000000000021e-08 1.000000000000000021e-08 1.024349086568000361e-05 1.062643241778056435e-05 1.000000000000000021e-08 1.000000000000000021e-08 1.821947103777603091e-05 2.196270782648858472e-05 2.529277613076057961e-05 3.419440436155939833e-05 6.529328781782651081e-05 5.254060462714968649e-05 1.000000000000000021e-08 4.934195379945924113e-05 5.634944359623878765e-05 9.573082100424465737e-05 1.000000000000000021e-08 1.000000000000000021e-08 1.000000000000000021e-08 1.000000000000000021e-08 1.000000000000000021e-08 1.100700372440108385e-05 1.000000000000000021e-08 1.000000000000000021e-08 1.000000000000000021e-08 1.000000000000000021e-08 3.188078803470098348e-05 1.000000000000000021e-08 1.000000000000000021e-08 1.000000000000000021e-08 1.068943936018960000e-05 1.000000000000000021e-08
2.217110040197614308e-05 2.079528890002834400e-05 2.599305089651845867e-05 4.294848159811913440e-05 4.122362277228284159e-05 3.795580428257475602e-05 3.573851925561925157e-05 4.227911088453053390e-05 1.000000000000000021e-08 1.423735313646161230e-05 2.131740250369813271e-05 1.000000000000000021e-08 1.000000000000000021e-08 1.000000000000000021e-08 2.454369982811537856e-05 2.806953325358855551e-05 6.231317304605727195e-05 6.396552622376076196e-05 4.815197376240881478e-05 9.804408273337394248e-05 1.056114703585931140e-04 7.798989527482545368e-05 1.000000000000000021e-08 1.000000000000000021e-08 1.000000000000000021e-08 1.000000000000000021e-08 1.217228728950109904e-05 1.680069289526318424e-05 1.000000000000000021e-08 1.000000000000000021e-08 1.000000000000000021e-08 1.000000000000000021e-08 1.000000000000000021e-08 1.000000000000000021e-08 1.000000000000000021e-08 1.145837910988662558e-05 1.419334821753019216e-04
1.000000000000000021e-08 1.040249407059402571e-05 2.439601987886933805e-05 4.871652436067090393e-05 8.886095254587870801e-05 7.988377171976249603e-05 1.000000000000000021e-08 1.000000000000000021e-08 1.000000000000000021e-08 1.771643036205982946e-05 3.138520258106816387e-05 3.686744921606594091e-05 4.012270468922063171e-05 3.639783529789951714e-05 3.622190467639812330e-05 1.000000000000000021e-08 1.000000000000000021e-08 1.000000000000000021e-08 1.000000000000000021e-08 1.000000000000000021e-08 1.000000000000000021e-08 1.000000000000000021e-08 1.000000000000000021e-08 1.000000000000000021e-08 1.000000000000000021e-08 1.000000000000000021e-08 1.326816890406999641e-05 1.000000000000000021e-08 1.025045933746344956e-05 1.323485118501816755e-05 1.850064045955921948e-05 1.000000000000000021e-08 1.000000000000000021e-08 1.000000000000000021e-08 1.000000000000000021e-08 2.178474089492835858e-05 3.373832904366288945e-05
1.864486040964603695e-05 2.457048164157943010e-05 2.495072860956237286e-05 1.776774828741904550e-05 1.000000000000000021e-08 1.000000000000000021e-08 1.000000000000000021e-08 1.000000000000000021e-08 1.000000000000000021e-08 1.000000000000000021e-08 4.299996283207876795e-05 7.161153309869026234e-05 6.760855255512933099e-05 1.000000000000000021e-08 2.229257958146638668e-05 1.437136123385132702e-05 1.153726800626427919e-05 1.160889064232431756e-05 5.586140991228117400e-05 5.157341628854657820e-05 3.381669200246492256e-05 2.387946156004988783e-05 1.746368707347636560e-05 1.773500128122234648e-05 1.768097352221533619e-05 1.915603796318055335e-05 2.037216248989464143e-05 2.307418664743026186e-05 3.499770507474829847e-05 3.171267209412552884e-05 3.481927137978938148e-05 3.253290888034072564e-05 3.283507850730847601e-05 3.412556251126571246e-05 3.802729362806407665e-05 3.983379119782454490e-05 6.541469979496251528e-04
5.737174376966834859e-05 6.477418497629960437e-05 6.126477703456677801e-05 4.827187562622717819e-05 4.245778790915119577e-05 7.118928043772032664e-05 1.181364758675216930e-04 8.597633293183726895e-05 4.161546557538387626e-05 1.000000000000000021e-08 1.089205194247270603e-05 1.409439557006137254e-05 2.778213122086278829e-05 2.260751389942069044e-05 2.951333172063466131e-05 2.501710363271428530e-05 3.266567763079447373e-05 1.025927879864808580e-05 1.946940863572307092e-05 1.862140522960452777e-05 2.554631116551052904e-05 2.002295102954246601e-04 1.000000000000000021e-08 1.078206639583750535e-05 1.196896914616089198e-05 1.306703136481831202e-05 1.401285203612722709e-05 1.327847056708936925e-05 1.312480627987130691e-05 1.841984263237676436e-05 4.424156709991858462e-05 5.347940343197467002e-05 3.762330059126289486e-05 3.801486503048392138e-05 4.336874037845558097e-05 6.141146401531353844e-04 6.793428033681118234e-04
5.640302085868148995e-05 1.069706319815395704e-04 1.622469181608824252e-04 2.183181135885211633e-04 2.702851358282782495e-04 3.151897892478132163e-04 3.300149220720664480e-05 4.060617954961336063e-05 3.448999876651012399e-05 4.437864325667588569e-05 3.684737644169638578e-05 4.749699076118666838e-05 1.453379819997136088e-05 1.000000000000000021e-08 1.000000000000000021e-08 1.000000000000000021e-08 1.000000000000000021e-08 1.756009471506788907e-05 1.611386675391992521e-05 2.221333016238026309e-05 1.000000000000000021e-08 1.000000000000000021e-08 1.328385780449502620e-04 1.000000000000000021e-08 1.000000000000000021e-08 1.335437436658010911e-05 1.651756217275184301e-05 1.772920923377678464e-05 2.521843632209849899e-05 1.000000000000000021e-08 1.323859197875521399e-04 1.639085416730100113e-04 1.477364953642274848e-04 1.000000000000000021e-08 1.000000000000000021e-08 3.283364088872757448e-05 1.265422412052587209e-05
1.000000000000000021e-08 1.965126539810410655e-05 1.000000000000000021e-08 1.000000000000000021e-08 1.000000000000000021e-08 1.000000000000000021e-08 1.000000000000000021e-08 1.000000000000000021e-08 1.000000000000000021e-08 1.000000000000000021e-08 4.108268333596988483e-05 1.000000000000000021e-08 1.000000000000000021e-08 1.000000000000000021e-08 1.000000000000000021e-08 1.000000000000000021e-08 5.800150469705308675e-05 8.591325387100848688e-05 7.166966083603088357e-05 6.378670568091039672e-05 2.365265892058265087e-05 2.168609132766258069e-05 6.831971490855440112e-05 1.000000000000000021e-08 1.627522275546379232e-04 1.000000000000000021e-08 1.104102292641921120e-05 1.246742066888918921e-05 1.271205785320939514e-05 1.391208333596110919e-04 1.991945139983274183e-05 3.137008463671362557e-05 3.609927627118756879e-05 8.823120099803837934e-05 1.122176998202917362e-04 3.195968636291878114e-05 7.728256753101949046e-05
2.560217380378254686e-05 2.222506317644950288e-05 1.000000000000000021e-08 1.000000000000000021e-08 1.000000000000000021e-08 1.000000000000000021e-08 1.000000000000000021e-08 1.000000000000000021e-08 1.000000000000000021e-08 1.000000000000000021e-08 1.000000000000000021e-08 1.678534140942773280e-05 1.728325073716701848e-05 1.366392855635319960e-05 1.615103900363041545e-05 2.410549682453589168e-05 1.000000000000000021e-08 1.000000000000000021e-08 1.920718175367566196e-05 1.000000000000000021e-08 1.000000000000000021e-08 1.000000000000000021e-08 1.000000000000000021e-08 2.028180849288867334e-05 6.837260162793073082e-05 2.783352598846291679e-04 1.740760127684657467e-05 1.804356199518294791e-05 2.593806107513713997e-05 2.274704267242869848e-05 3.144120615034439370e-05 2.008931872976403175e-04 2.364131709793652837e-04 4.061378410538827796e-04 3.325170211829384884e-04 2.430560292786279012e-04 1.535275742318065639e-04
