output/water_depth_11280.asc
ncols 223
nrows 158
xllcorner 0.0
yllcorner 0.0
cellsize 30.0
[rows 102 to 118 of 158, columns 185 to 221 of 223]
1.000000000000000021e-08 1.000000000000000021e-08 1.000000000000000021e-08 1.000000000000000021e-08 1.000000000000000021e-08 1.000000000000000021e-08 1.318915109901048523e-02 1.063032506909282887e-01 4.838553367929344646e-04 1.942231533715548094e-04 1.386275618458826162e-04 5.768249338237093639e-05 4.162787435877806112e-05 4.346936709111907189e-05 4.675472877720161785e-05 4.251523944331159547e-05 1.374136380640600370e-05 1.000000000000000021e-08 1.000000000000000021e-08 1.000000000000000021e-08 1.000000000000000021e-08 1.000000000000000021e-08 1.000000000000000021e-08 1.000000000000000021e-08 1.000000000000000021e-08 1.000000000000000021e-08 1.000000000000000021e-08 1.000000000000000021e-08 1.000000000000000021e-08 1.000000000000000021e-08 1.000000100000000021e-05 1.000000100000000021e-05 1.000000100000000021e-05 1.000000100000000021e-05 1.000000100000000021e-05 1.000000100000000021e-05 1.000000100000000021e-05
1.127963461504021910e-05 1.053622717488289941e-05 2.030349018472988199e-05 2.020875223170755076e-05 1.680512957185516368e-05 1.000000000000000021e-08 2.493547386082929120e-03 5.793272055378465013e-02 1.712435509487742738e-04 6.612629083357168629e-05 9.499517880261290094e-05 1.306439183803258101e-04 1.185215427473651977e-04 9.204074399202120873e-05 6.808918646438882904e-05 2.468675063768702852e-05 7.313396106983938584e-05 1.096616846842360171e-05 1.000000000000000021e-08 1.000000000000000021e-08 1.000000000000000021e-08 1.000000000000000021e-08 1.000000000000000021e-08 1.000000000000000021e-08 1.000000000000000021e-08 1.000000000000000021e-08 1.000000000000000021e-08 1.000000000000000021e-08 1.000000000000000021e-08 1.000000000000000021e-08 1.000000100000000021e-05 1.000000100000000021e-05 1.000000100000000021e-05 1.000000100000000021e-05 1.000000100000000021e-05 1.000000100000000021e-05 1.000000100000000021e-05
1.000000000000000021e-08 1.000000000000000021e-08 1.000000000000000021e-08 1.000000000000000021e-08 3.554290547402285462e-05 5.191227056292127291e-04 1.366275969034516091e-01 5.822378628066653822e-02 2.149385304087603034e-05 1.000000000000000021e-08 1.000000000000000021e-08 1.000000000000000021e-08 1.000000000000000021e-08 1.000000000000000021e-08 1.000000000000000021e-08 5.162807657680720645e-05 1.424655302325561436e-04 3.225764211663038140e-05 2.869667702105054035e-05 1.667572732396415005e-05 1.000000000000000021e-08 1.000000000000000021e-08 1.000000000000000021e-08 1.000000000000000021e-08 1.000000000000000021e-08 1.000000000000000021e-08 1.000000000000000021e-08 1.000000000000000021e-08 1.000000000000000021e-08 1.000000000000000021e-08 1.000000100000000021e-05 1.000000100000000021e-05 1.000000100000000021e-05 1.000000100000000021e-05 1.000000100000000021e-05 1.000000100000000021e-05 1.000000100000000021e-05
1.000000000000000021e-08 1.000000000000000021e-08 1.000000000000000021e-08 1.000000000000000021e-08 1.021267979013256631e-04 9.256006907421028551e-02 1.055692655263607560e-01 3.827462189513322957e-05 1.000000000000000021e-08 1.000000000000000021e-08 1.000000000000000021e-08 1.000000000000000021e-08 1.000000000000000021e-08 1.000000000000000021e-08 1.567708030024455145e-05 2.340672638571109112e-05 4.027981216613455394e-03 2.506920927063708440e-05 1.000000000000000021e-08 1.000000000000000021e-08 1.000000000000000021e-08 1.000000000000000021e-08 1.000000000000000021e-08 1.000000000000000021e-08 1.000000000000000021e-08 1.000000000000000021e-08 1.000000000000000021e-08 1.000000000000000021e-08 1.000000000000000021e-08 1.000000000000000021e-08 1.000000100000000021e-05 1.000000100000000021e-05 1.000000100000000021e-05 1.000000100000000021e-05 1.000000100000000021e-05 1.000000100000000021e-05 1.000000100000000021e-05
7.232697860505014258e-05 5.656049267635027871e-05 1.000000000000000021e-08 1.000000000000000021e-08 3.637575367691498195e-05 7.953613218727764722e-02 8.536963257439891817e-02 6.495075607494552386e-05 4.464340377216863314e-05 3.533707435236617335e-05 2.314600330448223544e-05 1.692774651961826335e-05 1.272435446818544610e-05 1.874936320520361385e-05 1.000000000000000021e-08 1.030714256849044669e-05 3.439500378253066305e-03 4.676042755511423054e-05 1.000000000000000021e-08 1.000000000000000021e-08 1.000000000000000021e-08 1.000000000000000021e-08 1.000000000000000021e-08 1.000000000000000021e-08 1.000000000000000021e-08 1.000000000000000021e-08 1.000000000000000021e-08 1.708972418286108341e-05 1.043729918267803865e-05 1.000000000000000021e-08 1.000000100000000021e-05 1.000000100000000021e-05 1.000000100000000021e-05 1.000000100000000021e-05 1.000000100000000021e-05 1.000000100000000021e-05 1.000000100000000021e-05
2.283495292292329388e-05 5.917525976939715001e-05 5.195757218232399991e-05 4.398158507851736380e-05 5.740300458938670398e-05 4.200780531365922582e-02 5.836034775829974236e-02 1.000000000000000021e-08 1.000000000000000021e-08 1.000000000000000021e-08 1.000000000000000021e-08 4.030815944994950141e-05 3.756917500670723140e-05 1.027917356512218060e-05 1.000000000000000021e-08 1.000000000000000021e-08 4.532597365045046463e-04 5.397011346177376268e-05 5.737370250806176763e-05 6.748230501271421154e-05 5.760770828547956228e-05 4.793660291209669540e-05 3.766158206460341580e-05 2.768926944574804039e-05 1.504207777665495320e-05 1.000000000000000021e-08 1.000000000000000021e-08 1.000000000000000021e-08 1.000000000000000021e-08 1.000000100000000021e-05 1.000000100000000021e-05 1.000000100000000021e-05 1.000000100000000021e-05 1.000000100000000021e-05 1.000000100000000021e-05 1.000000100000000021e-05 1.000000100000000021e-05
1.606939195319817074e-05 1.856047194638322744e-05 3.509767269504878654e-05 1.000000000000000021e-08 8.121078170939216665e-05 1.156023229992562823e-01 1.569094778262596079e-02 1.000000000000000021e-08 1.322054826890921624e-05 1.235595294331707157e-05 1.210031116131353024e-05 1.000000000000000021e-08 1.000000000000000021e-08 1.000000000000000021e-08 1.000000000000000021e-08 1.000000000000000021e-08 4.830082346877151108e-04 6.675867552365993211e-05 4.310398959431531002e-05 1.262886907995812521e-05 1.048156961027667085e-05 1.000000000000000021e-08 1.000000000000000021e-08 1.000000000000000021e-08 1.000000000000000021e-08 1.000000000000000021e-08 1.000000000000000021e-08 1.000000000000000021e-08 1.000000000000000021e-08 1.000000100000000021e-05 1.000000100000000021e-05 1.000000100000000021e-05 1.000000100000000021e-05 1.000000100000000021e-05 1.000000100000000021e-05 1.000000100000000021e-05 1.000000100000000021e-05
1.000000000000000021e-08 2.074557795701682168e-05 3.852860575795461493e-05 5.905409985398891553e-05 8.004070856193934436e-02 8.269676316591077769e-02 6.967682171982442219e-02 5.900296693592043334e-05 1.000000000000000021e-08 1.000000000000000021e-08 1.000000000000000021e-08 1.000000000000000021e-08 1.597901040712131882e-05 1.000000000000000021e-08 1.000000000000000021e-08 1.000000000000000021e-08 6.341780882231170050e-03 1.016822157383712389e-04 2.598816473844691940e-05 1.000000000000000021e-08 1.000000000000000021e-08 1.000000000000000021e-08 1.000000000000000021e-08 1.000000000000000021e-08 1.000000000000000021e-08 1.000000000000000021e-08 1.000000000000000021e-08 1.000000000000000021e-08 1.000000000000000021e-08 1.000000100000000021e-05 1.000000100000000021e-05 1.000000100000000021e-05 1.000000100000000021e-05 1.000000100000000021e-05 1.000000100000000021e-05 1.000000100000000021e-05 1.000000100000000021e-05
1.000000000000000021e-08 1.000000000000000021e-08 1.000000000000000021e-08 1.000000000000000021e-08 1.000000000000000021e-08 3.575230313120462272e-02 2.869853260348551038e-02 5.607635145489263731e-05 1.000000000000000021e-08 1.000000000000000021e-08 1.000000000000000021e-08 1.000000000000000021e-08 1.000000000000000021e-08 1.000000000000000021e-08 1.404861622113959603e-05 3.748558606298751147e-03 4.601232336625570539e-03 1.195058842756334047e-05 1.759893445177813942e-05 1.000000000000000021e-08 1.000000000000000021e-08 1.000000000000000021e-08 1.000000000000000021e-08 1.000000000000000021e-08 1.000000000000000021e-08 1.000000000000000021e-08 1.000000000000000021e-08 1.000000000000000021e-08 1.000000000000000021e-08 1.000000100000000021e-05 1.000000100000000021e-05 1.000000100000000021e-05 1.000000100000000021e-05 1.000000100000000021e-05 1.000000100000000021e-05 1.000000100000000021e-05 1.000000100000000021e-05
1.000000000000000021e-08 1.000000000000000021e-08 1.000000000000000021e-08 1.000000000000000021e-08 1.000000000000000021e-08 1.997342546514211531e-02 4.477833404176514986e-02 8.228991302285618311e-05 1.000000000000000021e-08 1.000000000000000021e-08 1.000000000000000021e-08 1.000000000000000021e-08 1.000000000000000021e-08 1.000000000000000021e-08 1.000000000000000021e-08 4.800593396274825155e-04 7.212804287101333986e-04 1.000000000000000021e-08 1.000000000000000021e-08 1.833742960562945951e-05 1.147829975077127010e-05 1.000000000000000021e-08 1.000000000000000021e-08 1.038622522517246448e-05 1.000000000000000021e-08 1.000000000000000021e-08 1.000000000000000021e-08 1.000000000000000021e-08 1.000000000000000021e-08 1.000000100000000021e-05 1.000000100000000021e-05 1.000000100000000021e-05 1.000000100000000021e-05 1.000000100000000021e-05 1.000000100000000021e-05 1.000000100000000021e-05 1.000000100000000021e-05
1.000000000000000021e-08 1.000000000000000021e-08 1.000000000000000021e-08 1.000000000000000021e-08 1.000000000000000021e-08 1.231786205377574835e-02 5.275309028734633671e-02 7.383719798780245412e-05 1.000000000000000021e-08 1.000000000000000021e-08 1.000000000000000021e-08 1.000000000000000021e-08 1.000000000000000021e-08 1.000000000000000021e-08 1.000000000000000021e-08 7.246868453152303501e-04 9.305002104275434305e-05 1.000000000000000021e-08 2.737842539128976721e-05 1.000000000000000021e-08 1.000000000000000021e-08 1.000000000000000021e-08 1.000000000000000021e-08 1.000000000000000021e-08 1.000000000000000021e-08 1.000000000000000021e-08 1.000000000000000021e-08 1.000000000000000021e-08 1.000000000000000021e-08 1.000000100000000021e-05 1.000000100000000021e-05 1.000000100000000021e-05 1.000000100000000021e-05 1.000000100000000021e-05 1.000000100000000021e-05 1.000000100000000021e-05 1.000000100000000021e-05
3.157673436859824385e-05 2.939939835423834307e-05 3.008521392967532961e-05 1.000000000000000021e-08 1.000000000000000021e-08 1.513526600655998589e-01 1.505154703496489610e-01 1.333641570116333441e-01 1.000000000000000021e-08 1.000000000000000021e-08 1.000000000000000021e-08 1.000000000000000021e-08 1.000000000000000021e-08 1.000000000000000021e-08 9.769021787061866330e-03 1.177790931863957700e-03 7.042366178398680909e-05 1.000000000000000021e-08 1.000000000000000021e-08 1.000000000000000021e-08 1.000000000000000021e-08 1.250256977426958284e-05 1.928896584005789731e-05 2.081854955103088164e-05 1.869869691870254972e-05 1.000000000000000021e-08 1.000000000000000021e-08 1.000000000000000021e-08 1.000000000000000021e-08 1.000000100000000021e-05 1.000000100000000021e-05 1.000000100000000021e-05 1.000000100000000021e-05 1.000000100000000021e-05 1.000000100000000021e-05 1.000000100000000021e-05 1.000000100000000021e-05
5.061091592065279643e-02 5.203922285877403409e-02 5.298846186833400945e-02 5.364698831522474870e-02 5.414507563902433429e-02 1.539594683528090757e-01 1.472987378890129595e-01 1.146041189932789361e-01 6.353906024888260340e-02 1.000000000000000021e-08 1.000000000000000021e-08 1.000000000000000021e-08 1.000000000000000021e-08 1.000000000000000021e-08 7.648146274438894117e-03 1.402069904891830015e-04 7.847143790210466127e-05 1.000000000000000021e-08 1.000000000000000021e-08 1.000000000000000021e-08 1.000000000000000021e-08 2.919756070446321813e-05 3.000138236359904806e-05 2.314069477023871134e-05 2.432326000457288892e-05 2.685821167880211732e-05 1.605404773837977326e-05 1.000000000000000021e-08 1.000000000000000021e-08 1.000000100000000021e-05 1.000000100000000021e-05 1.000000100000000021e-05 1.000000100000000021e-05 1.000000100000000021e-05 1.000000100000000021e-05 1.000000100000000021e-05 1.000000100000000021e-05
5.007155490059774124e-03 3.425051455486519299e-03 2.180523722083414079e-03 1.443470332604800122e-03 9.233604820889820385e-04 6.358964411834202527e-04 3.646809333451048012e-04 6.205165786350368834e-02 1.973119586074357501e-01 1.530450254512845665e-01 8.193670326363157322e-04 2.386588808126438143e-04 6.386284582528679692e-05 9.729176684908945121e-05 8.771240844540936343e-04 1.124008842613254252e-04 1.639205086671785915e-05 2.681953918764797554e-05 3.364274842487338001e-05 3.594191082704055354e-05 4.456955184664832681e-05 5.328391338941967947e-05 2.174339330683431741e-05 1.000000000000000021e-08 1.381198961425056408e-05 1.000000000000000021e-08 1.000000000000000021e-08 1.000000000000000021e-08 1.000000000000000021e-08 1.000000100000000021e-05 1.000000100000000021e-05 1.000000100000000021e-05 1.000000100000000021e-05 1.000000100000000021e-05 1.000000100000000021e-05 1.000000100000000021e-05 1.000000100000000021e-05
1.000000000000000021e-08 1.000000000000000021e-08 1.000000000000000021e-08 1.000000000000000021e-08 1.176791564431469732e-05 1.000000000000000021e-08 1.000000000000000021e-08 1.572439522741397226e-04 2.803410012277852666e-04 6.418309550093291571e-02 6.473927915138537326e-02 5.597633881527187480e-04 1.484779619198883826e-04 1.426121915068551561e-04 7.417483762294195537e-04 1.001367898561357966e-04 7.888527217195818997e-05 9.562167766140149258e-05 1.201398610877488031e-04 1.023668344766723754e-04 7.145299928486545978e-05 3.162726015037888044e-05 2.437699065078076987e-05 1.000000000000000021e-08 1.184083922067890851e-05 1.000000000000000021e-08 1.000000000000000021e-08 1.000000000000000021e-08 1.000000000000000021e-08 1.000000100000000021e-05 1.000000100000000021e-05 1.000000100000000021e-05 1.000000100000000021e-05 1.000000100000000021e-05 1.000000100000000021e-05 1.000000100000000021e-05 1.000000100000000021e-05
1.000000000000000021e-08 1.000000000000000021e-08 1.000000000000000021e-08 1.000000000000000021e-08 1.000000000000000021e-08 5.563911818478480247e-04 1.000000000000000021e-08 1.000000000000000021e-08 1.000000000000000021e-08 3.220630864240868474e-02 1.536030081641200640e-01 1.431984465103587345e-01 2.368214611025216585e-04 1.183477348042206003e-04 6.524991309302147647e-04 2.239140016139607803e-04 1.358539423447287404e-04 7.863264456809539269e-05 2.235947522553999133e-05 2.180785861657195206e-05 2.069975204689497618e-05 2.111903077343644080e-05 2.334648297590177137e-05 2.642565225337088736e-05 1.677425956273370514e-05 1.000000000000000021e-08 1.000000000000000021e-08 1.000000000000000021e-08 1.000000100000000021e-05 1.000000100000000021e-05 1.000000100000000021e-05 1.000000100000000021e-05 1.000000100000000021e-05 1.000000100000000021e-05 1.000000100000000021e-05 1.000000100000000021e-05 1.000000100000000021e-05
1.000000000000000021e-08 1.050580028138092504e-05 1.000000000000000021e-08 1.000000000000000021e-08 1.000000000000000021e-08 5.239046807419139737e-05 7.906109605385286745e-05 3.623122648683515184e-05 4.774566790582926733e-05 1.311592545294332501e-01 1.364449431073658792e-01 1.315153697918252373e-01 1.299235344867619990e-01 4.599640254051558870e-04 6.517067343346203171e-05 2.464800373190982629e-05 2.563756321724984153e-05 2.602312454764263048e-05 1.722547322778758230e-05 1.000000000000000021e-08 1.000000000000000021e-08 1.000000000000000021e-08 1.000000000000000021e-08 1.000000000000000021e-08 1.000000000000000021e-08 1.000000000000000021e-08 1.000000000000000021e-08 1.000000000000000021e-08 1.000000100000000021e-05 1.000000100000000021e-05 1.000000100000000021e-05 1.000000100000000021e-05 1.000000100000000021e-05 1.000000100000000021e-05 1.000000100000000021e-05 1.000000100000000021e-05 1.000000100000000021e-05
