output/water_depth_2160.asc
ncols 223
nrows 158
xllcorner 0.0
yllcorner 0.0
cellsize 30.0
[rows 136 to 152 of 158, columns 185 to 221 of 223]
2.823757882817969425e-03 6.355477652320418169e-03 9.192208528881060797e-03 3.117552412907387271e-01 6.409876838276963584e-02 2.743247865770473632e-04 2.967935711550595025e-04 1.272248467354471875e-03 2.954596587295852880e-03 4.333679933971296139e-03 8.484732756729040579e-03 1.247570163850207983e-02 5.668892900612148254e-03 2.583111654005872809e-03 2.175967102552798724e-03 1.700164122107547266e-03 1.435805395978530631e-03 1.219921660263921124e-03 9.607534319704254212e-04 5.790449027275216621e-04 2.449484911442889623e-04 1.000000000000000021e-08 7.238317627242318658e-05 1.000000000000000021e-08 1.000000100000000021e-05 1.000000100000000021e-05 1.000000100000000021e-05 1.000000100000000021e-05 1.000000100000000021e-05 1.000000100000000021e-05 1.000000100000000021e-05 1.000000100000000021e-05 1.000000100000000021e-05 1.000000100000000021e-05 1.000000100000000021e-05 1.000000100000000021e-05 1.000000100000000021e-05
4.269087392741483834e-03 3.664094395489063492e-03 7.725583192295755117e-03 2.997125941435600516e-01 2.963842238011850649e-01 2.705364153859098897e-01 3.374989015308991168e-03 5.127284592369434069e-03 2.932645540345306043e-03 5.419002151971680052e-03 8.562731334107792289e-03 1.175658322993229990e-02 5.427434673848961083e-03 2.524922131835976680e-04 7.789298755441118570e-04 3.262559837346768474e-04 3.817688606480599753e-04 2.945612546383973777e-04 2.884811598573322239e-04 2.176817384483663168e-04 2.017855321528143071e-04 5.729453624913111078e-04 3.975474964245716367e-04 2.055914327239633280e-04 1.265087571681543493e-04 1.000000100000000021e-05 1.000000100000000021e-05 1.000000100000000021e-05 1.000000100000000021e-05 1.000000100000000021e-05 1.000000100000000021e-05 1.000000100000000021e-05 1.000000100000000021e-05 1.000000100000000021e-05 1.000000100000000021e-05 1.000000100000000021e-05 1.000000100000000021e-05
3.001371653528219462e-03 2.687434655151242115e-03 2.470492034787782377e-03 6.694368597713119470e-03 4.903942156592282220e-03 2.344044420916661653e-01 1.974558887429049003e-01 1.391617088141705594e-01 7.440525866954092633e-03 5.700293372486296521e-03 1.010838806469598235e-02 5.960091637144683194e-03 6.537173177711617629e-04 4.667050552355071790e-04 4.084917159892119051e-04 3.364453406147202888e-04 1.721777709582406361e-04 1.158352003104343007e-04 9.156924568852507025e-05 5.487795957750139840e-05 2.368469350861069907e-05 1.444684967972702766e-05 1.000000000000000021e-08 1.306474308155295566e-04 3.521703428577507058e-05 1.000000100000000021e-05 1.000000100000000021e-05 1.000000100000000021e-05 1.000000100000000021e-05 1.000000100000000021e-05 1.000000100000000021e-05 1.000000100000000021e-05 1.000000100000000021e-05 1.000000100000000021e-05 1.000000100000000021e-05 1.000000100000000021e-05 1.000000100000000021e-05
9.116081705861882670e-03 8.410769257500182866e-03 5.058651517268394730e-03 2.980602044181817657e-03 3.187750450068795212e-03 4.791796007789509890e-04 3.193242877072439956e-04 9.975737587299569886e-02 4.832745799818188165e-02 6.421152558518814814e-03 6.898668742718949004e-03 3.656997783437942497e-03 1.592149032827504338e-04 2.265166902131562259e-04 1.007634834582175811e-03 7.916147512157036567e-05 5.051245830498521703e-05 4.289055459881901527e-05 3.057954783958808612e-05 3.652763281050126049e-04 3.866572449072775580e-04 4.609866256837408011e-04 3.225939376856332749e-04 1.530788610750625578e-04 1.233568953290924434e-04 1.000000100000000021e-05 1.000000100000000021e-05 1.000000100000000021e-05 1.000000100000000021e-05 1.000000100000000021e-05 1.000000100000000021e-05 1.000000100000000021e-05 1.000000100000000021e-05 1.000000100000000021e-05 1.000000100000000021e-05 1.000000100000000021e-05 1.000000100000000021e-05
5.082691790784481592e-03 3.668426065493587355e-03 4.417152287050156792e-03 1.711024348838829576e-03 8.021329201543128760e-04 3.019707059026628042e-04 1.603260864579586812e-04 4.965652431963393787e-02 1.071512672503946717e-01 1.372520541892135841e-02 5.540322196236293142e-03 5.331817955828436345e-03 8.730565965059185370e-04 3.183546193597069354e-04 3.760677431813823905e-05 1.544354560727550295e-05 1.339807757931862713e-04 2.002753764070219549e-04 2.274138967600463333e-04 2.938730094366616267e-04 4.651402822834278155e-04 3.026179346985990440e-04 1.214385096413719898e-04 7.034177017670558340e-05 3.189637037475963734e-05 1.000000100000000021e-05 1.000000100000000021e-05 1.000000100000000021e-05 1.000000100000000021e-05 1.000000100000000021e-05 1.000000100000000021e-05 1.000000100000000021e-05 1.000000100000000021e-05 1.000000100000000021e-05 1.000000100000000021e-05 1.000000100000000021e-05 1.000000100000000021e-05
1.779039820362334282e-02 9.972806115192600976e-03 1.048779021642742663e-02 1.012252929244458893e-01 2.976323593993639161e-02 1.488442470952240637e-02 9.678131197777113670e-03 2.960780118511658829e-02 1.344692365569712389e-01 3.866485364234327829e-03 4.041486482931681140e-03 3.891439070134763674e-04 4.533821514653472128e-05 5.444144651535067723e-05 4.544783442656259568e-05 2.822275254787200735e-04 3.405225837856354506e-04 3.639280642231689541e-04 3.203810696288348779e-04 2.485443237126223111e-04 1.026915737020590272e-04 1.328268563079889318e-04 7.910630106938887254e-05 3.262719867808495445e-05 1.000000100000000021e-05 1.000000100000000021e-05 1.000000100000000021e-05 1.000000100000000021e-05 1.000000100000000021e-05 1.000000100000000021e-05 1.000000100000000021e-05 1.000000100000000021e-05 1.000000100000000021e-05 1.000000100000000021e-05 1.000000100000000021e-05 1.000000100000000021e-05 1.000000100000000021e-05
5.890125891053538121e-02 7.653979195359898735e-02 8.504962852862266165e-02 4.257596835538244445e-02 6.841047096597763222e-02 8.102249405556108397e-02 6.578340543294536324e-02 7.404349611136004650e-02 2.065307662751193485e-01 2.336271830879455957e-03 1.396145486042624445e-03 8.551299407957401854e-05 8.766488556547548947e-05 7.208538971677031166e-04 3.434501877316358193e-04 2.793925897555277226e-04 2.987160141155997253e-04 1.948936390828014825e-04 1.915866955304153176e-04 5.708487347316083382e-04 2.782668122441136517e-04 1.063610154804888326e-04 5.895764813018321510e-05 3.343744719008875010e-05 1.000000100000000021e-05 1.000000100000000021e-05 1.000000100000000021e-05 1.000000100000000021e-05 1.000000100000000021e-05 1.000000100000000021e-05 1.000000100000000021e-05 1.000000100000000021e-05 1.000000100000000021e-05 1.000000100000000021e-05 1.000000100000000021e-05 1.000000100000000021e-05 1.000000100000000021e-05
1.825850623191917557e-02 1.635579561478901073e-02 4.595367026262371993e-03 6.306505551622897110e-03 3.154595841685757171e-03 1.673700376862795065e-03 2.095480727693149053e-02 4.167203703518834734e-02 1.702703376628289522e-01 1.062048425714574446e-01 2.335085593195137307e-03 3.223527898579508339e-04 9.012725529795987973e-04 3.516748425001236557e-04 1.214116342071299754e-04 7.854671107389807631e-05 8.541169686388921109e-05 5.991349087366730963e-05 2.015315676443278289e-05 5.236959987227241296e-05 5.665557095914204523e-05 6.606802651298513112e-05 7.879573902193625105e-05 5.850276940864660038e-05 1.000000100000000021e-05 1.000000100000000021e-05 1.000000100000000021e-05 1.000000100000000021e-05 1.000000100000000021e-05 1.000000100000000021e-05 1.000000100000000021e-05 1.000000100000000021e-05 1.000000100000000021e-05 1.000000100000000021e-05 1.000000100000000021e-05 1.000000100000000021e-05 1.000000100000000021e-05
1.379297342721632832e-02 4.325329768852611070e-03 5.691286752022818585e-02 4.630663636609383323e-05 6.871831748500817436e-04 2.269035902735780201e-03 1.372874561269180494e-03 2.280431987219035551e-03 9.009356231540435744e-02 2.536443512242386733e-01 2.324699443015410330e-03 1.845767824883305002e-03 1.400429490172577134e-03 8.925674728866761953e-05 3.373801080681400880e-05 2.872348615754672759e-05 1.000000000000000021e-08 1.000000000000000021e-08 2.544279924497309936e-05 1.731585435654103860e-05 1.527495434743014955e-05 1.830348988550294120e-04 1.651923005236161513e-04 1.462386884624278054e-04 1.000000100000000021e-05 1.000000100000000021e-05 1.000000100000000021e-05 1.000000100000000021e-05 1.000000100000000021e-05 1.000000100000000021e-05 1.000000100000000021e-05 1.000000100000000021e-05 1.000000100000000021e-05 1.000000100000000021e-05 1.000000100000000021e-05 1.000000100000000021e-05 1.000000100000000021e-05
1.156803449751249609e-02 1.242194036140176032e-02 4.326054633310744829e-02 9.705071798198319083e-03 6.660384065588369033e-03 1.523056862364288548e-03 2.177729584047730961e-03 2.223548851112057238e-03 2.730733564893128226e-02 2.093493642623844020e-01 1.412440954537662937e-03 1.625582907737495585e-05 2.012083043844315887e-04 1.836200751057062751e-04 1.180852758262417214e-04 7.879727088063218608e-05 1.000000000000000021e-08 1.856592815431153178e-05 1.134321261246890356e-05 3.334809012753028960e-05 4.928996291521871336e-05 3.858932034385429349e-05 1.373778692138005687e-04 1.000000100000000021e-05 1.000000100000000021e-05 1.000000100000000021e-05 1.000000100000000021e-05 1.000000100000000021e-05 1.000000100000000021e-05 1.000000100000000021e-05 1.000000100000000021e-05 1.000000100000000021e-05 1.000000100000000021e-05 1.000000100000000021e-05 1.000000100000000021e-05 1.000000100000000021e-05 1.000000100000000021e-05
7.238850762241220461e-03 1.171461437852083440e-02 2.246998311672119414e-02 6.905029689495387202e-02 3.018431495067838214e-05 2.127083663437341621e-03 1.713108834898264318e-03 1.655192799734893534e-03 9.100925626444915373e-02 1.411743432038889690e-01 1.151476661013316584e-03 2.278878699802428431e-04 2.189346052968890017e-04 1.097877204533733217e-04 8.313150637613361143e-05 1.097333895145859921e-04 1.039882917283248954e-04 5.984934349843030435e-05 4.432043037321992026e-05 5.073906625703711868e-05 2.073153480085909351e-05 1.270614877311220729e-04 1.209797086481338073e-04 1.000000100000000021e-05 1.000000100000000021e-05 1.000000100000000021e-05 1.000000100000000021e-05 1.000000100000000021e-05 1.000000100000000021e-05 1.000000100000000021e-05 1.000000100000000021e-05 1.000000100000000021e-05 1.000000100000000021e-05 1.000000100000000021e-05 1.000000100000000021e-05 1.000000100000000021e-05 1.000000100000000021e-05
1.626889129213653518e-03 6.420909163405150340e-03 1.608292359114388975e-02 2.903727317420786228e-02 1.578101834279512991e-02 1.689240105326512281e-02 2.566063300308589826e-02 3.191785801543835926e-02 3.110995997509640176e-01 3.075318789530285257e-01 3.026143856682910749e-01 1.623293849881508313e-03 2.928568984174716866e-04 9.660300620093673323e-05 9.752755395908334704e-05 1.934727165176844930e-04 1.256428107780275345e-04 1.252408095499286261e-04 8.420675684850282845e-05 4.116871920400851185e-05 2.897185820201556356e-05 1.956787585089253935e-04 1.260479898532928459e-04 3.444568561537064255e-05 1.000000100000000021e-05 1.000000100000000021e-05 1.000000100000000021e-05 1.000000100000000021e-05 1.000000100000000021e-05 1.000000100000000021e-05 1.000000100000000021e-05 1.000000100000000021e-05 1.000000100000000021e-05 1.000000100000000021e-05 1.000000100000000021e-05 1.000000100000000021e-05 1.000000100000000021e-05
9.993542059774485065e-03 9.028593282010860532e-03 7.461729093187390374e-03 1.260310917320528815e-02 1.572861553184474320e-02 1.771963085532347881e-02 1.107001519874422843e-02 8.907545986132144045e-03 3.074577916184178528e-01 2.985396903054970963e-01 2.993625268085762792e-01 3.111587226568846010e-03 2.246896670270328948e-04 7.654328997637368506e-05 1.148689293821729309e-04 2.684127228701274016e-05 5.098659162111862089e-05 1.743976934747217835e-04 1.000000000000000021e-08 1.465375189620789003e-05 1.870612151395936978e-04 1.993911146612948248e-04 1.226398231391687946e-04 4.723791850245183963e-05 1.000000100000000021e-05 1.000000100000000021e-05 1.000000100000000021e-05 1.000000100000000021e-05 1.000000100000000021e-05 1.000000100000000021e-05 1.000000100000000021e-05 1.000000100000000021e-05 1.000000100000000021e-05 1.000000100000000021e-05 1.000000100000000021e-05 1.000000100000000021e-05 1.000000100000000021e-05
4.895193258339793074e-03 2.925204213020809151e-03 3.251761675457601891e-03 3.200361201406082441e-03 8.244507460700765608e-03 4.164352859920251830e-03 2.432246349110330809e-03 2.462287398308731987e-03 3.737755376171240582e-03 2.817503935687573624e-01 2.914990332207502144e-01 4.550293931788022025e-04 7.289563166857952140e-04 1.261865388842880781e-04 5.695548181782856086e-05 4.079049251150303066e-05 2.581348559854473103e-05 2.808771362409046471e-05 5.205419838321208623e-05 4.000314117656199385e-05 1.557930947345518452e-05 2.104127565117135679e-05 1.332654158520448894e-04 7.562627521132245147e-05 1.000000100000000021e-05 1.000000100000000021e-05 1.000000100000000021e-05 1.000000100000000021e-05 1.000000100000000021e-05 1.000000100000000021e-05 1.000000100000000021e-05 1.000000100000000021e-05 1.000000100000000021e-05 1.000000100000000021e-05 1.000000100000000021e-05 1.000000100000000021e-05 1.000000100000000021e-05
1.069124378807276635e-03 1.698253501899027375e-03 5.338954645917526852e-03 2.562870351626650098e-02 3.192397153310334509e-03 4.616232043520681260e-04 9.192763607439351703e-04 6.258939043706579844e-04 1.530049261122521948e-03 2.415129920911978645e-01 2.382559838784142751e-04 5.292521681109367592e-04 1.268709231068614355e-03 2.488772020261842974e-04 1.235316202527478649e-04 1.160085242609552365e-04 1.280905783583226613e-04 1.011909570931478165e-04 3.820360066599281558e-05 2.362730954187237503e-05 2.246445283863384665e-05 1.823761962465452832e-05 1.000000000000000021e-08 7.830469461824190059e-05 1.000000100000000021e-05 1.000000100000000021e-05 1.000000100000000021e-05 1.000000100000000021e-05 1.000000100000000021e-05 1.000000100000000021e-05 1.000000100000000021e-05 1.000000100000000021e-05 1.000000100000000021e-05 1.000000100000000021e-05 1.000000100000000021e-05 1.000000100000000021e-05 1.000000100000000021e-05
3.029087672985140457e-03 1.483364044648701006e-03 2.469102421410323666e-03 1.513904951548173750e-03 1.084037274409615191e-03 7.420283872241147972e-04 2.864947826779349260e-04 5.374082077026356508e-04 9.586890670922051461e-04 1.748103888712530807e-01 1.049326838625012775e-01 5.153907277223298417e-02 4.952655719594872830e-02 6.359134069533047082e-04 8.649361128162588990e-05 4.263874486107571937e-05 1.000000000000000021e-08 2.402558407384584215e-05 1.000000000000000021e-08 1.000000000000000021e-08 1.677830018759242234e-05 1.174016081644126860e-05 1.192727070755584558e-04 1.000000000000000021e-08 4.535096181573948439e-05 1.000000100000000021e-05 1.000000100000000021e-05 1.000000100000000021e-05 1.000000100000000021e-05 1.000000100000000021e-05 1.000000100000000021e-05 1.000000100000000021e-05 1.000000100000000021e-05 1.000000100000000021e-05 1.000000100000000021e-05 1.000000100000000021e-05 1.000000100000000021e-05
2.525348190969873338e-03 2.116175491310176224e-03 9.784833536037322761e-04 5.017712709059568782e-04 3.038951941407116888e-04 5.456790618529334513e-04 5.991381072156588047e-04 8.368716259827744391e-03 1.399358938298079780e-01 1.511346868498414653e-01 9.634756958037156427e-02 1.415044119949502577e-01 1.510136167622325443e-01 9.055342548527345325e-02 3.298084648124345922e-04 1.015079275102928423e-04 2.841398618820276662e-05 1.000000000000000021e-08 1.000000000000000021e-08 1.000000000000000021e-08 1.000000000000000021e-08 2.146234037773336255e-05 1.000000000000000021e-08 1.000000000000000021e-08 7.323335607069802729e-05 1.000000100000000021e-05 1.000000100000000021e-05 1.000000100000000021e-05 1.000000100000000021e-05 1.000000100000000021e-05 1.000000100000000021e-05 1.000000100000000021e-05 1.000000100000000021e-05 1.000000100000000021e-05 1.000000100000000021e-05 1.000000100000000021e-05 1.000000100000000021e-05
