output/water_depth_2880.asc
ncols 223
nrows 158
xllcorner 0.0
yllcorner 0.0
cellsize 30.0
[rows 68 to 84 of 158, columns 74 to 110 of 223]
5.991742217983023330e-04 1.325064031614267990e-03 1.450428164639205398e-03 2.596359939510931199e-04 6.202161067452230522e-04 5.042685005305153545e-04 1.444014409776424356e-03 9.452634930414596619e-04 2.037101975832250763e-04 1.443538787386705385e-04 1.674588814522037566e-04 2.743416325862736357e-03 2.853938603120999631e-03 4.868109506029334559e-03 1.057255906306812064e-02 1.309135284515447473e-02 1.071686758366727568e-02 4.336648468340328563e-03 3.103974641202367473e-03 2.680165426282516642e-03 7.254716728933710730e-03 1.869162217390209560e-02 2.403186526301451936e-02 2.384946990085645008e-02 1.672933823999117262e-02 1.234622136485465788e-02 1.599541122289181716e-02 1.812771441935460623e-02 1.074763550866076472e-02 2.349842568064700737e-02 2.137978499603427826e-02 2.654256862392604874e-02 1.868291570038793994e-02 1.480967354596507066e-02 5.804654022024816236e-03 2.263006288778766223e-03 1.942961272378756696e-03
4.687214745264381768e-03 4.425944160576812496e-03 5.901056782370972921e-04 1.050242707630175652e-03 1.074319396042832872e-03 1.342218480003417496e-03 2.142867233524194028e-03 1.514503993556491580e-03 9.900379030264544293e-04 6.433298717704305763e-04 4.534100410695207878e-04 1.507481884468433141e-03 2.154278339117745959e-03 1.247520003527485604e-03 2.963796324989236355e-03 7.201010186087437870e-03 6.126040281096536803e-03 6.947572699866649826e-03 5.111026100935276047e-03 2.400158991987395331e-03 5.896859035992702697e-03 7.050172299542406019e-03 3.713531393910100668e-03 5.896811693119636405e-03 3.677402821207896577e-03 9.995315759383723714e-03 1.984943191495708303e-02 1.584869629729956236e-02 1.220281534005673157e-02 6.462415235666273822e-03 1.773441243989065663e-02 1.488082323123122302e-02 1.852464800055342309e-02 1.713412977129772502e-02 1.235008116860536811e-02 9.478932328170572991e-03 4.319375866982402834e-03
5.719012545225037741e-03 3.879557500498042807e-03 4.654758773327691973e-03 4.521795501883666031e-03 5.459140691267782078e-03 3.903097641761953812e-03 6.374719015105889675e-03 6.095035264197172335e-03 1.002237972542279962e-02 6.307339275350749494e-03 5.676053520453905148e-03 2.748434152335624270e-03 2.303745991617207022e-03 1.842425000220304209e-03 4.429508317181067405e-03 3.856684007356686855e-03 7.249350801789662332e-03 8.447794518276850045e-03 5.175564143687723731e-03 1.837518987059765310e-02 2.143733229359078354e-02 2.093032327514717308e-02 2.355876537097471163e-02 2.673136131650033498e-02 1.857498024187709609e-02 1.820422917832026366e-02 9.699976496348976587e-03 1.453496689318174370e-02 8.987333319069479298e-03 9.450272225231592937e-03 8.450138987822207112e-03 7.126067993433883585e-03 1.236528196483565462e-02 1.810132996350512918e-02 2.004958253166418819e-02 2.043574858463170080e-02 2.588017602537522055e-02
9.006560274930098045e-03 3.207848042563710058e-03 1.046034341379155569e-03 3.747930224261222017e-03 5.427640494430655341e-03 1.054769346619346092e-02 1.079056555917176814e-02 1.221377034238298014e-02 5.872411208256530200e-03 8.057127087363965753e-03 4.121694571193518231e-03 3.767554402413126474e-03 4.090447407844820076e-03 8.970892441411887352e-03 4.715234361239088560e-03 7.763003012291794409e-03 7.701093840187318157e-03 1.084666349971315918e-02 2.331623929665508146e-02 1.405364218567363953e-02 1.169084510147315459e-02 7.372319806432767360e-03 5.771969578817905122e-03 2.966169982476409527e-03 1.077571767049744465e-02 7.868935482645642715e-03 1.209929271551221132e-02 9.117458348883151695e-03 1.256364897444317910e-02 1.037974944937315215e-02 6.512787456406390896e-03 9.571627026070079342e-03 7.005072574959220200e-03 1.313223617098762536e-02 1.416646809868364609e-02 1.310957287240910145e-02 1.336211951093845864e-02
5.098672473268722229e-03 3.683759770148837057e-03 4.189343050719743396e-03 4.551557059832272295e-03 7.903950506479366991e-03 5.508003531922647453e-03 5.263451258056917569e-03 3.785523922715138510e-03 4.603935331333325331e-03 2.992068073727119099e-03 5.198820992313330294e-03 6.181135297925384811e-03 6.411686276464642620e-03 7.849475929462071400e-03 5.504209550304665043e-03 9.029756281245894523e-03 1.056077878507211305e-02 1.248365255364075263e-02 5.715928887681619511e-03 4.989921431564436557e-03 2.753979875983716269e-03 2.432968900841576011e-03 2.616255233086702339e-03 3.415977494082263546e-03 6.873776029281377514e-03 8.599300336649811152e-03 6.641131870396388415e-03 1.070792518713919311e-02 8.141545621157219442e-03 1.087474574092380311e-02 1.017144606840389605e-02 6.609268523241746546e-03 9.712172379845056269e-03 7.296867824221391942e-03 1.111277426004785886e-02 7.892781346419984467e-03 6.701421019787620267e-03
4.181502833356691949e-03 3.576347300303122333e-03 2.064187001655019317e-03 4.149742109710504237e-03 1.641282019522565406e-03 1.940146239656781848e-03 1.235897664000635849e-03 2.427402931574977260e-03 3.719139843594104072e-03 6.442393495390913438e-03 5.828573410839198686e-03 7.157119517429606954e-03 6.036898495251507082e-03 5.853094305286792032e-03 5.495753435439630456e-03 5.172641255943599171e-03 5.844360437426210537e-03 7.685474820595160697e-03 6.923711528058936783e-03 7.421247062923922756e-03 7.495412762142677869e-03 4.774657568276900223e-03 4.015741781342781896e-03 1.866442314674872155e-03 3.007437652197526845e-03 4.766931537162156195e-03 7.607365336317043272e-03 9.746340769768262191e-03 1.185550735558574265e-02 9.605910175595977485e-03 1.244572202192542956e-02 1.155136666730018948e-02 7.661860165929498812e-03 1.081889713954725663e-02 8.404040411754741188e-03 1.327489724699711798e-02 8.863078415873691315e-03
2.116917161350697458e-05 3.769930308365838836e-03 8.421620654345918916e-03 7.249580338336680981e-03 6.672045257235425381e-03 4.332682744509424623e-03 4.399166154207743290e-03 1.974048367079971403e-03 5.169695322515228258e-03 6.554355007613328794e-03 1.099974118593660850e-02 8.084516676735781920e-03 7.226779136448622382e-03 8.677218417043256263e-03 6.527669966148209879e-03 7.424328954600460315e-03 3.408343980728051163e-03 3.142245751761642194e-03 2.121946472599416621e-03 3.006340088650672447e-03 5.045297301691230828e-03 5.981514652607114457e-03 6.483285990409418630e-03 6.418426187467953133e-03 5.313067922131580606e-03 5.489663842275427016e-03 6.072213062086249252e-03 7.303255497862636350e-03 1.465896859995910115e-02 1.256741724964255749e-02 1.075718166681314571e-02 9.971131815779694929e-03 1.198677986326389389e-02 7.705860573862252996e-03 1.227151851347382805e-02 1.781636505130106130e-02 7.843296954068138330e-03
1.000000000000000021e-08 9.582692611516047186e-05 1.016956717239943882e-04 7.958782411482013684e-05 1.975552384358521350e-03 3.487340325486299603e-03 3.244002298584952940e-03 5.047978413771688627e-03 2.526890759962912431e-03 2.384906166308755834e-03 1.585960701913853620e-03 5.043854250709273179e-03 7.478021447475271741e-03 6.837312413649521657e-03 8.501002947308235885e-03 6.227440696716367644e-03 7.234376993508460224e-03 2.793187549829502167e-03 2.581586394362829148e-03 1.584553492451664996e-03 1.478825711508945095e-03 2.582775676721612169e-03 4.777317399805853029e-03 7.314376653131761385e-03 1.220026325868810158e-02 1.503327351654949393e-02 1.743795945321719582e-02 1.541196381416782245e-02 1.012680805684230793e-02 1.295132968719530341e-02 1.194261197816983908e-02 1.365036196877121924e-02 9.499205500463386159e-03 1.261902884552084173e-02 8.711957084729712170e-03 1.803856115590338552e-02 1.084084544447137116e-02
1.138156913479406677e-04 1.000000000000000021e-08 1.000000000000000021e-08 2.123153501253199205e-05 3.091000926343936777e-04 6.112633540513042439e-04 2.066613690871393211e-03 2.632030379447859031e-03 2.254679347234628956e-03 1.737338234688774220e-03 1.865489478246003686e-03 4.123397498088893047e-03 8.141437157767875870e-04 1.135897677410485857e-03 3.230722953733124701e-03 5.784313372237437183e-03 4.766884688999449386e-03 6.708793122906587907e-03 3.278563141582420664e-03 2.935253026880075937e-03 1.969391710555116505e-03 2.632968845538651969e-03 2.587907500907966115e-03 4.266982459126785962e-03 1.039805023312812384e-03 2.222291592028980030e-03 1.963144182084546226e-03 5.380966816479234097e-03 7.039919561669947048e-03 6.703321612091436496e-03 8.165196894657875126e-03 1.019711831731641774e-02 1.679605628962291611e-02 2.221370363454328381e-02 3.535361721983330124e-02 4.865020921303006562e-02 8.946820150989501230e-02
4.586268322573692591e-04 3.987275591339070136e-04 3.157718559096240555e-04 1.809642301440201446e-05 1.120547788450066985e-04 9.424093157226706187e-04 4.744908621639823973e-04 9.585243079421177552e-04 1.017451731280213847e-03 1.200562460961332760e-03 1.075511804845807537e-03 1.556644720298673828e-03 3.020628189937125951e-03 5.901222642465523728e-04 1.651083104132771437e-03 2.361398294618659559e-03 4.252151787884206682e-03 2.672409635252146181e-03 4.527426064939311934e-03 3.807487832069037393e-03 4.338110906941837659e-03 3.025112869270080336e-03 5.238505695294678674e-03 3.230790356722082306e-03 1.999632552810420155e-03 9.984125277415715344e-04 2.335653364180901941e-04 3.770593896673968617e-03 3.444584209525606601e-03 6.973523577147634073e-03 7.203105339669182115e-03 7.506133685291906457e-03 7.757622364741779790e-03 5.006198624694948446e-03 6.624548998549948525e-03 4.652738209435514950e-03 2.157714033354378794e-02
7.001751048436394504e-05 1.335847540394233355e-04 1.404589644453926238e-04 2.012557448630956382e-04 1.062579769046037266e-03 3.554802054740451999e-04 5.975882921293555619e-04 1.069679770372473958e-03 2.481982172854684757e-03 1.198716457131569855e-03 1.810542801949335335e-03 2.794190861614847827e-03 3.510951059494524327e-03 4.286587140883427877e-03 1.712778512740741445e-03 2.258412103842607696e-03 1.203058093875230411e-03 4.043021925000600363e-03 2.784204617109410640e-03 3.291917752056045150e-03 2.988013099791609738e-03 4.006735361413492867e-03 3.776906884693461731e-03 5.992578913459602370e-03 4.150118661341356194e-03 2.836393189441552276e-03 7.447344273024220042e-04 1.443534364334769608e-03 4.016622203338077353e-03 5.557582071666662335e-03 1.068112505142294541e-02 1.399078294560256869e-02 8.896041324156684499e-03 2.475498978571580994e-03 2.223979791231242044e-03 1.196426472796238141e-03 2.120502371435668137e-02
1.000000000000000021e-08 2.146251532249015024e-05 1.000000000000000021e-08 1.329714470102517760e-05 1.924646880625426168e-04 2.031566416984553227e-04 6.606406018019922357e-04 9.290266492859226670e-04 5.041813534396618994e-04 2.211077895609251352e-03 8.616246629735325882e-04 1.147224043388484285e-03 1.891679826644769406e-03 2.270953245589663223e-03 9.243178545159798061e-04 1.588448404125679869e-03 2.515694381210947100e-03 2.504587859238635930e-03 5.478541899157794194e-03 4.588511140717923403e-03 3.851796177683487928e-03 1.701379209942189760e-03 3.321719031034113534e-03 5.819710778930260210e-03 2.180266144849471975e-03 2.814962557894093182e-03 1.204457739134023441e-03 3.223152993857332765e-03 3.804703357421741934e-03 7.309253044994760452e-03 9.558097304926885598e-03 1.789893847534279950e-02 1.180548033296903443e-02 1.002824672303962057e-02 3.443477608371805099e-03 4.165868357597524163e-03 4.424364149352939812e-03
1.000000000000000021e-08 1.000000000000000021e-08 1.000000000000000021e-08 1.000000000000000021e-08 1.000000000000000021e-08 1.000000000000000021e-08 4.748278990259422730e-04 6.526577714430540321e-04 8.351183982715246288e-04 1.193836078632158496e-03 2.348463330849905918e-03 7.789047219000841665e-04 7.058418809208147219e-04 9.236505904302165807e-04 1.473487748714387684e-03 6.080521302696458583e-04 1.480713066175537961e-03 1.639334948535554892e-03 3.935057101200141634e-03 4.146749642196731478e-03 3.640580237627550481e-03 3.774751305930102666e-03 1.740691752816300340e-03 4.107400195665039493e-03 4.058850249072489327e-03 4.018312021814431784e-03 3.595221439217488775e-03 3.702192971544657641e-03 8.072206512127642550e-03 5.393141612987589241e-03 4.055289210473700216e-03 4.712977755804826849e-03 1.201319432306190323e-02 1.119088039729555263e-02 7.108985902102961732e-03 2.821234886200407917e-03 4.627345861884424663e-03
1.000000000000000021e-08 1.000000000000000021e-08 1.000000000000000021e-08 1.000000000000000021e-08 1.000000000000000021e-08 1.000000000000000021e-08 7.768897463469675267e-05 7.753642115932590393e-05 6.349072567651270482e-04 4.578934465689340821e-04 1.219818931898545211e-03 8.200511891472611397e-04 1.031211247465099604e-03 3.047584706640094412e-03 3.623650608075974951e-03 2.902152674291866991e-03 1.034103230787059794e-03 1.757008113671276175e-03 1.033736439485544471e-03 2.472918623406199657e-03 4.476433299555897596e-03 2.901509171262345050e-03 4.944392247093200646e-03 5.945207694564773847e-03 2.358492661762603710e-03 3.306174773787764597e-03 2.986432872076246522e-03 5.270779401991766873e-03 3.539810972043947509e-03 4.416748299705178064e-03 4.125640276628653007e-03 1.662436735918425149e-03 4.720331176727940795e-03 1.947069454104139244e-02 2.676491379498291412e-02 1.763499615520581348e-02 1.599942863301111184e-02
1.000000000000000021e-08 1.000000000000000021e-08 1.000000000000000021e-08 1.000000000000000021e-08 1.000000000000000021e-08 1.000000000000000021e-08 1.000000000000000021e-08 5.450139176668715088e-05 1.448351636039714127e-04 2.239998893731761601e-04 4.418091640083698034e-04 1.014793012877039007e-03 1.458449153253621716e-03 1.041755238636705777e-03 1.599102201393730717e-03 2.646587470897352953e-03 2.673237676455888882e-03 9.908193425448240908e-04 9.603568576212479901e-04 5.797469080175968919e-04 2.193616284932789397e-03 6.162923245720364901e-03 7.354457838459338426e-03 1.060507065981665734e-02 1.266199469968946195e-02 8.285755616425541370e-03 7.890585540619469637e-03 7.565223771988662492e-03 5.255050576230677582e-03 5.895727429982990965e-03 2.920516768854952531e-03 3.253410244374020134e-03 3.402656510115063468e-03 5.196671269666983117e-03 7.137898337430898053e-04 7.878707442536993580e-03 9.863815049678457264e-03
1.000000000000000021e-08 1.000000000000000021e-08 1.000000000000000021e-08 1.000000000000000021e-08 1.000000000000000021e-08 1.000000000000000021e-08 1.000000000000000021e-08 1.673431532458119687e-05 4.165548092794125638e-05 4.734972117260537460e-05 1.284398270759096259e-04 2.952541469777542971e-04 3.672583844693216404e-04 3.011179264081526074e-04 1.161461475528844734e-03 1.246704858516321356e-03 1.242209376190541587e-03 1.856041753186071352e-03 8.823928269716099695e-04 1.201671077592119871e-03 6.364722022262161473e-04 3.311791873450900927e-04 2.548855508816177712e-04 3.016782546285699590e-04 1.160701813903450372e-03 4.728377470558584039e-03 6.808974325277284030e-03 7.034744408959209272e-03 7.062563307669526141e-03 7.605524313115652121e-03 9.136357632652110719e-03 5.682418360380757198e-03 6.204860129067769903e-03 5.618166343786851376e-03 4.177067694113036599e-03 4.652450260872064217e-03 3.403520687518510595e-03
1.000000000000000021e-08 1.000000000000000021e-08 1.000000000000000021e-08 1.000000000000000021e-08 1.000000000000000021e-08 1.000000000000000021e-08 1.000000000000000021e-08 1.000000000000000021e-08 1.000000000000000021e-08 1.000000000000000021e-08 1.000000000000000021e-08 2.035803981476950694e-05 6.362847869382621754e-05 1.380523445236478365e-04 2.980684494022177162e-04 3.557812097876826693e-04 1.247913881419994301e-03 9.918195092901065189e-04 1.582248801517062431e-03 8.702311792178137224e-04 1.237508726556595280e-03 4.959399635064199764e-04 7.630342244539451216e-04 5.764982644224699720e-04 4.139730216137856196e-04 1.437087924689758878e-03 1.888335453971101479e-03 3.836658713700337280e-03 7.086274966130893214e-03 4.831482995590363413e-03 8.109638107321705952e-03 8.422331467932586690e-03 3.862336975482206364e-03 4.676028820135999520e-03 3.733518419308255992e-03 3.942979168239149276e-03 2.451863437634964164e-03
