output/water_depth_2520.asc
ncols 223
nrows 158
xllcorner 0.0
yllcorner 0.0
cellsize 30.0
[rows 68 to 84 of 158, columns 37 to 73 of 223]
7.720985521344603914e-05 1.040523947708792612e-04 1.475816789179249531e-04 1.753965438998445685e-04 1.000000000000000021e-08 1.740144135472524367e-04 2.046027864095300425e-04 1.804646573596042219e-04 1.128631487260722225e-05 1.000000000000000021e-08 1.000000000000000021e-08 1.638246860453633632e-04 2.410015921428775563e-04 2.645823576986775714e-05 4.434066516988559889e-04 6.589316079715926632e-05 5.509587943063314758e-04 1.165373813524156959e-04 7.188086871245185044e-05 7.072884255608741732e-05 6.678803012205533380e-05 1.381510503129660728e-04 1.034254464829574430e-03 8.171674134856577593e-03 2.442979846695517154e-03 1.017096057470361167e-05 1.000000000000000021e-08 1.000000000000000021e-08 1.000000000000000021e-08 1.000000000000000021e-08 1.857162837527323790e-05 4.817813851470884983e-05 5.005151980620282731e-05 6.334051292118206299e-05 8.478040342973755842e-05 5.874685934536020090e-05 5.457764774817440987e-05
4.407065513647856475e-05 5.473898296724230762e-05 8.063729201954327884e-05 8.755855305271640699e-05 8.257722314490357530e-05 8.528702027584377367e-05 1.194661560457188111e-04 1.229081919338440585e-04 1.447546725665105176e-04 3.537182711234347014e-05 4.197293398828277531e-05 2.635124493899132964e-05 1.249851331484686235e-05 2.699733141664703573e-04 2.921391383708716889e-04 6.968903945125659572e-05 4.474322501779866659e-04 7.053997422059699962e-05 8.971338458222099512e-05 1.222904974264057802e-04 7.251956751596223133e-04 1.713880606834523152e-04 8.698489755554279952e-04 9.360244079661858259e-04 1.294151561467548348e-03 3.283108570984586295e-03 1.458713086314710368e-05 1.000000000000000021e-08 1.000000000000000021e-08 1.000000000000000021e-08 1.420851541472251890e-05 1.000000000000000021e-08 1.022337543024302289e-03 7.632890287594584246e-03 1.186076599286475276e-02 1.430736654291846210e-02 8.990817137273190984e-03
4.668541803656059273e-05 1.307875333897602163e-05 4.522959459399910156e-05 4.587086309807740996e-05 1.000000000000000021e-08 3.426259258581388609e-05 7.148935774139909165e-05 1.989336759884715938e-04 3.891578402017859136e-04 2.633004303437514143e-04 2.133621473780145583e-04 2.217504902975211392e-04 1.540814522021756656e-04 1.504807969786609999e-04 1.584419557970720730e-04 2.188358743469410279e-04 9.722718307662778486e-04 9.413160062968182486e-05 4.688829948652166305e-04 3.493107352925289323e-04 3.103786570344146565e-04 1.074214673451588100e-03 6.328484457523374761e-04 5.775685825301420540e-04 6.552698426542504580e-05 1.000000000000000021e-08 1.720272577605329680e-04 1.483075520239380369e-04 1.515708141445003859e-05 1.120305048905036530e-03 3.519540823272872656e-04 4.998188696813267440e-03 1.036933534184856023e-02 9.212409683530055002e-03 1.066667673596161797e-02 1.022789236705952745e-02 1.594760416850719842e-02
1.000000100000000021e-05 1.498831438269393327e-04 2.291932162130839757e-05 4.535731927862876280e-05 5.740953559040675407e-05 1.000000000000000021e-08 4.054713899919785655e-05 8.433163184638817450e-05 1.797491611859116398e-04 1.922048372881220732e-04 2.688227934464105118e-04 8.273005342902043074e-04 1.280017242276537638e-03 1.010525736479112252e-03 8.905552152707320269e-04 1.337224360015370735e-03 1.508735285219067529e-03 5.919058924891373169e-03 2.819634315149038058e-03 1.960382652740710538e-03 2.142964853086776374e-03 2.638943472156083259e-03 1.775605141768601264e-02 1.691083564807266187e-03 4.616591080694641908e-04 5.022706487684268665e-05 7.802200797224659139e-04 7.894625465611147244e-04 5.996266880737821095e-04 4.036261708341484615e-03 7.800680018416331768e-03 8.588007688698566858e-03 8.278187964978067290e-03 8.834848028721049157e-03 7.041781647368907174e-03 1.056234529344367637e-02 1.017006614388520948e-02
1.807267004560692361e-04 3.923834442476082100e-04 3.032978397315150699e-04 1.994660603000210841e-04 1.101245083794953016e-05 1.000000000000000021e-08 1.000000000000000021e-08 2.057754540057939521e-04 7.643856980070889984e-04 6.947346397647249407e-04 3.684720365356270138e-04 4.718817419646473320e-04 7.488060678907751139e-04 1.734535613001001895e-03 2.084841051274980393e-03 3.078517708800749229e-03 2.339651310847431446e-03 3.082009745855939214e-03 3.552268042550595344e-03 4.249859479792707229e-03 3.126284177227645761e-03 2.704236328064336167e-03 3.945805414904311574e-03 6.460680175842732631e-03 3.688317932630251223e-03 8.572813109487460205e-04 1.309737809487777210e-02 1.313286788090149704e-02 1.905567405939061904e-02 1.592891727250204947e-02 1.978874574607658934e-02 1.144041973576730674e-02 8.368587423981235784e-03 6.058261609078952753e-03 5.688485514739971202e-03 3.782212511744861404e-03 5.385857371164962451e-03
2.177427609494195411e-04 1.580119116174219334e-04 3.369588776824730268e-04 2.670001300584246809e-05 2.221374946778594840e-04 2.170732359591007828e-04 2.120764057576104880e-04 5.056165612264591509e-04 5.840909750298909188e-04 1.001472612634297672e-03 1.164173901079479595e-03 1.097136617292328222e-03 1.464218278307264373e-03 1.151746581901243269e-03 1.314172823623482086e-03 1.018702145762864905e-03 1.225083553035756587e-03 1.861616231254712393e-03 6.167646541524325317e-04 4.744214549949659666e-03 6.971783545083576859e-03 5.379551931194916960e-03 4.043115008891501154e-03 1.193592560023397538e-02 1.410064300815752625e-02 1.637815228030496326e-02 1.154807826461569376e-02 7.416577165645295809e-03 5.024966929410552494e-03 3.722411643423600112e-03 2.556605523028791273e-03 2.037528668789410826e-03 1.478547345986017808e-03 1.089381800223175427e-03 3.322848238561363255e-04 2.772312178736867187e-04 3.396094082555853105e-04
5.030396840897109235e-04 7.314686890594669123e-04 9.846261453029412844e-04 1.233405254190954661e-03 1.508412949707718274e-03 1.947950406419737216e-03 2.296551648694559414e-03 2.550634476548839426e-03 1.917060944506076810e-03 3.748192073747111299e-04 3.379038847769882947e-04 4.231229541265319112e-04 1.383640765847293406e-04 1.215761372305690743e-04 1.416759411158288913e-04 7.168135121164071789e-04 6.221556860816468935e-04 4.011579304619299112e-04 2.491345674568005465e-04 1.987548067840055031e-04 1.377816508404813769e-04 4.884955060215592781e-03 7.203843462636098406e-03 7.902515999643665301e-03 1.410205572716065640e-03 3.232798261056199387e-04 3.988692303861686444e-05 1.385252946097350105e-04 1.771517069090007763e-04 1.917651127361846093e-04 1.907487577053112787e-04 1.626094844375214300e-04 1.475545948404614644e-04 1.426113004695395560e-04 1.649092163507561066e-04 1.551559015400581841e-04 1.837106040818449110e-05
3.228014596358644295e-03 3.442839793723144991e-04 6.618368447747625775e-05 8.222803334267555738e-05 7.336486306760076949e-05 4.018734385838241717e-04 3.673287066239111216e-04 1.332997595148153311e-05 2.327487694755147948e-05 2.423251538887669519e-05 3.702015114880588184e-05 3.626165543034009890e-05 5.220663192739425691e-05 4.893815939214040778e-05 3.379894844796606733e-04 2.998992165205611473e-04 4.160128961813165487e-04 4.695253566832163165e-04 4.145526656438613716e-04 3.628452371385759603e-04 3.126079676846349074e-04 7.365803498145419423e-04 1.333232329350513392e-03 2.536554788537082961e-04 4.213838504849080858e-05 6.238109764375588523e-05 1.043660827071403680e-04 1.167086564547959663e-04 1.429367623389031332e-04 1.283082401745032429e-04 8.867068975791764208e-05 1.642146285931281888e-04 1.499277611665380595e-04 1.445132294694455376e-04 1.095569479182907695e-04 1.000000000000000021e-08 1.000000000000000021e-08
1.216785011697772782e-04 2.044289879413230032e-04 1.688416951930169887e-05 1.000000000000000021e-08 2.037032657507452531e-05 1.000000000000000021e-08 1.000000000000000021e-08 3.284774692545331726e-05 4.527497017070842552e-05 6.247962919436888412e-05 6.308932635302003935e-05 6.166308463813120245e-05 5.050480748231735563e-05 5.030868520314313986e-05 4.555173715596804666e-05 9.432178858930023127e-05 3.480368414319241093e-04 9.004621118954272627e-04 8.928711945478785090e-04 7.235266653577532119e-04 7.256110463044945563e-04 1.451562168220367531e-03 2.096412208022343463e-04 1.143442393741354781e-04 3.612361254492541294e-05 5.992802291391054848e-05 4.504322243997063360e-05 6.179857806461197273e-05 4.884982018605857530e-05 5.581242271584664735e-05 9.157708683425962550e-05 8.798016586902465946e-05 1.571239772389983885e-04 1.867345073014808031e-04 1.877816189334296647e-04 1.560465907813219646e-04 1.401191729072776254e-04
1.075690407082289694e-04 1.645354889000129176e-04 1.986703963227148741e-04 9.868033423279515130e-05 6.046101459086728120e-05 7.232049698145967358e-05 2.199804142348847202e-04 2.569423801827872369e-04 2.564300866974479772e-04 2.425569559609478255e-04 2.590196450433206047e-04 2.572930338614912117e-04 2.547089458319477849e-04 2.347887592674813414e-04 2.138941599975655256e-04 1.847204125405225831e-04 8.688842522234002577e-04 1.535118421027585438e-03 1.371592245613925719e-03 1.395498356266978166e-03 1.183838008675527952e-03 1.784052519836748247e-03 1.847091782833943860e-03 1.000000000000000021e-08 5.706155968097140999e-05 9.619653051384971347e-05 8.938644831084400176e-05 1.075361347563649566e-04 1.085702025830653393e-04 1.057391862412362037e-04 1.477715232874675757e-04 1.483495077254168976e-04 1.976529647261553093e-04 2.478256206805777009e-04 2.804411763657194807e-04 2.881706213490174045e-04 4.454383985320696363e-04
1.017401470409640791e-04 1.476646383390322823e-04 1.708005800706802147e-04 2.238780995480080748e-05 3.849494702221369476e-05 6.030959243642356930e-05 1.650861199466491008e-04 1.818213077714568994e-04 2.895275010498212431e-04 8.672455296895266105e-04 1.570468798484134492e-03 1.763495665106275517e-03 2.420126615675236795e-03 2.438010948024456684e-03 3.565920938417238215e-03 3.403308050110951267e-03 4.273168584702107843e-03 3.861958290181178970e-03 5.609977926669259055e-03 3.798993879010208446e-03 3.991718854713396415e-03 1.760788228234815705e-03 3.422536778343308536e-03 4.427205791396545846e-05 1.000000000000000021e-08 9.282303418185866681e-05 1.350794467844448888e-04 1.690769838275808638e-04 1.592198278088170402e-04 1.640746483740054200e-04 1.978731392627184032e-04 1.991257056235621323e-04 2.218164738422802513e-04 5.787258463896166366e-05 7.845825318629545610e-05 1.349676753030845536e-04 1.170550205627095990e-04
1.295771409940388416e-04 2.016534709401898555e-04 1.708074096853160872e-04 1.150074967615648448e-04 1.051550551471058543e-04 2.461768282189420731e-04 2.793565583923984276e-04 5.173393659257663740e-04 2.172749616123244732e-03 1.604273109383550422e-03 1.183426492472812105e-03 8.866314884265377423e-04 1.202869769724018755e-03 9.992566030567777077e-04 1.446464420014237535e-04 4.826760090541842532e-05 8.824004006905043578e-05 4.648977397947571155e-04 1.009945934846696956e-04 2.177922020064013923e-03 2.561932949041333639e-03 3.218683289734600855e-03 3.905175771955344578e-03 1.693242757272202161e-03 4.148501940131891683e-04 4.700308666351107586e-04 7.291573933857876477e-05 1.973222417253327221e-04 2.813164897806448689e-05 1.451894914937181154e-04 2.213576014454232384e-04 2.447767859145255046e-04 2.819729276773847424e-04 1.767828987245742014e-05 1.000000000000000021e-08 1.000000000000000021e-08 1.000000000000000021e-08
2.064437528814161752e-04 2.597629741943750965e-04 9.844262403679613174e-05 5.395866380778645597e-05 1.378912823543834839e-04 7.598510292981362367e-05 5.646408994866823367e-04 5.496380381897479931e-04 2.111564083545536719e-04 2.934409320179858624e-05 1.000000000000000021e-08 1.000000000000000021e-08 1.000000000000000021e-08 5.142463760559708505e-05 4.999550919758084729e-05 5.355613478157476972e-05 1.355250723216526823e-04 1.600344330129467672e-04 1.568878011171131353e-04 2.013688251989211042e-04 1.231966975487385450e-03 3.672607940751027467e-03 7.229589731827716290e-03 3.401367351685867686e-03 4.146131569665950645e-03 2.644175135013009364e-03 2.180947285624768115e-03 3.645009862188099289e-04 7.315321354579990812e-05 1.592659480499702214e-04 2.517578999113079296e-04 3.010959630729629342e-04 4.205044566010461684e-05 3.037517324024184432e-04 2.228716153824724454e-05 1.773672780706090306e-05 1.000000000000000021e-08
1.015035595204728482e-04 2.055535233715252382e-04 4.730200740971522499e-05 6.888995969905127754e-05 2.518429182030370873e-05 4.384975337594368769e-05 5.540074517416516915e-05 2.670490749931373348e-05 2.466408505485312745e-05 1.000000000000000021e-08 1.598225670731773988e-05 1.000000000000000021e-08 1.226215747746565203e-05 1.222901849264965569e-04 1.671809617967647986e-04 1.947653745380434928e-04 2.599596075702255782e-05 2.234784974528542222e-05 2.946366076002509380e-05 6.783060555681491696e-05 9.095118750853599149e-05 8.041625129098454582e-05 2.916819888859599388e-03 6.460904334174923797e-03 3.817065773992197718e-03 4.783550569167701813e-03 1.537336654226252857e-03 5.340659775059011100e-04 9.043520031763413285e-04 1.988116454746544841e-04 7.317254488465803374e-05 4.827497347438931369e-05 4.099725708508593374e-05 2.533773857154080693e-04 7.337717050063819737e-05 1.000000000000000021e-08 1.000000000000000021e-08
9.639087412859104773e-05 1.940977633374567021e-04 4.041995815505884659e-03 4.297125737699174371e-04 9.455989022556901590e-05 7.016651735895223390e-05 2.600261216433388212e-05 2.436251551240794339e-05 1.000000000000000021e-08 1.664379355083733220e-05 2.600913252850566086e-05 6.314540709609264141e-05 8.117949367402214293e-05 1.492966311470080173e-04 1.920829224098055416e-04 3.027884229830173340e-04 2.862315911770470039e-04 4.005951420411361322e-04 3.506864741017246857e-04 4.140760491754809998e-04 4.006299534725110711e-04 7.409017866595059548e-04 1.130908972433030497e-03 4.149819287725929791e-03 1.062537443795068953e-02 8.347978956610577900e-03 1.044075499429924364e-02 4.509079331809799293e-03 1.899417785186759177e-03 2.671500579584231132e-03 6.751006262925028688e-04 2.471265431162602633e-04 4.145714926082401679e-05 7.958894933473167302e-05 2.710454915224676088e-05 2.664562068181482987e-05 1.594540022609787933e-05
8.307723860997248309e-05 1.375146585935576313e-04 2.193059872717114745e-04 2.488197894937802510e-04 2.628709894902434940e-05 1.454844713166405127e-05 1.000000000000000021e-08 1.745676380166162142e-05 2.247229136558004720e-05 2.744428902218503028e-05 6.317626734359362613e-05 2.124513655294717651e-05 4.173546236300477514e-05 4.114772546600027928e-05 6.210208751606237257e-05 1.082361329202191278e-04 2.532090847427738954e-04 3.062274815651765234e-04 4.860690541741738251e-04 4.801417974510385355e-04 7.546153699426367840e-04 6.306295505470675255e-04 1.161454024539904746e-03 1.586023402133873933e-03 2.079871948670231844e-03 8.536854749222741109e-03 1.309460633051299366e-02 1.425446806800465503e-02 1.943926322999458417e-02 9.924193576606047187e-03 9.425077773372189660e-03 3.485670340333096081e-03 2.442295048924475291e-03 5.916214509445174782e-04 5.771955561337629211e-04 5.860207752287594721e-04 8.031322085171167617e-05
6.864709477405154397e-05 1.083050766574392674e-04 1.474919733867513028e-04 2.150829741736770410e-04 2.289580432864891653e-04 1.850781866105088370e-05 1.000000000000000021e-08 1.414869032978934039e-05 2.124622420684379125e-05 3.567691577330394515e-05 1.254093889781089305e-05 2.430153350901336160e-05 2.315804049417004670e-05 3.343147341425743398e-05 3.236122467096372209e-05 1.000000000000000021e-08 1.064974650933489895e-05 7.097292437090434863e-05 1.745671771633041660e-04 4.388899080329063855e-04 8.630172659081717778e-04 1.527668568199741202e-03 1.275126180316142133e-03 2.505396345730081294e-03 6.075598132782532561e-04 2.420126735259443536e-04 9.476811664003586839e-04 2.506919297528918526e-04 4.383566506379210463e-03 1.244804956526461386e-02 1.249885886610060774e-02 1.381124725666047631e-02 7.334059424659600430e-03 7.408548846029053281e-03 1.655397351134820947e-03 4.638431367953454749e-04 6.366505835544143156e-05
