output/water_depth_2400.asc
ncols 223
nrows 158
xllcorner 0.0
yllcorner 0.0
cellsize 30.0
[rows 51 to 67 of 158, columns 74 to 110 of 223]
1.576615280686156638e-05 1.000000000000000021e-08 1.485207166494328319e-05 1.621298941574981578e-04 1.745859569853456194e-04 1.868236214452597506e-04 1.907705897472559043e-04 2.088775829904845546e-04 2.418065354440945619e-04 1.924749937618764055e-04 4.591211112575308007e-05 5.898548956789336438e-05 6.547794809342891652e-05 9.537989747324922350e-05 4.081531038873867779e-04 3.798910441033532246e-04 2.384952850679254819e-04 3.365029372206144824e-05 3.025034404036034853e-05 5.241939059607349802e-04 4.833512210416998373e-04 2.234192298505780001e-05 3.650630209796615550e-05 4.081286277557654265e-05 4.957174878410101123e-04 4.010323349421941432e-05 6.751368498154982267e-05 4.234691110305818036e-04 3.271586000623129633e-04 2.659907953798131930e-04 2.948176703220896171e-04 6.514479632799943028e-05 3.899436500182366276e-04 7.701340198866271853e-04 1.682873016061064465e-04 3.097300288211442466e-05 5.823193402686730938e-05
2.570733880231157236e-04 2.480888005100747185e-04 3.690066507611963515e-04 3.798854152597699288e-04 5.040271776649602083e-04 4.270687735516534621e-04 1.192334752235557020e-03 8.866633628632397722e-04 6.302835499207129532e-04 6.036658663177567634e-04 7.173924380944049018e-05 2.632127903751604547e-05 6.095845100192873655e-05 6.713216269691260358e-05 1.685823484528829145e-04 8.138295547296465126e-04 7.673602264339268644e-05 4.802906178864329071e-05 4.405536737184313528e-05 4.783957439238219612e-04 5.272385396680559803e-04 7.155060022067760792e-05 7.054851215632829576e-05 9.865330344610445819e-05 4.384201929970943466e-04 8.247852508854331679e-05 7.113524095717538472e-05 3.213112811345489230e-04 2.934675121301650994e-04 3.745122896422416366e-04 3.177622760860306355e-04 2.713787200976060720e-04 2.344284473741987615e-04 2.028292422921241004e-04 2.786915784582816804e-05 3.236325319344942356e-05 3.324226205993613392e-05
6.591576094090338201e-04 5.910905912057493484e-04 5.310329434145529340e-04 5.918705880678228005e-05 4.595149544590795398e-05 1.720808626908587916e-04 4.113740242602789482e-04 1.301985905781958197e-03 4.690239281993133615e-04 4.274777994034005177e-04 1.193138903633761839e-03 2.161715780296414864e-04 7.339492990344443041e-05 1.369158260394750073e-04 1.206786476723649166e-04 3.006322272626904416e-04 9.008148640941017167e-04 1.207193857717590136e-04 8.475696944703947676e-05 5.105364407236899840e-04 5.903545479071374861e-04 1.655095202695961668e-04 1.000000000000000021e-08 1.000000000000000021e-08 1.000000000000000021e-08 1.000000000000000021e-08 1.000000000000000021e-08 3.682652683857867243e-05 1.975833764649079216e-04 1.820925461852333706e-04 1.640952947558359026e-04 2.617486721371525913e-04 1.147760526990676848e-04 2.544532908055553884e-04 3.516799586080727411e-05 1.583555912515594824e-04 1.155735043554418094e-04
2.024074781437402201e-04 1.034715096577213799e-04 1.037861743116543021e-04 5.428131904366858385e-05 8.772934903909385140e-05 3.528520473627441408e-05 5.290509441581469404e-04 2.789881887088593360e-04 1.232597245869368311e-04 1.494086753156084366e-04 1.040671499857559381e-03 2.029722962676589458e-04 1.030660125535588084e-03 2.245046060342800417e-04 2.714589931366426690e-04 7.682723219685435884e-04 1.028921393135040713e-03 4.432250032620234088e-04 1.727358421035054767e-04 3.791519590270413633e-04 5.779120840398274846e-04 1.571617092491386220e-04 5.226136678673412974e-05 4.679019716277670992e-05 1.590287648151341330e-05 1.000000000000000021e-08 1.000000000000000021e-08 5.047292847344125871e-05 1.394715773944095807e-04 1.484890261622236673e-04 1.841128475540996319e-04 2.264142575662121101e-05 2.468603084492606041e-05 7.171841055774975059e-05 9.538897411327610385e-04 1.067804143540729321e-03 4.004814005365408408e-04
1.994835590332270730e-04 1.763702267168027550e-05 4.053588802706796761e-05 8.445543519965638597e-05 5.832941403924427233e-05 8.443372744336896576e-05 1.838232228893166005e-04 1.108903649548859203e-03 2.861675998559104267e-04 1.475950973955454984e-04 1.120674603909678447e-03 3.302036549851503143e-04 2.072051979298352472e-04 1.809252261547505730e-04 5.968497480731263299e-04 1.307172865595434305e-04 1.823299144618458281e-04 8.172724362297847890e-05 2.201404747615771820e-04 1.953517800305644664e-04 4.347695974706114485e-04 1.987671439208331533e-04 6.018860066729595924e-05 3.670623740579594693e-05 4.766222401972581657e-05 1.830021662824137083e-05 3.146483931836427080e-04 7.909374390897290063e-04 1.992739385369375670e-04 2.002232307731265982e-04 2.197367927173656790e-04 1.874081784786285425e-04 1.795478164681772813e-04 2.561785025402407706e-05 2.636846122941618564e-04 7.848378977625905398e-04 1.086809378127917862e-03
2.052152438897488569e-05 1.273705434924395045e-05 4.750086222902961188e-05 4.427633320975511082e-05 1.901544943532658383e-04 9.336704398165887988e-05 2.000231836229471078e-04 1.713949197758094498e-04 1.551458190590574544e-04 2.718736419124829704e-04 1.175456731076323464e-03 2.698324705005273878e-04 3.722539315244667362e-04 1.833456202165743474e-04 4.297644139180449270e-04 1.211086271340086981e-04 9.999175262696224323e-05 1.581014312836401855e-04 3.154437371462378171e-04 6.964155729558268049e-04 8.157579438221708792e-04 1.170686926970498400e-03 8.687547742720895961e-04 6.253709215047512874e-04 2.173613058389420977e-04 3.970735799702195933e-04 1.012469385653595646e-03 1.064154398906985016e-03 2.818240006503076791e-04 1.786299536606487687e-04 2.214484948390074687e-05 1.662118828930015245e-05 2.233327428331192846e-05 1.848173453555773769e-04 2.018537362350135672e-05 1.200730813344626300e-04 1.108776945176224082e-03
7.871186117309996583e-05 1.309420559280264457e-04 5.909810839086614983e-05 1.873859453744004897e-04 6.815755385121180553e-05 1.444427971755008464e-04 3.038867281795428789e-04 8.122247582294230223e-05 2.073880022505096479e-04 1.637748254161868649e-04 1.253539052513051979e-03 7.557088123757481693e-04 1.768219859542834605e-04 3.143283978869649154e-04 2.475679715443835412e-04 1.087664583452779485e-03 2.566888740684138723e-04 3.448606907015382833e-04 4.935076181694127021e-04 4.864390913916508347e-04 7.758764057316495542e-04 1.587098963370649207e-03 3.628577361184103802e-04 4.354462251431050375e-04 8.878141617370343634e-04 6.513115850661599197e-05 1.902892706721158586e-04 4.190940236017030125e-04 2.645164383511705336e-04 5.008086986905611838e-04 5.327086383718168704e-05 1.163184644689366665e-04 4.731375527561600103e-05 1.124425073665737270e-04 4.753666780042384342e-04 6.884472617299183545e-04 1.074714996959989007e-03
6.079500734144802293e-05 6.471526054863788765e-05 1.963037382320981131e-04 7.089168817267032065e-05 1.231581783042652351e-04 9.052245378742465446e-05 2.912961089382317781e-04 1.672159194918774582e-04 1.999751047057714737e-04 2.873447869140131504e-04 5.607363160800291676e-04 3.184178860984434103e-04 4.213846383664081449e-04 2.479144001916073494e-04 4.397900562515989894e-04 5.849904207622494455e-04 1.520683392941122236e-04 1.469976857541444438e-04 2.138601499824676776e-04 3.991770690500608251e-04 4.700636131536448299e-04 2.039916013344158802e-03 6.633534383926093132e-04 1.857819051295017633e-03 1.192629764261929955e-03 2.196891146023174533e-04 1.381096529132419472e-04 1.579917224650517066e-03 6.948416431447953113e-04 1.986612567313963019e-04 9.412501163070645946e-04 1.418553314365814165e-04 6.415259843393566553e-04 6.648294343807769268e-05 5.995985475362493192e-04 6.924136269823642602e-04 1.626789447415875900e-04
2.727832290049169925e-04 3.266541850476932670e-04 2.846275351978118200e-04 5.838241805608588393e-04 5.669087801770313507e-04 4.718416337820639100e-04 8.021420021060160369e-04 1.197993483429228350e-03 1.115944745539933832e-03 2.320125051948203256e-03 8.791907612394499107e-04 7.545069313355850984e-04 3.973657146047820878e-04 5.746497182038066412e-04 3.399567838276781472e-04 6.823167681460299422e-04 7.242352450998599438e-04 2.991566498549898820e-04 2.580042149241950912e-05 2.635335331850173428e-05 6.297934166499423230e-04 3.827691886836123887e-04 3.524887280434538424e-04 6.768304518652670018e-04 1.139995280965790114e-03 4.493413664030677913e-04 5.172122346992068676e-04 7.774076991446463979e-04 7.543420165772746775e-04 1.787819261098113786e-04 1.739241570863651529e-04 5.875057658111656957e-05 1.287884417083337151e-04 6.327327259763786214e-04 7.563849033865953754e-04 1.714320077636748564e-04 1.683326600936405689e-04
7.350712109488581093e-04 6.056054007455770761e-04 9.328414868495485315e-04 1.076478875668114045e-03 1.800808311316954083e-03 2.240024709073664116e-03 3.124853508832798298e-03 3.200462498453783295e-03 3.708148204147108593e-03 4.292461413126786272e-03 5.968187156230023507e-03 5.866159517491678979e-03 4.582479375577187819e-03 3.152215913925891441e-03 3.954162869403528985e-03 1.641244949915589800e-03 2.792181747440621899e-03 7.057684393890849674e-04 2.498865375279692375e-04 2.472818106150100862e-04 3.446715358375268090e-04 1.621518193430074761e-04 4.526233152924011077e-04 3.802114443165330922e-04 7.089386009265800839e-04 9.080287181185942805e-04 4.698872194819872679e-04 9.212091958438233452e-04 1.086539506308462901e-03 5.216743614160318336e-04 3.498923076267475112e-04 7.930731349686665475e-05 7.231905647027852310e-05 1.442722900571674974e-04 9.216809418242520764e-04 3.156570955784518948e-04 2.660479885909054223e-04
2.621340526291373110e-03 1.184805493385947261e-03 9.779740931932065680e-04 1.171082496000140204e-03 7.165062007970417549e-04 8.876226573597214729e-04 6.731827619249038455e-04 8.729659406609298605e-04 2.162812022791729075e-03 3.284474041790982467e-03 3.175641680149573695e-03 4.145449759271665341e-03 7.223182330469807635e-03 1.008347621383077347e-02 7.048977072270023840e-03 6.647128413153360893e-03 3.204398017164434599e-03 3.073060414191344705e-03 1.272780211002147010e-03 2.756420543160683842e-03 1.312858408566293508e-03 6.127219143658030071e-04 2.075721858520568320e-04 5.147903392869271084e-04 7.913465040695302115e-04 5.620601892022153868e-04 1.474586092886386252e-03 4.393439385489706088e-04 1.161083628540986006e-03 7.246767132242480517e-04 1.291603220393275136e-03 4.622987687874379912e-04 4.719882949420351045e-04 2.080488291889661171e-04 6.006549353109116732e-04 2.488225320631744404e-04 1.726994736811202145e-04
2.458261976664833856e-03 2.540454194065984352e-03 1.506888160281829757e-03 9.060360986942831438e-04 3.407514988920550859e-04 2.648953314278623314e-04 1.876541856900272272e-04 5.434394146727123450e-04 3.456307850903203734e-04 2.453108929761934178e-04 6.010099794324711125e-04 1.085145285157332242e-04 1.724116723236353765e-04 3.887745700682519235e-04 2.903165039961770957e-03 3.127910645257683461e-03 5.182608214159437586e-03 2.845787155657003142e-03 4.435303501810457585e-03 3.267817157972610805e-03 5.049103173278883527e-03 1.387612794369967682e-03 1.097376996851694240e-03 5.031553408231901215e-04 6.836001677580211527e-04 9.514084550089807382e-04 1.571842026051882817e-03 1.186981092380819071e-03 4.765087264584372414e-04 9.470728887104306335e-04 4.144094468374449436e-04 7.661619761890763091e-04 4.154528626469931917e-04 5.542239490959788469e-04 8.621470337276378269e-04 1.952014926262935889e-04 3.018458949562349554e-04
1.892314895722559120e-02 1.171958948300619134e-02 7.503318302984139654e-03 5.441395737555502696e-03 3.565904628005957082e-03 3.561575157424330066e-03 3.727897353984996245e-03 1.451636944373497226e-03 2.382696773360530682e-03 1.701570549274017668e-03 5.572049886713867839e-04 7.368669131984527040e-04 2.478123484294728605e-04 5.222310306431396723e-04 1.179689660962462104e-03 3.607305101969875138e-03 3.008002511028196393e-03 4.980647957489461354e-03 3.873336282647041849e-03 4.835195404601233191e-03 4.211915370919392526e-03 4.798180290582305593e-03 3.110796580968490637e-03 3.077748515561673157e-03 1.014578626697284700e-03 1.410915930467538304e-03 1.374334339350096693e-03 1.713632369215629947e-03 1.622796425441475803e-03 6.124532288125419379e-04 4.351159134519927809e-04 4.025747162383062927e-04 7.261830595485941741e-04 4.312315422528584111e-04 9.757698549960569468e-04 4.701568991353618165e-04 4.709832900657477477e-04
3.868243032187790309e-02 4.790255909855924144e-02 5.082532969028275005e-02 2.948336263145397498e-02 1.881372677631840823e-02 1.447683611337333663e-02 1.168640851631979477e-02 7.027049445940377129e-03 1.407253628940934899e-02 3.071546355041817125e-02 2.005615724114665280e-02 1.357259769397469763e-02 1.044244127764269899e-02 4.706141743870588014e-03 4.794998147030630695e-03 4.504756917658940540e-03 7.118610313941764120e-03 2.187010726598165658e-02 1.351968482854016065e-02 1.000615342863328538e-02 5.329201594597054309e-03 5.219058021425639418e-03 2.688475214028255254e-03 4.409679585941995994e-03 2.143841284692201733e-03 4.008404266610210605e-03 1.017332049443657417e-03 2.068264379853520379e-03 3.196135397763486333e-03 7.009770768462457100e-04 1.824781359216376842e-04 9.191061247248934370e-04 3.115051098698854402e-04 6.542955641898270686e-04 1.147885521682156639e-03 5.650326815262346784e-04 6.158888515068809385e-04
4.368010989189527460e-03 2.974682967161432733e-03 3.681437987099788270e-03 2.461888390647801877e-02 3.599304594912493965e-02 4.354712123271520935e-02 4.784542153587136026e-02 5.178509015819435929e-02 4.107808429307036047e-02 2.533764326503424452e-02 2.314299849774066609e-02 1.909257674397598498e-02 1.660782286781795070e-02 2.379277758392914222e-02 1.645117910113419110e-02 2.640472703805284149e-02 3.288956520643226966e-02 2.062491131789402632e-02 2.889205946503595537e-02 1.853213873529488062e-02 1.611425170617102054e-02 1.139468311879341528e-02 1.155199875489408903e-02 5.463462096030234638e-03 7.532164108913974240e-03 4.580010519655387975e-03 4.476694331124314412e-03 3.580948796023261660e-03 4.104640386224506048e-03 1.694863654062472164e-03 8.913601405974587010e-04 8.440567362656000664e-04 7.025949643967257423e-04 2.588738276729534620e-04 1.034407063323114105e-03 5.356043470983852615e-04 6.758149634156539534e-04
1.222978145410162426e-03 1.898837761598369230e-03 2.939028480501417514e-03 4.442688095536300417e-03 3.003152009286819829e-03 3.098447887667959803e-03 1.900616844971641205e-03 2.096892091509694293e-03 1.042804100147627991e-02 7.316155314645779451e-03 1.920630467835702029e-02 2.904262528255120018e-02 4.212801009060926360e-02 3.611302011774295689e-02 2.680831127565297747e-02 1.486258318227123496e-02 8.351736931718456089e-03 9.419963475524961369e-03 8.513162144920496943e-03 1.652416078585074860e-02 1.565575318695473783e-02 1.725682406073445266e-02 1.339786871525136015e-02 1.511795838234655277e-02 7.835689921679692485e-03 1.056505899814399151e-02 5.991213752260143507e-03 7.375827479917823962e-03 6.046591026585220602e-03 4.131856852586057033e-03 2.101433549215624141e-03 2.077474924590132048e-03 7.385456251697958795e-04 4.462264660560988578e-04 3.716265830970761665e-04 7.990667726732324401e-04 8.768686876622302671e-04
1.400319200469727753e-03 3.065199942798942437e-03 3.400706711144705491e-03 1.616908557334397400e-03 2.056114038455588485e-03 1.381829181647084960e-03 2.044842100565494140e-03 3.878179742351505182e-03 2.771529733860647170e-03 4.386193209959737133e-03 7.273385360645494638e-03 9.878801983620087712e-03 4.846922617114024848e-03 8.296459003209098737e-03 1.935092562424685705e-02 1.279463291529142101e-02 1.161065130903618861e-02 9.127017804253147876e-03 1.203281632113898866e-02 1.795675224371347245e-02 1.751420629012023431e-02 1.453311237743687943e-02 1.468760434021039452e-02 1.400136975056238270e-02 4.017827938206870730e-02 5.541135297362077133e-02 3.401670518836995283e-02 3.479848048837765745e-02 4.978173857746986952e-02 2.993593518079625329e-02 1.859880547925687327e-02 1.257528538834703190e-02 1.043498659828446390e-02 1.898556389657260479e-03 9.638131139810852000e-04 7.309693293506052065e-04 4.047909338077952278e-04
