output/water_depth_1440.asc
ncols 223
nrows 158
xllcorner 0.0
yllcorner 0.0
cellsize 30.0
[rows 85 to 101 of 158, columns 185 to 221 of 223]
1.497407247879885750e-03 1.103486575374760083e-03 4.380113560310771562e-04 3.785370995440734757e-04 4.321898455630787889e-04 3.064393076131437092e-04 8.108119394478058295e-04 1.375140208047971602e-01 1.406420531582864841e-01 1.569326516470550270e-01 3.395780557103579567e-02 1.578308571675245131e-02 1.726587704007903211e-04 1.100413735016362617e-04 1.110746512923518892e-03 9.919118670676562236e-04 8.180377862778869576e-04 4.222681832656435493e-04 4.276667330273036189e-04 3.428773032002272987e-04 3.152294219083866321e-04 7.057298309299904959e-04 6.925078248302491074e-04 6.528115108925286892e-04 7.234884485478386244e-04 8.507631844231195025e-04 9.164566832426229151e-04 1.136317692197276680e-03 7.310156993121221056e-04 3.969623051998865206e-04 1.000000100000000021e-05 1.000000100000000021e-05 1.000000100000000021e-05 1.000000100000000021e-05 1.000000100000000021e-05 1.000000100000000021e-05 1.000000100000000021e-05
1.792945312935638556e-03 1.607792962381831376e-03 6.551608531772055424e-04 1.038751372537005235e-03 1.208088624654618786e-03 1.398181671454980669e-03 1.111599974265922719e-03 1.077326473477837609e-01 1.081521406405485802e-01 9.445831295296228461e-03 1.249081711825920579e-02 4.600190350709082096e-03 1.230384603940498037e-03 7.389169644323552097e-04 7.771859794319767182e-04 9.721691163866152388e-04 1.333647197903975413e-03 5.347145624245062089e-04 6.660031342234514450e-04 8.582587363179617701e-04 1.885480537814033467e-04 1.781420661646647332e-04 2.495495255482083107e-04 3.702305540113125042e-04 3.835635086823760745e-04 3.365044357596686940e-04 3.099827962676476715e-04 2.828699826351778620e-04 2.382189778105884680e-04 1.908702319217817675e-04 1.156345408772940005e-04 1.000000100000000021e-05 1.000000100000000021e-05 1.000000100000000021e-05 1.000000100000000021e-05 1.000000100000000021e-05 1.000000100000000021e-05
2.214516895525871481e-03 9.484948442152763828e-04 1.265905089221531533e-03 9.269478080942511423e-04 1.069462746509383796e-03 1.038898010062771484e-03 9.941573187863101367e-04 5.578824189731968614e-02 5.618391576726524533e-02 5.574878900920814855e-04 9.090817928594191293e-04 1.500754867419345964e-03 9.954410450729467980e-04 4.024027373876873153e-04 7.975255924360356592e-05 4.129817986473792094e-05 2.741428910121905971e-03 1.543571407646421919e-03 3.891741701403465792e-04 1.274180060588847227e-04 4.772483781331434988e-04 4.796646270131287894e-04 5.002145385767308664e-04 4.900044337464741148e-04 3.738193077401754175e-04 2.138098908523720942e-04 1.895765952524033058e-05 1.124202128960660355e-04 1.160475019304264978e-04 1.234456321332162362e-04 1.465096134891285195e-04 1.000000100000000021e-05 1.000000100000000021e-05 1.000000100000000021e-05 1.000000100000000021e-05 1.000000100000000021e-05 1.000000100000000021e-05
6.107629246831651308e-03 4.249504995365626162e-03 3.681866695125543716e-03 1.782271993312210465e-03 9.696242925249435977e-04 1.123062361810677747e-03 7.863651512360659039e-04 7.137246485562785681e-02 2.660876673551144933e-02 9.771142915426271267e-04 1.139311150833210778e-03 4.508183201678051563e-04 2.167839269747040424e-04 1.311967348725300844e-03 1.366514352879333056e-03 5.192705422930238290e-03 2.684469944921345427e-02 3.597294543683625476e-03 9.298287703251350081e-04 4.591019796663155261e-04 1.088399010665691080e-03 1.074238634996682118e-03 1.124314261237903444e-03 6.351241375905747159e-04 5.162674404360392518e-04 4.538809544448924624e-04 3.654159649537832297e-04 3.313760958226380526e-04 2.774460976522725932e-04 2.179167042460893337e-04 1.556301809629094242e-04 1.000000100000000021e-05 1.000000100000000021e-05 1.000000100000000021e-05 1.000000100000000021e-05 1.000000100000000021e-05 1.000000100000000021e-05
2.282754715457406894e-02 2.244458131533369830e-02 1.307905077282925550e-02 7.619634655102207853e-03 6.519514731051326804e-03 4.401163943360275783e-03 5.101729341374929352e-03 5.498163773789500192e-02 3.384025907729248939e-02 2.499763937716997265e-03 1.401166655050072474e-03 1.726638140931398670e-03 1.546021451513872368e-03 1.772546272280755945e-03 3.955250839456581936e-03 4.421022212733447324e-03 1.459158225321323724e-04 1.425132489133038721e-03 8.941428325204411540e-04 1.031877016169273440e-03 7.678053144559795779e-04 1.246178801714349551e-03 8.949352294489541088e-04 1.042097276659716696e-03 1.045154469199711380e-03 9.565477545662524460e-04 1.044196060527775773e-03 1.237760766814223522e-03 1.106809910942864158e-03 8.259939485025713166e-04 4.212813016820114785e-04 1.000000100000000021e-05 1.000000100000000021e-05 1.000000100000000021e-05 1.000000100000000021e-05 1.000000100000000021e-05 1.000000100000000021e-05
9.600045029211780323e-03 8.128608109711731727e-03 1.152763969243428624e-02 1.714741129481428192e-02 1.278510665588773222e-02 9.989762996908619144e-03 6.804274250533927718e-03 6.096769371705050566e-02 6.592353878861724470e-02 4.784911393848785381e-03 3.530946454817411682e-03 2.018042043729885871e-03 2.512095255272491293e-03 1.644186548376618809e-03 2.742984944835338400e-03 1.675408277960429822e-03 5.373331741279436993e-04 4.298829447110026516e-04 6.231236623776037790e-04 4.515420540200251959e-04 7.761067013049747446e-04 6.644624879115760456e-04 1.012188786873277060e-03 4.168556806488454922e-04 5.185158176218105253e-04 1.214113820584093902e-03 3.099435500949391338e-04 8.334245197705147771e-05 5.963943186019002697e-05 1.000000000000000021e-08 1.000000100000000021e-05 1.000000100000000021e-05 1.000000100000000021e-05 1.000000100000000021e-05 1.000000100000000021e-05 1.000000100000000021e-05 1.000000100000000021e-05
1.134290970022946467e-02 9.174946968854066215e-03 1.015501795399928985e-02 6.328938260616140746e-03 1.658118227871743094e-02 1.296940470432155455e-02 2.182293102189748410e-02 1.560640544954216558e-01 2.315154685711982158e-02 3.098433618456734005e-03 2.235698478092577619e-03 3.349500126279374591e-03 2.624558020165950866e-03 3.229386107798934598e-03 2.037590574734473269e-03 2.674252774185904846e-03 1.828852045479765522e-03 2.046491469724890169e-03 1.811259651003932145e-03 3.629936407017721016e-03 3.093282226856486003e-03 4.100548224261021078e-03 3.378455827995421185e-03 2.722552296904733916e-03 8.126779900726850085e-04 3.389375161188914781e-04 4.302428065623321868e-05 1.000000000000000021e-08 1.000000000000000021e-08 8.809728296283920210e-05 1.000000100000000021e-05 1.000000100000000021e-05 1.000000100000000021e-05 1.000000100000000021e-05 1.000000100000000021e-05 1.000000100000000021e-05 1.000000100000000021e-05
1.107803829813264196e-02 1.056508764490350812e-02 8.664404568424889305e-03 8.027841935598118914e-03 1.955447854045907694e-03 8.201420213357077729e-03 2.203162703652272129e-03 1.212048572177860384e-01 6.902101773660820200e-03 3.642629531679313516e-03 5.739533439011815404e-03 3.438574025782987088e-03 4.064179190915291617e-03 3.599308758083292169e-03 6.244957302182033501e-03 2.326231727586023333e-03 3.514609116176932793e-03 3.477810652101376819e-03 5.641050643888425101e-03 6.152496849287372553e-03 6.486711177024695289e-03 4.724737592490768807e-03 2.037436996849305900e-03 1.155693037304956388e-03 1.110835551988693590e-03 5.374868982162899714e-04 1.886161557855005322e-04 3.155971858561690041e-05 3.815307615134000012e-05 1.396970430714601229e-04 1.000000100000000021e-05 1.000000100000000021e-05 1.000000100000000021e-05 1.000000100000000021e-05 1.000000100000000021e-05 1.000000100000000021e-05 1.000000100000000021e-05
7.588696789136307325e-03 7.920125711776294236e-03 1.054474769874886447e-02 7.073921694811625277e-03 6.377564289903592080e-03 5.126266479133766499e-03 6.361753492400605905e-03 4.511132484430981082e-02 1.030262632390316624e-01 5.980992724955180168e-03 5.082246719931697923e-03 8.540664482784879677e-03 8.913504939187877688e-03 7.330906462676611314e-03 2.060908312159989448e-03 5.314455374374925205e-03 3.725279477217136211e-03 5.877217167979478102e-03 3.516195980334095757e-03 2.924571279206685491e-03 7.643677163931526537e-04 5.027606161875571326e-04 7.233663261492040246e-04 4.979106347547275751e-04 1.366914782568681187e-03 7.493508594046617739e-04 2.893762821458908951e-04 1.258611246794673051e-04 2.894847718564260591e-04 1.793326062468969593e-04 1.000000100000000021e-05 1.000000100000000021e-05 1.000000100000000021e-05 1.000000100000000021e-05 1.000000100000000021e-05 1.000000100000000021e-05 1.000000100000000021e-05
1.059514320410393298e-02 1.114643396594777736e-02 1.511755846987486093e-02 1.253377765630040927e-02 9.161824357173255218e-03 1.121469480002571656e-02 6.556357429038438961e-03 7.629286569748487679e-02 6.457872616216263351e-02 7.963624472231362397e-03 5.423702758865577012e-03 4.323087934800901380e-03 3.534587135807332452e-03 2.215984450066799203e-03 3.107352166473787737e-03 3.603231263524295409e-03 1.060949799380389580e-02 4.693076042482512318e-03 4.808274872897910605e-03 2.917273215333894554e-03 6.818790155768686065e-04 8.548662372057551709e-04 4.452339679054882998e-04 8.568374702604254853e-04 3.489851460596785733e-04 3.826403829803013985e-04 2.388778913657098096e-04 1.719543852442449120e-04 9.036544385608013814e-05 2.161304963975789993e-04 1.000000100000000021e-05 1.000000100000000021e-05 1.000000100000000021e-05 1.000000100000000021e-05 1.000000100000000021e-05 1.000000100000000021e-05 1.000000100000000021e-05
6.295381453515271064e-02 5.072177273490428850e-02 2.598498384186542429e-02 1.884547978545080688e-02 1.730606425761532091e-02 1.217059275870750919e-02 1.287055580663243673e-02 2.189764575018029666e-02 8.678455835698685450e-02 4.322805093065415494e-03 6.800738552703028059e-03 7.688049886569502459e-03 7.925644952960567147e-03 3.934707509968946373e-03 3.192103804915313175e-03 7.899329039017341514e-03 8.624665842538977931e-03 7.802418069524987530e-03 3.436614965262335068e-03 1.416550863077713392e-03 1.189994884931317234e-03 5.454174741660500376e-04 9.715727623862840685e-04 5.371267201428528686e-04 4.339197362668938108e-04 7.526930941046034752e-05 7.086158874004120007e-05 3.933225632263319871e-05 2.795723733411028915e-04 2.152979668911603260e-04 1.000000100000000021e-05 1.000000100000000021e-05 1.000000100000000021e-05 1.000000100000000021e-05 1.000000100000000021e-05 1.000000100000000021e-05 1.000000100000000021e-05
1.620637938742126860e-03 1.004585550735846711e-02 1.907622450170624873e-02 1.821573865390287150e-02 1.685191366852704584e-02 1.461589762856857835e-02 1.023953360068817833e-02 5.010440705955938878e-02 7.238262657656828469e-02 5.899808484293476291e-03 7.816120830774099873e-03 7.310700227902909923e-03 4.900992800958496425e-03 8.610979648136783335e-03 9.353481166766219185e-03 1.069200943001387578e-02 1.049534148036363954e-02 7.971821407916405977e-03 4.242794836202270874e-03 4.004728001715545174e-03 2.409700484370294604e-03 2.438140223744470099e-03 1.651555192199079215e-03 1.378163420407956018e-03 2.783264705841919122e-04 1.709714661645629651e-04 7.750588079664870824e-05 1.014279885715071148e-04 4.391476532159780278e-04 2.301550179180011024e-04 1.000000100000000021e-05 1.000000100000000021e-05 1.000000100000000021e-05 1.000000100000000021e-05 1.000000100000000021e-05 1.000000100000000021e-05 1.000000100000000021e-05
8.901263850890773609e-04 4.707407247957685892e-03 1.170418499390723892e-02 2.309184320736591342e-02 1.970903102471550233e-02 1.536727156842439095e-02 2.476416464733702250e-02 1.259486819940791869e-01 5.749986725315213432e-02 8.659101649795634612e-03 7.297139893148335901e-03 8.409238560719749581e-03 1.117037718016218942e-02 1.140284676359649280e-02 1.769218600898805546e-02 1.610588774729481212e-02 9.616941638986192462e-03 5.954579534068533964e-03 7.106790022718226588e-03 3.034923170544327493e-03 2.879985810348294380e-03 1.940178109998858631e-03 1.779225794841898410e-03 8.669728920926904423e-04 5.942446586222750564e-04 2.775837332665193101e-04 4.648792178330768995e-04 2.056713416059235511e-04 5.947888703341108090e-05 2.392583204592578494e-04 1.000000100000000021e-05 1.000000100000000021e-05 1.000000100000000021e-05 1.000000100000000021e-05 1.000000100000000021e-05 1.000000100000000021e-05 1.000000100000000021e-05
1.229888210287782575e-03 2.703966214963962351e-03 7.752487985470681367e-03 9.251917472705647322e-03 2.046722364172749720e-02 1.818364218002455762e-02 1.214867056956190662e-02 1.560561923369561399e-01 2.499874949374182240e-02 1.247684648268396722e-02 6.500584007134357564e-03 6.047488361567247665e-03 2.864454789458235114e-03 6.344364358095560055e-03 3.997900760191545541e-03 5.283461505850200850e-03 6.651312768447629684e-03 8.030840210200822921e-03 1.169642404731487942e-03 2.167481641991994036e-03 1.253024446206556014e-03 1.458998903830258662e-03 8.227381774919967361e-04 1.114329418381646009e-03 8.633850101723375154e-04 1.361131785745920168e-03 1.177450949149569511e-03 1.411127028388920260e-04 6.949792247482869043e-05 2.451508684508321039e-04 1.000000100000000021e-05 1.000000100000000021e-05 1.000000100000000021e-05 1.000000100000000021e-05 1.000000100000000021e-05 1.000000100000000021e-05 1.000000100000000021e-05
3.144153827839381039e-03 2.769832912019055612e-03 4.648987461234792805e-03 4.140140964577218065e-03 4.500397341851275317e-03 1.146627668141528451e-02 9.872695299544241576e-02 7.901226356102854231e-02 4.714560517157960137e-03 5.693312936485479293e-03 6.941654995027167659e-03 4.607843652331468712e-03 5.060558267126259203e-03 5.945603296711032305e-03 4.529975311272739676e-03 6.374841473207857462e-03 7.587809927646348672e-03 3.415018570852345996e-03 3.645158981003745590e-03 3.208981766970488061e-03 3.358760327870367272e-03 1.437607616066924072e-03 2.008296721537429323e-03 1.238476534138424102e-03 1.726021581534038915e-03 6.424479812309953110e-04 4.103732955313741759e-04 2.708565601001897897e-04 1.427503898294790546e-04 2.619449583947953942e-04 1.000000100000000021e-05 1.000000100000000021e-05 1.000000100000000021e-05 1.000000100000000021e-05 1.000000100000000021e-05 1.000000100000000021e-05 1.000000100000000021e-05
2.338795048947937567e-03 3.301205521739557138e-03 3.873967752828113079e-03 4.509701564389939805e-03 4.249265298096880847e-03 9.788376509843382464e-03 1.129416151653850481e-01 1.016158464307354709e-01 7.022954205803655023e-03 4.401076766500122348e-03 6.470466158389656663e-03 6.378728352744915918e-03 5.628312525736799479e-03 3.531796949275759802e-03 6.130919905002917523e-03 1.375992657651762749e-02 8.164850425997580499e-03 6.813276715593702404e-03 4.427185295851854448e-03 4.080123342922237217e-03 2.506858473592864407e-03 4.284421554658686231e-03 2.887317445837195642e-03 2.434762330940085703e-03 1.005596068408361535e-03 2.610684091433464150e-04 4.139317066282890224e-05 3.306652855351551509e-05 3.952425820895875443e-05 2.708379242309564248e-04 1.000000100000000021e-05 1.000000100000000021e-05 1.000000100000000021e-05 1.000000100000000021e-05 1.000000100000000021e-05 1.000000100000000021e-05 1.000000100000000021e-05
7.906228376881624820e-04 1.954245634743968178e-03 4.077646783452694088e-03 3.283846070027678955e-03 2.725178236698787282e-03 3.544669858024547537e-03 4.034391578739304762e-02 2.528755365806815703e-01 1.642249271738949884e-02 6.937392382041607242e-03 5.311480456005926096e-03 6.403423226712959271e-03 4.877715520690302856e-03 6.133433557654199494e-03 5.714661630435408091e-03 1.061284303394750654e-02 8.803790993150170316e-03 3.833636487465548037e-03 4.339005502835349692e-03 3.713996786094438899e-03 4.146290445794138975e-03 2.671539291870179186e-03 3.357131986797639005e-03 2.495520224521528743e-03 8.467383924725344893e-04 4.603527763183264359e-04 1.927517144403432690e-04 7.436833018650254633e-05 3.969974879591858146e-05 2.483549529472611956e-04 1.000000100000000021e-05 1.000000100000000021e-05 1.000000100000000021e-05 1.000000100000000021e-05 1.000000100000000021e-05 1.000000100000000021e-05 1.000000100000000021e-05
