output/water_depth_6360.asc
ncols 223
nrows 158
xllcorner 0.0
yllcorner 0.0
cellsize 30.0
[rows 119 to 135 of 158, columns 111 to 147 of 223]
1.927678724358510703e-02 3.011555239790474764e-02 3.071431788525847556e-02 3.200484801447455591e-02 3.297118464275965860e-02 3.381747319139247199e-02 3.307925148314061481e-02 3.568266821195344163e-02 2.782413396497645033e-02 3.229558529726626187e-02 4.151507146781773655e-02 6.832392545989647570e-02 1.424856109603775747e-02 9.154420615842212214e-03 7.158052690331592055e-03 1.762782135710569149e-03 4.332417300533986560e-05 2.602465356028106939e-05 1.023084256424488249e-05 1.000000000000000021e-08 1.000000000000000021e-08 1.000000000000000021e-08 1.000000000000000021e-08 1.000000000000000021e-08 1.854647064563167094e-05 3.156090714345890450e-03 2.704693751666343519e-03 3.229604096534514039e-05 1.394584834543640481e-05 1.773343722272549392e-05 1.000000000000000021e-08 1.000000000000000021e-08 1.556166041730707602e-05 2.236575065293090059e-05 3.597010356827419893e-05 4.112718033306966549e-05 1.000000000000000021e-08
7.024042293241067152e-03 4.544314994843120896e-03 3.283861964754937728e-03 1.811070305535354306e-03 1.264643879777192260e-03 8.664018596076330549e-04 2.555181546617017740e-02 6.416992145916217312e-03 5.053083149849832943e-03 3.744282538340163499e-03 4.343353648785937618e-03 9.458878253243756468e-04 1.000000000000000021e-08 1.000000000000000021e-08 1.000000000000000021e-08 1.000000000000000021e-08 1.000000000000000021e-08 1.000000000000000021e-08 1.000000000000000021e-08 1.000000000000000021e-08 1.000000000000000021e-08 1.000000000000000021e-08 1.146487675531672825e-05 1.347411180888512033e-03 2.277557789533263353e-03 2.440048405020208994e-03 2.708399254790018381e-05 1.462490659832900448e-05 1.531909735964823670e-05 1.000000000000000021e-08 1.004475582140802815e-05 1.000000000000000021e-08 1.360691283475157559e-05 1.705776357414900133e-05 2.347610674562136538e-05 2.817152719009709383e-05 1.000000000000000021e-08
3.841021830016248025e-04 2.382648628744484551e-04 1.520181075040960051e-04 1.121675239401452286e-04 8.841635445046331255e-05 8.000091749052481798e-05 1.011221362382561079e-04 6.669134426866606472e-03 3.224452542759592526e-03 1.930655949252034704e-03 1.607905686281200673e-03 1.972593757945842899e-05 1.220909338596652109e-05 1.000000000000000021e-08 1.000000000000000021e-08 1.000000000000000021e-08 1.000000000000000021e-08 1.000000000000000021e-08 1.000000000000000021e-08 1.000000000000000021e-08 2.668554651717348569e-05 1.791558377733327371e-04 1.244299260587333972e-03 1.333762928528490913e-03 1.371909104593855644e-03 2.385602428493396160e-04 1.000000000000000021e-08 1.000000000000000021e-08 1.083206775012613774e-05 1.000000000000000021e-08 1.275173430214351147e-05 1.148198027732287610e-05 1.222584609442148998e-05 1.181072628511067312e-05 1.117885976601388348e-05 1.000000000000000021e-08 1.000000000000000021e-08
1.000000000000000021e-08 2.273389502068277695e-04 2.421011631324914207e-04 1.921126212976820367e-04 2.127648508175982031e-04 2.629616464796912640e-04 2.872678747056773424e-02 2.348276879156311128e-02 1.852250374940668173e-02 3.328327606818354473e-05 1.431741277002302646e-05 1.570277820129341713e-05 1.066118016821546712e-05 1.000000000000000021e-08 1.000000000000000021e-08 1.000000000000000021e-08 1.000000000000000021e-08 2.600457103578144219e-05 1.635229562991872936e-03 1.000000000000000021e-08 1.000000000000000021e-08 1.012533617698988886e-03 1.182748478996034202e-03 1.255780285099837579e-03 2.179390227477067147e-05 1.236365094708142436e-05 1.000000000000000021e-08 1.000000000000000021e-08 1.000000000000000021e-08 1.000000000000000021e-08 1.000000000000000021e-08 1.000000000000000021e-08 1.000000000000000021e-08 1.000000000000000021e-08 1.000000000000000021e-08 1.000000000000000021e-08 1.000000000000000021e-08
4.195823492996567940e-05 4.151133677291439505e-04 6.616538627724743429e-04 5.958827263569440452e-04 4.857284065441535886e-04 5.917939310467201092e-03 3.203306109545824704e-02 2.909039165517148667e-02 7.286000602047157349e-05 2.218147066467826548e-05 1.000000000000000021e-08 1.000000000000000021e-08 1.000000000000000021e-08 1.000000000000000021e-08 1.000000000000000021e-08 2.867710534735714326e-05 1.000000000000000021e-08 1.000000000000000021e-08 1.957838354855828905e-04 1.555551583001943611e-04 1.247297957165427722e-03 1.034613991278801430e-03 1.102812761544976058e-03 2.057383450116680396e-04 1.000000000000000021e-08 1.000000000000000021e-08 1.000000000000000021e-08 1.000000000000000021e-08 1.000000000000000021e-08 1.000000000000000021e-08 1.000000000000000021e-08 1.000000000000000021e-08 1.000000000000000021e-08 1.000000000000000021e-08 3.841420528851874361e-05 1.000000000000000021e-08 1.239549152251295183e-05
1.000000000000000021e-08 3.522492042701128094e-05 2.364825266025768558e-04 7.312064958208413937e-04 1.727204396183662245e-03 4.785900638471504015e-03 1.346450706107667683e-03 1.000000000000000021e-08 3.480371519228469309e-05 2.341442501452039007e-05 1.782277969448745400e-05 1.000000000000000021e-08 1.074360528233075221e-05 1.306737772918984493e-04 2.754302819288695836e-04 3.626177966795788893e-04 1.685436920055215454e-04 2.093370559165576034e-04 3.474912856518510337e-04 1.055380945126447451e-03 5.838894828008217401e-03 1.300708846889043948e-03 7.210914611276612949e-05 5.127198701625287241e-05 1.000000000000000021e-08 1.000000000000000021e-08 1.000000000000000021e-08 1.000000000000000021e-08 1.000000000000000021e-08 1.000000000000000021e-08 1.000000000000000021e-08 1.000000000000000021e-08 1.000000000000000021e-08 1.000000000000000021e-08 3.913121891586791818e-05 3.054756041864146288e-05 1.000000000000000021e-08
3.083220399542432492e-05 2.325525417217518602e-05 1.438694782493460779e-04 8.251415503515728198e-05 8.643969349075457170e-04 4.938167751841077494e-03 9.570703092578490079e-04 1.504646355631858794e-05 1.674271035158588568e-05 1.796783101668866236e-05 1.590804881185581003e-05 1.000000000000000021e-08 5.718216269626011247e-05 1.089604305291013158e-04 9.030668077456380932e-05 9.214432407561493987e-05 9.108077146164979981e-05 3.429839426692871313e-04 3.238669708852720590e-05 5.302422346138305025e-05 2.579393217652271994e-04 1.502142753576862734e-04 5.086759137169577315e-05 3.991337611270335530e-05 4.498174619047974848e-05 1.000000000000000021e-08 1.000000000000000021e-08 1.000000000000000021e-08 1.000000000000000021e-08 1.000000000000000021e-08 1.000000000000000021e-08 2.129287188861333865e-05 1.000000000000000021e-08 2.185568556499487277e-05 2.892399638307694752e-05 1.000000000000000021e-08 1.000000000000000021e-08
1.382761020299011587e-04 2.912705711243285971e-04 2.112076551459189189e-04 1.000000000000000021e-08 9.931068617859233321e-04 3.679902396985715220e-03 1.162957159860832090e-03 1.000000000000000021e-08 1.000000000000000021e-08 1.000000000000000021e-08 1.829216240704318732e-05 3.898545480940502868e-05 3.529737459868969804e-05 1.183951769106339903e-04 3.938149226603295075e-05 9.788935616199518459e-05 4.755474166170364347e-04 4.558442680991898837e-04 2.021819446236130217e-05 3.301181672028170888e-05 1.764975526048945297e-04 7.710266519814586899e-05 3.308537982265554497e-05 1.000000000000000021e-08 5.106506982000168162e-05 5.093523313706894176e-05 1.000000000000000021e-08 5.474537183267170017e-05 1.000000000000000021e-08 1.841278539468489504e-05 2.309757882666323167e-05 1.840297036205703463e-05 2.382273156512059868e-05 2.173031385644827736e-05 1.153825418485697707e-05 1.000000000000000021e-08 1.000000000000000021e-08
1.000000000000000021e-08 1.000000000000000021e-08 4.822003741251514568e-05 1.000000000000000021e-08 5.457639961625645455e-04 3.186784945045021203e-03 1.750127239775019694e-03 1.000000000000000021e-08 1.000000000000000021e-08 7.905417686829878051e-05 2.253370829539666473e-05 5.668289279919402782e-05 1.000000000000000021e-08 3.161311361853275136e-05 4.403939768997766586e-05 1.302461378133545726e-04 4.034522823995123023e-04 2.428755305475574196e-04 1.280655387052611054e-04 9.616803717221165699e-05 1.232344015739216100e-04 3.469451096279977124e-05 1.038684806145283650e-05 1.000000000000000021e-08 1.000000000000000021e-08 8.818946458681383598e-05 1.000000000000000021e-08 8.774625541204002493e-05 8.136054193624209154e-05 3.033863234434313385e-05 1.764556041683468455e-05 1.000000000000000021e-08 1.786268429380353587e-05 1.000000000000000021e-08 1.000000000000000021e-08 1.000000000000000021e-08 1.000000000000000021e-08
1.462954651148961770e-04 1.166856707442413837e-04 1.000000000000000021e-08 1.190322455232331749e-05 9.342076831259615822e-05 3.059594936310517949e-03 1.192585034937200875e-02 1.757098210247900680e-02 6.267451125980996306e-05 1.621629291009914857e-05 1.452599093000208651e-05 1.158115467166529840e-05 4.093983015437527084e-05 3.601242846008080996e-05 3.765520205954259137e-05 9.464529179881063178e-05 4.385005434039148352e-04 4.476174254807538269e-05 3.319398907695712174e-05 1.000000000000000021e-08 2.076885965830933250e-05 3.400438402308546840e-05 1.000000000000000021e-08 1.000000000000000021e-08 1.455621311216914125e-05 1.037086218459429878e-04 1.247001976329910225e-04 8.515403877643348514e-05 3.935443457844915060e-05 2.305884914069906830e-05 1.423331219891812627e-05 1.000000000000000021e-08 1.109900451775336564e-05 3.835305764770968214e-05 1.613314022776373666e-05 1.000000000000000021e-08 1.000000000000000021e-08
5.188523916463329033e-05 1.244755582406051667e-04 1.000000000000000021e-08 1.000000000000000021e-08 1.138196894686549818e-04 3.564719190572036281e-04 1.633900583345673395e-03 2.713921796508549870e-03 1.870813810151762576e-05 1.000000000000000021e-08 1.000000000000000021e-08 1.034292082596059736e-05 3.660656908269599403e-05 1.698270108414712810e-05 2.244790808199538212e-05 3.380859865322998072e-05 5.276937631597778625e-04 2.117412907478467826e-05 1.000000000000000021e-08 1.000000000000000021e-08 1.000000000000000021e-08 2.048009911347657152e-05 3.657921654329717890e-05 2.829383111453333350e-05 1.000000000000000021e-08 1.000000000000000021e-08 1.480899477754311195e-04 6.035308080439099986e-05 3.753111563519744568e-05 1.100263806768560587e-05 1.000000000000000021e-08 1.000000000000000021e-08 1.000000000000000021e-08 1.000000000000000021e-08 1.029705490382902974e-05 1.000000000000000021e-08 1.000000000000000021e-08
2.611918195087515837e-05 3.184187710438013565e-05 4.919680715441806580e-05 5.959548019949635834e-05 1.325223426850716875e-04 4.204181903425153891e-04 1.209235944460769268e-03 2.080616707659092325e-03 2.306110553260709594e-05 1.000000000000000021e-08 1.000000000000000021e-08 1.000000000000000021e-08 1.424799317152322210e-05 1.494749526989493618e-05 1.506838528050372073e-05 1.630540882541089645e-05 2.596952264603072120e-04 1.000000000000000021e-08 1.000000000000000021e-08 1.000000000000000021e-08 1.000000000000000021e-08 1.997241133152372736e-05 1.000000000000000021e-08 2.991689970876789892e-05 1.000000000000000021e-08 2.246480404476977708e-05 1.020433157473344321e-04 3.989473960119266208e-05 3.449810507753810879e-05 1.000000000000000021e-08 1.000000000000000021e-08 1.000000000000000021e-08 1.000000000000000021e-08 1.000000000000000021e-08 1.000000000000000021e-08 4.710409384707597250e-05 1.000000000000000021e-08
1.404738116735915334e-05 2.637749224123044081e-05 3.757346401876900007e-05 5.441347697153867699e-05 1.700150882773278891e-04 6.718567640243108038e-04 1.170740475273684749e-03 1.979426510431773079e-03 3.374203043231742936e-03 1.000000000000000021e-08 1.000000000000000021e-08 4.343297333071474621e-05 1.049086776921788491e-05 1.000000000000000021e-08 1.000000000000000021e-08 1.000000000000000021e-08 6.342325962258497875e-05 1.000000000000000021e-08 1.000000000000000021e-08 1.000000000000000021e-08 1.000000000000000021e-08 2.125819223910301565e-05 1.475452698005788451e-05 1.657753636503439863e-05 1.000000000000000021e-08 1.978346671933832747e-05 6.363470812999906360e-05 3.622291660871174927e-05 2.772824679398210393e-05 1.000000000000000021e-08 1.000000000000000021e-08 1.000000000000000021e-08 1.000000000000000021e-08 1.000000000000000021e-08 1.000000000000000021e-08 5.116618576216706670e-05 1.000000000000000021e-08
1.423060306544923850e-05 1.000000000000000021e-08 1.470343040133277994e-05 2.519139652019564512e-05 2.192129854033050297e-04 1.041184090396093075e-03 1.339117558169424004e-03 1.554390439831776364e-03 1.780604005190878519e-04 1.619262423921252324e-04 1.866688828692587141e-05 1.000000000000000021e-08 1.000000000000000021e-08 1.000000000000000021e-08 1.000000000000000021e-08 3.498490433578512626e-05 1.612425215981194042e-04 7.819383659514056331e-05 1.000000000000000021e-08 1.000000000000000021e-08 1.956373800013968693e-05 1.351257359863059248e-05 1.222311392998926920e-05 1.000000000000000021e-08 1.000000000000000021e-08 1.697581261847969084e-05 3.324089335190636655e-05 3.282925582319432082e-05 1.311284707242036606e-05 1.000000000000000021e-08 1.000000000000000021e-08 1.000000000000000021e-08 1.000000000000000021e-08 1.938935818426125985e-05 3.494937102899816126e-05 3.554551242743129720e-05 3.236391804601182530e-05
1.036597936016238472e-05 1.000000000000000021e-08 1.000000000000000021e-08 1.000000000000000021e-08 2.336095645409705986e-03 1.666379363951780556e-03 1.741834145204769046e-03 3.295576112397030199e-04 8.980281452387718437e-05 3.421219892599487516e-05 3.267399028752754830e-05 4.346963159168898975e-05 4.178326570900902455e-05 3.034662556741660744e-05 5.679093113671435350e-05 6.123645041959426265e-05 3.280212488530973177e-04 9.560871982324553489e-05 3.153484374146017625e-05 2.918774575581741743e-05 1.061586507154490594e-05 1.000000000000000021e-08 1.000000000000000021e-08 1.000000000000000021e-08 1.000000000000000021e-08 1.043366587111786222e-05 1.680878571657124174e-05 1.603404984257420310e-05 1.000000000000000021e-08 1.000000000000000021e-08 1.000000000000000021e-08 1.000000000000000021e-08 1.000000000000000021e-08 1.940231431655431571e-05 3.640757636129020227e-05 1.727054083004253646e-05 1.000000000000000021e-08
1.000000000000000021e-08 1.000000000000000021e-08 1.000000000000000021e-08 1.000000000000000021e-08 1.285318363720905521e-05 7.456193558154250965e-03 9.049316015629164586e-03 3.422109998451917392e-04 1.000000000000000021e-08 1.392307891045568137e-05 1.000000000000000021e-08 1.000000000000000021e-08 1.000000000000000021e-08 2.705442664743137218e-05 3.299396162298259155e-05 2.955387694281832580e-05 1.305516459374476447e-04 8.738152359011075758e-05 1.219063835900797656e-04 1.000000000000000021e-08 1.000000000000000021e-08 1.000000000000000021e-08 1.000000000000000021e-08 1.000000000000000021e-08 1.000000000000000021e-08 1.000000000000000021e-08 1.000000000000000021e-08 1.000000000000000021e-08 1.000000000000000021e-08 1.000000000000000021e-08 1.000000000000000021e-08 1.000000000000000021e-08 1.000000000000000021e-08 2.629396019754090728e-05 1.497567812995272932e-05 1.000000000000000021e-08 1.000000000000000021e-08
1.000000000000000021e-08 1.000000000000000021e-08 1.000000000000000021e-08 1.000000000000000021e-08 1.000000000000000021e-08 6.428564188848917788e-05 1.700328851917788132e-03 3.543392326842990307e-04 8.635031092660326937e-05 1.000000000000000021e-08 1.000000000000000021e-08 1.000000000000000021e-08 3.915408859758315942e-05 4.560416729323396595e-05 1.000000000000000021e-08 1.000000000000000021e-08 1.000000000000000021e-08 1.000000000000000021e-08 1.000000000000000021e-08 1.000000000000000021e-08 5.891235389566311457e-05 6.874933509842091027e-05 1.575794784469011740e-05 1.871996533286462703e-05 1.799955986905537098e-05 1.000000000000000021e-08 1.000000000000000021e-08 1.000000000000000021e-08 1.000000000000000021e-08 1.000000000000000021e-08 1.000000000000000021e-08 1.000000000000000021e-08 1.000000000000000021e-08 1.479721482038968634e-05 1.028359152435878818e-05 1.000000000000000021e-08 1.000000000000000021e-08
