output/water_depth_3960.asc
ncols 223
nrows 158
xllcorner 0.0
yllcorner 0.0
cellsize 30.0
[rows 119 to 135 of 158, columns 74 to 110 of 223]
1.000000000000000021e-08 1.212004132535492955e-05 1.000000000000000021e-08 1.000000000000000021e-08 1.000000000000000021e-08 1.000000000000000021e-08 1.000000000000000021e-08 5.627065131527011745e-05 1.067324592612499412e-04 1.415880040538236291e-04 1.336244594336523297e-04 1.175900509124875004e-04 1.000000000000000021e-08 2.026923928164334982e-05 1.118360454193362413e-01 3.289442397489870107e-01 2.160324195233011835e-01 1.106468810032820022e-01 5.882362554095559720e-02 4.518970800773106783e-02 1.118663182198896024e-02 4.370299367943268967e-03 3.236093243069340913e-03 5.836154236536280227e-04 4.020348349411103977e-04 3.415417482149575492e-04 4.434869585078389113e-05 1.000000000000000021e-08 1.000000000000000021e-08 1.255243567149155841e-05 2.606014703982743766e-04 2.039015539018936615e-03 2.373969722200936286e-03 4.758112774198732138e-03 2.464686862286878943e-01 4.306418228641514800e-01 5.298301780178606979e-01
1.000000000000000021e-08 1.000000000000000021e-08 2.091578168568605103e-05 1.000000000000000021e-08 1.000000000000000021e-08 1.000000000000000021e-08 1.000000000000000021e-08 1.000000000000000021e-08 1.000000000000000021e-08 1.000000000000000021e-08 1.000000000000000021e-08 1.000000000000000021e-08 1.000000000000000021e-08 1.000000000000000021e-08 9.922570848927488333e-05 7.599518834708288584e-04 1.321059396436341238e-01 2.605110377593850002e-01 3.410594885414556243e-01 2.072812352498321908e-01 9.897500196008240936e-02 5.944535437755146118e-02 3.044291792797039140e-02 2.120393974400259368e-02 1.664960882137405881e-02 1.512289901840823889e-02 9.470397681772808537e-03 4.150762269512411201e-03 2.513613060162404184e-03 1.756591670054571995e-03 1.266603669761044845e-03 2.550672279220601024e-01 4.338434517414528901e-01 5.261373099108774820e-01 3.342110940951208420e-01 1.803157046554039189e-01 9.574446853438868532e-02
1.000000000000000021e-08 1.000000000000000021e-08 1.013375827849512202e-05 2.547575894759873238e-05 1.000000000000000021e-08 1.000000000000000021e-08 1.000000000000000021e-08 1.000000000000000021e-08 1.000000000000000021e-08 1.000000000000000021e-08 1.000000000000000021e-08 1.000000000000000021e-08 1.907046882291301213e-05 1.000000000000000021e-08 9.461599046705127295e-05 3.055559989285465405e-04 1.115596978946489359e-03 9.193665880687275013e-03 1.708089773250193871e-02 2.388774415558625741e-01 3.582890461659719028e-01 4.253181032133553918e-01 4.700767916071769137e-01 4.957722898038806614e-01 5.190067177617281313e-01 5.384086014538407294e-01 5.541200484012419603e-01 5.667287807978186320e-01 5.770058396775229470e-01 5.858940656546418602e-01 5.939632935232059818e-01 3.460123299624289772e-01 1.738903396425632297e-01 8.736794170230308132e-02 4.801493054604940441e-02 2.501238117242401277e-02 1.262569526652267647e-02
1.000000000000000021e-08 1.000000000000000021e-08 1.000000000000000021e-08 1.000000000000000021e-08 1.000000000000000021e-08 1.000000000000000021e-08 1.000000000000000021e-08 1.000000000000000021e-08 1.000000000000000021e-08 1.000000000000000021e-08 1.000000000000000021e-08 1.384126496946828748e-05 1.631407147334082273e-05 1.158732465162420102e-04 4.275734438308447481e-03 2.532796190214976935e-03 3.753763329911962679e-04 1.115239022878172434e-02 1.725879057250014753e-02 1.302813474820302235e-02 1.697946459036022912e-02 1.098591654444526847e-02 4.044173069875513227e-03 2.955627487741195256e-03 9.874230762170321113e-04 9.062526670104711305e-04 6.677821459199023658e-04 1.151522742958082870e-04 4.482007879303363584e-05 1.000000000000000021e-08 2.486590126576258212e-05 1.000000000000000021e-08 1.000000000000000021e-08 1.000000000000000021e-08 1.000000000000000021e-08 1.000000000000000021e-08 1.343717581519992678e-05
1.000000000000000021e-08 1.000000000000000021e-08 1.000000000000000021e-08 1.000000000000000021e-08 1.000000000000000021e-08 1.000000000000000021e-08 1.036085433606824008e-05 1.480429425824730990e-05 2.001392886065967604e-05 3.332386016622887942e-05 3.831921950733676967e-05 1.000000000000000021e-08 1.154710797323877008e-05 1.137015207930327506e-04 1.426725840631637952e-02 2.638393869036570472e-02 3.859785562057421737e-02 2.511103710759026927e-02 1.726837002232114310e-02 1.387283034376930041e-02 7.416361566727207484e-03 1.958707165815701950e-03 2.060565940539755767e-03 1.453928538436042662e-04 1.123758984950146437e-04 1.028818782752731259e-04 1.000000000000000021e-08 1.000000000000000021e-08 1.441311905570037459e-05 1.334372465332281717e-05 1.815335544343715536e-05 1.000000000000000021e-08 1.000000000000000021e-08 1.000000000000000021e-08 1.499825969868638485e-05 3.613030299545510939e-05 6.012569758949231990e-05
2.886642854552606588e-05 1.000000000000000021e-08 1.000000000000000021e-08 1.000000000000000021e-08 1.000000000000000021e-08 1.158614665029581646e-05 1.768863497008283129e-05 2.214861934037860622e-05 3.695677433215852265e-05 8.446922665711096103e-05 1.506044607223481135e-04 1.717845488655992585e-04 3.618637318864662824e-04 2.125503076424424889e-02 2.094960179117688961e-02 1.873762557554736058e-02 9.853788718205839028e-03 1.699042612518119472e-02 3.392679733545768839e-03 1.318736987129024178e-03 2.804445715418184574e-04 3.107208040558784713e-04 2.124814997030460460e-04 1.000000000000000021e-08 1.000000000000000021e-08 1.000000000000000021e-08 1.000000000000000021e-08 1.000000000000000021e-08 1.000000000000000021e-08 1.000000000000000021e-08 1.000000000000000021e-08 1.000000000000000021e-08 1.000000000000000021e-08 1.000000000000000021e-08 1.000000000000000021e-08 1.000000000000000021e-08 1.000000000000000021e-08
1.368121045589990125e-05 4.467319516029672719e-05 1.000000000000000021e-08 1.000000000000000021e-08 1.000000000000000021e-08 1.000000000000000021e-08 1.000000000000000021e-08 1.000000000000000021e-08 4.072334298186047405e-03 4.261630695061520251e-03 1.239676337233675506e-02 2.457712938122006210e-02 3.607948578441753235e-02 2.358823567598664767e-02 1.755274978576971609e-02 5.517591635173688461e-03 4.941244116318243250e-03 1.144139587606747728e-03 2.393016488084955679e-04 1.849632431775034272e-05 3.377584638218048848e-05 2.061562631419643370e-04 1.944184907566088205e-04 2.855457247909189372e-05 2.068171244638095408e-05 1.083168090480594779e-05 1.000000000000000021e-08 1.000000000000000021e-08 1.000000000000000021e-08 1.000000000000000021e-08 1.000000000000000021e-08 1.000000000000000021e-08 1.000000000000000021e-08 1.000000000000000021e-08 1.000000000000000021e-08 9.993576981899205173e-05 9.224459183810146911e-05
3.728100661645142327e-05 5.762293757544397041e-05 1.000000000000000021e-08 1.000000000000000021e-08 1.000000000000000021e-08 1.095943239250629386e-05 3.653530913587982630e-05 4.729529357823350786e-05 1.144009106732262783e-02 1.807945026451195786e-02 1.755310689209103880e-02 1.425259864749986970e-02 1.588667700442213809e-02 2.174401282332083778e-03 4.338099482831856790e-05 1.000000000000000021e-08 1.583280715191802326e-05 1.000000000000000021e-08 1.000000000000000021e-08 1.000000000000000021e-08 1.875680655862610897e-05 2.357843972558416705e-04 2.247149353396314480e-04 1.885816774325766373e-05 1.219455469778179064e-05 1.000000000000000021e-08 1.000000000000000021e-08 1.000000000000000021e-08 1.000000000000000021e-08 1.000000000000000021e-08 2.135114121497612015e-04 1.648280071585533468e-04 1.142708183384851938e-04 7.267962933731523893e-05 5.666744604759124215e-05 1.436566417232347536e-04 5.505087533338105972e-04
3.478806631650595656e-05 6.461294748199285806e-05 5.382057548882245902e-05 6.247865900579041532e-05 7.070337532549905051e-05 8.000450018775455245e-05 1.848252774260985415e-02 2.552349426660968298e-02 2.119756972873329537e-02 1.282022894390351039e-02 7.031174441851518325e-03 9.427152012248397883e-03 2.053670700586724600e-04 1.606026651080076553e-05 2.737586808090481516e-05 1.000000000000000021e-08 1.000000000000000021e-08 1.000000000000000021e-08 1.000000000000000021e-08 1.000000000000000021e-08 5.858456224546262393e-05 8.582874372317826845e-04 3.881698319024345293e-04 1.512012707539732827e-05 1.000000000000000021e-08 1.048618355530657196e-05 2.583666479917670484e-05 1.000000000000000021e-08 1.000000000000000021e-08 8.820773861411463116e-05 7.673857712113410848e-05 1.565910521680564742e-04 1.694090431578460887e-04 1.240341910687187610e-04 1.191807035363708647e-04 1.268858205432960723e-04 4.453397501873300078e-04
2.570455628802373573e-05 5.349578993093813390e-05 1.619000681900416771e-03 1.264405061624245333e-02 1.582014796885524571e-02 2.232364801215986835e-02 2.457046697681548181e-02 1.527918852002434734e-02 6.845094490879599473e-03 1.772579725714481386e-03 2.228093878321895250e-03 5.351531065996935268e-05 1.273092022153305639e-05 1.000000000000000021e-08 2.005936233397428886e-05 1.000000000000000021e-08 1.000000000000000021e-08 1.000000000000000021e-08 1.000000000000000021e-08 1.000000000000000021e-08 4.361315569063551809e-05 1.042154926163925063e-03 2.752828046274197036e-05 1.338910333798048975e-05 1.000000000000000021e-08 1.000000000000000021e-08 1.000000000000000021e-08 1.205052698347065663e-05 1.000000000000000021e-08 6.203460889409892845e-05 1.000000000000000021e-08 1.000000000000000021e-08 4.696380465266032270e-05 1.597852416026473012e-04 2.136748514125735149e-04 3.296571182224178223e-04 5.773029346684171222e-04
1.236070369730882441e-04 1.874174483463709323e-04 1.301734598114578402e-02 1.256512673964889359e-02 1.154800940068357977e-02 9.502593652447949985e-03 8.395827833228931836e-03 2.638330528481606062e-03 1.242658446863849147e-05 5.437936970527334211e-05 1.000000000000000021e-08 2.604755297276850997e-05 1.000000000000000021e-08 1.000000000000000021e-08 1.000000000000000021e-08 1.000000000000000021e-08 1.000000000000000021e-08 1.000000000000000021e-08 1.000000000000000021e-08 2.370229688893489206e-05 5.714652510855880354e-04 1.374547239496219458e-04 2.949048311847781036e-05 1.112169967988941929e-05 1.000000000000000021e-08 1.000000000000000021e-08 1.000000000000000021e-08 2.044089182927240933e-05 1.000000000000000021e-08 1.000000000000000021e-08 2.903827428225833231e-05 4.951631387974007534e-05 6.956225256461013142e-05 3.250432082093522639e-05 5.868798308593183607e-05 7.729251135636276216e-05 6.554614430669151656e-04
1.974058640243655377e-02 2.417873160842460081e-02 1.822336204456673214e-02 1.041218465153790317e-02 8.621739667473158134e-03 3.041060994650890241e-03 7.668673215486792455e-04 1.477816981639929134e-04 1.000000000000000021e-08 3.649601503941557901e-05 1.021071411605765784e-05 1.674847951922454225e-05 1.000000000000000021e-08 1.000000000000000021e-08 1.000000000000000021e-08 1.000000000000000021e-08 1.000000000000000021e-08 1.000000000000000021e-08 1.018419426051418349e-05 3.830284744984438386e-04 1.487527470704048211e-04 1.938612934872201759e-05 2.183996079809206274e-05 1.000000000000000021e-08 1.885512937125040500e-05 2.614697121096394984e-05 1.627161373356921200e-05 1.876420826870063747e-05 2.194673008238109615e-05 2.742429904711720203e-05 3.419631375992947161e-05 4.219605924813803281e-05 5.115908281362878699e-05 1.000000000000000021e-08 1.000000000000000021e-08 1.000000000000000021e-08 1.000000000000000021e-08
7.403313438971828413e-03 8.628681435160103289e-03 1.882668364667595417e-05 4.136183801360111118e-05 1.508700865485219542e-04 1.000000000000000021e-08 2.802166357145310062e-05 1.000000000000000021e-08 1.000000000000000021e-08 2.632893992933466433e-05 1.000000000000000021e-08 1.020516214919936101e-05 1.000000000000000021e-08 1.000000000000000021e-08 1.000000000000000021e-08 1.000000000000000021e-08 1.000000000000000021e-08 1.000000000000000021e-08 2.211514780569630181e-04 7.275736760835012709e-05 8.204420275795249297e-05 1.000000000000000021e-08 1.580294868577581635e-05 1.000000000000000021e-08 2.039383996952647918e-05 2.400681583970722658e-05 1.000000000000000021e-08 1.000000000000000021e-08 1.000000000000000021e-08 1.128425748900210398e-05 1.000000000000000021e-08 1.000000000000000021e-08 1.000000000000000021e-08 1.000000000000000021e-08 1.000000000000000021e-08 2.176502475705947601e-05 3.484291679611094787e-05
4.795953531605233591e-05 1.350122747813503267e-05 1.391342835852597635e-05 1.000000000000000021e-08 9.176129675453532399e-05 1.000000000000000021e-08 2.295400220659199271e-05 1.000000000000000021e-08 1.000000000000000021e-08 1.318067060671627325e-05 1.000000000000000021e-08 1.000000000000000021e-08 1.000000000000000021e-08 1.000000000000000021e-08 1.000000000000000021e-08 1.000000000000000021e-08 1.000000000000000021e-08 1.000000000000000021e-08 2.712096537236619660e-04 3.593203774239268780e-05 9.529210308563561727e-05 1.000000000000000021e-08 1.000000000000000021e-08 1.549820310519100001e-04 1.000000000000000021e-08 1.000000000000000021e-08 1.000000000000000021e-08 1.000000000000000021e-08 1.628300592424733922e-05 1.000000000000000021e-08 1.000000000000000021e-08 1.000000000000000021e-08 1.000000000000000021e-08 1.000000000000000021e-08 1.000000000000000021e-08 1.000000000000000021e-08 1.776128283864161506e-05
1.125880522092134609e-05 1.000000000000000021e-08 1.000000000000000021e-08 1.000000000000000021e-08 5.828422801470412945e-05 1.000000000000000021e-08 2.098014104128186991e-05 1.000000000000000021e-08 1.000000000000000021e-08 1.000000000000000021e-08 1.000000000000000021e-08 1.000000000000000021e-08 1.000000000000000021e-08 1.000000000000000021e-08 1.000000000000000021e-08 1.000000000000000021e-08 1.000000000000000021e-08 1.000000000000000021e-08 4.332667021365670633e-05 7.351958003925645200e-05 2.287277017795916943e-05 1.958673817122780580e-05 1.000000000000000021e-08 1.031334205180186307e-04 1.000000000000000021e-08 1.000000000000000021e-08 1.000000000000000021e-08 1.000000000000000021e-08 2.170563912513638301e-05 6.294873881024423267e-05 1.000000000000000021e-08 1.000000000000000021e-08 1.000000000000000021e-08 1.000000000000000021e-08 1.000000000000000021e-08 1.000000000000000021e-08 1.694247259266884399e-05
1.000000000000000021e-08 1.000000000000000021e-08 1.000000000000000021e-08 1.000000000000000021e-08 6.619146880926888850e-05 1.000000000000000021e-08 2.152107786871998590e-05 1.000000000000000021e-08 1.000000000000000021e-08 1.000000000000000021e-08 1.000000000000000021e-08 1.000000000000000021e-08 1.000000000000000021e-08 1.000000000000000021e-08 1.000000000000000021e-08 1.000000000000000021e-08 1.000000000000000021e-08 1.385787464309566088e-04 5.281363651296479657e-05 1.124075069880611213e-04 1.000000000000000021e-08 1.000000000000000021e-08 1.119782681212532617e-05 1.000000000000000021e-08 1.000000000000000021e-08 1.000000000000000021e-08 1.000000000000000021e-08 1.392377011708883037e-05 2.794988585603556966e-05 4.256925602174921634e-05 1.000000000000000021e-08 1.000000000000000021e-08 1.000000000000000021e-08 1.000000000000000021e-08 1.000000000000000021e-08 1.000000000000000021e-08 1.000000000000000021e-08
1.000000000000000021e-08 1.000000000000000021e-08 1.000000000000000021e-08 1.000000000000000021e-08 7.638551187107305604e-05 1.000000000000000021e-08 3.042801722978958338e-05 1.000000000000000021e-08 1.000000000000000021e-08 1.000000000000000021e-08 1.000000000000000021e-08 1.000000000000000021e-08 1.000000000000000021e-08 3.799602676666755005e-05 1.000000000000000021e-08 1.000000000000000021e-08 1.000000000000000021e-08 1.670374372910780024e-04 7.399817391741446513e-05 8.765282567031276750e-05 2.567224834754950645e-05 3.222557876465978433e-05 1.000000000000000021e-08 1.000000000000000021e-08 1.000000000000000021e-08 1.000000000000000021e-08 1.000000000000000021e-08 1.000000000000000021e-08 1.480333408696334876e-05 2.639651303847374690e-05 1.000000000000000021e-08 1.653104472942870258e-05 1.000000000000000021e-08 1.000000000000000021e-08 1.000000000000000021e-08 1.000000000000000021e-08 1.000000000000000021e-08
