output/water_depth_11880.asc
ncols 223
nrows 158
xllcorner 0.0
yllcorner 0.0
cellsize 30.0
[rows 136 to 152 of 158, columns 185 to 221 of 223]
1.000000000000000021e-08 3.015211102827724182e-05 2.324819411224875166e-04 3.117975528105356164e-01 7.927496725876868877e-02 1.000000000000000021e-08 4.277218380216615790e-05 7.586463358761591611e-05 1.394926019897765618e-04 2.286218037376886055e-04 4.088657777621191496e-04 6.312987005844893735e-04 2.389456691261277800e-04 6.241223211904205724e-05 3.795736402821074234e-05 2.755957908939432455e-05 1.982671949746676613e-05 1.308835469243154580e-05 1.000000000000000021e-08 1.000000000000000021e-08 1.000000000000000021e-08 1.000000000000000021e-08 1.000000000000000021e-08 1.000000000000000021e-08 1.000000100000000021e-05 1.000000100000000021e-05 1.000000100000000021e-05 1.000000100000000021e-05 1.000000100000000021e-05 1.000000100000000021e-05 1.000000100000000021e-05 1.000000100000000021e-05 1.000000100000000021e-05 1.000000100000000021e-05 1.000000100000000021e-05 1.000000100000000021e-05 1.000000100000000021e-05
1.973833556744949532e-05 1.735171622846057695e-05 3.692831234544917683e-05 3.024134902212901599e-01 2.996914782839230629e-01 2.777543422697483222e-01 7.612187934519253942e-04 3.972865869089737498e-05 4.340458525940797370e-05 5.592344159964235802e-05 4.625126710534366065e-04 5.996919638793844721e-04 1.926231167258991037e-04 1.000000000000000021e-08 1.000000000000000021e-08 1.000000000000000021e-08 1.000000000000000021e-08 1.000000000000000021e-08 1.000000000000000021e-08 1.000000000000000021e-08 1.000000000000000021e-08 1.000000000000000021e-08 1.000000000000000021e-08 1.000000000000000021e-08 1.000000000000000021e-08 1.000000100000000021e-05 1.000000100000000021e-05 1.000000100000000021e-05 1.000000100000000021e-05 1.000000100000000021e-05 1.000000100000000021e-05 1.000000100000000021e-05 1.000000100000000021e-05 1.000000100000000021e-05 1.000000100000000021e-05 1.000000100000000021e-05 1.000000100000000021e-05
1.000000000000000021e-08 1.000000000000000021e-08 1.000000000000000021e-08 5.013920136956841536e-04 7.102380158119460168e-04 2.471869094869092731e-01 2.165325003787293145e-01 1.715930027566484328e-01 6.048984296344114700e-04 1.390057790013315823e-04 4.420134734104088541e-04 4.103077966337882602e-05 2.006123207683274708e-05 1.000000000000000021e-08 1.000000000000000021e-08 1.000000000000000021e-08 1.000000000000000021e-08 1.000000000000000021e-08 1.000000000000000021e-08 1.000000000000000021e-08 1.000000000000000021e-08 1.000000000000000021e-08 1.000000000000000021e-08 1.000000000000000021e-08 1.000000000000000021e-08 1.000000100000000021e-05 1.000000100000000021e-05 1.000000100000000021e-05 1.000000100000000021e-05 1.000000100000000021e-05 1.000000100000000021e-05 1.000000100000000021e-05 1.000000100000000021e-05 1.000000100000000021e-05 1.000000100000000021e-05 1.000000100000000021e-05 1.000000100000000021e-05
5.373178672609439736e-05 8.409662791649195727e-05 1.000000000000000021e-08 1.012886456280002061e-05 1.000000000000000021e-08 2.805963842689749113e-04 2.251202481668663829e-04 1.125893444748311684e-01 6.059917658153589348e-02 5.023454960243710615e-04 5.706353738752656000e-05 5.755889516464354202e-05 1.000000000000000021e-08 1.000000000000000021e-08 1.151150340701409463e-05 1.000000000000000021e-08 1.000000000000000021e-08 1.000000000000000021e-08 1.000000000000000021e-08 1.052261877879277201e-05 1.000000000000000021e-08 1.000000000000000021e-08 1.000000000000000021e-08 1.000000000000000021e-08 1.000000000000000021e-08 1.000000100000000021e-05 1.000000100000000021e-05 1.000000100000000021e-05 1.000000100000000021e-05 1.000000100000000021e-05 1.000000100000000021e-05 1.000000100000000021e-05 1.000000100000000021e-05 1.000000100000000021e-05 1.000000100000000021e-05 1.000000100000000021e-05 1.000000100000000021e-05
3.412154684631475921e-05 2.029939303544258088e-05 1.918587042940856017e-05 1.170981004139418160e-05 1.000000000000000021e-08 1.000000000000000021e-08 1.000000000000000021e-08 5.651399167293725406e-02 1.182376435174301577e-01 8.434377510970687050e-04 2.716831516245100876e-04 4.695981696650583417e-05 1.000000000000000021e-08 1.000000000000000021e-08 1.000000000000000021e-08 1.000000000000000021e-08 1.000000000000000021e-08 1.000000000000000021e-08 1.000000000000000021e-08 1.000000000000000021e-08 1.000000000000000021e-08 1.000000000000000021e-08 1.000000000000000021e-08 1.000000000000000021e-08 1.000000000000000021e-08 1.000000100000000021e-05 1.000000100000000021e-05 1.000000100000000021e-05 1.000000100000000021e-05 1.000000100000000021e-05 1.000000100000000021e-05 1.000000100000000021e-05 1.000000100000000021e-05 1.000000100000000021e-05 1.000000100000000021e-05 1.000000100000000021e-05 1.000000100000000021e-05
1.036819316499265701e-04 8.240687805668584214e-05 8.075989926176434101e-05 3.499514625081392473e-03 4.069120943802194564e-04 2.143104161441710428e-04 2.715764719073847139e-05 2.832071767876839785e-02 1.479663712834753952e-01 1.602571295077138188e-04 1.460819375901786451e-04 1.000000000000000021e-08 1.000000000000000021e-08 1.000000000000000021e-08 1.000000000000000021e-08 1.283913699235693202e-05 1.230031829895090786e-05 1.000000000000000021e-08 1.000000000000000021e-08 1.000000000000000021e-08 1.000000000000000021e-08 1.000000000000000021e-08 1.000000000000000021e-08 1.000000000000000021e-08 1.000000100000000021e-05 1.000000100000000021e-05 1.000000100000000021e-05 1.000000100000000021e-05 1.000000100000000021e-05 1.000000100000000021e-05 1.000000100000000021e-05 1.000000100000000021e-05 1.000000100000000021e-05 1.000000100000000021e-05 1.000000100000000021e-05 1.000000100000000021e-05 1.000000100000000021e-05
2.630248393883235451e-04 3.173626415301741052e-04 4.287790614953599744e-04 3.166339680486656718e-04 5.224763717394747230e-04 5.529291269737221905e-04 5.778052287612938992e-04 2.570663333981325002e-02 1.737797163654827837e-01 1.317215971478750741e-04 8.412302954329747633e-05 1.000000000000000021e-08 1.000000000000000021e-08 1.305117094366450987e-05 1.579819581193957632e-05 1.788689558925439003e-05 1.075285243974481211e-05 1.000000000000000021e-08 1.000000000000000021e-08 1.000000000000000021e-08 1.000000000000000021e-08 1.000000000000000021e-08 1.000000000000000021e-08 1.000000000000000021e-08 1.000000100000000021e-05 1.000000100000000021e-05 1.000000100000000021e-05 1.000000100000000021e-05 1.000000100000000021e-05 1.000000100000000021e-05 1.000000100000000021e-05 1.000000100000000021e-05 1.000000100000000021e-05 1.000000100000000021e-05 1.000000100000000021e-05 1.000000100000000021e-05 1.000000100000000021e-05
2.420208981137725779e-05 3.109022870366892025e-05 1.997066576794391158e-05 2.019381651095244245e-05 1.655689959620379914e-05 3.988529751466210536e-05 8.760037185633202364e-05 8.252059123389112252e-03 1.316648147761687038e-01 7.847260657473602297e-02 3.672054007975228884e-04 1.000000000000000021e-08 1.000000000000000021e-08 1.012655911394061566e-05 1.000000000000000021e-08 1.000000000000000021e-08 1.000000000000000021e-08 1.000000000000000021e-08 1.000000000000000021e-08 1.000000000000000021e-08 1.000000000000000021e-08 1.000000000000000021e-08 1.000000000000000021e-08 1.000000000000000021e-08 1.000000100000000021e-05 1.000000100000000021e-05 1.000000100000000021e-05 1.000000100000000021e-05 1.000000100000000021e-05 1.000000100000000021e-05 1.000000100000000021e-05 1.000000100000000021e-05 1.000000100000000021e-05 1.000000100000000021e-05 1.000000100000000021e-05 1.000000100000000021e-05 1.000000100000000021e-05
2.465724964396862176e-05 1.680998582017259293e-05 2.870400009828965281e-03 1.000000000000000021e-08 1.000000000000000021e-08 5.231271628039838706e-05 4.083902652192418302e-05 6.080153034404991530e-05 6.858360122397244574e-02 2.013368107286989672e-01 3.305475010436301881e-04 2.540184470790606279e-05 1.343146139028985466e-05 1.000000000000000021e-08 1.000000000000000021e-08 1.000000000000000021e-08 1.000000000000000021e-08 1.000000000000000021e-08 1.000000000000000021e-08 1.000000000000000021e-08 1.000000000000000021e-08 1.000000000000000021e-08 1.000000000000000021e-08 1.000000000000000021e-08 1.000000100000000021e-05 1.000000100000000021e-05 1.000000100000000021e-05 1.000000100000000021e-05 1.000000100000000021e-05 1.000000100000000021e-05 1.000000100000000021e-05 1.000000100000000021e-05 1.000000100000000021e-05 1.000000100000000021e-05 1.000000100000000021e-05 1.000000100000000021e-05 1.000000100000000021e-05
3.084342210442973358e-05 3.072709596174308779e-05 2.049624816525611338e-03 1.986593028603028189e-04 1.666561849462936296e-04 8.809711554913425991e-05 7.131370669717339576e-05 4.705869393820334337e-05 1.902093624336297431e-02 1.644589912958883127e-01 2.044568566635527262e-04 1.000000000000000021e-08 1.000000000000000021e-08 1.000000000000000021e-08 1.000000000000000021e-08 1.000000000000000021e-08 1.000000000000000021e-08 1.000000000000000021e-08 1.000000000000000021e-08 1.000000000000000021e-08 1.000000000000000021e-08 1.000000000000000021e-08 1.000000000000000021e-08 1.000000100000000021e-05 1.000000100000000021e-05 1.000000100000000021e-05 1.000000100000000021e-05 1.000000100000000021e-05 1.000000100000000021e-05 1.000000100000000021e-05 1.000000100000000021e-05 1.000000100000000021e-05 1.000000100000000021e-05 1.000000100000000021e-05 1.000000100000000021e-05 1.000000100000000021e-05 1.000000100000000021e-05
1.934493022531508092e-05 5.049261056618105289e-05 3.376295085838599110e-04 3.623243043767931069e-03 1.000000000000000021e-08 4.888314249446701733e-05 6.668378951766444661e-05 1.632517881619793387e-04 7.211903686375209510e-02 1.130713069877830185e-01 1.429856501010445173e-04 1.000000000000000021e-08 1.000000000000000021e-08 1.000000000000000021e-08 1.000000000000000021e-08 1.000000000000000021e-08 1.000000000000000021e-08 1.000000000000000021e-08 1.000000000000000021e-08 1.000000000000000021e-08 1.000000000000000021e-08 1.000000000000000021e-08 1.000000000000000021e-08 1.000000100000000021e-05 1.000000100000000021e-05 1.000000100000000021e-05 1.000000100000000021e-05 1.000000100000000021e-05 1.000000100000000021e-05 1.000000100000000021e-05 1.000000100000000021e-05 1.000000100000000021e-05 1.000000100000000021e-05 1.000000100000000021e-05 1.000000100000000021e-05 1.000000100000000021e-05 1.000000100000000021e-05
1.000000000000000021e-08 5.054120539865396635e-05 1.188303586653640770e-04 6.515840642388143287e-04 3.417397261253385431e-04 3.742410426759956959e-04 5.254102505156724688e-04 6.587043403125140365e-04 2.691642928682017044e-01 2.673546620793624262e-01 2.647644394430124781e-01 2.193722673103123532e-04 1.000000000000000021e-08 1.000000000000000021e-08 1.000000000000000021e-08 1.000000000000000021e-08 1.000000000000000021e-08 1.000000000000000021e-08 1.000000000000000021e-08 1.000000000000000021e-08 1.000000000000000021e-08 1.000000000000000021e-08 1.000000000000000021e-08 1.000000000000000021e-08 1.000000100000000021e-05 1.000000100000000021e-05 1.000000100000000021e-05 1.000000100000000021e-05 1.000000100000000021e-05 1.000000100000000021e-05 1.000000100000000021e-05 1.000000100000000021e-05 1.000000100000000021e-05 1.000000100000000021e-05 1.000000100000000021e-05 1.000000100000000021e-05 1.000000100000000021e-05
6.246345474367391115e-05 4.659318566965841917e-05 3.868335236410110870e-05 1.034476245481905630e-04 2.965727572411064003e-04 3.427911291640882842e-04 2.349466123288297139e-04 1.831504619397244073e-04 2.673034474640189062e-01 2.621169180026361456e-01 2.629657804223019535e-01 4.994718125698105124e-04 1.000000000000000021e-08 1.000000000000000021e-08 1.000000000000000021e-08 1.000000000000000021e-08 1.000000000000000021e-08 1.000000000000000021e-08 1.000000000000000021e-08 1.000000000000000021e-08 1.000000000000000021e-08 1.000000000000000021e-08 1.000000000000000021e-08 1.000000000000000021e-08 1.000000100000000021e-05 1.000000100000000021e-05 1.000000100000000021e-05 1.000000100000000021e-05 1.000000100000000021e-05 1.000000100000000021e-05 1.000000100000000021e-05 1.000000100000000021e-05 1.000000100000000021e-05 1.000000100000000021e-05 1.000000100000000021e-05 1.000000100000000021e-05 1.000000100000000021e-05
1.000000000000000021e-08 1.000000000000000021e-08 1.000000000000000021e-08 1.121949123270786402e-05 1.886040978025296235e-04 1.212223642228950885e-04 8.447738984892938139e-05 6.473508386317407802e-05 9.676442904876603277e-04 2.502145428278208517e-01 2.578132979556262416e-01 1.000000000000000021e-08 1.000000000000000021e-08 1.000000000000000021e-08 1.000000000000000021e-08 1.000000000000000021e-08 1.000000000000000021e-08 1.000000000000000021e-08 1.000000000000000021e-08 1.000000000000000021e-08 1.000000000000000021e-08 1.000000000000000021e-08 1.000000000000000021e-08 1.000000000000000021e-08 1.000000100000000021e-05 1.000000100000000021e-05 1.000000100000000021e-05 1.000000100000000021e-05 1.000000100000000021e-05 1.000000100000000021e-05 1.000000100000000021e-05 1.000000100000000021e-05 1.000000100000000021e-05 1.000000100000000021e-05 1.000000100000000021e-05 1.000000100000000021e-05 1.000000100000000021e-05
1.000000000000000021e-08 1.000000000000000021e-08 2.223640099697413961e-05 1.968815275092072013e-03 2.041660055701711247e-04 1.000000000000000021e-08 1.000000000000000021e-08 1.000000000000000021e-08 2.847754015292497401e-05 2.178501448197225909e-01 2.200088583148310727e-04 1.926167233736021821e-05 2.834412225916106224e-05 1.000000000000000021e-08 1.000000000000000021e-08 1.000000000000000021e-08 1.000000000000000021e-08 1.000000000000000021e-08 1.000000000000000021e-08 1.000000000000000021e-08 1.000000000000000021e-08 1.000000000000000021e-08 1.000000000000000021e-08 1.000000000000000021e-08 1.000000100000000021e-05 1.000000100000000021e-05 1.000000100000000021e-05 1.000000100000000021e-05 1.000000100000000021e-05 1.000000100000000021e-05 1.000000100000000021e-05 1.000000100000000021e-05 1.000000100000000021e-05 1.000000100000000021e-05 1.000000100000000021e-05 1.000000100000000021e-05 1.000000100000000021e-05
1.000000000000000021e-08 1.000000000000000021e-08 1.006106525234068836e-05 1.145582842600991967e-05 1.339888159047232344e-05 1.000000000000000021e-08 1.000000000000000021e-08 1.000000000000000021e-08 1.000000000000000021e-08 1.626880666491380967e-01 1.075605905036414872e-01 5.407671470009067088e-02 5.468770039324871712e-02 1.000000000000000021e-08 1.000000000000000021e-08 1.000000000000000021e-08 1.000000000000000021e-08 1.000000000000000021e-08 1.000000000000000021e-08 1.000000000000000021e-08 1.000000000000000021e-08 1.000000000000000021e-08 1.000000000000000021e-08 1.000000000000000021e-08 1.000000000000000021e-08 1.000000100000000021e-05 1.000000100000000021e-05 1.000000100000000021e-05 1.000000100000000021e-05 1.000000100000000021e-05 1.000000100000000021e-05 1.000000100000000021e-05 1.000000100000000021e-05 1.000000100000000021e-05 1.000000100000000021e-05 1.000000100000000021e-05 1.000000100000000021e-05
1.340819344831238635e-05 1.574086541741506621e-05 1.026329793408718423e-05 1.000000000000000021e-08 1.000000000000000021e-08 1.000000000000000021e-08 1.000000000000000021e-08 1.506532331056477088e-04 1.356977987392560814e-01 1.437499559181607267e-01 1.019048335493584062e-01 1.577683353760081508e-01 1.570042802549672101e-01 1.105918811423043380e-01 2.492137999270562627e-04 1.000000000000000021e-08 1.000000000000000021e-08 1.000000000000000021e-08 1.000000000000000021e-08 1.000000000000000021e-08 1.000000000000000021e-08 1.000000000000000021e-08 1.000000000000000021e-08 1.000000000000000021e-08 1.000000000000000021e-08 1.000000100000000021e-05 1.000000100000000021e-05 1.000000100000000021e-05 1.000000100000000021e-05 1.000000100000000021e-05 1.000000100000000021e-05 1.000000100000000021e-05 1.000000100000000021e-05 1.000000100000000021e-05 1.000000100000000021e-05 1.000000100000000021e-05 1.000000100000000021e-05
