output/water_depth_7080.asc
ncols 223
nrows 158
xllcorner 0.0
yllcorner 0.0
cellsize 30.0
[rows 119 to 135 of 158, columns 185 to 221 of 223]
6.177539353831223230e-05 5.043799967617060412e-05 4.827897651762027290e-05 1.000000000000000021e-08 1.000000000000000021e-08 1.000000000000000021e-08 1.299554170821140123e-05 5.965694496092708616e-05 8.115284208188664611e-03 6.431218383204692080e-01 6.884368095775225127e-01 6.470252622779396612e-01 6.654280205109015522e-01 5.402002079625973499e-04 8.922322819405975418e-05 1.927414767135822682e-05 2.929911795341166118e-05 4.812066424022928059e-05 5.688864543590317093e-05 1.713918941455582734e-05 1.000000000000000021e-08 1.000000000000000021e-08 3.420790011497231006e-05 2.950738333947326990e-05 1.993953531809254074e-05 1.000000000000000021e-08 1.000000000000000021e-08 1.000000100000000021e-05 1.000000100000000021e-05 1.000000100000000021e-05 1.000000100000000021e-05 1.000000100000000021e-05 1.000000100000000021e-05 1.000000100000000021e-05 1.000000100000000021e-05 1.000000100000000021e-05 1.000000100000000021e-05
1.552764957761685339e-05 1.000000000000000021e-08 1.000000000000000021e-08 1.000000000000000021e-08 1.530182079435637939e-05 1.147961792054484204e-05 1.821478584858948155e-05 1.000000000000000021e-08 1.054525250905725183e-03 5.774751263037603000e-01 1.000000000000000021e-08 5.837613299155647306e-01 6.435049167565093939e-04 4.085178806543268660e-04 7.130392755020307225e-05 2.557078269936415054e-05 1.000000000000000021e-08 1.000000000000000021e-08 1.000000000000000021e-08 5.796059066051098779e-05 3.004922936135387036e-05 3.091240546573210718e-05 2.548701362443599620e-05 2.477285741327057368e-05 2.584688139478948964e-05 2.559780125073205588e-05 1.704693223558790137e-05 1.000000100000000021e-05 1.000000100000000021e-05 1.000000100000000021e-05 1.000000100000000021e-05 1.000000100000000021e-05 1.000000100000000021e-05 1.000000100000000021e-05 1.000000100000000021e-05 1.000000100000000021e-05 1.000000100000000021e-05
1.410051476736476862e-05 1.000000000000000021e-08 1.000000000000000021e-08 1.059732592683713831e-05 3.888254182601556412e-05 1.609270344813766901e-05 1.000000000000000021e-08 1.000000000000000021e-08 2.071325867865691313e-04 6.309724643362772944e-01 6.135018134150174163e-01 2.657931275191760534e-01 1.647321825961763908e-01 1.390901824420323835e-03 1.890654455699195631e-04 1.461785530984957505e-04 1.353097243111586734e-04 5.805267624610762684e-05 7.332196293166804877e-05 3.795225532953937030e-05 3.149165551273302988e-05 1.439339001041855719e-05 1.000000000000000021e-08 1.000000000000000021e-08 1.000000000000000021e-08 1.000000000000000021e-08 1.000000100000000021e-05 1.000000100000000021e-05 1.000000100000000021e-05 1.000000100000000021e-05 1.000000100000000021e-05 1.000000100000000021e-05 1.000000100000000021e-05 1.000000100000000021e-05 1.000000100000000021e-05 1.000000100000000021e-05 1.000000100000000021e-05
1.247829202482005103e-05 1.487554057639150026e-05 1.000000000000000021e-08 1.000000000000000021e-08 3.860697430580083589e-05 1.000000000000000021e-08 1.000000000000000021e-08 1.072613832964682545e-01 1.097153038807136438e+00 1.215199618636028767e+00 5.570005869765788376e-01 5.835493657189754213e-01 7.545845101216946960e-02 4.333890232352762727e-05 3.911936620292107147e-05 5.479420454257972312e-05 7.115218022870480280e-05 6.355376189858692444e-05 1.695272406713209783e-05 1.720030848918552231e-05 1.498377200544403542e-05 1.000000000000000021e-08 1.000000000000000021e-08 1.000000000000000021e-08 1.000000000000000021e-08 1.000000000000000021e-08 1.000000100000000021e-05 1.000000100000000021e-05 1.000000100000000021e-05 1.000000100000000021e-05 1.000000100000000021e-05 1.000000100000000021e-05 1.000000100000000021e-05 1.000000100000000021e-05 1.000000100000000021e-05 1.000000100000000021e-05 1.000000100000000021e-05
1.000000000000000021e-08 1.346153331317171796e-05 1.534730642252433140e-05 1.000000000000000021e-08 2.625772896800311054e-04 5.931023671908421946e-01 6.401429389576621665e-01 1.221390499730251156e+00 1.101416228891803240e+00 1.660670889596899558e-03 4.012848942848998811e-03 3.380868143406728313e-03 9.399607655000955962e-04 2.463436368585505040e-05 1.000000000000000021e-08 1.000000000000000021e-08 1.000000000000000021e-08 1.000000000000000021e-08 1.000000000000000021e-08 1.000000000000000021e-08 1.000000000000000021e-08 1.000000000000000021e-08 1.307104018150028545e-05 1.071246784091626407e-05 1.000000000000000021e-08 1.000000000000000021e-08 1.000000100000000021e-05 1.000000100000000021e-05 1.000000100000000021e-05 1.000000100000000021e-05 1.000000100000000021e-05 1.000000100000000021e-05 1.000000100000000021e-05 1.000000100000000021e-05 1.000000100000000021e-05 1.000000100000000021e-05 1.000000100000000021e-05
1.000000000000000021e-08 1.558769485838494730e-05 1.912322827399760798e-05 9.373363544797116281e-04 6.279395646164661615e-01 6.227856576264736432e-01 6.468211769896758945e-01 3.003414759219362982e-03 6.003875274327443237e-03 1.000000000000000021e-08 1.000000000000000021e-08 1.000000000000000021e-08 1.000000000000000021e-08 3.356112746412323323e-05 3.575522703252742042e-05 2.061216146590736124e-05 1.926854350227689156e-05 2.001982597426693453e-05 1.428199469934385064e-05 1.000000000000000021e-08 1.000000000000000021e-08 1.000000000000000021e-08 1.971729919010435352e-05 1.480921065403706566e-05 1.010778291116973733e-05 1.000000000000000021e-08 1.000000100000000021e-05 1.000000100000000021e-05 1.000000100000000021e-05 1.000000100000000021e-05 1.000000100000000021e-05 1.000000100000000021e-05 1.000000100000000021e-05 1.000000100000000021e-05 1.000000100000000021e-05 1.000000100000000021e-05 1.000000100000000021e-05
1.598592181562783157e-05 1.000000000000000021e-08 1.000000000000000021e-08 6.299895611951637601e-04 1.281386903447066850e+00 1.263632450109022809e+00 2.446939217855897356e-03 1.000000000000000021e-08 1.000000000000000021e-08 1.000000000000000021e-08 1.000000000000000021e-08 1.883766350467157074e-05 4.381406350284901795e-03 5.336334436323921307e-03 2.981539245243276285e-05 3.164922830330334030e-05 2.724772526469668987e-05 3.100473496647062824e-05 1.000000000000000021e-08 1.000000000000000021e-08 1.000000000000000021e-08 1.000000000000000021e-08 1.000000000000000021e-08 1.905149145529251231e-05 1.350283572639834681e-05 1.000000000000000021e-08 1.000000100000000021e-05 1.000000100000000021e-05 1.000000100000000021e-05 1.000000100000000021e-05 1.000000100000000021e-05 1.000000100000000021e-05 1.000000100000000021e-05 1.000000100000000021e-05 1.000000100000000021e-05 1.000000100000000021e-05 1.000000100000000021e-05
2.058134246738437486e-05 1.000000000000000021e-08 1.000000000000000021e-08 5.111624980859528090e-04 1.276890528207713649e+00 1.255712739272583978e+00 3.153552956603396761e-03 1.000000000000000021e-08 1.000000000000000021e-08 1.000000000000000021e-08 1.000000000000000021e-08 1.896291672736701383e-05 8.274381668293874373e-04 1.883627966340806998e-05 2.748650184962029875e-05 1.000000000000000021e-08 2.328215480430853725e-05 1.000000000000000021e-08 1.000000000000000021e-08 1.000000000000000021e-08 1.000000000000000021e-08 1.000000000000000021e-08 1.000000000000000021e-08 2.926669757555566958e-05 1.772090369891319013e-05 1.001343626981290756e-05 1.000000100000000021e-05 1.000000100000000021e-05 1.000000100000000021e-05 1.000000100000000021e-05 1.000000100000000021e-05 1.000000100000000021e-05 1.000000100000000021e-05 1.000000100000000021e-05 1.000000100000000021e-05 1.000000100000000021e-05 1.000000100000000021e-05
1.510817292308348925e-05 1.563491512299040303e-05 1.419207678108971644e-05 6.088870684664164689e-05 1.272371479700588059e+00 1.243484443247337312e+00 1.096919589591064705e-02 3.089317328669706150e-05 1.323035592967653888e-05 1.000000000000000021e-08 1.000000000000000021e-08 1.000000000000000021e-08 4.465271883169031979e-04 4.863682754138107245e-04 3.852917296772489695e-05 2.247272678502994608e-05 1.835284690465732442e-05 1.000000000000000021e-08 1.000000000000000021e-08 1.000000000000000021e-08 1.000000000000000021e-08 1.000000000000000021e-08 1.000000000000000021e-08 1.000000000000000021e-08 2.019039490535039582e-05 1.033093385537144951e-05 1.000000100000000021e-05 1.000000100000000021e-05 1.000000100000000021e-05 1.000000100000000021e-05 1.000000100000000021e-05 1.000000100000000021e-05 1.000000100000000021e-05 1.000000100000000021e-05 1.000000100000000021e-05 1.000000100000000021e-05 1.000000100000000021e-05
2.252766351128418103e-05 1.000000000000000021e-08 1.408380282756960672e-05 1.335119566657261324e-05 7.151257718392773494e-03 1.198587135024126393e+00 9.858168736911011865e-02 9.274190158329091943e-05 1.891209086284991947e-05 1.265482376051635060e-05 1.000000000000000021e-08 1.000000000000000021e-08 2.774795335649009927e-04 8.080224003221046043e-04 1.123762775050171712e-04 8.360107835362420869e-05 1.043456621581759377e-04 1.323604826107578213e-04 1.478813814269827609e-04 1.253209449002387545e-04 1.017347835364971440e-04 8.150219720959363278e-05 6.365830456470295863e-05 5.371433735219697327e-05 2.855224008737168931e-05 1.000000000000000021e-08 1.000000100000000021e-05 1.000000100000000021e-05 1.000000100000000021e-05 1.000000100000000021e-05 1.000000100000000021e-05 1.000000100000000021e-05 1.000000100000000021e-05 1.000000100000000021e-05 1.000000100000000021e-05 1.000000100000000021e-05 1.000000100000000021e-05
3.503081293136094836e-05 4.011223012603079861e-05 1.000000000000000021e-08 1.348789815202872218e-05 1.000000000000000021e-08 7.050620026806682095e-01 5.849659273578814433e-01 1.000000000000000021e-08 2.218333017837338891e-05 1.747178893347559517e-05 1.013679502865461358e-05 1.000000000000000021e-08 7.083948444828938725e-04 6.721067606462792585e-04 4.708840511019826984e-04 2.658741459399872366e-04 1.794966675365207334e-04 1.036884258031088373e-04 1.930222067804461352e-05 1.000000000000000021e-08 1.000000000000000021e-08 1.000000000000000021e-08 4.541469324742196097e-05 3.541383301922980268e-05 3.577622334840403236e-05 2.102945655557597653e-05 1.000000100000000021e-05 1.000000100000000021e-05 1.000000100000000021e-05 1.000000100000000021e-05 1.000000100000000021e-05 1.000000100000000021e-05 1.000000100000000021e-05 1.000000100000000021e-05 1.000000100000000021e-05 1.000000100000000021e-05 1.000000100000000021e-05
5.948717509735299339e-05 1.000000000000000021e-08 1.176643505446382593e-05 1.193610382528436564e-05 1.000000000000000021e-08 3.532250304370163629e-01 9.418950359617004331e-01 3.021859402913047114e-03 1.277515779878865055e-04 1.753058209219837411e-04 2.453919485514403790e-04 3.994193384452425131e-04 5.523038294343461576e-04 3.977148603998769088e-04 3.322045174562729864e-05 2.583474137420120305e-05 1.000000000000000021e-08 1.000000000000000021e-08 1.000000000000000021e-08 1.000000000000000021e-08 1.000000000000000021e-08 3.788767426755373566e-05 1.000000000000000021e-08 1.000000000000000021e-08 1.000000000000000021e-08 1.000000000000000021e-08 1.000000100000000021e-05 1.000000100000000021e-05 1.000000100000000021e-05 1.000000100000000021e-05 1.000000100000000021e-05 1.000000100000000021e-05 1.000000100000000021e-05 1.000000100000000021e-05 1.000000100000000021e-05 1.000000100000000021e-05 1.000000100000000021e-05
5.607999656126822971e-05 5.850741444319724338e-05 5.772829309456990895e-05 5.376807776005888069e-05 4.118540560020695089e-05 1.769233360798236343e-01 1.231684640734653335e+00 1.241477489608042273e+00 6.734768256656579154e-04 6.040217354445053671e-04 6.095941383737806191e-04 3.571192630046103340e-03 5.158742828461576699e-04 1.939472265788725312e-04 1.000000000000000021e-08 1.782604028568433274e-05 2.691654023034604446e-05 1.000000000000000021e-08 1.000000000000000021e-08 1.000000000000000021e-08 1.000000000000000021e-08 3.686275511619414917e-05 3.698947881190549683e-05 2.231910418785633797e-05 1.726764347916287716e-05 1.000000000000000021e-08 1.000000100000000021e-05 1.000000100000000021e-05 1.000000100000000021e-05 1.000000100000000021e-05 1.000000100000000021e-05 1.000000100000000021e-05 1.000000100000000021e-05 1.000000100000000021e-05 1.000000100000000021e-05 1.000000100000000021e-05 1.000000100000000021e-05
6.532565116093170935e-05 1.167085303768682054e-04 1.481166073543847513e-04 1.301185156436499880e-04 1.989903987268979520e-04 1.908698291028251004e-01 1.199817988937860180e+00 1.341392347709517274e-04 1.000000000000000021e-08 1.000000000000000021e-08 1.000000000000000021e-08 4.274245756535797417e-04 9.996853372769560001e-03 1.600444182809842317e-04 1.000000000000000021e-08 1.000000000000000021e-08 1.673401919674738795e-05 1.000000000000000021e-08 1.000000000000000021e-08 1.000000000000000021e-08 1.000000000000000021e-08 1.272161113895723940e-05 1.122646827489127931e-05 1.067091386102752261e-05 1.000000000000000021e-08 1.000000100000000021e-05 1.000000100000000021e-05 1.000000100000000021e-05 1.000000100000000021e-05 1.000000100000000021e-05 1.000000100000000021e-05 1.000000100000000021e-05 1.000000100000000021e-05 1.000000100000000021e-05 1.000000100000000021e-05 1.000000100000000021e-05 1.000000100000000021e-05
1.899823703138152210e-05 1.000000000000000021e-08 1.000000000000000021e-08 1.000000000000000021e-08 1.894236313178254694e-01 1.202454465219032986e+00 1.115951755786879440e+00 1.000000000000000021e-08 1.000000000000000021e-08 1.000000000000000021e-08 1.000000000000000021e-08 7.129202639848756726e-03 8.654526724498862872e-03 9.190043051787421743e-03 2.125505962136941136e-05 1.000000000000000021e-08 1.000000000000000021e-08 1.000000000000000021e-08 1.000000000000000021e-08 1.000000000000000021e-08 1.000000000000000021e-08 1.000000000000000021e-08 1.000000000000000021e-08 1.000000000000000021e-08 1.000000000000000021e-08 1.000000100000000021e-05 1.000000100000000021e-05 1.000000100000000021e-05 1.000000100000000021e-05 1.000000100000000021e-05 1.000000100000000021e-05 1.000000100000000021e-05 1.000000100000000021e-05 1.000000100000000021e-05 1.000000100000000021e-05 1.000000100000000021e-05 1.000000100000000021e-05
1.000000000000000021e-08 1.000000000000000021e-08 1.000000000000000021e-08 4.179985810888117714e-03 1.259941665146176337e+00 1.069790588470199477e+00 4.326910845436692199e-05 1.000000000000000021e-08 1.000000000000000021e-08 1.000000000000000021e-08 1.000000000000000021e-08 1.594252415716314883e-03 5.733931296288322273e-03 1.772251858222400803e-05 1.152607567249949396e-05 1.000000000000000021e-08 1.000000000000000021e-08 1.000000000000000021e-08 1.000000000000000021e-08 1.000000000000000021e-08 1.000000000000000021e-08 1.000000000000000021e-08 1.000000000000000021e-08 1.000000000000000021e-08 1.000000100000000021e-05 1.000000100000000021e-05 1.000000100000000021e-05 1.000000100000000021e-05 1.000000100000000021e-05 1.000000100000000021e-05 1.000000100000000021e-05 1.000000100000000021e-05 1.000000100000000021e-05 1.000000100000000021e-05 1.000000100000000021e-05 1.000000100000000021e-05 1.000000100000000021e-05
1.000000000000000021e-08 1.000000000000000021e-08 1.000000000000000021e-08 1.278727208609990295e-03 1.291258114242509691e+00 2.847173706734612564e-02 2.561856216103297593e-05 1.000000000000000021e-08 1.000000000000000021e-08 1.375976669445691800e-05 1.000000000000000021e-08 2.296798903276265486e-03 6.410754694864723331e-04 1.000000000000000021e-08 1.000000000000000021e-08 1.000000000000000021e-08 1.312846419580365088e-05 1.000000000000000021e-08 1.000000000000000021e-08 1.000000000000000021e-08 1.000000000000000021e-08 1.000000000000000021e-08 1.000000000000000021e-08 1.000000000000000021e-08 1.000000100000000021e-05 1.000000100000000021e-05 1.000000100000000021e-05 1.000000100000000021e-05 1.000000100000000021e-05 1.000000100000000021e-05 1.000000100000000021e-05 1.000000100000000021e-05 1.000000100000000021e-05 1.000000100000000021e-05 1.000000100000000021e-05 1.000000100000000021e-05 1.000000100000000021e-05
