landscape_use_case/output/max_discharge.asc
ncols 223
nrows 158
xllcorner 0.0
yllcorner 0.0
cellsize 30.0
[rows 0 to 16 of 158, columns 74 to 110 of 223]
0.000000000000000000e+00 0.000000000000000000e+00 0.000000000000000000e+00 0.000000000000000000e+00 0.000000000000000000e+00 0.000000000000000000e+00 0.000000000000000000e+00 0.000000000000000000e+00 0.000000000000000000e+00 2.864366168804284540e-17 1.830244832169005180e-13 0.000000000000000000e+00 0.000000000000000000e+00 0.000000000000000000e+00 0.000000000000000000e+00 0.000000000000000000e+00 0.000000000000000000e+00 3.369221653559363628e-13 3.911651433676970148e-13 0.000000000000000000e+00 0.000000000000000000e+00 0.000000000000000000e+00 5.184689618560195145e-13 7.369107098447526012e-13 7.479334228506643602e-13 7.207693236567597417e-13 0.000000000000000000e+00 0.000000000000000000e+00 2.186786267304008602e-12 6.678583239557515095e-13 4.790284490511731720e-12 3.326593925613408576e-11 1.515088961491490506e-10 1.500000166743119691e-08 1.500000166743119691e-08 1.500000166743119691e-08 1.500000166743119691e-08
1.269752492772237167e-13 1.470144941799003811e-13 1.185494309288537759e-13 1.557321736051579854e-13 1.964464776222973886e-13 3.499228066082916785e-13 3.520218051567192427e-13 3.157812862427371975e-13 3.160262191376729117e-13 2.459865344213228349e-13 3.663787803452753481e-13 1.971426219097484570e-13 2.311211243062126836e-13 2.297530771070507731e-13 2.571045277451041506e-13 2.829341229536454812e-13 3.442237119313784510e-13 6.749166771751796802e-13 7.835607241230748133e-13 4.798019153124096687e-13 4.160715432244527323e-13 4.571365106571786325e-13 1.039208540002474329e-12 1.477889645906094404e-12 1.500017728051075888e-12 1.445454407391141482e-12 8.847953546240369308e-13 8.009845510964655523e-13 4.409727716262803333e-12 2.477040307863594398e-12 9.814113415471110403e-12 7.878683989417395520e-11 1.500000166743119154e-09 1.811218812962586843e-07 1.811209625131194491e-07 1.811218812962586843e-07 1.811218812962586843e-07
2.541041432162430969e-13 2.942267088923934958e-13 2.372081926985027611e-13 3.116578752016864566e-13 3.932286852259729901e-13 7.008267741406848644e-13 7.050413150334491812e-13 6.323740755696015883e-13 6.328725025507125319e-13 4.924782968974548074e-13 5.511329717401133118e-13 3.946286586108208125e-13 4.626675023234981949e-13 4.599733970127021964e-13 5.147430629034699016e-13 5.664733981583109947e-13 6.893997059221629412e-13 1.017371500005668685e-12 1.181013257949440645e-12 9.613909395242284343e-13 8.337319762642600935e-13 9.159657252479398556e-13 1.569273588357182760e-12 2.235215680840870302e-12 2.268782149875966510e-12 2.185873821951374599e-12 1.775352494556760933e-12 1.607700694410902872e-12 6.779521683604196147e-12 5.009243098931461920e-12 1.582115621381411195e-11 2.020710545154513246e-10 1.500000166743119691e-08 2.970855937267911803e-06 2.970855937267911803e-06 2.970855937267911803e-06 2.970855937267911803e-06
3.818781700779801483e-13 4.422492380448632968e-13 3.563184843661491310e-13 4.683867206413901836e-13 5.913646399446098871e-13 1.055662944609013788e-12 1.062056091150886017e-12 9.522172941146745774e-13 9.530247200030845302e-13 7.410063127360602841e-13 7.393386404813507575e-13 5.935612985172722800e-13 6.959750783377489100e-13 6.921545634872689827e-13 7.745923304295218194e-13 8.524448039894951184e-13 1.038391026750495291e-12 1.370414590224726108e-12 1.590265448712825629e-12 1.450145739254760069e-12 1.257950913970157057e-12 1.381742617374027687e-12 2.121111051649552265e-12 3.029842848890147752e-12 3.075659456920247459e-12 2.962181594827778086e-12 2.689087479291568480e-12 2.437906751197169656e-12 9.494812082841251342e-12 7.781520794771690438e-12 2.439639451030496496e-11 1.500000166743119154e-09 1.811237188905181205e-07 2.890657311130077206e-02 9.266795076646099083e-02 1.280816099729978341e-01 1.588194393173971708e-01
5.111904942262538301e-13 5.921574265158387658e-13 4.764970785961374885e-13 6.270274682858797402e-13 7.925873625968012863e-13 1.419396266370284234e-12 1.428112922961025370e-12 1.279408230198653327e-12 1.280653220266264917e-12 9.941779474269550822e-13 9.344132812344078976e-13 7.960055049310203143e-13 9.334505581614517705e-13 9.290749161438002774e-13 1.039664881326823011e-12 1.143940619490379381e-12 1.396011892979243070e-12 1.743296308663322198e-12 2.021295750650904557e-12 1.955165744298516677e-12 1.697562723655419173e-12 1.863704669344682169e-12 2.713198021786931477e-12 3.892731851623477633e-12 3.952355272961460265e-12 3.804090588043063193e-12 3.655925740364233350e-12 3.323094756070374427e-12 1.288375204802964071e-11 1.119878737268730265e-11 3.914016850319873688e-11 1.500000166743119691e-08 2.970855937267911803e-06 3.512847171287909048e-02 7.906413481667055876e-02 4.685301696495568907e-02 3.447570417590978958e-02
6.433741431084914285e-13 7.455276972218624563e-13 5.987016933656052029e-13 7.892888499603091689e-13 9.993808116959362110e-13 1.799122235125843403e-12 1.810416248493370012e-12 1.619777630121615417e-12 1.621675999271379619e-12 1.255758489449451071e-12 1.141751415939506111e-12 1.005272470709659158e-12 1.178733903377682976e-12 1.175110686732678326e-12 1.314540030537328759e-12 1.445420406802322739e-12 1.769135466295350501e-12 2.148762811811033909e-12 2.487759509448112702e-12 2.489597731047611681e-12 2.165694090969688416e-12 2.375513915985175745e-12 3.371322932151806292e-12 4.867695268277376386e-12 4.943867265333866304e-12 4.753542291482815343e-12 4.720627862101905828e-12 4.311268816699311008e-12 1.750412020111148967e-11 1.591844270043277795e-11 7.044712372267611296e-11 1.811218812962586843e-07 7.047850543011951845e-03 4.328548964157336726e-02 6.323539900552080373e-02 4.192622143449051264e-02 3.904947402592680306e-02
7.802422358708890837e-13 9.044658796617509506e-13 7.243358477463919088e-13 9.576061888789294847e-13 1.215058911448523440e-12 2.204321654752482790e-12 2.218602942173573629e-12 1.981074785864964525e-12 1.983960468795347943e-12 1.530772374496593457e-12 1.369727429948710593e-12 1.226255470979369160e-12 1.436873170115015352e-12 1.436559177294054787e-12 1.605560344841446515e-12 1.762928064355204287e-12 2.166938424161668154e-12 2.603633919006362502e-12 3.007888183213676671e-12 3.071368197718037941e-12 2.680384738098871739e-12 2.936018789077935422e-12 4.130992755696065786e-12 6.016788706548440659e-12 6.114246830618806376e-12 5.869754827317291216e-12 5.947946046437153425e-12 5.472922099609135420e-12 2.438411224988963407e-11 2.325943711409670581e-11 1.792958373630533301e-10 2.970855937267911803e-06 2.970855937267911803e-06 1.639692916569530923e-02 3.140926588276189008e-02 9.194455291598574442e-02 1.086284451298824422e-01
9.241143103435381769e-13 1.071642351827028119e-12 8.554180583948234825e-13 1.135287665711344315e-12 1.443890747758869492e-12 2.647365651628509176e-12 2.665244209944939728e-12 2.373328371491896545e-12 2.377674919991130506e-12 1.825366932407049953e-12 1.631304392819144776e-12 1.465477992579894241e-12 1.714392975460547780e-12 1.721561689592174990e-12 1.921053137866457139e-12 2.104582164458443341e-12 2.601379061864224692e-12 3.129987083344327411e-12 3.606037653815367049e-12 3.724545307430126053e-12 3.265973953149286543e-12 3.570702291972438980e-12 5.041569360658604201e-12 7.430369218065253312e-12 7.557063286305235339e-12 7.238470388076177517e-12 7.432515467318273476e-12 6.913869897176771829e-12 3.781742569126083227e-11 3.620326926891900381e-11 1.500000166743119154e-09 1.957586575288239317e-02 5.093232979586402587e-02 6.589894509647112320e-02 9.740493817900029716e-02 9.370592009645868636e-02 5.885632433648660400e-02
1.077837273442116814e-12 1.250342586901302971e-12 9.947857526760353200e-13 1.326635461601069644e-12 1.691276591590670347e-12 3.144388544284718812e-12 3.166741952386346405e-12 2.809471809410840263e-12 2.815934292893753312e-12 2.147301701003385149e-12 1.944252850617906694e-12 1.731192809573342526e-12 2.019756834046297649e-12 2.040493106056462656e-12 2.271702095732602386e-12 2.481547771091007757e-12 3.088011538787448427e-12 3.757389971146965235e-12 4.315396893874843681e-12 4.481721219383734761e-12 3.955620941334063926e-12 4.314387758732975948e-12 6.173523548402797199e-12 9.245173482858188619e-12 9.414637241683924754e-12 8.988776309151052950e-12 9.317437522679619153e-12 8.799686432192395602e-12 6.642683424987564182e-11 6.627846510897788112e-11 1.500000166743119691e-08 1.961211058825639703e-02 5.651269369147401966e-02 7.576120825204285536e-02 5.435438457464522588e-02 3.783131231447785237e-02 3.370759529727528070e-02
1.244836346531898554e-12 1.444316874805008995e-12 1.146322120029251496e-12 1.537021567270143132e-12 1.964004484712063554e-12 3.716655963126339029e-12 3.744748041422538377e-12 3.306346001692705222e-12 3.315813268079952052e-12 2.506442417556414276e-12 2.327867240573714578e-12 2.033866594276810197e-12 2.363624753657420574e-12 2.406574332682740020e-12 2.671199962867206544e-12 2.909152003442110900e-12 3.647317496277291448e-12 4.527113078054735432e-12 5.182439782495019462e-12 5.388114483303145192e-12 4.796008781988325119e-12 5.215836309879427205e-12 7.633239354907384213e-12 1.167832756117317058e-11 1.191473030012135264e-11 1.132442245659296363e-11 1.183022004850506863e-11 1.159487213430650513e-11 1.500000166743118792e-10 1.717512628035694590e-10 1.811228000887248640e-07 1.593141881951938912e-02 4.373499708342956649e-02 9.287686417202208056e-02 1.027147455957646005e-01 1.282870408657830752e-01 1.606730473098942902e-01
1.429192600052060456e-12 1.658004296503829115e-12 1.315120195839396295e-12 1.773099557083453063e-12 2.269829440761972519e-12 4.392845576117511393e-12 4.428458731030415626e-12 3.886258661958378935e-12 3.899974685245183472e-12 2.915440137252754204e-12 2.803632475055447006e-12 2.386425819292393566e-12 2.759571285295225666e-12 2.836657182727425697e-12 3.137313810300561756e-12 3.407317937712775336e-12 4.306823889702940139e-12 5.499103843218720090e-12 6.274686665310889257e-12 6.508273918774267871e-12 5.855267211291233011e-12 6.345756261672360638e-12 9.588388230737577049e-12 1.509522742094858429e-11 1.544373860074099246e-11 1.458500836150080958e-11 1.535458211039631229e-11 1.586937900891465088e-11 1.500000166743119154e-09 1.500000166743119154e-09 2.970855937267911803e-06 1.466802299468928338e-02 3.544130327841403527e-02 2.794676303008202314e-02 3.065289239295516249e-02 4.878935034784531027e-02 1.561576962878391817e-01
1.635802175784114513e-12 1.896949722380181022e-12 1.507362020076556077e-12 2.043082486552119717e-12 2.618521598289918133e-12 5.212708657507081222e-12 5.258405491300642709e-12 4.579547293969812810e-12 4.599178977574684487e-12 3.390799886677970674e-12 3.400851625892832947e-12 2.805011815588871552e-12 3.225274436177341619e-12 3.352784680959194572e-12 3.693690708914431138e-12 4.001977606301318226e-12 5.104565290638046609e-12 6.764183168544580492e-12 7.694057967622129412e-12 7.938071240505585624e-12 7.237006258119622193e-12 7.810831037223135564e-12 1.231795748146513573e-11 2.015350640536518167e-11 2.070652023195537952e-11 2.069016592809606246e-11 2.058583574206780829e-11 2.278469226461793297e-11 1.500000166743119691e-08 1.500000166743119691e-08 1.517368183191427494e-02 8.293783430279949576e-02 1.360504017529478582e-01 1.808456019353124056e-01 1.971017659145800072e-01 1.284648178698342413e-01 2.367406968125700117e-01
1.870605729842159603e-12 2.167998129967569534e-12 1.730360055994378918e-12 2.357085861314655070e-12 3.023000204233434097e-12 6.233019308956119995e-12 6.292542140335490509e-12 5.428581750645837094e-12 5.456479838849421271e-12 3.954551016022470814e-12 4.159879334560373236e-12 3.310603510088679311e-12 3.784354229737357214e-12 3.984942580338428646e-12 4.372740106731600129e-12 4.728542482325235016e-12 6.094645856679850299e-12 8.511877550479664262e-12 9.601425162290507875e-12 9.825744539851486557e-12 9.106210734818183772e-12 9.779719301776882763e-12 1.655934086190838420e-11 2.813941523177495186e-11 2.913545765673729783e-11 3.142941651981435950e-11 2.892230073817111417e-11 3.511074078644604785e-11 1.811218812962586843e-07 1.811228000887248640e-07 1.333136700820944376e-02 9.345043931155894157e-02 1.012613861150698236e-01 8.238331575077928459e-02 1.823659235466977835e-01 2.224036565438076152e-01 2.177698845352412094e-01
2.140926635616025396e-12 2.479756562172553570e-12 1.992710018856272624e-12 2.727929248128795115e-12 3.500246500526988926e-12 7.537867031448773937e-12 7.616763985959006371e-12 6.494555944181573433e-12 6.533940141988196382e-12 4.636785696661812894e-12 5.138806228380342471e-12 3.931892079223194555e-12 4.469377058337303643e-12 4.775924223334864955e-12 5.220387010364912771e-12 5.636293286006870219e-12 7.356844381291893676e-12 1.117569087227045757e-11 1.244669148082015123e-11 1.241173475165066999e-11 1.173894196615129234e-11 1.253343061390516357e-11 2.394977383721312124e-11 4.512293309342054567e-11 4.621823252621690839e-11 5.816678742329530406e-11 4.640674169197161196e-11 6.566645017553141958e-11 2.970855937267911803e-06 5.941711874535823606e-06 8.526418541427954745e-02 1.547900333258483418e-01 9.241025984343548272e-02 6.530584989228589710e-02 6.639026547267956602e-02 7.603216391810208030e-02 1.771714764225382766e-01
2.455977642048108863e-12 2.843231542510248997e-12 2.303965092704643353e-12 3.172370663771253535e-12 4.073130518845209508e-12 9.256448372488199502e-12 9.363391545918560234e-12 7.868840527157278679e-12 7.924300667306920264e-12 5.479844744821191134e-12 6.425311028084979787e-12 4.709984196582497333e-12 5.326687713847697429e-12 5.789067208091567680e-12 6.304066322541632261e-12 6.798951630584476406e-12 9.013133873281724736e-12 1.519972333683596026e-11 1.722022406945636219e-11 1.610915361239546216e-11 1.603577197056696458e-11 1.693109582839989815e-11 3.731712661952386867e-11 8.402063715921988324e-11 8.588258706904163045e-11 1.434338038193314383e-10 8.624235968576228892e-11 1.707464946110369587e-10 2.186955452738164815e-02 9.199097841661510455e-02 1.480594187379146165e-01 1.214884875599592240e-01 9.779183691167456227e-02 1.020516325245930667e-01 1.864075469320807532e-01 2.142331940820815239e-01 2.115982635503518006e-01
2.827643081394228529e-12 3.272797521508521661e-12 2.676923866800625576e-12 3.713043155460658562e-12 4.773117095136095304e-12 1.159682514147833202e-11 1.174557107033503236e-11 9.693380463975215538e-12 9.771651900177584687e-12 6.545066484727856134e-12 8.159644241600616396e-12 5.706162839347480448e-12 6.424730583224610946e-12 7.122149499344097891e-12 7.726841965449812643e-12 8.328668967927888598e-12 1.125856051450128830e-11 2.165060404645665772e-11 2.512169337701821941e-11 2.167756746534178610e-11 2.305255519077401087e-11 2.459349850526072260e-11 6.704692464624108197e-11 2.071804873896056411e-10 2.109612010428025670e-10 1.084534639596455562e-09 2.116848379783847114e-10 1.500000166743119154e-09 2.050587249829925740e-02 5.546844021396776792e-02 7.711306172564470762e-02 6.847868141493901328e-02 5.133712798835243785e-02 8.806224475435947552e-02 1.352904469089244444e-01 1.122669820149912873e-01 9.000912011839534710e-02
3.271662752154664726e-12 3.787691813065422201e-12 3.129295365484450437e-12 4.381524497929557907e-12 5.644838887416740486e-12 1.491194682579542329e-11 1.512565884981458889e-11 1.219936032053878273e-11 1.231001115569198714e-11 7.924393846299568881e-12 1.066247705563631210e-11 7.015798024834469088e-12 7.868282716021874558e-12 8.931986691613162358e-12 9.652346682089083517e-12 1.040364729684940603e-11 1.442159308840824705e-11 3.296946523939080457e-11 3.967700684005338717e-11 3.064135560858759938e-11 3.559524974208298779e-11 3.856232970626859234e-11 1.732135508796060883e-10 1.500000166743119154e-09 1.500000166743119154e-09 1.084534639596455810e-08 1.500000166743119154e-09 1.500000166743119691e-08 1.738023326204947080e-02 4.077633506249857265e-02 3.360185654252338672e-02 2.777598206656936228e-02 5.638046263565590910e-02 9.106378110344005850e-02 7.670088794208097804e-02 6.846092553792182400e-02 4.394184875066623613e-02
