landscape_use_case/output/max_discharge.asc
ncols 223
nrows 158
xllcorner 0.0
yllcorner 0.0
cellsize 30.0
[rows 68 to 84 of 158, columns 74 to 110 of 223]
2.009639730771772131e-02 1.642203738487334197e-01 1.607738390966907405e-01 9.534265772076873369e-02 3.991905016664918510e-02 2.582560242370151096e-02 2.070517176425971245e-02 2.261099433431092154e-02 2.206733705913346485e-02 1.681292410771569740e-02 1.409814063885368556e-02 1.254375815085494728e-01 1.813442227658905170e-01 3.352486261391954825e-01 4.931124186986880487e-01 6.595154653305570491e-01 5.213538814811985445e-01 2.957562589259997154e-01 1.681279690773963276e-01 1.849174084479826563e-01 6.407901055875305785e-01 8.652941142991587009e-01 1.235093249233740531e+00 1.406576928180763186e+00 1.080521607125580097e+00 5.666261587714185310e-01 9.733214338595075343e-01 6.206400281647019845e-01 5.633215215875888582e-01 9.742648030326876984e-01 1.418099799264275207e+00 1.032432087786669062e+00 1.098889227560931658e+00 6.232563533291146651e-01 3.924700092229735371e-01 2.708882473378983469e-01 2.352841470690084924e-01
2.444138097428203704e-01 3.116696843256483995e-01 2.128044952748830154e-01 1.647291498781199015e-01 1.202505243216440423e-01 9.155197828488428891e-02 7.136837207608642819e-02 5.847885952861919118e-02 4.782488770658279570e-02 4.095169657154696524e-02 4.272586235850618641e-02 8.259533470877436501e-02 1.214497747917595016e-01 1.953205032725835733e-01 3.006826209399608985e-01 4.154392490398219340e-01 5.030513490344449279e-01 4.332760176615780279e-01 3.243931704546931805e-01 1.865500029243875590e-01 4.274950691979284567e-01 3.698223610346392798e-01 2.517821026621589464e-01 4.829130937360183173e-01 3.073255513697593644e-01 3.724297131318344278e-01 9.054545388379091619e-01 9.688530144126691335e-01 5.241970617329259063e-01 3.583345581325623197e-01 8.109865923208197103e-01 8.071525886224346635e-01 1.049031225099914533e+00 1.002207508843517392e+00 7.123064591504868481e-01 5.408862877299188687e-01 3.452350597662023346e-01
4.041624807767567606e-01 2.766020917675779400e-01 2.510573093112256071e-01 2.761899096276085874e-01 2.186420873044041258e-01 1.854044923404880862e-01 1.708284425018886110e-01 1.903967323469376027e-01 2.600473956820020249e-01 2.616114893864620594e-01 1.905571052891999462e-01 1.446099957041493411e-01 1.126634513114168901e-01 1.759737509407098832e-01 2.598981716784848350e-01 3.941211120576720850e-01 4.772484860075628110e-01 4.477490046221084263e-01 3.916237082855578699e-01 6.043307717421397829e-01 6.895637197016817321e-01 7.813755491412316401e-01 7.847102739859337373e-01 9.329880478238730124e-01 1.022547240059450857e+00 5.792258226213962136e-01 5.266430552040779478e-01 7.677660569455129203e-01 5.897651268423764748e-01 4.208067013779354104e-01 4.044632774714685963e-01 5.905136247605495825e-01 7.622800984407219760e-01 9.532651210174047929e-01 9.615869120766010747e-01 8.271222207095419998e-01 8.374675585696135238e-01
4.073039179702715451e-01 2.574277720738250008e-01 1.499322601589584414e-01 1.805899619740625184e-01 2.219469276183428652e-01 3.415237491269786929e-01 3.463960320351895383e-01 3.304756798079771518e-01 3.136782344370517284e-01 2.523562763781904694e-01 2.132564201602370757e-01 2.198586021124125656e-01 1.832114232415401056e-01 1.990142650131053736e-01 2.455448554587546794e-01 3.902877364570639385e-01 4.637867541243657632e-01 5.245461618507719637e-01 8.000962532488131718e-01 7.594400881713442297e-01 5.015581166377378608e-01 3.347639824582860357e-01 2.508268081975497110e-01 1.501411641058139623e-01 5.190676810829436549e-01 3.842463191299444469e-01 5.181570329486741011e-01 7.430953870913736825e-01 7.089527594951912093e-01 5.781131301290858282e-01 4.501213407426546409e-01 5.646692523591148039e-01 6.645561234749028934e-01 6.887974182186933358e-01 7.210696680306688533e-01 5.586247620819700943e-01 4.958804985751431027e-01
2.887600299878378962e-01 3.163202207590808390e-01 2.397726690139319883e-01 2.031241783752583685e-01 2.397945670382742311e-01 2.415262534762975255e-01 1.866656650751773450e-01 1.575765116941022226e-01 1.835252266758519712e-01 1.963759091948020230e-01 2.454813016236784551e-01 2.428163545126571510e-01 2.151127411567053116e-01 2.080532666103717954e-01 2.999208117834175069e-01 2.909808681781912987e-01 4.229990966987924317e-01 4.035212340263276687e-01 3.998454560069913399e-01 2.407180442913685048e-01 1.451729571186563539e-01 5.974899192489438460e-02 9.221984949964109890e-02 9.981028962940617644e-02 4.019328272878706088e-01 4.447919304412004116e-01 3.994512185912194591e-01 5.908968702399588491e-01 6.691111769895382588e-01 6.820105001583500748e-01 6.249668083234096727e-01 6.262834897350721963e-01 6.257225594158899451e-01 6.385398317632073883e-01 7.086350717678937539e-01 5.653663096380018294e-01 3.280227232620088751e-01
1.823694334409687312e-01 3.378898918493778991e-01 2.439390429072519351e-01 1.527687536198863161e-01 1.554927760047673801e-01 1.102979381084653460e-01 7.475060893655018079e-02 8.912393304256896465e-02 1.321329302986000431e-01 1.606904823161541263e-01 2.773531206079263289e-01 2.063658893953545792e-01 1.641924918767226071e-01 1.859433901227211527e-01 1.977156763033161013e-01 1.685085629486424708e-01 1.748642185875419475e-01 2.142810116580821655e-01 2.204542379441421507e-01 2.317635445375850201e-01 2.805938269029430443e-01 2.271796187446059601e-01 1.811842712366126262e-01 1.265929989592514682e-01 2.922375854940785223e-01 3.870036049792262567e-01 4.072106598222156038e-01 5.070561670249097430e-01 6.074535756631678218e-01 6.604095636720324070e-01 6.658855366757661098e-01 6.648603187002634085e-01 6.726517887860303802e-01 6.611004991772109207e-01 6.918313926749859455e-01 5.650020704481221179e-01 4.017875183452607746e-01
3.459807019415747642e-02 1.915685079072139418e-01 3.052128575850426850e-01 3.155672539738375026e-01 2.873735716701596443e-01 2.173597515143113057e-01 1.657366545240241684e-01 1.388632594009006627e-01 1.471526031392094147e-01 1.989771057848581937e-01 2.782501722856942084e-01 3.679049910500947762e-01 2.458013075571878203e-01 2.281049197496486103e-01 2.870741295974236773e-01 2.424662804093115631e-01 1.738119264605591241e-01 1.067430391929360262e-01 7.769213789057817510e-02 7.384319111300913230e-02 1.704665639812099065e-01 2.321384070335838490e-01 2.891429986497900950e-01 2.596800170373759764e-01 3.258735844734020892e-01 3.622952250496364046e-01 4.262567264233420583e-01 4.881646072988508611e-01 6.015103249955311426e-01 8.048970443326721735e-01 7.528821406212705680e-01 7.317773645476002287e-01 6.939284956580880070e-01 6.915991666840386465e-01 6.965886183838316814e-01 7.322865237565603369e-01 2.414438202464306016e-01
1.153859930508546738e-02 6.013722608872221209e-02 3.890148151755769279e-02 2.962347343547411249e-02 1.447770700561767931e-01 1.630306161065769310e-01 1.593191942036394915e-01 1.829442493885722332e-01 1.665783295008400056e-01 9.529281138666478856e-02 6.224941047752922951e-02 2.172980829966080774e-01 2.160983233340323106e-01 2.250658364127057498e-01 3.335098445649585797e-01 2.787743363565960975e-01 2.374496920878428063e-01 2.050946376894172973e-01 1.208657410643273200e-01 6.809994222976870071e-02 5.163119397641987435e-02 1.092521772735177005e-01 1.554165201618447067e-01 2.041371719182075994e-01 3.829227344437762803e-01 4.262670002937509750e-01 6.044084069834705364e-01 6.596884398464105681e-01 4.623112686888985468e-01 7.422372180296668009e-01 7.808323675975115119e-01 7.291979296954298473e-01 7.674083678551921750e-01 7.323335910432835494e-01 7.475148435011258474e-01 9.641971615248339234e-01 6.440439297636941784e-01
3.657338804164641383e-02 3.085984993353803676e-02 2.710721450719337511e-02 4.487911412596023997e-02 7.660558176295179100e-02 1.103807853989372950e-01 1.393422378018712715e-01 1.445089919137234336e-01 1.278151057619796860e-01 8.977918558741973531e-02 6.257267602898849979e-02 1.230007983486952061e-01 7.572860506769540923e-02 6.719921585239976847e-02 2.112222268851193796e-01 2.487239438061097374e-01 2.433292329277796928e-01 2.718326467902101307e-01 2.372260307933539702e-01 1.369717719310859505e-01 8.295064400343415967e-02 9.323885097048693893e-02 1.341587936146988458e-01 6.843590075333766398e-02 4.602094907417124403e-02 1.031654601906030061e-01 1.079915419167232077e-01 2.975531818709794551e-01 3.911741508938240131e-01 6.198921489648295813e-01 6.909183532282008322e-01 7.311673862980305749e-01 7.543092200482428566e-01 9.218225571268068297e-01 1.187186306207934194e+00 1.616735124772820553e+00 1.840411577558477063e+00
1.039864994896241290e-01 1.037308705768014983e-01 6.773937594735167378e-02 6.949108900833643465e-02 9.076922208669527259e-02 1.077281044467990195e-01 1.268935594423097613e-01 1.350573992092156950e-01 1.510617343036453619e-01 1.337851892403600917e-01 9.573105912270266082e-02 1.066779755199794566e-01 8.864467576563299367e-02 7.158844684756919541e-02 1.305256002539300630e-01 1.876871735692133836e-01 2.211489802946601801e-01 2.240340371759629856e-01 2.529555624783320633e-01 2.153422142699485953e-01 1.517499023242194212e-01 1.669442851402480332e-01 1.453101038515286492e-01 1.054426529960632158e-01 5.739916681788347075e-02 4.498219473001474622e-02 6.934958633730711752e-02 1.733236875854554104e-01 2.345159388670278733e-01 3.457523984958082996e-01 4.068432601705519458e-01 4.579803153019647577e-01 3.583531422143920175e-01 2.416960638832435226e-01 2.081786638609339213e-01 1.623141808183941603e-01 9.929217595106647476e-01
5.755935268617383416e-02 9.591418231220597002e-02 1.174237826560868142e-01 1.065375056360707284e-01 1.140588355760383255e-01 1.258735048773406695e-01 1.386396733059124253e-01 1.489433418650578100e-01 1.740949564927083970e-01 1.816162984413072778e-01 1.166047883617645498e-01 1.588884748150818094e-01 2.094835587901591745e-01 1.455392340967387454e-01 1.372742786443788277e-01 1.718557213937721151e-01 1.893982281133668732e-01 2.328907139045383601e-01 2.603839172033057814e-01 1.925317453662528933e-01 1.502954984239217584e-01 1.985789795906567345e-01 1.652298994640692964e-01 1.547867354345718316e-01 8.845737877077394784e-02 6.102718531362182758e-02 6.934387512330784931e-02 1.193250727496879549e-01 1.990183932375462761e-01 3.132727974078453048e-01 4.648108988066053104e-01 4.593890057773960534e-01 2.976272666766042740e-01 2.382819849014908842e-01 1.356950010009406460e-01 3.941516394537001450e-02 6.158284159018119208e-01
9.429316198541393135e-02 6.196138451661230978e-02 1.158039006407929894e-01 1.195642728465924343e-01 1.416093598705394363e-01 1.427121899823609041e-01 1.514332560736622590e-01 1.686944839120977091e-01 1.648878052218607781e-01 1.692194589783101999e-01 1.422130488991312780e-01 7.735054344798472648e-02 1.584674000228614710e-01 2.241739305935643856e-01 1.817531189165959848e-01 1.673476499649996785e-01 1.882711050155215227e-01 1.764352468149543163e-01 2.577835044779187013e-01 2.656757994501757203e-01 1.967495694346711177e-01 1.681096266149425533e-01 1.776372603782500614e-01 1.683664682277555835e-01 1.345004595811966630e-01 9.683864675681735923e-02 9.916682075018141973e-02 1.124451484433381665e-01 1.894534825464551375e-01 2.043010513237564496e-01 3.424045484510133130e-01 5.183425634961941197e-01 6.631101474988737587e-01 4.927129093333075804e-01 3.022533493891605416e-01 1.779583350731374913e-01 2.051135023400702528e-01
1.241517877081052268e-01 9.822665497312924043e-02 1.147710508998064927e-01 1.288512275807645324e-01 1.419062706209293090e-01 1.528799268018375956e-01 1.627318821944535587e-01 1.710408356934585705e-01 1.739213718344341797e-01 1.729681346305775302e-01 2.297001273062591886e-01 1.301243237186683888e-01 8.660905678210462089e-02 1.618105799466836581e-01 1.748784568797099315e-01 1.867382826576788335e-01 1.801538233081848572e-01 1.817642784989044746e-01 2.238996783697273785e-01 3.295797990399415012e-01 2.933487473246619848e-01 2.479331535943493647e-01 2.281069315212493620e-01 2.046961292342331373e-01 1.680523305099036468e-01 1.396023708570128807e-01 1.240692274220280417e-01 1.422116325290074812e-01 1.436099567281308720e-01 1.529408804977500091e-01 1.169357392554158381e-01 1.308645592608625174e-01 4.732451097267011408e-01 5.890618595952774594e-01 3.534706097161021132e-01 1.745584169738756408e-01 1.339941515377526537e-01
1.535629825608326726e-01 1.305995017026096994e-01 1.323246643790809696e-01 1.415407359823429578e-01 1.527968829371628146e-01 1.629707060382298289e-01 1.727437183045228142e-01 1.811866232272308364e-01 1.853433447408579238e-01 1.180125037383271680e-01 1.931615717741120009e-01 1.603357797029562049e-01 1.383066321965825685e-01 2.188601366132580106e-01 3.227974919926942521e-01 3.902800924764052715e-01 2.808052128675661563e-01 2.271063623492213523e-01 1.217296520534849186e-01 2.172664150101208946e-01 2.682586218505740305e-01 2.693258700370226855e-01 2.483757040456320286e-01 2.453322167286671740e-01 2.300905637738785425e-01 1.886379565272816861e-01 1.473374559074319134e-01 1.499566872423182540e-01 1.000115034622158783e-01 1.351063916773131979e-01 1.266727234373808131e-01 9.185643340161479820e-02 2.225325336800089426e-01 5.990129274418665162e-01 7.906630219232581025e-01 6.279647981807761070e-01 5.206721783206536003e-01
1.756730466704020388e-01 1.601061566486184362e-01 1.529006964317837780e-01 1.570580556917133830e-01 1.646766964026402658e-01 1.737066123520277505e-01 1.823077339184633328e-01 1.897421645096659670e-01 1.950672440337220537e-01 1.638463215138694640e-01 1.786821829793276972e-01 1.816933583441224798e-01 1.543492356229787255e-01 1.423411413965782191e-01 1.295587553750272569e-01 3.250976016657449730e-01 3.256186196839839786e-01 2.649779236041365782e-01 1.638452263714657853e-01 1.912307700488964923e-01 2.225100355195629431e-01 2.979864777737801784e-01 3.779331242516651979e-01 4.836010466753067893e-01 5.916994483545837680e-01 5.347656434266083725e-01 3.721403344190361562e-01 2.720144415724812248e-01 2.123703034065321515e-01 1.781847257754377578e-01 1.563541785485586255e-01 1.083378995085296920e-01 1.509607385795803114e-01 1.173360273159835404e-01 5.134533662508135310e-02 3.030271788865033233e-01 2.519311858587502950e-01
1.948877180470330317e-01 1.843111395114536144e-01 1.737510894090003033e-01 1.727478362300602643e-01 1.773006334030818865e-01 1.841106558948256144e-01 1.911851726194893908e-01 1.987271889966161220e-01 2.387602293094606698e-01 3.190788211800085206e-01 2.559088876830599713e-01 2.167522548024700679e-01 1.254483662984788306e-01 8.285514539146275614e-02 7.338563442310500062e-02 2.361064009084947457e-01 2.954988808101794984e-01 2.692849236547825154e-01 2.230155212119594443e-01 2.035922210357574147e-01 2.161701544695687482e-01 1.064888488618843110e-01 5.453709189765628546e-02 3.834477428552184042e-02 1.460946211015899943e-01 4.255936721379890431e-01 3.758229375374009251e-01 4.114123780529801988e-01 2.877166115170548544e-01 2.567118211483638834e-01 3.035424146368465581e-01 2.709294971240800987e-01 1.999072935474465185e-01 1.567813159305052051e-01 1.087501043061227940e-01 1.701647814133835923e-01 1.539793720237154495e-01
1.914030662621577228e-01 1.938736210064305743e-01 1.904073290060765145e-01 1.873621830053820991e-01 1.896761041740271103e-01 1.949913120758555718e-01 2.014678788793552444e-01 2.081521378078458051e-01 1.077927720970688341e-01 2.280509968369780760e-01 3.223878702772977611e-01 2.719697833091042627e-01 1.818494315584714416e-01 1.270399373109284691e-01 9.452403939530656940e-02 1.860532212702199484e-01 2.364049531799670978e-01 2.478302145649099453e-01 2.397933521578550775e-01 2.344672002898814389e-01 2.170653271903060511e-01 1.649586479462508415e-01 9.606614556696639606e-02 7.341321662960006988e-02 5.989211977474366566e-02 2.427424725820903906e-01 1.769240628573021112e-01 3.205596823574573540e-01 3.253163924562004206e-01 2.952378093580870222e-01 3.110904542489543734e-01 4.205968981620360481e-01 2.986501885067709972e-01 2.390420342797703879e-01 1.648003363310631963e-01 1.920263393475946656e-01 1.133916385347979172e-01
