landscape_use_case/output/max_discharge.asc
ncols 223
nrows 158
xllcorner 0.0
yllcorner 0.0
cellsize 30.0
[rows 0 to 16 of 158, columns 111 to 147 of 223]
1.500000166743119691e-08 1.697553912134070552e-07 0.000000000000000000e+00 0.000000000000000000e+00 0.000000000000000000e+00 0.000000000000000000e+00 0.000000000000000000e+00 0.000000000000000000e+00 0.000000000000000000e+00 9.912877669083294001e-09 9.788944426398087512e-09 0.000000000000000000e+00 0.000000000000000000e+00 0.000000000000000000e+00 0.000000000000000000e+00 0.000000000000000000e+00 0.000000000000000000e+00 0.000000000000000000e+00 0.000000000000000000e+00 0.000000000000000000e+00 7.780311194181289755e-10 4.736457522900596618e-10 1.211820618049752227e-08 0.000000000000000000e+00 0.000000000000000000e+00 0.000000000000000000e+00 0.000000000000000000e+00 0.000000000000000000e+00 0.000000000000000000e+00 0.000000000000000000e+00 0.000000000000000000e+00 0.000000000000000000e+00 1.802112743822044661e-07 1.500000166743119691e-08 1.500000166743119691e-08 0.000000000000000000e+00 0.000000000000000000e+00
1.811218812962586843e-07 2.970855937267911803e-06 6.167966088307317468e-09 1.500000166743119691e-08 1.500000166743119691e-08 1.500000166743119691e-08 1.500000166743119691e-08 1.500000166743119691e-08 1.500000166743119691e-08 1.660842999763604716e-07 1.658095142278493062e-07 9.636669225270868292e-09 9.898881228921584311e-09 5.047409836106624387e-09 3.597595823768380984e-09 9.941003364660462518e-09 1.500000166743119691e-08 1.500000166743119691e-08 1.802131027231748927e-07 1.802121885480496593e-07 1.802121885480496593e-07 1.802121885480496593e-07 1.064414281691084181e-06 1.500000166743119691e-08 1.500000166743119691e-08 1.500000166743119691e-08 1.500000166743119691e-08 1.500000166743119691e-08 1.500000166743119691e-08 1.802112743822044661e-07 1.802121885480496593e-07 1.660121420746710664e-07 2.970855937267911803e-06 1.811228000887248640e-07 1.811228000887248640e-07 6.340439427157505723e-10 8.364333886606736965e-10
2.970855937267911803e-06 1.143354369228312439e-04 6.167966088307318460e-08 1.811218812962586843e-07 1.811218812962586843e-07 1.811218812962586843e-07 1.811218812962586843e-07 1.811218812962586843e-07 1.811218812962586843e-07 2.970855937267911803e-06 2.970855937267911803e-06 1.663587924819810178e-07 1.663742709225511273e-07 5.047409836106624718e-08 3.597595823768382142e-08 1.662879657952472242e-07 1.811218812962586843e-07 1.811218812962586843e-07 5.941711874535823606e-06 1.094328594394249933e-02 1.729878045505417114e-02 2.180640754116252092e-02 3.010551606740675956e-02 3.129602062916577457e-06 1.811218812962586843e-07 1.811209625131194491e-07 1.811218812962586843e-07 1.811228000887248640e-07 3.137092910367710882e-06 3.391231667963026664e-02 6.417547023501413150e-02 5.877411566272842253e-02 4.780030106644098803e-02 2.970855937267911803e-06 2.970855937267911803e-06 7.064970903423370234e-09 9.764910076152422202e-09
1.736612912240310114e-01 1.887143171781151263e-01 1.968247856197692380e-01 1.823220162226164842e-01 1.177722191620647479e-01 7.837378758095231435e-02 3.206064111533214744e-02 2.204746085874730380e-02 2.241788683260891382e-02 3.296100436670971329e-02 6.451437223516040542e-02 7.098187419531613862e-02 6.944719969862024611e-02 7.161238728147716059e-02 7.633875527236608227e-02 8.051814748452779114e-02 8.305235856926961036e-02 5.828531956473449044e-02 3.339460441027927717e-02 4.529421573884588603e-02 8.046807971859781805e-02 2.240759887104284420e-01 1.808265790181530219e-01 8.092350887398060133e-02 4.390193868866081039e-02 1.848877639746130189e-02 2.742478852977613905e-03 1.671674709468174477e-03 1.244767079843152671e-02 9.859451825748496989e-02 6.695375602122657921e-02 5.001785499508465405e-02 7.427238652862695745e-02 5.114983183166994102e-02 2.114582094324280251e-02 1.189461824722634946e-07 1.670418396633115468e-07
3.086204733157295321e-02 2.461630553348034475e-02 2.949402138236108251e-02 1.064022679807738736e-01 9.231744537051900235e-02 9.954718815726275316e-02 1.161497760753544828e-01 8.709043058928078729e-02 6.771438795754840256e-02 1.128940186110221483e-01 1.171834634104931550e-01 1.153661862148887274e-01 6.466681191518532101e-02 4.884172405714071880e-02 4.764389894830425853e-02 6.151332733930048313e-02 7.412536504214094213e-02 1.210412110775302141e-01 1.778884793762463001e-01 2.311263049667394431e-01 2.692433948660510890e-01 2.378699440419465017e-01 2.062253553562027331e-01 1.702116039717525009e-01 9.019767279249468750e-02 8.164290040332242149e-02 3.302502688145515786e-02 1.628219158271525940e-02 3.663488651239169003e-02 1.883173723478439865e-01 9.875113841064711573e-02 4.952832173992068043e-02 1.586525782874924698e-02 2.505378845997910039e-02 5.312043911330938117e-02 4.398968117954629720e-02 2.836191367195135121e-02
5.941453440491109572e-02 5.061497118320085198e-02 5.310550178909637098e-02 7.757001735659130315e-02 9.945240296163193605e-02 6.710642001164661419e-02 1.177741500788410667e-01 1.577564828912659811e-01 1.076797140821881549e-01 1.104827956180246817e-01 6.667946929482426732e-02 7.642706901042617407e-02 6.472325620842102334e-02 4.677300025859661148e-02 3.719709936279001761e-02 6.749930494331544961e-02 4.965590095041103047e-02 3.442523976923563683e-02 1.533663781060489173e-01 1.913810616744402171e-01 1.840765432902788379e-01 3.112474882554389088e-01 8.212403895625354222e-01 1.014359162075853638e+00 1.042570541360618774e+00 5.953815460137026339e-01 2.865437976156347544e-01 4.290201029872067057e-02 1.334344096323126505e-01 2.536280680547056687e-01 8.662072017426217241e-02 4.077052636004849240e-02 4.470128751647186455e-02 4.648966775984579580e-02 5.120207093018365463e-02 4.347672649960477448e-02 6.364234574597288363e-02
1.452681344377215744e-01 1.824754892736905332e-01 1.772952031054085553e-01 1.574719998321337244e-01 1.387902785072564760e-01 7.921211816823628404e-02 1.321357952430054494e-01 2.232348047307605998e-01 2.408398396712745637e-01 2.562617643795392364e-01 1.746980339846797847e-01 1.419545402297825720e-01 5.520815855240614189e-02 6.894055680854507817e-02 7.114789141855960841e-02 8.513890726021750011e-02 2.234037238756959864e-01 2.324022054069198595e-01 2.608733637208887624e-01 1.719161693853148987e-01 2.224324746471878500e-01 9.771464600295051151e-01 9.505762547930628470e-01 5.594659419065592942e-01 9.512861415064115533e-01 1.205119623971069087e+00 1.474595064041773762e+00 1.510872086073160592e+00 1.257698660542386548e+00 2.198185080866348895e-01 1.010369986025419220e-01 8.257978230311699419e-02 8.507277907884834567e-02 8.284728053228754274e-02 7.788420077822680310e-02 6.589218923157032226e-02 5.441527661099854196e-02
6.257047813324158325e-02 5.995168776761278240e-02 1.174157696015820096e-01 1.764737925453167822e-01 1.715104172663222681e-01 1.300104571488999161e-01 1.527866838944560435e-01 1.091865029108311236e-01 8.837036051382765600e-02 2.060049310088956642e-01 1.950464478925567069e-01 4.058994862421078098e-01 4.620073588257066488e-01 8.707737795831286265e-01 1.197629373407910647e+00 1.295019011830022215e+00 1.349276198093839252e+00 1.340627680677439093e+00 1.273546188864354001e+00 6.048073360003309862e-01 7.558124212695023214e-01 1.024534363208164933e+00 2.598488052874967091e-01 1.170732689599005560e-01 1.266782167225011801e-01 4.390704698011448082e-02 4.308437713128543400e-02 3.135165830280121635e-01 1.510608453251783834e+00 3.144364175674434492e-01 7.673983679196104413e-02 1.112922275660669091e-01 1.117109398906820650e-01 1.079000833885534472e-01 9.953003880683077009e-02 8.477171989148987730e-02 6.272346525516718507e-02
6.492542004302931380e-02 1.950473249168769851e-01 2.456144894702962933e-01 4.093946479909525982e-01 4.911329575799061598e-01 3.114826179872746126e-01 1.919024823526503387e-01 8.689290811858901842e-02 3.093826311073995250e-02 1.151553730565050143e-01 6.213209946418394303e-01 8.951936051382635151e-01 9.098798576906758084e-01 8.526207982693839726e-01 4.934094822142173764e-01 2.356267858657398739e-01 1.199832107692765937e-01 8.039231145782269050e-02 6.684576898657379473e-01 8.911057991297748337e-01 8.856641888652621031e-01 4.739637052229605518e-01 7.846939841460934262e-02 4.270752747961710505e-02 1.533826271651100685e-02 1.317925394590599777e-02 1.179400247470182433e-02 4.747895718100497708e-02 1.249647583930481032e+00 9.582025130157947324e-01 1.157644194086502182e-01 1.342570113144486710e-01 1.323215141917653548e-01 1.272785677408016236e-01 1.173861213197869291e-01 1.033353856042292240e-01 8.380782164898026299e-02
2.443248917700748257e-01 2.776846620413382927e-01 1.782009440970204750e-01 1.847220182440930392e-01 3.728225821619518543e-01 4.138412796727915510e-01 2.908865942728690035e-01 1.654218530281108268e-01 1.113411169450587435e-01 1.726431042243429526e-01 1.146009046665692477e+00 6.191173388348124584e-01 3.152514159179307107e-01 1.720413817800380829e-01 8.837682545525289701e-02 3.610059864869329116e-02 4.693483189551746204e-02 4.282719366797962252e-02 3.223994058145207564e-02 2.657591682790431953e-02 1.860907104658126449e-02 2.163069972611354405e-02 1.603987613065735451e-02 2.998171394966240091e-02 4.103889067673164442e-02 4.015993277242569520e-02 4.207915250465029539e-02 5.224168500363308987e-02 7.516523096206538801e-01 9.022069771178691244e-01 1.442389351964785960e-01 1.525307351708559134e-01 1.493035830924922813e-01 1.435721561857445372e-01 1.327952206686401626e-01 1.198350024194226038e-01 1.046193455161909258e-01
1.478738374389296506e-01 7.329942594462508787e-02 4.285560405130014322e-02 4.377663609641019304e-02 2.692910285553367644e-01 4.231766544528571261e-01 5.379467149056048614e-01 5.138751451015012295e-01 4.738370421266112631e-01 5.934447750901650220e-01 9.557965178604534984e-01 6.321445334837760832e-02 3.717848782171384592e-02 3.154435907788889076e-02 3.608496667773434391e-02 4.107089630821486592e-02 2.435814319403424577e-02 1.998333729029719286e-02 1.428066455650115613e-02 3.367586709795064581e-02 2.862800529984660391e-02 4.120153264156959511e-02 4.884247149879273470e-02 6.496560620210183046e-02 7.643609459167796660e-02 8.406139546456195544e-02 8.296554710660358767e-02 9.017402834880459961e-02 8.002222863916252926e-01 8.657768483630847722e-01 1.645953228865695284e-01 1.677865809635122329e-01 1.634347718547138339e-01 1.566912201927871395e-01 1.468326469972826009e-01 1.339770639880444036e-01 1.200225060015940315e-01
1.935971414684870551e-01 2.089389128686055253e-01 2.189489472357331046e-01 2.193450610540268464e-01 2.364123757728637254e-01 4.013882949709984271e-01 4.608404062909006171e-01 4.907458204514660305e-01 4.796735588595135713e-01 6.608906720173581828e-01 5.424444762422264699e-01 6.968604449656948252e-02 6.616589684788089926e-03 7.837068688214607684e-03 1.278287132067399551e-02 1.143976550311383636e-02 2.964104690000460632e-02 3.757125227904904718e-02 4.714349621310721938e-02 6.497998234870247525e-02 7.106308337288054500e-02 7.586748922986391586e-02 8.582716399662633500e-02 9.661730519617482693e-02 1.046665650734908415e-01 1.102285800720318037e-01 1.115142730195750886e-01 1.153691667609203358e-01 8.206528105962040964e-01 8.550744605598461501e-01 2.556296027682833372e-01 1.848546734071750963e-01 1.752970381291556468e-01 1.676815418464116525e-01 1.582873415944112683e-01 1.468357268607886623e-01 1.328981358685448755e-01
2.273480731437362845e-01 2.113521878218609096e-01 2.187288963905942019e-01 2.250686208211552242e-01 3.199323372266411059e-01 3.128338741275217827e-01 2.490620373819478761e-01 4.602278069934051530e-01 3.189652254073804816e-01 4.961523076446191505e-01 2.949579904100912975e-01 2.199665640794506716e-01 1.234401778082741125e-01 6.466623087673052661e-02 3.887635731402624972e-02 4.268334058463565950e-02 3.045521559246257975e-02 5.555880076458977884e-02 7.788791672518828590e-02 9.552348872736746155e-02 1.010450715033912594e-01 1.053963247639513739e-01 1.110398970835635712e-01 1.186749012090207167e-01 1.278693177311304163e-01 1.314210912240464380e-01 1.340420503030831101e-01 1.368360099082521208e-01 8.480777041471011524e-01 8.557264742655500411e-01 1.953070845517604071e-01 1.261571373050404954e-01 1.927237622045641641e-01 1.774295786684665643e-01 1.680593693086284146e-01 1.574081017183264763e-01 1.450641254115613288e-01
2.234531410964489817e-01 1.709231314993034934e-01 1.903626985450745934e-01 3.241930371231679375e-01 3.688497441396695886e-01 2.226247854756207012e-01 2.360541187327980239e-01 4.215106303250550912e-01 4.166308991663030259e-01 3.938349402522728360e-01 2.407034159007447882e-01 2.922092727474838725e-01 2.265797084284036089e-01 1.055469745120352631e-01 8.062372867943745636e-02 6.873832763395334999e-02 6.927200840238131874e-02 8.514661176555671229e-02 1.016289877993171442e-01 1.145729149281003445e-01 1.224122572519305840e-01 1.276445624645344001e-01 1.321940497704211237e-01 1.518787210244742503e-01 1.591205993799686413e-01 1.387271644125460113e-01 1.500331646220340598e-01 9.039447975399270141e-02 1.144916680397660702e+00 8.567826977493011587e-01 4.534193696849013744e-01 2.838306804553445972e-01 1.941526065863098394e-01 1.898207520627713807e-01 1.770875538385223158e-01 1.667642550374157095e-01 1.555606300920883700e-01
1.393192236004089923e-01 1.170332115527416839e-01 1.829092573841606117e-01 2.118562085133489925e-01 1.398240368283347190e-01 7.147766612165562528e-02 6.295261640463216402e-02 1.324896130364835445e-01 1.235213153765376548e-01 8.908277689123093868e-02 1.737061022400307742e-01 2.188037635397907521e-01 2.790723116304256735e-01 2.145475431779874931e-01 1.796453569512179160e-01 1.199257753007019478e-01 6.082513046564414633e-02 9.521680914115057681e-02 1.114423703633223295e-01 1.266642401083863667e-01 1.378902182217373040e-01 1.453644796990522237e-01 1.512057781245087495e-01 1.070332494914593424e-01 7.903102975484653514e-02 1.081363341479577717e-01 1.318805672670990692e-01 7.305590330769694274e-02 1.958559899958452144e+00 1.016222420847632257e+00 7.475840358402454644e-01 6.725820263675027499e-01 3.626054270649966549e-01 1.902951782412974358e-01 1.851360520453946834e-01 1.751607116900101291e-01 1.638629270934018611e-01
8.176875291124036105e-02 8.147330311413394921e-02 7.737352363429608748e-02 6.220626936019421627e-02 4.438418937204777898e-02 1.931533299421982555e-02 1.336739512811313708e-02 2.022448843661568338e-02 2.315012015258712322e-02 2.559870154254775820e-02 8.680620916706138779e-02 1.695282165790255036e-01 2.439810103074809278e-01 3.359230272768275460e-01 3.605818293542146225e-01 4.145618794534741691e-01 4.539244776517874502e-01 3.802954459454942482e-01 2.485788973640475907e-01 1.643433441452516186e-01 1.606599478075677601e-01 1.625723934394301684e-01 2.373217130852801893e-01 2.282796515339915733e-01 1.579579735420582609e-01 1.210353315464792884e-01 1.267607674017620090e-01 1.049943907083092376e-01 2.094216014822167349e+00 2.225257913579015978e-01 3.839920553967202110e-01 6.950479661922781549e-01 1.019779469494622504e+00 1.023683387149570745e+00 8.851800215869288779e-01 7.451375907379321761e-01 6.209421392205813905e-01
4.898733091691040431e-02 4.392020794253498339e-02 3.229820213412093466e-02 2.712625050119485404e-02 3.681534723853505109e-02 4.065073804031483357e-02 4.339763866989469754e-02 5.222725858848720204e-02 6.003396171809805698e-02 6.644319762186058631e-02 4.379464062797876200e-02 5.084323536682178180e-02 6.671645915815954675e-02 1.676390131516878601e-01 1.535679615452427982e-01 8.405945293107573713e-02 1.489645281234634744e-01 3.008045726206302062e-01 2.953175216477252896e-01 2.691847595983868358e-01 1.973096621225977898e-01 1.119511968324369694e-01 1.723076583449666410e-01 1.992741598324940799e-01 1.876710386653965557e-01 1.562138062210521039e-01 1.399503855888126758e-01 1.061647538121319290e+00 2.083803237638844230e+00 2.651727134005755770e-01 3.088253125600713411e-01 3.419017943080803756e-01 3.197291032754944751e-01 1.648583351924831908e-01 1.518700505082948293e-01 1.370478517657888751e-01 1.143101338628827179e-01
