landscape_use_case/output/max_discharge.asc
ncols 223
nrows 158
xllcorner 0.0
yllcorner 0.0
cellsize 30.0
[rows 85 to 101 of 158, columns 74 to 110 of 223]
2.068468504998737245e-01 2.054332210535110281e-01 2.047265246557273821e-01 2.011400117682145827e-01 2.021649373699503094e-01 2.060588883404899374e-01 2.111689665275496286e-01 2.168277471970417314e-01 1.503547943032323975e-01 1.007998287253481229e-01 2.184167908291347326e-01 2.392447196934640030e-01 2.178435703387001654e-01 1.944546215054386851e-01 1.489012390934757180e-01 1.892519572996558819e-01 2.186250788483146690e-01 2.369560044281956990e-01 2.712692206109759141e-01 2.507204984769673684e-01 2.394384224435966713e-01 2.173988471875329676e-01 1.098366928445495549e-01 8.399199503796850319e-02 7.754897555970736989e-02 1.715187526501333326e-01 1.526140026201644462e-01 2.343633743827776283e-01 1.701083082421864789e-01 2.156474727515485523e-01 1.603047050618834068e-01 3.213834946353754662e-01 3.366081771512466903e-01 3.030020763561509511e-01 2.629507450245285871e-01 2.230737074447506907e-01 1.929051032061963322e-01
6.725677917082307777e-01 5.916395848822635362e-01 3.718602421432387062e-01 2.897817197489995777e-01 2.513141336280151350e-01 2.292385438314939461e-01 2.264044265224488539e-01 2.277864982631996327e-01 1.889484649830461827e-01 1.611820848028803210e-01 1.821020554168350791e-01 2.149934034572137942e-01 2.219683054274262379e-01 2.102779264017576588e-01 1.834767263252680969e-01 2.045738092617250259e-01 3.018106414055931608e-01 4.548225990312452227e-01 5.876193668087432709e-01 7.267524683403963071e-01 7.164358565874592299e-01 4.936807932047804770e-01 2.968141981053714629e-01 1.932303621992063070e-01 1.523032614424477682e-01 1.662417119098643092e-01 1.767255364408274743e-01 2.276958183554411153e-01 2.209285533656228373e-01 2.499171332850017857e-01 2.225102252143034420e-01 2.935881043648620459e-01 3.164625030321054355e-01 3.174937163656909589e-01 3.086282776267587624e-01 2.589252581461963798e-01 1.784022677964965942e-01
2.156598290744235202e-01 4.479195622701701573e-01 5.187168182871615407e-01 4.759227354485529027e-01 4.101942462441410253e-01 2.829189971324416186e-01 2.701818725314910630e-01 2.597196396208269475e-01 2.388762125663148050e-01 2.021577689407418887e-01 2.070866269389241288e-01 2.148931539397392343e-01 2.220104793738438553e-01 2.246353658399290187e-01 1.746732464675672669e-01 1.142836740425296205e-01 8.743741617621349216e-02 7.637077159486356515e-02 7.640181038091427290e-02 1.947248738511457578e-01 5.258646889663775026e-01 6.758515004595410103e-01 4.919561285501943271e-01 3.469511855460571392e-01 2.729021600060191899e-01 2.396654095013794894e-01 2.490449870551904588e-01 2.511210113597678317e-01 2.695094126345176089e-01 2.692126027770153640e-01 2.838977178615175734e-01 3.009704449316470409e-01 3.258498588956884046e-01 2.867483866660106018e-01 3.292194671012787510e-01 3.108789710149306718e-01 1.921208845710062341e-01
4.333635179981064622e-01 2.788443721918162366e-01 3.921115284452454386e-01 4.998270086852348859e-01 6.664648507920600817e-01 8.368617383455690950e-01 9.306749718868989607e-01 6.139170368307352854e-01 4.612447832559270489e-01 4.763195837071513283e-01 4.504740112060240387e-01 5.253742535992266260e-01 3.829806413900865847e-01 3.208168404544436969e-01 2.699583336718783810e-01 1.793761100350438342e-01 1.051059035772506783e-01 6.330698413128954538e-02 8.444304260081983426e-02 1.683221927882074531e-01 2.297121763642425984e-01 4.740166495761958254e-01 6.650876785924053625e-01 7.679172884636435992e-01 5.464590007789145165e-01 3.811956028853727974e-01 3.409553176867253788e-01 2.783934329095780758e-01 2.951468787865859644e-01 2.495453637695842497e-01 2.816945930492849581e-01 3.042132525404463994e-01 2.880639097887361388e-01 2.594938133016030379e-01 3.021585579732846139e-01 3.780404371240782546e-01 3.491240972210091220e-01
1.031500583285281269e+00 9.114815891463527997e-01 6.140856030102512797e-01 3.986657168593134570e-01 6.265263472507893727e-01 5.042698192267222046e-01 7.720159553691559040e-01 1.061057550049769427e+00 1.095084131600381205e+00 8.171578137146415788e-01 8.519857665159153992e-01 9.597268423827862716e-01 1.112590587527622743e+00 1.297914741518842563e+00 1.409316021190226476e+00 1.114033476756841834e+00 6.031877044068811866e-01 4.021802943520114137e-01 2.909825552430924112e-01 3.169959549626969464e-01 4.591050466923477513e-01 4.363411074802956424e-01 4.414740945369627911e-01 7.872859179149171993e-01 1.030816370505562629e+00 1.070610994524938686e+00 1.267834211448859438e+00 1.418711679119389668e+00 8.401437889204430576e-01 7.205524154745160947e-01 1.325359788303392738e+00 1.658152683167395613e+00 1.710952973603725891e+00 9.031132831043587883e-01 5.447467322666534884e-01 4.969419085855781848e-01 4.706630953234987036e-01
4.201441658727219641e-01 8.146729575457615224e-01 1.052867950453251433e+00 9.545450500986141229e-01 8.194384949680192376e-01 3.768321540955857363e-01 2.385784932495490784e-01 1.436366616282608866e-01 6.089459524350031572e-01 3.846530204273505005e-01 1.919139487993709592e-01 1.165271283528469398e-01 8.659050561007387847e-02 6.741833817558949560e-02 3.749289333066322394e-01 9.213966963601291082e-01 1.215550483948104388e+00 1.340050024124847861e+00 6.694996570760723964e-01 4.184231018081073783e-01 2.862623235226087748e-01 1.898270193936836547e-01 1.077517175153338141e-01 1.026490508436437576e-01 3.278962366943881102e-01 3.215012484740802923e-01 2.024625042913900663e-01 8.337875525025212342e-01 1.241096458777033007e+00 1.245456581378773686e+00 1.049275362551243873e+00 5.263688913772157640e-01 1.147079316385096304e+00 1.016806737296803487e+00 8.010469865147626933e-01 6.498151469198097940e-01 5.606396922270591165e-01
7.212424561398922407e-02 9.782436697455891561e-02 2.583181835104776947e-01 3.923152672548775310e-01 7.012793082316871596e-01 5.897630937835153242e-01 4.004030373478478788e-01 2.872692969233202054e-01 6.379852222141120244e-01 5.862215005353363928e-01 3.566888560166827649e-01 1.970240294036190443e-01 1.233246407492271796e-01 6.734184561335285202e-02 4.506349247302394306e-02 3.173499925437746338e-02 2.448950112651257505e-02 6.720796162668813967e-01 7.183317013767600567e-01 4.358371589128464674e-01 3.276434655948521346e-01 3.414340069924693966e-01 3.182251249531879433e-01 2.433105076509815279e-01 1.342509980133455572e-01 3.725815183859275403e-02 3.949061236192574764e-02 5.976190955106631952e-02 7.446112906762621109e-02 6.710376922665861610e-02 4.282424137575865930e-02 2.972697042345855134e-02 5.745284501946696931e-01 8.043910233882668459e-01 7.822870525234433270e-01 7.487732806052750378e-01 7.060159474771001697e-01
3.597769715141773544e-02 2.328508458557234165e-02 1.683628249336025298e-02 1.346291039109855092e-02 2.755592214063318779e-01 5.701951787321077880e-01 6.653445351905282745e-01 7.081555309950409161e-01 9.192715697459139523e-01 1.069379575337859656e+00 7.315055999462586334e-01 4.904294432460072906e-01 3.719861119402602112e-01 2.124803366070629473e-01 1.362198667507916738e-01 1.098186690875662952e-01 1.166240119967395933e-01 4.432385820693930945e-01 6.761840264924439126e-01 7.424340168388277039e-01 6.245236377243343906e-01 5.376182963009056293e-01 4.338245683600838731e-01 3.110512324291838104e-01 2.175485308705462362e-01 6.080132535788402431e-02 4.495760776764036459e-02 4.766048769375447886e-02 4.968357651562058108e-02 3.179604349391313561e-02 1.987336197840065127e-02 3.874320176149997907e-02 3.219727699961652534e-01 6.298122216439195897e-01 1.015206120173242077e+00 8.863471048010997944e-01 5.548223658214822551e-01
3.092152039367524613e-02 4.403032749996774881e-02 3.832683989108321559e-02 4.383068877821928028e-02 3.275733486649613085e-02 6.262503983590664292e-02 7.108275675021519246e-02 4.657513043098868155e-02 1.540939329832298199e-01 5.971535206604907664e-01 7.531719156309706342e-01 6.694583375209524068e-01 5.671219236442102130e-01 4.482919782792945673e-01 2.633985834476756382e-01 2.992428356153636893e-01 3.144267461594582036e-01 3.847837945477803334e-01 4.219424720437632836e-01 4.717658690987190928e-01 3.594289711231626883e-01 4.134021721089905510e-01 4.871606665275948767e-01 5.169044852603977835e-01 4.473562837527315095e-01 2.937747718261077834e-01 1.678768799783067478e-01 1.133364620253568822e-01 6.825787340101319156e-02 4.782479300088234714e-02 4.563138602815186573e-02 6.448912668716492991e-02 1.213117031008155988e-01 1.689956692538716054e-01 6.440124738201951082e-01 1.038432077804085640e+00 7.966893005602785349e-01
6.407677362980029878e-02 7.398128996660799372e-02 8.081278915547893127e-02 8.288467094632429033e-02 6.796647413200949950e-02 7.098433996682486369e-02 5.722675800865444778e-02 5.083058598488798818e-02 8.070141212524883922e-02 2.929315172522169441e-01 5.756166978612924368e-01 6.727487975446547752e-01 7.984939531195535123e-01 9.342992068813942286e-01 6.193530679129386485e-01 4.180589597320008011e-01 1.106888219205137552e-01 8.228556394528864504e-02 5.353606781050591901e-02 1.910743902448845677e-01 3.723106187843401305e-01 3.611852267809845252e-01 4.561874380927544159e-01 6.771413714024878683e-01 6.569520434755541372e-01 5.194058854671155245e-01 3.088490462626167221e-01 1.845951144445156511e-01 1.126727199929996315e-01 6.950957738560981092e-02 7.968748309188375401e-02 9.535399768044100499e-02 1.047493762610460927e-01 1.173251361405659166e-01 7.511721691721132133e-02 5.097284147761205197e-01 9.057364940600112213e-01
9.506485124537585041e-02 1.031785577092467071e-01 1.088660850052370760e-01 1.113321765505908417e-01 1.036774097430522151e-01 1.012686377860047976e-01 9.478505194331560135e-02 8.944452993685553244e-02 9.453091516642213310e-02 1.298436937417994097e-01 2.788018603324805555e-01 3.900987451356998648e-01 3.712494510363671396e-01 6.868453126828797384e-01 9.648644691460432909e-01 7.075956998604868708e-01 4.310242671807156256e-01 2.370230287754673260e-01 1.363001617637225604e-01 1.443100180802909804e-01 2.319572642614058100e-01 2.490539872684127132e-01 2.163582152206509623e-01 3.978339890673177059e-01 5.776148325146879259e-01 5.733006700426075408e-01 4.592337587278281230e-01 3.378241898673282617e-01 2.341468955646889283e-01 1.568241934864684772e-01 1.160221045093066394e-01 7.557750983495981068e-02 4.282203703227421832e-02 2.822835337422946803e-02 3.553617720881614706e-02 7.865153673141339619e-02 4.635311794030791965e-01
1.189456975342846334e-01 1.249814540352669756e-01 1.301621395685576832e-01 1.335144879557628173e-01 1.304699747780095065e-01 1.771475088581730972e-01 2.090937026441135049e-01 2.215713869660581592e-01 1.489915137084507346e-01 1.415298306329364209e-01 1.483142095937108884e-01 1.430413113637482858e-01 1.109886274244310106e-01 1.258399003606876787e-01 4.178687714446129853e-01 6.902353205365912014e-01 5.898830907611228858e-01 4.271857020189673282e-01 2.415891020313527815e-01 1.764628134316507946e-01 1.097860429399147297e-01 1.257109999093918851e-01 2.086763166215754861e-01 3.448130405295820600e-01 4.839829020162338957e-01 5.518276576457589178e-01 5.140648517339717616e-01 4.323587994681922786e-01 3.382122995109852481e-01 2.571855972038581406e-01 1.859784241865890531e-01 1.121441818857758788e-01 7.356187292638098618e-02 4.450029075007818496e-02 4.595123825763615388e-02 6.297422517347724125e-02 3.039357398457695481e-01
1.420272859793898501e-01 1.444628503860035940e-01 1.584956527799411263e-01 1.536562605326112496e-01 9.812239558258770145e-02 7.824812888527997445e-02 1.075569682211810485e-01 2.631451999364309291e-01 3.449326544636468483e-01 2.425791814428718274e-01 2.021602119388180574e-01 1.489626304015659319e-01 1.000211409210501612e-01 1.026341265540160197e-01 3.595306168216533260e-01 5.944670363546606939e-01 6.010424627566680611e-01 5.278378995183169442e-01 4.094121749002462840e-01 3.089664138528850912e-01 2.118495432621624874e-01 1.822440859319565676e-01 1.296423794345271108e-01 2.848117737389965209e-01 4.379076162431129182e-01 5.033186809464529343e-01 5.277097708515781083e-01 4.862729653398931151e-01 4.214136150961201865e-01 3.631236967632953672e-01 3.126992547710284454e-01 2.223016722910920451e-01 1.447107235475366405e-01 9.130444515870886346e-02 8.335873036352900445e-02 8.931065977508938214e-02 1.835891506328180822e-01
1.906405829054018675e-01 8.075250697583354065e-02 1.055517777691777764e-01 1.371836230965222114e-01 1.184531448619734473e-01 7.075084825271260591e-02 7.573712759304492004e-02 8.587781555387492827e-02 2.382305574100726242e-01 3.782551076782512678e-01 4.915549190538803792e-01 4.528706571210627252e-01 2.840736677921407716e-01 1.967779754205496723e-01 1.797618310596654778e-01 4.420682975355989530e-01 5.825655464685054463e-01 5.702825969063627376e-01 4.977039358597712404e-01 4.077717146913600876e-01 3.241459605660874099e-01 2.573204736491475075e-01 1.431789318837364267e-01 1.803642699380071379e-01 3.397852993512487929e-01 4.334185903138589868e-01 4.824684587514521672e-01 5.450694504199389279e-01 7.552087775177740436e-01 8.471539958159628458e-01 9.671184008880678862e-01 1.057367852717504997e+00 1.098555303106360181e+00 1.079066607001878397e+00 6.140906798106332554e-01 4.146919718392765297e-01 4.125092162146233310e-01
3.132101777386229191e-01 9.410626065491176084e-02 6.180627321387428819e-02 9.868274713171880375e-02 1.140250326167447092e-01 9.782435002890602083e-02 5.284523218298495251e-02 2.885868888676634131e-02 1.564474599009492081e-02 2.917820239749017996e-02 1.214925524449297356e-01 3.427199068161972395e-01 4.437377705061986699e-01 2.938427813903956576e-01 2.695804390461870037e-01 2.139897348468225990e-01 4.106707855292145437e-01 4.927358333881673991e-01 5.013745318508570081e-01 4.737617049261504953e-01 4.582722202631035469e-01 3.679045260115398897e-01 2.015342268807802928e-01 2.364546059397150957e-01 2.913525616562530618e-01 3.607560057241450124e-01 3.638535650008746791e-01 5.550964482658344856e-01 5.494395669084856104e-01 3.749874047114185593e-01 2.803319052565775293e-01 2.013418551520591293e-01 1.577036551351300719e-01 7.030766705388341586e-01 6.123399150729960105e-01 6.738519623669463332e-01 5.530192821502973866e-01
4.100088489157794891e-01 1.580427421963120915e-01 1.201958736219043145e-01 6.676914729852755082e-02 9.534959022657465977e-02 1.069454271416531432e-01 8.510339237588454564e-02 6.057423260454630753e-02 4.611584440222186998e-02 3.492386667015788537e-02 2.584528108980095260e-02 8.013490358456101803e-02 2.717066763695928366e-01 2.927162591714157491e-01 2.683546509769189625e-01 2.584354180508197096e-01 2.949290153910993362e-01 3.950433611754675667e-01 4.567521495927392428e-01 3.546062210990832408e-01 4.218196024976437752e-01 4.010739490479100500e-01 2.382561548439886545e-01 3.366957305468580852e-01 3.564343864137529128e-01 3.183391092333208161e-01 2.378154246853264042e-01 1.811662610844245735e-01 7.406871943680502779e-02 8.080350807087606502e-02 6.192327697361678374e-02 5.258402889566472088e-02 6.547868892234964822e-02 2.720730131565328724e-01 3.774704835176158069e-01 4.566498426279284595e-01 4.804209817371031255e-01
4.967747685905145594e-01 3.335559638619483014e-01 2.559767006687046487e-01 1.741538326004602732e-01 5.411209940330778678e-02 8.390636186902732108e-02 9.242654236672473433e-02 8.983344883379870693e-02 8.664228359607831220e-02 7.049852615889451446e-02 6.656768161661648364e-02 7.280052728684041630e-02 1.753896825915526869e-01 2.457190788693525973e-01 2.666748799655933033e-01 2.675803280843671028e-01 2.567639983372214108e-01 3.089278636613742024e-01 3.895706406692464596e-01 3.884214221638828679e-01 4.046281869878574633e-01 4.013248619115170612e-01 2.501294649263246517e-01 2.603887769555645604e-01 2.640772729025802068e-01 2.446113623399218673e-01 2.187627930405801613e-01 1.324945871927916685e-01 3.976890159648906187e-02 2.009175119088119771e-02 2.006007801765841841e-02 2.971891668139911569e-02 5.689401766216152512e-02 2.052606213958836356e-01 3.005784752954027694e-01 4.328218495248769004e-01 3.951664465437112472e-01
